# transform file /out/sourcedata/freesurfer/sub-v1s12x0050120_ses-1/mri/transforms/cc_up.lta
# created by oesteban on Sun Mar  8 14:12:20 2026

type      = 0 # LINEAR_VOX_TO_VOX
nxforms   = 1
mean      = 130.0000 129.0000 110.0000
sigma     = 10000.0000
1 4 4
9.975081682205200e-01 6.908584386110306e-02 1.430365163832903e-02 -1.081786537170410e+01 
-6.907874345779419e-02 9.976106882095337e-01 -9.905465412884951e-04 2.634748268127441e+01 
-1.433790940791368e-02 0.000000000000000e+00 9.998972415924072e-01 2.687451362609863e+01 
0.000000000000000e+00 0.000000000000000e+00 0.000000000000000e+00 1.000000000000000e+00 
src volume info
valid = 1  # volume info valid
filename = /out/sourcedata/freesurfer/sub-v1s12x0050120_ses-1/mri/norm.mgz
volume = 256 256 256
voxelsize = 1.000000000000000e+00 1.000000000000000e+00 1.000000000000000e+00
xras   = -1.000000119209290e+00 0.000000000000000e+00 0.000000000000000e+00
yras   = 0.000000000000000e+00 0.000000000000000e+00 -1.000000119209290e+00
zras   = 0.000000000000000e+00 1.000000000000000e+00 0.000000000000000e+00
cras   = -4.634780883789062e-01 1.552784729003906e+01 -2.417649841308594e+01
dst volume info
valid = 1  # volume info valid
filename = /out/sourcedata/freesurfer/sub-v1s12x0050120_ses-1/mri/norm.mgz
volume = 256 256 256
voxelsize = 1.000000000000000e+00 1.000000000000000e+00 1.000000000000000e+00
xras   = -1.000000119209290e+00 0.000000000000000e+00 0.000000000000000e+00
yras   = 0.000000000000000e+00 0.000000000000000e+00 -1.000000119209290e+00
zras   = 0.000000000000000e+00 1.000000000000000e+00 0.000000000000000e+00
cras   = -4.634780883789062e-01 1.552784729003906e+01 -2.417649841308594e+01
