# transform file /out/sourcedata/freesurfer/sub-v1s12x0050112_ses-1/mri/transforms/cc_up.lta
# created by oesteban on Sun Mar  8 13:53:37 2026

type      = 0 # LINEAR_VOX_TO_VOX
nxforms   = 1
mean      = 130.0000 133.0000 98.0000
sigma     = 10000.0000
1 4 4
9.974144101142883e-01 7.123129814863205e-02 9.517743252217770e-03 -1.098456573486328e+01 
-7.122805714607239e-02 9.974598288536072e-01 -6.796877714805305e-04 2.463749122619629e+01 
-9.541980922222137e-03 0.000000000000000e+00 9.999544620513916e-01 3.424829483032227e+01 
0.000000000000000e+00 0.000000000000000e+00 0.000000000000000e+00 1.000000000000000e+00 
src volume info
valid = 1  # volume info valid
filename = /out/sourcedata/freesurfer/sub-v1s12x0050112_ses-1/mri/norm.mgz
volume = 256 256 256
voxelsize = 1.000000000000000e+00 1.000000000000000e+00 1.000000000000000e+00
xras   = -1.000000000000000e+00 0.000000000000000e+00 0.000000000000000e+00
yras   = 0.000000000000000e+00 0.000000000000000e+00 -1.000000000000000e+00
zras   = 0.000000000000000e+00 1.000000000000000e+00 0.000000000000000e+00
cras   = 1.726394653320312e+00 1.407505798339844e+01 3.405570983886719e+00
dst volume info
valid = 1  # volume info valid
filename = /out/sourcedata/freesurfer/sub-v1s12x0050112_ses-1/mri/norm.mgz
volume = 256 256 256
voxelsize = 1.000000000000000e+00 1.000000000000000e+00 1.000000000000000e+00
xras   = -1.000000000000000e+00 0.000000000000000e+00 0.000000000000000e+00
yras   = 0.000000000000000e+00 0.000000000000000e+00 -1.000000000000000e+00
zras   = 0.000000000000000e+00 1.000000000000000e+00 0.000000000000000e+00
cras   = 1.726394653320312e+00 1.407505798339844e+01 3.405570983886719e+00
