# transform file /out/sourcedata/freesurfer/sub-v1s12x0050128_ses-1/mri/transforms/cc_up.lta
# created by oesteban on Sun Mar  8 14:04:31 2026

type      = 0 # LINEAR_VOX_TO_VOX
nxforms   = 1
mean      = 131.0000 130.0000 118.0000
sigma     = 10000.0000
1 4 4
9.960660338401794e-01 4.864848405122757e-02 7.406751066446304e-02 -1.470400047302246e+01 
-4.851454496383667e-02 9.988160729408264e-01 -3.607543883845210e-03 2.787243461608887e+01 
-7.415530830621719e-02 2.328306714094452e-10 9.972468018531799e-01 2.700450515747070e+01 
0.000000000000000e+00 0.000000000000000e+00 0.000000000000000e+00 1.000000000000000e+00 
src volume info
valid = 1  # volume info valid
filename = /out/sourcedata/freesurfer/sub-v1s12x0050128_ses-1/mri/norm.mgz
volume = 256 256 256
voxelsize = 1.000000000000000e+00 1.000000000000000e+00 1.000000000000000e+00
xras   = -1.000000000000000e+00 0.000000000000000e+00 0.000000000000000e+00
yras   = 0.000000000000000e+00 0.000000000000000e+00 -1.000000000000000e+00
zras   = 0.000000000000000e+00 1.000000000000000e+00 0.000000000000000e+00
cras   = -5.564102172851562e+00 9.999923706054688e-01 2.234170532226562e+01
dst volume info
valid = 1  # volume info valid
filename = /out/sourcedata/freesurfer/sub-v1s12x0050128_ses-1/mri/norm.mgz
volume = 256 256 256
voxelsize = 1.000000000000000e+00 1.000000000000000e+00 1.000000000000000e+00
xras   = -1.000000000000000e+00 0.000000000000000e+00 0.000000000000000e+00
yras   = 0.000000000000000e+00 0.000000000000000e+00 -1.000000000000000e+00
zras   = 0.000000000000000e+00 1.000000000000000e+00 0.000000000000000e+00
cras   = -5.564102172851562e+00 9.999923706054688e-01 2.234170532226562e+01
