#Insight Transform File V1.0
#Transform 0
Transform: AffineTransform_float_3_3
Parameters: 1 0.000119052 0.000660151 -0.000119765 1 0.000539921 -0.000660022 -0.000540078 0.999999 0.00732332 -0.0391842 -0.101715
FixedParameters: 0 0 0

#Transform 1
Transform: AffineTransform_float_3_3
Parameters: 1 0.000467995 -3.82264e-05 -0.000467013 1 0.000485018 3.83543e-05 -0.000484982 1 -0.0013169 0.091778 0.0911438
FixedParameters: 0 0 0

#Transform 2
Transform: AffineTransform_float_3_3
Parameters: 1 0.000112079 -0.000294629 -0.000112335 1 -0.000433967 0.000294531 0.000434033 1 0.0163677 -0.0192109 0.150108
FixedParameters: 0 0 0

#Transform 3
Transform: AffineTransform_float_3_3
Parameters: 1 -9.50947e-05 -0.000275024 9.43859e-05 0.999999 -0.00128803 0.000275268 0.00128797 0.999999 0.0190989 -0.0765893 0.130119
FixedParameters: 0 0 0

#Transform 4
Transform: AffineTransform_float_3_3
Parameters: 1 -0.000120685 -0.000348706 0.00012053 0.999998 -0.00157704 0.000348761 0.00157696 0.999998 0.0346052 -0.0209738 0.0133348
FixedParameters: 0 0 0

#Transform 5
Transform: AffineTransform_float_3_3
Parameters: 1 -2.21412e-05 -0.000308724 2.25358e-05 0.999999 -0.00141801 0.000309408 0.00141799 0.999999 0.0157834 -0.0243032 0.0866061
FixedParameters: 0 0 0

#Transform 6
Transform: AffineTransform_float_3_3
Parameters: 1 0.000523487 -0.000303732 -0.000522986 0.999999 -0.00126884 0.000303024 0.00126916 0.999999 -0.00428347 -0.0319832 0.0633942
FixedParameters: 0 0 0

#Transform 7
Transform: AffineTransform_float_3_3
Parameters: 1 0.00039021 -0.00110589 -0.000392505 0.999998 -0.00218746 0.00110542 0.00218754 0.999997 0.00791549 0.00846566 -0.0485102
FixedParameters: 0 0 0

#Transform 8
Transform: AffineTransform_float_3_3
Parameters: 0.999999 0.0011093 -0.000648529 -0.0011119 0.999992 -0.00400159 0.000644042 0.00400241 0.999992 -0.0280514 0.0606909 -0.23123
FixedParameters: 0 0 0

#Transform 9
Transform: AffineTransform_float_3_3
Parameters: 1 0.0002676 -0.000593235 -0.000268435 0.999999 -0.00177584 0.000592903 0.00177616 0.999998 -0.014748 -0.0442402 -0.0285204
FixedParameters: 0 0 0

#Transform 10
Transform: AffineTransform_float_3_3
Parameters: 1 0.000334321 -0.000400499 -0.000335492 0.999998 -0.00186787 0.000400193 0.00186813 0.999998 -0.0118641 0.028604 -0.0981362
FixedParameters: 0 0 0

#Transform 11
Transform: AffineTransform_float_3_3
Parameters: 0.999999 0.000206148 -0.000769151 -0.000208776 0.999996 -0.00253573 0.000768718 0.00253526 0.999996 -0.0242342 0.0174787 -0.08517
FixedParameters: 0 0 0

#Transform 12
Transform: AffineTransform_float_3_3
Parameters: 1 0.000255932 -0.000626395 -0.000257313 0.999997 -0.00211784 0.000625928 0.00211816 0.999997 -0.0273142 -0.0206875 -0.0522149
FixedParameters: 0 0 0

#Transform 13
Transform: AffineTransform_float_3_3
Parameters: 1 0.000274894 -0.000571614 -0.000276117 0.999998 -0.00218284 0.000571031 0.00218316 0.999998 -0.0111058 0.00926008 -0.105967
FixedParameters: 0 0 0

#Transform 14
Transform: AffineTransform_float_3_3
Parameters: 1 0.000357732 -0.00111544 -0.000359958 0.999999 -0.00171349 0.00111578 0.00171351 0.999998 -0.0134229 -0.0333409 -0.0903174
FixedParameters: 0 0 0

#Transform 15
Transform: AffineTransform_float_3_3
Parameters: 1 0.000324106 -0.00043054 -0.000325195 0.999999 -0.00126486 0.000429719 0.00126514 0.999999 -0.0316991 -0.0199109 0.0117228
FixedParameters: 0 0 0

#Transform 16
Transform: AffineTransform_float_3_3
Parameters: 1 0.000676009 -0.000980631 -0.000678739 0.999998 -0.00220734 0.000979205 0.00220866 0.999997 -0.0193261 0.0240412 -0.0734221
FixedParameters: 0 0 0

#Transform 17
Transform: AffineTransform_float_3_3
Parameters: 0.999999 0.000161004 -0.000902156 -0.00016211 0.999999 -0.00131685 0.00090235 0.00131715 0.999998 -0.0175942 -0.0126782 0.0518899
FixedParameters: 0 0 0

#Transform 18
Transform: AffineTransform_float_3_3
Parameters: 1 0.000386883 -0.000561194 -0.000388237 0.999999 -0.00120678 0.000560258 0.00120722 0.999999 -0.00630504 0.00737099 -0.0100111
FixedParameters: 0 0 0

#Transform 19
Transform: AffineTransform_float_3_3
Parameters: 0.999999 0.00067229 -0.00126691 -0.000674596 0.999998 -0.00191404 0.00126557 0.00191496 0.999997 0.0361196 0.0189218 -0.11302
FixedParameters: 0 0 0

#Transform 20
Transform: AffineTransform_float_3_3
Parameters: 1 0.000136162 -0.000973086 -0.000138117 0.999998 -0.00165745 0.000973251 0.00165755 0.999999 0.0351091 -0.0233923 0.0630559
FixedParameters: 0 0 0

#Transform 21
Transform: AffineTransform_float_3_3
Parameters: 0.999999 0.000619806 -0.000783054 -0.00062119 0.999998 -0.00190441 0.000782256 0.00190459 0.999998 0.0247423 0.0114861 -0.0799385
FixedParameters: 0 0 0

#Transform 22
Transform: AffineTransform_float_3_3
Parameters: 0.999999 0.000353095 -0.000785209 -0.000353409 0.999999 -0.000802616 0.000784316 0.000802382 0.999999 0.0202734 0.0226768 0.117589
FixedParameters: 0 0 0

#Transform 23
Transform: AffineTransform_float_3_3
Parameters: 0.999998 -0.00166816 -0.0012466 0.00168124 0.99994 0.010828 0.00122881 -0.01083 0.99994 0.0506043 -0.156536 0.70574
FixedParameters: 0 0 0

#Transform 24
Transform: AffineTransform_float_3_3
Parameters: 0.999998 -0.00104091 -0.00137201 0.00104926 0.999983 0.00580177 0.00136565 -0.00580323 0.999982 0.0584567 -0.0272095 0.467783
FixedParameters: 0 0 0

#Transform 25
Transform: AffineTransform_float_3_3
Parameters: 0.999999 -0.000326256 -0.000992849 0.000327706 0.999998 0.00168298 0.0009924 -0.00168302 0.999998 0.035305 -0.000514206 0.269658
FixedParameters: 0 0 0

#Transform 26
Transform: AffineTransform_float_3_3
Parameters: 0.999999 -0.000308588 -0.000797022 0.000309886 0.999998 0.00200075 0.000796436 -0.00200125 0.999997 0.0449331 0.0322739 0.19877
FixedParameters: 0 0 0

#Transform 27
Transform: AffineTransform_float_3_3
Parameters: 1 -0.000433079 -0.00103452 0.000435479 0.999998 0.00207486 0.00103337 -0.00207514 0.999998 0.0387727 0.0147169 0.252141
FixedParameters: 0 0 0

#Transform 28
Transform: AffineTransform_float_3_3
Parameters: 0.999999 -0.000225459 -0.00078749 0.000225856 1 0.000251822 0.000787376 -0.000252178 0.999999 0.0369154 0.0257521 0.111344
FixedParameters: 0 0 0

#Transform 29
Transform: AffineTransform_float_3_3
Parameters: 0.999999 -4.08559e-05 -0.000953697 4.05717e-05 1 -0.000149039 0.000953709 0.000148961 0.999999 0.0195446 0.0231603 0.154222
FixedParameters: 0 0 0

#Transform 30
Transform: AffineTransform_float_3_3
Parameters: 1 -0.000144015 -0.000954825 0.000145524 0.999999 0.00177997 0.00095496 -0.00178103 0.999998 0.0153985 0.007767 0.287659
FixedParameters: 0 0 0

#Transform 31
Transform: AffineTransform_float_3_3
Parameters: 0.999999 -0.000154833 -0.00128004 0.000156615 1 0.00106491 0.00128004 -0.00106609 0.999999 -0.0157997 -0.00137996 0.520163
FixedParameters: 0 0 0

#Transform 32
Transform: AffineTransform_float_3_3
Parameters: 1 0.000452074 -0.000950948 -0.000451966 1 5.74298e-05 0.000950999 -5.65701e-05 0.999999 -0.0468091 0.0069695 0.15832
FixedParameters: 0 0 0

#Transform 33
Transform: AffineTransform_float_3_3
Parameters: 1 -0.000287183 -0.00101486 0.000285947 1 -0.00107529 0.00101515 0.00107471 0.999999 0.00696799 0.0433071 0.0106611
FixedParameters: 0 0 0

#Transform 34
Transform: AffineTransform_float_3_3
Parameters: 1 -0.000252375 -0.00104695 0.000251813 1 -0.000719956 0.00104699 0.000720044 0.999999 0.00446135 0.00596466 0.11941
FixedParameters: 0 0 0

#Transform 35
Transform: AffineTransform_float_3_3
Parameters: 0.999999 -0.000189933 -0.000863376 0.000187934 0.999998 -0.00170485 0.000863695 0.00170514 0.999998 0.0348262 0.0694981 0.0309207
FixedParameters: 0 0 0

#Transform 36
Transform: AffineTransform_float_3_3
Parameters: 1 -0.000446956 -0.000879351 0.000446386 1 -0.000324085 0.00087964 0.000323915 1 0.0162173 0.0438047 0.168992
FixedParameters: 0 0 0

#Transform 37
Transform: AffineTransform_float_3_3
Parameters: 1 -0.000410707 -0.000501158 0.000409396 0.999998 -0.00192621 0.000501466 0.00192579 0.999998 0.0320741 0.0991351 0.13967
FixedParameters: 0 0 0

#Transform 38
Transform: AffineTransform_float_3_3
Parameters: 0.999999 -0.000316368 -0.000744511 0.000315942 0.999999 -0.000920928 0.000744767 0.000921072 0.999999 -0.00473467 0.0631127 0.177639
FixedParameters: 0 0 0

#Transform 39
Transform: AffineTransform_float_3_3
Parameters: 1 -0.000259712 -0.000619111 0.000258809 0.999999 -0.00149216 0.000619559 0.00149184 0.999998 0.0317909 0.066144 0.0488416
FixedParameters: 0 0 0

#Transform 40
Transform: AffineTransform_float_3_3
Parameters: 1 -6.21843e-05 -0.000495846 6.14444e-05 0.999999 -0.00074603 0.000495938 0.000745969 0.999999 0.00744767 0.0601722 0.182831
FixedParameters: 0 0 0

#Transform 41
Transform: AffineTransform_float_3_3
Parameters: 1 -8.13408e-05 -0.000552624 8.13562e-05 1 1.3955e-05 0.000552622 -1.4045e-05 1 0.0119456 0.0322136 0.13138
FixedParameters: 0 0 0

#Transform 42
Transform: AffineTransform_float_3_3
Parameters: 1 2.98188e-05 -0.000229279 -3.01728e-05 0.999999 -0.000771993 0.000229233 0.000772006 0.999999 0.0130878 0.0997239 0.189152
FixedParameters: 0 0 0

#Transform 43
Transform: AffineTransform_float_3_3
Parameters: 1 0.000169177 0.000175582 -0.000169501 0.999999 0.000922969 -0.00017527 -0.000923029 0.999999 -0.0176534 0.0163227 0.228245
FixedParameters: 0 0 0

#Transform 44
Transform: AffineTransform_float_3_3
Parameters: 1 -2.71412e-05 -0.00039471 2.6816e-05 1 -0.000412011 0.000394733 0.000411989 1 0.0245503 0.0567233 0.114305
FixedParameters: 0 0 0

#Transform 45
Transform: AffineTransform_float_3_3
Parameters: 1 1.33141e-05 -0.000535533 -1.34394e-05 1 -0.000116993 0.00053553 0.000117007 1 0.012703 0.0314058 0.205719
FixedParameters: 0 0 0

#Transform 46
Transform: AffineTransform_float_3_3
Parameters: 1 -0.000232254 -0.000281791 0.000232487 1 0.000412934 0.000281599 -0.000413065 1 0.0296057 0.031309 0.139896
FixedParameters: 0 0 0

#Transform 47
Transform: AffineTransform_float_3_3
Parameters: 1 -3.50882e-05 -0.000417389 3.44963e-05 0.999999 -0.000709014 0.000417438 0.000708985 0.999999 0.0312656 0.0895609 0.157588
FixedParameters: 0 0 0

#Transform 48
Transform: AffineTransform_float_3_3
Parameters: 0.999999 -0.000133065 -0.00070297 0.000133163 1 6.99064e-05 0.000702951 -7.00935e-05 1 0.0407251 0.0174135 0.174192
FixedParameters: 0 0 0

#Transform 49
Transform: AffineTransform_float_3_3
Parameters: 0.999999 -0.00015366 -0.000760499 0.000153233 0.999999 -0.000901809 0.00076045 0.000902191 1 0.0517121 0.0682674 0.147147
FixedParameters: 0 0 0

#Transform 50
Transform: AffineTransform_float_3_3
Parameters: 0.999999 -0.000154817 -0.000765321 0.000154385 1 -0.000282118 0.000765408 0.000281881 0.999999 0.0195549 0.0498811 0.183487
FixedParameters: 0 0 0

#Transform 51
Transform: AffineTransform_float_3_3
Parameters: 0.999999 -0.00016392 -0.000790785 0.000163808 0.999999 -0.000668716 0.000790678 0.000668285 1 0.0332566 0.05259 0.0803951
FixedParameters: 0 0 0

#Transform 52
Transform: AffineTransform_float_3_3
Parameters: 1 -0.000102415 -0.000613098 0.000101954 1 -0.000376062 0.000613175 0.000375937 0.999999 0.0144632 0.046146 0.201652
FixedParameters: 0 0 0

#Transform 53
Transform: AffineTransform_float_3_3
Parameters: 1 -8.36385e-05 -0.000558246 8.29652e-05 1 -0.000603046 0.000558346 0.000602953 0.999999 0.0281282 0.0739004 0.0911564
FixedParameters: 0 0 0

#Transform 54
Transform: AffineTransform_float_3_3
Parameters: 0.999999 -0.000189025 -0.000864591 0.000188546 1 -0.000277163 0.000864696 0.000276837 0.999999 0.0143206 0.0345414 0.211205
FixedParameters: 0 0 0

#Transform 55
Transform: AffineTransform_float_3_3
Parameters: 0.999999 6.05722e-05 -0.000841861 -6.19696e-05 0.999999 -0.00082964 0.00084176 0.000830359 0.999999 0.0306978 0.0775364 0.0729853
FixedParameters: 0 0 0

#Transform 56
Transform: AffineTransform_float_3_3
Parameters: 1 -0.000209878 -0.000924081 0.000209661 1 -0.000628886 0.000924019 0.000629114 1 0.0361122 0.0490761 0.159668
FixedParameters: 0 0 0

#Transform 57
Transform: AffineTransform_float_3_3
Parameters: 1 3.31253e-05 -0.00021982 -3.33776e-05 1 -0.000573992 0.000219782 0.000574007 1 0.0617115 0.0362805 0.125908
FixedParameters: 0 0 0

#Transform 58
Transform: AffineTransform_float_3_3
Parameters: 1 -2.63573e-05 -0.000391861 2.56465e-05 0.999999 -0.000907009 0.000391908 0.000906989 0.999999 0.102834 0.0535024 0.0985464
FixedParameters: 0 0 0

#Transform 59
Transform: AffineTransform_float_3_3
Parameters: 0.999999 -0.000162339 -0.000790098 0.000162848 0.999999 0.000921179 0.000790124 -0.000920821 0.999999 0.0292005 0.00823295 0.205321
FixedParameters: 0 0 0

#Transform 60
Transform: AffineTransform_float_3_3
Parameters: 1 -5.28676e-05 -0.000468417 5.18782e-05 1 -0.00105603 0.000468527 0.00105598 1 0.0588307 0.0772173 0.0749611
FixedParameters: 0 0 0

#Transform 61
Transform: AffineTransform_float_3_3
Parameters: 0.999999 -0.000270326 -0.000750898 0.000270082 1 -0.000162203 0.000750986 0.000161797 0.999999 0.0708525 0.0290706 0.147643
FixedParameters: 0 0 0

#Transform 62
Transform: AffineTransform_float_3_3
Parameters: 0.999999 -0.000334401 -0.00076478 0.000334043 1 -0.000234255 0.000764936 0.000233744 0.999999 0.0676595 0.020913 0.066704
FixedParameters: 0 0 0

#Transform 63
Transform: AffineTransform_float_3_3
Parameters: 1 -0.000300131 -0.000979691 0.000298555 0.999999 -0.000803985 0.000980172 0.000804014 0.999999 0.0751025 0.057862 0.136129
FixedParameters: 0 0 0

#Transform 64
Transform: AffineTransform_float_3_3
Parameters: 1 -7.92474e-05 -0.000546971 7.95427e-05 1 0.000269956 0.000546928 -0.000270043 1 0.00900375 0.0114789 0.164195
FixedParameters: 0 0 0

#Transform 65
Transform: AffineTransform_float_3_3
Parameters: 1 7.69062e-05 -0.000561834 -7.77242e-05 0.999999 -0.000727956 0.000561721 0.000728043 0.999999 0.0282283 0.0659216 0.0100071
FixedParameters: 0 0 0

#Transform 66
Transform: AffineTransform_float_3_3
Parameters: 0.999999 -0.000200992 -0.000901629 0.000201029 1 0.000545127 0.000901736 -0.000544874 1 0.0042179 0.0295137 0.205595
FixedParameters: 0 0 0

#Transform 67
Transform: AffineTransform_float_3_3
Parameters: 0.999999 -0.000134339 -0.000707764 0.000135144 1 0.000568904 0.000707611 -0.000569095 0.999999 0.0441899 0.0350021 0.0918188
FixedParameters: 0 0 0

#Transform 68
Transform: AffineTransform_float_3_3
Parameters: 1 -9.35585e-05 -0.000587581 9.323e-05 1 -0.000279949 0.000587633 0.000279051 1 0.0583253 0.0689821 0.149885
FixedParameters: 0 0 0

#Transform 69
Transform: AffineTransform_float_3_3
Parameters: 1 -8.55752e-05 -0.000564916 8.55865e-05 1 9.95165e-06 0.000564914 -1.00483e-05 1 0.0433438 0.0442251 0.118188
FixedParameters: 0 0 0

#Transform 70
Transform: AffineTransform_float_3_3
Parameters: 0.999999 -0.000227383 -0.000975152 0.000227643 1 -0.000517915 0.000976008 0.000518086 1 0.0668474 0.0598575 0.0801346
FixedParameters: 0 0 0

#Transform 71
Transform: AffineTransform_float_3_3
Parameters: 0.999999 -0.000356398 -0.000856632 0.000356234 1 -9.63052e-05 0.000856701 9.56947e-05 0.999999 0.0259104 0.0377617 0.192777
FixedParameters: 0 0 0

#Transform 72
Transform: AffineTransform_float_3_3
Parameters: 0.999999 -3.45187e-05 -0.000738074 3.38012e-05 1 -0.000486025 0.000738107 0.000485974 0.999999 0.0705691 0.0673698 0.0226843
FixedParameters: 0 0 0

#Transform 73
Transform: AffineTransform_float_3_3
Parameters: 0.999999 -0.000175191 -0.000961287 0.000175499 1 0.000330139 0.000960226 -0.000329861 1 0.0412114 0.0406138 0.177643
FixedParameters: 0 0 0

#Transform 74
Transform: AffineTransform_float_3_3
Parameters: 1 8.20041e-06 -0.000228092 -8.17259e-06 1 6.10019e-05 0.000228093 -6.09981e-05 1 0.0335317 0.0627347 0.127548
FixedParameters: 0 0 0

#Transform 75
Transform: AffineTransform_float_3_3
Parameters: 1 -0.000244963 -0.000577683 0.000243962 0.999999 -0.000865833 0.000578107 0.000866166 1 0.0620451 0.070984 0.0426476
FixedParameters: 0 0 0

#Transform 76
Transform: AffineTransform_float_3_3
Parameters: 0.999999 -0.000187011 -0.000996315 0.000188097 1 0.000545121 0.000996111 -0.000544879 1 0.0195996 0.0270088 0.179223
FixedParameters: 0 0 0

#Transform 77
Transform: AffineTransform_float_3_3
Parameters: 1 2.52107e-05 -0.000377855 -2.55254e-05 1 -0.000416884 0.000377834 0.000416115 1 0.0337964 0.0756495 0.0619652
FixedParameters: 0 0 0

#Transform 78
Transform: AffineTransform_float_3_3
Parameters: 1 -7.16527e-05 -0.000659609 7.165e-05 1 -2.04726e-06 0.000659609 1.95274e-06 1 0.00585047 0.0640642 0.180937
FixedParameters: 0 0 0

#Transform 79
Transform: AffineTransform_float_3_3
Parameters: 1 1.22541e-06 -0.000448758 -6.75236e-07 1 0.000613 0.000448759 -0.000612999 0.999999 0.0221787 0.0383364 0.1447
FixedParameters: 0 0 0

#Transform 80
Transform: AffineTransform_float_3_3
Parameters: 1 4.01053e-05 -0.000335286 -3.99317e-05 1 0.000259013 0.000335306 -0.000258987 1 0.043883 0.079619 0.12581
FixedParameters: 0 0 0

#Transform 81
Transform: AffineTransform_float_3_3
Parameters: 1 -0.000169038 0.000228261 0.000168631 0.999999 0.000890038 -0.000228562 -0.000889961 0.999999 0.034006 0.0330813 0.219264
FixedParameters: 0 0 0

#Transform 82
Transform: AffineTransform_float_3_3
Parameters: 1 -3.415e-05 0.000239079 3.41959e-05 1 0.000586008 -0.000238173 -0.000585992 1 0.0366998 0.0413365 0.082224
FixedParameters: 0 0 0

#Transform 83
Transform: AffineTransform_float_3_3
Parameters: 1 -0.000259138 -0.000221839 0.0002585 0.999999 0.000692942 0.000221806 -0.000693057 0.999999 0.0413618 0.0460585 0.182022
FixedParameters: 0 0 0

#Transform 84
Transform: AffineTransform_float_3_3
Parameters: 1 -2.50928e-05 9.95106e-05 2.51344e-05 0.999999 0.001433 -9.8637e-05 -0.001433 0.999999 0.0227555 0.0291687 0.195372
FixedParameters: 0 0 0

#Transform 85
Transform: AffineTransform_float_3_3
Parameters: 1 -0.000143479 -0.000337707 0.000143059 0.999999 0.000777951 0.000337809 -0.000778048 0.999999 0.0553214 0.0487831 0.119739
FixedParameters: 0 0 0

#Transform 86
Transform: AffineTransform_float_3_3
Parameters: 1 -0.000139945 -0.000457335 0.000140096 1 0.00119894 0.000457325 -0.00119906 0.999999 0.0317963 0.0288801 0.187761
FixedParameters: 0 0 0

#Transform 87
Transform: AffineTransform_float_3_3
Parameters: 1 0.000257266 -0.00065338 -0.00025734 1 -5.58319e-05 0.000653351 5.61681e-05 1 0.0296067 0.0685518 0.0601234
FixedParameters: 0 0 0

#Transform 88
Transform: AffineTransform_float_3_3
Parameters: 1 -0.000281423 -0.000509245 0.000281727 0.999999 0.00122686 0.00050888 -0.00122714 0.999999 0.0102988 0.0199615 0.220281
FixedParameters: 0 0 0

#Transform 89
Transform: AffineTransform_float_3_3
Parameters: 1 -5.56568e-05 -0.000177548 5.59993e-05 0.999999 0.000964989 0.00017744 -0.000965009 0.999999 0.0200731 0.050984 0.0553332
FixedParameters: 0 0 0

#Transform 90
Transform: AffineTransform_float_3_3
Parameters: 1 -0.00036273 -0.000108124 0.000362959 1 0.00105996 0.000107354 -0.00106004 1 0.02244 0.0308194 0.206283
FixedParameters: 0 0 0

#Transform 91
Transform: AffineTransform_float_3_3
Parameters: 1 -8.13721e-05 -0.000190926 8.17786e-05 1 0.00106499 0.000190752 -0.00106502 1 0.0461131 0.0480307 0.0945463
FixedParameters: 0 0 0

#Transform 92
Transform: AffineTransform_float_3_3
Parameters: 1 -2.34983e-05 -0.000209761 2.36481e-05 1 0.000356995 0.000209745 -0.000357005 1 0.016256 0.0701098 0.177123
FixedParameters: 0 0 0

#Transform 93
Transform: AffineTransform_float_3_3
Parameters: 1 -3.26847e-05 -0.000449725 3.27963e-05 1 0.00117499 0.000449974 -0.00117502 0.999999 0.02912 0.0351535 0.125923
FixedParameters: 0 0 0

#Transform 94
Transform: AffineTransform_float_3_3
Parameters: 1 -3.57595e-05 -0.000507884 3.59285e-05 1 0.00109698 0.000508131 -0.00109702 1 0.0461549 0.0448542 0.148569
FixedParameters: 0 0 0

#Transform 95
Transform: AffineTransform_float_3_3
Parameters: 1 -8.90463e-05 -0.000489653 8.9485e-05 1 0.000447956 0.000489573 -0.000448044 1 0.0185598 0.0364484 0.182692
FixedParameters: 0 0 0

#Transform 96
Transform: AffineTransform_float_3_3
Parameters: 1 3.89147e-05 -0.000357099 -3.87947e-05 1 0.000168014 0.000357112 -0.000167986 1 0.0568924 0.0543921 0.0429145
FixedParameters: 0 0 0

#Transform 97
Transform: AffineTransform_float_3_3
Parameters: 1 -0.000124991 -0.000586162 0.000125336 0.999999 0.00110123 0.000586212 -0.00110077 0.999999 0.0523823 0.0380227 0.174118
FixedParameters: 0 0 0

#Transform 98
Transform: AffineTransform_float_3_3
Parameters: 1 -5.9656e-05 -0.000229044 5.99734e-05 1 0.000692986 0.000228961 -0.000693013 0.999999 0.0673069 0.0489904 0.0791372
FixedParameters: 0 0 0

#Transform 99
Transform: AffineTransform_float_3_3
Parameters: 1 4.48737e-05 -0.000241709 -4.45986e-05 1 0.000569011 0.00024176 -0.000568989 1 0.092529 0.0436282 0.0948526
FixedParameters: 0 0 0

#Transform 100
Transform: AffineTransform_float_3_3
Parameters: 0.999999 -0.000941844 0.00109917 0.000940237 0.999998 0.00188583 -0.00110147 -0.00188517 0.999998 0.0777894 0.00904226 0.172349
FixedParameters: 0 0 0

#Transform 101
Transform: AffineTransform_float_3_3
Parameters: 1 -0.000361322 0.000440536 0.000361141 1 0.000205159 -0.000440685 -0.000204841 1 0.0750633 0.0727322 0.0346284
FixedParameters: 0 0 0

#Transform 102
Transform: AffineTransform_float_3_3
Parameters: 1 -0.000533689 -0.000310614 0.000533425 1 0.00109884 0.000309767 -0.00109917 1 0.057731 0.0115981 0.154169
FixedParameters: 0 0 0

#Transform 103
Transform: AffineTransform_float_3_3
Parameters: 1 -0.000435305 -0.000239771 0.000434974 0.999999 0.0012849 0.000238978 -0.0012851 0.999999 0.065025 0.0391017 0.0295938
FixedParameters: 0 0 0

#Transform 104
Transform: AffineTransform_float_3_3
Parameters: 1 -0.000208468 -0.000422173 0.000208129 0.999999 0.000718912 0.000422199 -0.000719088 0.999999 0.0788674 0.035855 0.101106
FixedParameters: 0 0 0

#Transform 105
Transform: AffineTransform_float_3_3
Parameters: 1 -0.000456966 -0.000226068 0.000457008 0.999999 0.0014649 0.000226 -0.0014651 0.999999 0.0548083 0.00337011 0.145213
FixedParameters: 0 0 0

#Transform 106
Transform: AffineTransform_float_3_3
Parameters: 1 -0.000274558 -0.000251458 0.000274023 0.999999 0.000816931 0.000251335 -0.000817068 0.999999 0.0819907 0.0623474 0.0451851
FixedParameters: 0 0 0

#Transform 107
Transform: AffineTransform_float_3_3
Parameters: 0.999999 -0.000868918 -0.00018239 0.000869883 0.999998 0.00176384 0.000180268 -0.00176416 0.999999 0.0641031 0.015421 0.223231
FixedParameters: 0 0 0

#Transform 108
Transform: AffineTransform_float_3_3
Parameters: 1 -0.000282857 -0.000121758 0.000283084 0.999999 0.000936965 0.000121228 -0.000937033 0.999999 0.0926029 0.0581071 0.0167278
FixedParameters: 0 0 0

#Transform 109
Transform: AffineTransform_float_3_3
Parameters: 1 -0.000533675 -0.000151602 0.000533777 0.999997 0.00239192 0.000150319 -0.00239208 0.999997 0.108219 0.0489923 0.221579
FixedParameters: 0 0 0

#Transform 110
Transform: AffineTransform_float_3_3
Parameters: 1 -0.00046122 9.77159e-05 0.000460898 0.999998 0.00163804 -9.92264e-05 -0.00163795 0.999998 0.0999063 0.0631758 0.100047
FixedParameters: 0 0 0

#Transform 111
Transform: AffineTransform_float_3_3
Parameters: 1 -0.0003858 -0.000466166 0.000386806 0.999999 0.00174382 0.000466089 -0.00174418 0.999999 0.0659834 0.0504891 0.183248
FixedParameters: 0 0 0

#Transform 112
Transform: AffineTransform_float_3_3
Parameters: 1 -0.000364383 0.000269477 0.000363338 0.999998 0.0019341 -0.000270885 -0.0019339 0.999998 0.0712003 0.0490804 0.169249
FixedParameters: 0 0 0

#Transform 113
Transform: AffineTransform_float_3_3
Parameters: 1 -0.000323516 0.000361158 0.000323345 0.999998 0.00199512 -0.000361829 -0.00199488 0.999998 0.105851 0.0691885 0.174179
FixedParameters: 0 0 0

#Transform 114
Transform: AffineTransform_float_3_3
Parameters: 1 -0.000362835 0.000380204 0.000361759 0.999994 0.00351014 -0.000381182 -0.00350986 0.999994 0.0555893 0.0274101 0.249549
FixedParameters: 0 0 0

#Transform 115
Transform: AffineTransform_float_3_3
Parameters: 1 -0.000215754 0.000293453 0.000215172 0.999996 0.00259606 -0.000294898 -0.00259593 0.999996 0.0943122 0.060771 0.082929
FixedParameters: 0 0 0

#Transform 116
Transform: AffineTransform_float_3_3
Parameters: 1 -0.000593482 0.000109231 0.000593417 0.999994 0.00324906 -0.000111196 -0.00324893 0.999994 0.0590449 0.0451131 0.313261
FixedParameters: 0 0 0

#Transform 117
Transform: AffineTransform_float_3_3
Parameters: 1 -0.000373615 0.000354486 0.000372993 0.999995 0.00312613 -0.000355255 -0.00312587 0.999995 0.0816683 0.0521851 0.119843
FixedParameters: 0 0 0

#Transform 118
Transform: AffineTransform_float_3_3
Parameters: 1 -0.000509666 0.000181578 0.000509152 0.999997 0.00230309 -0.000182979 -0.00230291 0.999998 0.0625337 0.0732084 0.262989
FixedParameters: 0 0 0

#Transform 119
Transform: AffineTransform_float_3_3
Parameters: 0.999999 -0.000513362 0.000554586 0.000512017 0.999997 0.00264898 -0.000555736 -0.00264902 0.999996 0.0641916 0.0578688 0.175581
FixedParameters: 0 0 0

#Transform 120
Transform: AffineTransform_float_3_3
Parameters: 1 -0.000499475 0.000205267 0.00049863 0.999996 0.0028381 -0.000207154 -0.0028379 0.999996 0.103018 0.0780402 0.242944
FixedParameters: 0 0 0

#Transform 121
Transform: AffineTransform_float_3_3
Parameters: 1 -0.00047742 0.000487031 0.000475919 0.999995 0.00317623 -0.000488493 -0.00317577 0.999995 0.0815532 0.0463381 0.264516
FixedParameters: 0 0 0

#Transform 122
Transform: AffineTransform_float_3_3
Parameters: 1 -0.000628242 -2.63044e-05 0.000627744 0.999997 0.00240198 2.45586e-05 -0.00240202 0.999997 0.108687 0.0727949 0.10292
FixedParameters: 0 0 0

#Transform 123
Transform: AffineTransform_float_3_3
Parameters: 1 -0.000520286 0.000373722 0.000518461 0.999995 0.00330589 -0.000375265 -0.00330611 0.999994 0.100527 0.0289909 0.254629
FixedParameters: 0 0 0

#Transform 124
Transform: AffineTransform_float_3_3
Parameters: 1 -0.000461733 4.02932e-05 0.00046089 0.999996 0.00272902 -4.154e-05 -0.00272898 0.999997 0.111112 0.0502734 0.111674
FixedParameters: 0 0 0

#Transform 125
Transform: AffineTransform_float_3_3
Parameters: 1 -0.000637808 0.000100089 0.000637818 0.999995 0.00316706 -0.000102238 -0.00316693 0.999995 0.106739 0.0351137 0.271961
FixedParameters: 0 0 0

#Transform 126
Transform: AffineTransform_float_3_3
Parameters: 0.999999 -0.000658288 0.000343775 0.000656805 0.999995 0.00309423 -0.000345953 -0.00309377 0.999995 0.120667 0.0392277 0.20657
FixedParameters: 0 0 0

#Transform 127
Transform: AffineTransform_float_3_3
Parameters: 1 -0.000585787 0.000209327 0.000585229 0.999995 0.00287912 -0.000210808 -0.00287888 0.999996 0.144433 0.0794658 0.189894
FixedParameters: 0 0 0

#Transform 128
Transform: AffineTransform_float_3_3
Parameters: 1 -0.00100587 0.000346919 0.00100424 0.99999 0.00419235 -0.000351563 -0.00419165 0.999991 0.155899 0.0123359 0.26965
FixedParameters: 0 0 0

#Transform 129
Transform: AffineTransform_float_3_3
Parameters: 1 -0.000538945 -5.59543e-05 0.00053896 0.999996 0.00278497 5.5169e-05 -0.00278503 0.999996 0.187494 0.0568694 0.106576
FixedParameters: 0 0 0

#Transform 130
Transform: AffineTransform_float_3_3
Parameters: 0.999999 -0.000936639 -0.000128479 0.000937366 0.999986 0.00523078 0.00012311 -0.00523022 0.999986 0.171656 -0.0337047 0.30413
FixedParameters: 0 0 0

#Transform 131
Transform: AffineTransform_float_3_3
Parameters: 1 -0.000497764 0.000173115 0.000497512 0.999997 0.00260478 -0.000173817 -0.00260522 0.999996 0.183013 0.0726441 0.0667542
FixedParameters: 0 0 0

#Transform 132
Transform: AffineTransform_float_3_3
Parameters: 1 -0.000343393 -0.000428143 0.000344653 0.999994 0.00330305 0.000427467 -0.00330195 0.999994 0.17063 0.0364657 0.106634
FixedParameters: 0 0 0

#Transform 133
Transform: AffineTransform_float_3_3
Parameters: 1 -0.00107423 0.000232634 0.00107253 0.99999 0.00437425 -0.000237917 -0.00437375 0.999991 0.225191 -0.0184978 0.349652
FixedParameters: 0 0 0

#Transform 134
Transform: AffineTransform_float_3_3
Parameters: 0.999999 -0.00134938 -8.89992e-05 0.00135017 0.999981 0.00598058 8.13938e-05 -0.00598143 0.999982 0.204614 0.0126519 0.351501
FixedParameters: 0 0 0

#Transform 135
Transform: AffineTransform_float_3_3
Parameters: 0.999998 -0.00162976 0.00120867 0.00162418 0.999991 0.00402346 -0.00121579 -0.00402154 0.999991 0.29859 0.0586902 0.199314
FixedParameters: 0 0 0

#Transform 136
Transform: AffineTransform_float_3_3
Parameters: 0.999998 -0.00226252 0.000439512 0.00225983 0.999984 0.00527209 -0.000451357 -0.00527192 0.999986 0.319018 -0.021027 0.326402
FixedParameters: 0 0 0

#Transform 137
Transform: AffineTransform_float_3_3
Parameters: 0.999998 -0.00200375 -0.000167094 0.00200495 0.999972 0.00724127 0.000153255 -0.00724174 0.999974 0.283674 -0.0308936 0.364654
FixedParameters: 0 0 0

#Transform 138
Transform: AffineTransform_float_3_3
Parameters: 0.999999 -0.00176363 0.000268568 0.00176181 0.999978 0.00640486 -0.000280097 -0.00640513 0.999979 0.276246 -0.0102985 0.398179
FixedParameters: 0 0 0

#Transform 139
Transform: AffineTransform_float_3_3
Parameters: 0.999999 -0.00176636 -0.00015264 0.00176771 0.999978 0.00640433 0.000140763 -0.00640468 0.99998 0.296025 -0.0181407 0.292471
FixedParameters: 0 0 0

#Transform 140
Transform: AffineTransform_float_3_3
Parameters: 0.999998 -0.00156436 -0.000413436 0.00156722 0.999981 0.00609995 0.000403524 -0.00610106 0.999981 0.289932 -0.0264093 0.245023
FixedParameters: 0 0 0

#Transform 141
Transform: AffineTransform_float_3_3
Parameters: 0.999998 -0.00195186 -0.000499768 0.00195526 0.999977 0.00652352 0.000486958 -0.00652449 0.999979 0.269674 -0.0156373 0.374704
FixedParameters: 0 0 0

#Transform 142
Transform: AffineTransform_float_3_3
Parameters: 1 -0.0011611 -0.000118086 0.00116145 0.999985 0.00534545 0.00011232 -0.00534555 0.999985 0.26419 -0.00578249 0.200909
FixedParameters: 0 0 0

#Transform 143
Transform: AffineTransform_float_3_3
Parameters: 0.999998 -0.00162955 -0.000356859 0.00163216 0.999979 0.00626801 0.000346551 -0.00626899 0.99998 0.254531 -0.012027 0.335626
FixedParameters: 0 0 0

#Transform 144
Transform: AffineTransform_float_3_3
Parameters: 0.999999 -0.00155551 -0.000165366 0.00155665 0.999979 0.00618833 0.000155918 -0.00618866 0.99998 0.24534 -0.00553953 0.323466
FixedParameters: 0 0 0

#Transform 145
Transform: AffineTransform_float_3_3
Parameters: 0.999999 -0.00144002 -0.000285007 0.00144174 0.999982 0.00574749 0.000276365 -0.00574751 0.999984 0.266143 0.0196759 0.245079
FixedParameters: 0 0 0

#Transform 146
Transform: AffineTransform_float_3_3
Parameters: 0.999999 -0.00150565 -2.43061e-05 0.00150599 0.999978 0.00647256 1.42993e-05 -0.00647244 0.999979 0.241314 0.00386039 0.392314
FixedParameters: 0 0 0

#Transform 147
Transform: AffineTransform_float_3_3
Parameters: 0.999999 -0.0014384 -0.000264215 0.0014398 0.999983 0.00557752 0.000256082 -0.00557748 0.999985 0.264503 0.0298547 0.216922
FixedParameters: 0 0 0

#Transform 148
Transform: AffineTransform_float_3_3
Parameters: 0.999999 -0.00156578 -0.000146993 0.00156719 0.999976 0.00679836 0.000136451 -0.00679863 0.999977 0.254495 0.00725186 0.384825
FixedParameters: 0 0 0

#Transform 149
Transform: AffineTransform_float_3_3
Parameters: 0.999999 -0.00149891 0.000255812 0.00149773 0.999981 0.00607667 -0.000265186 -0.00607633 0.999981 0.245245 0.0163928 0.339912
FixedParameters: 0 0 0

#Transform 150
Transform: AffineTransform_float_3_3
Parameters: 1 -0.00110848 0.000124711 0.00110808 0.999985 0.00547784 -0.000130855 -0.00547817 0.999985 0.2555 0.0494633 0.266234
FixedParameters: 0 0 0

#Transform 151
Transform: AffineTransform_float_3_3
Parameters: 0.999999 -0.0012745 0.000178979 0.00127269 0.999975 0.00689023 -0.000188314 -0.00688976 0.999976 0.247549 0.0178387 0.396417
FixedParameters: 0 0 0

#Transform 152
Transform: AffineTransform_float_3_3
Parameters: 0.999999 -0.00150486 -4.76273e-05 0.00150474 0.999986 0.00494662 4.0334e-05 -0.00494737 0.999988 0.274356 0.0407824 0.239201
FixedParameters: 0 0 0

#Transform 153
Transform: AffineTransform_float_3_3
Parameters: 0.999999 -0.0015695 -9.37441e-05 0.00156971 0.999982 0.00592145 8.4967e-05 -0.00592156 0.999983 0.244372 0.0278832 0.430521
FixedParameters: 0 0 0

#Transform 154
Transform: AffineTransform_float_3_3
Parameters: 0.999999 -0.001047 0.000681165 0.00104253 0.999984 0.00563052 -0.000686637 -0.00563049 0.999984 0.221983 0.0504865 0.328532
FixedParameters: 0 0 0

#Transform 155
Transform: AffineTransform_float_3_3
Parameters: 0.999999 -0.00139136 0.000318186 0.00139027 0.999982 0.00572903 -0.000326557 -0.00572796 0.999983 0.248029 0.0602114 0.366674
FixedParameters: 0 0 0

#Transform 156
Transform: AffineTransform_float_3_3
Parameters: 1 -0.0010652 0.000584434 0.00106069 0.999976 0.00685331 -0.000591765 -0.00685268 0.999976 0.164837 0.0246046 0.417843
FixedParameters: 0 0 0

#Transform 157
Transform: AffineTransform_float_3_3
Parameters: 0.999999 -0.0012515 3.25585e-05 0.00125149 0.999983 0.00557705 -3.92481e-05 -0.00557696 0.999985 0.225087 0.0836382 0.334549
FixedParameters: 0 0 0

#Transform 158
Transform: AffineTransform_float_3_3
Parameters: 0.999999 -0.00135395 -0.000273352 0.00135554 0.999975 0.00692122 0.00026379 -0.00692178 0.999976 0.167478 0.0496286 0.477949
FixedParameters: 0 0 0

#Transform 159
Transform: AffineTransform_float_3_3
Parameters: 0.999999 -0.000710277 0.000796504 0.00070592 0.999985 0.00552326 -0.000800575 -0.00552274 0.999984 0.170701 0.064379 0.268435
FixedParameters: 0 0 0

#Transform 160
Transform: AffineTransform_float_3_3
Parameters: 1 -0.00115383 2.99465e-05 0.00115315 0.999977 0.00665573 -3.67611e-05 -0.00665627 0.999978 0.148875 0.0794367 0.466601
FixedParameters: 0 0 0

#Transform 161
Transform: AffineTransform_float_3_3
Parameters: 1 -0.000805423 0.000694494 0.000801262 0.999978 0.00665425 -0.000699543 -0.00665375 0.999977 0.13268 0.055791 0.397007
FixedParameters: 0 0 0

#Transform 162
Transform: AffineTransform_float_3_3
Parameters: 0.999999 -0.00124695 0.00044571 0.00124409 0.999979 0.00645126 -0.00045327 -0.00645075 0.999979 0.200105 0.0525036 0.381363
FixedParameters: 0 0 0

#Transform 163
Transform: AffineTransform_float_3_3
Parameters: 0.999999 -0.00173618 0.000177458 0.00173445 0.999976 0.0067349 -0.000189454 -0.0067341 0.999977 0.200302 0.0279562 0.414691
FixedParameters: 0 0 0

#Transform 164
Transform: AffineTransform_float_3_3
Parameters: 0.999998 -0.00149654 0.000531684 0.00149373 0.999985 0.00535819 -0.000539196 -0.00535782 0.999985 0.218419 0.0800459 0.311228
FixedParameters: 0 0 0

#Transform 165
Transform: AffineTransform_float_3_3
Parameters: 0.999998 -0.0019055 3.17572e-05 0.00190544 0.999975 0.00680435 -4.4095e-05 -0.00680465 0.999977 0.204869 0.0257994 0.451768
FixedParameters: 0 0 0

#Transform 166
Transform: AffineTransform_float_3_3
Parameters: 0.999999 -0.00141725 0.000275727 0.00141583 0.999981 0.00608709 -0.000284137 -0.00608692 0.999982 0.208009 0.069932 0.319952
FixedParameters: 0 0 0

#Transform 167
Transform: AffineTransform_float_3_3
Parameters: 0.999999 -0.00172692 4.5142e-06 0.00172658 0.999976 0.00669861 -1.59447e-05 -0.0066984 0.999978 0.206973 0.0569495 0.475748
FixedParameters: 0 0 0

#Transform 168
Transform: AffineTransform_float_3_3
Parameters: 0.999999 -0.00151336 0.000375535 0.00151158 0.999979 0.00619726 -0.000385771 -0.00619673 0.999981 0.214759 0.0625619 0.277527
FixedParameters: 0 0 0

#Transform 169
Transform: AffineTransform_float_3_3
Parameters: 0.999999 -0.00136864 0.000266385 0.00136721 0.999979 0.00630906 -0.000274811 -0.00630894 0.99998 0.172779 0.0868423 0.461202
FixedParameters: 0 0 0

#Transform 170
Transform: AffineTransform_float_3_3
Parameters: 0.999999 -0.00101664 0.000719131 0.00101236 0.999977 0.00672673 -0.000726191 -0.00672527 0.999977 0.124322 0.0860653 0.412729
FixedParameters: 0 0 0

#Transform 171
Transform: AffineTransform_float_3_3
Parameters: 0.999999 -0.00130673 0.000192934 0.00130597 0.999975 0.00693195 -0.00020221 -0.00693205 0.999976 0.146518 0.0538686 0.422027
FixedParameters: 0 0 0

#Transform 172
Transform: AffineTransform_float_3_3
Parameters: 0.999999 -0.00101499 0.000709184 0.00101008 0.999972 0.00748542 -0.000716809 -0.00748459 0.999972 0.109824 0.0785556 0.510557
FixedParameters: 0 0 0

#Transform 173
Transform: AffineTransform_float_3_3
Parameters: 0.999999 -0.00120488 0.000326443 0.00120312 0.99998 0.0061104 -0.000334537 -0.0061096 0.999982 0.192124 0.0458848 0.260387
FixedParameters: 0 0 0

#Transform 174
Transform: AffineTransform_float_3_3
Parameters: 0.999999 -0.00120106 0.000289927 0.00119847 0.99996 0.00885404 -0.000300446 -0.00885395 0.999961 0.136935 0.0664363 0.537742
FixedParameters: 0 0 0

#Transform 175
Transform: AffineTransform_float_3_3
Parameters: 0.999999 -0.00096443 0.000872434 0.000958141 0.999971 0.00760964 -0.000878911 -0.00760936 0.999971 0.123852 0.0895795 0.466197
FixedParameters: 0 0 0

#Transform 176
Transform: AffineTransform_float_3_3
Parameters: 0.999999 -0.00128855 0.000435009 0.00128554 0.999976 0.00676726 -0.000443918 -0.00676674 0.999977 0.170542 0.0695546 0.319349
FixedParameters: 0 0 0

#Transform 177
Transform: AffineTransform_float_3_3
Parameters: 0.999999 -0.00122609 0.000442002 0.00122231 0.999968 0.00786824 -0.000451811 -0.00786776 0.999969 0.13087 0.0507712 0.559739
FixedParameters: 0 0 0

#Transform 178
Transform: AffineTransform_float_3_3
Parameters: 0.999999 -0.00103805 0.00101686 0.00103091 0.999973 0.00724374 -0.00102497 -0.00724225 0.999973 0.143188 0.0775213 0.384126
FixedParameters: 0 0 0

#Transform 179
Transform: AffineTransform_float_3_3
Parameters: 1 -0.001192 0.000235595 0.00119026 0.99997 0.00773598 -0.000245189 -0.00773602 0.99997 0.119443 0.0719828 0.520154
FixedParameters: 0 0 0

#Transform 180
Transform: AffineTransform_float_3_3
Parameters: 0.999999 -0.00104355 0.00094944 0.00103559 0.999963 0.0085321 -0.000958406 -0.0085309 0.999964 0.119823 0.0715313 0.473943
FixedParameters: 0 0 0

#Transform 181
Transform: AffineTransform_float_3_3
Parameters: 0.999999 -0.00120085 0.000372541 0.001198 0.999963 0.00852514 -0.000382591 -0.00852485 0.999963 0.156238 0.0858378 0.484426
FixedParameters: 0 0 0

#Transform 182
Transform: AffineTransform_float_3_3
Parameters: 0.999999 -0.00110563 0.000650264 0.00110022 0.999967 0.00805783 -0.000659233 -0.00805717 0.999968 0.102817 0.0871577 0.509109
FixedParameters: 0 0 0

#Transform 183
Transform: AffineTransform_float_3_3
Parameters: 0.999999 -0.000977525 0.00092948 0.000971099 0.999976 0.00686691 -0.000936597 -0.00686509 0.999976 0.143834 0.0773579 0.374487
FixedParameters: 0 0 0

#Transform 184
Transform: AffineTransform_float_3_3
Parameters: 0.999999 -0.00125999 0.000419534 0.00125684 0.999967 0.00793454 -0.000429102 -0.00793347 0.999969 0.104288 0.096373 0.550558
FixedParameters: 0 0 0

#Transform 185
Transform: AffineTransform_float_3_3
Parameters: 0.999999 -0.00119579 0.000453517 0.00119264 0.999977 0.00665224 -0.000460895 -0.00665176 0.999978 0.115347 0.0611685 0.371747
FixedParameters: 0 0 0

#Transform 186
Transform: AffineTransform_float_3_3
Parameters: 0.999999 -0.00109386 0.000587293 0.00108921 0.999974 0.00720934 -0.000594847 -0.00720866 0.999974 0.109702 0.118295 0.567212
FixedParameters: 0 0 0

#Transform 187
Transform: AffineTransform_float_3_3
Parameters: 1 -0.00101387 0.000612766 0.00100867 0.999965 0.00838532 -0.000620922 -0.00838468 0.999964 0.0895976 0.0831083 0.537941
FixedParameters: 0 0 0

#Transform 188
Transform: AffineTransform_float_3_3
Parameters: 0.999999 -0.00110687 0.000868336 0.00110132 0.999975 0.00703166 -0.000876655 -0.00703035 0.999975 0.122595 0.118426 0.420689
FixedParameters: 0 0 0

#Transform 189
Transform: AffineTransform_float_3_3
Parameters: 0.999999 -0.000911241 0.00122578 0.000902203 0.999969 0.00769332 -0.00123256 -0.00769267 0.99997 0.0944302 0.0925161 0.524775
FixedParameters: 0 0 0

#Transform 190
Transform: AffineTransform_float_3_3
Parameters: 0.999999 -0.00118407 0.000613783 0.0011797 0.999975 0.00693953 -0.000621057 -0.00693947 0.999976 0.134136 0.0745328 0.34321
FixedParameters: 0 0 0

#Transform 191
Transform: AffineTransform_float_3_3
