# transform file /out/sourcedata/freesurfer/sub-v1s12x0050125_ses-1/mri/transforms/cc_up.lta
# created by oesteban on Sun Mar  8 14:10:38 2026

type      = 0 # LINEAR_VOX_TO_VOX
nxforms   = 1
mean      = 132.0000 130.0000 113.0000
sigma     = 10000.0000
1 4 4
9.957238435745239e-01 4.652385041117668e-02 7.981047034263611e-02 -1.680761146545410e+01 
-4.637511819601059e-02 9.989172220230103e-01 -3.717115381732583e-03 2.266947937011719e+01 
-7.989698648452759e-02 2.328306714094452e-10 9.968032240867615e-01 2.892873382568359e+01 
0.000000000000000e+00 0.000000000000000e+00 0.000000000000000e+00 1.000000000000000e+00 
src volume info
valid = 1  # volume info valid
filename = /out/sourcedata/freesurfer/sub-v1s12x0050125_ses-1/mri/norm.mgz
volume = 256 256 256
voxelsize = 1.000000000000000e+00 1.000000000000000e+00 1.000000000000000e+00
xras   = -1.000000000000000e+00 0.000000000000000e+00 0.000000000000000e+00
yras   = 0.000000000000000e+00 0.000000000000000e+00 -1.000000000000000e+00
zras   = 0.000000000000000e+00 1.000000000000000e+00 0.000000000000000e+00
cras   = -7.766136169433594e+00 1.552784729003906e+01 -2.192955780029297e+01
dst volume info
valid = 1  # volume info valid
filename = /out/sourcedata/freesurfer/sub-v1s12x0050125_ses-1/mri/norm.mgz
volume = 256 256 256
voxelsize = 1.000000000000000e+00 1.000000000000000e+00 1.000000000000000e+00
xras   = -1.000000000000000e+00 0.000000000000000e+00 0.000000000000000e+00
yras   = 0.000000000000000e+00 0.000000000000000e+00 -1.000000000000000e+00
zras   = 0.000000000000000e+00 1.000000000000000e+00 0.000000000000000e+00
cras   = -7.766136169433594e+00 1.552784729003906e+01 -2.192955780029297e+01
