# transform file /out/sourcedata/freesurfer/sub-v1s12x0050126_ses-1/mri/transforms/cc_up.lta
# created by oesteban on Sun Mar  8 14:10:15 2026

type      = 0 # LINEAR_VOX_TO_VOX
nxforms   = 1
mean      = 130.0000 131.0000 116.0000
sigma     = 10000.0000
1 4 4
9.967915415763855e-01 3.648696094751358e-02 7.123988121747971e-02 -1.417627906799316e+01 
-3.639413043856621e-02 9.993340373039246e-01 -2.601058920845389e-03 2.211707305908203e+01 
-7.128734886646271e-02 0.000000000000000e+00 9.974557757377625e-01 3.160797309875488e+01 
0.000000000000000e+00 0.000000000000000e+00 0.000000000000000e+00 1.000000000000000e+00 
src volume info
valid = 1  # volume info valid
filename = /out/sourcedata/freesurfer/sub-v1s12x0050126_ses-1/mri/norm.mgz
volume = 256 256 256
voxelsize = 1.000000000000000e+00 1.000000000000000e+00 1.000000000000000e+00
xras   = -9.999999403953552e-01 0.000000000000000e+00 0.000000000000000e+00
yras   = 0.000000000000000e+00 0.000000000000000e+00 -9.999999403953552e-01
zras   = 0.000000000000000e+00 1.000000000000000e+00 0.000000000000000e+00
cras   = -6.285736083984375e+00 1.116948699951172e+01 1.994216918945312e+00
dst volume info
valid = 1  # volume info valid
filename = /out/sourcedata/freesurfer/sub-v1s12x0050126_ses-1/mri/norm.mgz
volume = 256 256 256
voxelsize = 1.000000000000000e+00 1.000000000000000e+00 1.000000000000000e+00
xras   = -9.999999403953552e-01 0.000000000000000e+00 0.000000000000000e+00
yras   = 0.000000000000000e+00 0.000000000000000e+00 -9.999999403953552e-01
zras   = 0.000000000000000e+00 1.000000000000000e+00 0.000000000000000e+00
cras   = -6.285736083984375e+00 1.116948699951172e+01 1.994216918945312e+00
