# transform file /out/sourcedata/freesurfer/sub-v1s12x0050124_ses-1/mri/transforms/cc_up.lta
# created by oesteban on Sun Mar  8 14:25:31 2026

type      = 0 # LINEAR_VOX_TO_VOX
nxforms   = 1
mean      = 133.0000 141.0000 120.0000
sigma     = 10000.0000
1 4 4
9.820364713668823e-01 1.842136830091476e-01 4.086344316601753e-02 -3.199412918090820e+01 
-1.840544193983078e-01 9.828863143920898e-01 -7.658674381673336e-03 3.182722091674805e+01 
-4.157494381070137e-02 -4.656613428188905e-10 9.991354346275330e-01 2.170945739746094e+01 
0.000000000000000e+00 0.000000000000000e+00 0.000000000000000e+00 1.000000000000000e+00 
src volume info
valid = 1  # volume info valid
filename = /out/sourcedata/freesurfer/sub-v1s12x0050124_ses-1/mri/norm.mgz
volume = 256 256 256
voxelsize = 1.000000000000000e+00 1.000000000000000e+00 1.000000000000000e+00
xras   = -1.000000000000000e+00 0.000000000000000e+00 0.000000000000000e+00
yras   = 0.000000000000000e+00 0.000000000000000e+00 -1.000000000000000e+00
zras   = 0.000000000000000e+00 1.000000000000000e+00 0.000000000000000e+00
cras   = -9.212799072265625e+00 -5.537521362304688e+00 -7.411705017089844e+00
dst volume info
valid = 1  # volume info valid
filename = /out/sourcedata/freesurfer/sub-v1s12x0050124_ses-1/mri/norm.mgz
volume = 256 256 256
voxelsize = 1.000000000000000e+00 1.000000000000000e+00 1.000000000000000e+00
xras   = -1.000000000000000e+00 0.000000000000000e+00 0.000000000000000e+00
yras   = 0.000000000000000e+00 0.000000000000000e+00 -1.000000000000000e+00
zras   = 0.000000000000000e+00 1.000000000000000e+00 0.000000000000000e+00
cras   = -9.212799072265625e+00 -5.537521362304688e+00 -7.411705017089844e+00
