#Insight Transform File V1.0
#Transform 0
Transform: AffineTransform_float_3_3
Parameters: 1 -3.45043e-05 -0.000198016 3.53021e-05 0.999998 0.00201499 0.000197876 -0.00201501 0.999998 0.00303371 0.0621634 0.015291
FixedParameters: 0 0 0

#Transform 1
Transform: AffineTransform_float_3_3
Parameters: 1 0.000809681 -0.000689572 -0.000810597 0.999999 -0.00163061 0.000688725 0.00163139 0.999998 -0.0162721 -0.0335723 -0.501137
FixedParameters: 0 0 0

#Transform 2
Transform: AffineTransform_float_3_3
Parameters: 0.999849 -0.00398379 -0.0168788 0.00485743 0.998632 0.0520584 0.0166482 -0.0521326 0.998501 -0.716149 2.34865 2.28768
FixedParameters: 0 0 0

#Transform 3
Transform: AffineTransform_float_3_3
Parameters: 0.999983 -0.00528933 0.00253361 0.00497819 0.993907 0.110106 -0.00310093 -0.110093 0.993916 0.0106339 5.6579 5.41757
FixedParameters: 0 0 0

#Transform 4
Transform: AffineTransform_float_3_3
Parameters: 0.999989 -0.000420986 0.0045461 0.000143746 0.99815 0.0608069 -0.00456335 -0.060805 0.998139 0.162105 2.76805 2.67492
FixedParameters: 0 0 0

#Transform 5
Transform: AffineTransform_float_3_3
Parameters: 0.999996 -0.000918147 0.00272615 0.000794415 0.998977 0.0452148 -0.00276467 -0.0452132 0.998974 0.100963 1.93932 2.49736
FixedParameters: 0 0 0

#Transform 6
Transform: AffineTransform_float_3_3
Parameters: 0.999997 -0.000514792 0.00232855 0.000419371 0.999174 0.0406425 -0.00234769 -0.0406415 0.999171 0.0720294 1.74244 2.41431
FixedParameters: 0 0 0

#Transform 7
Transform: AffineTransform_float_3_3
Parameters: 0.999998 -0.00127027 0.00159577 0.00119973 0.999057 0.043403 -0.00164943 -0.0434009 0.999056 0.0807314 1.87928 2.37018
FixedParameters: 0 0 0

#Transform 8
Transform: AffineTransform_float_3_3
Parameters: 0.999995 -0.000956775 0.00299414 0.000830965 0.999132 0.0416533 -0.00303184 -0.0416507 0.999128 0.141649 1.78227 2.43735
FixedParameters: 0 0 0

#Transform 9
Transform: AffineTransform_float_3_3
Parameters: 0.999999 -0.000672736 -0.00134904 0.000723515 0.999274 0.0380892 0.00132311 -0.0380898 0.999274 -0.0251621 1.64774 2.26488
FixedParameters: 0 0 0

#Transform 10
Transform: AffineTransform_float_3_3
Parameters: 1 -0.000394813 -0.000411246 0.000409828 0.99937 0.035471 0.000397292 -0.03547 0.999371 -0.0015596 1.52665 2.34711
FixedParameters: 0 0 0

#Transform 11
Transform: AffineTransform_float_3_3
Parameters: 0.999999 -1.40368e-05 0.000958703 -1.58954e-05 0.999486 0.032078 -0.000958117 -0.032078 0.999485 0.0287206 1.40496 2.15366
FixedParameters: 0 0 0

#Transform 12
Transform: AffineTransform_float_3_3
Parameters: 1 -0.000109046 0.00100232 7.61427e-05 0.999444 0.0333453 -0.00100536 -0.0333447 0.999444 0.0260037 1.34836 2.36378
FixedParameters: 0 0 0

#Transform 13
Transform: AffineTransform_float_3_3
Parameters: 0.999954 -0.0074369 -0.00608161 0.00813761 0.992161 0.124702 0.00510686 -0.124746 0.992175 0.111973 4.69614 2.59847
FixedParameters: 0 0 0

#Transform 14
Transform: AffineTransform_float_3_3
Parameters: 0.999963 -0.00822484 -0.00248562 0.0084984 0.989357 0.145259 0.00126443 -0.145275 0.98939 0.283512 5.25501 2.52833
FixedParameters: 0 0 0

#Transform 15
Transform: AffineTransform_float_3_3
Parameters: 0.999985 -0.00353817 -0.00417407 0.00376425 0.998459 0.0553649 0.00397161 -0.0553791 0.998457 0.0723263 2.02387 2.30726
FixedParameters: 0 0 0

#Transform 16
Transform: AffineTransform_float_3_3
Parameters: 0.999993 -0.00274488 -0.00257397 0.0028606 0.998927 0.0462181 0.00244389 -0.0462258 0.998928 0.0528954 1.84991 2.31286
FixedParameters: 0 0 0

#Transform 17
Transform: AffineTransform_float_3_3
Parameters: 0.999994 -0.00257075 -0.00202182 0.00265933 0.998986 0.0449597 0.00190361 -0.0449643 0.998987 0.073299 1.74622 2.41467
FixedParameters: 0 0 0

#Transform 18
Transform: AffineTransform_float_3_3
Parameters: 0.999995 -0.00244693 -0.00197305 0.00253016 0.999054 0.0434152 0.001865 -0.0434198 0.999055 0.0730358 1.75738 2.30771
FixedParameters: 0 0 0

#Transform 19
Transform: AffineTransform_float_3_3
Parameters: 0.999995 -0.00278339 -0.00132566 0.00283758 0.999084 0.0426992 0.00120572 -0.0427029 0.999088 0.129696 1.62615 2.38616
FixedParameters: 0 0 0

#Transform 20
Transform: AffineTransform_float_3_3
Parameters: 0.999996 -0.00237798 -0.00137776 0.00243411 0.999116 0.0419457 0.00127695 -0.0419493 0.999119 0.105881 1.70762 2.31837
FixedParameters: 0 0 0

#Transform 21
Transform: AffineTransform_float_3_3
Parameters: 0.999994 -0.00282554 -0.00169139 0.00289466 0.999099 0.0423508 0.00156984 -0.0423552 0.999101 0.12051 1.65479 2.37074
FixedParameters: 0 0 0

#Transform 22
Transform: AffineTransform_float_3_3
Parameters: 0.999994 -0.00279222 -0.00233893 0.00288771 0.999124 0.0417394 0.00222001 -0.0417455 0.999125 0.104037 1.63833 2.38406
FixedParameters: 0 0 0

#Transform 23
Transform: AffineTransform_float_3_3
Parameters: 0.999995 -0.00234892 -0.00220193 0.00243315 0.999235 0.0390439 0.00210815 -0.0390492 0.999235 0.105474 1.57485 2.28143
FixedParameters: 0 0 0

#Transform 24
Transform: AffineTransform_float_3_3
Parameters: 0.999994 -0.00274984 -0.00171753 0.00281447 0.999246 0.03872 0.00160978 -0.0387249 0.999248 0.110848 1.51232 2.40323
FixedParameters: 0 0 0

#Transform 25
Transform: AffineTransform_float_3_3
Parameters: 0.999995 -0.00265255 -0.00196472 0.00272252 0.99933 0.0364947 0.00186712 -0.0365003 0.999332 0.096509 1.52178 2.25841
FixedParameters: 0 0 0

#Transform 26
Transform: AffineTransform_float_3_3
Parameters: 0.999996 -0.00260247 -0.00161146 0.00266025 0.999312 0.0370076 0.00151417 -0.0370124 0.999314 0.0956672 1.44976 2.39295
FixedParameters: 0 0 0

#Transform 27
Transform: AffineTransform_float_3_3
Parameters: 0.999998 -0.0021022 -0.000889076 0.00213096 0.999389 0.0348949 0.000814762 -0.0348961 0.999391 0.0969301 1.43186 2.33161
FixedParameters: 0 0 0

#Transform 28
Transform: AffineTransform_float_3_3
Parameters: 0.999996 -0.00255229 -0.00122981 0.00259414 0.999372 0.0353455 0.00113849 -0.0353495 0.999374 0.094309 1.41586 2.36081
FixedParameters: 0 0 0

#Transform 29
Transform: AffineTransform_float_3_3
Parameters: 0.999996 -0.00257061 -0.00134043 0.00261365 0.999429 0.0336883 0.00125377 -0.0336916 0.999431 0.092152 1.35618 2.37544
FixedParameters: 0 0 0

#Transform 30
Transform: AffineTransform_float_3_3
Parameters: 0.999997 -0.00126387 -0.00233824 0.00136786 0.998991 0.0448844 0.00227889 -0.0448876 0.998989 0.014625 1.94914 2.34253
FixedParameters: 0 0 0

#Transform 31
Transform: AffineTransform_float_3_3
Parameters: 0.996231 0.0746879 -0.0441081 -0.0717536 0.995319 0.0647442 0.0487368 -0.061335 0.996927 -4.32912 2.83674 0.776363
FixedParameters: 0 0 0

#Transform 32
Transform: AffineTransform_float_3_3
Parameters: 0.999393 0.027125 0.0218688 -0.0293953 0.993362 0.111218 -0.0187059 -0.111793 0.993556 -0.212921 4.28036 2.2536
FixedParameters: 0 0 0

#Transform 33
Transform: AffineTransform_float_3_3
Parameters: 0.999981 -0.00248763 0.00559682 0.00192478 0.99514 0.0984525 -0.00581478 -0.0984395 0.995126 0.602354 3.42977 2.27705
FixedParameters: 0 0 0

#Transform 34
Transform: AffineTransform_float_3_3
Parameters: 0.999988 -0.00189401 0.00451879 0.00126968 0.990927 0.134399 -0.00473213 -0.134391 0.990917 0.510494 4.6889 2.30073
FixedParameters: 0 0 0

#Transform 35
Transform: AffineTransform_float_3_3
Parameters: 0.999987 -0.00181039 0.00478788 0.001168 0.991402 0.130849 -0.00498373 -0.130841 0.991391 0.495811 4.61439 2.35295
FixedParameters: 0 0 0

#Transform 36
Transform: AffineTransform_float_3_3
Parameters: 0.999986 -0.000890791 0.00525304 0.000240798 0.992464 0.122536 -0.0053232 -0.122534 0.99245 0.487117 4.36945 2.2056
FixedParameters: 0 0 0

#Transform 37
Transform: AffineTransform_float_3_3
Parameters: 0.999977 -0.000593285 0.00677064 -0.000233833 0.992585 0.121547 -0.00679184 -0.121546 0.992563 0.486113 4.23303 2.26502
FixedParameters: 0 0 0

#Transform 38
Transform: AffineTransform_float_3_3
Parameters: 0.999988 -0.000759991 0.00493174 0.000210651 0.993901 0.110279 -0.00498539 -0.110276 0.993889 0.409521 3.91188 2.16472
FixedParameters: 0 0 0

#Transform 39
Transform: AffineTransform_float_3_3
Parameters: 0.999969 0.00102465 0.00771448 -0.00172249 0.995843 0.0910706 -0.00758901 -0.0910814 0.995814 0.435362 3.23287 2.20979
FixedParameters: 0 0 0

#Transform 40
Transform: AffineTransform_float_3_3
Parameters: 0.999934 0.00367949 0.010949 -0.00434143 0.998124 0.0610804 -0.0107042 -0.0611236 0.998073 0.458704 2.14504 2.1864
FixedParameters: 0 0 0

#Transform 41
Transform: AffineTransform_float_3_3
Parameters: 0.999943 0.00437416 0.00968238 -0.00483027 0.998853 0.0476322 -0.00946315 -0.0476757 0.998817 0.386793 1.73985 2.06898
FixedParameters: 0 0 0

#Transform 42
Transform: AffineTransform_float_3_3
Parameters: 0.999945 0.0040494 0.00964891 -0.00446589 0.999041 0.0435667 -0.00946381 -0.0436073 0.999004 0.363293 1.54716 2.1306
FixedParameters: 0 0 0

#Transform 43
Transform: AffineTransform_float_3_3
Parameters: 0.999939 0.00451513 0.0100591 -0.00485491 0.999407 0.0340982 -0.00989902 -0.0341458 0.999368 0.356031 1.22635 2.03311
FixedParameters: 0 0 0

#Transform 44
Transform: AffineTransform_float_3_3
Parameters: 0.999934 0.0053557 0.0101682 -0.00568609 0.999449 0.032706 -0.00998762 -0.032761 0.999413 0.348947 1.22791 1.94181
FixedParameters: 0 0 0

#Transform 45
Transform: AffineTransform_float_3_3
Parameters: 0.999935 0.00475812 0.0103018 -0.0051111 0.999392 0.034498 -0.0101318 -0.0345481 0.999352 0.375046 1.20842 2.07187
FixedParameters: 0 0 0

#Transform 46
Transform: AffineTransform_float_3_3
Parameters: 0.999933 0.00506484 0.0104032 -0.00541927 0.999398 0.0342632 -0.0102236 -0.0343168 0.999358 0.338318 1.2783 2.17802
FixedParameters: 0 0 0

#Transform 47
Transform: AffineTransform_float_3_3
Parameters: 0.999926 0.00495 0.0110921 -0.00529875 0.999487 0.0316092 -0.0109297 -0.0316667 0.999438 0.350775 1.2245 2.10108
FixedParameters: 0 0 0

#Transform 48
Transform: AffineTransform_float_3_3
Parameters: 0.999919 0.00505836 0.0117287 -0.00541152 0.999528 0.0302622 -0.0115702 -0.0303229 0.999474 0.341048 1.14183 2.16097
FixedParameters: 0 0 0

#Transform 49
Transform: AffineTransform_float_3_3
Parameters: 0.999935 0.00493615 0.010345 -0.00517488 0.999719 0.0231563 -0.0102277 -0.0232087 0.999678 0.320183 0.914672 1.95611
FixedParameters: 0 0 0

#Transform 50
Transform: AffineTransform_float_3_3
Parameters: 0.999902 0.00671541 0.0123262 -0.00690601 0.999856 0.0154839 -0.0122204 -0.0155671 0.999804 0.328552 0.61311 2.05772
FixedParameters: 0 0 0

#Transform 51
Transform: AffineTransform_float_3_3
Parameters: 0.999917 0.00654868 0.0110984 -0.00666908 0.999919 0.0108428 -0.0110265 -0.0109162 0.99988 0.267256 0.528325 1.75225
FixedParameters: 0 0 0

#Transform 52
Transform: AffineTransform_float_3_3
Parameters: 0.999914 0.00704802 0.0111086 -0.00715673 0.999927 0.00976791 -0.0110392 -0.0098461 0.999891 0.234983 0.391835 1.88916
FixedParameters: 0 0 0

#Transform 53
Transform: AffineTransform_float_3_3
Parameters: 0.999906 0.00665786 0.0119904 -0.00677793 0.999927 0.00995854 -0.0119238 -0.0100385 0.999879 0.285929 0.49276 1.88084
FixedParameters: 0 0 0

#Transform 54
Transform: AffineTransform_float_3_3
Parameters: 0.999911 0.00636284 0.0116713 -0.00649524 0.999915 0.0112955 -0.0115984 -0.0113705 0.999868 0.284029 0.493365 1.82644
FixedParameters: 0 0 0

#Transform 55
Transform: AffineTransform_float_3_3
Parameters: 0.999916 0.00609903 0.0115018 -0.00623143 0.999914 0.0115224 -0.0114304 -0.0115936 0.999867 0.280372 0.450772 1.85435
FixedParameters: 0 0 0

#Transform 56
Transform: AffineTransform_float_3_3
Parameters: 0.999916 0.00621956 0.011382 -0.00635719 0.999907 0.0120634 -0.0113057 -0.0121346 0.999862 0.286085 0.460692 1.89948
FixedParameters: 0 0 0

#Transform 57
Transform: AffineTransform_float_3_3
Parameters: 0.999912 0.00667428 0.0114186 -0.00679182 0.999924 0.0102939 -0.0113489 -0.0103711 0.999882 0.262626 0.482232 1.82702
FixedParameters: 0 0 0

#Transform 58
Transform: AffineTransform_float_3_3
Parameters: 0.99991 0.00679041 0.0115838 -0.00691205 0.999921 0.0104866 -0.0115107 -0.0105664 0.999878 0.251914 0.460039 1.82193
FixedParameters: 0 0 0

#Transform 59
Transform: AffineTransform_float_3_3
Parameters: 0.999902 0.00677682 0.0123103 -0.00691527 0.999913 0.0112415 -0.012234 -0.0113255 0.999861 0.26882 0.458769 1.95385
FixedParameters: 0 0 0

#Transform 60
Transform: AffineTransform_float_3_3
Parameters: 0.999898 0.00694158 0.0124812 -0.0070565 0.999932 0.00924862 -0.0124163 -0.00933539 0.999879 0.269738 0.457319 1.83058
FixedParameters: 0 0 0

#Transform 61
Transform: AffineTransform_float_3_3
Parameters: 0.999896 0.00674946 0.0126943 -0.00689292 0.999912 0.011344 -0.0126163 -0.01143 0.999855 0.277269 0.464785 1.96239
FixedParameters: 0 0 0

#Transform 62
Transform: AffineTransform_float_3_3
Parameters: 0.999902 0.00684969 0.0122604 -0.00697698 0.999922 0.0103336 -0.012189 -0.0104184 0.999871 0.265794 0.490246 1.81452
FixedParameters: 0 0 0

#Transform 63
Transform: AffineTransform_float_3_3
Parameters: 0.999903 0.00666514 0.0122715 -0.00680233 0.999915 0.01116 -0.0121966 -0.011242 0.999862 0.252311 0.467644 1.97118
FixedParameters: 0 0 0

#Transform 64
Transform: AffineTransform_float_3_3
Parameters: 0.999891 0.00729383 0.0127864 -0.00739674 0.99994 0.00806842 -0.0127272 -0.00816261 0.999886 0.254978 0.466626 1.79031
FixedParameters: 0 0 0

#Transform 65
Transform: AffineTransform_float_3_3
Parameters: 0.999881 0.00729991 0.0135876 -0.00743517 0.999923 0.00989522 -0.0135144 -0.00999476 0.999858 0.268548 0.422163 1.93935
FixedParameters: 0 0 0

#Transform 66
Transform: AffineTransform_float_3_3
Parameters: 0.999893 0.00706702 0.0128052 -0.00717049 0.999942 0.00805441 -0.0127477 -0.00814558 0.999885 0.245373 0.417633 1.85802
FixedParameters: 0 0 0

#Transform 67
Transform: AffineTransform_float_3_3
Parameters: 0.999897 0.00715922 0.0124811 -0.00725668 0.999943 0.00778676 -0.012425 -0.00787725 0.999892 0.221185 0.381033 1.89296
FixedParameters: 0 0 0

#Transform 68
Transform: AffineTransform_float_3_3
Parameters: 0.999882 0.00747458 0.0133687 -0.00757318 0.999944 0.00731597 -0.0133126 -0.00741701 0.999884 0.222264 0.365951 1.96511
FixedParameters: 0 0 0

#Transform 69
Transform: AffineTransform_float_3_3
Parameters: 0.999878 0.00727436 0.013792 -0.00734781 0.999959 0.00528289 -0.0137523 -0.00538311 0.999891 0.242659 0.364858 1.83546
FixedParameters: 0 0 0

#Transform 70
Transform: AffineTransform_float_3_3
Parameters: 0.99987 0.00731718 0.0143325 -0.00743889 0.999937 0.00839454 -0.0142706 -0.00849946 0.999862 0.261445 0.372273 1.98662
FixedParameters: 0 0 0

#Transform 71
Transform: AffineTransform_float_3_3
Parameters: 0.999862 0.00772373 0.0147031 -0.00786074 0.999926 0.00929742 -0.0146303 -0.00941159 0.999849 0.294553 0.488024 1.98797
FixedParameters: 0 0 0

#Transform 72
Transform: AffineTransform_float_3_3
Parameters: 0.99987 0.00727354 0.0144006 -0.00737342 0.999948 0.00692098 -0.0143497 -0.00702601 0.999872 0.30037 0.358222 1.90122
FixedParameters: 0 0 0

#Transform 73
Transform: AffineTransform_float_3_3
Parameters: 0.99987 0.00713606 0.0144707 -0.00726238 0.999936 0.00868454 -0.0144077 -0.00878846 0.999858 0.280266 0.39459 2.06272
FixedParameters: 0 0 0

#Transform 74
Transform: AffineTransform_float_3_3
Parameters: 0.999879 0.00693058 0.0139093 -0.0070408 0.999944 0.00788127 -0.0138544 -0.00797773 0.999872 0.284346 0.433626 1.86585
FixedParameters: 0 0 0

#Transform 75
Transform: AffineTransform_float_3_3
Parameters: 0.999877 0.00690046 0.0140996 -0.00702985 0.999933 0.00916177 -0.0140358 -0.00925923 0.999859 0.300336 0.415117 1.93509
FixedParameters: 0 0 0

#Transform 76
Transform: AffineTransform_float_3_3
Parameters: 0.999867 0.00716951 0.0145978 -0.00729052 0.99994 0.0082335 -0.0145378 -0.00833949 0.99986 0.293136 0.425731 2.05112
FixedParameters: 0 0 0

#Transform 77
Transform: AffineTransform_float_3_3
Parameters: 0.999863 0.00732364 0.0148046 -0.00742626 0.999949 0.00685425 -0.0147541 -0.00696374 0.999867 0.299706 0.396898 1.8899
FixedParameters: 0 0 0

#Transform 78
Transform: AffineTransform_float_3_3
Parameters: 0.999864 0.00722646 0.0148613 -0.00736293 0.999931 0.00914329 -0.0147948 -0.00925171 0.999848 0.310069 0.399167 2.07289
FixedParameters: 0 0 0

#Transform 79
Transform: AffineTransform_float_3_3
Parameters: 0.999873 0.0071456 0.0142939 -0.00724652 0.99995 0.00701033 -0.0142435 -0.00711367 0.999873 0.2933 0.415802 1.90406
FixedParameters: 0 0 0

#Transform 80
Transform: AffineTransform_float_3_3
Parameters: 0.999871 0.00721532 0.0143554 -0.00732653 0.999944 0.00769394 -0.0142998 -0.00779806 0.999867 0.304026 0.429904 1.95077
FixedParameters: 0 0 0

#Transform 81
Transform: AffineTransform_float_3_3
Parameters: 0.999867 0.00719492 0.0146316 -0.00731735 0.999939 0.00833085 -0.01457 -0.00843714 0.999858 0.289665 0.421169 2.00428
FixedParameters: 0 0 0

#Transform 82
Transform: AffineTransform_float_3_3
Parameters: 0.99988 0.00709553 0.0138159 -0.00718457 0.999954 0.00645237 -0.0137695 -0.00655064 0.999884 0.280494 0.402087 1.79555
FixedParameters: 0 0 0

#Transform 83
Transform: AffineTransform_float_3_3
Parameters: 0.999861 0.00760421 0.0148832 -0.00771923 0.99994 0.00769647 -0.0148243 -0.00781053 0.999859 0.291745 0.376431 1.96412
FixedParameters: 0 0 0

#Transform 84
Transform: AffineTransform_float_3_3
Parameters: 0.999866 0.00731652 0.0146491 -0.00741339 0.999951 0.0065412 -0.0146004 -0.0066488 0.999872 0.31008 0.3702 1.99968
FixedParameters: 0 0 0

#Transform 85
Transform: AffineTransform_float_3_3
Parameters: 0.99986 0.0076609 0.0148733 -0.00776371 0.999947 0.00684854 -0.0148204 -0.00696246 0.999866 0.297809 0.408103 1.88946
FixedParameters: 0 0 0

#Transform 86
Transform: AffineTransform_float_3_3
Parameters: 0.999867 0.00730486 0.0145431 -0.00742982 0.999936 0.00851869 -0.0144802 -0.00862631 0.999858 0.289397 0.42426 1.99223
FixedParameters: 0 0 0

#Transform 87
Transform: AffineTransform_float_3_3
Parameters: 0.999867 0.00724706 0.0146 -0.00735873 0.999944 0.00758435 -0.0145445 -0.00769064 0.999864 0.282707 0.419454 2.03114
FixedParameters: 0 0 0

#Transform 88
Transform: AffineTransform_float_3_3
Parameters: 0.999861 0.00756948 0.0148462 -0.00764772 0.999957 0.0052525 -0.0148058 -0.0053655 0.999876 0.298628 0.408094 1.8963
FixedParameters: 0 0 0

#Transform 89
Transform: AffineTransform_float_3_3
Parameters: 0.999856 0.00757016 0.0151531 -0.00768321 0.999943 0.0074116 -0.0150957 -0.00752739 0.999857 0.306384 0.410305 2.03048
FixedParameters: 0 0 0

#Transform 90
Transform: AffineTransform_float_3_3
Parameters: 0.999861 0.00752496 0.0148676 -0.00762859 0.999947 0.00697887 -0.014815 -0.00709116 0.999865 0.285196 0.42204 2.00053
FixedParameters: 0 0 0

#Transform 91
Transform: AffineTransform_float_3_3
Parameters: 0.99987 0.00728351 0.0143711 -0.00736496 0.999957 0.00557201 -0.0143302 -0.00567798 0.999881 0.290984 0.403489 1.85737
FixedParameters: 0 0 0

#Transform 92
Transform: AffineTransform_float_3_3
Parameters: 0.999857 0.00733873 0.0152355 -0.00745716 0.999941 0.0077761 -0.0151773 -0.00788891 0.999854 0.297736 0.416887 2.10637
FixedParameters: 0 0 0

#Transform 93
Transform: AffineTransform_float_3_3
Parameters: 0.999871 0.00720162 0.0143452 -0.00728705 0.999956 0.00592239 -0.0143021 -0.00602662 0.99988 0.292976 0.408065 1.99712
FixedParameters: 0 0 0

#Transform 94
Transform: AffineTransform_float_3_3
Parameters: 0.999875 0.00696016 0.0141458 -0.00705076 0.999954 0.00636099 -0.0141014 -0.00646001 0.99988 0.299938 0.396971 1.91236
FixedParameters: 0 0 0

#Transform 95
Transform: AffineTransform_float_3_3
Parameters: 0.999861 0.00710255 0.0150444 -0.0072145 0.999947 0.00741653 -0.0149908 -0.00752447 0.999859 0.301289 0.419191 2.1023
FixedParameters: 0 0 0

#Transform 96
Transform: AffineTransform_float_3_3
Parameters: 0.999866 0.00721641 0.0146437 -0.00729678 0.999959 0.00544186 -0.0146035 -0.00554814 0.999878 0.297885 0.409627 1.9052
FixedParameters: 0 0 0

#Transform 97
Transform: AffineTransform_float_3_3
Parameters: 0.999986 0.00248975 0.00462817 -0.00264357 0.999432 0.0335958 -0.00454176 -0.0336072 0.999425 -0.141088 1.29213 2.05815
FixedParameters: 0 0 0

#Transform 98
Transform: AffineTransform_float_3_3
Parameters: 0.999967 -0.00703192 -0.00388994 0.00749255 0.9908 0.135127 0.00290421 -0.135152 0.99082 -0.00529717 5.12075 2.09167
FixedParameters: 0 0 0

#Transform 99
Transform: AffineTransform_float_3_3
Parameters: 0.999968 -0.00788437 -0.00150516 0.00801572 0.990997 0.133646 0.000438228 -0.133654 0.991028 0.0729369 5.03862 1.96854
FixedParameters: 0 0 0

#Transform 100
Transform: AffineTransform_float_3_3
Parameters: 0.999971 -0.00759013 -0.00134952 0.00770078 0.99134 0.131089 0.000342015 -0.131095 0.991369 0.0966184 4.94537 2.0004
FixedParameters: 0 0 0

#Transform 101
Transform: AffineTransform_float_3_3
Parameters: 0.999975 -0.00683587 0.00174188 0.00656705 0.992288 0.12378 -0.00257504 -0.123765 0.992308 0.183351 4.83379 1.9716
FixedParameters: 0 0 0

#Transform 102
Transform: AffineTransform_float_3_3
Parameters: 0.999985 -0.00459019 0.0030415 0.00433028 0.996736 0.0806102 -0.00340245 -0.0805958 0.996741 0.239669 2.99178 1.97517
FixedParameters: 0 0 0

#Transform 103
Transform: AffineTransform_float_3_3
Parameters: 0.999971 -0.00130511 0.00752626 0.000947071 0.998877 0.047363 -0.00757929 -0.047355 0.998849 0.294242 1.75665 2.00776
FixedParameters: 0 0 0

#Transform 104
Transform: AffineTransform_float_3_3
Parameters: 0.999976 0.000250646 0.00684537 -0.000492763 0.999373 0.0354094 -0.00683233 -0.0354116 0.999349 0.208343 1.43123 2.05662
FixedParameters: 0 0 0

#Transform 105
Transform: AffineTransform_float_3_3
Parameters: 0.999997 -0.000168521 0.00248781 0.000106191 0.999684 0.0251069 -0.00249053 -0.0251061 0.999681 0.0423936 1.1563 1.79866
FixedParameters: 0 0 0

#Transform 106
Transform: AffineTransform_float_3_3
Parameters: 0.999996 0.00109614 0.00237505 -0.00113178 0.999886 0.0150268 -0.002359 -0.0150292 0.999884 0.00616764 0.6464 1.8476
FixedParameters: 0 0 0

#Transform 107
Transform: AffineTransform_float_3_3
Parameters: 0.999992 0.0038731 -0.00101076 -0.00389109 0.999826 -0.0182434 0.00094011 0.0182476 0.999834 -0.267363 -0.42456 2.06391
FixedParameters: 0 0 0

#Transform 108
Transform: AffineTransform_float_3_3
Parameters: 0.999988 0.00474327 0.000298439 -0.00473434 0.999696 -0.0241946 -0.000413599 0.0241934 0.999707 -0.231034 -0.633716 1.34318
FixedParameters: 0 0 0

#Transform 109
Transform: AffineTransform_float_3_3
Parameters: 0.99998 0.00593696 0.00182004 -0.00588756 0.99964 -0.0261556 -0.0019743 0.0261444 0.999656 -0.201788 -0.777782 0.94246
FixedParameters: 0 0 0

#Transform 110
Transform: AffineTransform_float_3_3
Parameters: 0.999978 0.00629071 0.0017742 -0.00624021 0.999614 -0.0270864 -0.0019433 0.0270746 0.999632 -0.242116 -0.825205 1.37328
FixedParameters: 0 0 0

#Transform 111
Transform: AffineTransform_float_3_3
Parameters: 0.999975 0.00661274 0.00275641 -0.00653448 0.999606 -0.0272911 -0.00293606 0.0272728 0.999624 -0.244826 -0.657445 1.20552
FixedParameters: 0 0 0

#Transform 112
Transform: AffineTransform_float_3_3
Parameters: 0.999977 0.00622244 0.00261464 -0.00615028 0.999622 -0.0267759 -0.00277982 0.0267591 0.999638 -0.219476 -0.88987 1.34325
FixedParameters: 0 0 0

#Transform 113
Transform: AffineTransform_float_3_3
Parameters: 0.999978 0.00630421 0.00217128 -0.00624015 0.999584 -0.0281778 -0.00234806 0.0281632 0.9996 -0.187783 -0.796079 0.897024
FixedParameters: 0 0 0

#Transform 114
Transform: AffineTransform_float_3_3
Parameters: 0.99997 0.00647401 0.00419576 -0.00638644 0.999769 -0.0205365 -0.00432754 0.0205095 0.99978 -0.00625463 -0.712902 1.2303
FixedParameters: 0 0 0

#Transform 115
Transform: AffineTransform_float_3_3
Parameters: 0.999963 0.00576722 0.00627874 -0.00570815 0.999938 -0.00949744 -0.00633319 0.00946156 0.999935 0.0576579 -0.282876 1.11901
FixedParameters: 0 0 0

#Transform 116
Transform: AffineTransform_float_3_3
Parameters: 0.999966 0.00584266 0.005921 -0.00576872 0.999906 -0.0124845 -0.00599372 0.0124505 0.999904 0.00708417 -0.426266 1.33715
FixedParameters: 0 0 0

#Transform 117
Transform: AffineTransform_float_3_3
Parameters: 0.999969 0.00606489 0.00516901 -0.00599281 0.999887 -0.0137983 -0.00525151 0.0137667 0.999891 -0.0101714 -0.417632 1.02225
FixedParameters: 0 0 0

#Transform 118
Transform: AffineTransform_float_3_3
Parameters: 0.99997 0.00571244 0.00522444 -0.00563312 0.999872 -0.0149904 -0.00530945 0.0149606 0.999874 -0.0216833 -0.528318 1.26352
FixedParameters: 0 0 0

#Transform 119
Transform: AffineTransform_float_3_3
Parameters: 0.999979 0.00506334 0.00388458 -0.00499901 0.999852 -0.016436 -0.0039674 0.016416 0.999857 -0.037942 -0.485556 1.06297
FixedParameters: 0 0 0

#Transform 120
Transform: AffineTransform_float_3_3
Parameters: 0.99998 0.00504704 0.00393083 -0.00498524 0.999865 -0.01565 -0.00400973 0.015631 0.99987 0.0133979 -0.546267 1.23712
FixedParameters: 0 0 0

#Transform 121
Transform: AffineTransform_float_3_3
Parameters: 0.999977 0.00554253 0.0040734 -0.00547519 0.999851 -0.0163662 -0.00416353 0.0163428 0.999858 0.00535638 -0.493535 1.26466
FixedParameters: 0 0 0

#Transform 122
Transform: AffineTransform_float_3_3
Parameters: 0.999978 0.00518441 0.00395486 -0.00512255 0.999867 -0.0155189 -0.00403473 0.0154981 0.999872 -0.0111509 -0.463853 1.26555
FixedParameters: 0 0 0

#Transform 123
Transform: AffineTransform_float_3_3
Parameters: 0.999976 0.00528927 0.00449142 -0.00521769 0.999862 -0.0158179 -0.0045748 0.0157941 0.999864 -0.0338117 -0.490803 1.43626
FixedParameters: 0 0 0

#Transform 124
Transform: AffineTransform_float_3_3
Parameters: 0.999979 0.00518448 0.00390796 -0.00511577 0.999836 -0.0173696 -0.00399752 0.0173493 0.999841 -0.0842963 -0.477551 1.32152
FixedParameters: 0 0 0

#Transform 125
Transform: AffineTransform_float_3_3
Parameters: 0.99997 0.00575582 0.00522785 -0.00567123 0.999857 -0.0159506 -0.00531908 0.0159204 0.999859 -0.0690918 -0.457012 1.30072
FixedParameters: 0 0 0

#Transform 126
Transform: AffineTransform_float_3_3
Parameters: 0.999971 0.00531714 0.00532495 -0.00524773 0.999901 -0.0130394 -0.00539433 0.0130106 0.999901 -0.100825 -0.389956 1.45359
FixedParameters: 0 0 0

#Transform 127
Transform: AffineTransform_float_3_3
Parameters: 0.999979 0.00458789 0.00455893 -0.00455415 0.999962 -0.00747033 -0.00459261 0.00744968 0.999962 -0.119592 -0.141058 1.50931
FixedParameters: 0 0 0

#Transform 128
Transform: AffineTransform_float_3_3
Parameters: 0.999979 0.00443465 0.00472125 -0.00439301 0.999951 -0.00892313 -0.00476089 0.00890187 0.999949 -0.104158 -0.161445 1.41182
FixedParameters: 0 0 0

#Transform 129
Transform: AffineTransform_float_3_3
Parameters: 0.999982 0.00435781 0.00427759 -0.00432796 0.999967 -0.00699516 -0.00430758 0.00697685 0.999967 -0.112548 -0.126018 1.46622
FixedParameters: 0 0 0

#Transform 130
Transform: AffineTransform_float_3_3
Parameters: 0.999985 0.00421034 0.0035254 -0.00418395 0.999964 -0.00740694 -0.00355653 0.00739106 0.999966 -0.125277 -0.168629 1.47343
FixedParameters: 0 0 0

#Transform 131
Transform: AffineTransform_float_3_3
Parameters: 0.999983 0.00444982 0.0035943 -0.00441622 0.999947 -0.00926416 -0.00363495 0.00924784 0.99995 -0.112323 -0.181287 1.33883
FixedParameters: 0 0 0

#Transform 132
Transform: AffineTransform_float_3_3
Parameters: 0.999986 0.00396272 0.00357531 -0.00394021 0.999974 -0.00609108 -0.00359935 0.00607691 0.999975 -0.0983926 -0.115473 1.55627
FixedParameters: 0 0 0

#Transform 133
Transform: AffineTransform_float_3_3
Parameters: 0.999984 0.00424555 0.00372091 -0.00421444 0.999956 -0.00836661 -0.00375664 0.00835139 0.999958 -0.0584616 -0.159807 1.53107
FixedParameters: 0 0 0

#Transform 134
Transform: AffineTransform_float_3_3
Parameters: 0.999984 0.00422593 0.00355986 -0.00419031 0.999944 -0.00977101 -0.00360045 0.009756 0.999946 -0.0923256 -0.183877 1.45874
FixedParameters: 0 0 0

#Transform 135
Transform: AffineTransform_float_3_3
Parameters: 0.999987 0.00404937 0.00309793 -0.00402128 0.999954 -0.00873576 -0.00313328 0.00872223 0.999957 -0.117401 -0.158605 1.38469
FixedParameters: 0 0 0

#Transform 136
Transform: AffineTransform_float_3_3
Parameters: 0.999988 0.00394936 0.00312893 -0.00393349 0.999979 -0.00504442 -0.00314861 0.00503258 0.999982 -0.115302 -0.095843 1.5407
FixedParameters: 0 0 0

#Transform 137
Transform: AffineTransform_float_3_3
Parameters: 0.999987 0.00390428 0.00344241 -0.00387849 0.999965 -0.00740834 -0.00347117 0.00739467 0.999967 -0.100277 -0.123507 1.70622
FixedParameters: 0 0 0

#Transform 138
Transform: AffineTransform_float_3_3
Parameters: 0.999983 0.00434601 0.00371208 -0.00430577 0.999934 -0.0107061 -0.00375905 0.0106899 0.999936 -0.10594 -0.100129 1.73134
FixedParameters: 0 0 0

#Transform 139
Transform: AffineTransform_float_3_3
Parameters: 0.999986 0.0040168 0.00351171 -0.0039881 0.999959 -0.00815603 -0.00354445 0.00814197 0.999961 -0.111848 -0.100344 1.75675
FixedParameters: 0 0 0

#Transform 140
Transform: AffineTransform_float_3_3
Parameters: 0.999987 0.00399085 0.00318516 -0.00396467 0.999959 -0.00810478 -0.00321663 0.00809221 0.999962 -0.121945 -0.101591 1.83315
FixedParameters: 0 0 0

#Transform 141
Transform: AffineTransform_float_3_3
Parameters: 0.999988 0.00401247 0.00305699 -0.00398411 0.999949 -0.00931751 -0.00309386 0.00930548 0.999952 -0.124926 -0.0746935 1.75456
FixedParameters: 0 0 0

#Transform 142
Transform: AffineTransform_float_3_3
Parameters: 0.999986 0.00408396 0.00334872 -0.00405306 0.999951 -0.00905978 -0.00338561 0.00904622 0.999953 -0.122074 -0.104195 1.71227
FixedParameters: 0 0 0

#Transform 143
Transform: AffineTransform_float_3_3
Parameters: 0.999985 0.00391095 0.00387074 -0.00387743 0.999956 -0.0085287 -0.00390392 0.00851329 0.999956 -0.109159 -0.0935473 1.86993
FixedParameters: 0 0 0

#Transform 144
Transform: AffineTransform_float_3_3
Parameters: 0.999985 0.00409294 0.00351822 -0.00406043 0.999949 -0.00927034 -0.00355644 0.00925568 0.999951 -0.108847 -0.0945742 1.77605
FixedParameters: 0 0 0

#Transform 145
Transform: AffineTransform_float_3_3
Parameters: 0.999987 0.00401959 0.00307532 -0.00399147 0.999949 -0.00922445 -0.00311158 0.00921256 0.999953 -0.117834 -0.0960803 1.62764
FixedParameters: 0 0 0

#Transform 146
Transform: AffineTransform_float_3_3
Parameters: 0.999987 0.00390625 0.00344426 -0.00387791 0.999959 -0.00828639 -0.0034772 0.00827363 0.99996 -0.112279 -0.126145 1.80038
FixedParameters: 0 0 0

#Transform 147
Transform: AffineTransform_float_3_3
Parameters: 0.999987 0.004123 0.0032261 -0.00409117 0.999944 -0.00976358 -0.00326616 0.00975042 0.999947 -0.0987194 -0.109234 1.74221
FixedParameters: 0 0 0

#Transform 148
Transform: AffineTransform_float_3_3
Parameters: 0.999986 0.00405444 0.00337569 -0.00402227 0.999948 -0.00931878 -0.00341395 0.0093052 0.99995 -0.117377 -0.115459 1.70391
FixedParameters: 0 0 0

#Transform 149
Transform: AffineTransform_float_3_3
Parameters: 0.999984 0.00409794 0.00394164 -0.00406481 0.999957 -0.00830475 -0.00397519 0.00828825 0.999958 -0.133384 -0.0891809 1.80483
FixedParameters: 0 0 0

#Transform 150
Transform: AffineTransform_float_3_3
Parameters: 0.999985 0.00409967 0.00377595 -0.0040643 0.999948 -0.00938627 -0.00381371 0.00937075 0.999949 -0.133622 -0.124784 1.8794
FixedParameters: 0 0 0

#Transform 151
Transform: AffineTransform_float_3_3
Parameters: 0.999984 0.00482153 0.00288522 -0.0047604 0.999773 -0.0207619 -0.00298507 0.0207481 0.99978 -0.0818389 -0.500842 1.00872
FixedParameters: 0 0 0

#Transform 152
Transform: AffineTransform_float_3_3
Parameters: 0.999932 0.00905264 0.00743582 -0.00896658 0.999893 -0.0115446 -0.00753968 0.0114764 0.999906 0.113817 -0.214795 0.79676
FixedParameters: 0 0 0

#Transform 153
Transform: AffineTransform_float_3_3
Parameters: 0.999949 0.00610293 0.00796434 -0.00613218 0.999975 0.0036609 -0.0079427 -0.00371011 0.999961 0.18255 0.114862 1.10526
FixedParameters: 0 0 0

#Transform 154
Transform: AffineTransform_float_3_3
Parameters: 0.999955 0.00554912 0.00762868 -0.00555433 0.999985 0.000555214 -0.00762495 -0.000597777 0.999971 0.104962 0.139399 1.10624
FixedParameters: 0 0 0

#Transform 155
Transform: AffineTransform_float_3_3
Parameters: 0.999961 0.00506063 0.00725146 -0.00506411 0.999987 0.000536669 -0.00724868 -0.000573334 0.999973 0.127414 0.0748356 1.29563
FixedParameters: 0 0 0

#Transform 156
Transform: AffineTransform_float_3_3
Parameters: 0.999965 0.00508718 0.00656418 -0.00509874 0.999985 0.00174717 -0.00655536 -0.00178083 0.999977 0.0972653 0.233798 1.26933
FixedParameters: 0 0 0

#Transform 157
Transform: AffineTransform_float_3_3
Parameters: 0.999965 0.00485495 0.00682642 -0.00486702 0.999986 0.00186176 -0.00681766 -0.00189425 0.999974 0.083528 0.132296 1.3663
FixedParameters: 0 0 0

#Transform 158
Transform: AffineTransform_float_3_3
Parameters: 0.999962 0.00531162 0.00691037 -0.00529924 0.999985 -0.00182286 -0.0069202 0.00178614 0.999975 0.0905864 0.0948353 1.17765
FixedParameters: 0 0 0

#Transform 159
Transform: AffineTransform_float_3_3
Parameters: 0.999969 0.00460621 0.00649186 -0.00460453 0.99999 -0.000282235 -0.00649299 0.000252766 0.999979 0.0743008 0.0878295 1.36374
FixedParameters: 0 0 0

#Transform 160
Transform: AffineTransform_float_3_3
Parameters: 0.999963 0.00528536 0.00678235 -0.0052625 0.99998 -0.00348013 -0.00680039 0.00344387 0.999971 0.0726099 0.0482008 1.21388
FixedParameters: 0 0 0

#Transform 161
Transform: AffineTransform_float_3_3
Parameters: 0.99996 0.00518957 0.00730281 -0.00517858 0.999986 -0.00157557 -0.00731079 0.00153843 0.999972 0.0846582 0.0636996 1.27223
FixedParameters: 0 0 0

#Transform 162
Transform: AffineTransform_float_3_3
Parameters: 0.999961 0.0049249 0.00729676 -0.00490687 0.999984 -0.0025063 -0.00730987 0.00246969 0.99997 0.086494 0.00314401 1.18553
FixedParameters: 0 0 0

#Transform 163
Transform: AffineTransform_float_3_3
Parameters: 0.999966 0.00489937 0.00673863 -0.00487267 0.999981 -0.00385802 -0.00675752 0.00382498 0.99997 0.0975665 0.0136337 1.03915
FixedParameters: 0 0 0

#Transform 164
Transform: AffineTransform_float_3_3
Parameters: 0.999967 0.00488526 0.00638627 -0.0048637 0.999982 -0.00338573 -0.00640314 0.00335526 0.999974 0.0633602 -0.00678056 1.24586
FixedParameters: 0 0 0

#Transform 165
Transform: AffineTransform_float_3_3
Parameters: 0.999955 0.00625123 0.00706544 -0.00621721 0.999969 -0.00478472 -0.00709557 0.00474027 0.999964 0.0470284 -0.00371525 1.18784
FixedParameters: 0 0 0

#Transform 166
Transform: AffineTransform_float_3_3
Parameters: 0.999967 0.00524994 0.00616727 -0.00521056 0.999966 -0.00633845 -0.00620016 0.00630554 0.999961 0.037687 -0.0597801 1.2089
FixedParameters: 0 0 0

#Transform 167
Transform: AffineTransform_float_3_3
Parameters: 0.999971 0.00504486 0.00566296 -0.00500913 0.999968 -0.00633211 -0.00569474 0.00630389 0.999964 0.0270067 -0.0671663 1.30199
FixedParameters: 0 0 0

#Transform 168
Transform: AffineTransform_float_3_3
Parameters: 0.999974 0.00491881 0.00527463 -0.00487738 0.999958 -0.00778975 -0.00531212 0.00776326 0.999956 0.0222702 -0.0652878 1.18375
FixedParameters: 0 0 0

#Transform 169
Transform: AffineTransform_float_3_3
Parameters: 0.999968 0.00474996 0.00646744 -0.00471356 0.999973 -0.005671 -0.00649415 0.00564 0.999963 0.0293798 -0.0421124 1.31784
FixedParameters: 0 0 0

#Transform 170
Transform: AffineTransform_float_3_3
Parameters: 0.999967 0.0051538 0.00639297 -0.00511658 0.999969 -0.00589967 -0.00642229 0.00586633 0.999962 0.017257 -0.0356324 1.34912
FixedParameters: 0 0 0

#Transform 171
Transform: AffineTransform_float_3_3
Parameters: 0.999965 0.00533422 0.00635464 -0.00528865 0.99996 -0.00720065 -0.00639237 0.00716635 0.999954 0.0329044 -0.0234905 1.14698
FixedParameters: 0 0 0

#Transform 172
Transform: AffineTransform_float_3_3
Parameters: 0.999968 0.00474898 0.00646816 -0.00471356 0.999973 -0.005519 -0.0064936 0.005488 0.999964 0.0413926 -0.0700594 1.21147
FixedParameters: 0 0 0

#Transform 173
Transform: AffineTransform_float_3_3
Parameters: 0.999966 0.00529671 0.00643724 -0.0052586 0.999969 -0.00585188 -0.0064679 0.00581811 0.999962 0.0179494 -0.0492572 1.28122
FixedParameters: 0 0 0

#Transform 174
Transform: AffineTransform_float_3_3
Parameters: 0.99997 0.00518201 0.0057746 -0.00514519 0.999966 -0.00645933 -0.00580808 0.00642968 0.999963 0.0218596 -0.0288468 1.10476
FixedParameters: 0 0 0

#Transform 175
Transform: AffineTransform_float_3_3
Parameters: 0.999967 0.00511956 0.00640032 -0.00508322 0.999971 -0.00562135 -0.0064289 0.00558965 0.999964 0.0113493 -0.0634155 1.29447
FixedParameters: 0 0 0

#Transform 176
Transform: AffineTransform_float_3_3
Parameters: 0.99997 0.00510546 0.00592305 -0.00506409 0.999964 -0.00690163 -0.00595752 0.00687137 0.999958 -0.0112093 -0.0465132 1.2333
FixedParameters: 0 0 0

#Transform 177
Transform: AffineTransform_float_3_3
Parameters: 0.999964 0.00517943 0.00662936 -0.00514174 0.999971 -0.00560377 -0.00665824 0.00557022 0.999962 0.0172589 -0.0112528 1.16915
FixedParameters: 0 0 0

#Transform 178
Transform: AffineTransform_float_3_3
Parameters: 0.999965 0.00529138 0.00650479 -0.00525957 0.999974 -0.00498621 -0.0065311 0.00495179 0.999966 0.022242 -0.057712 1.2962
FixedParameters: 0 0 0

#Transform 179
Transform: AffineTransform_float_3_3
Parameters: 0.999969 0.00511051 0.00586833 -0.00507017 0.999964 -0.00687739 -0.00590264 0.00684763 0.999959 0.0190194 -0.0562857 1.16154
FixedParameters: 0 0 0

#Transform 180
Transform: AffineTransform_float_3_3
Parameters: 0.99997 0.00485893 0.00593595 -0.00482366 0.99997 -0.00603583 -0.00596448 0.00600718 0.999965 0.0397528 -0.0638814 1.16637
FixedParameters: 0 0 0

#Transform 181
Transform: AffineTransform_float_3_3
Parameters: 0.999971 0.00503935 0.00583107 -0.00500282 0.999968 -0.00623474 -0.00586278 0.00620525 0.999963 0.0296636 -0.0644973 1.26206
FixedParameters: 0 0 0

#Transform 182
Transform: AffineTransform_float_3_3
Parameters: 0.99997 0.0051564 0.005809 -0.00511884 0.999967 -0.00640152 -0.00584172 0.00637148 0.999962 0.0204227 -0.0433757 1.14892
FixedParameters: 0 0 0

#Transform 183
Transform: AffineTransform_float_3_3
Parameters: 0.999968 0.00507089 0.00616458 -0.00503637 0.999972 -0.0055283 -0.00619203 0.0054967 0.999965 0.0225334 -0.0491919 1.25203
FixedParameters: 0 0 0

#Transform 184
Transform: AffineTransform_float_3_3
Parameters: 0.999972 0.00513052 0.00547673 -0.00509377 0.999964 -0.00676982 -0.00551077 0.00674219 0.999962 0.0140254 -0.0397686 1.19945
FixedParameters: 0 0 0

#Transform 185
Transform: AffineTransform_float_3_3
Parameters: 0.999967 0.00511605 0.00627643 -0.00507784 0.999969 -0.00600898 -0.00630659 0.00597603 0.999962 0.0313576 -0.0203955 1.24647
FixedParameters: 0 0 0

#Transform 186
Transform: AffineTransform_float_3_3
Parameters: 0.999966 0.00523805 0.00625672 -0.00520435 0.999972 -0.00538285 -0.00628449 0.00534915 0.999966 0.00642378 -0.0184735 1.37942
FixedParameters: 0 0 0

#Transform 187
Transform: AffineTransform_float_3_3
Parameters: 0.999974 0.00483293 0.00523237 -0.00479198 0.999958 -0.00782209 -0.00526983 0.00779692 0.999956 0.00228323 -0.0638349 1.16406
FixedParameters: 0 0 0

#Transform 188
Transform: AffineTransform_float_3_3
Parameters: 0.99997 0.00485519 0.00604541 -0.00480425 0.999953 -0.00847735 -0.00608656 0.00844866 0.999946 0.0293288 -0.127744 1.27827
FixedParameters: 0 0 0

#Transform 189
Transform: AffineTransform_float_3_3
Parameters: 0.999972 0.00477725 0.00585817 -0.00473459 0.999963 -0.00718493 -0.00589163 0.00715707 0.999957 0.0289884 -0.0765742 1.37348
FixedParameters: 0 0 0

#Transform 190
Transform: AffineTransform_float_3_3
Parameters: 0.99997 0.0049754 0.00584139 -0.00493023 0.999958 -0.00762621 -0.00587856 0.00759678 0.999954 0.0242145 -0.0481026 1.32151
FixedParameters: 0 0 0

#Transform 191
Transform: AffineTransform_float_3_3
Parameters: 0.999976 0.00473239 0.00516833 -0.00469287 0.99996 -0.00760942 -0.00520357 0.00758558 0.999957 0.012157 -0.0627753 1.23668
FixedParameters: 0 0 0

#Transform 192
Transform: AffineTransform_float_3_3
