#Insight Transform File V1.0
#Transform 0
Transform: AffineTransform_float_3_3
Parameters: 0.999999 -0.000126232 0.000773394 0.000126098 1 8.70975e-05 -0.000773416 -8.69024e-05 0.999999 0.000167419 -0.0400044 -0.0663988
FixedParameters: 0 0 0

#Transform 1
Transform: AffineTransform_float_3_3
Parameters: 1 0.000265199 1.36175e-05 -0.000265202 1 0.000110996 -1.35586e-05 -0.000111004 1 -0.0142129 0.0633362 0.0216615
FixedParameters: 0 0 0

#Transform 2
Transform: AffineTransform_float_3_3
Parameters: 1 0.000205979 -0.000213702 -0.000205389 0.999999 0.00137904 0.000214269 -0.00137896 0.999999 0.00429992 -0.0400072 0.00371629
FixedParameters: 0 0 0

#Transform 3
Transform: AffineTransform_float_3_3
Parameters: 1 0.000380502 -0.000416239 -0.000379835 0.999998 0.00198416 0.000417901 -0.00198384 0.999998 -0.000872657 -0.00462607 -0.0282994
FixedParameters: 0 0 0

#Transform 4
Transform: AffineTransform_float_3_3
Parameters: 1 0.000484602 -0.000485598 -0.000484154 0.999999 0.000461258 0.000486045 -0.000461741 1 -0.00145421 0.0144269 -0.134198
FixedParameters: 0 0 0

#Transform 5
Transform: AffineTransform_float_3_3
Parameters: 0.999999 0.000319909 -0.000659032 -0.000318783 0.999998 0.00160223 0.000660208 -0.00160276 0.999998 0.0146303 -5.20391e-05 -0.0899784
FixedParameters: 0 0 0

#Transform 6
Transform: AffineTransform_float_3_3
Parameters: 0.999999 0.000572328 -0.000698306 -0.000572337 0.999999 0.000701399 0.000699262 -0.000700599 0.999999 -0.00167313 0.0251454 -0.16735
FixedParameters: 0 0 0

#Transform 7
Transform: AffineTransform_float_3_3
Parameters: 1 0.000276859 -0.00100881 -0.000276027 1 0.000978279 0.00100852 -0.000977722 0.999999 0.0293457 0.000225256 -0.163476
FixedParameters: 0 0 0

#Transform 8
Transform: AffineTransform_float_3_3
Parameters: 1 0.000272167 -0.00108826 -0.000271217 1 0.00043647 0.0010885 -0.00043653 1 0.0295279 0.00842917 -0.143415
FixedParameters: 0 0 0

#Transform 9
Transform: AffineTransform_float_3_3
Parameters: 0.999999 0.000239367 -0.000667141 -0.000238055 1 0.00098316 0.00066761 -0.000982841 1 0.0288543 -0.00797832 -0.142944
FixedParameters: 0 0 0

#Transform 10
Transform: AffineTransform_float_3_3
Parameters: 0.999999 0.000269507 -0.000935059 -0.000269832 1 0.000436427 0.00093446 -0.000436574 1 0.0226996 0.0314765 -0.221434
FixedParameters: 0 0 0

#Transform 11
Transform: AffineTransform_float_3_3
Parameters: 1 0.000325975 -0.000569377 -0.000325432 1 0.000476185 0.000569687 -0.000475814 0.999999 0.0280574 -0.0148858 -0.157833
FixedParameters: 0 0 0

#Transform 12
Transform: AffineTransform_float_3_3
Parameters: 0.999999 0.000493225 -0.000895658 -0.000493388 0.999999 0.000546465 0.000895362 -0.000546535 0.999999 0.0160694 0.0277254 -0.206029
FixedParameters: 0 0 0

#Transform 13
Transform: AffineTransform_float_3_3
Parameters: 0.999999 0.000273214 -0.000914155 -0.000272398 1 0.000986273 0.000914846 -0.000986728 0.999999 0.0237207 -0.00769031 -0.181704
FixedParameters: 0 0 0

#Transform 14
Transform: AffineTransform_float_3_3
Parameters: 0.999999 0.000492604 -0.00112284 -0.000492518 0.999999 -0.000401273 0.0011223 0.000401728 1 0.0163634 0.0287273 -0.236474
FixedParameters: 0 0 0

#Transform 15
Transform: AffineTransform_float_3_3
Parameters: 1 0.000497892 -0.00095371 -0.000496822 0.999999 0.0010785 0.000954936 -0.0010785 0.999999 0.0142808 -0.01654 -0.21285
FixedParameters: 0 0 0

#Transform 16
Transform: AffineTransform_float_3_3
Parameters: 1 0.000458222 -0.00111739 -0.000458712 1 -0.000218487 0.00111719 0.000219512 0.999999 0.0370112 -0.0104816 -0.236635
FixedParameters: 0 0 0

#Transform 17
Transform: AffineTransform_float_3_3
Parameters: 1 0.000342604 -0.00109901 -0.000342095 0.999999 0.000681528 0.00109963 -0.000680472 0.999999 0.029089 -0.0180437 -0.199247
FixedParameters: 0 0 0

#Transform 18
Transform: AffineTransform_float_3_3
Parameters: 1 0.000246616 -0.00108426 -0.000246368 1 0.000570419 0.00108469 -0.000569582 0.999999 0.029839 -0.0119719 -0.201033
FixedParameters: 0 0 0

#Transform 19
Transform: AffineTransform_float_3_3
Parameters: 1 0.000233671 -0.00117018 -0.000232847 0.999999 0.000840424 0.00116974 -0.000839576 0.999999 0.0300931 -0.00163966 -0.201194
FixedParameters: 0 0 0

#Transform 20
Transform: AffineTransform_float_3_3
Parameters: 0.999999 0.000712816 -0.00111426 -0.00071306 0.999999 -0.000109182 0.00111411 0.000109818 0.999999 0.023507 0.0179222 -0.246224
FixedParameters: 0 0 0

#Transform 21
Transform: AffineTransform_float_3_3
Parameters: 0.999999 0.000709214 -0.00112301 -0.000709954 0.999999 -0.000329028 0.00112254 0.000329971 1 0.0122481 -0.00909055 -0.181484
FixedParameters: 0 0 0

#Transform 22
Transform: AffineTransform_float_3_3
Parameters: 0.999998 0.00110774 -0.00130008 -0.00110749 0.999999 0.000536464 0.00130043 -0.000534537 0.999999 -0.0179191 0.00249568 -0.206603
FixedParameters: 0 0 0

#Transform 23
Transform: AffineTransform_float_3_3
Parameters: 1 0.00071474 -0.000984931 -0.000714723 0.999999 9.70395e-06 0.000984944 -8.29602e-06 0.999999 -0.00219553 0.010241 -0.209799
FixedParameters: 0 0 0

#Transform 24
Transform: AffineTransform_float_3_3
Parameters: 0.999999 0.000662744 -0.00128785 -0.000661764 1 0.000823877 0.0012881 -0.000823124 0.999999 -0.00126518 0.00515362 -0.164824
FixedParameters: 0 0 0

#Transform 25
Transform: AffineTransform_float_3_3
Parameters: 0.999999 0.000800709 -0.00127073 -0.000801412 1 -0.000275959 0.00127029 0.000277041 0.999999 -0.00685442 0.045007 -0.277436
FixedParameters: 0 0 0

#Transform 26
Transform: AffineTransform_float_3_3
Parameters: 1 0.000674591 -0.00100641 -0.000675308 1 -0.000432298 0.00100681 0.000432703 1 -0.00189592 -0.00844564 -0.170337
FixedParameters: 0 0 0

#Transform 27
Transform: AffineTransform_float_3_3
Parameters: 0.999999 0.000697665 -0.00115249 -0.000698183 0.999999 -0.000224021 0.00115218 0.000224979 1 0.000512793 0.019798 -0.205317
FixedParameters: 0 0 0

#Transform 28
Transform: AffineTransform_float_3_3
Parameters: 0.999999 0.000704863 -0.0011534 -0.00070482 0.999999 1.89875e-05 0.00115342 -1.80124e-05 1 0.00967602 0.0152759 -0.152434
FixedParameters: 0 0 0

#Transform 29
Transform: AffineTransform_float_3_3
Parameters: 0.999999 0.000678313 -0.00130853 -0.000678391 0.999999 -0.000406938 0.00130782 0.000408062 0.999999 0.0157902 0.0389339 -0.226061
FixedParameters: 0 0 0

#Transform 30
Transform: AffineTransform_float_3_3
Parameters: 0.999999 0.000711416 -0.00160717 -0.000710416 1 0.000619166 0.0016082 -0.000617833 0.999998 -0.000851206 -0.0154003 -0.164475
FixedParameters: 0 0 0

#Transform 31
Transform: AffineTransform_float_3_3
Parameters: 0.999999 0.000718138 -0.00110865 -0.000717479 0.999999 0.00029797 0.00110908 -0.000297029 1 -0.00201394 0.00670593 -0.202192
FixedParameters: 0 0 0

#Transform 32
Transform: AffineTransform_float_3_3
Parameters: 0.999998 0.0010582 -0.00119439 -0.00105726 0.999999 0.00045931 0.00119437 -0.00045869 1 -0.00674513 0.0336622 -0.201869
FixedParameters: 0 0 0

#Transform 33
Transform: AffineTransform_float_3_3
Parameters: 0.999999 0.000953858 -0.00117883 -0.000953918 1 -2.48521e-05 0.00117878 2.61478e-05 1 -0.0193084 0.0450166 -0.185101
FixedParameters: 0 0 0

#Transform 34
Transform: AffineTransform_float_3_3
Parameters: 0.999998 0.00105858 -0.00161392 -0.00105852 1 1.97552e-05 0.00161396 -1.82447e-05 0.999999 -0.0159138 0.00393875 -0.172361
FixedParameters: 0 0 0

#Transform 35
Transform: AffineTransform_float_3_3
Parameters: 0.999999 0.00080987 -0.00157521 -0.000810307 1 0.0002243 0.00157474 -0.000222702 0.999999 -0.0122689 0.0373948 -0.224939
FixedParameters: 0 0 0

#Transform 36
Transform: AffineTransform_float_3_3
Parameters: 0.999999 0.00071951 -0.00139672 -0.000719139 0.999999 -0.000220798 0.00139625 0.000221203 0.999999 -0.0127537 0.0209469 -0.196481
FixedParameters: 0 0 0

#Transform 37
Transform: AffineTransform_float_3_3
Parameters: 0.999999 0.00100921 -0.00149932 -0.00100988 1 -0.000220439 0.00149887 0.00022156 0.999999 -0.0126162 0.0491957 -0.206351
FixedParameters: 0 0 0

#Transform 38
Transform: AffineTransform_float_3_3
Parameters: 0.999999 0.000819052 -0.0015771 -0.000819749 1 -0.000220661 0.00157674 0.000221339 0.999999 -0.00179093 0.0434196 -0.144663
FixedParameters: 0 0 0

#Transform 39
Transform: AffineTransform_float_3_3
Parameters: 0.999999 0.000673758 -0.00111473 -0.000675025 1 -0.000636225 0.00111486 0.000636776 1 -0.00162261 0.0142691 -0.147188
FixedParameters: 0 0 0

#Transform 40
Transform: AffineTransform_float_3_3
Parameters: 0.999998 0.00111419 -0.00125683 -0.00111337 0.999999 0.000326447 0.00125755 -0.000325553 1 -0.0243085 0.0253568 -0.220587
FixedParameters: 0 0 0

#Transform 41
Transform: AffineTransform_float_3_3
Parameters: 0.999998 0.00103396 -0.00176404 -0.00103579 0.999999 -0.000841977 0.00176313 0.000844023 0.999998 -0.0437264 0.0286782 -0.213235
FixedParameters: 0 0 0

#Transform 42
Transform: AffineTransform_float_3_3
Parameters: 0.999997 0.001199 -0.00178807 -0.00119915 0.999999 0.000278192 0.0017879 -0.00027581 0.999998 -0.0538668 -0.0022545 -0.165472
FixedParameters: 0 0 0

#Transform 43
Transform: AffineTransform_float_3_3
Parameters: 1 0.000102667 -0.00121005 -0.00010353 1 -0.0003567 0.00120998 0.000356299 1 0.0752036 0.0510677 -0.171803
FixedParameters: 0 0 0

#Transform 44
Transform: AffineTransform_float_3_3
Parameters: 0.999995 0.00114892 -0.002909 -0.00112433 0.999965 0.00829271 0.00291837 -0.00828929 0.999961 -0.0948261 -0.0552717 0.105477
FixedParameters: 0 0 0

#Transform 45
Transform: AffineTransform_float_3_3
Parameters: 0.999996 0.00239655 -0.00165267 -0.00239479 0.999997 0.000925578 0.00165527 -0.00092142 0.999998 -0.175853 0.0750208 -0.159664
FixedParameters: 0 0 0

#Transform 46
Transform: AffineTransform_float_3_3
Parameters: 0.999997 0.00150647 -0.00180218 -0.0015056 0.999999 0.000284633 0.00180205 -0.000282367 0.999998 -0.107591 0.0489102 -0.0995726
FixedParameters: 0 0 0

#Transform 47
Transform: AffineTransform_float_3_3
Parameters: 0.999997 0.00151588 -0.00182586 -0.001514 0.999998 0.000868837 0.00182667 -0.000866164 0.999998 -0.0875839 0.0619247 -0.2093
FixedParameters: 0 0 0

#Transform 48
Transform: AffineTransform_float_3_3
Parameters: 0.999998 0.00136784 -0.00180378 -0.0013674 0.999998 0.000440537 0.00180415 -0.000438463 0.999998 -0.0865061 0.0376823 -0.179487
FixedParameters: 0 0 0

#Transform 49
Transform: AffineTransform_float_3_3
Parameters: 0.999998 0.00118102 -0.00123765 -0.00118107 0.999999 0.000439509 0.00123785 -0.000438492 1 -0.0491802 0.0181977 -0.335291
FixedParameters: 0 0 0

#Transform 50
Transform: AffineTransform_float_3_3
Parameters: 0.999997 0.00140257 -0.00168367 -0.00140124 0.999999 0.000439407 0.00168391 -0.000436592 0.999998 -0.0278506 0.0681369 -0.637693
FixedParameters: 0 0 0

#Transform 51
Transform: AffineTransform_float_3_3
Parameters: 0.999997 0.00140912 -0.0016369 -0.00140922 0.999999 -3.06465e-05 0.00163681 3.33533e-05 0.999999 -0.0421254 0.00154443 -0.57268
FixedParameters: 0 0 0

#Transform 52
Transform: AffineTransform_float_3_3
Parameters: 0.999996 0.00190505 -0.00178904 -0.00190442 0.999998 0.000218327 0.00178887 -0.000214674 0.999998 -0.0558167 -0.00598976 -0.496435
FixedParameters: 0 0 0

#Transform 53
Transform: AffineTransform_float_3_3
Parameters: 0.999997 0.00188575 -0.00157354 -0.0018852 0.999998 0.000226886 0.0015734 -0.000224115 0.999999 -0.0538391 0.0248133 -0.449185
FixedParameters: 0 0 0

#Transform 54
Transform: AffineTransform_float_3_3
Parameters: 0.999996 0.00222706 -0.00184065 -0.00222712 0.999997 0.000294892 0.00184112 -0.00029111 0.999998 -0.0841658 0.0294003 -0.507344
FixedParameters: 0 0 0

#Transform 55
Transform: AffineTransform_float_3_3
Parameters: 0.999996 0.00211252 -0.00176863 -0.00211196 0.999998 0.000161504 0.0017693 -0.000157495 0.999998 -0.0791386 0.0203498 -0.478121
FixedParameters: 0 0 0

#Transform 56
Transform: AffineTransform_float_3_3
Parameters: 0.999996 0.00214618 -0.00217253 -0.0021455 0.999998 0.000158604 0.0021732 -0.000153394 0.999998 -0.100238 0.0167716 -0.496434
FixedParameters: 0 0 0

#Transform 57
Transform: AffineTransform_float_3_3
Parameters: 0.999996 0.00222474 -0.00210607 -0.00222308 0.999997 0.00043065 0.00210698 -0.000426349 0.999998 -0.10111 -0.00388448 -0.465119
FixedParameters: 0 0 0

#Transform 58
Transform: AffineTransform_float_3_3
Parameters: 0.999995 0.00215904 -0.00208534 -0.00215889 0.999998 -0.000198708 0.00208432 0.000203292 0.999997 -0.100724 -0.00582736 -0.466775
FixedParameters: 0 0 0

#Transform 59
Transform: AffineTransform_float_3_3
Parameters: 0.999995 0.00213794 -0.00223262 -0.00213591 0.999997 0.000711738 0.00223481 -0.000707259 0.999997 -0.0864472 -0.00131946 -0.455079
FixedParameters: 0 0 0

#Transform 60
Transform: AffineTransform_float_3_3
Parameters: 0.999996 0.00220421 -0.00178906 -0.00220551 0.999997 -0.000726265 0.00178767 0.000729734 0.999998 -0.079663 0.00935275 -0.530747
FixedParameters: 0 0 0

#Transform 61
Transform: AffineTransform_float_3_3
Parameters: 0.999997 0.00177238 -0.00182726 -0.001771 0.999998 0.000692157 0.00182887 -0.000688841 0.999998 -0.056321 -0.0331662 -0.463323
FixedParameters: 0 0 0

#Transform 62
Transform: AffineTransform_float_3_3
Parameters: 0.999997 0.00176053 -0.00200798 -0.00176054 0.999998 4.77549e-07 0.00200797 2.47754e-06 0.999998 -0.0623676 -0.0169601 -0.501387
FixedParameters: 0 0 0

#Transform 63
Transform: AffineTransform_float_3_3
Parameters: 0.999996 0.00183688 -0.002046 -0.00183746 0.999998 -0.000419172 0.00204529 0.000423829 0.999998 -0.0678773 0.00927009 -0.413952
FixedParameters: 0 0 0

#Transform 64
Transform: AffineTransform_float_3_3
Parameters: 0.999996 0.00170793 -0.00229622 -0.00170882 0.999998 -0.000440961 0.00229555 0.000444039 0.999997 -0.0750339 0.0277849 -0.393029
FixedParameters: 0 0 0

#Transform 65
Transform: AffineTransform_float_3_3
Parameters: 0.999996 0.00177662 -0.00214076 -0.00177612 0.999998 0.000118896 0.00214117 -0.000115103 0.999998 -0.0760522 0.00677512 -0.329742
FixedParameters: 0 0 0

#Transform 66
Transform: AffineTransform_float_3_3
Parameters: 0.999996 0.00214121 -0.00219836 -0.00214169 0.999998 -0.000365351 0.00219761 0.00037065 0.999998 -0.0786665 0.0277724 -0.40121
FixedParameters: 0 0 0

#Transform 67
Transform: AffineTransform_float_3_3
Parameters: 0.999995 0.00184944 -0.00234502 -0.00184829 0.999998 0.000699303 0.00234691 -0.000695697 0.999997 -0.0761973 -0.0143715 -0.358682
FixedParameters: 0 0 0

#Transform 68
Transform: AffineTransform_float_3_3
Parameters: 0.999995 0.00210717 -0.0024126 -0.00210849 0.999997 -0.000743951 0.00241112 0.00074905 0.999996 -0.0684804 0.0352074 -0.442953
FixedParameters: 0 0 0

#Transform 69
Transform: AffineTransform_float_3_3
Parameters: 0.999995 0.00212512 -0.00230634 -0.00212527 0.999998 -3.01327e-05 0.0023062 3.4867e-05 0.999997 -0.0895587 0.00828259 -0.355264
FixedParameters: 0 0 0

#Transform 70
Transform: AffineTransform_float_3_3
Parameters: 0.999994 0.00237157 -0.00256178 -0.00237366 0.999997 -0.000656934 0.00256047 0.000663066 0.999997 -0.0907082 0.0342668 -0.36721
FixedParameters: 0 0 0

#Transform 71
Transform: AffineTransform_float_3_3
Parameters: 0.999994 0.00209207 -0.0025172 -0.00209199 0.999998 -0.000207769 0.00251716 0.000213233 0.999996 -0.102366 0.0297703 -0.403141
FixedParameters: 0 0 0

#Transform 72
Transform: AffineTransform_float_3_3
Parameters: 0.999994 0.00209111 -0.00251801 -0.00209181 0.999997 -0.000590596 0.0025172 0.000595408 0.999997 -0.11401 0.0626443 -0.322716
FixedParameters: 0 0 0

#Transform 73
Transform: AffineTransform_float_3_3
Parameters: 0.999991 0.00350334 -0.00210097 -0.0035008 0.999994 0.000986597 0.00210406 -0.000979404 0.999998 -0.147132 0.0316088 -0.341976
FixedParameters: 0 0 0

#Transform 74
Transform: AffineTransform_float_3_3
Parameters: 0.999999 0.000717059 -0.00124291 -0.000715419 0.999999 0.00157791 0.0012435 -0.00157709 0.999998 0.066396 0.037562 -0.179841
FixedParameters: 0 0 0

#Transform 75
Transform: AffineTransform_float_3_3
Parameters: 0.99998 0.00379637 -0.00516076 -0.00373196 0.999917 0.01237 0.00520803 -0.01235 0.99991 -0.174102 0.0150096 0.355116
FixedParameters: 0 0 0

#Transform 76
Transform: AffineTransform_float_3_3
Parameters: 0.999975 0.0012987 -0.00691838 -0.000898717 0.998343 0.057539 0.00698143 -0.057532 0.998319 -0.105733 0.172971 0.982594
FixedParameters: 0 0 0

#Transform 77
Transform: AffineTransform_float_3_3
Parameters: 0.999978 0.00173687 -0.00649385 -0.00128474 0.997616 0.0689977 0.00659854 -0.0689883 0.997595 -0.132003 0.491751 1.29272
FixedParameters: 0 0 0

#Transform 78
Transform: AffineTransform_float_3_3
Parameters: 0.999969 0.00235146 -0.00744121 -0.00197925 0.998766 0.0496108 0.00754877 -0.0495942 0.998741 -0.14913 0.0464371 0.579137
FixedParameters: 0 0 0

#Transform 79
Transform: AffineTransform_float_3_3
Parameters: 0.999947 0.00602622 -0.00833248 -0.00615639 0.999858 -0.0156813 0.00823634 0.0157317 0.999843 -0.22192 -0.158094 -0.942904
FixedParameters: 0 0 0

#Transform 80
Transform: AffineTransform_float_3_3
Parameters: 0.99996 0.00408278 -0.00786452 -0.00396005 0.999871 0.0155804 0.0079268 -0.0155486 0.999848 -0.209652 0.121054 -0.00214789
FixedParameters: 0 0 0

#Transform 81
Transform: AffineTransform_float_3_3
Parameters: 0.999966 0.00433954 -0.00710686 -0.00423311 0.999879 0.0149703 0.00717071 -0.0149397 0.999862 -0.208144 0.0261143 0.0886229
FixedParameters: 0 0 0

#Transform 82
Transform: AffineTransform_float_3_3
Parameters: 0.999966 0.00430997 -0.00695054 -0.00422946 0.999925 0.0114843 0.00699907 -0.0114547 0.99991 -0.198804 0.0702985 -0.0589133
FixedParameters: 0 0 0

#Transform 83
Transform: AffineTransform_float_3_3
Parameters: 0.999964 0.00449257 -0.00713088 -0.00440377 0.999913 0.0124654 0.00718668 -0.0124336 0.999897 -0.214859 0.0301007 0.0606824
FixedParameters: 0 0 0

#Transform 84
Transform: AffineTransform_float_3_3
Parameters: 0.999961 0.0043728 -0.007576 -0.00427995 0.999917 0.0121811 0.00762873 -0.0121479 0.999898 -0.223083 0.0617544 -0.127603
FixedParameters: 0 0 0

#Transform 85
Transform: AffineTransform_float_3_3
Parameters: 0.999951 0.00567915 -0.00810706 -0.00556592 0.999888 0.0138704 0.00818404 -0.0138236 0.999871 -0.276061 0.0228111 -0.501326
FixedParameters: 0 0 0

#Transform 86
Transform: AffineTransform_float_3_3
Parameters: 0.999964 0.00594342 -0.00607915 -0.00588291 0.999934 0.00985458 0.00613692 -0.00981842 0.999933 -0.327864 -0.143602 -0.362769
FixedParameters: 0 0 0

#Transform 87
Transform: AffineTransform_float_3_3
Parameters: 0.999968 0.00517708 -0.00620254 -0.00512719 0.999955 0.00804024 0.00624339 -0.00800878 0.999949 -0.285507 -0.0787564 -0.181138
FixedParameters: 0 0 0

#Transform 88
Transform: AffineTransform_float_3_3
Parameters: 0.999974 0.00472036 -0.0055479 -0.00468086 0.999965 0.00702818 0.00558036 -0.00700282 0.99996 -0.265575 -0.0216548 -0.169082
FixedParameters: 0 0 0

#Transform 89
Transform: AffineTransform_float_3_3
Parameters: 0.999975 0.00456441 -0.00537675 -0.00451969 0.999955 0.00826064 0.00541402 -0.00823636 0.999952 -0.245664 -0.0159374 -0.210357
FixedParameters: 0 0 0

#Transform 90
Transform: AffineTransform_float_3_3
Parameters: 0.999966 0.00577652 -0.00576043 -0.00578536 0.999982 -0.00148449 0.00575189 0.00151751 0.999983 -0.2471 -0.240216 -0.564808
FixedParameters: 0 0 0

#Transform 91
Transform: AffineTransform_float_3_3
Parameters: 0.99998 0.0025027 -0.00577948 -0.00248015 0.999989 0.00402104 0.00578901 -0.00400696 0.999975 -0.118135 -0.176067 -0.403487
FixedParameters: 0 0 0

#Transform 92
Transform: AffineTransform_float_3_3
Parameters: 0.999978 0.00108624 -0.00662143 -0.00107088 0.999997 0.00226519 0.00662351 -0.00225881 0.999976 -0.0834911 -0.0840748 -0.433833
FixedParameters: 0 0 0

#Transform 93
Transform: AffineTransform_float_3_3
Parameters: 0.999972 0.0018305 -0.00717354 -0.00180545 0.999992 0.00344236 0.00717966 -0.00342863 0.999968 -0.133139 -0.0674202 -0.358353
FixedParameters: 0 0 0

#Transform 94
Transform: AffineTransform_float_3_3
Parameters: 0.999979 0.0043033 -0.0048216 -0.00428517 0.999984 0.00372362 0.00483701 -0.00370337 0.999981 -0.217124 -0.0131816 -0.325432
FixedParameters: 0 0 0

#Transform 95
Transform: AffineTransform_float_3_3
Parameters: 0.999982 0.00355884 -0.00481014 -0.00354192 0.999987 0.00352552 0.00482358 -0.00350847 0.999982 -0.195637 -0.0694273 -0.329076
FixedParameters: 0 0 0

#Transform 96
Transform: AffineTransform_float_3_3
Parameters: 0.999979 0.0039784 -0.0050842 -0.00396242 0.999986 0.00326055 0.00509749 -0.00324045 0.999982 -0.20263 -0.047926 -0.349534
FixedParameters: 0 0 0

#Transform 97
Transform: AffineTransform_float_3_3
Parameters: 0.999981 0.00373697 -0.00503549 -0.00371692 0.999986 0.00393611 0.00504957 -0.00391789 0.999979 -0.220431 -0.101666 -0.35571
FixedParameters: 0 0 0

#Transform 98
Transform: AffineTransform_float_3_3
Parameters: 0.99998 0.00394211 -0.00490436 -0.00392355 0.999985 0.00377346 0.00491961 -0.00375354 0.999981 -0.216353 -0.0880175 -0.339227
FixedParameters: 0 0 0

#Transform 99
Transform: AffineTransform_float_3_3
Parameters: 0.999981 0.00387797 -0.00475501 -0.00386223 0.999987 0.00335557 0.00476823 -0.00333743 0.999983 -0.191082 -0.0555979 -0.314144
FixedParameters: 0 0 0

#Transform 100
Transform: AffineTransform_float_3_3
Parameters: 0.99998 0.00421296 -0.00484127 -0.00419186 0.999981 0.0043504 0.00485975 -0.0043296 0.999979 -0.210913 0.00144348 -0.286073
FixedParameters: 0 0 0

#Transform 101
Transform: AffineTransform_float_3_3
Parameters: 0.99998 0.00404404 -0.00481541 -0.00402866 0.999987 0.00317561 0.00482813 -0.0031554 0.999984 -0.219189 -0.0402439 -0.249
FixedParameters: 0 0 0

#Transform 102
Transform: AffineTransform_float_3_3
Parameters: 0.99998 0.00426128 -0.004714 -0.00425 0.999988 0.00232495 0.00472421 -0.00230505 0.999986 -0.218834 -0.0124952 -0.332087
FixedParameters: 0 0 0

#Transform 103
Transform: AffineTransform_float_3_3
Parameters: 0.999983 0.00371482 -0.00450668 -0.00370326 0.999991 0.00246183 0.00451539 -0.00244517 0.999987 -0.208796 -0.0203495 -0.26145
FixedParameters: 0 0 0

#Transform 104
Transform: AffineTransform_float_3_3
Parameters: 0.999979 0.00424175 -0.00474889 -0.00422697 0.999987 0.003052 0.00476166 -0.003032 0.999984 -0.23986 0.0211607 -0.30965
FixedParameters: 0 0 0

#Transform 105
Transform: AffineTransform_float_3_3
Parameters: 0.999978 0.00481914 -0.00440144 -0.00479923 0.999979 0.00436347 0.00442189 -0.00434252 0.999981 -0.258296 -0.0393547 -0.148282
FixedParameters: 0 0 0

#Transform 106
Transform: AffineTransform_float_3_3
Parameters: 0.999977 0.00476233 -0.00484884 -0.00474908 0.999985 0.00273155 0.00486157 -0.00270845 0.999985 -0.244017 0.0242346 -0.288691
FixedParameters: 0 0 0

#Transform 107
Transform: AffineTransform_float_3_3
Parameters: 0.999981 0.00421091 -0.00461859 -0.00419578 0.999986 0.00329828 0.00463241 -0.00327872 0.999984 -0.235872 -0.023934 -0.218885
FixedParameters: 0 0 0

#Transform 108
Transform: AffineTransform_float_3_3
Parameters: 0.99998 0.00445903 -0.00449069 -0.00443981 0.999981 0.00440257 0.00450965 -0.00438244 0.99998 -0.221807 -0.0228783 -0.249491
FixedParameters: 0 0 0

#Transform 109
Transform: AffineTransform_float_3_3
Parameters: 0.99998 0.00411097 -0.00479479 -0.00409315 0.999985 0.00367871 0.00481039 -0.00365928 0.999982 -0.194584 0.00393015 -0.258443
FixedParameters: 0 0 0

#Transform 110
Transform: AffineTransform_float_3_3
Parameters: 0.99998 0.00408189 -0.00479549 -0.00409009 0.999991 -0.00157643 0.00478853 0.00159657 0.999987 -0.145036 -0.0921397 -0.700285
FixedParameters: 0 0 0

#Transform 111
Transform: AffineTransform_float_3_3
Parameters: 0.999968 0.00397264 -0.0070373 -0.00410716 0.999806 -0.0192789 0.00695958 0.0193071 0.999789 -0.156766 -0.368085 -1.38467
FixedParameters: 0 0 0

#Transform 112
Transform: AffineTransform_float_3_3
Parameters: 0.99997 0.00422345 -0.00638917 -0.00434633 0.999803 -0.0193548 0.00630531 0.0193822 0.999792 -0.136402 -0.246956 -1.40141
FixedParameters: 0 0 0

#Transform 113
Transform: AffineTransform_float_3_3
Parameters: 0.999971 0.00428755 -0.00626492 -0.00436001 0.999922 -0.011699 0.00621496 0.011726 0.999912 -0.152585 -0.102459 -0.93471
FixedParameters: 0 0 0

#Transform 114
Transform: AffineTransform_float_3_3
Parameters: 0.999955 0.00725982 -0.0062002 -0.00724269 0.99997 0.00278682 0.00622069 -0.00274218 0.999976 -0.31994 -0.152704 -0.332019
FixedParameters: 0 0 0

#Transform 115
Transform: AffineTransform_float_3_3
Parameters: 0.999968 0.00594481 -0.00522742 -0.00594857 0.999982 -0.000796367 0.0052221 0.000826632 0.999986 -0.272245 -0.0499743 -0.5022
FixedParameters: 0 0 0

#Transform 116
Transform: AffineTransform_float_3_3
Parameters: 0.999971 0.00551493 -0.00535695 -0.00552821 0.999981 -0.00256332 0.00534245 0.00259268 0.999982 -0.257813 -0.0349224 -0.563846
FixedParameters: 0 0 0

#Transform 117
Transform: AffineTransform_float_3_3
Parameters: 0.999971 0.0055494 -0.00534255 -0.00556067 0.999982 -0.00215421 0.00532977 0.00218378 0.999983 -0.253213 -0.0593282 -0.564419
FixedParameters: 0 0 0

#Transform 118
Transform: AffineTransform_float_3_3
Parameters: 0.999966 0.0058316 -0.00580933 -0.00584302 0.999981 -0.00190388 0.00579837 0.00193812 0.999982 -0.281453 -0.058465 -0.458999
FixedParameters: 0 0 0

#Transform 119
Transform: AffineTransform_float_3_3
Parameters: 0.999967 0.00594877 -0.00554624 -0.00596256 0.999979 -0.00234109 0.00553244 0.0023739 0.999982 -0.258784 -0.00336608 -0.530995
FixedParameters: 0 0 0

#Transform 120
Transform: AffineTransform_float_3_3
Parameters: 0.999958 0.00653343 -0.00645891 -0.00654627 0.999977 -0.00190598 0.00644601 0.00194802 0.999977 -0.25759 -0.0154643 -0.457844
FixedParameters: 0 0 0

#Transform 121
Transform: AffineTransform_float_3_3
Parameters: 0.99996 0.00626669 -0.00641431 -0.00628173 0.999978 -0.0023597 0.00639926 0.0023993 0.999976 -0.254951 -0.0151047 -0.555752
FixedParameters: 0 0 0

#Transform 122
Transform: AffineTransform_float_3_3
Parameters: 0.999965 0.00610439 -0.00580821 -0.00611262 0.99998 -0.00141959 0.00579946 0.00145541 0.999983 -0.255514 -0.0706914 -0.504421
FixedParameters: 0 0 0

#Transform 123
Transform: AffineTransform_float_3_3
Parameters: 0.999961 0.00642523 -0.00602128 -0.00644143 0.999976 -0.00264959 0.00600471 0.00268841 0.999978 -0.264037 -0.0480952 -0.5614
FixedParameters: 0 0 0

#Transform 124
Transform: AffineTransform_float_3_3
Parameters: 0.999963 0.00607125 -0.00600758 -0.00608357 0.999979 -0.00201037 0.00599523 0.00204663 0.99998 -0.254452 -0.0519601 -0.5587
FixedParameters: 0 0 0

#Transform 125
Transform: AffineTransform_float_3_3
Parameters: 0.999964 0.00613153 -0.00582586 -0.00614954 0.999976 -0.00317833 0.0058059 0.00321467 0.999978 -0.245749 -0.0250514 -0.615593
FixedParameters: 0 0 0

#Transform 126
Transform: AffineTransform_float_3_3
Parameters: 0.999952 0.00635545 -0.00746499 -0.00638763 0.999971 -0.00425446 0.00743796 0.00430155 0.999964 -0.216691 0.0373826 -0.658267
FixedParameters: 0 0 0

#Transform 127
Transform: AffineTransform_float_3_3
Parameters: 0.999957 0.00663535 -0.00648234 -0.0066489 0.999975 -0.00221715 0.00646741 0.00225985 0.999977 -0.248798 0.0526131 -0.573982
FixedParameters: 0 0 0

#Transform 128
Transform: AffineTransform_float_3_3
Parameters: 0.99996 0.00631642 -0.00624702 -0.00632795 0.999978 -0.00194662 0.00623431 0.00198538 0.999978 -0.23642 -0.0282037 -0.441742
FixedParameters: 0 0 0

#Transform 129
Transform: AffineTransform_float_3_3
Parameters: 0.999962 0.00620158 -0.00609867 -0.00621332 0.999979 -0.00183815 0.00608709 0.00187585 0.99998 -0.225823 0.00989058 -0.530275
FixedParameters: 0 0 0

#Transform 130
Transform: AffineTransform_float_3_3
Parameters: 0.999959 0.00636223 -0.00634455 -0.00637677 0.999977 -0.00225556 0.00632953 0.00229644 0.999978 -0.252463 0.0184506 -0.470331
FixedParameters: 0 0 0

#Transform 131
Transform: AffineTransform_float_3_3
Parameters: 0.999963 0.00595082 -0.00622272 -0.00596206 0.999981 -0.00174863 0.00621215 0.00178536 0.999979 -0.241403 -0.00953427 -0.506044
FixedParameters: 0 0 0

#Transform 132
Transform: AffineTransform_float_3_3
Parameters: 0.999955 0.00664956 -0.00685157 -0.0066641 0.999975 -0.00215722 0.00683637 0.00220277 0.999974 -0.277548 0.013655 -0.523279
FixedParameters: 0 0 0

#Transform 133
Transform: AffineTransform_float_3_3
Parameters: 0.999962 0.0064891 -0.0059265 -0.00650021 0.999977 -0.00175499 0.00591507 0.001794 0.99998 -0.248492 -0.0334505 -0.535189
FixedParameters: 0 0 0

#Transform 134
Transform: AffineTransform_float_3_3
Parameters: 0.999962 0.00612675 -0.00619337 -0.00614444 0.999977 -0.00285702 0.00617555 0.00289497 0.999976 -0.236604 -0.0113334 -0.548033
FixedParameters: 0 0 0

#Transform 135
Transform: AffineTransform_float_3_3
Parameters: 0.999958 0.00649776 -0.0064753 -0.00651357 0.999976 -0.0024071 0.00645951 0.0024489 0.999976 -0.257309 -0.0043989 -0.56942
FixedParameters: 0 0 0

#Transform 136
Transform: AffineTransform_float_3_3
Parameters: 0.999957 0.00643032 -0.00658826 -0.00644324 0.999978 -0.00187351 0.00657617 0.00191649 0.999976 -0.259472 -0.0205199 -0.467149
FixedParameters: 0 0 0

#Transform 137
Transform: AffineTransform_float_3_3
Parameters: 0.999954 0.00706739 -0.00648383 -0.00707794 0.999973 -0.00164277 0.00647272 0.00168924 0.999978 -0.27915 0.0192738 -0.490102
FixedParameters: 0 0 0

#Transform 138
Transform: AffineTransform_float_3_3
Parameters: 0.999955 0.00685015 -0.00660084 -0.00686267 0.999974 -0.00192507 0.00658727 0.00197093 0.999976 -0.267789 0.0229699 -0.500226
FixedParameters: 0 0 0

#Transform 139
Transform: AffineTransform_float_3_3
Parameters: 0.999954 0.00706625 -0.0064982 -0.00707564 0.999974 -0.0014388 0.00648717 0.00148419 0.999978 -0.283349 0.0276101 -0.453452
FixedParameters: 0 0 0

#Transform 140
Transform: AffineTransform_float_3_3
Parameters: 0.999952 0.00737847 -0.00642904 -0.0073965 0.999968 -0.0028206 0.00640844 0.0028684 0.999976 -0.297666 0.0220821 -0.550375
FixedParameters: 0 0 0

#Transform 141
Transform: AffineTransform_float_3_3
Parameters: 0.99996 0.00641099 -0.00626037 -0.00642617 0.999977 -0.00242895 0.00624374 0.00246905 0.999978 -0.278535 -0.0653926 -0.56782
FixedParameters: 0 0 0

#Transform 142
Transform: AffineTransform_float_3_3
Parameters: 0.999955 0.00697616 -0.00635125 -0.00699747 0.99997 -0.00330947 0.00632878 0.00335354 0.999974 -0.288833 -0.00425204 -0.548522
FixedParameters: 0 0 0

#Transform 143
Transform: AffineTransform_float_3_3
Parameters: 0.999959 0.00656707 -0.00624065 -0.00658283 0.999975 -0.00259925 0.00622382 0.00264075 0.999977 -0.270759 -0.0198674 -0.523095
FixedParameters: 0 0 0

#Transform 144
Transform: AffineTransform_float_3_3
Parameters: 0.999968 0.00579956 -0.00538574 -0.00580271 0.999983 -0.000608903 0.00538199 0.000640098 0.999985 -0.20296 -0.00967129 -0.574913
FixedParameters: 0 0 0

#Transform 145
Transform: AffineTransform_float_3_3
Parameters: 0.999983 0.00206599 -0.00531429 -0.00203001 0.999974 0.00681543 0.00532861 -0.00680456 0.999962 0.0107982 -0.0138518 -0.709183
FixedParameters: 0 0 0

#Transform 146
Transform: AffineTransform_float_3_3
Parameters: 0.99999 0.00296131 -0.00332071 -0.00295652 0.999994 0.00158474 0.00332588 -0.00157426 0.999993 -0.0792254 0.0285112 -0.487952
FixedParameters: 0 0 0

#Transform 147
Transform: AffineTransform_float_3_3
Parameters: 0.999971 0.00560763 -0.00510709 -0.00560535 0.999984 0.00047561 0.00510961 -0.000447391 0.999987 -0.207721 -0.0341449 -0.408652
FixedParameters: 0 0 0

#Transform 148
Transform: AffineTransform_float_3_3
Parameters: 0.999947 0.00818897 -0.00623517 -0.00818918 0.999967 -8.2298e-05 0.00623424 0.000133705 0.99998 -0.360192 0.0930357 -0.25736
FixedParameters: 0 0 0

#Transform 149
Transform: AffineTransform_float_3_3
Parameters: 0.999901 0.0124048 -0.00661566 -0.0123879 0.99992 0.002603 0.0066474 -0.00252 0.999974 -0.633337 0.113126 -0.230716
FixedParameters: 0 0 0

#Transform 150
Transform: AffineTransform_float_3_3
Parameters: 0.998842 0.0480984 -0.000943442 -0.0480742 0.998692 0.0173913 0.00177864 -0.0173257 0.999848 -2.51211 -0.592946 -0.217433
FixedParameters: 0 0 0

#Transform 151
Transform: AffineTransform_float_3_3
Parameters: 0.999974 0.0056663 -0.00433583 -0.00563986 0.999965 0.00610098 0.00437033 -0.00607601 0.999971 -0.547778 -0.257124 -0.242653
FixedParameters: 0 0 0

#Transform 152
Transform: AffineTransform_float_3_3
Parameters: 0.99998 -0.00384167 -0.00488599 0.00392831 0.999834 0.0178111 0.00481754 -0.0178299 0.999829 0.133891 -0.629164 0.155648
FixedParameters: 0 0 0

#Transform 153
Transform: AffineTransform_float_3_3
Parameters: 0.9991 0.0384895 -0.0178271 -0.0374412 0.997739 0.0558288 0.0199357 -0.0551103 0.998281 -2.47086 -1.88393 -0.128964
FixedParameters: 0 0 0

#Transform 154
Transform: AffineTransform_float_3_3
Parameters: 0.999616 0.0277121 0.000954331 -0.0277255 0.998526 0.0466465 0.000340226 -0.0466554 0.998911 -1.3945 -0.94832 -0.597734
FixedParameters: 0 0 0

#Transform 155
Transform: AffineTransform_float_3_3
Parameters: 0.999894 0.0120766 -0.0081527 -0.011799 0.999376 0.033296 0.00855058 -0.033196 0.999413 0.273406 1.18788 -1.43326
FixedParameters: 0 0 0

#Transform 156
Transform: AffineTransform_float_3_3
Parameters: 0.999955 0.00709583 -0.00618629 -0.00699588 0.999846 0.0160722 0.00629952 -0.0160278 0.999852 -0.174171 0.030864 -0.65669
FixedParameters: 0 0 0

#Transform 157
Transform: AffineTransform_float_3_3
Parameters: 0.999967 0.00785327 -0.00206292 -0.00781093 0.999769 0.0200631 0.00221991 -0.0200459 0.999797 -0.166856 0.823271 -1.12373
FixedParameters: 0 0 0

#Transform 158
Transform: AffineTransform_float_3_3
Parameters: 0.999977 0.00640671 0.00193985 -0.00652107 0.997814 0.0657612 -0.00151502 -0.0657729 0.997834 0.731571 5.68719 -1.49334
FixedParameters: 0 0 0

#Transform 159
Transform: AffineTransform_float_3_3
Parameters: 0.999975 0.00669855 -0.00254917 -0.0065122 0.997738 0.0669111 0.00299207 -0.0668929 0.997756 0.154647 2.89258 -0.290447
FixedParameters: 0 0 0

#Transform 160
Transform: AffineTransform_float_3_3
Parameters: 0.999971 0.0071267 -0.00264226 -0.00696563 0.998372 0.0566184 0.00304158 -0.0565986 0.998392 -0.0386381 1.73308 -1.30453
FixedParameters: 0 0 0

#Transform 161
Transform: AffineTransform_float_3_3
Parameters: 0.999963 0.00842501 -0.00167451 -0.00824597 0.996124 0.0875758 0.00240595 -0.0875593 0.996157 0.387059 5.18797 -1.08099
FixedParameters: 0 0 0

#Transform 162
Transform: AffineTransform_float_3_3
Parameters: 0.999951 0.00815236 -0.00551427 -0.00770358 0.996999 0.0770229 0.00612548 -0.0769771 0.997014 -0.119328 1.59202 -0.155909
FixedParameters: 0 0 0

#Transform 163
Transform: AffineTransform_float_3_3
Parameters: 0.999951 0.00711591 -0.00698566 -0.00682663 0.999151 0.0406377 0.00726816 -0.0405883 0.99915 -0.184339 1.09014 -0.974442
FixedParameters: 0 0 0

#Transform 164
Transform: AffineTransform_float_3_3
Parameters: 0.999918 0.00808261 -0.00991967 -0.00796816 0.999902 0.0115267 0.0100115 -0.0114463 0.999884 -0.201755 0.598784 -1.76001
FixedParameters: 0 0 0

#Transform 165
Transform: AffineTransform_float_3_3
Parameters: 0.999926 0.00832749 -0.00893782 -0.00819806 0.999862 0.0144336 0.0090572 -0.0143594 0.999856 -0.282557 0.704589 -1.28289
FixedParameters: 0 0 0

#Transform 166
Transform: AffineTransform_float_3_3
Parameters: 0.999927 0.00903861 -0.00804652 -0.00893917 0.999884 0.012283 0.00815656 -0.012211 0.999892 -0.336387 0.673355 -1.17713
FixedParameters: 0 0 0

#Transform 167
Transform: AffineTransform_float_3_3
Parameters: 0.999918 0.00978247 -0.00819623 -0.00968915 0.999889 0.0113255 0.00830591 -0.0112456 0.999902 -0.346083 0.660365 -1.18222
FixedParameters: 0 0 0

#Transform 168
Transform: AffineTransform_float_3_3
Parameters: 0.999901 0.0104957 -0.00929762 -0.0103857 0.999876 0.0117519 0.00941926 -0.0116541 0.999888 -0.384527 0.634557 -1.11683
FixedParameters: 0 0 0

#Transform 169
Transform: AffineTransform_float_3_3
Parameters: 0.999879 0.0121482 -0.00972578 -0.0120541 0.999881 0.0096608 0.00984217 -0.00954221 0.999906 -0.387891 0.56599 -1.24377
FixedParameters: 0 0 0

#Transform 170
Transform: AffineTransform_float_3_3
Parameters: 0.999662 0.0245019 -0.00875281 -0.0242135 0.999204 0.0316929 0.00952312 -0.03147 0.999459 -0.91628 0.632942 -0.704133
FixedParameters: 0 0 0

#Transform 171
Transform: AffineTransform_float_3_3
Parameters: 0.998933 0.0435651 -0.0153763 -0.0431475 0.998718 0.0264847 0.0165099 -0.0257934 0.999532 -2.24012 -0.5292 -1.24733
FixedParameters: 0 0 0

#Transform 172
Transform: AffineTransform_float_3_3
Parameters: 0.999847 0.0141761 -0.010183 -0.0139199 0.999596 0.0248073 0.0105302 -0.0246617 0.999641 -0.811933 -0.415992 -1.03513
FixedParameters: 0 0 0

#Transform 173
Transform: AffineTransform_float_3_3
Parameters: 0.999938 0.00928431 -0.0062376 -0.00919332 0.999853 0.0144115 0.00637064 -0.0143535 0.999877 -0.596946 0.0310952 -0.736579
FixedParameters: 0 0 0

#Transform 174
Transform: AffineTransform_float_3_3
Parameters: 0.999864 0.0145145 -0.00789913 -0.0144117 0.999813 0.0129059 0.00808532 -0.0127901 0.999886 -0.824114 0.210826 -0.730037
FixedParameters: 0 0 0

#Transform 175
Transform: AffineTransform_float_3_3
Parameters: 0.999854 0.0152591 -0.00775198 -0.0151666 0.999814 0.0119287 0.00793236 -0.0118093 0.999899 -0.859566 0.228022 -0.725369
FixedParameters: 0 0 0

#Transform 176
Transform: AffineTransform_float_3_3
Parameters: 0.999842 0.016087 -0.00765762 -0.0159865 0.999786 0.0131288 0.00786694 -0.0130042 0.999885 -0.845929 0.254595 -0.808462
FixedParameters: 0 0 0

#Transform 177
Transform: AffineTransform_float_3_3
Parameters: 0.999836 0.0159774 -0.00844735 -0.015863 0.999784 0.0134694 0.00866117 -0.0133326 0.999874 -0.86396 0.219126 -0.688387
FixedParameters: 0 0 0

#Transform 178
Transform: AffineTransform_float_3_3
Parameters: 0.999834 0.0159205 -0.00878555 -0.0158137 0.999802 0.0120696 0.00897641 -0.0119284 0.999888 -0.86136 0.264649 -0.785445
FixedParameters: 0 0 0

#Transform 179
Transform: AffineTransform_float_3_3
Parameters: 0.999834 0.0159068 -0.00890084 -0.0157948 0.999797 0.0124785 0.00909794 -0.0123365 0.999883 -0.861608 0.234707 -0.76397
FixedParameters: 0 0 0

#Transform 180
Transform: AffineTransform_float_3_3
Parameters: 0.999835 0.0158604 -0.00884964 -0.0157415 0.999787 0.0133723 0.00906087 -0.0132316 0.999871 -0.861006 0.224025 -0.807253
FixedParameters: 0 0 0

#Transform 181
Transform: AffineTransform_float_3_3
Parameters: 0.999836 0.0157819 -0.00896657 -0.0156535 0.999776 0.014217 0.00918934 -0.014074 0.999859 -0.881501 0.300055 -1.02381
FixedParameters: 0 0 0

#Transform 182
Transform: AffineTransform_float_3_3
Parameters: 0.999814 0.0160831 -0.0106412 -0.0159089 0.999741 0.0162728 0.0109007 -0.0161002 0.999811 -0.866821 0.234678 -1.45624
FixedParameters: 0 0 0

#Transform 183
Transform: AffineTransform_float_3_3
Parameters: 0.999826 0.0161889 -0.00928538 -0.016061 0.999778 0.0136929 0.00950559 -0.0135411 0.999863 -0.896927 0.126622 -1.1158
FixedParameters: 0 0 0

#Transform 184
Transform: AffineTransform_float_3_3
Parameters: 0.999808 0.0168773 -0.0099705 -0.016756 0.999786 0.0121347 0.010173 -0.0119653 0.999877 -0.957125 0.206462 -0.920099
FixedParameters: 0 0 0

#Transform 185
Transform: AffineTransform_float_3_3
Parameters: 0.999799 0.0175353 -0.00979268 -0.0174224 0.999782 0.0114892 0.00999225 -0.0113158 0.999886 -0.972667 0.263894 -0.976019
FixedParameters: 0 0 0

#Transform 186
Transform: AffineTransform_float_3_3
Parameters: 0.999796 0.017674 -0.00972716 -0.0175478 0.999763 0.0128942 0.00995294 -0.0127209 0.99987 -0.972342 0.249637 -0.92025
FixedParameters: 0 0 0

#Transform 187
Transform: AffineTransform_float_3_3
Parameters: 0.99978 0.0183428 -0.0101788 -0.0182184 0.99976 0.0121724 0.0103998 -0.0119836 0.999874 -0.977775 0.279346 -1.01009
FixedParameters: 0 0 0

#Transform 188
Transform: AffineTransform_float_3_3
Parameters: 0.999784 0.0179724 -0.0105075 -0.0178358 0.999756 0.0130182 0.0107387 -0.0128279 0.99986 -0.977368 0.25864 -1
FixedParameters: 0 0 0

#Transform 189
Transform: AffineTransform_float_3_3
