# transform file /out/sourcedata/freesurfer/sub-v1s12x0050118_ses-1/mri/transforms/cc_up.lta
# created by oesteban on Sun Mar  8 14:10:13 2026

type      = 0 # LINEAR_VOX_TO_VOX
nxforms   = 1
mean      = 127.0000 127.0000 111.0000
sigma     = 10000.0000
1 4 4
9.996553659439087e-01 -4.830684978514910e-03 -2.580690756440163e-02 5.432414054870605e+00 
4.829076118767262e-03 9.999884366989136e-01 -1.246664760401472e-04 1.540177249908447e+01 
2.580720745027065e-02 -1.455191696309033e-11 9.996669888496399e-01 2.476268005371094e+01 
0.000000000000000e+00 0.000000000000000e+00 0.000000000000000e+00 1.000000000000000e+00 
src volume info
valid = 1  # volume info valid
filename = /out/sourcedata/freesurfer/sub-v1s12x0050118_ses-1/mri/norm.mgz
volume = 256 256 256
voxelsize = 1.000000000000000e+00 1.000000000000000e+00 1.000000000000000e+00
xras   = -1.000000000000000e+00 0.000000000000000e+00 0.000000000000000e+00
yras   = 0.000000000000000e+00 0.000000000000000e+00 -1.000000000000000e+00
zras   = 0.000000000000000e+00 1.000000000000000e+00 0.000000000000000e+00
cras   = 1.721992492675781e+00 9.716705322265625e+00 -2.128306579589844e+01
dst volume info
valid = 1  # volume info valid
filename = /out/sourcedata/freesurfer/sub-v1s12x0050118_ses-1/mri/norm.mgz
volume = 256 256 256
voxelsize = 1.000000000000000e+00 1.000000000000000e+00 1.000000000000000e+00
xras   = -1.000000000000000e+00 0.000000000000000e+00 0.000000000000000e+00
yras   = 0.000000000000000e+00 0.000000000000000e+00 -1.000000000000000e+00
zras   = 0.000000000000000e+00 1.000000000000000e+00 0.000000000000000e+00
cras   = 1.721992492675781e+00 9.716705322265625e+00 -2.128306579589844e+01
