# transform file /out/sourcedata/freesurfer/sub-v1s12x0050115_ses-1/mri/transforms/cc_up.lta
# created by oesteban on Sun Mar  8 14:09:41 2026

type      = 0 # LINEAR_VOX_TO_VOX
nxforms   = 1
mean      = 131.0000 133.0000 107.0000
sigma     = 10000.0000
1 4 4
9.945801496505737e-01 8.673775196075439e-02 5.733022838830948e-02 -1.694850349426270e+01 
-8.659400790929794e-02 9.962311387062073e-01 -4.991507623344660e-03 3.020393180847168e+01 
-5.754711478948593e-02 0.000000000000000e+00 9.983427524566650e-01 3.366545867919922e+01 
0.000000000000000e+00 0.000000000000000e+00 0.000000000000000e+00 1.000000000000000e+00 
src volume info
valid = 1  # volume info valid
filename = /out/sourcedata/freesurfer/sub-v1s12x0050115_ses-1/mri/norm.mgz
volume = 256 256 256
voxelsize = 1.000000000000000e+00 1.000000000000000e+00 1.000000000000000e+00
xras   = -1.000000000000000e+00 0.000000000000000e+00 0.000000000000000e+00
yras   = 0.000000000000000e+00 0.000000000000000e+00 -1.000000000000000e+00
zras   = 0.000000000000000e+00 1.000000000000000e+00 0.000000000000000e+00
cras   = -9.184768676757812e+00 3.905563354492188e+00 8.519760131835938e+00
dst volume info
valid = 1  # volume info valid
filename = /out/sourcedata/freesurfer/sub-v1s12x0050115_ses-1/mri/norm.mgz
volume = 256 256 256
voxelsize = 1.000000000000000e+00 1.000000000000000e+00 1.000000000000000e+00
xras   = -1.000000000000000e+00 0.000000000000000e+00 0.000000000000000e+00
yras   = 0.000000000000000e+00 0.000000000000000e+00 -1.000000000000000e+00
zras   = 0.000000000000000e+00 1.000000000000000e+00 0.000000000000000e+00
cras   = -9.184768676757812e+00 3.905563354492188e+00 8.519760131835938e+00
