#Insight Transform File V1.0
#Transform 0
Transform: AffineTransform_float_3_3
Parameters: 1 0.000128534 -0.000137011 -0.000128196 0.999999 0.00123202 0.000137327 -0.00123198 0.999999 0.0325332 -0.0191969 0.107116
FixedParameters: 0 0 0

#Transform 1
Transform: AffineTransform_float_3_3
Parameters: 0.999999 8.46445e-05 0.000807576 -8.51096e-05 1 0.000287931 -0.000807527 -0.000288068 0.999999 0.0411458 0.0895651 0.184729
FixedParameters: 0 0 0

#Transform 2
Transform: AffineTransform_float_3_3
Parameters: 0.999999 0.000297505 0.00129583 -0.000296697 1 -0.00107939 -0.00129626 0.00107862 0.999998 0.0460906 -0.040788 0.0204614
FixedParameters: 0 0 0

#Transform 3
Transform: AffineTransform_float_3_3
Parameters: 0.999999 0.000489501 0.00117051 -0.00048773 0.999998 -0.00202948 -0.00117218 0.00202952 0.999997 0.0579959 -0.0920493 -0.0905069
FixedParameters: 0 0 0

#Transform 4
Transform: AffineTransform_float_3_3
Parameters: 0.999999 0.00078934 0.00129485 -0.00078628 0.999996 -0.00267493 -0.00129765 0.00267407 0.999996 0.0368572 -0.0527498 -0.197611
FixedParameters: 0 0 0

#Transform 5
Transform: AffineTransform_float_3_3
Parameters: 0.999999 0.000606536 0.000765396 -0.000604321 0.999997 -0.00267448 -0.000767431 0.00267453 0.999996 0.0297607 -0.109688 -0.15083
FixedParameters: 0 0 0

#Transform 6
Transform: AffineTransform_float_3_3
Parameters: 1 0.000568221 0.000981415 -0.000565314 0.999994 -0.00339857 -0.00098286 0.00339843 0.999993 0.0440221 -0.0540249 -0.260434
FixedParameters: 0 0 0

#Transform 7
Transform: AffineTransform_float_3_3
Parameters: 1 0.000649682 0.00101993 -0.000646934 0.999994 -0.00324256 -0.00102272 0.00324144 0.999994 0.0555628 -0.0656662 -0.209985
FixedParameters: 0 0 0

#Transform 8
Transform: AffineTransform_float_3_3
Parameters: 0.999999 0.000449757 0.0011874 -0.000445554 0.999994 -0.00339844 -0.00118903 0.00339856 0.999994 0.0584346 -0.131422 -0.224566
FixedParameters: 0 0 0

#Transform 9
Transform: AffineTransform_float_3_3
Parameters: 0.999998 0.000692791 0.001523 -0.000686423 0.999993 -0.00365196 -0.00152553 0.00365104 0.999992 0.0834303 -0.0963688 -0.291093
FixedParameters: 0 0 0

#Transform 10
Transform: AffineTransform_float_3_3
Parameters: 0.999997 0.000742705 0.00206321 -0.00073689 0.999996 -0.00280433 -0.00206474 0.00280267 0.999994 0.115777 -0.174351 -0.292626
FixedParameters: 0 0 0

#Transform 11
Transform: AffineTransform_float_3_3
Parameters: 0.999999 0.000502881 0.000891024 -0.000500083 0.999995 -0.00318245 -0.000892908 0.00318155 0.999994 0.182002 -0.110986 -0.288219
FixedParameters: 0 0 0

#Transform 12
Transform: AffineTransform_float_3_3
Parameters: 1 0.00054196 0.000955217 -0.000538871 0.999995 -0.00312053 -0.000957282 0.00312047 0.999994 0.105562 -0.108285 -0.259415
FixedParameters: 0 0 0

#Transform 13
Transform: AffineTransform_float_3_3
Parameters: 1 0.000132133 0.00104283 -0.000128361 0.999995 -0.00323803 -0.00104336 0.00323797 0.999994 0.123889 -0.0905215 -0.280631
FixedParameters: 0 0 0

#Transform 14
Transform: AffineTransform_float_3_3
Parameters: 0.999999 0.000273673 0.00069345 -0.000271361 0.999993 -0.00374119 -0.000694181 0.00374081 0.999993 0.126507 -0.0303581 -0.284741
FixedParameters: 0 0 0

#Transform 15
Transform: AffineTransform_float_3_3
Parameters: 1 0.000152863 0.000552678 -0.000150342 0.999992 -0.00398508 -0.000552683 0.00398492 0.999992 0.0924139 -0.0831387 -0.32802
FixedParameters: 0 0 0

#Transform 16
Transform: AffineTransform_float_3_3
Parameters: 1 0.000191812 0.000548384 -0.00018996 0.99999 -0.00431211 -0.000548722 0.00431288 0.99999 0.12161 -0.0436425 -0.372752
FixedParameters: 0 0 0

#Transform 17
Transform: AffineTransform_float_3_3
Parameters: 1 -0.000163641 0.000587458 0.000166457 0.999988 -0.00502891 -0.000586479 0.0050291 0.999987 0.205508 -0.0501469 -0.362446
FixedParameters: 0 0 0

#Transform 18
Transform: AffineTransform_float_3_3
Parameters: 1 -0.000146475 0.000585663 0.000149809 0.999985 -0.00548691 -0.000584718 0.00548709 0.999985 0.188661 -0.104261 -0.398194
FixedParameters: 0 0 0

#Transform 19
Transform: AffineTransform_float_3_3
Parameters: 1 -0.000193953 0.000591018 0.000197803 0.999982 -0.00587788 -0.000589396 0.00587811 0.999982 0.185902 -0.0868283 -0.470318
FixedParameters: 0 0 0

#Transform 20
Transform: AffineTransform_float_3_3
Parameters: 1 -0.000195859 0.00107217 0.000202281 0.999982 -0.00587768 -0.00107119 0.00587832 0.999982 0.16628 -0.0836074 -0.413281
FixedParameters: 0 0 0

#Transform 21
Transform: AffineTransform_float_3_3
Parameters: 0.999999 -0.000150333 0.00122297 0.000156827 0.999985 -0.00554682 -0.00122153 0.00554719 0.999984 0.171143 -0.109785 -0.429437
FixedParameters: 0 0 0

#Transform 22
Transform: AffineTransform_float_3_3
Parameters: 0.999999 -0.000142127 0.000806819 0.000147942 0.999977 -0.00675588 -0.000805331 0.00675612 0.999977 0.168222 -0.0753123 -0.50267
FixedParameters: 0 0 0

#Transform 23
Transform: AffineTransform_float_3_3
Parameters: 1 5.74036e-05 0.000661708 -5.35641e-05 0.999982 -0.00590593 -0.000661945 0.00590607 0.999983 0.161469 -0.0854252 -0.404926
FixedParameters: 0 0 0

#Transform 24
Transform: AffineTransform_float_3_3
Parameters: 1 -2.50121e-05 0.000572254 2.87117e-05 0.999983 -0.00584297 -0.000571626 0.00584202 0.999983 0.15259 -0.0882771 -0.440137
FixedParameters: 0 0 0

#Transform 25
Transform: AffineTransform_float_3_3
Parameters: 0.999999 -3.30001e-05 0.000910312 3.81053e-05 0.999977 -0.00668586 -0.000910099 0.00668614 0.999977 0.160327 -0.0708166 -0.557036
FixedParameters: 0 0 0

#Transform 26
Transform: AffineTransform_float_3_3
Parameters: 1 -8.47131e-05 0.001084 9.0711e-05 0.999982 -0.0060278 -0.00108321 0.0060282 0.999981 0.175814 -0.0973418 -0.446492
FixedParameters: 0 0 0

#Transform 27
Transform: AffineTransform_float_3_3
Parameters: 1 -0.000210727 0.00100171 0.000217381 0.999976 -0.00690677 -0.00100001 0.00690622 0.999975 0.167771 -0.1131 -0.511729
FixedParameters: 0 0 0

#Transform 28
Transform: AffineTransform_float_3_3
Parameters: 0.999999 -0.000315379 0.000876073 0.000322266 0.999967 -0.00809572 -0.000873162 0.00809628 0.999967 0.19338 -0.0838757 -0.595858
FixedParameters: 0 0 0

#Transform 29
Transform: AffineTransform_float_3_3
Parameters: 0.999999 -0.000245638 0.000752094 0.000251063 0.999975 -0.00706081 -0.000750053 0.00706119 0.999975 0.169768 -0.123242 -0.490832
FixedParameters: 0 0 0

#Transform 30
Transform: AffineTransform_float_3_3
Parameters: 1 -4.42448e-05 0.00057451 4.82624e-05 0.999975 -0.00696497 -0.000573448 0.00696502 0.999975 0.166425 -0.0682864 -0.51891
FixedParameters: 0 0 0

#Transform 31
Transform: AffineTransform_float_3_3
Parameters: 1 -0.00028807 0.000602235 0.000293532 0.999967 -0.00803182 -0.000599135 0.00803217 0.999967 0.193349 -0.0505514 -0.617526
FixedParameters: 0 0 0

#Transform 32
Transform: AffineTransform_float_3_3
Parameters: 1 -0.000277512 0.000600826 0.000282213 0.999973 -0.00741184 -0.000598248 0.00741217 0.999973 0.192504 -0.103199 -0.523639
FixedParameters: 0 0 0

#Transform 33
Transform: AffineTransform_float_3_3
Parameters: 0.999999 -0.000336986 0.000803858 0.000342886 0.99997 -0.00765061 -0.000802007 0.00765039 0.999971 0.178485 -0.103206 -0.573404
FixedParameters: 0 0 0

#Transform 34
Transform: AffineTransform_float_3_3
Parameters: 0.999999 -0.00047426 0.000623856 0.000480077 0.999959 -0.00901871 -0.000618704 0.0090193 0.999959 0.172819 -0.0602973 -0.629622
FixedParameters: 0 0 0

#Transform 35
Transform: AffineTransform_float_3_3
Parameters: 1 -4.74644e-05 0.000522665 5.18378e-05 0.999968 -0.00809098 -0.000522438 0.00809103 0.999967 0.162234 -0.11226 -0.558542
FixedParameters: 0 0 0

#Transform 36
Transform: AffineTransform_float_3_3
Parameters: 1 -0.000190573 0.000591248 0.000195114 0.999966 -0.00823389 -0.000589538 0.00823411 0.999966 0.178292 -0.115448 -0.636303
FixedParameters: 0 0 0

#Transform 37
Transform: AffineTransform_float_3_3
Parameters: 0.999999 -0.000468724 0.000622856 0.000473683 0.999965 -0.0083377 -0.000618454 0.0083373 0.999965 0.177598 -0.101583 -0.571754
FixedParameters: 0 0 0

#Transform 38
Transform: AffineTransform_float_3_3
Parameters: 1 -0.000102861 0.000485705 0.000106868 0.999965 -0.00833795 -0.000484533 0.00833805 0.999965 0.16232 -0.114499 -0.608328
FixedParameters: 0 0 0

#Transform 39
Transform: AffineTransform_float_3_3
Parameters: 1 3.65554e-06 0.000569266 1.68374e-06 0.999959 -0.009061 -0.000568761 0.009061 0.999959 0.164083 -0.0956241 -0.664494
FixedParameters: 0 0 0

#Transform 40
Transform: AffineTransform_float_3_3
Parameters: 1 -0.000200668 0.000329116 0.000203986 0.99995 -0.00992493 -0.000326775 0.00992506 0.99995 0.155759 -0.0973105 -0.705315
FixedParameters: 0 0 0

#Transform 41
Transform: AffineTransform_float_3_3
Parameters: 1 -7.44913e-05 9.70569e-05 7.50834e-05 0.999962 -0.00873099 -9.6641e-05 0.00873101 0.999962 0.142613 -0.145998 -0.639215
FixedParameters: 0 0 0

#Transform 42
Transform: AffineTransform_float_3_3
Parameters: 1 -0.000222556 -0.000149535 0.000220369 0.999952 -0.00986304 0.00015181 0.00986297 0.999952 0.156073 -0.121561 -0.722175
FixedParameters: 0 0 0

#Transform 43
Transform: AffineTransform_float_3_3
Parameters: 1 -0.000291446 0.000196588 0.000292965 0.999952 -0.00979094 -0.000193641 0.00979106 0.999952 0.160226 -0.111208 -0.668116
FixedParameters: 0 0 0

#Transform 44
Transform: AffineTransform_float_3_3
Parameters: 1 -0.000266103 -2.083e-05 0.000265474 0.999955 -0.009414 2.38453e-05 0.00941399 0.999955 0.148293 -0.147285 -0.640747
FixedParameters: 0 0 0

#Transform 45
Transform: AffineTransform_float_3_3
Parameters: 1 -0.000439751 0.000523057 0.000445258 0.999944 -0.0105668 -0.000518155 0.0105672 0.999944 0.203999 -0.0946888 -0.74917
FixedParameters: 0 0 0

#Transform 46
Transform: AffineTransform_float_3_3
Parameters: 0.999999 -0.000290391 0.000732859 0.000296959 0.999955 -0.00946578 -0.000729551 0.00946523 0.999955 0.191387 -0.167819 -0.682367
FixedParameters: 0 0 0

#Transform 47
Transform: AffineTransform_float_3_3
Parameters: 0.999999 -0.000643824 0.000712241 0.000651035 0.999951 -0.00980852 -0.000705874 0.00980846 0.999951 0.216278 -0.139543 -0.736935
FixedParameters: 0 0 0

#Transform 48
Transform: AffineTransform_float_3_3
Parameters: 1 -0.00045616 0.000407213 0.000461172 0.999944 -0.0106408 -0.000403105 0.0106412 0.999944 0.227858 -0.103448 -0.722256
FixedParameters: 0 0 0

#Transform 49
Transform: AffineTransform_float_3_3
Parameters: 0.999999 -0.000370877 0.000801603 0.000377981 0.999953 -0.0097387 -0.000798446 0.00973832 0.999953 0.214201 -0.168676 -0.719201
FixedParameters: 0 0 0

#Transform 50
Transform: AffineTransform_float_3_3
Parameters: 0.999999 -0.000678204 0.000341364 0.000681604 0.999942 -0.0106838 -0.000334479 0.0106832 0.999943 0.256776 -0.11362 -0.782468
FixedParameters: 0 0 0

#Transform 51
Transform: AffineTransform_float_3_3
Parameters: 0.999999 -0.000377053 0.000885988 0.000386276 0.99995 -0.0100096 -0.000882484 0.0100093 0.999949 0.22631 -0.160809 -0.730512
FixedParameters: 0 0 0

#Transform 52
Transform: AffineTransform_float_3_3
Parameters: 0.999999 -0.000533814 0.000665051 0.000540621 0.99994 -0.0109466 -0.000659519 0.0109464 0.99994 0.247999 -0.154063 -0.842643
FixedParameters: 0 0 0

#Transform 53
Transform: AffineTransform_float_3_3
Parameters: 0.999999 -0.000604447 0.000508084 0.000609687 0.999941 -0.0108407 -0.00050136 0.0108413 0.999941 0.243522 -0.148357 -0.779939
FixedParameters: 0 0 0

#Transform 54
Transform: AffineTransform_float_3_3
Parameters: 1 -0.000670343 0.000844662 0.000679204 0.999944 -0.0104934 -0.00083762 0.0104936 0.999944 0.233853 -0.163642 -0.777015
FixedParameters: 0 0 0

#Transform 55
Transform: AffineTransform_float_3_3
Parameters: 0.999999 -0.000812566 0.000508539 0.000819002 0.999935 -0.0113666 -0.00049952 0.0113674 0.999936 0.247888 -0.106691 -0.790139
FixedParameters: 0 0 0

#Transform 56
Transform: AffineTransform_float_3_3
Parameters: 1 -0.000505634 0.000903046 0.000515744 0.999946 -0.0103815 -0.000897574 0.0103815 0.999946 0.2247 -0.156146 -0.754062
FixedParameters: 0 0 0

#Transform 57
Transform: AffineTransform_float_3_3
Parameters: 0.999999 -0.000804088 0.000933622 0.000814533 0.999933 -0.0115902 -0.000924755 0.0115908 0.999933 0.250468 -0.121022 -0.867744
FixedParameters: 0 0 0

#Transform 58
Transform: AffineTransform_float_3_3
Parameters: 0.999999 -0.000619465 0.000814608 0.000627696 0.999945 -0.0104865 -0.000808649 0.0104865 0.999944 0.226932 -0.156323 -0.738607
FixedParameters: 0 0 0

#Transform 59
Transform: AffineTransform_float_3_3
Parameters: 0.999999 -0.000582946 0.00062344 0.000589821 0.99994 -0.0109426 -0.000616941 0.0109434 0.99994 0.218359 -0.149521 -0.798001
FixedParameters: 0 0 0

#Transform 60
Transform: AffineTransform_float_3_3
Parameters: 0.999999 -0.000564376 0.00120818 0.00057791 0.999941 -0.0109113 -0.00120242 0.0109117 0.99994 0.238012 -0.107952 -0.766483
FixedParameters: 0 0 0

#Transform 61
Transform: AffineTransform_float_3_3
Parameters: 0.999999 -0.000746968 0.00112137 0.000758696 0.999944 -0.0105641 -0.00111326 0.0105648 0.999943 0.223577 -0.180162 -0.785637
FixedParameters: 0 0 0

#Transform 62
Transform: AffineTransform_float_3_3
Parameters: 0.999999 -0.000722699 0.00127214 0.00073726 0.999937 -0.011212 -0.00126336 0.011213 0.999937 0.218467 -0.113773 -0.795662
FixedParameters: 0 0 0

#Transform 63
Transform: AffineTransform_float_3_3
Parameters: 0.999999 -0.000415731 0.00142339 0.000430829 0.999941 -0.0107813 -0.00141867 0.0107817 0.999941 0.219314 -0.184076 -0.739286
FixedParameters: 0 0 0

#Transform 64
Transform: AffineTransform_float_3_3
Parameters: 0.999998 -0.000830529 0.00172344 0.000850358 0.999939 -0.0110204 -0.00171408 0.0110216 0.999938 0.229343 -0.145927 -0.838516
FixedParameters: 0 0 0

#Transform 65
Transform: AffineTransform_float_3_3
Parameters: 0.999998 -0.00115116 0.00191178 0.00117114 0.999946 -0.0103217 -0.00189985 0.0103243 0.999945 0.247301 -0.160641 -0.706971
FixedParameters: 0 0 0

#Transform 66
Transform: AffineTransform_float_3_3
Parameters: 0.999998 -0.000999754 0.00185683 0.00101821 0.999948 -0.010154 -0.00184639 0.010156 0.999947 0.245187 -0.15305 -0.751117
FixedParameters: 0 0 0

#Transform 67
Transform: AffineTransform_float_3_3
Parameters: 0.999997 -0.00115388 0.00187135 0.001175 0.999933 -0.0114427 -0.00185852 0.0114453 0.999933 0.24692 -0.110402 -0.793782
FixedParameters: 0 0 0

#Transform 68
Transform: AffineTransform_float_3_3
Parameters: 0.999997 -0.000941758 0.00198932 0.000961825 0.999946 -0.010383 -0.0019794 0.010385 0.999944 0.244893 -0.144688 -0.747392
FixedParameters: 0 0 0

#Transform 69
Transform: AffineTransform_float_3_3
Parameters: 0.999998 -0.0011307 0.00179264 0.00114832 0.999946 -0.0103198 -0.00178016 0.0103222 0.999945 0.240276 -0.139684 -0.773742
FixedParameters: 0 0 0

#Transform 70
Transform: AffineTransform_float_3_3
Parameters: 0.999997 -0.00079617 0.00222447 0.00082055 0.999943 -0.0106761 -0.00221584 0.0106769 0.99994 0.243744 -0.0968812 -0.734464
FixedParameters: 0 0 0

#Transform 71
Transform: AffineTransform_float_3_3
Parameters: 0.999997 -0.000955604 0.00220598 0.000977831 0.999949 -0.0100768 -0.00219623 0.0100793 0.999947 0.232752 -0.142619 -0.719412
FixedParameters: 0 0 0

#Transform 72
Transform: AffineTransform_float_3_3
Parameters: 0.999997 -0.00104472 0.00226407 0.00106865 0.999945 -0.0104625 -0.00225358 0.0104645 0.999943 0.240073 -0.115079 -0.77912
FixedParameters: 0 0 0

#Transform 73
Transform: AffineTransform_float_3_3
Parameters: 0.999997 -0.00121783 0.0021005 0.00123989 0.99994 -0.0108893 -0.00208735 0.0108917 0.999938 0.248498 -0.104023 -0.752511
FixedParameters: 0 0 0

#Transform 74
Transform: AffineTransform_float_3_3
Parameters: 0.999997 -0.000936413 0.00215443 0.000958536 0.999949 -0.0100617 -0.0021452 0.0100643 0.999947 0.245299 -0.156118 -0.738121
FixedParameters: 0 0 0

#Transform 75
Transform: AffineTransform_float_3_3
Parameters: 0.999996 -0.000975393 0.00240538 0.0010017 0.999941 -0.0107354 -0.00239457 0.0107376 0.999939 0.239794 -0.128085 -0.813791
FixedParameters: 0 0 0

#Transform 76
Transform: AffineTransform_float_3_3
Parameters: 0.999996 -0.00108067 0.00240574 0.00110668 0.99994 -0.0109051 -0.00239319 0.0109079 0.999938 0.242105 -0.104219 -0.755047
FixedParameters: 0 0 0

#Transform 77
Transform: AffineTransform_float_3_3
Parameters: 0.999996 -0.00119904 0.00228916 0.00122193 0.99995 -0.00990609 -0.00227691 0.00990889 0.999948 0.248847 -0.150347 -0.73744
FixedParameters: 0 0 0

#Transform 78
Transform: AffineTransform_float_3_3
Parameters: 0.999997 -0.00131501 0.00238627 0.00134112 0.999942 -0.0106657 -0.00237244 0.0106683 0.99994 0.250306 -0.115004 -0.823198
FixedParameters: 0 0 0

#Transform 79
Transform: AffineTransform_float_3_3
Parameters: 0.999996 -0.00118363 0.00235626 0.00120721 0.999947 -0.0101959 -0.0023434 0.0101981 0.999946 0.248869 -0.136208 -0.741462
FixedParameters: 0 0 0

#Transform 80
Transform: AffineTransform_float_3_3
Parameters: 0.999996 -0.00118315 0.00226272 0.00120616 0.999946 -0.0102912 -0.00225075 0.0102938 0.999944 0.248593 -0.158642 -0.768554
FixedParameters: 0 0 0

#Transform 81
Transform: AffineTransform_float_3_3
Parameters: 0.999996 -0.00202447 0.00191834 0.00204182 0.999952 -0.00954618 -0.00189862 0.00954982 0.999953 0.257696 -0.0759885 -0.700948
FixedParameters: 0 0 0

#Transform 82
Transform: AffineTransform_float_3_3
Parameters: 0.999997 -0.00149788 0.00217995 0.00151297 0.999972 -0.00720959 -0.0021696 0.00721341 0.999972 0.306777 -0.0942166 -0.410436
FixedParameters: 0 0 0

#Transform 83
Transform: AffineTransform_float_3_3
Parameters: 0.999996 -0.00164036 0.00252861 0.00165832 0.999974 -0.00697969 -0.00251683 0.00698431 0.999972 0.324569 -0.1197 -0.342388
FixedParameters: 0 0 0

#Transform 84
Transform: AffineTransform_float_3_3
Parameters: 0.999997 -0.000744646 0.00258128 0.000767759 0.999958 -0.00910171 -0.00257406 0.0091033 0.999956 0.225871 -0.130893 -0.750671
FixedParameters: 0 0 0

#Transform 85
Transform: AffineTransform_float_3_3
Parameters: 0.999995 -0.000635743 0.0030425 0.000661844 0.999962 -0.00869958 -0.00303744 0.00870142 0.999957 0.208766 -0.154868 -0.732141
FixedParameters: 0 0 0

#Transform 86
Transform: AffineTransform_float_3_3
Parameters: 0.999995 -0.000598162 0.00287461 0.000625196 0.999958 -0.0091809 -0.00286872 0.0091821 0.999954 0.220703 -0.177106 -0.789966
FixedParameters: 0 0 0

#Transform 87
Transform: AffineTransform_float_3_3
Parameters: 0.999996 -0.00124276 0.00247026 0.00126684 0.999951 -0.00984177 -0.00245807 0.00984523 0.999948 0.246333 -0.138125 -0.835421
FixedParameters: 0 0 0

#Transform 88
Transform: AffineTransform_float_3_3
Parameters: 0.999997 -0.000667389 0.00214099 0.000687165 0.999955 -0.00947332 -0.00213402 0.00947468 0.999953 0.220874 -0.179048 -0.778343
FixedParameters: 0 0 0

#Transform 89
Transform: AffineTransform_float_3_3
Parameters: 0.999996 -0.000956703 0.00258724 0.000983132 0.999944 -0.0105793 -0.00257682 0.0105817 0.999941 0.243091 -0.146785 -0.888705
FixedParameters: 0 0 0

#Transform 90
Transform: AffineTransform_float_3_3
Parameters: 0.999996 -0.000838124 0.0026793 0.000867037 0.999942 -0.0106574 -0.00267024 0.0106596 0.99994 0.241983 -0.188973 -0.814959
FixedParameters: 0 0 0

#Transform 91
Transform: AffineTransform_float_3_3
Parameters: 0.999995 -0.000946669 0.00277167 0.000976575 0.999941 -0.010863 -0.00276067 0.010865 0.999938 0.241158 -0.188944 -0.867687
FixedParameters: 0 0 0

#Transform 92
Transform: AffineTransform_float_3_3
Parameters: 0.999996 -0.00125033 0.00254481 0.00128112 0.999928 -0.0119245 -0.00252959 0.0119275 0.999926 0.275182 -0.133857 -0.90905
FixedParameters: 0 0 0

#Transform 93
Transform: AffineTransform_float_3_3
Parameters: 0.999994 -0.00128267 0.0030266 0.00131635 0.999937 -0.0111558 -0.00301215 0.0111592 0.999933 0.285404 -0.169189 -0.840746
FixedParameters: 0 0 0

#Transform 94
Transform: AffineTransform_float_3_3
Parameters: 0.999995 -0.00129374 0.00287423 0.00132632 0.999934 -0.0113849 -0.00285905 0.0113891 0.999931 0.288571 -0.135339 -0.926117
FixedParameters: 0 0 0

#Transform 95
Transform: AffineTransform_float_3_3
Parameters: 0.999994 -0.00163553 0.00286956 0.00166869 0.999929 -0.011779 -0.00285016 0.011783 0.999927 0.312824 -0.112336 -0.911245
FixedParameters: 0 0 0

#Transform 96
Transform: AffineTransform_float_3_3
Parameters: 0.999994 -0.00130305 0.00301494 0.00133668 0.999936 -0.0111917 -0.00299994 0.0111953 0.999933 0.288951 -0.167577 -0.889139
FixedParameters: 0 0 0

#Transform 97
Transform: AffineTransform_float_3_3
Parameters: 0.999997 -0.00138286 0.0021113 0.0014067 0.999935 -0.0113139 -0.00209533 0.0113171 0.999934 0.271821 -0.1377 -0.961848
FixedParameters: 0 0 0

#Transform 98
Transform: AffineTransform_float_3_3
Parameters: 0.999996 -0.00127115 0.00253979 0.00130264 0.999923 -0.0123055 -0.00252398 0.0123085 0.999922 0.291362 -0.116131 -0.941616
FixedParameters: 0 0 0

#Transform 99
Transform: AffineTransform_float_3_3
Parameters: 0.999995 -0.00123089 0.00271876 0.00126397 0.999928 -0.0119474 -0.00270372 0.0119506 0.999925 0.285482 -0.164357 -0.926376
FixedParameters: 0 0 0

#Transform 100
Transform: AffineTransform_float_3_3
Parameters: 0.999996 -0.00150336 0.00246873 0.00153526 0.999914 -0.0130411 -0.00244883 0.0130449 0.999912 0.306306 -0.143623 -1.02551
FixedParameters: 0 0 0

#Transform 101
Transform: AffineTransform_float_3_3
Parameters: 0.999995 -0.00140567 0.0026437 0.00143704 0.999927 -0.0120081 -0.00262631 0.0120119 0.999924 0.293313 -0.144046 -0.906924
FixedParameters: 0 0 0

#Transform 102
Transform: AffineTransform_float_3_3
Parameters: 0.999995 -0.00142901 0.00283694 0.00146359 0.999925 -0.0121256 -0.0028194 0.0121294 0.999922 0.307402 -0.147493 -0.954581
FixedParameters: 0 0 0

#Transform 103
Transform: AffineTransform_float_3_3
Parameters: 0.999996 -0.00156786 0.00244569 0.00160037 0.99991 -0.0133341 -0.00242516 0.0133379 0.999908 0.302225 -0.105554 -0.993788
FixedParameters: 0 0 0

#Transform 104
Transform: AffineTransform_float_3_3
Parameters: 0.999996 -0.00112717 0.0026726 0.00115909 0.999926 -0.0121017 -0.00265859 0.0121043 0.999923 0.267156 -0.172654 -0.914881
FixedParameters: 0 0 0

#Transform 105
Transform: AffineTransform_float_3_3
Parameters: 0.999995 -0.00128135 0.00265657 0.00131525 0.999917 -0.0128013 -0.00263987 0.0128047 0.999914 0.285068 -0.131204 -0.992506
FixedParameters: 0 0 0

#Transform 106
Transform: AffineTransform_float_3_3
Parameters: 0.999997 -0.00120126 0.00187819 0.00122178 0.999939 -0.0109477 -0.00186459 0.0109503 0.999938 0.288829 -0.147451 -0.852162
FixedParameters: 0 0 0

#Transform 107
Transform: AffineTransform_float_3_3
Parameters: 0.999999 -0.000417354 0.000768529 0.000427265 0.999911 -0.0133817 -0.000762148 0.0133813 0.99991 0.264578 -0.176557 -1.01789
FixedParameters: 0 0 0

#Transform 108
Transform: AffineTransform_float_3_3
Parameters: 0.999998 -0.000646157 0.00186211 0.000668635 0.999925 -0.0122177 -0.00185369 0.0122193 0.999923 0.248344 -0.100429 -0.856463
FixedParameters: 0 0 0

#Transform 109
Transform: AffineTransform_float_3_3
Parameters: 0.999997 -0.00098347 0.00222137 0.00100923 0.99993 -0.0117746 -0.00221021 0.0117774 0.999929 0.267799 -0.144195 -0.861844
FixedParameters: 0 0 0

#Transform 110
Transform: AffineTransform_float_3_3
Parameters: 0.999997 -0.00112338 0.00227642 0.00115066 0.999927 -0.0120763 -0.00226215 0.0120787 0.999924 0.260353 -0.127134 -0.900706
FixedParameters: 0 0 0

#Transform 111
Transform: AffineTransform_float_3_3
Parameters: 0.999995 -0.00167699 0.00276848 0.00171315 0.999912 -0.0131782 -0.0027461 0.0131828 0.999909 0.292525 -0.0972794 -0.96817
FixedParameters: 0 0 0

#Transform 112
Transform: AffineTransform_float_3_3
Parameters: 0.999995 -0.00138387 0.00258007 0.0014138 0.999932 -0.0116163 -0.00256354 0.0116197 0.999929 0.287236 -0.142999 -0.844623
FixedParameters: 0 0 0

#Transform 113
Transform: AffineTransform_float_3_3
Parameters: 0.999995 -0.00122327 0.00272013 0.00125616 0.999926 -0.0121094 -0.00270576 0.0121126 0.999923 0.291165 -0.121245 -0.889495
FixedParameters: 0 0 0

#Transform 114
Transform: AffineTransform_float_3_3
Parameters: 0.999996 -0.00149469 0.00243164 0.0015255 0.99992 -0.0125812 -0.00241259 0.0125848 0.999918 0.277453 -0.101435 -0.902297
FixedParameters: 0 0 0

#Transform 115
Transform: AffineTransform_float_3_3
Parameters: 0.999995 -0.0015203 0.00272349 0.00155305 0.999927 -0.0119496 -0.0027055 0.0119544 0.999925 0.294999 -0.167424 -0.857987
FixedParameters: 0 0 0

#Transform 116
Transform: AffineTransform_float_3_3
Parameters: 0.999994 -0.00151838 0.00310423 0.0015555 0.999925 -0.012151 -0.00308499 0.012156 0.999921 0.295902 -0.13233 -0.908386
FixedParameters: 0 0 0

#Transform 117
Transform: AffineTransform_float_3_3
Parameters: 0.999994 -0.00170791 0.00294476 0.00174253 0.999928 -0.0119137 -0.00292406 0.0119193 0.999925 0.297738 -0.0792525 -0.871361
FixedParameters: 0 0 0

#Transform 118
Transform: AffineTransform_float_3_3
Parameters: 0.999995 -0.00132192 0.00294542 0.00135663 0.999931 -0.0116597 -0.00292974 0.0116643 0.999928 0.293301 -0.148324 -0.847074
FixedParameters: 0 0 0

#Transform 119
Transform: AffineTransform_float_3_3
Parameters: 0.999994 -0.00137829 0.00299225 0.00141531 0.999924 -0.0122185 -0.00297444 0.0122225 0.999921 0.293801 -0.11801 -0.914764
FixedParameters: 0 0 0

#Transform 120
Transform: AffineTransform_float_3_3
Parameters: 0.999994 -0.00139978 0.00293273 0.00143643 0.999922 -0.0124396 -0.00291577 0.0124434 0.999918 0.314173 -0.12397 -0.866242
FixedParameters: 0 0 0

#Transform 121
Transform: AffineTransform_float_3_3
Parameters: 0.999995 -0.00151793 0.00275891 0.00154999 0.999931 -0.0116506 -0.00274091 0.0116544 0.999928 0.315304 -0.147104 -0.843287
FixedParameters: 0 0 0

#Transform 122
Transform: AffineTransform_float_3_3
Parameters: 0.999994 -0.00154118 0.00288968 0.00157677 0.999923 -0.0122902 -0.00287078 0.0122947 0.99992 0.295105 -0.117392 -0.921087
FixedParameters: 0 0 0

#Transform 123
Transform: AffineTransform_float_3_3
Parameters: 0.999994 -0.0015597 0.00330255 0.00160135 0.999917 -0.0127454 -0.00328194 0.0127506 0.999913 0.288823 -0.0926756 -0.931779
FixedParameters: 0 0 0

#Transform 124
Transform: AffineTransform_float_3_3
Parameters: 0.999995 -0.00138455 0.00306975 0.00142081 0.99993 -0.0117823 -0.00305303 0.0117867 0.999926 0.294203 -0.154556 -0.844076
FixedParameters: 0 0 0

#Transform 125
Transform: AffineTransform_float_3_3
Parameters: 0.999994 -0.00138079 0.00322086 0.00141796 0.999933 -0.0115101 -0.00320388 0.0115149 0.999929 0.290574 -0.118198 -0.873724
FixedParameters: 0 0 0

#Transform 126
Transform: AffineTransform_float_3_3
Parameters: 0.999994 -0.00183221 0.00286768 0.00186369 0.999939 -0.0109716 -0.00284696 0.0109774 0.999936 0.30492 -0.0908224 -0.82498
FixedParameters: 0 0 0

#Transform 127
Transform: AffineTransform_float_3_3
Parameters: 0.999995 -0.00169806 0.00288362 0.00172982 0.999937 -0.0111298 -0.00286519 0.0111342 0.999934 0.317814 -0.166564 -0.832444
FixedParameters: 0 0 0

#Transform 128
Transform: AffineTransform_float_3_3
Parameters: 0.999992 -0.00179629 0.00340588 0.00183587 0.999929 -0.0117765 -0.00338398 0.0117824 0.999924 0.32018 -0.13823 -0.911155
FixedParameters: 0 0 0

#Transform 129
Transform: AffineTransform_float_3_3
Parameters: 0.999993 -0.00177899 0.00322746 0.00181397 0.999941 -0.0107499 -0.00320835 0.010756 0.999937 0.31971 -0.147153 -0.818214
FixedParameters: 0 0 0

#Transform 130
Transform: AffineTransform_float_3_3
Parameters: 0.999993 -0.00183369 0.00330615 0.00187262 0.999931 -0.0115966 -0.00328536 0.0116024 0.999927 0.320399 -0.147714 -0.878049
FixedParameters: 0 0 0

#Transform 131
Transform: AffineTransform_float_3_3
Parameters: 0.999993 -0.00183512 0.00330072 0.00187234 0.999934 -0.0113396 -0.00327987 0.0113454 0.99993 0.334292 -0.104075 -0.823922
FixedParameters: 0 0 0

#Transform 132
Transform: AffineTransform_float_3_3
Parameters: 0.999992 -0.00203498 0.00347269 0.00207295 0.999935 -0.0112046 -0.00344963 0.0112114 0.999931 0.33669 -0.156509 -0.81864
FixedParameters: 0 0 0

#Transform 133
Transform: AffineTransform_float_3_3
Parameters: 0.999992 -0.00212266 0.0035839 0.00216536 0.999924 -0.0121241 -0.00355745 0.012132 0.99992 0.349 -0.10052 -0.889452
FixedParameters: 0 0 0

#Transform 134
Transform: AffineTransform_float_3_3
Parameters: 0.999989 -0.00229856 0.003914 0.00234344 0.999931 -0.0115175 -0.00388695 0.0115265 0.999926 0.367546 -0.150494 -0.854038
FixedParameters: 0 0 0

#Transform 135
Transform: AffineTransform_float_3_3
Parameters: 0.99999 -0.00228467 0.0038418 0.00232931 0.999927 -0.0118478 -0.00381444 0.0118572 0.999923 0.342209 -0.11012 -0.900978
FixedParameters: 0 0 0

#Transform 136
Transform: AffineTransform_float_3_3
Parameters: 0.999992 -0.00214466 0.00354927 0.0021835 0.999937 -0.0109589 -0.00352591 0.0109671 0.999934 0.336018 -0.102189 -0.781411
FixedParameters: 0 0 0

#Transform 137
Transform: AffineTransform_float_3_3
Parameters: 0.999992 -0.00183344 0.00373223 0.00187483 0.999935 -0.0112517 -0.00371117 0.0112583 0.999929 0.332441 -0.13942 -0.847861
FixedParameters: 0 0 0

#Transform 138
Transform: AffineTransform_float_3_3
Parameters: 0.999992 -0.00217175 0.00351369 0.0022144 0.999927 -0.011946 -0.00348813 0.011954 0.999923 0.333092 -0.103529 -0.841076
FixedParameters: 0 0 0

#Transform 139
Transform: AffineTransform_float_3_3
Parameters: 0.999991 -0.00214181 0.00368613 0.00218067 0.99994 -0.0106747 -0.00366295 0.0106833 0.999936 0.33045 -0.120295 -0.810109
FixedParameters: 0 0 0

#Transform 140
Transform: AffineTransform_float_3_3
Parameters: 0.999992 -0.00209639 0.00357418 0.00213928 0.999927 -0.0118872 -0.00354858 0.0118948 0.999923 0.338403 -0.0673802 -0.829027
FixedParameters: 0 0 0

#Transform 141
Transform: AffineTransform_float_3_3
Parameters: 0.999992 -0.00215374 0.00336343 0.00219142 0.999936 -0.0110995 -0.00333948 0.0111065 0.999932 0.339381 -0.126707 -0.804949
FixedParameters: 0 0 0

#Transform 142
Transform: AffineTransform_float_3_3
Parameters: 0.999991 -0.00203811 0.00375734 0.00208256 0.999928 -0.0117649 -0.00373241 0.0117721 0.999923 0.307308 -0.0813197 -0.875825
FixedParameters: 0 0 0

#Transform 143
Transform: AffineTransform_float_3_3
Parameters: 0.999993 -0.00166528 0.00322423 0.00170113 0.999936 -0.0111913 -0.00320487 0.0111967 0.999932 0.297204 -0.106649 -0.810364
FixedParameters: 0 0 0

#Transform 144
Transform: AffineTransform_float_3_3
Parameters: 0.999993 -0.00157619 0.00334682 0.00161665 0.999924 -0.0122473 -0.00332749 0.0122527 0.999919 0.300689 -0.112845 -0.901746
FixedParameters: 0 0 0

#Transform 145
Transform: AffineTransform_float_3_3
Parameters: 0.999992 -0.00174868 0.0034286 0.00179022 0.999923 -0.0122916 -0.00340677 0.0122974 0.999919 0.283314 -0.120201 -0.844877
FixedParameters: 0 0 0

#Transform 146
Transform: AffineTransform_float_3_3
Parameters: 0.999996 -0.00116245 0.00262608 0.00118855 0.999951 -0.00983066 -0.00261537 0.00983332 0.999948 0.170771 -0.224795 -1.08681
FixedParameters: 0 0 0

#Transform 147
Transform: AffineTransform_float_3_3
Parameters: 0.999997 -7.20212e-05 0.00266527 8.77276e-05 0.999982 -0.00597146 -0.00266463 0.00597153 0.999978 0.156356 -0.258744 -1.61732
FixedParameters: 0 0 0

#Transform 148
Transform: AffineTransform_float_3_3
Parameters: 0.999994 0.000583382 0.00341859 -0.000564926 0.999985 -0.00544634 -0.00342186 0.00544366 0.99998 0.210848 -0.0531188 -0.717894
FixedParameters: 0 0 0

#Transform 149
Transform: AffineTransform_float_3_3
Parameters: 0.999996 0.0002257 0.00306404 -0.00020139 0.999969 -0.00787713 -0.00306589 0.00787588 0.999965 0.221091 -0.0468322 -0.826708
FixedParameters: 0 0 0

#Transform 150
Transform: AffineTransform_float_3_3
Parameters: 0.999996 6.88267e-05 0.00258472 -4.71412e-05 0.999966 -0.00825582 -0.00258447 0.00825517 0.999962 0.22449 -0.00350251 -0.855017
FixedParameters: 0 0 0

#Transform 151
Transform: AffineTransform_float_3_3
Parameters: 0.999997 1.66489e-05 0.0027326 6.26074e-06 0.999965 -0.00843369 -0.00273326 0.00843331 0.99996 0.219713 0.00695498 -0.875662
FixedParameters: 0 0 0

#Transform 152
Transform: AffineTransform_float_3_3
Parameters: 0.999996 0.0001663 0.00258477 -0.000143906 0.999963 -0.00858209 -0.00258613 0.00858191 0.99996 0.220487 0.00364747 -0.893343
FixedParameters: 0 0 0

#Transform 153
Transform: AffineTransform_float_3_3
Parameters: 0.999995 0.000337589 0.00295779 -0.000312618 0.999963 -0.00858855 -0.00296066 0.00858745 0.999958 0.213943 0.0308871 -0.895904
FixedParameters: 0 0 0

#Transform 154
Transform: AffineTransform_float_3_3
Parameters: 0.999997 -0.000137267 0.00261462 0.000160912 0.999956 -0.00935829 -0.0026132 0.00935871 0.999953 0.209059 -0.0343985 -0.955429
FixedParameters: 0 0 0

#Transform 155
Transform: AffineTransform_float_3_3
Parameters: 0.999997 9.26288e-06 0.00272676 1.73341e-05 0.999954 -0.00965768 -0.00272595 0.00965832 0.999949 0.203103 -0.0395685 -0.964939
FixedParameters: 0 0 0

#Transform 156
Transform: AffineTransform_float_3_3
Parameters: 0.999997 0.000240118 0.00214058 -0.00021914 0.999952 -0.00977329 -0.00214288 0.00977272 0.99995 0.195978 -0.0102756 -0.952443
FixedParameters: 0 0 0

#Transform 157
Transform: AffineTransform_float_3_3
Parameters: 0.999998 -0.000247036 0.00219178 0.000273936 0.999925 -0.0121861 -0.00218868 0.0121869 0.999924 0.201772 -0.00575693 -1.07811
FixedParameters: 0 0 0

#Transform 158
Transform: AffineTransform_float_3_3
Parameters: 0.999998 0.000127108 0.00228363 -0.000101649 0.999936 -0.0112559 -0.00228449 0.011256 0.999934 0.191549 -0.077674 -1.02592
FixedParameters: 0 0 0

#Transform 159
Transform: AffineTransform_float_3_3
Parameters: 0.999997 -3.86012e-05 0.00243593 6.67503e-05 0.999933 -0.0115795 -0.00243577 0.0115795 0.99993 0.209887 -0.0294313 -1.10863
FixedParameters: 0 0 0

#Transform 160
Transform: AffineTransform_float_3_3
Parameters: 0.999999 5.00131e-05 0.00154683 -2.98919e-05 0.999915 -0.0129968 -0.00154777 0.0129962 0.999915 0.216021 -0.0109633 -1.07331
FixedParameters: 0 0 0

#Transform 161
Transform: AffineTransform_float_3_3
Parameters: 0.999998 3.77181e-05 0.00196574 -1.65708e-05 0.999943 -0.0107429 -0.00196612 0.0107432 0.999941 0.196658 -0.0370516 -0.978004
FixedParameters: 0 0 0

#Transform 162
Transform: AffineTransform_float_3_3
Parameters: 0.999998 3.27501e-05 0.00201279 -9.37187e-06 0.999933 -0.0115638 -0.00201386 0.0115642 0.999931 0.204426 -0.0329704 -1.03563
FixedParameters: 0 0 0

#Transform 163
Transform: AffineTransform_float_3_3
Parameters: 0.999999 0.00016886 0.00178349 -0.000145894 0.999921 -0.0125661 -0.00178515 0.0125659 0.99992 0.22139 0.0359148 -1.00949
FixedParameters: 0 0 0

#Transform 164
Transform: AffineTransform_float_3_3
Parameters: 0.999997 0.000100314 0.00242982 -7.17028e-05 0.999929 -0.0118629 -0.00243082 0.0118621 0.999926 0.202612 -0.0313672 -0.979426
FixedParameters: 0 0 0

#Transform 165
Transform: AffineTransform_float_3_3
Parameters: 0.999998 0.000225987 0.00207682 -0.000199793 0.999925 -0.0122842 -0.00207944 0.0122838 0.999923 0.213986 0.0154436 -1.04431
FixedParameters: 0 0 0

#Transform 166
Transform: AffineTransform_float_3_3
Parameters: 0.999999 -0.000275742 0.00154022 0.000293704 0.999938 -0.0111765 -0.00153715 0.0111776 0.999937 0.242991 0.0180593 -0.963613
FixedParameters: 0 0 0

#Transform 167
Transform: AffineTransform_float_3_3
Parameters: 0.999997 -5.1886e-05 0.00235298 7.9974e-05 0.999931 -0.0117635 -0.00235258 0.0117645 0.999928 0.220786 -0.0310819 -0.992996
FixedParameters: 0 0 0

#Transform 168
Transform: AffineTransform_float_3_3
Parameters: 0.999999 -7.29359e-05 0.00186227 9.57287e-05 0.999924 -0.0123747 -0.00186176 0.0123743 0.999921 0.234634 0.0151233 -1.07105
FixedParameters: 0 0 0

#Transform 169
Transform: AffineTransform_float_3_3
Parameters: 0.999999 -4.30207e-05 0.00184548 6.39077e-05 0.999932 -0.0116478 -0.00184392 0.0116482 0.99993 0.216214 0.0105702 -0.989223
FixedParameters: 0 0 0

#Transform 170
Transform: AffineTransform_float_3_3
Parameters: 0.999998 2.83423e-05 0.00230227 -2.1797e-06 0.999933 -0.0115797 -0.00230278 0.0115803 0.999931 0.230406 -0.0085392 -1.02767
FixedParameters: 0 0 0

#Transform 171
Transform: AffineTransform_float_3_3
Parameters: 0.999997 -0.000236448 0.00214544 0.000264097 0.99992 -0.0126242 -0.00214237 0.0126248 0.999918 0.244236 0.0197275 -1.03549
FixedParameters: 0 0 0

#Transform 172
Transform: AffineTransform_float_3_3
Parameters: 0.999997 -9.50995e-05 0.0025041 0.000125783 0.999929 -0.0119724 -0.0025024 0.0119726 0.999925 0.225492 -0.0303855 -1.01965
FixedParameters: 0 0 0

#Transform 173
Transform: AffineTransform_float_3_3
Parameters: 0.999997 -4.89059e-05 0.00223916 7.77373e-05 0.999918 -0.0127505 -0.0022386 0.0127505 0.999916 0.235538 -0.0141401 -1.10197
FixedParameters: 0 0 0

#Transform 174
Transform: AffineTransform_float_3_3
Parameters: 0.999997 -0.000124182 0.00253561 0.000154492 0.999931 -0.0117513 -0.00253328 0.0117517 0.999928 0.231735 0.00503816 -1.00193
FixedParameters: 0 0 0

#Transform 175
Transform: AffineTransform_float_3_3
Parameters: 0.999994 0.000346252 0.00345303 -0.000313536 0.999957 -0.00934251 -0.00345585 0.0093405 0.999951 0.26611 0.055343 -0.754252
FixedParameters: 0 0 0

#Transform 176
Transform: AffineTransform_float_3_3
Parameters: 0.999994 0.000687512 0.00356662 -0.000663003 0.999976 -0.0068888 -0.00357132 0.0068862 0.99997 0.264506 0.141513 -0.668561
FixedParameters: 0 0 0

#Transform 177
Transform: AffineTransform_float_3_3
Parameters: 0.99999 0.00024716 0.00442999 -0.000216714 0.999978 -0.00671408 -0.00443206 0.00671292 0.999967 0.324575 0.121004 -0.67953
FixedParameters: 0 0 0

#Transform 178
Transform: AffineTransform_float_3_3
Parameters: 0.999991 0.000357318 0.00422765 -0.000323436 0.999967 -0.00812251 -0.00422952 0.0081215 0.999958 0.318643 0.117116 -0.782295
FixedParameters: 0 0 0

#Transform 179
Transform: AffineTransform_float_3_3
Parameters: 0.999993 0.000248497 0.00367827 -0.000221218 0.999974 -0.00723612 -0.00367994 0.00723487 0.999967 0.292408 0.0256859 -0.75763
FixedParameters: 0 0 0

#Transform 180
Transform: AffineTransform_float_3_3
Parameters: 0.999992 -6.9263e-05 0.00386602 0.000105619 0.999956 -0.00938791 -0.0038646 0.00938808 0.999948 0.313699 0.0572674 -0.990734
FixedParameters: 0 0 0

#Transform 181
Transform: AffineTransform_float_3_3
Parameters: 0.999995 -0.00033213 0.00337458 0.000367645 0.999945 -0.0105333 -0.00337052 0.0105347 0.999939 0.320646 0.0307171 -0.979442
FixedParameters: 0 0 0

#Transform 182
Transform: AffineTransform_float_3_3
Parameters: 0.999993 -0.000414154 0.00375298 0.000455541 0.999939 -0.0110777 -0.00374801 0.0110793 0.999931 0.302621 0.0122651 -1.00989
FixedParameters: 0 0 0

#Transform 183
Transform: AffineTransform_float_3_3
Parameters: 0.999994 -0.000179923 0.00347372 0.000222322 0.999925 -0.0122237 -0.00347137 0.0122244 0.99992 0.325726 0.0323293 -1.08237
FixedParameters: 0 0 0

#Transform 184
Transform: AffineTransform_float_3_3
Parameters: 0.999993 -0.000388363 0.00367615 0.00042798 0.999943 -0.0106608 -0.00367243 0.0106622 0.999936 0.297862 0.00430029 -0.983062
FixedParameters: 0 0 0

#Transform 185
Transform: AffineTransform_float_3_3
Parameters: 0.999995 -0.000524088 0.00331304 0.000564994 0.999922 -0.0125127 -0.00330607 0.0125142 0.999916 0.312096 0.0536487 -1.05469
FixedParameters: 0 0 0

#Transform 186
Transform: AffineTransform_float_3_3
Parameters: 0.999995 -0.000467564 0.0032804 0.00050552 0.999933 -0.0115609 -0.00327523 0.0115631 0.999928 0.349202 0.0101217 -0.999215
FixedParameters: 0 0 0

#Transform 187
Transform: AffineTransform_float_3_3
Parameters: 0.999996 -0.000703601 0.00295095 0.000741398 0.999917 -0.0128885 -0.00294138 0.0128905 0.999912 0.353744 0.0483993 -1.10744
FixedParameters: 0 0 0

#Transform 188
Transform: AffineTransform_float_3_3
Parameters: 0.999995 -0.000500783 0.00292618 0.000535785 0.999929 -0.0119481 -0.00292019 0.0119498 0.999924 0.319994 0.0181213 -0.999484
FixedParameters: 0 0 0

#Transform 189
Transform: AffineTransform_float_3_3
