# transform file /out/sourcedata/freesurfer/sub-v1s12x0050116_ses-1/mri/transforms/cc_up.lta
# created by oesteban on Sun Mar  8 14:28:52 2026

type      = 0 # LINEAR_VOX_TO_VOX
nxforms   = 1
mean      = 129.0000 133.0000 115.0000
sigma     = 10000.0000
1 4 4
9.951638579368591e-01 -2.203492633998394e-02 9.572477638721466e-02 -6.550218582153320e+00 
2.193368785083294e-02 9.997571706771851e-01 2.109800698235631e-03 1.098475074768066e+01 
-9.574802964925766e-02 0.000000000000000e+00 9.954056143760681e-01 3.178033256530762e+01 
0.000000000000000e+00 0.000000000000000e+00 0.000000000000000e+00 1.000000000000000e+00 
src volume info
valid = 1  # volume info valid
filename = /out/sourcedata/freesurfer/sub-v1s12x0050116_ses-1/mri/norm.mgz
volume = 256 256 256
voxelsize = 1.000000000000000e+00 1.000000000000000e+00 1.000000000000000e+00
xras   = -1.000000000000000e+00 0.000000000000000e+00 0.000000000000000e+00
yras   = 0.000000000000000e+00 0.000000000000000e+00 -1.000000000000000e+00
zras   = 0.000000000000000e+00 1.000000000000000e+00 0.000000000000000e+00
cras   = -4.580764770507812e-01 4.631950378417969e+00 4.142402648925781e+00
dst volume info
valid = 1  # volume info valid
filename = /out/sourcedata/freesurfer/sub-v1s12x0050116_ses-1/mri/norm.mgz
volume = 256 256 256
voxelsize = 1.000000000000000e+00 1.000000000000000e+00 1.000000000000000e+00
xras   = -1.000000000000000e+00 0.000000000000000e+00 0.000000000000000e+00
yras   = 0.000000000000000e+00 0.000000000000000e+00 -1.000000000000000e+00
zras   = 0.000000000000000e+00 1.000000000000000e+00 0.000000000000000e+00
cras   = -4.580764770507812e-01 4.631950378417969e+00 4.142402648925781e+00
