#Insight Transform File V1.0
#Transform 0
Transform: AffineTransform_float_3_3
Parameters: 1 5.57089e-05 0.000176584 -5.57646e-05 1 0.000157799 -0.000176567 -0.000157818 1 0.0101503 0.0192173 0.0513299
FixedParameters: 0 0 0

#Transform 1
Transform: AffineTransform_float_3_3
Parameters: 1 0.000551267 -0.000200844 -0.000551578 0.999998 -0.0017882 0.000199992 0.00178839 0.999999 -0.0398345 0.0742178 0.0415569
FixedParameters: 0 0 0

#Transform 2
Transform: AffineTransform_float_3_3
Parameters: 0.999999 0.000695149 -0.000359945 -0.000695268 1 -0.000636657 0.000359995 0.000636485 1 -0.0577382 0.0629868 0.0529133
FixedParameters: 0 0 0

#Transform 3
Transform: AffineTransform_float_3_3
Parameters: 0.999999 0.000814371 -0.000296038 -0.000814566 0.999999 -0.000903548 0.000295502 0.000903358 0.999999 -0.0365624 0.0846785 0.198279
FixedParameters: 0 0 0

#Transform 4
Transform: AffineTransform_float_3_3
Parameters: 0.999999 0.000709347 -0.000700616 -0.000709248 0.999999 7.11489e-05 0.000700716 -7.01549e-05 1 -0.0346026 0.15437 0.197453
FixedParameters: 0 0 0

#Transform 5
Transform: AffineTransform_float_3_3
Parameters: 1 0.000533004 -0.0010477 -0.000532684 1 0.000762742 0.00104792 -0.000761556 0.999999 -0.0143118 0.114573 0.270914
FixedParameters: 0 0 0

#Transform 6
Transform: AffineTransform_float_3_3
Parameters: 1 0.000972909 -0.000692039 -0.000972993 1 -2.91432e-06 0.000691958 2.85483e-06 1 -0.0216494 0.158234 0.341054
FixedParameters: 0 0 0

#Transform 7
Transform: AffineTransform_float_3_3
Parameters: 0.999999 0.000709987 -0.0010533 -0.000705407 0.999991 0.00420552 0.00105635 -0.00420453 0.999991 0.095962 0.149756 1.44329
FixedParameters: 0 0 0

#Transform 8
Transform: AffineTransform_float_3_3
Parameters: 1 0.000209945 -0.00134047 -0.000193564 0.999927 0.0120484 0.00134266 -0.0120485 0.999927 0.104648 0.390853 1.43209
FixedParameters: 0 0 0

#Transform 9
Transform: AffineTransform_float_3_3
Parameters: 0.999999 2.03168e-05 -0.00121264 -1.19303e-05 0.999978 0.0065964 0.00121252 -0.00659674 0.999977 0.0998314 0.315808 1.36906
FixedParameters: 0 0 0

#Transform 10
Transform: AffineTransform_float_3_3
Parameters: 0.999999 0.000188749 -0.00131142 -0.000181268 0.999983 0.00581516 0.00131277 -0.00581505 0.999982 0.100144 0.368118 1.29538
FixedParameters: 0 0 0

#Transform 11
Transform: AffineTransform_float_3_3
Parameters: 0.999999 0.000146078 -0.00134363 -0.000136214 0.999974 0.00726043 0.00134555 -0.00726033 0.999973 0.103152 0.382777 1.62124
FixedParameters: 0 0 0

#Transform 12
Transform: AffineTransform_float_3_3
Parameters: 0.999999 0.000228878 -0.00100625 -0.000217783 0.99993 0.011865 0.00100859 -0.0118652 0.999929 0.113173 0.55629 1.85889
FixedParameters: 0 0 0

#Transform 13
Transform: AffineTransform_float_3_3
Parameters: 0.999998 -2.3531e-05 -0.00177546 4.50449e-05 0.999924 0.0123649 0.00177469 -0.0123654 0.999922 0.157286 0.581876 2.07011
FixedParameters: 0 0 0

#Transform 14
Transform: AffineTransform_float_3_3
Parameters: 0.999998 -0.000175572 -0.00197795 0.00019814 0.999938 0.011135 0.00197641 -0.011135 0.999937 0.151501 0.605219 1.90347
FixedParameters: 0 0 0

#Transform 15
Transform: AffineTransform_float_3_3
Parameters: 0.999998 -0.000225526 -0.00210419 0.000249485 0.999934 0.0115259 0.0021017 -0.0115266 0.999931 0.162554 0.577864 2.02106
FixedParameters: 0 0 0

#Transform 16
Transform: AffineTransform_float_3_3
Parameters: 0.999999 -4.14987e-05 -0.00123689 5.31981e-05 0.999953 0.00976276 0.00123693 -0.00976301 0.999952 0.162577 0.607207 1.91536
FixedParameters: 0 0 0

#Transform 17
Transform: AffineTransform_float_3_3
Parameters: 0.999999 -0.000263144 -0.000655852 0.000267537 0.999982 0.0060169 0.000654748 -0.0060171 0.999981 0.141973 0.351866 1.45322
FixedParameters: 0 0 0

#Transform 18
Transform: AffineTransform_float_3_3
Parameters: 1 0.000424244 -0.000435529 -0.000422935 0.999998 0.00186649 0.000436376 -0.00186686 0.999999 0.0534958 0.311684 0.668191
FixedParameters: 0 0 0

#Transform 19
Transform: AffineTransform_float_3_3
Parameters: 1 0.000593105 -0.00018323 -0.000592588 0.999999 0.00131422 0.000184881 -0.001314 0.999999 0.0472001 0.239364 0.544958
FixedParameters: 0 0 0

#Transform 20
Transform: AffineTransform_float_3_3
Parameters: 1 0.000534462 -0.000983578 -0.000533345 0.999999 0.000585435 0.00098411 -0.000584383 0.999999 0.0146906 0.267899 0.44012
FixedParameters: 0 0 0

#Transform 21
Transform: AffineTransform_float_3_3
Parameters: 0.999995 0.00101641 -0.00270335 -0.00101005 0.999996 0.00256074 0.00270606 -0.00255794 0.999993 -0.121763 0.572454 0.140295
FixedParameters: 0 0 0

#Transform 22
Transform: AffineTransform_float_3_3
Parameters: 0.999992 0.00254249 -0.00309322 -0.00253445 0.999993 0.00277207 0.00310074 -0.0027644 0.999991 -0.175888 0.798101 0.138308
FixedParameters: 0 0 0

#Transform 23
Transform: AffineTransform_float_3_3
Parameters: 0.999994 0.00280439 -0.00210517 -0.00279517 0.999986 0.00459118 0.00211792 -0.00458482 0.999987 -0.197475 0.565027 0.629888
FixedParameters: 0 0 0

#Transform 24
Transform: AffineTransform_float_3_3
Parameters: 0.999999 0.0012607 0.00102721 -0.00126707 0.999978 0.00643952 -0.00101882 -0.00644072 0.999978 0.189803 0.637264 2.39846
FixedParameters: 0 0 0

#Transform 25
Transform: AffineTransform_float_3_3
Parameters: 1 -5.60925e-05 -1.75309e-05 5.61e-05 0.999789 0.0205324 1.62639e-05 -0.0205327 0.999789 0.242075 1.00449 2.59198
FixedParameters: 0 0 0

#Transform 26
Transform: AffineTransform_float_3_3
Parameters: 1 0.0002529 -0.000524319 -0.000241991 0.999797 0.0201441 0.000529409 -0.0201443 0.999797 0.199199 1.07825 2.34954
FixedParameters: 0 0 0

#Transform 27
Transform: AffineTransform_float_3_3
Parameters: 0.999996 -0.000575304 0.00255362 0.000521059 0.999777 0.0211433 -0.00256544 -0.0211424 0.999773 0.429356 1.03629 3.72701
FixedParameters: 0 0 0

#Transform 28
Transform: AffineTransform_float_3_3
Parameters: 0.999979 0.000920833 0.00641885 -0.00103234 0.999849 0.0173459 -0.00640091 -0.0173525 0.999829 0.403073 0.92172 3.10204
FixedParameters: 0 0 0

#Transform 29
Transform: AffineTransform_float_3_3
Parameters: 0.99999 0.000158302 0.00454441 -0.000210622 0.999933 0.0116367 -0.00454178 -0.0116372 0.999922 0.349345 0.825053 2.48953
FixedParameters: 0 0 0

#Transform 30
Transform: AffineTransform_float_3_3
Parameters: 0.999999 -0.00034546 0.00176545 0.000339623 0.999994 0.00347331 -0.00176752 -0.00347316 0.999992 0.224178 0.59363 1.51846
FixedParameters: 0 0 0

#Transform 31
Transform: AffineTransform_float_3_3
Parameters: 0.999999 -0.00013503 0.00101846 0.000133885 1 0.00120627 -0.0010181 -0.00120606 0.999998 0.160043 0.555586 1.0659
FixedParameters: 0 0 0

#Transform 32
Transform: AffineTransform_float_3_3
Parameters: 0.999999 0.000524417 0.00067679 -0.000528129 0.999987 0.0050958 -0.000674392 -0.00509659 0.999987 0.150987 0.671004 1.25873
FixedParameters: 0 0 0

#Transform 33
Transform: AffineTransform_float_3_3
Parameters: 1 0.000337202 0.00105064 -0.000344365 0.999982 0.00608196 -0.00104876 -0.0060821 0.999981 0.151014 0.697593 1.20004
FixedParameters: 0 0 0

#Transform 34
Transform: AffineTransform_float_3_3
Parameters: 0.999998 0.000609139 0.00180548 -0.000627202 0.999952 0.00977299 -0.00179894 -0.00977444 0.99995 0.225846 0.776759 1.7176
FixedParameters: 0 0 0

#Transform 35
Transform: AffineTransform_float_3_3
Parameters: 0.999996 0.000594651 0.00248874 -0.000630875 0.99989 0.0148143 -0.00247898 -0.014816 0.999887 0.220127 0.94173 1.71449
FixedParameters: 0 0 0

#Transform 36
Transform: AffineTransform_float_3_3
Parameters: 0.99999 -0.000315313 0.00449337 0.000245353 0.999878 0.0156062 -0.00449793 -0.0156048 0.999868 0.270513 0.972176 2.06537
FixedParameters: 0 0 0

#Transform 37
Transform: AffineTransform_float_3_3
Parameters: 0.999973 -0.000216696 0.00736644 6.80267e-05 0.999797 0.0201573 -0.00736865 -0.0201562 0.99977 0.311762 0.94123 2.13496
FixedParameters: 0 0 0

#Transform 38
Transform: AffineTransform_float_3_3
Parameters: 0.999988 0.00113632 0.00463699 -0.00122906 0.999797 0.0201117 -0.00461367 -0.0201163 0.999787 0.193959 0.900324 1.62035
FixedParameters: 0 0 0

#Transform 39
Transform: AffineTransform_float_3_3
Parameters: 1 0.000194729 0.000628007 -0.000204777 0.999853 0.0171642 -0.000624855 -0.0171639 0.999852 0.211654 0.693656 0.979796
FixedParameters: 0 0 0

#Transform 40
Transform: AffineTransform_float_3_3
Parameters: 0.999998 0.00170315 -0.000136047 -0.0017005 0.999837 0.0179757 0.000165968 -0.0179754 0.999839 0.0348724 1.23467 1.31512
FixedParameters: 0 0 0

#Transform 41
Transform: AffineTransform_float_3_3
Parameters: 0.999993 0.00235287 -0.002896 -0.00231019 0.999888 0.0148068 0.00293095 -0.0148005 0.999886 -0.00597879 0.98325 1.52801
FixedParameters: 0 0 0

#Transform 42
Transform: AffineTransform_float_3_3
Parameters: 0.999998 0.00174459 -0.000884376 -0.00172889 0.999853 0.0170731 0.000914008 -0.0170711 0.999854 0.0565202 1.04214 1.58165
FixedParameters: 0 0 0

#Transform 43
Transform: AffineTransform_float_3_3
Parameters: 0.999999 0.00164566 -0.00070222 -0.00163217 0.999825 0.0186315 0.000732739 -0.0186304 0.999827 0.0742077 0.995561 1.65219
FixedParameters: 0 0 0

#Transform 44
Transform: AffineTransform_float_3_3
Parameters: 0.999998 0.00179695 -0.00100429 -0.00177712 0.999805 0.0196859 0.00103905 -0.0196844 0.999805 0.056745 1.07133 1.50216
FixedParameters: 0 0 0

#Transform 45
Transform: AffineTransform_float_3_3
Parameters: 0.999999 0.00137994 -0.000470229 -0.00136847 0.999754 0.0221279 0.0005005 -0.0221272 0.999755 0.121752 1.06774 2.02349
FixedParameters: 0 0 0

#Transform 46
Transform: AffineTransform_float_3_3
Parameters: 0.999999 0.000881682 -0.000111858 -0.000879064 0.999695 0.0246595 0.000133916 -0.0246588 0.999695 0.153117 1.18133 2.17119
FixedParameters: 0 0 0

#Transform 47
Transform: AffineTransform_float_3_3
Parameters: 1 0.000664078 -0.000466682 -0.000653581 0.999715 0.0238747 0.000482184 -0.023874 0.999714 0.174936 1.14502 2.38063
FixedParameters: 0 0 0

#Transform 48
Transform: AffineTransform_float_3_3
Parameters: 1 0.000526299 0.000959257 -0.000552055 0.999646 0.0265921 -0.000944172 -0.0265933 0.999646 0.193498 1.10542 2.2774
FixedParameters: 0 0 0

#Transform 49
Transform: AffineTransform_float_3_3
Parameters: 0.999992 0.000728511 0.00398056 -0.000825995 0.999698 0.0245405 -0.00396107 -0.0245437 0.999691 0.296645 1.17688 2.80303
FixedParameters: 0 0 0

#Transform 50
Transform: AffineTransform_float_3_3
Parameters: 0.999986 0.00041048 0.00523159 -0.000479001 0.999913 0.0131575 -0.00522524 -0.0131591 0.999899 0.26206 1.0393 1.72155
FixedParameters: 0 0 0

#Transform 51
Transform: AffineTransform_float_3_3
Parameters: 0.999998 0.000276093 0.00194104 -0.000306261 0.999878 0.0155762 -0.00193662 -0.0155764 0.999877 0.203829 0.904889 1.21447
FixedParameters: 0 0 0

#Transform 52
Transform: AffineTransform_float_3_3
Parameters: 0.999998 0.000736782 0.00191831 -0.000757903 0.999939 0.0110813 -0.00191051 -0.0110835 0.999937 0.179015 0.770006 0.687597
FixedParameters: 0 0 0

#Transform 53
Transform: AffineTransform_float_3_3
Parameters: 0.999999 0.000478059 0.00173681 -0.000493107 0.999959 0.00904338 -0.00173294 -0.00904427 0.999957 0.189661 0.659492 0.575886
FixedParameters: 0 0 0

#Transform 54
Transform: AffineTransform_float_3_3
Parameters: 0.999999 0.000319844 0.00135034 -0.00033112 0.999963 0.00856448 -0.0013473 -0.00856516 0.999963 0.198273 0.678633 0.663985
FixedParameters: 0 0 0

#Transform 55
Transform: AffineTransform_float_3_3
Parameters: 0.999999 0.000664408 0.00109871 -0.000674972 0.999958 0.00909696 -0.00109304 -0.00909728 0.999958 0.205217 0.665051 0.671706
FixedParameters: 0 0 0

#Transform 56
Transform: AffineTransform_float_3_3
Parameters: 0.999999 0.00061011 0.00120596 -0.000620805 0.999957 0.00926892 -0.00120062 -0.00927013 0.999957 0.195159 0.674744 0.571978
FixedParameters: 0 0 0

#Transform 57
Transform: AffineTransform_float_3_3
Parameters: 1 0.000543533 0.0007918 -0.00054945 0.999966 0.00816061 -0.000787249 -0.00816026 0.999967 0.189448 0.654347 0.654523
FixedParameters: 0 0 0

#Transform 58
Transform: AffineTransform_float_3_3
Parameters: 1 0.00061948 0.000944312 -0.000627596 0.999965 0.00834335 -0.000939458 -0.00834397 0.999965 0.19872 0.685008 0.598616
FixedParameters: 0 0 0

#Transform 59
Transform: AffineTransform_float_3_3
Parameters: 0.999999 0.000167202 0.000750978 -0.000173309 0.999963 0.00859647 -0.000749821 -0.00859695 0.999963 0.197937 0.67062 0.659897
FixedParameters: 0 0 0

#Transform 60
Transform: AffineTransform_float_3_3
Parameters: 1 0.000671158 0.000306839 -0.000673404 0.999972 0.00738475 -0.000302417 -0.00738513 0.999973 0.181146 0.682884 0.514587
FixedParameters: 0 0 0

#Transform 61
Transform: AffineTransform_float_3_3
Parameters: 0.999999 -0.00016168 0.000880845 0.00015507 0.999972 0.00747494 -0.000882667 -0.00747493 0.999971 0.150209 0.614917 0.363836
FixedParameters: 0 0 0

#Transform 62
Transform: AffineTransform_float_3_3
Parameters: 0.999999 0.000777583 0.00046999 -0.000778263 0.999998 0.00139844 -0.000468997 -0.00139918 0.999999 0.140626 0.48959 0.34132
FixedParameters: 0 0 0

#Transform 63
Transform: AffineTransform_float_3_3
Parameters: 1 0.000224144 0.000446782 -0.000227035 0.99998 0.00642961 -0.000444832 -0.0064299 0.99998 0.146148 0.568508 0.403559
FixedParameters: 0 0 0

#Transform 64
Transform: AffineTransform_float_3_3
Parameters: 1 0.000379273 0.000236126 -0.000380455 0.999986 0.0054121 -0.000234115 -0.00541228 0.999986 0.140555 0.560644 0.312116
FixedParameters: 0 0 0

#Transform 65
Transform: AffineTransform_float_3_3
Parameters: 1 0.000576449 -3.41202e-05 -0.000576037 0.999993 0.00364771 3.58239e-05 -0.00364763 0.999994 0.135284 0.563008 0.281694
FixedParameters: 0 0 0

#Transform 66
Transform: AffineTransform_float_3_3
Parameters: 1 0.00019919 0.00106822 -0.000207346 0.999969 0.00794575 -0.00106706 -0.00794651 0.999968 0.190043 0.552539 0.191032
FixedParameters: 0 0 0

#Transform 67
Transform: AffineTransform_float_3_3
Parameters: 0.999999 0.00173991 -0.000478154 -0.00173926 0.999998 0.00136829 0.000480932 -0.00136707 0.999999 0.0260321 0.439662 -0.937287
FixedParameters: 0 0 0

#Transform 68
Transform: AffineTransform_float_3_3
Parameters: 0.999993 0.00379877 0.000923815 -0.0037926 0.99997 -0.00670516 -0.00094923 0.00670128 0.999977 -0.0948693 0.166162 -0.703941
FixedParameters: 0 0 0

#Transform 69
Transform: AffineTransform_float_3_3
Parameters: 0.999998 0.00208599 0.00028961 -0.00208563 0.999997 -0.000958706 -0.000291523 0.000958363 0.999999 -0.000740984 0.412289 -0.64884
FixedParameters: 0 0 0

#Transform 70
Transform: AffineTransform_float_3_3
Parameters: 0.999999 0.00120802 0.000610958 -0.00120877 0.999999 0.00114821 -0.000609475 -0.00114892 0.999999 0.0340784 0.372564 -0.4487
FixedParameters: 0 0 0

#Transform 71
Transform: AffineTransform_float_3_3
Parameters: 0.999999 0.00112546 0.000547293 -0.00112662 0.999997 0.00226495 -0.000544575 -0.00226542 0.999997 0.040759 0.453317 -0.701856
FixedParameters: 0 0 0

#Transform 72
Transform: AffineTransform_float_3_3
Parameters: 0.999998 0.00154519 0.00112917 -0.00155964 0.999906 0.0136133 -0.00110764 -0.0136148 0.999907 0.0781394 0.758281 -0.875073
FixedParameters: 0 0 0

#Transform 73
Transform: AffineTransform_float_3_3
Parameters: 1 0.00081686 0.000274471 -0.00081896 0.999978 0.00654101 -0.000268557 -0.00654141 0.999978 0.12583 0.638021 -0.416167
FixedParameters: 0 0 0

#Transform 74
Transform: AffineTransform_float_3_3
Parameters: 0.999998 0.0021137 -6.01352e-06 -0.00211377 0.999982 0.0055531 1.7058e-05 -0.00555333 0.999985 0.116741 0.653253 -0.26389
FixedParameters: 0 0 0

#Transform 75
Transform: AffineTransform_float_3_3
Parameters: 0.999997 0.00218216 -0.00115093 -0.00217608 0.999983 0.00536665 0.00116283 -0.00536379 0.999985 0.0810824 0.69084 -0.339672
FixedParameters: 0 0 0

#Transform 76
Transform: AffineTransform_float_3_3
Parameters: 0.999997 0.00238668 -0.000699048 -0.0023825 0.99998 0.00585488 0.000712768 -0.00585363 0.999982 0.0941609 0.669433 -0.265233
FixedParameters: 0 0 0

#Transform 77
Transform: AffineTransform_float_3_3
Parameters: 0.999998 0.0022787 0.000371151 -0.00228155 0.999959 0.00879519 -0.00035098 -0.00879699 0.999961 0.144913 0.712152 -0.142889
FixedParameters: 0 0 0

#Transform 78
Transform: AffineTransform_float_3_3
Parameters: 0.999997 0.00234499 0.00116177 -0.00236864 0.999775 0.0211142 -0.00111305 -0.0211169 0.999776 0.195528 0.675116 0.179668
FixedParameters: 0 0 0

#Transform 79
Transform: AffineTransform_float_3_3
Parameters: 0.999994 0.00182607 0.00305283 -0.00189121 0.99977 0.0213582 -0.00301348 -0.0213628 0.999767 0.183716 0.843644 0.898939
FixedParameters: 0 0 0

#Transform 80
Transform: AffineTransform_float_3_3
Parameters: 0.999992 4.36436e-05 0.00407226 -0.000100473 0.999902 0.0139654 -0.0040711 -0.0139656 0.999895 0.230143 0.741906 0.616527
FixedParameters: 0 0 0

#Transform 81
Transform: AffineTransform_float_3_3
Parameters: 0.999991 0.00144762 0.00395613 -0.00150452 0.999897 0.0143228 -0.00393518 -0.0143291 0.99989 0.0796064 0.600789 0.386264
FixedParameters: 0 0 0

#Transform 82
Transform: AffineTransform_float_3_3
Parameters: 0.999978 0.00325138 0.00588319 -0.00334613 0.999865 0.016085 -0.00583063 -0.0161048 0.999853 -0.0713714 0.485411 -1.23362
FixedParameters: 0 0 0

#Transform 83
Transform: AffineTransform_float_3_3
Parameters: 0.999967 0.00491596 0.00653112 -0.00493499 0.999983 0.00306105 -0.00651577 -0.00309336 0.999974 -0.0490067 0.287458 -1.31037
FixedParameters: 0 0 0

#Transform 84
Transform: AffineTransform_float_3_3
Parameters: 0.999981 0.00253904 0.00561556 -0.00259077 0.999954 0.00917788 -0.00559214 -0.00919175 0.999942 0.0712887 0.282405 0.321086
FixedParameters: 0 0 0

#Transform 85
Transform: AffineTransform_float_3_3
Parameters: 0.999988 0.00259019 0.00417866 -0.00264089 0.999923 0.0121458 -0.00414702 -0.0121561 0.999918 0.0222843 0.614251 -0.173823
FixedParameters: 0 0 0

#Transform 86
Transform: AffineTransform_float_3_3
Parameters: 0.999992 0.00281815 0.00281208 -0.00284035 0.999967 0.00755335 -0.00279094 -0.00756178 0.999967 -0.0275339 0.50788 -0.75213
FixedParameters: 0 0 0

#Transform 87
Transform: AffineTransform_float_3_3
Parameters: 0.999989 0.00300523 0.00373009 -0.003056 0.999903 0.0135986 -0.00368943 -0.0136104 0.9999 -0.0100453 0.333055 -0.667669
FixedParameters: 0 0 0

#Transform 88
Transform: AffineTransform_float_3_3
Parameters: 0.999998 -9.94736e-05 0.00218557 7.52719e-05 0.999938 0.0111902 -0.00218672 -0.0111896 0.999935 0.0747873 0.404082 -0.386956
FixedParameters: 0 0 0

#Transform 89
Transform: AffineTransform_float_3_3
Parameters: 0.999999 -1.86778e-05 0.00153057 8.70166e-06 0.99998 0.00634852 -0.00153103 -0.00634824 0.999978 0.0925743 0.584471 -0.399292
FixedParameters: 0 0 0

#Transform 90
Transform: AffineTransform_float_3_3
Parameters: 0.999999 0.000125454 0.00147932 -0.000135861 0.999975 0.00696459 -0.00147869 -0.00696475 0.999974 0.0988157 0.572551 -0.308552
FixedParameters: 0 0 0

#Transform 91
Transform: AffineTransform_float_3_3
Parameters: 0.999999 0.00135415 0.00104487 -0.00136164 0.999968 0.00791925 -0.00103406 -0.00792073 0.999968 0.0183747 0.505683 -0.257149
FixedParameters: 0 0 0

#Transform 92
Transform: AffineTransform_float_3_3
Parameters: 0.999998 0.00226465 0.000721162 -0.00227007 0.999972 0.00722602 -0.000704797 -0.00722737 0.999973 -0.0587864 0.568668 -0.648625
FixedParameters: 0 0 0

#Transform 93
Transform: AffineTransform_float_3_3
Parameters: 0.999991 0.00297956 0.00307117 -0.00295578 0.999965 -0.00791619 -0.00309419 0.00790779 0.999964 -0.0141999 0.42254 -1.81757
FixedParameters: 0 0 0

#Transform 94
Transform: AffineTransform_float_3_3
Parameters: 0.999995 0.00178532 0.00231847 -0.00179516 0.99999 0.00414835 -0.00231041 -0.00415272 0.999988 0.0837124 0.375221 0.148772
FixedParameters: 0 0 0

#Transform 95
Transform: AffineTransform_float_3_3
Parameters: 0.999997 0.00146697 0.00182659 -0.00148049 0.999971 0.0075502 -0.001816 -0.00755239 0.99997 0.00564106 0.61071 -0.350799
FixedParameters: 0 0 0

#Transform 96
Transform: AffineTransform_float_3_3
Parameters: 0.999995 0.00168051 0.00268089 -0.00170424 0.999958 0.00899538 -0.00266567 -0.00900037 0.999956 0.0336137 0.523612 -0.816362
FixedParameters: 0 0 0

#Transform 97
Transform: AffineTransform_float_3_3
Parameters: 0.999999 0.000919165 0.00141741 -0.000928266 0.999976 0.0068891 -0.00141134 -0.00689063 0.999975 0.0805818 0.575264 -0.424087
FixedParameters: 0 0 0

#Transform 98
Transform: AffineTransform_float_3_3
Parameters: 0.999999 0.000827623 0.000914463 -0.000832961 0.999981 0.0061187 -0.000908762 -0.00612038 0.999981 0.04777 0.672396 -0.566417
FixedParameters: 0 0 0

#Transform 99
Transform: AffineTransform_float_3_3
Parameters: 0.999993 0.000523016 0.00354514 -0.000573609 0.999894 0.0145375 -0.0035371 -0.0145397 0.999888 0.124779 0.283221 -0.55238
FixedParameters: 0 0 0

#Transform 100
Transform: AffineTransform_float_3_3
Parameters: 0.999962 -0.000222771 0.008694 9.15221e-05 0.999887 0.0150353 -0.00869717 -0.0150339 0.999849 0.282794 0.0412593 -0.0733604
FixedParameters: 0 0 0

#Transform 101
Transform: AffineTransform_float_3_3
Parameters: 0.999974 -8.46344e-06 0.00719698 -7.43174e-05 0.999933 0.0115079 -0.00719724 -0.0115086 0.999908 0.30435 0.145905 0.0432645
FixedParameters: 0 0 0

#Transform 102
Transform: AffineTransform_float_3_3
Parameters: 0.999992 -0.000166212 0.00395101 0.000114343 0.999915 0.0130838 -0.00395273 -0.0130834 0.999907 0.185697 0.578468 -0.352336
FixedParameters: 0 0 0

#Transform 103
Transform: AffineTransform_float_3_3
Parameters: 0.999997 0.000365749 0.00266902 -0.000393448 0.999945 0.010531 -0.00266453 -0.0105322 0.999941 0.113879 0.475704 -0.579921
FixedParameters: 0 0 0

#Transform 104
Transform: AffineTransform_float_3_3
Parameters: 0.999997 0.000430279 0.00239404 -0.0004516 0.99996 0.00885149 -0.00238978 -0.00885253 0.999958 0.1098 0.576345 -0.682779
FixedParameters: 0 0 0

#Transform 105
Transform: AffineTransform_float_3_3
Parameters: 0.999997 0.000432746 0.00211444 -0.000453075 0.999955 0.00945184 -0.00211059 -0.00945319 0.999953 0.113303 0.536052 -0.56634
FixedParameters: 0 0 0

#Transform 106
Transform: AffineTransform_float_3_3
Parameters: 0.999998 0.000421965 0.00187432 -0.000438749 0.999957 0.00918913 -0.00187053 -0.00919015 0.999956 0.109118 0.579968 -0.654607
FixedParameters: 0 0 0

#Transform 107
Transform: AffineTransform_float_3_3
Parameters: 0.999998 0.000477192 0.00185477 -0.000493524 0.999961 0.00888526 -0.0018502 -0.00888705 0.999959 0.114564 0.572238 -0.533403
FixedParameters: 0 0 0

#Transform 108
Transform: AffineTransform_float_3_3
Parameters: 0.999998 0.000702993 0.00177426 -0.000715275 0.999975 0.00696057 -0.00176848 -0.0069615 0.999974 0.110694 0.603084 -0.609423
FixedParameters: 0 0 0

#Transform 109
Transform: AffineTransform_float_3_3
Parameters: 0.999999 0.000472117 0.00131698 -0.000480533 0.99998 0.0064203 -0.00131385 -0.00642122 0.999979 0.115242 0.543195 -0.476942
FixedParameters: 0 0 0

#Transform 110
Transform: AffineTransform_float_3_3
Parameters: 0.999998 0.000574309 0.00145402 -0.000584638 0.999972 0.0073977 -0.00144985 -0.00739914 0.999971 0.110791 0.626277 -0.597412
FixedParameters: 0 0 0

#Transform 111
Transform: AffineTransform_float_3_3
Parameters: 0.999999 0.000313215 0.00150307 -0.000325757 0.99997 0.00773749 -0.00150099 -0.00773744 0.999969 0.117192 0.594745 -0.480581
FixedParameters: 0 0 0

#Transform 112
Transform: AffineTransform_float_3_3
Parameters: 0.999999 0.000521171 0.00115551 -0.000530152 0.999975 0.00707114 -0.00115129 -0.00707195 0.999975 0.105322 0.648391 -0.59876
FixedParameters: 0 0 0

#Transform 113
Transform: AffineTransform_float_3_3
Parameters: 0.999999 0.000653156 0.0011946 -0.000661971 0.999975 0.00702791 -0.00118996 -0.00702897 0.999974 0.112411 0.596624 -0.52704
FixedParameters: 0 0 0

#Transform 114
Transform: AffineTransform_float_3_3
Parameters: 0.999998 0.000754185 0.00188031 -0.000766904 0.999974 0.00710114 -0.00187512 -0.00710246 0.999973 0.227801 0.472857 0.180378
FixedParameters: 0 0 0

#Transform 115
Transform: AffineTransform_float_3_3
Parameters: 0.999998 0.000211458 0.00169951 -0.000230032 0.999944 0.0105333 -0.00169736 -0.0105327 0.999943 0.243218 0.414999 0.357779
FixedParameters: 0 0 0

#Transform 116
Transform: AffineTransform_float_3_3
Parameters: 0.999995 0.00205004 0.00227152 -0.00207184 0.999947 0.010054 -0.00225047 -0.0100582 0.999947 0.23484 0.493889 0.310017
FixedParameters: 0 0 0

#Transform 117
Transform: AffineTransform_float_3_3
Parameters: 0.999998 -0.000118969 0.00206496 0.000105279 0.999979 0.00644769 -0.00206573 -0.00644729 0.999977 0.290682 0.376644 0.364256
FixedParameters: 0 0 0

#Transform 118
Transform: AffineTransform_float_3_3
Parameters: 0.999998 -0.000442028 0.00199785 0.000418264 0.999931 0.0117005 -0.00200281 -0.0117 0.999929 0.251153 0.581832 0.474824
FixedParameters: 0 0 0

#Transform 119
Transform: AffineTransform_float_3_3
Parameters: 0.999999 5.85541e-05 0.00130164 -7.23439e-05 0.999949 0.0101685 -0.00130052 -0.0101686 0.999948 0.221785 0.611481 0.345416
FixedParameters: 0 0 0

#Transform 120
Transform: AffineTransform_float_3_3
Parameters: 1 -8.64763e-05 0.000559622 8.15166e-05 0.999957 0.00932798 -0.000560696 -0.00932808 0.999957 0.208648 0.527588 0.337409
FixedParameters: 0 0 0

#Transform 121
Transform: AffineTransform_float_3_3
Parameters: 0.999999 8.37691e-05 0.000878729 -8.98283e-05 0.999976 0.00691947 -0.000878287 -0.00691986 0.999975 0.219508 0.556507 0.340613
FixedParameters: 0 0 0

#Transform 122
Transform: AffineTransform_float_3_3
Parameters: 0.999999 -0.000164407 0.00160451 0.000147177 0.999945 0.0105499 -0.00160585 -0.0105494 0.999943 0.212647 0.559807 0.122995
FixedParameters: 0 0 0

#Transform 123
Transform: AffineTransform_float_3_3
Parameters: 0.999996 0.00238735 -0.000578457 -0.00238151 0.999933 0.0113702 0.000605624 -0.0113689 0.999935 -0.313341 0.389604 -2.68952
FixedParameters: 0 0 0

#Transform 124
Transform: AffineTransform_float_3_3
Parameters: 0.999985 0.00511392 -0.00200035 -0.0051083 0.999984 0.00269875 0.00201358 -0.00268803 0.999994 -0.310815 -0.620318 -3.77073
FixedParameters: 0 0 0

#Transform 125
Transform: AffineTransform_float_3_3
Parameters: 0.999995 0.0033026 0.000473831 -0.00330883 0.999914 0.0126522 -0.000432282 -0.0126532 0.999919 -0.0579503 -0.211313 -3.01502
FixedParameters: 0 0 0

#Transform 126
Transform: AffineTransform_float_3_3
Parameters: 0.999995 0.00182824 -0.00239206 -0.00180386 0.999943 0.0105539 0.00241128 -0.0105493 0.999942 0.011944 0.262519 -1.61368
FixedParameters: 0 0 0

#Transform 127
Transform: AffineTransform_float_3_3
Parameters: 0.999999 0.000763351 -0.000959539 -0.000748287 0.999879 0.0155598 0.000971191 -0.0155593 0.999878 -0.015978 0.355111 -2.65988
FixedParameters: 0 0 0

#Transform 128
Transform: AffineTransform_float_3_3
Parameters: 0.999997 0.00121957 -0.002021 -0.00121642 0.999999 0.00144446 0.00202326 -0.00144157 0.999997 -0.0113366 0.168211 -2.63793
FixedParameters: 0 0 0

#Transform 129
Transform: AffineTransform_float_3_3
Parameters: 0.999998 0.00108956 -0.00172994 -0.00108627 0.999998 0.00181544 0.00173179 -0.00181368 0.999997 0.0350929 0.376437 -1.76632
FixedParameters: 0 0 0

#Transform 130
Transform: AffineTransform_float_3_3
Parameters: 0.999998 0.00147564 0.00055271 -0.00148503 0.999863 0.016478 -0.000528 -0.0164777 0.999864 0.123315 0.457059 -1.05486
FixedParameters: 0 0 0

#Transform 131
Transform: AffineTransform_float_3_3
Parameters: 0.999973 0.0074076 -0.000633186 -0.00739976 0.999908 0.0113349 0.000716865 -0.0113303 0.999936 0.520054 1.15218 -0.328892
FixedParameters: 0 0 0

#Transform 132
Transform: AffineTransform_float_3_3
Parameters: 0.999996 0.00273569 0.000166788 -0.00273792 0.999845 0.0174031 -0.00012002 -0.0174045 0.999848 0.295122 1.3054 -0.142447
FixedParameters: 0 0 0

#Transform 133
Transform: AffineTransform_float_3_3
Parameters: 0.999996 0.0024806 -0.00183238 -0.00245868 0.999928 0.0117362 0.00186098 -0.0117317 0.999929 0.197935 1.21395 -0.614621
FixedParameters: 0 0 0

#Transform 134
Transform: AffineTransform_float_3_3
Parameters: 0.999994 0.00253656 -0.00206292 -0.0025136 0.999935 0.0111187 0.00209078 -0.0111135 0.999937 0.170504 1.19433 -0.663071
FixedParameters: 0 0 0

#Transform 135
Transform: AffineTransform_float_3_3
Parameters: 0.999992 0.00293641 -0.00243945 -0.00291089 0.999942 0.010343 0.00246909 -0.0103359 0.999943 0.149045 1.24743 -0.73093
FixedParameters: 0 0 0

#Transform 136
Transform: AffineTransform_float_3_3
Parameters: 0.999994 0.00252378 -0.0024538 -0.00249975 0.999949 0.00973743 0.00247843 -0.00973128 0.99995 0.152159 1.23767 -0.70694
FixedParameters: 0 0 0

#Transform 137
Transform: AffineTransform_float_3_3
Parameters: 0.999994 0.00253903 -0.00244461 -0.0025168 0.999955 0.00912292 0.00246742 -0.00911747 0.999956 0.146072 1.26705 -0.780395
FixedParameters: 0 0 0

#Transform 138
Transform: AffineTransform_float_3_3
Parameters: 0.999993 0.00254182 -0.00259992 -0.00252097 0.999965 0.00788078 0.00261991 -0.00787407 0.999966 0.146504 1.19714 -0.686764
FixedParameters: 0 0 0

#Transform 139
Transform: AffineTransform_float_3_3
Parameters: 0.999993 0.00285123 -0.00224293 -0.00283412 0.999965 0.00780935 0.00226441 -0.00780219 0.999967 0.145538 1.25308 -0.74299
FixedParameters: 0 0 0

#Transform 140
Transform: AffineTransform_float_3_3
Parameters: 0.999993 0.00291182 -0.00255074 -0.00289499 0.999974 0.00656254 0.00256969 -0.00655488 0.999975 0.143084 1.21771 -0.624402
FixedParameters: 0 0 0

#Transform 141
Transform: AffineTransform_float_3_3
Parameters: 0.999992 0.00286558 -0.00270995 -0.00283622 0.999939 0.0106638 0.00273938 -0.0106562 0.99994 0.0725064 1.32949 -1.2273
FixedParameters: 0 0 0

#Transform 142
Transform: AffineTransform_float_3_3
Parameters: 0.999989 0.00470361 -0.00069145 -0.00470299 0.999988 0.00179772 0.000699511 -0.00179416 0.999998 -0.0184566 0.753585 -3.24759
FixedParameters: 0 0 0

#Transform 143
Transform: AffineTransform_float_3_3
Parameters: 0.999991 0.00386208 -0.00172456 -0.00385356 0.999979 0.00514679 0.00174454 -0.00513981 0.999985 0.0364734 0.638063 -1.78093
FixedParameters: 0 0 0

#Transform 144
Transform: AffineTransform_float_3_3
Parameters: 0.999987 0.0047682 -0.00207082 -0.00474286 0.999916 0.0120347 0.00212782 -0.0120249 0.999925 0.0439631 1.06474 -1.15154
FixedParameters: 0 0 0

#Transform 145
Transform: AffineTransform_float_3_3
Parameters: 0.999994 0.00336387 -0.0014415 -0.00334347 0.999891 0.0143903 0.00148979 -0.014385 0.999896 0.0588157 1.04471 -0.876132
FixedParameters: 0 0 0

#Transform 146
Transform: AffineTransform_float_3_3
Parameters: 0.999991 0.00387053 -0.00161052 -0.00384428 0.99987 0.0156478 0.00167107 -0.015642 0.999877 0.0520129 1.16388 -1.01252
FixedParameters: 0 0 0

#Transform 147
Transform: AffineTransform_float_3_3
Parameters: 0.999993 0.00332797 -0.00149854 -0.00330872 0.999918 0.0123701 0.00153902 -0.0123649 0.999922 0.0567829 1.07833 -0.950917
FixedParameters: 0 0 0

#Transform 148
Transform: AffineTransform_float_3_3
Parameters: 0.999994 0.00218757 -0.00295121 -0.00213697 0.999851 0.0171199 0.0029881 -0.0171132 0.999849 -0.253045 1.14887 -3.24042
FixedParameters: 0 0 0

#Transform 149
Transform: AffineTransform_float_3_3
Parameters: 0.999987 0.00492691 -0.000445243 -0.00492481 0.999974 0.00509906 0.000469933 -0.00509644 0.999987 -0.569686 -0.205816 -4.72535
FixedParameters: 0 0 0

#Transform 150
Transform: AffineTransform_float_3_3
Parameters: 0.999989 0.00453959 -9.28727e-05 -0.00453854 0.999905 0.0130307 0.000151517 -0.01303 0.999915 -0.376111 -0.57898 -4.33522
FixedParameters: 0 0 0

#Transform 151
Transform: AffineTransform_float_3_3
Parameters: 0.999996 0.00237959 -0.00129216 -0.00236537 0.999941 0.0106738 0.00131708 -0.0106704 0.999943 -0.248348 0.123856 -4.32139
FixedParameters: 0 0 0

#Transform 152
Transform: AffineTransform_float_3_3
Parameters: 0.999997 0.00189413 -0.00162267 -0.00187693 0.999943 0.0105151 0.0016419 -0.0105126 0.999943 -0.209867 0.294385 -4.1069
FixedParameters: 0 0 0

#Transform 153
Transform: AffineTransform_float_3_3
Parameters: 0.999991 0.00420373 -0.000941988 -0.00419985 0.999982 0.00422615 0.000959729 -0.00422177 0.99999 -0.264068 0.187636 -4.45858
FixedParameters: 0 0 0

#Transform 154
Transform: AffineTransform_float_3_3
Parameters: 0.999986 0.00517472 0.000238613 -0.00517572 0.99998 0.00377745 -0.000219452 -0.00377889 0.999993 -0.280056 -0.008555 -4.80978
FixedParameters: 0 0 0

#Transform 155
Transform: AffineTransform_float_3_3
Parameters: 0.999992 0.00337075 -0.00215616 -0.00335586 0.999972 0.00666441 0.00217764 -0.00665762 0.999975 -0.264809 -0.00675005 -4.4948
FixedParameters: 0 0 0

#Transform 156
Transform: AffineTransform_float_3_3
Parameters: 0.999991 0.00360959 -0.00230598 -0.00359039 0.99996 0.00815978 0.0023345 -0.00815192 0.999964 -0.228742 0.274117 -4.84208
FixedParameters: 0 0 0

#Transform 157
Transform: AffineTransform_float_3_3
Parameters: 0.999983 0.0048774 -0.00321945 -0.00489503 0.999974 -0.00535929 0.00319383 0.00537505 0.999981 -0.246439 0.537675 -4.05154
FixedParameters: 0 0 0

#Transform 158
Transform: AffineTransform_float_3_3
Parameters: 0.999998 0.00198695 0.00024273 -0.00199443 0.99929 0.0376165 -0.000168044 -0.0376169 0.999292 0.0450005 1.12275 -1.67684
FixedParameters: 0 0 0

#Transform 159
Transform: AffineTransform_float_3_3
Parameters: 0.999975 -0.00165527 0.00678423 0.00147277 0.99964 0.0267885 -0.00682654 -0.0267784 0.999618 0.368434 0.750785 -1.70326
FixedParameters: 0 0 0

#Transform 160
Transform: AffineTransform_float_3_3
Parameters: 0.999974 -0.00394598 0.00606998 0.00381075 0.999748 0.022102 -0.00615634 -0.0220786 0.999737 0.24949 0.425746 -2.22371
FixedParameters: 0 0 0

#Transform 161
Transform: AffineTransform_float_3_3
Parameters: 0.999976 -0.00135796 0.00669774 0.00115285 0.999535 0.030488 -0.00673608 -0.0304794 0.999512 0.113179 0.900439 -2.14125
FixedParameters: 0 0 0

#Transform 162
Transform: AffineTransform_float_3_3
Parameters: 0.999993 0.000762289 0.00369457 -0.000893567 0.999367 0.0355747 -0.00366572 -0.0355777 0.99936 -0.0630582 0.979034 -3.07088
FixedParameters: 0 0 0

#Transform 163
Transform: AffineTransform_float_3_3
Parameters: 0.999979 0.000368873 0.00640876 -0.000561035 0.999551 0.0299498 -0.00639476 -0.0299531 0.999531 0.0481492 0.908488 -3.17455
FixedParameters: 0 0 0

#Transform 164
Transform: AffineTransform_float_3_3
Parameters: 0.99998 6.26342e-05 0.0064249 -0.000246977 0.999589 0.0286787 -0.00642053 -0.0286787 0.999568 0.0621065 0.951023 -3.17246
FixedParameters: 0 0 0

#Transform 165
Transform: AffineTransform_float_3_3
Parameters: 0.999989 0.000502863 0.00464064 -0.000633375 0.999598 0.0283547 -0.00462481 -0.0283572 0.999587 0.0357545 1.01812 -3.1006
FixedParameters: 0 0 0

#Transform 166
Transform: AffineTransform_float_3_3
Parameters: 0.999991 0.000592082 0.00425462 -0.000702153 0.999668 0.0257784 -0.00423765 -0.0257815 0.999658 0.0758888 1.04616 -2.76935
FixedParameters: 0 0 0

#Transform 167
Transform: AffineTransform_float_3_3
Parameters: 0.999996 0.00143372 0.00255328 -0.00150749 0.999573 0.0291565 -0.00251051 -0.0291603 0.999572 -0.0408642 1.01374 -2.70732
FixedParameters: 0 0 0

#Transform 168
Transform: AffineTransform_float_3_3
Parameters: 0.999997 0.00192601 0.00109615 -0.00195606 0.999598 0.0282966 -0.00104079 -0.0282987 0.999599 -0.0129268 0.979028 -2.41911
FixedParameters: 0 0 0

#Transform 169
Transform: AffineTransform_float_3_3
Parameters: 0.999996 0.00195823 0.00186521 -0.00200564 0.999657 0.0260997 -0.00181313 -0.0261032 0.999657 -0.0453901 1.01348 -2.68585
FixedParameters: 0 0 0

#Transform 170
Transform: AffineTransform_float_3_3
Parameters: 0.999996 0.00188636 0.00192745 -0.00193711 0.999644 0.0266367 -0.0018773 -0.0266409 0.999643 -0.000225654 0.983485 -2.32644
FixedParameters: 0 0 0

#Transform 171
Transform: AffineTransform_float_3_3
Parameters: 0.999995 0.00198796 0.00201559 -0.00204152 0.999626 0.0272846 -0.0019602 -0.0272883 0.999625 -0.0476872 1.05227 -2.59102
FixedParameters: 0 0 0

#Transform 172
Transform: AffineTransform_float_3_3
Parameters: 0.999998 0.00172012 0.000985738 -0.00174669 0.999644 0.0266313 -0.000940064 -0.0266333 0.999645 -0.0133236 0.992128 -2.35996
FixedParameters: 0 0 0

#Transform 173
Transform: AffineTransform_float_3_3
Parameters: 0.999996 0.00151556 0.00208326 -0.00157408 0.999608 0.0279246 -0.00204065 -0.0279278 0.999608 -0.0107935 1.03226 -2.6915
FixedParameters: 0 0 0

#Transform 174
Transform: AffineTransform_float_3_3
Parameters: 0.999998 0.0011279 0.00164948 -0.00116827 0.999691 0.0248411 -0.00162077 -0.0248435 0.99969 0.0466277 1.04084 -2.02321
FixedParameters: 0 0 0

#Transform 175
Transform: AffineTransform_float_3_3
Parameters: 0.999995 0.00151916 0.00274173 -0.0015809 0.999745 0.0224998 -0.00270695 -0.0225037 0.999743 0.0074876 1.11321 -2.53278
FixedParameters: 0 0 0

#Transform 176
Transform: AffineTransform_float_3_3
Parameters: 0.999991 0.000974815 0.00395635 -0.00106829 0.999719 0.0236592 -0.00393262 -0.0236633 0.999712 0.106956 0.94676 -2.02458
FixedParameters: 0 0 0

#Transform 177
Transform: AffineTransform_float_3_3
Parameters: 0.99999 0.000912402 0.00432593 -0.00101095 0.999738 0.0228497 -0.00430315 -0.0228539 0.99973 0.126672 1.00592 -2.10141
FixedParameters: 0 0 0

#Transform 178
Transform: AffineTransform_float_3_3
Parameters: 0.99999 0.000379984 0.00458068 -0.000501562 0.999648 0.0265425 -0.00456858 -0.0265442 0.999637 0.224154 0.911067 -2.22304
FixedParameters: 0 0 0

#Transform 179
Transform: AffineTransform_float_3_3
Parameters: 0.999991 0.00108554 0.00397862 -0.00119261 0.999634 0.0270215 -0.00394747 -0.0270254 0.999627 0.161467 0.452021 -4.02462
FixedParameters: 0 0 0

#Transform 180
Transform: AffineTransform_float_3_3
Parameters: 0.999968 0.00611801 0.00507929 -0.00616015 0.999946 0.00836588 -0.0050274 -0.00839698 0.999952 0.569961 -0.265907 -4.65466
FixedParameters: 0 0 0

#Transform 181
Transform: AffineTransform_float_3_3
Parameters: 0.999981 0.000383609 0.00609233 -0.000520628 0.999747 0.0224783 -0.00608122 -0.0224818 0.999729 0.409779 0.266343 -3.15166
FixedParameters: 0 0 0

#Transform 182
Transform: AffineTransform_float_3_3
Parameters: 0.999971 0.000507134 0.00764857 -0.000646853 0.999833 0.0182329 -0.00763825 -0.0182373 0.999805 0.413548 0.413574 -3.70526
FixedParameters: 0 0 0

#Transform 183
Transform: AffineTransform_float_3_3
Parameters: 0.999983 0.000312447 0.00570196 -0.000435834 0.999765 0.0216344 -0.00569422 -0.0216365 0.999749 0.372126 0.517087 -3.37683
FixedParameters: 0 0 0

#Transform 184
Transform: AffineTransform_float_3_3
Parameters: 0.99995 0.00538959 0.00850042 -0.00547045 0.999939 0.00955167 -0.00844813 -0.00959773 0.999918 0.33416 -0.0461755 -3.81283
FixedParameters: 0 0 0

#Transform 185
Transform: AffineTransform_float_3_3
Parameters: 0.999874 0.00334562 0.0155075 -0.00363456 0.999821 0.0186108 -0.0154423 -0.0186643 0.999706 0.686809 -0.17288 -3.51157
FixedParameters: 0 0 0

#Transform 186
Transform: AffineTransform_float_3_3
Parameters: 0.999909 0.00241554 0.0132321 -0.00257688 0.999922 0.0122135 -0.0132018 -0.0122468 0.999838 0.693618 -0.113472 -3.76396
FixedParameters: 0 0 0

#Transform 187
Transform: AffineTransform_float_3_3
Parameters: 0.99989 0.00297769 0.0145813 -0.00320074 0.999877 0.0153266 -0.0145341 -0.0153721 0.999777 0.7603 0.139836 -3.3273
FixedParameters: 0 0 0

#Transform 188
Transform: AffineTransform_float_3_3
Parameters: 0.999873 0.00424218 0.0153722 -0.00442366 0.99992 0.0118177 -0.0153219 -0.0118852 0.999812 0.722001 0.347308 -2.90796
FixedParameters: 0 0 0

#Transform 189
Transform: AffineTransform_float_3_3
Parameters: 0.999873 0.00346359 0.0155305 -0.0037373 0.999838 0.0175931 -0.015467 -0.0176489 0.999724 0.746591 0.465662 -2.77024
FixedParameters: 0 0 0

#Transform 190
Transform: AffineTransform_float_3_3
Parameters: 0.999912 0.0056075 0.0120149 -0.00576335 0.999898 0.0130376 -0.01194 -0.0131054 0.999843 0.477886 0.154069 -4.01825
