#Insight Transform File V1.0
#Transform 0
Transform: AffineTransform_float_3_3
Parameters: 1 -3.70513e-05 9.34091e-06 3.70348e-05 0.999999 0.000875166 -9.40574e-06 -0.000875165 0.999999 0.00698899 0.0190957 0.0642523
FixedParameters: 0 0 0

#Transform 1
Transform: AffineTransform_float_3_3
Parameters: 1 5.45063e-05 -0.000477277 -5.61508e-05 0.999993 -0.00393231 0.000477027 0.00393228 0.999992 -0.0128458 -0.0144677 -0.154893
FixedParameters: 0 0 0

#Transform 2
Transform: AffineTransform_float_3_3
Parameters: 0.999999 0.000289668 -0.000811155 -0.000295268 0.999975 -0.0070475 0.000809862 0.00704684 0.999975 -0.0085255 -0.179345 -0.236415
FixedParameters: 0 0 0

#Transform 3
Transform: AffineTransform_float_3_3
Parameters: 0.999999 0.000271076 -0.000976958 -0.000278607 0.999968 -0.00790806 0.000975541 0.00790785 0.999969 -0.0189605 -0.191028 -0.222967
FixedParameters: 0 0 0

#Transform 4
Transform: AffineTransform_float_3_3
Parameters: 1 0.000514997 -0.0010465 -0.00052488 0.999958 -0.00922528 0.00104139 0.00922596 0.999957 -0.0356514 -0.252675 -0.351164
FixedParameters: 0 0 0

#Transform 5
Transform: AffineTransform_float_3_3
Parameters: 0.999999 0.000908853 -0.000885522 -0.000918825 0.999938 -0.0110788 0.000874601 0.0110791 0.999938 -0.0764607 -0.334548 -0.389653
FixedParameters: 0 0 0

#Transform 6
Transform: AffineTransform_float_3_3
Parameters: 0.999994 0.000752288 -0.00343097 -0.000817323 0.999818 -0.0190757 0.00341629 0.0190789 0.999812 -0.0987958 -0.552329 -0.571691
FixedParameters: 0 0 0

#Transform 7
Transform: AffineTransform_float_3_3
Parameters: 0.999998 0.00103446 -0.00205259 -0.00106827 0.999864 -0.0164205 0.00203615 0.0164221 0.999863 -0.101222 -0.49244 -0.461575
FixedParameters: 0 0 0

#Transform 8
Transform: AffineTransform_float_3_3
Parameters: 0.999984 0.00485806 0.00291995 -0.00479895 0.999794 -0.0196846 -0.00301443 0.0196709 0.999802 0.215948 -0.610244 -0.307884
FixedParameters: 0 0 0

#Transform 9
Transform: AffineTransform_float_3_3
Parameters: 0.999991 0.00227904 0.00368016 -0.002244 0.999953 -0.00945585 -0.00370186 0.00944688 0.999949 0.0640982 -0.337235 -0.381598
FixedParameters: 0 0 0

#Transform 10
Transform: AffineTransform_float_3_3
Parameters: 0.999999 0.00142996 0.000762536 -0.00141766 0.999887 -0.0149843 -0.000783141 0.0149833 0.999887 0.0712874 -0.458607 -0.41992
FixedParameters: 0 0 0

#Transform 11
Transform: AffineTransform_float_3_3
Parameters: 0.999996 0.00215522 0.00146276 -0.00212617 0.999803 -0.0196994 -0.00150466 0.0196958 0.999805 0.082395 -0.534602 -0.364206
FixedParameters: 0 0 0

#Transform 12
Transform: AffineTransform_float_3_3
Parameters: 0.999996 0.00241035 0.00135252 -0.0023792 0.999746 -0.0224406 -0.00140687 0.0224372 0.999747 0.0707704 -0.594152 -0.552354
FixedParameters: 0 0 0

#Transform 13
Transform: AffineTransform_float_3_3
Parameters: 0.999998 0.00209889 0.000422216 -0.00208827 0.999671 -0.0255424 -0.000476109 0.0255408 0.999674 0.0429792 -0.779467 -0.491382
FixedParameters: 0 0 0

#Transform 14
Transform: AffineTransform_float_3_3
Parameters: 0.999997 0.00213804 -9.80769e-05 -0.00214001 0.999601 -0.028194 3.75022e-05 0.0281943 0.999602 0.0342986 -0.813843 -0.607474
FixedParameters: 0 0 0

#Transform 15
Transform: AffineTransform_float_3_3
Parameters: 0.999998 0.00191915 -0.000112041 -0.00192136 0.999596 -0.0283629 5.82706e-05 0.0283629 0.999598 0.0445792 -0.884915 -0.585713
FixedParameters: 0 0 0

#Transform 16
Transform: AffineTransform_float_3_3
Parameters: 0.999998 0.00172698 0.000787941 -0.00170574 0.99965 -0.0264032 -0.000833532 0.0264012 0.999651 0.0817004 -0.784422 -0.520905
FixedParameters: 0 0 0

#Transform 17
Transform: AffineTransform_float_3_3
Parameters: 0.999998 0.00188764 -0.000274006 -0.00189519 0.999526 -0.0307294 0.000215916 0.0307299 0.999528 0.0651934 -0.832522 -0.572562
FixedParameters: 0 0 0

#Transform 18
Transform: AffineTransform_float_3_3
Parameters: 0.999998 0.00170076 -0.000724781 -0.00172376 0.999473 -0.0324193 0.00066885 0.0324206 0.999474 0.0362208 -0.992658 -0.579613
FixedParameters: 0 0 0

#Transform 19
Transform: AffineTransform_float_3_3
Parameters: 0.999998 0.00151772 -0.000918462 -0.00155018 0.999355 -0.035867 0.000863547 0.0358684 0.999356 0.0193091 -1.04381 -0.627136
FixedParameters: 0 0 0

#Transform 20
Transform: AffineTransform_float_3_3
Parameters: 0.999998 0.00175871 -0.000510587 -0.00177587 0.999358 -0.0357998 0.000447749 0.0358007 0.999359 0.0326139 -1.07303 -0.599906
FixedParameters: 0 0 0

#Transform 21
Transform: AffineTransform_float_3_3
Parameters: 0.999998 0.00185848 -0.00062341 -0.00188276 0.999175 -0.0405817 0.000547089 0.0405829 0.999176 0.0398274 -1.13382 -0.715836
FixedParameters: 0 0 0

#Transform 22
Transform: AffineTransform_float_3_3
Parameters: 0.999998 0.00188442 -0.000355355 -0.00189671 0.999256 -0.03852 0.000282675 0.0385206 0.999258 0.0392569 -1.14046 -0.596828
FixedParameters: 0 0 0

#Transform 23
Transform: AffineTransform_float_3_3
Parameters: 0.999998 0.00172945 3.12782e-06 -0.00172843 0.999189 -0.0402276 -7.29705e-05 0.0402276 0.999191 0.0757687 -1.15016 -0.72447
FixedParameters: 0 0 0

#Transform 24
Transform: AffineTransform_float_3_3
Parameters: 0.999999 0.00153537 6.4329e-05 -0.00153163 0.999256 -0.0385439 -0.000123039 0.0385438 0.999257 0.0837625 -1.14791 -0.621674
FixedParameters: 0 0 0

#Transform 25
Transform: AffineTransform_float_3_3
Parameters: 0.999998 0.00171702 -0.000444688 -0.00173524 0.999083 -0.042796 0.000371067 0.0427968 0.999084 0.0683459 -1.20124 -0.680278
FixedParameters: 0 0 0

#Transform 26
Transform: AffineTransform_float_3_3
Parameters: 0.999997 0.00217554 -0.000136756 -0.00217887 0.999144 -0.0412932 4.70444e-05 0.0412932 0.999147 0.0703132 -1.22702 -0.633955
FixedParameters: 0 0 0

#Transform 27
Transform: AffineTransform_float_3_3
Parameters: 0.999997 0.00224607 -0.000347929 -0.00225945 0.998995 -0.0447688 0.000247495 0.0447694 0.998997 0.0591516 -1.26124 -0.723376
FixedParameters: 0 0 0

#Transform 28
Transform: AffineTransform_float_3_3
Parameters: 0.999998 0.00197087 -0.000596489 -0.0019939 0.999141 -0.0413841 0.000515051 0.0413852 0.999143 0.0593053 -1.17946 -0.626594
FixedParameters: 0 0 0

#Transform 29
Transform: AffineTransform_float_3_3
Parameters: 0.99956 0.0110052 0.0275284 -0.00983648 0.999061 -0.0422045 -0.0279666 0.0419151 0.99873 1.99791 -1.45653 -0.169948
FixedParameters: 0 0 0

#Transform 30
Transform: AffineTransform_float_3_3
Parameters: 0.999576 0.0124819 0.026321 -0.0114183 0.999127 -0.0401814 -0.0267991 0.0398635 0.998845 1.68507 -1.41679 -0.445036
FixedParameters: 0 0 0

#Transform 31
Transform: AffineTransform_float_3_3
Parameters: 0.999704 0.00987347 0.0222309 -0.00896681 0.999137 -0.040538 -0.0226126 0.040327 0.998931 1.52441 -1.41519 -0.385411
FixedParameters: 0 0 0

#Transform 32
Transform: AffineTransform_float_3_3
Parameters: 0.999807 0.00886988 0.0175256 -0.00810572 0.999035 -0.0431692 -0.0178912 0.043019 0.998914 1.21202 -1.42306 -0.340652
FixedParameters: 0 0 0

#Transform 33
Transform: AffineTransform_float_3_3
Parameters: 0.999858 0.00784403 0.0149604 -0.00711889 0.998825 -0.0479299 -0.0153183 0.0478165 0.998738 1.14289 -1.44664 -0.470046
FixedParameters: 0 0 0

#Transform 34
Transform: AffineTransform_float_3_3
Parameters: 0.999895 0.0062361 0.0130325 -0.00562419 0.998902 -0.046516 -0.0133079 0.0464378 0.998833 1.10432 -1.46551 -0.305989
FixedParameters: 0 0 0

#Transform 35
Transform: AffineTransform_float_3_3
Parameters: 0.999902 0.00625742 0.0125129 -0.00574468 0.999159 -0.0406084 -0.012757 0.0405327 0.999097 0.95548 -1.25777 -0.243381
FixedParameters: 0 0 0

#Transform 36
Transform: AffineTransform_float_3_3
Parameters: 0.999923 0.00634252 0.0107036 -0.0058908 0.999111 -0.0417287 -0.0109584 0.0416621 0.999072 0.760699 -1.28204 -0.145205
FixedParameters: 0 0 0

#Transform 37
Transform: AffineTransform_float_3_3
Parameters: 0.999931 0.00572778 0.0102195 -0.00536891 0.99938 -0.0347952 -0.0104128 0.0347375 0.999342 0.732176 -1.1184 -0.308667
FixedParameters: 0 0 0

#Transform 38
Transform: AffineTransform_float_3_3
Parameters: 0.99993 0.00590873 0.0102625 -0.0055019 0.999216 -0.0392151 -0.0104863 0.039155 0.999178 0.747873 -1.16458 -0.107216
FixedParameters: 0 0 0

#Transform 39
Transform: AffineTransform_float_3_3
Parameters: 0.999912 0.00680134 0.0113627 -0.00631866 0.9991 -0.0419482 -0.0116376 0.0418729 0.999055 0.750905 -1.27395 -0.241229
FixedParameters: 0 0 0

#Transform 40
Transform: AffineTransform_float_3_3
Parameters: 0.999902 0.00764196 0.0117579 -0.00709421 0.998919 -0.0459445 -0.0120961 0.045857 0.998875 0.744616 -1.37726 -0.469125
FixedParameters: 0 0 0

#Transform 41
Transform: AffineTransform_float_3_3
Parameters: 0.999889 0.0063875 0.0134243 -0.00579663 0.999032 -0.0436062 -0.0136903 0.0435237 0.998959 0.782757 -1.39914 -0.249304
FixedParameters: 0 0 0

#Transform 42
Transform: AffineTransform_float_3_3
Parameters: 0.999884 0.00730877 0.0133889 -0.0067591 0.999149 -0.0406996 -0.0136751 0.0406035 0.999081 0.851395 -1.17162 -0.325495
FixedParameters: 0 0 0

#Transform 43
Transform: AffineTransform_float_3_3
Parameters: 0.999924 0.00654856 0.010382 -0.00606934 0.998941 -0.0456055 -0.010669 0.045539 0.998905 0.723109 -1.41486 -0.300197
FixedParameters: 0 0 0

#Transform 44
Transform: AffineTransform_float_3_3
Parameters: 0.999922 0.00727268 0.0101713 -0.00675685 0.998732 -0.0498841 -0.0105214 0.0498119 0.998703 0.703181 -1.46027 -0.415588
FixedParameters: 0 0 0

#Transform 45
Transform: AffineTransform_float_3_3
Parameters: 0.999925 0.00712725 0.00988119 -0.00661945 0.998702 -0.0505018 -0.0102281 0.0504331 0.998675 0.685683 -1.50725 -0.34139
FixedParameters: 0 0 0

#Transform 46
Transform: AffineTransform_float_3_3
Parameters: 0.999925 0.00686361 0.0101435 -0.00634493 0.998713 -0.0503258 -0.0104764 0.0502581 0.998681 0.72281 -1.49447 -0.410107
FixedParameters: 0 0 0

#Transform 47
Transform: AffineTransform_float_3_3
Parameters: 0.99994 0.00540513 0.00948987 -0.00494899 0.99886 -0.0474873 -0.00973562 0.0474369 0.998826 0.743218 -1.50591 -0.113705
FixedParameters: 0 0 0

#Transform 48
Transform: AffineTransform_float_3_3
Parameters: 0.999974 0.0054198 0.00483857 -0.00520499 0.999044 -0.0433919 -0.00506882 0.0433654 0.999047 0.613623 -1.7748 0.291626
FixedParameters: 0 0 0

#Transform 49
Transform: AffineTransform_float_3_3
Parameters: 0.999984 0.00450942 0.00344326 -0.00436509 0.999162 -0.0407145 -0.00362368 0.0406994 0.999165 0.532673 -1.96229 0.182496
FixedParameters: 0 0 0

#Transform 50
Transform: AffineTransform_float_3_3
Parameters: 0.999959 0.00517129 0.00743929 -0.00492036 0.99943 -0.0334027 -0.00760792 0.0333641 0.999414 0.649826 -1.47187 0.0263203
FixedParameters: 0 0 0

#Transform 51
Transform: AffineTransform_float_3_3
Parameters: 0.999952 0.00555907 0.00801305 -0.00521109 0.999071 -0.042767 -0.00824365 0.0427239 0.999053 0.566059 -1.4825 -0.380315
FixedParameters: 0 0 0

#Transform 52
Transform: AffineTransform_float_3_3
Parameters: 0.999957 0.00569991 0.00733169 -0.00531939 0.998691 -0.0508715 -0.00761177 0.0508302 0.998678 0.5386 -1.5514 -0.420084
FixedParameters: 0 0 0

#Transform 53
Transform: AffineTransform_float_3_3
Parameters: 0.999962 0.00552183 0.0067737 -0.00517885 0.998751 -0.0496918 -0.00704044 0.0496542 0.998742 0.525285 -1.66409 -0.416325
FixedParameters: 0 0 0

#Transform 54
Transform: AffineTransform_float_3_3
Parameters: 0.99996 0.00604341 0.00660795 -0.00567897 0.998533 -0.0538615 -0.00692392 0.0538221 0.998526 0.539139 -1.62499 -0.465649
FixedParameters: 0 0 0

#Transform 55
Transform: AffineTransform_float_3_3
Parameters: 0.999955 0.00597769 0.00728762 -0.00556685 0.998457 -0.0552493 -0.00760655 0.055206 0.998446 0.562697 -1.73252 -0.529856
FixedParameters: 0 0 0

#Transform 56
Transform: AffineTransform_float_3_3
Parameters: 0.999957 0.0057544 0.00728087 -0.00530271 0.998148 -0.0606039 -0.00761591 0.0605633 0.998136 0.609023 -1.82678 -0.716679
FixedParameters: 0 0 0

#Transform 57
Transform: AffineTransform_float_3_3
Parameters: 0.999969 0.0049074 0.00614341 -0.00452993 0.998186 -0.0600282 -0.00642763 0.0599984 0.998178 0.585437 -1.88744 -0.554032
FixedParameters: 0 0 0

#Transform 58
Transform: AffineTransform_float_3_3
Parameters: 0.999959 0.00608377 0.00669923 -0.00565948 0.998083 -0.0616235 -0.00706151 0.0615833 0.998076 0.542277 -1.82041 -0.561782
FixedParameters: 0 0 0

#Transform 59
Transform: AffineTransform_float_3_3
Parameters: 0.999971 0.0053455 0.00544504 -0.00499593 0.998043 -0.0623373 -0.00576775 0.0623081 0.998041 0.508284 -1.87443 -0.567432
FixedParameters: 0 0 0

#Transform 60
Transform: AffineTransform_float_3_3
Parameters: 0.999973 0.00511601 0.00513987 -0.00478936 0.998082 -0.0617328 -0.00544572 0.0617061 0.998079 0.501934 -1.81349 -0.595114
FixedParameters: 0 0 0

#Transform 61
Transform: AffineTransform_float_3_3
Parameters: 0.999969 0.00566531 0.00549239 -0.00531051 0.998026 -0.0625909 -0.0058363 0.0625593 0.998024 0.505328 -1.81696 -0.542367
FixedParameters: 0 0 0

#Transform 62
Transform: AffineTransform_float_3_3
Parameters: 0.999974 0.00513579 0.00494214 -0.00481851 0.998053 -0.0621938 -0.00525247 0.0621678 0.998052 0.489133 -1.82082 -0.594886
FixedParameters: 0 0 0

#Transform 63
Transform: AffineTransform_float_3_3
Parameters: 0.999979 0.00484175 0.00431598 -0.00455579 0.997932 -0.0641053 -0.00461671 0.0640839 0.997934 0.483554 -1.85704 -0.620638
FixedParameters: 0 0 0

#Transform 64
Transform: AffineTransform_float_3_3
Parameters: 0.999984 0.00435988 0.00369072 -0.00414513 0.998392 -0.0565225 -0.00393188 0.0565059 0.998394 0.463148 -1.61162 -0.472902
FixedParameters: 0 0 0

#Transform 65
Transform: AffineTransform_float_3_3
Parameters: 0.999986 0.00347102 0.00396833 -0.00337208 0.999687 -0.0247877 -0.00405311 0.0247739 0.999685 0.441779 -0.660277 -0.288568
FixedParameters: 0 0 0

#Transform 66
Transform: AffineTransform_float_3_3
Parameters: 0.999986 0.00260838 0.00443875 -0.00261714 0.999994 0.00202639 -0.00443347 -0.00203851 0.999988 0.403158 -0.00804305 -0.111776
FixedParameters: 0 0 0

#Transform 67
Transform: AffineTransform_float_3_3
Parameters: 0.999989 0.00261489 0.00388372 -0.00261435 0.999996 -0.000288671 -0.00388488 0.000278869 0.999993 0.382421 -0.17413 -0.158958
FixedParameters: 0 0 0

#Transform 68
Transform: AffineTransform_float_3_3
Parameters: 0.999988 0.00286803 0.00416953 -0.0028522 0.999989 -0.00376401 -0.00418039 0.0037516 0.999985 0.406157 -0.145167 -0.232428
FixedParameters: 0 0 0

#Transform 69
Transform: AffineTransform_float_3_3
Parameters: 0.999989 0.0031066 0.00346202 -0.00308028 0.999968 -0.00736143 -0.00348453 0.00735026 0.999967 0.369853 -0.260448 -0.208733
FixedParameters: 0 0 0

#Transform 70
Transform: AffineTransform_float_3_3
Parameters: 0.999985 0.00332698 0.00439803 -0.00327684 0.99993 -0.0113237 -0.00443488 0.0113091 0.999926 0.427338 -0.329452 -0.29757
FixedParameters: 0 0 0

#Transform 71
Transform: AffineTransform_float_3_3
Parameters: 0.999989 0.00348794 0.00325023 -0.00344296 0.999897 -0.0139304 -0.00329867 0.0139191 0.999897 0.329615 -0.523916 -0.352315
FixedParameters: 0 0 0

#Transform 72
Transform: AffineTransform_float_3_3
Parameters: 0.999992 0.00283618 0.00291226 -0.00278597 0.999849 -0.0171611 -0.00296105 0.0171536 0.999849 0.349131 -0.546976 -0.433583
FixedParameters: 0 0 0

#Transform 73
Transform: AffineTransform_float_3_3
Parameters: 0.999989 0.00329673 0.00334068 -0.00322924 0.999799 -0.0197813 -0.00340556 0.0197706 0.999799 0.405731 -0.592334 -0.477886
FixedParameters: 0 0 0

#Transform 74
Transform: AffineTransform_float_3_3
Parameters: 0.999989 0.00300114 0.0034358 -0.00294008 0.999841 -0.0176038 -0.00348834 0.0175936 0.99984 0.421267 -0.587019 -0.409484
FixedParameters: 0 0 0

#Transform 75
Transform: AffineTransform_float_3_3
Parameters: 0.999991 0.00297609 0.00300006 -0.00292216 0.999841 -0.0176043 -0.00305197 0.0175955 0.999841 0.415093 -0.529228 -0.359718
FixedParameters: 0 0 0

#Transform 76
Transform: AffineTransform_float_3_3
Parameters: 0.999993 0.003256 0.00207528 -0.00321897 0.999841 -0.0175654 -0.00213192 0.0175582 0.999844 0.421419 -0.530633 -0.0609511
FixedParameters: 0 0 0

#Transform 77
Transform: AffineTransform_float_3_3
Parameters: 0.999987 0.00504378 -0.00144867 -0.00507088 0.999789 -0.0198802 0.001348 0.019888 0.999801 0.212321 -0.575251 0.0619932
FixedParameters: 0 0 0

#Transform 78
Transform: AffineTransform_float_3_3
Parameters: 0.999986 0.00530204 0.000129986 -0.00529797 0.999768 -0.0209134 -0.000241087 0.0209121 0.999781 0.227146 -0.597023 0.146929
FixedParameters: 0 0 0

#Transform 79
Transform: AffineTransform_float_3_3
Parameters: 0.999988 0.00487596 0.000758303 -0.00486035 0.999783 -0.0202114 -0.000856669 0.0202076 0.999796 0.293246 -0.514141 0.187231
FixedParameters: 0 0 0

#Transform 80
Transform: AffineTransform_float_3_3
Parameters: 0.999986 0.00519008 0.000826842 -0.00517245 0.999799 -0.0193691 -0.000926729 0.0193653 0.999812 0.27305 -0.550844 0.168972
FixedParameters: 0 0 0

#Transform 81
Transform: AffineTransform_float_3_3
Parameters: 0.999989 0.00450182 0.00149363 -0.00447136 0.999798 -0.0196068 -0.00158113 0.0196 0.999807 0.355149 -0.528688 0.173339
FixedParameters: 0 0 0

#Transform 82
Transform: AffineTransform_float_3_3
Parameters: 0.999987 0.0048042 0.00153682 -0.0047697 0.99975 -0.0218267 -0.00164073 0.021819 0.99976 0.368098 -0.573446 0.111849
FixedParameters: 0 0 0

#Transform 83
Transform: AffineTransform_float_3_3
Parameters: 0.999986 0.00512333 0.00127794 -0.00509023 0.999674 -0.0250542 -0.00140561 0.0250473 0.999686 0.3301 -0.699164 0.101998
FixedParameters: 0 0 0

#Transform 84
Transform: AffineTransform_float_3_3
Parameters: 0.999986 0.00468143 0.00233995 -0.0046221 0.999681 -0.0248621 -0.00245535 0.0248511 0.999688 0.37742 -0.743837 -0.432483
FixedParameters: 0 0 0

#Transform 85
Transform: AffineTransform_float_3_3
Parameters: 0.999985 0.00488367 0.00253113 -0.00479147 0.99936 -0.0354581 -0.00270344 0.0354453 0.999368 0.347132 -1.05705 -0.327412
FixedParameters: 0 0 0

#Transform 86
Transform: AffineTransform_float_3_3
Parameters: 0.99999 0.00428359 0.00111057 -0.00424661 0.999508 -0.0310769 -0.00124281 0.0310727 0.999517 0.301991 -0.847068 -0.287489
FixedParameters: 0 0 0

#Transform 87
Transform: AffineTransform_float_3_3
Parameters: 0.999987 0.00492441 0.00119696 -0.00487944 0.999365 -0.0352977 -0.00137054 0.0352914 0.999376 0.295084 -0.929608 -0.272624
FixedParameters: 0 0 0

#Transform 88
Transform: AffineTransform_float_3_3
Parameters: 0.999984 0.00519929 0.00223832 -0.005107 0.999208 -0.0394494 -0.00244146 0.039437 0.99922 0.308264 -1.14965 -0.58565
FixedParameters: 0 0 0

#Transform 89
Transform: AffineTransform_float_3_3
Parameters: 0.999984 0.00537184 0.00201297 -0.00528867 0.999205 -0.0395145 -0.0022234 0.0395032 0.999217 0.269439 -1.16754 -0.494882
FixedParameters: 0 0 0

#Transform 90
Transform: AffineTransform_float_3_3
Parameters: 0.999983 0.0056983 0.00172727 -0.00562664 0.999234 -0.0387175 -0.00194586 0.0387076 0.999249 0.253855 -1.10419 -0.623832
FixedParameters: 0 0 0

#Transform 91
Transform: AffineTransform_float_3_3
Parameters: 0.999974 0.00703393 0.00174061 -0.00697083 0.999401 -0.0338959 -0.00197855 0.0338831 0.999424 0.193625 -1.02811 -0.486846
FixedParameters: 0 0 0

#Transform 92
Transform: AffineTransform_float_3_3
Parameters: 0.999975 0.00657936 0.00256979 -0.00648166 0.999317 -0.0363695 -0.00280755 0.036352 0.999335 0.225574 -1.04482 -0.59537
FixedParameters: 0 0 0

#Transform 93
Transform: AffineTransform_float_3_3
Parameters: 0.999976 0.00636868 0.00253997 -0.00627585 0.999367 -0.0349967 -0.00276121 0.0349799 0.999384 0.22222 -1.00834 -0.459634
FixedParameters: 0 0 0

#Transform 94
Transform: AffineTransform_float_3_3
Parameters: 0.999974 0.00676466 0.0025729 -0.00666746 0.999325 -0.0361363 -0.00281576 0.0361181 0.999344 0.233573 -1.04355 -0.538776
FixedParameters: 0 0 0

#Transform 95
Transform: AffineTransform_float_3_3
Parameters: 0.999973 0.00680558 0.00255217 -0.00670754 0.999295 -0.0369502 -0.00280158 0.036932 0.999314 0.225824 -1.04116 -0.49773
FixedParameters: 0 0 0

#Transform 96
Transform: AffineTransform_float_3_3
Parameters: 0.999975 0.00675282 0.00206119 -0.00666081 0.999116 -0.0415006 -0.0023398 0.0414863 0.999137 0.217287 -1.14727 -0.58646
FixedParameters: 0 0 0

#Transform 97
Transform: AffineTransform_float_3_3
Parameters: 0.999973 0.00631432 0.00368441 -0.00614783 0.999031 -0.043575 -0.00395599 0.0435516 0.999043 0.250173 -1.36676 -0.809276
FixedParameters: 0 0 0

#Transform 98
Transform: AffineTransform_float_3_3
Parameters: 0.999982 0.00582764 0.00143666 -0.00578938 0.999656 -0.0255872 -0.00158494 0.0255786 0.999672 0.234204 -0.613335 -0.0766057
FixedParameters: 0 0 0

#Transform 99
Transform: AffineTransform_float_3_3
Parameters: 0.99999 0.00438564 0.000380734 -0.00438154 0.999939 -0.0101192 -0.000425236 0.010117 0.999949 0.227902 -0.295087 -0.025408
FixedParameters: 0 0 0

#Transform 100
Transform: AffineTransform_float_3_3
Parameters: 0.999986 0.00529841 0.000509341 -0.00529163 0.999919 -0.0115896 -0.000570847 0.0115872 0.999932 0.128135 -0.24362 -0.165304
FixedParameters: 0 0 0

#Transform 101
Transform: AffineTransform_float_3_3
Parameters: 0.999983 0.00572143 7.87776e-05 -0.00572061 0.999898 -0.0131129 -0.000153516 0.0131127 0.999914 0.0651148 -0.36931 -0.220739
FixedParameters: 0 0 0

#Transform 102
Transform: AffineTransform_float_3_3
Parameters: 0.999984 0.00572557 0.000116923 -0.00572264 0.999845 -0.0166337 -0.000212815 0.0166324 0.999861 0.0877183 -0.431615 -0.302439
FixedParameters: 0 0 0

#Transform 103
Transform: AffineTransform_float_3_3
Parameters: 0.999987 0.00500425 -0.000437188 -0.0050115 0.999843 -0.0169971 0.000351853 0.0169983 0.999855 0.0959259 -0.50276 -0.351198
FixedParameters: 0 0 0

#Transform 104
Transform: AffineTransform_float_3_3
Parameters: 0.999987 0.00496339 -0.000597309 -0.00497518 0.999773 -0.0207057 0.000495063 0.0207077 0.999786 0.144371 -0.529487 -0.454234
FixedParameters: 0 0 0

#Transform 105
Transform: AffineTransform_float_3_3
Parameters: 0.999988 0.00483854 -0.000764651 -0.00485403 0.999777 -0.0205713 0.000664664 0.0205747 0.999788 0.136917 -0.61309 -0.404259
FixedParameters: 0 0 0

#Transform 106
Transform: AffineTransform_float_3_3
Parameters: 0.999988 0.00476102 -0.00128327 -0.0047906 0.999706 -0.0237494 0.00116975 0.0237556 0.999717 0.132685 -0.63424 -0.480507
FixedParameters: 0 0 0

#Transform 107
Transform: AffineTransform_float_3_3
Parameters: 0.999987 0.00490229 -0.00101527 -0.00492348 0.999746 -0.021978 0.000906791 0.0219827 0.999758 0.140018 -0.650169 -0.359091
FixedParameters: 0 0 0

#Transform 108
Transform: AffineTransform_float_3_3
Parameters: 0.999989 0.00459337 -0.00113174 -0.00462321 0.999607 -0.0276567 0.00100441 0.0276623 0.999617 0.133363 -0.774291 -0.577489
FixedParameters: 0 0 0

#Transform 109
Transform: AffineTransform_float_3_3
Parameters: 0.999986 0.00516495 -0.000975797 -0.00519075 0.999559 -0.0292478 0.000823534 0.0292518 0.999572 0.172094 -0.670169 -0.256043
FixedParameters: 0 0 0

#Transform 110
Transform: AffineTransform_float_3_3
Parameters: 0.999991 0.00408624 -0.000998312 -0.00411181 0.999603 -0.0278682 0.000884267 0.027872 0.999611 0.21042 -0.731129 -0.263897
FixedParameters: 0 0 0

#Transform 111
Transform: AffineTransform_float_3_3
Parameters: 0.99999 0.0040387 -0.00147786 -0.00408345 0.99949 -0.0316719 0.00134894 0.0316777 0.999497 0.175233 -0.836953 -0.486567
FixedParameters: 0 0 0

#Transform 112
Transform: AffineTransform_float_3_3
Parameters: 0.999991 0.00413982 -0.00114385 -0.00417372 0.999489 -0.0316956 0.00101241 0.0317002 0.999497 0.18131 -0.903562 -0.474011
FixedParameters: 0 0 0

#Transform 113
Transform: AffineTransform_float_3_3
Parameters: 0.99999 0.00427592 -0.000996736 -0.0043075 0.999386 -0.034778 0.000847202 0.0347816 0.999395 0.214517 -0.981018 -0.550279
FixedParameters: 0 0 0

#Transform 114
Transform: AffineTransform_float_3_3
Parameters: 0.99999 0.00425733 -0.000900781 -0.00428453 0.999445 -0.0330345 0.000760355 0.0330384 0.999454 0.216253 -0.995021 -0.531567
FixedParameters: 0 0 0

#Transform 115
Transform: AffineTransform_float_3_3
Parameters: 0.999991 0.00417097 -0.000908807 -0.00419973 0.999363 -0.0354335 0.000760622 0.0354371 0.999371 0.225864 -1.004 -0.636279
FixedParameters: 0 0 0

#Transform 116
Transform: AffineTransform_float_3_3
Parameters: 0.99999 0.00449804 -0.000223583 -0.00450334 0.999414 -0.0339195 7.05e-05 0.0339203 0.999424 0.237858 -1.05008 -0.543439
FixedParameters: 0 0 0

#Transform 117
Transform: AffineTransform_float_3_3
Parameters: 0.999993 0.00370701 0.000828978 -0.00367414 0.999296 -0.0373202 -0.000967273 0.0373169 0.999303 0.325708 -1.1336 -0.741443
FixedParameters: 0 0 0

#Transform 118
Transform: AffineTransform_float_3_3
Parameters: 0.99999 0.00426355 0.000621998 -0.00423811 0.999341 -0.0360365 -0.000775161 0.0360336 0.99935 0.352507 -1.11395 -0.58162
FixedParameters: 0 0 0

#Transform 119
Transform: AffineTransform_float_3_3
Parameters: 0.999991 0.00420897 0.00113338 -0.004162 0.999227 -0.0390991 -0.00129745 0.0390943 0.999235 0.360094 -1.18859 -0.863738
FixedParameters: 0 0 0

#Transform 120
Transform: AffineTransform_float_3_3
Parameters: 0.999989 0.00448569 0.00125114 -0.00443238 0.999194 -0.0398993 -0.00142909 0.0398933 0.999203 0.337506 -1.22187 -0.854961
FixedParameters: 0 0 0

#Transform 121
Transform: AffineTransform_float_3_3
Parameters: 0.999988 0.00470752 0.0010337 -0.00465855 0.999064 -0.0430136 -0.00123505 0.0430085 0.999074 0.332714 -1.2399 -0.975661
FixedParameters: 0 0 0

#Transform 122
Transform: AffineTransform_float_3_3
Parameters: 0.999985 0.00531398 0.0010448 -0.0052636 0.99904 -0.0434957 -0.00127431 0.0434896 0.999053 0.306813 -1.24743 -0.762906
FixedParameters: 0 0 0

#Transform 123
Transform: AffineTransform_float_3_3
Parameters: 0.999985 0.00516798 0.00157247 -0.00508915 0.998888 -0.0468828 -0.00181284 0.0468739 0.998899 0.326685 -1.39391 -0.940259
FixedParameters: 0 0 0

#Transform 124
Transform: AffineTransform_float_3_3
Parameters: 0.999984 0.0054127 0.00150397 -0.00533681 0.998897 -0.0466641 -0.00175467 0.0466551 0.998909 0.299472 -1.38139 -0.874187
FixedParameters: 0 0 0

#Transform 125
Transform: AffineTransform_float_3_3
Parameters: 0.999984 0.00544391 0.00123001 -0.00537439 0.998697 -0.0507444 -0.00150473 0.0507369 0.998711 0.291087 -1.45606 -1.00444
FixedParameters: 0 0 0

#Transform 126
Transform: AffineTransform_float_3_3
Parameters: 0.99998 0.00613353 0.00147556 -0.00604984 0.998671 -0.0511765 -0.00178747 0.0511676 0.998689 0.284763 -1.49754 -0.891708
FixedParameters: 0 0 0

#Transform 127
Transform: AffineTransform_float_3_3
Parameters: 0.999985 0.00545864 0.0012115 -0.00538648 0.998548 -0.0536004 -0.00150206 0.0535931 0.998562 0.310876 -1.50775 -1.03209
FixedParameters: 0 0 0

#Transform 128
Transform: AffineTransform_float_3_3
Parameters: 0.999983 0.00564358 0.00108926 -0.00557899 0.998646 -0.0517163 -0.00137915 0.0517089 0.998661 0.266384 -1.56165 -0.994531
FixedParameters: 0 0 0

#Transform 129
Transform: AffineTransform_float_3_3
Parameters: 0.999982 0.00571964 0.00151473 -0.00562798 0.998465 -0.0550982 -0.00182777 0.0550887 0.99848 0.309865 -1.54279 -1.13702
FixedParameters: 0 0 0

#Transform 130
Transform: AffineTransform_float_3_3
Parameters: 0.99998 0.00625364 0.00135144 -0.00617216 0.998523 -0.0539826 -0.0016873 0.0539733 0.998541 0.277616 -1.61262 -1.02289
FixedParameters: 0 0 0

#Transform 131
Transform: AffineTransform_float_3_3
Parameters: 0.99998 0.00611661 0.00160253 -0.00601935 0.998468 -0.0549998 -0.00193657 0.0549886 0.998486 0.299701 -1.5751 -1.08917
FixedParameters: 0 0 0

#Transform 132
Transform: AffineTransform_float_3_3
Parameters: 0.999979 0.00605954 0.00232652 -0.00592539 0.99853 -0.0538846 -0.00264953 0.0538694 0.998544 0.332762 -1.58761 -0.896712
FixedParameters: 0 0 0

#Transform 133
Transform: AffineTransform_float_3_3
Parameters: 0.99998 0.00604969 0.00202973 -0.00593285 0.998561 -0.0532867 -0.00234966 0.0532738 0.998577 0.30791 -1.49552 -0.921556
FixedParameters: 0 0 0

#Transform 134
Transform: AffineTransform_float_3_3
Parameters: 0.999981 0.00589235 0.00179134 -0.0057826 0.998413 -0.0560166 -0.00211816 0.0560051 0.998428 0.338803 -1.56863 -1.03104
FixedParameters: 0 0 0

#Transform 135
Transform: AffineTransform_float_3_3
Parameters: 0.999983 0.00555863 0.00189878 -0.00544539 0.998479 -0.0548654 -0.00220108 0.0548536 0.998492 0.337354 -1.61688 -0.992096
FixedParameters: 0 0 0

#Transform 136
Transform: AffineTransform_float_3_3
Parameters: 0.999985 0.00531604 0.00137758 -0.00522759 0.998302 -0.0580006 -0.00168355 0.0579927 0.998316 0.343406 -1.64309 -1.15677
FixedParameters: 0 0 0

#Transform 137
Transform: AffineTransform_float_3_3
Parameters: 0.999985 0.00524732 0.00148156 -0.00515497 0.998372 -0.0568048 -0.00177727 0.0567963 0.998384 0.335413 -1.65498 -1.00556
FixedParameters: 0 0 0

#Transform 138
Transform: AffineTransform_float_3_3
Parameters: 0.999985 0.00526146 0.0012943 -0.00517779 0.99828 -0.05839 -0.00159933 0.0583816 0.998293 0.314521 -1.67718 -1.0688
FixedParameters: 0 0 0

#Transform 139
Transform: AffineTransform_float_3_3
Parameters: 0.999981 0.00606786 0.00173104 -0.00595779 0.99831 -0.0578065 -0.0020784 0.0577958 0.998326 0.307018 -1.60912 -0.888307
FixedParameters: 0 0 0

#Transform 140
Transform: AffineTransform_float_3_3
Parameters: 0.999977 0.00651318 0.00157684 -0.00640308 0.998057 -0.0619807 -0.00197732 0.06197 0.998076 0.238264 -1.65593 -0.992656
FixedParameters: 0 0 0

#Transform 141
Transform: AffineTransform_float_3_3
Parameters: 0.999949 0.00853901 0.00539789 -0.00822874 0.998443 -0.0551791 -0.0058609 0.0551323 0.998462 0.29347 -1.74174 -0.660592
FixedParameters: 0 0 0

#Transform 142
Transform: AffineTransform_float_3_3
Parameters: 0.999977 0.00644488 0.00218791 -0.00634042 0.998971 -0.0449077 -0.00247525 0.044893 0.998989 0.30994 -1.82291 -0.23001
FixedParameters: 0 0 0

#Transform 143
Transform: AffineTransform_float_3_3
Parameters: 0.999969 0.00621283 0.00490084 -0.00600978 0.99917 -0.0402984 -0.00514788 0.040267 0.999176 0.385094 -1.3149 -0.485144
FixedParameters: 0 0 0

#Transform 144
Transform: AffineTransform_float_3_3
Parameters: 0.99998 0.00522836 0.00345741 -0.00506059 0.99889 -0.0468162 -0.00369827 0.0467984 0.998898 0.339493 -1.47111 -0.644317
FixedParameters: 0 0 0

#Transform 145
Transform: AffineTransform_float_3_3
Parameters: 0.999983 0.00487654 0.00322878 -0.00470219 0.998642 -0.0518853 -0.00347737 0.0518691 0.998647 0.330978 -1.52618 -0.520639
FixedParameters: 0 0 0

#Transform 146
Transform: AffineTransform_float_3_3
Parameters: 0.999972 0.00530293 0.00525964 -0.00501027 0.998515 -0.0542556 -0.00553944 0.0542281 0.998513 0.277572 -1.62142 -1.05002
FixedParameters: 0 0 0

#Transform 147
Transform: AffineTransform_float_3_3
Parameters: 0.999968 0.00668993 0.00434344 -0.00645204 0.998586 -0.0527725 -0.00468977 0.0527419 0.998597 0.235646 -1.6083 -0.731452
FixedParameters: 0 0 0

#Transform 148
Transform: AffineTransform_float_3_3
Parameters: 0.999962 0.00715049 0.00491878 -0.00686835 0.998456 -0.0551182 -0.00530567 0.0550813 0.998468 0.284745 -1.53024 -0.778185
FixedParameters: 0 0 0

#Transform 149
Transform: AffineTransform_float_3_3
Parameters: 0.999969 0.00621 0.00473898 -0.00594556 0.998531 -0.0538538 -0.00506676 0.0538235 0.998538 0.348004 -1.56188 -0.733215
FixedParameters: 0 0 0

#Transform 150
Transform: AffineTransform_float_3_3
Parameters: 0.99997 0.00582289 0.00510761 -0.00552582 0.998396 -0.0563478 -0.00542838 0.0563182 0.998398 0.355991 -1.64363 -0.986296
FixedParameters: 0 0 0

#Transform 151
Transform: AffineTransform_float_3_3
Parameters: 0.999975 0.00542192 0.00467127 -0.00511822 0.998013 -0.062812 -0.00500277 0.0627864 0.998015 0.413525 -1.84497 -1.02994
FixedParameters: 0 0 0

#Transform 152
Transform: AffineTransform_float_3_3
Parameters: 0.999983 0.00510968 0.00284418 -0.00492104 0.998012 -0.0628304 -0.00315967 0.0628153 0.99802 0.345662 -1.80392 -0.825048
FixedParameters: 0 0 0

#Transform 153
Transform: AffineTransform_float_3_3
Parameters: 0.999985 0.00465075 0.00300521 -0.00444267 0.997823 -0.0658007 -0.0033049 0.0657865 0.997828 0.386021 -1.85923 -1.08809
FixedParameters: 0 0 0

#Transform 154
Transform: AffineTransform_float_3_3
Parameters: 0.999983 0.00568009 0.00126151 -0.00557737 0.997485 -0.070664 -0.00165924 0.0706557 0.997499 0.309974 -2.0197 -0.933823
FixedParameters: 0 0 0

#Transform 155
Transform: AffineTransform_float_3_3
Parameters: 0.999988 0.00492199 0.00101014 -0.00483733 0.99742 -0.0716269 -0.00135926 0.0716211 0.997431 0.316573 -1.99912 -0.996983
FixedParameters: 0 0 0

#Transform 156
Transform: AffineTransform_float_3_3
Parameters: 0.999988 0.00485305 0.00123302 -0.00475153 0.997349 -0.072613 -0.00158197 0.0726061 0.997359 0.32373 -2.04891 -0.943319
FixedParameters: 0 0 0

#Transform 157
Transform: AffineTransform_float_3_3
Parameters: 0.999988 0.004997 0.000381013 -0.00495512 0.997282 -0.0735052 -0.000747106 0.073502 0.997295 0.293175 -2.08134 -1.0515
FixedParameters: 0 0 0

#Transform 158
Transform: AffineTransform_float_3_3
Parameters: 0.999988 0.00473317 0.000570615 -0.00467619 0.997108 -0.07585 -0.000927983 0.0758464 0.997119 0.275404 -2.17059 -1.0305
FixedParameters: 0 0 0

#Transform 159
Transform: AffineTransform_float_3_3
Parameters: 0.999992 0.0040285 1.55614e-05 -0.00401486 0.996857 -0.0791219 -0.00033405 0.0791214 0.996865 0.281084 -2.25561 -1.22212
FixedParameters: 0 0 0

#Transform 160
Transform: AffineTransform_float_3_3
Parameters: 0.999991 0.00413356 0.00102855 -0.0040396 0.996865 -0.0790209 -0.00135227 0.0790155 0.996873 0.378642 -2.26528 -1.18207
FixedParameters: 0 0 0

#Transform 161
Transform: AffineTransform_float_3_3
Parameters: 0.999992 0.00393457 0.000967239 -0.00384498 0.996818 -0.0796186 -0.00127695 0.0796141 0.996825 0.358366 -2.31944 -1.19225
FixedParameters: 0 0 0

#Transform 162
Transform: AffineTransform_float_3_3
Parameters: 0.999991 0.00418972 0.000489694 -0.00413354 0.996424 -0.0843889 -0.000842246 0.084387 0.996433 0.364071 -2.4309 -1.52958
FixedParameters: 0 0 0

#Transform 163
Transform: AffineTransform_float_3_3
Parameters: 0.999994 0.00318475 -0.000114162 -0.00318347 0.996671 -0.081466 -0.000145958 0.0814662 0.996676 0.333774 -2.40435 -1.32348
FixedParameters: 0 0 0

#Transform 164
Transform: AffineTransform_float_3_3
Parameters: 0.999994 0.00344383 0.000131324 -0.00342095 0.996441 -0.0842201 -0.000421616 0.0842198 0.996447 0.351551 -2.37718 -1.00972
FixedParameters: 0 0 0

#Transform 165
Transform: AffineTransform_float_3_3
Parameters: 0.999996 0.00278459 -0.000661796 -0.00282623 0.997167 -0.0751704 0.000450585 0.0751716 0.99717 0.396222 -2.27836 -0.877422
FixedParameters: 0 0 0

#Transform 166
Transform: AffineTransform_float_3_3
Parameters: 0.999997 0.00248679 -0.000386983 -0.0025091 0.996819 -0.0796586 0.000187142 0.0796598 0.996823 0.326952 -2.5569 -1.10515
FixedParameters: 0 0 0

#Transform 167
Transform: AffineTransform_float_3_3
Parameters: 0.999996 0.000628627 -0.00275977 -0.000838907 0.997041 -0.0768704 0.00270314 0.0768724 0.997037 0.363973 -2.82176 -1.13327
FixedParameters: 0 0 0

#Transform 168
Transform: AffineTransform_float_3_3
Parameters: 0.999986 0.00496879 -0.00149895 -0.00504822 0.998248 -0.0589505 0.00120389 0.0589572 0.998259 0.252995 -2.79588 -1.17437
FixedParameters: 0 0 0

#Transform 169
Transform: AffineTransform_float_3_3
Parameters: 0.999988 0.00464981 0.00119803 -0.0045888 0.998893 -0.0468026 -0.00141348 0.0467967 0.998903 0.284687 -1.79964 -0.567715
FixedParameters: 0 0 0

#Transform 170
Transform: AffineTransform_float_3_3
Parameters: 0.999987 0.00430624 0.00255304 -0.00417269 0.998731 -0.0501738 -0.00276552 0.0501621 0.998737 0.322655 -1.78005 -0.73897
FixedParameters: 0 0 0

#Transform 171
Transform: AffineTransform_float_3_3
Parameters: 0.999987 0.00473552 0.00219202 -0.00459803 0.998252 -0.0589124 -0.00246673 0.0589018 0.99826 0.314906 -1.78873 -0.819958
FixedParameters: 0 0 0

#Transform 172
Transform: AffineTransform_float_3_3
Parameters: 0.999986 0.00473792 0.00231024 -0.00459065 0.998175 -0.0602164 -0.00259118 0.0602052 0.998182 0.316254 -1.84766 -0.838638
FixedParameters: 0 0 0

#Transform 173
Transform: AffineTransform_float_3_3
Parameters: 0.999986 0.00467066 0.00214646 -0.00452682 0.998038 -0.0624587 -0.00243425 0.0624483 0.998046 0.309964 -1.81978 -0.965749
FixedParameters: 0 0 0

#Transform 174
Transform: AffineTransform_float_3_3
Parameters: 0.999985 0.00514441 0.00227582 -0.00498675 0.997896 -0.0646372 -0.00260405 0.0646257 0.997907 0.307426 -1.9845 -0.963955
FixedParameters: 0 0 0

#Transform 175
Transform: AffineTransform_float_3_3
Parameters: 0.999987 0.00475414 0.00209549 -0.00459627 0.99757 -0.0695296 -0.00242074 0.0695197 0.997578 0.332728 -2.04251 -1.09304
FixedParameters: 0 0 0

#Transform 176
Transform: AffineTransform_float_3_3
Parameters: 0.999991 0.00415923 0.00153722 -0.00403686 0.997374 -0.0723207 -0.00183421 0.0723135 0.99738 0.336175 -2.21535 -1.11329
FixedParameters: 0 0 0

#Transform 177
Transform: AffineTransform_float_3_3
Parameters: 0.999991 0.00415543 0.00117584 -0.00405425 0.997104 -0.0759472 -0.00148868 0.0759417 0.997111 0.327269 -2.29536 -1.2759
FixedParameters: 0 0 0

#Transform 178
Transform: AffineTransform_float_3_3
Parameters: 0.999994 0.0036874 7.42284e-05 -0.00366907 0.996792 -0.0799575 -0.000368664 0.0799563 0.996798 0.319663 -2.37285 -1.30809
FixedParameters: 0 0 0

#Transform 179
Transform: AffineTransform_float_3_3
Parameters: 0.999994 0.00339106 -0.00029622 -0.00340458 0.996899 -0.0786272 2.86694e-05 0.0786277 0.996904 0.313795 -2.35168 -1.26366
FixedParameters: 0 0 0

#Transform 180
Transform: AffineTransform_float_3_3
Parameters: 0.999995 0.00302867 -0.000607158 -0.00306731 0.996844 -0.0793256 0.000364932 0.0793272 0.996849 0.345538 -2.2851 -1.30105
FixedParameters: 0 0 0

#Transform 181
Transform: AffineTransform_float_3_3
Parameters: 0.999996 0.00247696 -0.00170071 -0.00260436 0.996824 -0.0795883 0.00149852 0.0795931 0.996826 0.275367 -2.28313 -0.995755
FixedParameters: 0 0 0

#Transform 182
Transform: AffineTransform_float_3_3
Parameters: 0.999994 0.00308924 -0.0016823 -0.00321922 0.996495 -0.0835922 0.00141792 0.0835969 0.996498 0.195582 -2.45368 -1.27896
FixedParameters: 0 0 0

#Transform 183
Transform: AffineTransform_float_3_3
Parameters: 0.999995 0.00245549 -0.00182752 -0.00260232 0.996342 -0.085409 0.00161027 0.0854139 0.996345 0.247435 -2.50869 -1.30864
FixedParameters: 0 0 0

#Transform 184
Transform: AffineTransform_float_3_3
Parameters: 0.999995 0.00257915 -0.00192528 -0.00273405 0.996331 -0.0855426 0.00169781 0.0855479 0.996333 0.251752 -2.49789 -1.32678
FixedParameters: 0 0 0

#Transform 185
Transform: AffineTransform_float_3_3
Parameters: 0.999994 0.00237204 -0.00220822 -0.00255469 0.996241 -0.0865837 0.00199473 0.0865889 0.996243 0.251012 -2.53453 -1.33521
FixedParameters: 0 0 0

#Transform 186
Transform: AffineTransform_float_3_3
Parameters: 0.999994 0.00208445 -0.0026272 -0.00230606 0.996165 -0.0874697 0.00243552 0.087475 0.996164 0.253036 -2.58252 -1.4112
FixedParameters: 0 0 0

#Transform 187
Transform: AffineTransform_float_3_3
Parameters: 0.999993 0.00162909 -0.00313121 -0.00190645 0.995881 -0.0906541 0.00297151 0.0906597 0.995877 0.271317 -2.63231 -1.48685
FixedParameters: 0 0 0

#Transform 188
Transform: AffineTransform_float_3_3
Parameters: 0.999994 0.00163041 -0.00275458 -0.00186597 0.996147 -0.0876762 0.00260172 0.0876806 0.996145 0.296779 -2.58389 -1.38924
FixedParameters: 0 0 0

#Transform 189
Transform: AffineTransform_float_3_3
Parameters: 0.999995 0.00169875 -0.00289436 -0.00195353 0.995909 -0.0903419 0.00272937 0.0903465 0.995907 0.290424 -2.62475 -1.52415
FixedParameters: 0 0 0

#Transform 190
Transform: AffineTransform_float_3_3
Parameters: 0.999995 0.00162084 -0.00293276 -0.00187541 0.996041 -0.0888752 0.00277734 0.08888 0.996039 0.287976 -2.62001 -1.40018
FixedParameters: 0 0 0

#Transform 191
Transform: AffineTransform_float_3_3
