# transform file /out/sourcedata/freesurfer/sub-v1s12x0050114_ses-1/mri/transforms/cc_up.lta
# created by oesteban on Sun Mar  8 14:14:11 2026

type      = 0 # LINEAR_VOX_TO_VOX
nxforms   = 1
mean      = 130.0000 136.0000 102.0000
sigma     = 10000.0000
1 4 4
9.984973073005676e-01 5.303912330418825e-03 5.454513803124428e-02 -7.344865798950195e+00 
-5.296016577631235e-03 9.999860525131226e-01 -2.893066848628223e-04 9.716187477111816e+00 
-5.454590544104576e-02 -2.910383392618066e-11 9.985113143920898e-01 4.522494888305664e+01 
0.000000000000000e+00 0.000000000000000e+00 0.000000000000000e+00 1.000000000000000e+00 
src volume info
valid = 1  # volume info valid
filename = /out/sourcedata/freesurfer/sub-v1s12x0050114_ses-1/mri/norm.mgz
volume = 256 256 256
voxelsize = 1.000000000000000e+00 1.000000000000000e+00 1.000000000000000e+00
xras   = -1.000000000000000e+00 0.000000000000000e+00 0.000000000000000e+00
yras   = 0.000000000000000e+00 0.000000000000000e+00 -1.000000000000000e+00
zras   = 0.000000000000000e+00 1.000000000000000e+00 0.000000000000000e+00
cras   = -3.362754821777344e+00 1.407505035400391e+01 -2.396865844726562e+00
dst volume info
valid = 1  # volume info valid
filename = /out/sourcedata/freesurfer/sub-v1s12x0050114_ses-1/mri/norm.mgz
volume = 256 256 256
voxelsize = 1.000000000000000e+00 1.000000000000000e+00 1.000000000000000e+00
xras   = -1.000000000000000e+00 0.000000000000000e+00 0.000000000000000e+00
yras   = 0.000000000000000e+00 0.000000000000000e+00 -1.000000000000000e+00
zras   = 0.000000000000000e+00 1.000000000000000e+00 0.000000000000000e+00
cras   = -3.362754821777344e+00 1.407505035400391e+01 -2.396865844726562e+00
