# transform file /out/sourcedata/freesurfer/sub-v1s12x0050109_ses-1/mri/transforms/cc_up.lta
# created by oesteban on Sun Mar  8 13:49:40 2026

type      = 0 # LINEAR_VOX_TO_VOX
nxforms   = 1
mean      = 132.0000 132.0000 119.0000
sigma     = 10000.0000
1 4 4
9.964047074317932e-01 -3.479443863034248e-02 7.724619656801224e-02 -8.071358680725098e+00 
3.469035029411316e-02 9.993944764137268e-01 2.689366694539785e-03 1.119474315643311e+01 
-7.729299366474152e-02 0.000000000000000e+00 9.970084428787231e-01 2.852754974365234e+01 
0.000000000000000e+00 0.000000000000000e+00 0.000000000000000e+00 1.000000000000000e+00 
src volume info
valid = 1  # volume info valid
filename = /out/sourcedata/freesurfer/sub-v1s12x0050109_ses-1/mri/norm.mgz
volume = 256 256 256
voxelsize = 1.000000000000000e+00 1.000000000000000e+00 1.000000000000000e+00
xras   = -1.000000000000000e+00 0.000000000000000e+00 0.000000000000000e+00
yras   = 0.000000000000000e+00 0.000000000000000e+00 -1.000000000000000e+00
zras   = 0.000000000000000e+00 1.000000000000000e+00 0.000000000000000e+00
cras   = 1.724624633789062e+00 -4.811141967773438e+00 -1.838269805908203e+01
dst volume info
valid = 1  # volume info valid
filename = /out/sourcedata/freesurfer/sub-v1s12x0050109_ses-1/mri/norm.mgz
volume = 256 256 256
voxelsize = 1.000000000000000e+00 1.000000000000000e+00 1.000000000000000e+00
xras   = -1.000000000000000e+00 0.000000000000000e+00 0.000000000000000e+00
yras   = 0.000000000000000e+00 0.000000000000000e+00 -1.000000000000000e+00
zras   = 0.000000000000000e+00 1.000000000000000e+00 0.000000000000000e+00
cras   = 1.724624633789062e+00 -4.811141967773438e+00 -1.838269805908203e+01
