# transform file /out/sourcedata/freesurfer/sub-v1s12x0050133_ses-1/mri/transforms/cc_up.lta
# created by oesteban on Sun Mar  8 14:18:53 2026

type      = 0 # LINEAR_VOX_TO_VOX
nxforms   = 1
mean      = 131.0000 117.0000 120.0000
sigma     = 10000.0000
1 4 4
9.958367943763733e-01 3.254869207739830e-02 -8.514480292797089e-02 4.945736408233643e+00 
-3.243036940693855e-02 9.994701147079468e-01 2.772821113467216e-03 2.895278167724609e+01 
8.518993854522705e-02 0.000000000000000e+00 9.963647127151489e-01 5.351342678070068e+00 
0.000000000000000e+00 0.000000000000000e+00 0.000000000000000e+00 1.000000000000000e+00 
src volume info
valid = 1  # volume info valid
filename = /out/sourcedata/freesurfer/sub-v1s12x0050133_ses-1/mri/norm.mgz
volume = 256 256 256
voxelsize = 1.000000000000000e+00 1.000000000000000e+00 1.000000000000000e+00
xras   = -1.000000000000000e+00 0.000000000000000e+00 0.000000000000000e+00
yras   = 0.000000000000000e+00 0.000000000000000e+00 -1.000000000000000e+00
zras   = 0.000000000000000e+00 1.000000000000000e+00 0.000000000000000e+00
cras   = -4.826416015625000e+00 -4.084747314453125e+00 2.377400207519531e+01
dst volume info
valid = 1  # volume info valid
filename = /out/sourcedata/freesurfer/sub-v1s12x0050133_ses-1/mri/norm.mgz
volume = 256 256 256
voxelsize = 1.000000000000000e+00 1.000000000000000e+00 1.000000000000000e+00
xras   = -1.000000000000000e+00 0.000000000000000e+00 0.000000000000000e+00
yras   = 0.000000000000000e+00 0.000000000000000e+00 -1.000000000000000e+00
zras   = 0.000000000000000e+00 1.000000000000000e+00 0.000000000000000e+00
cras   = -4.826416015625000e+00 -4.084747314453125e+00 2.377400207519531e+01
