# transform file /out/sourcedata/freesurfer/sub-v1s12x0050106_ses-1/mri/transforms/cc_up.lta
# created by oesteban on Thu Mar 12 12:46:25 2026

type      = 0 # LINEAR_VOX_TO_VOX
nxforms   = 1
mean      = 133.0000 124.0000 111.0000
sigma     = 10000.0000
1 4 4
9.904120564460754e-01 1.375563442707062e-01 -1.274299528449774e-02 -2.022167015075684e+01 
-1.375449597835541e-01 9.904939532279968e-01 1.769702532328665e-03 4.142832565307617e+01 
1.286529377102852e-02 0.000000000000000e+00 9.999173283576965e-01 2.026824569702148e+01 
0.000000000000000e+00 0.000000000000000e+00 0.000000000000000e+00 1.000000000000000e+00 
src volume info
valid = 1  # volume info valid
filename = /out/sourcedata/freesurfer/sub-v1s12x0050106_ses-1/mri/norm.mgz
volume = 256 256 256
voxelsize = 1.000000000000000e+00 1.000000000000000e+00 1.000000000000000e+00
xras   = -1.000000119209290e+00 0.000000000000000e+00 0.000000000000000e+00
yras   = 0.000000000000000e+00 0.000000000000000e+00 -1.000000119209290e+00
zras   = 0.000000000000000e+00 1.000000000000000e+00 0.000000000000000e+00
cras   = -1.212142944335938e+01 1.625424194335938e+01 -3.210405731201172e+01
dst volume info
valid = 1  # volume info valid
filename = /out/sourcedata/freesurfer/sub-v1s12x0050106_ses-1/mri/norm.mgz
volume = 256 256 256
voxelsize = 1.000000000000000e+00 1.000000000000000e+00 1.000000000000000e+00
xras   = -1.000000119209290e+00 0.000000000000000e+00 0.000000000000000e+00
yras   = 0.000000000000000e+00 0.000000000000000e+00 -1.000000119209290e+00
zras   = 0.000000000000000e+00 1.000000000000000e+00 0.000000000000000e+00
cras   = -1.212142944335938e+01 1.625424194335938e+01 -3.210405731201172e+01
