#Insight Transform File V1.0
#Transform 0
Transform: AffineTransform_float_3_3
Parameters: 1 2.4438e-05 -0.000175308 -2.41357e-05 0.999999 0.000862004 0.000175349 -0.000861995 0.999999 0.03689 -0.0426272 -0.110456
FixedParameters: 0 0 0

#Transform 1
Transform: AffineTransform_float_3_3
Parameters: 1 -7.09185e-05 -0.000173031 7.09981e-05 1 0.000229988 0.000172998 -0.000230012 1 0.0257324 0.10057 0.109593
FixedParameters: 0 0 0

#Transform 2
Transform: AffineTransform_float_3_3
Parameters: 1 0.000119605 -0.000251196 -0.000119665 1 -0.00011797 0.000251168 0.00011803 1 0.00270371 -0.0942059 0.207628
FixedParameters: 0 0 0

#Transform 3
Transform: AffineTransform_float_3_3
Parameters: 1 0.000338672 -0.000341349 -0.000338768 0.999999 -0.000694884 0.000341803 0.000695115 0.999999 -0.0120444 -0.108404 0.130429
FixedParameters: 0 0 0

#Transform 4
Transform: AffineTransform_float_3_3
Parameters: 1 0.000555881 -0.000297019 -0.000555761 1 0.000203165 0.000297245 -0.000202835 1 -0.00816374 -0.128939 0.216379
FixedParameters: 0 0 0

#Transform 5
Transform: AffineTransform_float_3_3
Parameters: 1 0.000370244 -0.000490642 -0.000370709 0.999999 -0.000860817 0.000490929 0.000861181 0.999999 -0.00231153 -0.142697 0.121066
FixedParameters: 0 0 0

#Transform 6
Transform: AffineTransform_float_3_3
Parameters: 0.999999 0.000846032 0.000212972 -0.000846078 1 0.000108676 -0.000212789 -0.000108324 1 -0.0198545 -0.174602 0.192046
FixedParameters: 0 0 0

#Transform 7
Transform: AffineTransform_float_3_3
Parameters: 0.999999 0.000405954 -0.000609041 -0.00040555 0.999999 -0.000739609 0.000608987 0.000739391 0.999999 0.0256079 -0.156917 0.117271
FixedParameters: 0 0 0

#Transform 8
Transform: AffineTransform_float_3_3
Parameters: 1 0.000675769 -0.00018939 -0.000676203 0.999999 -0.00114887 0.000187837 0.00114913 1 -0.021863 -0.132448 0.138475
FixedParameters: 0 0 0

#Transform 9
Transform: AffineTransform_float_3_3
Parameters: 1 0.000468233 -0.000457418 -0.000468659 1 -0.000880137 0.000457519 0.000879863 0.999999 0.0146072 -0.162589 0.105622
FixedParameters: 0 0 0

#Transform 10
Transform: AffineTransform_float_3_3
Parameters: 1 0.000525432 -0.000318128 -0.000526055 0.999998 -0.00157683 0.000317395 0.00157717 0.999998 -0.00747624 -0.136117 0.112592
FixedParameters: 0 0 0

#Transform 11
Transform: AffineTransform_float_3_3
Parameters: 1 0.00034903 -0.000245092 -0.000349028 0.999999 -0.000768914 0.00024548 0.000769085 0.999999 0.0139181 -0.175157 0.118545
FixedParameters: 0 0 0

#Transform 12
Transform: AffineTransform_float_3_3
Parameters: 1 0.00052537 -0.000318231 -0.000525739 0.999999 -0.00177183 0.000318219 0.00177217 0.999999 -0.00428162 -0.0950614 0.0936234
FixedParameters: 0 0 0

#Transform 13
Transform: AffineTransform_float_3_3
Parameters: 0.999999 0.000378897 -0.000674749 -0.000378726 1 -0.000840096 0.000674658 0.000839905 0.999999 0.031238 -0.160812 0.121633
FixedParameters: 0 0 0

#Transform 14
Transform: AffineTransform_float_3_3
Parameters: 1 0.000525459 -0.000318085 -0.000526029 0.999998 -0.00149383 0.000317439 0.00149417 0.999999 0.0118006 -0.110545 0.120718
FixedParameters: 0 0 0

#Transform 15
Transform: AffineTransform_float_3_3
Parameters: 1 0.000117927 -0.000392149 -0.000118147 1 -0.000279954 0.000392083 0.000280046 1 0.0473922 -0.182199 0.102113
FixedParameters: 0 0 0

#Transform 16
Transform: AffineTransform_float_3_3
Parameters: 1 0.000306312 -0.000277657 -0.000306874 0.999998 -0.00169456 0.000277543 0.00169544 0.999999 0.0194345 -0.0994727 0.108907
FixedParameters: 0 0 0

#Transform 17
Transform: AffineTransform_float_3_3
Parameters: 1 0.000207142 -0.000351046 -0.000207552 1 -0.000583927 0.000350804 0.000584072 1 0.0643559 -0.159322 0.114943
FixedParameters: 0 0 0

#Transform 18
Transform: AffineTransform_float_3_3
Parameters: 1 0.000475033 -0.000235698 -0.00047538 0.999998 -0.00154274 0.000235157 0.00154226 0.999999 0.0134486 -0.0965076 0.126481
FixedParameters: 0 0 0

#Transform 19
Transform: AffineTransform_float_3_3
Parameters: 1 0.000133669 -0.000648408 -0.000134343 1 -0.000519913 0.000648269 0.000520087 0.999999 0.0609816 -0.155092 0.0976339
FixedParameters: 0 0 0

#Transform 20
Transform: AffineTransform_float_3_3
Parameters: 1 0.000210141 0.000289829 -0.000209395 0.999999 -0.00128506 -0.000290368 0.00128494 0.999999 0.0223358 -0.0989367 0.11649
FixedParameters: 0 0 0

#Transform 21
Transform: AffineTransform_float_3_3
Parameters: 1 -2.81825e-05 -0.00058192 2.76285e-05 1 -0.000476016 0.000581947 0.000475983 0.999999 0.0629413 -0.133074 0.105737
FixedParameters: 0 0 0

#Transform 22
Transform: AffineTransform_float_3_3
Parameters: 1 0.00058486 -0.00017387 -0.000585017 0.999998 -0.0015439 0.000172989 0.0015441 0.999999 0.0144181 -0.10543 0.130629
FixedParameters: 0 0 0

#Transform 23
Transform: AffineTransform_float_3_3
Parameters: 1 3.6613e-05 -0.000449765 -3.67145e-05 1 -0.00114198 0.000449302 0.00114202 0.999999 0.0969176 -0.116937 0.143488
FixedParameters: 0 0 0

#Transform 24
Transform: AffineTransform_float_3_3
Parameters: 1 0.000288221 0.000161352 -0.000287294 0.999998 -0.00169504 -0.000161403 0.00169495 0.999998 0.0151531 -0.0881344 0.121289
FixedParameters: 0 0 0

#Transform 25
Transform: AffineTransform_float_3_3
Parameters: 1 -8.53856e-05 -0.000149781 8.60231e-05 0.999999 -0.000961012 0.000149566 0.000960986 0.999999 0.0313241 -0.107901 0.0819929
FixedParameters: 0 0 0

#Transform 26
Transform: AffineTransform_float_3_3
Parameters: 1 0.000319846 0.000238091 -0.000318659 0.999998 -0.00169507 -0.000238248 0.00169492 0.999998 0.0135168 -0.112928 0.109355
FixedParameters: 0 0 0

#Transform 27
Transform: AffineTransform_float_3_3
Parameters: 1 -5.29548e-05 0.000110457 5.32025e-05 1 -0.00112199 -0.000110338 0.00112201 1 0.0324428 -0.127286 0.0872344
FixedParameters: 0 0 0

#Transform 28
Transform: AffineTransform_float_3_3
Parameters: 1 0.000326057 0.000252737 -0.000325517 0.999997 -0.00214708 -0.000252831 0.00214692 0.999997 0.0132257 -0.0999455 0.0975542
FixedParameters: 0 0 0

#Transform 29
Transform: AffineTransform_float_3_3
Parameters: 1 -0.00013278 -7.84055e-05 0.000132655 0.999999 -0.00079701 7.86171e-05 0.000796989 0.999999 0.0556716 -0.133121 0.102515
FixedParameters: 0 0 0

#Transform 30
Transform: AffineTransform_float_3_3
Parameters: 1 0.00029162 0.000169725 -0.000291103 0.999999 -0.00151905 -0.00017061 0.00151895 0.999999 0.0164143 -0.0808123 0.108795
FixedParameters: 0 0 0

#Transform 31
Transform: AffineTransform_float_3_3
Parameters: 1 0.000252338 7.4669e-05 -0.000252218 0.999999 -0.000801018 -7.50731e-05 0.000800981 0.999999 0.0331607 -0.129161 0.110533
FixedParameters: 0 0 0

#Transform 32
Transform: AffineTransform_float_3_3
Parameters: 0.999999 0.000375872 0.00060007 -0.000374595 0.999999 -0.00151922 -0.000599906 0.00151877 0.999998 0.0123165 -0.107698 0.128584
FixedParameters: 0 0 0

#Transform 33
Transform: AffineTransform_float_3_3
Parameters: 1 -9.19167e-06 -0.000288126 8.82229e-06 1 -0.000641002 0.000288137 0.000640997 1 0.0502759 -0.130947 0.0960086
FixedParameters: 0 0 0

#Transform 34
Transform: AffineTransform_float_3_3
Parameters: 1 0.000252372 7.45544e-05 -0.000252184 0.999999 -0.00125502 -7.51876e-05 0.00125498 0.999999 0.0331737 -0.0950277 0.128844
FixedParameters: 0 0 0

#Transform 35
Transform: AffineTransform_float_3_3
Parameters: 1 -5.37181e-05 -0.000238488 5.33125e-05 0.999999 -0.000850012 0.000238579 0.000849987 0.999999 0.0489369 -0.114797 0.0848198
FixedParameters: 0 0 0

#Transform 36
Transform: AffineTransform_float_3_3
Parameters: 1 0.000217644 0.000415414 -0.000216336 0.999998 -0.00157309 -0.000416097 0.00157291 0.999998 0.0292142 -0.0962799 0.124774
FixedParameters: 0 0 0

#Transform 37
Transform: AffineTransform_float_3_3
Parameters: 0.999999 -0.000491317 -0.000579735 0.0004913 0.999999 -0.000811934 0.000580154 0.000812066 1 0.0829221 -0.135113 0.110347
FixedParameters: 0 0 0

#Transform 38
Transform: AffineTransform_float_3_3
Parameters: 1 0.000391533 0.000244311 -0.000391747 0.999999 -0.0014531 -0.00024507 0.0014529 0.999999 -0.00724787 -0.0787224 0.132606
FixedParameters: 0 0 0

#Transform 39
Transform: AffineTransform_float_3_3
Parameters: 1 0.00015046 -0.000173193 -0.000150708 0.999999 -0.000717974 0.000172977 0.000718026 0.999999 0.0599765 -0.118751 0.123775
FixedParameters: 0 0 0

#Transform 40
Transform: AffineTransform_float_3_3
Parameters: 1 0.000427228 -8.38464e-05 -0.000427408 1 -0.00107997 8.29234e-05 0.00108004 1 0.015003 -0.0989414 0.121721
FixedParameters: 0 0 0

#Transform 41
Transform: AffineTransform_float_3_3
Parameters: 1 0.000117095 -0.000254548 -0.000117289 1 -0.00038097 0.000254459 0.00038103 1 0.101478 -0.133291 0.129491
FixedParameters: 0 0 0

#Transform 42
Transform: AffineTransform_float_3_3
Parameters: 1 0.000122552 -0.000240794 -0.000122289 0.999999 -0.00137697 0.000240078 0.00137703 0.999999 0.0248728 -0.0870141 0.108017
FixedParameters: 0 0 0

#Transform 43
Transform: AffineTransform_float_3_3
Parameters: 1 2.78842e-05 -0.000471936 -2.81551e-05 1 -0.000286987 0.00047192 0.000287013 1 0.093555 -0.15227 0.123293
FixedParameters: 0 0 0

#Transform 44
Transform: AffineTransform_float_3_3
Parameters: 1 0.000179636 -0.000102137 -0.00017959 0.999998 -0.00163198 0.000102476 0.00163202 0.999998 0.024827 -0.0814021 0.0993851
FixedParameters: 0 0 0

#Transform 45
Transform: AffineTransform_float_3_3
Parameters: 1 0.000183846 0.000134156 -0.000183583 0.999999 -0.000978024 -0.000134515 0.000977974 0.999999 0.0504258 -0.137082 0.135604
FixedParameters: 0 0 0

#Transform 46
Transform: AffineTransform_float_3_3
Parameters: 1 0.000202911 -4.55764e-05 -0.000202987 0.999999 -0.00083899 4.52359e-05 0.000839009 0.999999 0.0173949 -0.0873892 0.0971553
FixedParameters: 0 0 0

#Transform 47
Transform: AffineTransform_float_3_3
Parameters: 1 0.000112458 6.83608e-05 -0.000112319 1 -0.00101301 -6.85885e-05 0.00101299 1 0.0297736 -0.114047 0.132648
FixedParameters: 0 0 0

#Transform 48
Transform: AffineTransform_float_3_3
Parameters: 1 0.000400023 0.000433377 -0.000398991 0.999999 -0.00118917 -0.000434327 0.00118883 0.999999 -0.00516686 -0.0879135 0.11274
FixedParameters: 0 0 0

#Transform 49
Transform: AffineTransform_float_3_3
Parameters: 1 0.00026792 0.000112605 -0.000267752 0.999999 -0.00074503 -0.000113004 0.000744969 0.999999 0.0228402 -0.104951 0.127817
FixedParameters: 0 0 0

#Transform 50
Transform: AffineTransform_float_3_3
Parameters: 1 0.000184207 -9.10422e-05 -0.000184503 0.999998 -0.00163198 9.04404e-05 0.00163202 0.999998 0.0308641 -0.137878 0.179879
FixedParameters: 0 0 0

#Transform 51
Transform: AffineTransform_float_3_3
Parameters: 0.999999 0.000347817 -0.00127224 -0.000350012 0.999999 -0.00137541 0.00127183 0.00137559 0.999998 0.0341 -0.103542 0.131619
FixedParameters: 0 0 0

#Transform 52
Transform: AffineTransform_float_3_3
Parameters: 0.999998 0.00103553 -0.00132314 -0.00103841 0.999997 -0.00221869 0.00132055 0.00221931 0.999997 -0.0271077 -0.0560542 0.103391
FixedParameters: 0 0 0

#Transform 53
Transform: AffineTransform_float_3_3
Parameters: 0.999999 0.000639124 -0.000380916 -0.000639684 0.999999 -0.00123376 0.000380264 0.00123424 0.999999 0.00579116 -0.130123 0.112608
FixedParameters: 0 0 0

#Transform 54
Transform: AffineTransform_float_3_3
Parameters: 0.999999 0.000513479 -0.000782721 -0.000514884 0.999999 -0.0017316 0.000781485 0.0017324 0.999998 -0.0101788 -0.0951401 0.0897878
FixedParameters: 0 0 0

#Transform 55
Transform: AffineTransform_float_3_3
Parameters: 1 0.000308838 -0.000373881 -0.000309731 0.999999 -0.00170224 0.000373754 0.00170176 0.999998 0.0217447 -0.119196 0.108547
FixedParameters: 0 0 0

#Transform 56
Transform: AffineTransform_float_3_3
Parameters: 0.999999 0.000674646 -0.000391671 -0.000675284 0.999998 -0.00178474 0.000391112 0.00178527 0.999999 -0.0161421 -0.0635858 0.0788813
FixedParameters: 0 0 0

#Transform 57
Transform: AffineTransform_float_3_3
Parameters: 1 0.000218104 -0.000313562 -0.000218408 1 -0.00108893 0.000314011 0.00108907 1 0.0210605 -0.105436 0.103593
FixedParameters: 0 0 0

#Transform 58
Transform: AffineTransform_float_3_3
Parameters: 1 0.000237198 -0.000266672 -0.000238018 0.999998 -0.00224894 0.000266529 0.00224907 0.999998 -0.0129422 -0.0702955 0.075738
FixedParameters: 0 0 0

#Transform 59
Transform: AffineTransform_float_3_3
Parameters: 1 9.9562e-05 -0.000209779 -0.00010032 0.999999 -0.00180698 0.000209418 0.00180702 0.999999 0.0286845 -0.0996251 0.092955
FixedParameters: 0 0 0

#Transform 60
Transform: AffineTransform_float_3_3
Parameters: 1 0.000335152 -0.000307146 -0.000335282 0.999997 -0.0023399 0.000306123 0.0023401 0.999997 -0.0225923 -0.073856 0.0761555
FixedParameters: 0 0 0

#Transform 61
Transform: AffineTransform_float_3_3
Parameters: 1 -7.90854e-07 -0.000230081 -1.29017e-07 0.999998 -0.001999 0.000230083 0.001999 0.999998 0.0184065 -0.115168 0.0966612
FixedParameters: 0 0 0

#Transform 62
Transform: AffineTransform_float_3_3
Parameters: 1 0.000551338 7.71427e-05 -0.000551422 0.999996 -0.00295239 -7.90934e-05 0.00295161 0.999995 -0.0107338 -0.0494896 0.085774
FixedParameters: 0 0 0

#Transform 63
Transform: AffineTransform_float_3_3
Parameters: 1 0.000300132 -0.000292537 -0.000300912 0.999998 -0.00198391 0.00029227 0.00198409 0.999998 0.0393274 -0.104731 0.122199
FixedParameters: 0 0 0

#Transform 64
Transform: AffineTransform_float_3_3
Parameters: 1 0.000237011 -0.000266838 -0.000238204 0.999995 -0.00294793 0.000266362 0.00294806 0.999995 0.00576396 -0.0391306 0.0877907
FixedParameters: 0 0 0

#Transform 65
Transform: AffineTransform_float_3_3
Parameters: 1 0.000237345 -0.000266541 -0.00023787 0.999998 -0.00169594 0.00026666 0.00169606 0.999998 0.0176999 -0.0987233 0.102369
FixedParameters: 0 0 0

#Transform 66
Transform: AffineTransform_float_3_3
Parameters: 1 0.000382598 8.53498e-05 -0.000383065 0.999997 -0.00265904 -8.70062e-05 0.00265897 0.999997 -0.00593957 -0.066893 0.0717466
FixedParameters: 0 0 0

#Transform 67
Transform: AffineTransform_float_3_3
Parameters: 1 -4.83647e-05 -0.000148798 4.87463e-05 0.999999 -0.00182801 0.000148596 0.00182799 0.999999 0.00458096 -0.115782 0.0992641
FixedParameters: 0 0 0

#Transform 68
Transform: AffineTransform_float_3_3
Parameters: 1 0.000324938 -5.41495e-05 -0.000325753 0.999997 -0.00249098 5.38333e-05 0.00249102 0.999997 -0.00307976 -0.0539395 0.0676342
FixedParameters: 0 0 0

#Transform 69
Transform: AffineTransform_float_3_3
Parameters: 1 0.000250974 0.000118348 -0.000250631 0.999999 -0.00144303 -0.000119071 0.00144297 0.999999 0.00225374 -0.107665 0.102779
FixedParameters: 0 0 0

#Transform 70
Transform: AffineTransform_float_3_3
Parameters: 1 0.000173375 -0.000240377 -0.000174162 0.999997 -0.00242696 0.000240459 0.00242704 0.999997 -0.00904218 -0.0502355 0.0654814
FixedParameters: 0 0 0

#Transform 71
Transform: AffineTransform_float_3_3
Parameters: 1 0.000140939 3.49461e-05 -0.000140826 0.999998 -0.001601 -3.53972e-05 0.00160099 0.999998 0.0116144 -0.112487 0.102156
FixedParameters: 0 0 0

#Transform 72
Transform: AffineTransform_float_3_3
Parameters: 1 0.000295942 -0.000124351 -0.000296523 0.999997 -0.00234796 0.00012296 0.00234804 0.999997 -0.0221537 -0.0676616 0.0743845
FixedParameters: 0 0 0

#Transform 73
Transform: AffineTransform_float_3_3
Parameters: 1 3.1466e-05 0.00022066 -3.16118e-05 0.999999 -0.00176701 -0.000220392 0.00176699 0.999999 -0.000939905 -0.0944623 0.0935225
FixedParameters: 0 0 0

#Transform 74
Transform: AffineTransform_float_3_3
Parameters: 1 0.000237043 -0.00026681 -0.000238173 0.999996 -0.00282994 0.00026639 0.00283006 0.999996 -0.0317953 -0.0537621 0.0721058
FixedParameters: 0 0 0

#Transform 75
Transform: AffineTransform_float_3_3
Parameters: 1 0.000151028 0.000321721 -0.000150769 0.999999 -0.00184005 -0.000321897 0.00183995 0.999999 -0.00829931 -0.0802192 0.0876701
FixedParameters: 0 0 0

#Transform 76
Transform: AffineTransform_float_3_3
Parameters: 1 0.000486769 0.000337789 -0.000486627 0.999997 -0.00238431 -0.000338426 0.00238469 0.999997 -0.058315 -0.0562195 0.0721991
FixedParameters: 0 0 0

#Transform 77
Transform: AffineTransform_float_3_3
Parameters: 1 3.04561e-05 0.000397294 -2.95701e-05 1 -0.00111501 -0.000397361 0.00111499 1 -0.00929171 -0.126371 0.0960056
FixedParameters: 0 0 0

#Transform 78
Transform: AffineTransform_float_3_3
Parameters: 1 5.19355e-05 0.000448093 -5.07567e-05 0.999997 -0.00234802 -0.000447955 0.00234798 0.999997 -0.0577627 -0.0527619 0.0909329
FixedParameters: 0 0 0

#Transform 79
Transform: AffineTransform_float_3_3
Parameters: 1 3.04164e-05 0.000397297 -2.96098e-05 1 -0.00101501 -0.000397358 0.00101499 1 -0.0082803 -0.120966 0.114232
FixedParameters: 0 0 0

#Transform 80
Transform: AffineTransform_float_3_3
Parameters: 1 0.000105716 0.000578427 -0.00010436 0.999998 -0.00229806 -0.000579456 0.00229794 0.999997 -0.0242951 -0.0463445 0.0981316
FixedParameters: 0 0 0

#Transform 81
Transform: AffineTransform_float_3_3
Parameters: 1 3.04585e-05 0.000397294 -2.95677e-05 1 -0.00112101 -0.000397361 0.00112099 1 0.0183686 -0.115873 0.121278
FixedParameters: 0 0 0

#Transform 82
Transform: AffineTransform_float_3_3
Parameters: 1 0.000286458 0.000566596 -0.000286455 0.999998 -0.00163516 -0.000566774 0.00163484 0.999998 -0.0450536 -0.0763732 0.0798392
FixedParameters: 0 0 0

#Transform 83
Transform: AffineTransform_float_3_3
Parameters: 0.999999 -8.99672e-05 0.000806814 9.09713e-05 0.999999 -0.000856576 -0.000807585 0.000857424 0.999999 0.00223686 -0.121452 0.108063
FixedParameters: 0 0 0

#Transform 84
Transform: AffineTransform_float_3_3
Parameters: 0.999999 0.000167417 0.000728196 -0.000165225 0.999998 -0.00213977 -0.000728529 0.00214023 0.999998 -0.0266648 -0.0596828 0.0904145
FixedParameters: 0 0 0

#Transform 85
Transform: AffineTransform_float_3_3
Parameters: 1 3.1693e-05 0.000676774 -3.15234e-05 0.999999 -0.000808671 -0.000676446 0.00080933 1 0.00548937 -0.10942 0.103334
FixedParameters: 0 0 0

#Transform 86
Transform: AffineTransform_float_3_3
Parameters: 0.999999 0.000104741 0.000723707 -0.000103955 0.999999 -0.00182208 -0.000723328 0.00182193 0.999998 -0.0184299 -0.0649826 0.0839618
FixedParameters: 0 0 0

#Transform 87
Transform: AffineTransform_float_3_3
Parameters: 1 -0.000208052 0.000495496 0.00020933 0.999999 -0.0012899 -0.000494958 0.0012901 0.999999 -0.0185011 -0.118214 0.102095
FixedParameters: 0 0 0

#Transform 88
Transform: AffineTransform_float_3_3
Parameters: 0.999999 0.000367326 0.00121153 -0.000364079 0.999997 -0.00248509 -0.00121221 0.00248491 0.999996 -0.0665149 -0.0725645 0.0719344
FixedParameters: 0 0 0

#Transform 89
Transform: AffineTransform_float_3_3
Parameters: 0.999999 0.000219537 0.000856918 -0.000218594 1 -0.00109019 -0.000857016 0.00108981 0.999999 -0.036908 -0.112404 0.102597
FixedParameters: 0 0 0

#Transform 90
Transform: AffineTransform_float_3_3
Parameters: 1 3.09273e-05 0.000397258 -3.00248e-05 0.999998 -0.00230101 -0.000397018 0.00230099 0.999998 -0.024588 -0.0577642 0.0725866
FixedParameters: 0 0 0

#Transform 91
Transform: AffineTransform_float_3_3
Parameters: 0.999999 -6.22819e-06 0.000938059 8.08843e-06 0.999999 -0.00148464 -0.000937658 0.00148536 0.999999 -0.00406968 -0.0985606 0.102179
FixedParameters: 0 0 0

#Transform 92
Transform: AffineTransform_float_3_3
Parameters: 0.999999 0.000193373 0.000792068 -0.000191635 0.999998 -0.0016808 -0.000792336 0.0016812 0.999998 -0.0260446 -0.0644459 0.0755641
FixedParameters: 0 0 0

#Transform 93
Transform: AffineTransform_float_3_3
Parameters: 1 3.06301e-05 0.00039728 -2.9396e-05 0.999999 -0.00155301 -0.000397374 0.00155299 0.999998 0.00148839 -0.110351 0.10763
FixedParameters: 0 0 0

#Transform 94
Transform: AffineTransform_float_3_3
Parameters: 1 3.11215e-05 0.000397242 -2.98307e-05 0.999996 -0.00279001 -0.000397033 0.00278999 0.999996 -0.0474891 -0.0584055 0.0572867
FixedParameters: 0 0 0

#Transform 95
Transform: AffineTransform_float_3_3
Parameters: 0.999999 0.00169823 0.000639853 -0.00169643 0.999997 -0.00195838 -0.000642965 0.00195762 0.999998 -0.149013 -0.0326809 0.148546
FixedParameters: 0 0 0

#Transform 96
Transform: AffineTransform_float_3_3
Parameters: 0.999999 0.000651664 0.000386775 -0.000650723 0.999998 -0.00191825 -0.000387969 0.00191775 0.999998 -0.0688461 -0.0868349 0.0786662
FixedParameters: 0 0 0

#Transform 97
Transform: AffineTransform_float_3_3
Parameters: 0.999999 0.000742609 0.000472195 -0.00074159 0.999997 -0.00263035 -0.000474414 0.00262965 0.999997 -0.0843539 -0.0584503 0.0952769
FixedParameters: 0 0 0

#Transform 98
Transform: AffineTransform_float_3_3
Parameters: 0.999999 0.000612644 0.000880574 -0.000609764 0.999994 -0.00351733 -0.000882431 0.00351767 0.999993 -0.0924039 0.0100843 0.166829
FixedParameters: 0 0 0

#Transform 99
Transform: AffineTransform_float_3_3
Parameters: 0.999999 0.000354075 0.000632657 -0.000351476 0.999994 -0.00351222 -0.000634376 0.00351177 0.999993 -0.0761807 0.0129454 0.105412
FixedParameters: 0 0 0

#Transform 100
Transform: AffineTransform_float_3_3
Parameters: 0.999999 0.000353444 0.00063301 -0.000352108 0.999997 -0.00251522 -0.000634025 0.00251478 0.999996 -0.0533613 -0.0583726 0.0856741
FixedParameters: 0 0 0

#Transform 101
Transform: AffineTransform_float_3_3
Parameters: 1 0.000784252 0.000756423 -0.000780851 0.999993 -0.00357524 -0.000759029 0.00357476 0.999994 -0.0734815 -0.0158134 0.0775244
FixedParameters: 0 0 0

#Transform 102
Transform: AffineTransform_float_3_3
Parameters: 1 0.000397728 1.22553e-05 -0.000397675 0.999998 -0.00204 -1.38779e-05 0.00203999 0.999998 -0.0325537 -0.0814179 0.0935538
FixedParameters: 0 0 0

#Transform 103
Transform: AffineTransform_float_3_3
Parameters: 1 0.000603171 0.000160752 -0.000602809 0.999996 -0.0028061 -0.000162832 0.0028059 0.999996 -0.0514025 -0.0553126 0.0589578
FixedParameters: 0 0 0

#Transform 104
Transform: AffineTransform_float_3_3
Parameters: 1 0.000273489 0.000439943 -0.000272148 0.999997 -0.00214412 -0.000439808 0.00214388 0.999997 -0.0431557 -0.100689 0.0659846
FixedParameters: 0 0 0

#Transform 105
Transform: AffineTransform_float_3_3
Parameters: 0.999999 0.000354134 0.000632625 -0.000351417 0.999993 -0.00360487 -0.000634409 0.00360513 0.999993 -0.0484718 -0.0335722 0.0647645
FixedParameters: 0 0 0

#Transform 106
Transform: AffineTransform_float_3_3
Parameters: 1 0.000270954 0.000263615 -0.000270877 0.999998 -0.00189907 -0.000264265 0.00189893 0.999998 -0.0289675 -0.0815358 0.0792558
FixedParameters: 0 0 0

#Transform 107
Transform: AffineTransform_float_3_3
Parameters: 0.999999 0.000353591 0.000632928 -0.000351962 0.999996 -0.00274622 -0.000634107 0.00274578 0.999996 -0.0533577 -0.0518205 0.0860657
FixedParameters: 0 0 0

#Transform 108
Transform: AffineTransform_float_3_3
Parameters: 0.999999 0.000353208 0.000633143 -0.000351419 0.999997 -0.00214087 -0.000634272 0.00214113 0.999998 -0.0321236 -0.0701859 0.0823322
FixedParameters: 0 0 0

#Transform 109
Transform: AffineTransform_float_3_3
Parameters: 0.999999 0.00037876 0.000693946 -0.00037688 0.999997 -0.00268526 -0.000695216 0.00268474 0.999996 -0.0399846 -0.0686383 0.090918
FixedParameters: 0 0 0

#Transform 110
Transform: AffineTransform_float_3_3
Parameters: 1 0.000188872 0.000234677 -0.000187738 0.999997 -0.00241104 -0.000235585 0.00241096 0.999997 -0.0217494 -0.113087 0.0405378
FixedParameters: 0 0 0

#Transform 111
Transform: AffineTransform_float_3_3
Parameters: 1 -5.78167e-05 0.000336604 5.83304e-05 0.999997 -0.00269998 -0.000336836 0.00270002 0.999997 -0.0275239 -0.100622 0.0868449
FixedParameters: 0 0 0

#Transform 112
Transform: AffineTransform_float_3_3
Parameters: 1 5.22754e-05 0.000366895 -5.12379e-05 0.999995 -0.00318802 -0.000367771 0.00318798 0.999995 -0.029234 -0.0470944 0.0428644
FixedParameters: 0 0 0

#Transform 113
Transform: AffineTransform_float_3_3
Parameters: 1 0.000189025 0.000234554 -0.000188511 0.999996 -0.00306305 -0.000235331 0.00306296 0.999996 -0.0371539 -0.0722458 0.0653901
FixedParameters: 0 0 0

#Transform 114
Transform: AffineTransform_float_3_3
Parameters: 1 2.62349e-05 0.00030185 -2.60057e-05 0.999997 -0.00253801 -0.000302529 0.00253799 0.999996 -0.0283002 -0.068772 0.0306898
FixedParameters: 0 0 0

#Transform 115
Transform: AffineTransform_float_3_3
Parameters: 1 -6.73638e-05 0.00069551 6.90949e-05 0.999996 -0.00284795 -0.000695288 0.00284805 0.999995 -0.0220909 -0.0859982 0.0910568
FixedParameters: 0 0 0

#Transform 116
Transform: AffineTransform_float_3_3
Parameters: 1 -0.000192687 0.000392399 0.00019362 0.999996 -0.00285392 -0.000391842 0.00285408 0.999996 -0.014113 -0.0774561 0.0470488
FixedParameters: 0 0 0

#Transform 117
Transform: AffineTransform_float_3_3
Parameters: 0.999999 -2.57877e-05 0.000796238 2.79499e-05 0.999996 -0.00275798 -0.000796256 0.00275802 0.999996 -0.0170761 -0.077774 0.114878
FixedParameters: 0 0 0

#Transform 118
Transform: AffineTransform_float_3_3
Parameters: 1 -0.000192717 0.000392384 0.00019359 0.999996 -0.00277692 -0.000391857 0.00277708 0.999996 -0.00889457 -0.0634173 0.0320146
FixedParameters: 0 0 0

#Transform 119
Transform: AffineTransform_float_3_3
Parameters: 1 -0.000224135 0.000316538 0.000225329 0.999997 -0.00248593 -0.000316346 0.00248607 0.999997 0.0144782 -0.0751248 0.0934408
FixedParameters: 0 0 0

#Transform 120
Transform: AffineTransform_float_3_3
Parameters: 1 -0.000107065 0.000598552 0.000109079 0.999993 -0.00354679 -0.000597952 0.00354621 0.999993 -0.00671975 -0.0484244 0.0464846
FixedParameters: 0 0 0

#Transform 121
Transform: AffineTransform_float_3_3
Parameters: 1 6.41805e-05 0.000286185 -6.355e-05 0.999997 -0.00271802 -0.000286153 0.00271798 0.999997 0.00996556 -0.0764383 0.141235
FixedParameters: 0 0 0

#Transform 122
Transform: AffineTransform_float_3_3
Parameters: 1 -0.000192784 0.000392351 0.000193523 0.999996 -0.00260492 -0.00039189 0.00260507 0.999996 -0.00499269 -0.0504106 0.0483519
FixedParameters: 0 0 0

#Transform 123
Transform: AffineTransform_float_3_3
Parameters: 1 -0.000192919 0.000392285 0.000194315 0.999998 -0.00226193 -0.000392334 0.00226208 0.999998 0.00289729 -0.102742 0.101534
FixedParameters: 0 0 0

#Transform 124
Transform: AffineTransform_float_3_3
Parameters: 1 -9.99432e-05 0.000616082 0.000101782 0.999995 -0.00330294 -0.000615582 0.00330307 0.999995 -0.0125488 -0.0538838 0.0329985
FixedParameters: 0 0 0

#Transform 125
Transform: AffineTransform_float_3_3
Parameters: 1 -0.000192955 0.000392266 0.000194278 0.999997 -0.00216892 -0.000392352 0.00216907 0.999997 0.0193401 -0.103876 0.103092
FixedParameters: 0 0 0

#Transform 126
Transform: AffineTransform_float_3_3
Parameters: 1 -0.000192515 0.000392483 0.000193792 0.999994 -0.00329278 -0.000391757 0.00329222 0.999994 0.0028627 -0.0557325 0.0620384
FixedParameters: 0 0 0

#Transform 127
Transform: AffineTransform_float_3_3
Parameters: 0.999999 -0.000338918 0.000662405 0.000340183 0.999998 -0.00222578 -0.000662364 0.00222623 0.999998 0.00187463 -0.108235 0.105333
FixedParameters: 0 0 0

#Transform 128
Transform: AffineTransform_float_3_3
Parameters: 1 -7.5282e-05 0.000675234 7.78719e-05 0.999993 -0.0035696 -0.000674854 0.0035704 0.999994 -0.0414264 -0.0380373 0.0615079
FixedParameters: 0 0 0

#Transform 129
Transform: AffineTransform_float_3_3
Parameters: 1 -8.2167e-05 0.000660359 8.44341e-05 0.999997 -0.0024188 -0.000659576 0.0024182 0.999997 0.00523441 -0.100913 0.100744
FixedParameters: 0 0 0

#Transform 130
Transform: AffineTransform_float_3_3
Parameters: 1 -8.00394e-05 0.000664129 8.22221e-05 0.999995 -0.00332295 -0.000663756 0.00332306 0.999995 2.70366e-05 -0.0384316 0.0644014
FixedParameters: 0 0 0

#Transform 131
Transform: AffineTransform_float_3_3
Parameters: 1 -9.93086e-05 0.000618771 0.000101066 0.999997 -0.00247394 -0.000618821 0.00247406 0.999996 -0.0107906 -0.0907161 0.0766809
FixedParameters: 0 0 0

#Transform 132
Transform: AffineTransform_float_3_3
Parameters: 0.999999 -3.80952e-05 0.000765755 4.06863e-05 0.999995 -0.00314797 -0.000765674 0.00314803 0.999995 -0.0546294 -0.0621862 0.0841458
FixedParameters: 0 0 0

#Transform 133
Transform: AffineTransform_float_3_3
Parameters: 0.999999 0.000299062 0.000762592 -0.00029658 0.999996 -0.00283923 -0.000763524 0.00283877 0.999995 -0.0603193 -0.105687 0.147949
FixedParameters: 0 0 0

#Transform 134
Transform: AffineTransform_float_3_3
Parameters: 1 -0.000339499 0.000511342 0.000340752 0.999997 -0.00250383 -0.000510184 0.00250417 0.999996 -0.0025253 -0.0600226 0.0623577
FixedParameters: 0 0 0

#Transform 135
Transform: AffineTransform_float_3_3
Parameters: 0.999999 4.98545e-05 0.000979221 -4.66719e-05 0.999996 -0.00276305 -0.000979654 0.00276295 0.999995 -0.053179 -0.0913944 0.0997547
FixedParameters: 0 0 0

#Transform 136
Transform: AffineTransform_float_3_3
Parameters: 0.999999 -3.31791e-05 0.000779581 3.55223e-05 0.999998 -0.00209697 -0.000779057 0.00209703 0.999997 -0.0175557 -0.0914046 0.0782219
FixedParameters: 0 0 0

#Transform 137
Transform: AffineTransform_float_3_3
Parameters: 0.999999 2.81499e-05 0.000925606 -2.56632e-05 0.999995 -0.00325067 -0.000926493 0.00325133 0.999994 -0.0412062 -0.0369835 0.0830681
FixedParameters: 0 0 0

#Transform 138
Transform: AffineTransform_float_3_3
Parameters: 1 -5.79261e-05 0.00105937 6.01301e-05 0.999997 -0.00252959 -0.00105886 0.00253041 0.999996 -0.0297438 -0.0828747 0.08603
FixedParameters: 0 0 0

#Transform 139
Transform: AffineTransform_float_3_3
Parameters: 0.999999 0.000108841 0.000891055 -0.000106672 0.999995 -0.0029866 -0.000891485 0.0029864 0.999995 -0.0325745 -0.0555079 0.0513887
FixedParameters: 0 0 0

#Transform 140
Transform: AffineTransform_float_3_3
Parameters: 1 -0.000406747 0.00093362 0.000409146 0.999998 -0.00198447 -0.000932547 0.00198452 0.999998 0.00140919 -0.0996485 0.0996182
FixedParameters: 0 0 0

#Transform 141
Transform: AffineTransform_float_3_3
Parameters: 1 0.000176747 0.00116712 -0.000172076 0.999995 -0.00318985 -0.00116709 0.00319015 0.999994 -0.0305387 -0.0435158 0.0457665
FixedParameters: 0 0 0

#Transform 142
Transform: AffineTransform_float_3_3
Parameters: 1 -9.21641e-05 0.00108514 9.43373e-05 0.999998 -0.00202855 -0.00108493 0.00202945 0.999998 -0.00263128 -0.0791662 0.11889
FixedParameters: 0 0 0

#Transform 143
Transform: AffineTransform_float_3_3
Parameters: 0.999999 -6.99249e-05 0.000794857 7.18673e-05 0.999997 -0.0023878 -0.00079376 0.0023872 0.999997 -0.0146514 -0.0614012 0.0505407
FixedParameters: 0 0 0

#Transform 144
Transform: AffineTransform_float_3_3
Parameters: 0.999999 0.000255042 0.00147549 -0.000250495 0.999996 -0.00279502 -0.00147538 0.00279498 0.999995 -0.040756 -0.0486195 0.111215
FixedParameters: 0 0 0

#Transform 145
Transform: AffineTransform_float_3_3
Parameters: 0.999999 -2.56961e-05 0.000776533 2.8202e-05 0.999998 -0.00220998 -0.000776035 0.00221002 0.999998 -0.0220447 -0.072638 0.0766746
FixedParameters: 0 0 0

#Transform 146
Transform: AffineTransform_float_3_3
Parameters: 1 0.000265884 0.0010522 -0.000263677 0.999997 -0.00254693 -0.00105333 0.00254707 0.999996 -0.0559886 -0.0678616 0.0923874
FixedParameters: 0 0 0

#Transform 147
Transform: AffineTransform_float_3_3
Parameters: 0.999999 -0.000176529 0.000838684 0.00017861 0.999998 -0.00201871 -0.000838512 0.00201829 0.999998 -0.0461013 -0.0885784 0.0933122
FixedParameters: 0 0 0

#Transform 148
Transform: AffineTransform_float_3_3
Parameters: 0.999999 0.000335353 0.000949938 -0.000333193 0.999996 -0.00279532 -0.000951593 0.00279468 0.999995 -0.0826395 -0.050362 0.0924091
FixedParameters: 0 0 0

#Transform 149
Transform: AffineTransform_float_3_3
Parameters: 0.999999 0.000197643 0.000684314 -0.000196259 0.999998 -0.00168678 -0.000684599 0.00168722 0.999999 -0.054663 -0.0971367 0.111349
FixedParameters: 0 0 0

#Transform 150
Transform: AffineTransform_float_3_3
Parameters: 0.999999 0.000326075 0.0006313 -0.000323733 0.999996 -0.00301921 -0.000631577 0.0030188 0.999995 -0.0490417 -0.0356359 0.11751
FixedParameters: 0 0 0

#Transform 151
Transform: AffineTransform_float_3_3
Parameters: 0.999999 -4.4461e-05 0.000784147 4.64456e-05 0.999999 -0.00185596 -0.000783599 0.00185604 0.999998 -0.00456045 -0.0756427 0.126713
FixedParameters: 0 0 0

#Transform 152
Transform: AffineTransform_float_3_3
Parameters: 0.999999 0.000204734 0.000681461 -0.000203047 0.999996 -0.00259479 -0.00068176 0.00259521 0.999997 -0.0455908 -0.0405187 0.0929899
FixedParameters: 0 0 0

#Transform 153
Transform: AffineTransform_float_3_3
Parameters: 0.999999 -0.000550665 0.00117704 0.000553103 0.999998 -0.00214521 -0.00117576 0.00214579 0.999997 0.00710205 -0.107996 0.126584
FixedParameters: 0 0 0

#Transform 154
Transform: AffineTransform_float_3_3
Parameters: 0.999999 0.000231146 0.000840512 -0.000228245 0.999995 -0.00337619 -0.000840924 0.00337581 0.999994 -0.0449218 -0.0351974 0.0957586
FixedParameters: 0 0 0

#Transform 155
Transform: AffineTransform_float_3_3
Parameters: 0.999999 -7.72168e-05 0.000909111 7.85513e-05 0.999998 -0.00196078 -0.000908971 0.00196021 0.999998 -0.00707892 -0.103474 0.123531
FixedParameters: 0 0 0

#Transform 156
Transform: AffineTransform_float_3_3
Parameters: 0.999999 -0.000115874 0.000813978 0.000118061 0.999997 -0.00271391 -0.00081351 0.0027141 0.999996 -0.0295297 -0.0168946 0.0958478
FixedParameters: 0 0 0

#Transform 157
Transform: AffineTransform_float_3_3
Parameters: 0.999999 -0.000116687 0.000813862 0.000118552 0.999999 -0.00171491 -0.000813079 0.0017151 0.999998 0.0107145 -0.1024 0.119385
FixedParameters: 0 0 0

#Transform 158
Transform: AffineTransform_float_3_3
Parameters: 0.999999 -0.000115636 0.000814012 0.000118299 0.999996 -0.00300591 -0.000813475 0.0030061 0.999995 -0.0197627 -0.0309597 0.109822
FixedParameters: 0 0 0

#Transform 159
Transform: AffineTransform_float_3_3
Parameters: 1 2.08096e-05 0.0011467 -1.84637e-05 0.999998 -0.00199467 -0.00114694 0.00199533 0.999998 0.0159525 -0.0712951 0.121082
FixedParameters: 0 0 0

#Transform 160
Transform: AffineTransform_float_3_3
Parameters: 0.999999 0.00019845 0.00068408 -0.000197304 0.999996 -0.00286613 -0.000684076 0.00286586 0.999995 -0.0386507 -0.0429255 0.0786979
FixedParameters: 0 0 0

#Transform 161
Transform: AffineTransform_float_3_3
Parameters: 0.999999 -0.000116548 0.000813882 0.000117766 0.999998 -0.00188676 -0.000812681 0.00188624 0.999998 0.00289996 -0.0974279 0.130497
FixedParameters: 0 0 0

#Transform 162
Transform: AffineTransform_float_3_3
Parameters: 0.999999 -1.41395e-05 0.00106165 1.6407e-05 0.999998 -0.00211763 -0.00106175 0.00211837 0.999997 -0.0477412 -0.0424087 0.125956
FixedParameters: 0 0 0

#Transform 163
Transform: AffineTransform_float_3_3
Parameters: 0.999998 0.000932748 0.00173699 -0.000932964 0.999999 6.10817e-05 -0.00173687 -6.2918e-05 0.999999 -0.0494851 -0.0629273 0.182254
FixedParameters: 0 0 0

#Transform 164
Transform: AffineTransform_float_3_3
Parameters: 0.999998 0.000325719 0.0015899 -0.000322762 0.999998 -0.00192202 -0.00159093 0.00192098 0.999997 -0.0378496 -0.0415459 0.136419
FixedParameters: 0 0 0

#Transform 165
Transform: AffineTransform_float_3_3
Parameters: 0.999998 -0.000203642 0.00157603 0.000205885 0.999999 -0.00112518 -0.00157612 0.00112582 0.999998 0.017858 -0.0944531 0.134689
FixedParameters: 0 0 0

#Transform 166
Transform: AffineTransform_float_3_3
Parameters: 0.999998 -7.57424e-05 0.00168132 7.99564e-05 0.999997 -0.00257973 -0.00168125 0.00257927 0.999995 0.0142506 -0.0446868 0.122977
FixedParameters: 0 0 0

#Transform 167
Transform: AffineTransform_float_3_3
Parameters: 0.999999 -0.00046599 0.00125594 0.000467966 0.999999 -0.00130627 -0.00125527 0.00130673 0.999998 0.0612461 -0.123202 0.125752
FixedParameters: 0 0 0

#Transform 168
Transform: AffineTransform_float_3_3
Parameters: 0.999998 -0.000287722 0.00168443 0.000292252 0.999997 -0.00250637 -0.00168461 0.00250663 0.999995 0.0136459 -0.0492491 0.09797
FixedParameters: 0 0 0

#Transform 169
Transform: AffineTransform_float_3_3
Parameters: 0.999999 -0.000381237 0.00146129 0.00038424 0.999998 -0.00147394 -0.00146071 0.00147505 0.999998 0.0353022 -0.104121 0.109007
FixedParameters: 0 0 0

#Transform 170
Transform: AffineTransform_float_3_3
Parameters: 0.999999 -0.000150011 0.00182662 0.000154693 0.999997 -0.00250222 -0.00182619 0.00250277 0.999995 0.0194222 -0.0806906 0.114385
FixedParameters: 0 0 0

#Transform 171
Transform: AffineTransform_float_3_3
Parameters: 0.999999 -0.00039449 0.00142895 0.000397172 0.999999 -0.00152729 -0.00142921 0.00152771 0.999998 0.0358745 -0.0901849 0.087226
FixedParameters: 0 0 0

#Transform 172
Transform: AffineTransform_float_3_3
Parameters: 0.999999 -0.000243571 0.00179424 0.000247772 0.999999 -0.00179206 -0.00179353 0.00179294 0.999997 0.028578 -0.0738279 0.123792
FixedParameters: 0 0 0

#Transform 173
Transform: AffineTransform_float_3_3
Parameters: 0.999998 -0.000301216 0.00165377 0.000305104 0.999998 -0.001964 -0.00165367 0.001965 0.999997 0.0313122 -0.0713734 0.0909588
FixedParameters: 0 0 0

#Transform 174
Transform: AffineTransform_float_3_3
Parameters: 0.999998 -0.000122041 0.00208556 0.000128017 0.999997 -0.0025021 -0.00208526 0.0025019 0.999995 0.020066 -0.0450432 0.111036
FixedParameters: 0 0 0

#Transform 175
Transform: AffineTransform_float_3_3
Parameters: 0.999999 -0.000368876 0.00149009 0.000371772 0.999998 -0.00184695 -0.00148982 0.00184805 0.999998 0.0345862 -0.0921335 0.0515346
FixedParameters: 0 0 0

#Transform 176
Transform: AffineTransform_float_3_3
Parameters: 0.999999 -0.000448722 0.00178386 0.000452282 0.999998 -0.00198891 -0.00178278 0.00198909 0.999997 0.0506589 -0.0693361 0.114486
FixedParameters: 0 0 0

#Transform 177
Transform: AffineTransform_float_3_3
Parameters: 0.999999 -0.000419057 0.00136649 0.000423285 0.999997 -0.00250228 -0.00136547 0.00250272 0.999996 0.0438985 -0.0732166 0.057762
FixedParameters: 0 0 0

#Transform 178
Transform: AffineTransform_float_3_3
Parameters: 0.999999 -0.000755646 0.00170676 0.00075989 0.999996 -0.00250142 -0.00170553 0.00250258 0.999996 0.0718029 -0.0618636 0.112167
FixedParameters: 0 0 0

#Transform 179
Transform: AffineTransform_float_3_3
Parameters: 0.999998 -0.000831235 0.00152375 0.000834941 0.999997 -0.00250159 -0.00152122 0.00250341 0.999996 0.10698 -0.0877026 0.0611457
FixedParameters: 0 0 0

#Transform 180
Transform: AffineTransform_float_3_3
Parameters: 0.999999 -0.00075537 0.00170688 0.000759239 0.999996 -0.00266256 -0.00170503 0.00266443 0.999994 0.0825008 -0.0507455 0.0994417
FixedParameters: 0 0 0

#Transform 181
Transform: AffineTransform_float_3_3
Parameters: 0.999999 -0.000963256 0.00120464 0.000965671 0.999996 -0.00224455 -0.00120232 0.00224545 0.999997 0.095219 -0.0833001 0.069357
FixedParameters: 0 0 0

#Transform 182
Transform: AffineTransform_float_3_3
Parameters: 0.999999 -0.000618653 0.00137321 0.000623767 0.999994 -0.003427 -0.00137151 0.00342799 0.999993 0.0739043 -0.0480461 0.0868189
FixedParameters: 0 0 0

#Transform 183
Transform: AffineTransform_float_3_3
Parameters: 0.999999 -0.000414364 0.00133924 0.000418431 0.999994 -0.00318595 -0.00133692 0.00318705 0.999994 0.123966 -0.0265267 0.164494
FixedParameters: 0 0 0

#Transform 184
Transform: AffineTransform_float_3_3
Parameters: 0.999999 -0.00102654 0.000699561 0.00102874 0.999994 -0.00305414 -0.00069568 0.00305486 0.999996 0.128097 -0.0294893 0.0604419
FixedParameters: 0 0 0

#Transform 185
Transform: AffineTransform_float_3_3
Parameters: 0.999999 -0.00108425 0.00139037 0.00108713 0.999996 -0.00258035 -0.00138732 0.00258265 0.999996 0.134931 -0.045524 0.120192
FixedParameters: 0 0 0

#Transform 186
Transform: AffineTransform_float_3_3
Parameters: 0.999999 -0.00112746 0.00128529 0.001131 0.999995 -0.00283676 -0.00128275 0.00283824 0.999995 0.110778 -0.0297972 0.0494276
FixedParameters: 0 0 0

#Transform 187
Transform: AffineTransform_float_3_3
Parameters: 0.999998 -0.00108499 0.00154084 0.00108916 0.999996 -0.00244639 -0.00153846 0.00244761 0.999995 0.132877 -0.0730791 0.120199
FixedParameters: 0 0 0

#Transform 188
Transform: AffineTransform_float_3_3
Parameters: 0.999999 -0.000636243 0.0010827 0.000639089 0.999994 -0.00329917 -0.00108106 0.00329984 0.999994 0.0794692 -0.0499578 0.0583697
