# transform file /out/sourcedata/freesurfer/sub-v1s12x0050108_ses-1/mri/transforms/cc_up.lta
# created by oesteban on Sun Mar  8 13:49:31 2026

type      = 0 # LINEAR_VOX_TO_VOX
nxforms   = 1
mean      = 126.0000 133.0000 118.0000
sigma     = 10000.0000
1 4 4
9.980883002281189e-01 5.236855521798134e-02 -3.281874582171440e-02 -7.959774732589722e-01 
-5.234026536345482e-02 9.986277222633362e-01 1.721031963825226e-03 2.360161018371582e+01 
3.286384418606758e-02 0.000000000000000e+00 9.994597434997559e-01 8.888413429260254e+00 
0.000000000000000e+00 0.000000000000000e+00 0.000000000000000e+00 1.000000000000000e+00 
src volume info
valid = 1  # volume info valid
filename = /out/sourcedata/freesurfer/sub-v1s12x0050108_ses-1/mri/norm.mgz
volume = 256 256 256
voxelsize = 1.000000000000000e+00 1.000000000000000e+00 1.000000000000000e+00
xras   = -1.000000000000000e+00 0.000000000000000e+00 0.000000000000000e+00
yras   = 0.000000000000000e+00 0.000000000000000e+00 -1.000000000000000e+00
zras   = 0.000000000000000e+00 1.000000000000000e+00 0.000000000000000e+00
cras   = 6.808494567871094e+00 3.179183959960938e+00 -6.032295227050781e+00
dst volume info
valid = 1  # volume info valid
filename = /out/sourcedata/freesurfer/sub-v1s12x0050108_ses-1/mri/norm.mgz
volume = 256 256 256
voxelsize = 1.000000000000000e+00 1.000000000000000e+00 1.000000000000000e+00
xras   = -1.000000000000000e+00 0.000000000000000e+00 0.000000000000000e+00
yras   = 0.000000000000000e+00 0.000000000000000e+00 -1.000000000000000e+00
zras   = 0.000000000000000e+00 1.000000000000000e+00 0.000000000000000e+00
cras   = 6.808494567871094e+00 3.179183959960938e+00 -6.032295227050781e+00
