#Insight Transform File V1.0
#Transform 0
Transform: AffineTransform_float_3_3
Parameters: 1 -0.000279657 -0.000203218 0.000279969 0.999999 0.000766943 0.000202789 -0.000767056 0.999999 0.0140365 -0.0405472 -0.0684844
FixedParameters: 0 0 0

#Transform 1
Transform: AffineTransform_float_3_3
Parameters: 1 0.000384813 -5.06778e-05 -0.000384785 1 0.000269019 5.08848e-05 -0.00026898 1 -0.0364285 0.130048 0.0844417
FixedParameters: 0 0 0

#Transform 2
Transform: AffineTransform_float_3_3
Parameters: 0.999999 0.00075304 0.000397148 -0.000753275 0.999999 0.000295701 -0.000396703 -0.000296299 1 -0.0399312 -0.0827347 0.157951
FixedParameters: 0 0 0

#Transform 3
Transform: AffineTransform_float_3_3
Parameters: 1 0.00111812 0.000207386 -0.00111752 0.999999 -0.000356232 -0.000207294 0.000355768 1 -0.0441398 -0.0724987 0.106408
FixedParameters: 0 0 0

#Transform 4
Transform: AffineTransform_float_3_3
Parameters: 0.999999 0.000928451 -0.000157981 -0.000928445 1 1.65263e-05 0.000158011 -1.64737e-05 1 -0.0291192 -0.11176 0.105499
FixedParameters: 0 0 0

#Transform 5
Transform: AffineTransform_float_3_3
Parameters: 0.999999 0.000991029 -0.00024818 -0.000991162 1 -0.000268375 0.000247648 0.000268625 1 -0.0456044 -0.0457689 0.0730222
FixedParameters: 0 0 0

#Transform 6
Transform: AffineTransform_float_3_3
Parameters: 1 0.00109586 -0.0003022 -0.00109585 1 1.67108e-05 0.000302236 -1.62892e-05 1 -0.0367132 -0.0788769 0.102209
FixedParameters: 0 0 0

#Transform 7
Transform: AffineTransform_float_3_3
Parameters: 1 0.00110208 -0.000305421 -0.00110207 1 1.67163e-05 0.000305457 -1.62837e-05 1 -0.0599017 -0.0513196 0.0697283
FixedParameters: 0 0 0

#Transform 8
Transform: AffineTransform_float_3_3
Parameters: 1 0.00115402 -0.000239982 -0.00115401 1 1.66566e-05 0.000240021 -1.63434e-05 1 -0.0588049 -0.0875738 0.0852652
FixedParameters: 0 0 0

#Transform 9
Transform: AffineTransform_float_3_3
Parameters: 1 0.00109319 -0.000183217 -0.00109304 1 0.00039958 0.00018409 -0.000399419 1 -0.0515461 -0.0683671 0.0629053
FixedParameters: 0 0 0

#Transform 10
Transform: AffineTransform_float_3_3
Parameters: 0.999999 0.00139561 -0.00020414 -0.00139561 0.999999 1.66646e-05 0.000204186 -1.63354e-05 1 -0.0601478 -0.0558762 0.0706631
FixedParameters: 0 0 0

#Transform 11
Transform: AffineTransform_float_3_3
Parameters: 1 0.00104881 -0.00027781 -0.0010488 1 1.6671e-05 0.000277844 -1.6329e-05 1 -0.0511512 -0.0861842 0.0518461
FixedParameters: 0 0 0

#Transform 12
Transform: AffineTransform_float_3_3
Parameters: 1 0.00110914 -0.00030924 -0.00110921 1 -0.000107066 0.000309002 0.000106934 1 -0.0600928 -0.0454419 0.0635647
FixedParameters: 0 0 0

#Transform 13
Transform: AffineTransform_float_3_3
Parameters: 1 0.00114122 -0.000325411 -0.00114106 0.999999 0.000242963 0.000325966 -0.000243037 1 -0.0477385 -0.0941706 0.0688865
FixedParameters: 0 0 0

#Transform 14
Transform: AffineTransform_float_3_3
Parameters: 0.999999 0.00126824 -0.00039103 -0.00126795 0.999999 0.000367876 0.000391962 -0.000367124 1 -0.038634 -0.03469 0.0453481
FixedParameters: 0 0 0

#Transform 15
Transform: AffineTransform_float_3_3
Parameters: 1 0.00116247 6.57814e-05 -0.00116251 1 0.000367303 -6.49269e-05 -0.000367696 1 -0.0586505 -0.0652192 0.0422683
FixedParameters: 0 0 0

#Transform 16
Transform: AffineTransform_float_3_3
Parameters: 1 0.00109325 0.000262696 -0.00109345 0.999999 0.000396713 -0.000261828 -0.000397286 1 -0.0514413 -0.0346272 0.0445392
FixedParameters: 0 0 0

#Transform 17
Transform: AffineTransform_float_3_3
Parameters: 0.999999 0.00078092 0.000276668 -0.000780929 1 1.65722e-05 -0.000276642 -1.64278e-05 1 -0.0386545 -0.045862 0.0248653
FixedParameters: 0 0 0

#Transform 18
Transform: AffineTransform_float_3_3
Parameters: 0.999997 0.00218042 0.00122776 -0.00218215 0.999998 0.0010531 -0.00122585 -0.0010559 0.999999 0.0792876 -0.295474 0.636866
FixedParameters: 0 0 0

#Transform 19
Transform: AffineTransform_float_3_3
Parameters: 1 -0.000162537 0.000485509 0.000160998 0.999998 0.00206008 -0.000485288 -0.00205992 0.999998 0.150394 -0.0487981 0.382883
FixedParameters: 0 0 0

#Transform 20
Transform: AffineTransform_float_3_3
Parameters: 0.999999 -0.000714174 0.000360583 0.000714155 1 0.000664849 -0.000360645 -0.000665151 1 0.183883 -0.089809 0.27543
FixedParameters: 0 0 0

#Transform 21
Transform: AffineTransform_float_3_3
Parameters: 0.999999 -0.000966214 0.000125346 0.000966297 0.999999 0.0014925 -0.000127343 -0.0014925 0.999999 0.169687 -0.074273 0.24496
FixedParameters: 0 0 0

#Transform 22
Transform: AffineTransform_float_3_3
Parameters: 0.999999 -0.000747646 1.222e-05 0.000748058 0.999998 0.00181801 -1.40513e-05 -0.00181799 0.999999 0.167974 -0.0425117 0.308156
FixedParameters: 0 0 0

#Transform 23
Transform: AffineTransform_float_3_3
Parameters: 1 -0.000577015 -7.59028e-05 0.000577768 0.999998 0.00194696 7.45422e-05 -0.00194704 0.999998 0.187332 -0.0142342 0.219402
FixedParameters: 0 0 0

#Transform 24
Transform: AffineTransform_float_3_3
Parameters: 0.999999 -0.000619364 -0.000401529 0.000619605 0.999999 0.00140854 0.000400244 -0.00140846 0.999998 0.18211 0.0414178 0.315913
FixedParameters: 0 0 0

#Transform 25
Transform: AffineTransform_float_3_3
Parameters: 1 -0.000615179 -0.000326108 0.000615787 0.999998 0.0015878 0.000325501 -0.0015882 0.999998 0.191608 0.0163265 0.268325
FixedParameters: 0 0 0

#Transform 26
Transform: AffineTransform_float_3_3
Parameters: 1 -0.000475581 -0.000216962 0.000475343 0.999999 0.0015019 0.000215994 -0.0015021 0.999999 0.167862 0.0432399 0.354747
FixedParameters: 0 0 0

#Transform 27
Transform: AffineTransform_float_3_3
Parameters: 1 -0.00045668 -0.000374117 0.000457248 0.999999 0.00132983 0.000374249 -0.00133017 0.999999 0.180748 0.0368845 0.307807
FixedParameters: 0 0 0

#Transform 28
Transform: AffineTransform_float_3_3
Parameters: 0.999999 -0.00126285 -0.000329296 0.00126391 0.999998 0.00156337 0.000327581 -0.00156363 0.999999 0.206492 0.0388621 0.349241
FixedParameters: 0 0 0

#Transform 29
Transform: AffineTransform_float_3_3
Parameters: 0.999999 -0.000801904 -0.000101333 0.00080178 0.999998 0.00150492 0.000100268 -0.00150508 0.999999 0.173745 0.0474764 0.326791
FixedParameters: 0 0 0

#Transform 30
Transform: AffineTransform_float_3_3
Parameters: 0.999999 -0.000912957 -4.41937e-05 0.000913143 0.999998 0.00174396 4.32448e-05 -0.00174404 0.999999 0.182068 0.0425464 0.270312
FixedParameters: 0 0 0

#Transform 31
Transform: AffineTransform_float_3_3
Parameters: 0.999999 -0.00126365 0.000656479 0.001263 0.999999 0.00119542 -0.000657722 -0.00119458 0.999999 0.250356 0.0904904 0.315952
FixedParameters: 0 0 0

#Transform 32
Transform: AffineTransform_float_3_3
Parameters: 0.999997 -0.00189525 0.00102648 0.00189488 0.999997 0.00040534 -0.00102712 -0.000403659 1 0.282647 0.107728 0.233668
FixedParameters: 0 0 0

#Transform 33
Transform: AffineTransform_float_3_3
Parameters: 0.999996 -0.0024551 0.0013369 0.00245716 0.999996 -0.00145835 -0.00133328 0.00146164 0.999998 0.358947 0.130909 0.149275
FixedParameters: 0 0 0

#Transform 34
Transform: AffineTransform_float_3_3
Parameters: 0.999995 -0.00280216 0.000940257 0.00280285 0.999996 -0.00110243 -0.000936733 0.00110557 0.999999 0.354977 0.120022 0.0519072
FixedParameters: 0 0 0

#Transform 35
Transform: AffineTransform_float_3_3
Parameters: 0.999996 -0.00274247 0.000913204 0.00274485 0.999994 -0.00233635 -0.000906165 0.00233865 0.999997 0.370303 0.154072 0.0838248
FixedParameters: 0 0 0

#Transform 36
Transform: AffineTransform_float_3_3
Parameters: 0.999995 -0.00280484 0.00137753 0.00280666 0.999994 -0.00166418 -0.00137351 0.00166782 0.999997 0.377551 0.107541 0.0893141
FixedParameters: 0 0 0

#Transform 37
Transform: AffineTransform_float_3_3
Parameters: 0.999995 -0.00277876 0.00156855 0.00278065 0.999995 -0.00118848 -0.00156548 0.00119253 0.999999 0.38109 0.105039 0.0792817
FixedParameters: 0 0 0

#Transform 38
Transform: AffineTransform_float_3_3
Parameters: 0.999994 -0.00268143 0.00213059 0.0026845 0.999996 -0.00135932 -0.00212637 0.00136468 0.999997 0.374419 0.147316 0.0891946
FixedParameters: 0 0 0

#Transform 39
Transform: AffineTransform_float_3_3
Parameters: 0.999993 -0.00322453 0.00180143 0.00322666 0.999993 -0.00173244 -0.00179599 0.00173856 0.999997 0.407218 0.100893 0.117269
FixedParameters: 0 0 0

#Transform 40
Transform: AffineTransform_float_3_3
Parameters: 0.999994 -0.00307132 0.00160413 0.0030748 0.999993 -0.00223453 -0.00159748 0.00223947 0.999997 0.402302 0.140904 0.0936216
FixedParameters: 0 0 0

#Transform 41
Transform: AffineTransform_float_3_3
Parameters: 0.999992 -0.00351786 0.00156262 0.00352037 0.999993 -0.00140358 -0.00155851 0.00140942 0.999998 0.397216 0.11161 0.139524
FixedParameters: 0 0 0

#Transform 42
Transform: AffineTransform_float_3_3
Parameters: 0.999993 -0.00347794 0.00154184 0.00348039 0.999993 -0.00139872 -0.00153788 0.00140429 0.999998 0.397578 0.183107 0.0866701
FixedParameters: 0 0 0

#Transform 43
Transform: AffineTransform_float_3_3
Parameters: 0.999993 -0.00339266 0.00167763 0.0033949 0.999993 -0.00135217 -0.00167287 0.00135783 0.999998 0.403631 0.146221 0.103135
FixedParameters: 0 0 0

#Transform 44
Transform: AffineTransform_float_3_3
Parameters: 0.999993 -0.00371584 0.0011974 0.0037186 0.999992 -0.00156646 -0.00119198 0.00157054 0.999998 0.401884 0.175124 0.0877226
FixedParameters: 0 0 0

#Transform 45
Transform: AffineTransform_float_3_3
Parameters: 0.999993 -0.00348901 0.00134236 0.00348989 0.999993 -0.000840604 -0.00133914 0.000845394 0.999998 0.395524 0.158845 0.110411
FixedParameters: 0 0 0

#Transform 46
Transform: AffineTransform_float_3_3
Parameters: 0.999993 -0.00344402 0.0015331 0.00344522 0.999993 -0.000839795 -0.00152996 0.000845203 0.999998 0.397404 0.189762 0.0848044
FixedParameters: 0 0 0

#Transform 47
Transform: AffineTransform_float_3_3
Parameters: 0.999993 -0.00337973 0.00150081 0.00338121 0.999993 -0.0011046 -0.00149687 0.0011104 0.999998 0.391867 0.184335 0.103264
FixedParameters: 0 0 0

#Transform 48
Transform: AffineTransform_float_3_3
Parameters: 0.999994 -0.00332287 0.001469 0.00332358 0.999995 -0.000555193 -0.00146707 0.000559807 0.999999 0.396127 0.172517 0.10611
FixedParameters: 0 0 0

#Transform 49
Transform: AffineTransform_float_3_3
Parameters: 0.999993 -0.00347155 0.0015449 0.00347189 0.999994 -0.00025671 -0.00154399 0.00026229 0.999999 0.385189 0.203405 0.0616529
FixedParameters: 0 0 0

#Transform 50
Transform: AffineTransform_float_3_3
Parameters: 0.999993 -0.00339436 0.00150228 0.00339374 0.999994 0.000363029 -0.00150384 -0.00035797 0.999999 0.396822 0.203667 0.0856832
FixedParameters: 0 0 0

#Transform 51
Transform: AffineTransform_float_3_3
Parameters: 0.999993 -0.00329101 0.00144971 0.00329111 0.999994 0.000126109 -0.00144964 -0.000120893 0.999999 0.386967 0.17473 0.0829681
FixedParameters: 0 0 0

#Transform 52
Transform: AffineTransform_float_3_3
Parameters: 0.999994 -0.00315695 0.00129565 0.0031573 0.999995 -0.000135573 -0.00129478 0.000139425 0.999999 0.381366 0.192862 0.0894339
FixedParameters: 0 0 0

#Transform 53
Transform: AffineTransform_float_3_3
Parameters: 0.999994 -0.00300462 0.00143937 0.00300395 0.999995 0.000551875 -0.0014409 -0.000548125 0.999999 0.369496 0.154494 0.103
FixedParameters: 0 0 0

#Transform 54
Transform: AffineTransform_float_3_3
Parameters: 0.999994 -0.00334177 0.00100182 0.00334151 0.999994 0.000133473 -0.0010027 -0.000130525 0.999999 0.395274 0.1847 0.0387519
FixedParameters: 0 0 0

#Transform 55
Transform: AffineTransform_float_3_3
Parameters: 0.999994 -0.00329921 0.000979552 0.00329884 0.999995 0.000189146 -0.000980789 -0.000185852 0.999999 0.402343 0.182562 0.0896361
FixedParameters: 0 0 0

#Transform 56
Transform: AffineTransform_float_3_3
Parameters: 0.999995 -0.00308077 0.00140535 0.00308042 0.999995 0.000616669 -0.00140647 -0.000612334 0.999999 0.392298 0.178524 0.0728966
FixedParameters: 0 0 0

#Transform 57
Transform: AffineTransform_float_3_3
Parameters: 0.999994 -0.00330043 0.000978899 0.00330032 0.999994 0.000526359 -0.000980589 -0.000523642 0.999999 0.384573 0.190587 0.0921846
FixedParameters: 0 0 0

#Transform 58
Transform: AffineTransform_float_3_3
Parameters: 0.999994 -0.00309209 0.00107197 0.00309042 0.999995 0.00101085 -0.00107508 -0.00100715 0.999999 0.372799 0.152109 0.0917844
FixedParameters: 0 0 0

#Transform 59
Transform: AffineTransform_float_3_3
Parameters: 0.999994 -0.00289544 0.00147843 0.00289462 0.999995 0.000590239 -0.00148005 -0.00058576 0.999999 0.361758 0.189287 0.0661016
FixedParameters: 0 0 0

#Transform 60
Transform: AffineTransform_float_3_3
Parameters: 0.999995 -0.00273923 0.00116657 0.00273833 0.999996 0.000975944 -0.00116924 -0.000973056 0.999998 0.365516 0.154868 0.0983455
FixedParameters: 0 0 0

#Transform 61
Transform: AffineTransform_float_3_3
Parameters: 0.999995 -0.00301434 0.00112444 0.00301368 0.999995 0.00091114 -0.00112726 -0.000907862 1 0.358538 0.178388 0.0846858
FixedParameters: 0 0 0

#Transform 62
Transform: AffineTransform_float_3_3
Parameters: 0.999995 -0.00310197 0.000874262 0.0031015 0.999995 0.00106025 -0.000878168 -0.00105775 0.999999 0.376486 0.147939 0.100185
FixedParameters: 0 0 0

#Transform 63
Transform: AffineTransform_float_3_3
Parameters: 0.999996 -0.00293269 0.000907428 0.00293213 0.999995 0.00132341 -0.000911633 -0.00132159 0.999999 0.360197 0.194628 0.076429
FixedParameters: 0 0 0

#Transform 64
Transform: AffineTransform_float_3_3
Parameters: 0.999996 -0.00289089 0.000900993 0.00288913 0.999995 0.00150036 -0.000905649 -0.00149864 0.999999 0.362052 0.174846 0.0995977
FixedParameters: 0 0 0

#Transform 65
Transform: AffineTransform_float_3_3
Parameters: 0.999995 -0.00270888 0.00115977 0.00270758 0.999995 0.0013513 -0.00116353 -0.0013477 0.999998 0.349486 0.227577 0.0784934
FixedParameters: 0 0 0

#Transform 66
Transform: AffineTransform_float_3_3
Parameters: 0.999996 -0.00272653 0.000398098 0.002726 0.999996 0.00127123 -0.000401902 -0.00126977 0.999999 0.339808 0.203189 0.145196
FixedParameters: 0 0 0

#Transform 67
Transform: AffineTransform_float_3_3
Parameters: 0.999997 -0.00261661 0.000620773 0.00261562 0.999995 0.00192898 -0.000625962 -0.00192702 0.999998 0.339254 0.231972 0.0945515
FixedParameters: 0 0 0

#Transform 68
Transform: AffineTransform_float_3_3
Parameters: 0.999996 -0.00241058 0.000937167 0.00240857 0.999995 0.00206783 -0.000941339 -0.00206517 0.999997 0.330984 0.196671 0.107759
FixedParameters: 0 0 0

#Transform 69
Transform: AffineTransform_float_3_3
Parameters: 0.999996 -0.00266727 0.000646885 0.00266617 0.999994 0.00193708 -0.000652312 -0.00193492 0.999998 0.333299 0.185668 0.0801832
FixedParameters: 0 0 0

#Transform 70
Transform: AffineTransform_float_3_3
Parameters: 0.999995 -0.00286093 0.000747129 0.00285959 0.999994 0.00183409 -0.000752715 -0.00183191 0.999998 0.363796 0.215462 0.0949399
FixedParameters: 0 0 0

#Transform 71
Transform: AffineTransform_float_3_3
Parameters: 0.999996 -0.00278386 0.000784714 0.0027826 0.999994 0.00227735 -0.000790712 -0.00227566 0.999998 0.350042 0.189271 0.102407
FixedParameters: 0 0 0

#Transform 72
Transform: AffineTransform_float_3_3
Parameters: 0.999997 -0.00258409 0.000410477 0.00258269 0.999994 0.00232242 -0.000417115 -0.00232158 0.999997 0.344326 0.216429 0.0768954
FixedParameters: 0 0 0

#Transform 73
Transform: AffineTransform_float_3_3
Parameters: 0.999997 -0.00240266 0.000764634 0.00240046 0.999995 0.00235419 -0.000771037 -0.0023518 0.999997 0.319878 0.201385 0.13048
FixedParameters: 0 0 0

#Transform 74
Transform: AffineTransform_float_3_3
Parameters: 0.999997 -0.00214296 9.38533e-05 0.00214212 0.999995 0.00250038 -9.87464e-05 -0.00249963 0.999997 0.321481 0.217145 0.0805147
FixedParameters: 0 0 0

#Transform 75
Transform: AffineTransform_float_3_3
Parameters: 0.999997 -0.00270771 0.000176967 0.00270783 0.999993 0.00240325 -0.000183733 -0.00240275 0.999998 0.34198 0.185769 0.127336
FixedParameters: 0 0 0

#Transform 76
Transform: AffineTransform_float_3_3
Parameters: 0.999997 -0.0026742 0.000359765 0.0026734 0.999993 0.00246532 -0.000366699 -0.00246468 0.999997 0.329001 0.199845 0.101026
FixedParameters: 0 0 0

#Transform 77
Transform: AffineTransform_float_3_3
Parameters: 0.999996 -0.00271756 0.000712719 0.00271638 0.999994 0.00213789 -0.000718544 -0.00213611 0.999997 0.339888 0.212027 0.0907849
FixedParameters: 0 0 0

#Transform 78
Transform: AffineTransform_float_3_3
Parameters: 0.999996 -0.00281176 0.000230041 0.00281153 0.999993 0.00258801 -0.000238347 -0.00258799 0.999997 0.350372 0.183554 0.11282
FixedParameters: 0 0 0

#Transform 79
Transform: AffineTransform_float_3_3
Parameters: 0.999996 -0.00289706 0.000274429 0.00289581 0.999993 0.00243995 -0.000281853 -0.00243906 0.999997 0.349405 0.208018 0.0702846
FixedParameters: 0 0 0

#Transform 80
Transform: AffineTransform_float_3_3
Parameters: 0.999996 -0.00264823 0.000776829 0.00264651 0.999993 0.00259722 -0.000783902 -0.00259578 0.999996 0.337662 0.181605 0.120252
FixedParameters: 0 0 0

#Transform 81
Transform: AffineTransform_float_3_3
Parameters: 0.999997 -0.00264288 0.000142522 0.00264216 0.999993 0.00278394 -0.000150526 -0.00278307 0.999996 0.346511 0.177782 0.102159
FixedParameters: 0 0 0

#Transform 82
Transform: AffineTransform_float_3_3
Parameters: 0.999997 -0.00262919 0.00057568 0.00262759 0.999993 0.00263809 -0.00058241 -0.00263692 0.999997 0.340135 0.210117 0.086829
FixedParameters: 0 0 0

#Transform 83
Transform: AffineTransform_float_3_3
Parameters: 0.999996 -0.0026641 0.000783374 0.00266267 0.999994 0.00239525 -0.000789454 -0.00239375 0.999997 0.337923 0.191771 0.11736
FixedParameters: 0 0 0

#Transform 84
Transform: AffineTransform_float_3_3
Parameters: 0.999997 -0.00267243 0.000548588 0.00267101 0.999993 0.00259283 -0.000555303 -0.00259118 0.999997 0.341347 0.219155 0.0837035
FixedParameters: 0 0 0

#Transform 85
Transform: AffineTransform_float_3_3
Parameters: 0.999997 -0.00237581 0.000735855 0.00237404 0.999994 0.00246932 -0.000741793 -0.00246768 0.999997 0.332967 0.209637 0.122301
FixedParameters: 0 0 0

#Transform 86
Transform: AffineTransform_float_3_3
Parameters: 0.999996 -0.0025615 0.000628446 0.00256045 0.999993 0.00267497 -0.000635467 -0.00267303 0.999996 0.324154 0.197391 0.0953084
FixedParameters: 0 0 0

#Transform 87
Transform: AffineTransform_float_3_3
Parameters: 0.999997 -0.00248345 0.00041763 0.00248318 0.999993 0.00254702 -0.000424491 -0.00254598 0.999997 0.336284 0.237212 0.132228
FixedParameters: 0 0 0

#Transform 88
Transform: AffineTransform_float_3_3
Parameters: 0.999997 -0.00227748 0.000653141 0.00227573 0.999993 0.00311106 -0.000660629 -0.00310994 0.999995 0.31636 0.181536 0.122604
FixedParameters: 0 0 0

#Transform 89
Transform: AffineTransform_float_3_3
Parameters: 0.999996 -0.0026592 0.000906217 0.00265681 0.999993 0.00259636 -0.000913337 -0.00259364 0.999995 0.336006 0.235063 0.119799
FixedParameters: 0 0 0

#Transform 90
Transform: AffineTransform_float_3_3
Parameters: 0.999997 -0.00259883 0.000563764 0.00259657 0.999992 0.00329583 -0.000571512 -0.00329418 0.999995 0.346578 0.184572 0.135915
FixedParameters: 0 0 0

#Transform 91
Transform: AffineTransform_float_3_3
Parameters: 0.999996 -0.00249089 0.000874909 0.00248882 0.999993 0.00250575 -0.000880706 -0.00250325 0.999996 0.333172 0.235716 0.145557
FixedParameters: 0 0 0

#Transform 92
Transform: AffineTransform_float_3_3
Parameters: 0.999996 -0.00242898 0.000911244 0.00242573 0.99999 0.00380538 -0.000920375 -0.00380362 0.999992 0.323364 0.196096 0.181183
FixedParameters: 0 0 0

#Transform 93
Transform: AffineTransform_float_3_3
Parameters: 0.999996 -0.00271541 0.000951778 0.00271199 0.999992 0.00302875 -0.000959299 -0.00302626 0.999995 0.321999 0.240097 0.129988
FixedParameters: 0 0 0

#Transform 94
Transform: AffineTransform_float_3_3
Parameters: 0.999997 -0.00249984 0.000802388 0.00249673 0.999992 0.00311058 -0.000809902 -0.00310842 0.999995 0.316463 0.224994 0.18502
FixedParameters: 0 0 0

#Transform 95
Transform: AffineTransform_float_3_3
Parameters: 0.999997 -0.0025584 0.000913398 0.00255432 0.999991 0.0035095 -0.000922425 -0.0035075 0.999993 0.334015 0.225789 0.13547
FixedParameters: 0 0 0

#Transform 96
Transform: AffineTransform_float_3_3
Parameters: 0.999996 -0.00256369 0.000964318 0.00255963 0.99999 0.00355763 -0.000972741 -0.00355536 0.999993 0.349806 0.225998 0.156758
FixedParameters: 0 0 0

#Transform 97
Transform: AffineTransform_float_3_3
Parameters: 0.999996 -0.00259838 0.000887775 0.00259424 0.999989 0.00390067 -0.000898222 -0.00389733 0.999992 0.311806 0.21966 0.149334
FixedParameters: 0 0 0

#Transform 98
Transform: AffineTransform_float_3_3
Parameters: 0.999996 -0.00243213 0.00151627 0.00242504 0.999987 0.00458907 -0.00152746 -0.00458494 0.999988 0.295145 0.227073 0.200692
FixedParameters: 0 0 0

#Transform 99
Transform: AffineTransform_float_3_3
Parameters: 0.999995 -0.00259247 0.00148605 0.00258629 0.999989 0.00392723 -0.00149572 -0.00392277 0.999991 0.292073 0.211579 0.189167
FixedParameters: 0 0 0

#Transform 100
Transform: AffineTransform_float_3_3
Parameters: 0.999995 -0.00280487 0.0015956 0.00279962 0.999989 0.00378744 -0.00160573 -0.00378256 0.999991 0.31664 0.235524 0.173634
FixedParameters: 0 0 0

#Transform 101
Transform: AffineTransform_float_3_3
Parameters: 0.999996 -0.00272225 0.00138872 0.00271696 0.999989 0.00388016 -0.00139916 -0.00387584 0.999992 0.311255 0.218672 0.179059
FixedParameters: 0 0 0

#Transform 102
Transform: AffineTransform_float_3_3
Parameters: 0.999994 -0.00297992 0.00170557 0.00297424 0.999989 0.00353764 -0.00171643 -0.00353236 0.999992 0.321204 0.247181 0.155423
FixedParameters: 0 0 0

#Transform 103
Transform: AffineTransform_float_3_3
Parameters: 0.999994 -0.00319277 0.00133715 0.00318807 0.999987 0.00381962 -0.00134862 -0.00381538 0.999991 0.344978 0.222261 0.158076
FixedParameters: 0 0 0

#Transform 104
Transform: AffineTransform_float_3_3
Parameters: 0.999994 -0.00324259 0.00136273 0.00323769 0.999987 0.00382077 -0.00137458 -0.00381623 0.999991 0.340823 0.220088 0.14784
FixedParameters: 0 0 0

#Transform 105
Transform: AffineTransform_float_3_3
Parameters: 0.999994 -0.00304425 0.00155852 0.00303853 0.999989 0.0035943 -0.00156971 -0.00358969 0.999992 0.344292 0.231381 0.165381
FixedParameters: 0 0 0

#Transform 106
Transform: AffineTransform_float_3_3
Parameters: 0.999993 -0.00318966 0.00153586 0.00318315 0.999987 0.00376546 -0.00154784 -0.00376054 0.999992 0.346473 0.198478 0.175579
FixedParameters: 0 0 0

#Transform 107
Transform: AffineTransform_float_3_3
Parameters: 0.999994 -0.00296761 0.00174282 0.00296085 0.999988 0.00389935 -0.00175484 -0.00389365 0.999991 0.317291 0.226997 0.170855
FixedParameters: 0 0 0

#Transform 108
Transform: AffineTransform_float_3_3
Parameters: 0.999994 -0.00298334 0.00177348 0.00297643 0.999988 0.00387307 -0.00178547 -0.00386794 0.999992 0.317794 0.204236 0.172125
FixedParameters: 0 0 0

#Transform 109
Transform: AffineTransform_float_3_3
Parameters: 0.999992 -0.00353108 0.00157585 0.00352573 0.999986 0.0038721 -0.00158984 -0.00386689 0.999991 0.352166 0.220641 0.112643
FixedParameters: 0 0 0

#Transform 110
Transform: AffineTransform_float_3_3
Parameters: 0.999994 -0.00311041 0.00141221 0.00310589 0.999988 0.00370396 -0.00142368 -0.00370005 0.999993 0.347001 0.254203 0.197154
FixedParameters: 0 0 0

#Transform 111
Transform: AffineTransform_float_3_3
Parameters: 0.999994 -0.002993 0.0021139 0.00298413 0.999988 0.0040329 -0.00212648 -0.0040271 0.99999 0.308038 0.270514 0.196672
FixedParameters: 0 0 0

#Transform 112
Transform: AffineTransform_float_3_3
Parameters: 0.999993 -0.00309655 0.00218642 0.00308641 0.999985 0.00450334 -0.00220007 -0.00449665 0.999987 0.341268 0.312569 0.262974
FixedParameters: 0 0 0

#Transform 113
Transform: AffineTransform_float_3_3
Parameters: 0.999993 -0.00357915 0.00112818 0.00357339 0.999981 0.00500819 -0.00114662 -0.00500381 0.999987 0.338468 0.372954 0.396761
FixedParameters: 0 0 0

#Transform 114
Transform: AffineTransform_float_3_3
Parameters: 0.999995 -0.00303766 0.000832615 0.00303216 0.999977 0.0060765 -0.000851669 -0.0060735 0.999981 0.33026 0.399886 0.47007
FixedParameters: 0 0 0

#Transform 115
Transform: AffineTransform_float_3_3
Parameters: 0.999994 -0.00337768 0.000748662 0.00337261 0.999973 0.00649648 -0.000770216 -0.00649452 0.999978 0.354443 0.382627 0.482057
FixedParameters: 0 0 0

#Transform 116
Transform: AffineTransform_float_3_3
Parameters: 0.999994 -0.00334432 0.00113864 0.00333551 0.999966 0.00748397 -0.0011637 -0.00748003 0.999971 0.350673 0.422748 0.442171
FixedParameters: 0 0 0

#Transform 117
Transform: AffineTransform_float_3_3
Parameters: 0.999994 -0.00335492 0.00107441 0.00334785 0.99997 0.00692376 -0.00109678 -0.00692024 0.999975 0.358442 0.387201 0.475594
FixedParameters: 0 0 0

#Transform 118
Transform: AffineTransform_float_3_3
Parameters: 0.999994 -0.00328759 0.000913109 0.00328075 0.999968 0.00726657 -0.000937221 -0.00726343 0.999974 0.353314 0.439979 0.463066
FixedParameters: 0 0 0

#Transform 119
Transform: AffineTransform_float_3_3
Parameters: 0.999995 -0.00322959 0.000901311 0.00322282 0.999968 0.00732648 -0.000924967 -0.00732352 0.999973 0.342857 0.404467 0.477955
FixedParameters: 0 0 0

#Transform 120
Transform: AffineTransform_float_3_3
Parameters: 0.999996 -0.00268098 0.00110177 0.00267254 0.999971 0.00713872 -0.00112131 -0.00713628 0.999973 0.328425 0.43423 0.476509
FixedParameters: 0 0 0

#Transform 121
Transform: AffineTransform_float_3_3
Parameters: 0.999995 -0.00293492 0.000993179 0.00292804 0.99997 0.0071451 -0.00101415 -0.00714191 0.999974 0.334753 0.393844 0.474332
FixedParameters: 0 0 0

#Transform 122
Transform: AffineTransform_float_3_3
Parameters: 0.999996 -0.00285055 0.00108834 0.00284281 0.999971 0.00711487 -0.00110928 -0.00711212 0.999974 0.337228 0.439271 0.470176
FixedParameters: 0 0 0

#Transform 123
Transform: AffineTransform_float_3_3
Parameters: 0.999995 -0.0028051 0.000943125 0.00279721 0.999964 0.00806183 -0.000965135 -0.00805918 0.999968 0.33721 0.396025 0.461634
FixedParameters: 0 0 0

#Transform 124
Transform: AffineTransform_float_3_3
Parameters: 0.999995 -0.00288978 0.00120909 0.00287963 0.999963 0.00814527 -0.00123295 -0.00814173 0.999966 0.335014 0.443653 0.451408
FixedParameters: 0 0 0

#Transform 125
Transform: AffineTransform_float_3_3
Parameters: 0.999995 -0.00277152 0.00109331 0.00276336 0.999967 0.00768921 -0.00111452 -0.00768579 0.99997 0.342002 0.414093 0.486219
FixedParameters: 0 0 0

#Transform 126
Transform: AffineTransform_float_3_3
Parameters: 0.999994 -0.0031421 0.000977482 0.00313364 0.999963 0.00807364 -0.00100276 -0.00807036 0.999967 0.353831 0.451115 0.454928
FixedParameters: 0 0 0

#Transform 127
Transform: AffineTransform_float_3_3
Parameters: 0.999995 -0.00325233 0.000958431 0.00324353 0.999957 0.0086507 -0.000986107 -0.00864731 0.999962 0.351533 0.442034 0.505372
FixedParameters: 0 0 0

#Transform 128
Transform: AffineTransform_float_3_3
Parameters: 0.999995 -0.00284924 0.0012659 0.00283522 0.999938 0.0107086 -0.00129655 -0.0107054 0.999942 0.320899 0.444001 0.562608
FixedParameters: 0 0 0

#Transform 129
Transform: AffineTransform_float_3_3
Parameters: 0.999995 -0.00294833 0.00115097 0.00293904 0.999959 0.00856618 -0.00117651 -0.00856283 0.999963 0.327838 0.439996 0.476318
FixedParameters: 0 0 0

#Transform 130
Transform: AffineTransform_float_3_3
Parameters: 0.999994 -0.003069 0.00108518 0.00305909 0.999955 0.00896511 -0.00111252 -0.00896188 0.999959 0.317681 0.41808 0.459076
FixedParameters: 0 0 0

#Transform 131
Transform: AffineTransform_float_3_3
Parameters: 0.999995 -0.00305394 0.00140022 0.00304084 0.999957 0.00872786 -0.00142673 -0.00872415 0.999961 0.316085 0.442024 0.430214
FixedParameters: 0 0 0

#Transform 132
Transform: AffineTransform_float_3_3
Parameters: 0.999994 -0.00321963 0.00124616 0.0032088 0.999958 0.0085408 -0.00127392 -0.00853621 0.999963 0.327521 0.416175 0.434165
FixedParameters: 0 0 0

#Transform 133
Transform: AffineTransform_float_3_3
Parameters: 0.999993 -0.0034637 0.00140651 0.00345341 0.999963 0.00786284 -0.00143333 -0.00785816 0.999968 0.324604 0.461845 0.423499
FixedParameters: 0 0 0

#Transform 134
Transform: AffineTransform_float_3_3
Parameters: 0.999995 -0.00302129 0.00135192 0.00301005 0.99996 0.00851745 -0.00137796 -0.00851355 0.999962 0.309356 0.412714 0.450118
FixedParameters: 0 0 0

#Transform 135
Transform: AffineTransform_float_3_3
Parameters: 0.999994 -0.0030308 0.00173985 0.00301471 0.999956 0.00891385 -0.00176666 -0.00890816 0.999959 0.311915 0.44607 0.476694
FixedParameters: 0 0 0

#Transform 136
Transform: AffineTransform_float_3_3
Parameters: 0.999994 -0.00300702 0.00139127 0.00299591 0.999965 0.00774616 -0.00141511 -0.00774183 0.999969 0.312408 0.436573 0.453491
FixedParameters: 0 0 0

#Transform 137
Transform: AffineTransform_float_3_3
Parameters: 0.999993 -0.0035112 0.00140522 0.00349892 0.999958 0.0085737 -0.00143552 -0.00856831 0.999962 0.335086 0.39121 0.449516
FixedParameters: 0 0 0

#Transform 138
Transform: AffineTransform_float_3_3
Parameters: 0.999992 -0.00329417 0.00196988 0.00327685 0.999957 0.00864146 -0.00199827 -0.00863554 0.999961 0.322973 0.454921 0.44688
FixedParameters: 0 0 0

#Transform 139
Transform: AffineTransform_float_3_3
Parameters: 0.999992 -0.00369227 0.00159825 0.00367668 0.99995 0.00927647 -0.00163236 -0.00927053 0.999956 0.33385 0.424918 0.488565
FixedParameters: 0 0 0

#Transform 140
Transform: AffineTransform_float_3_3
Parameters: 0.999993 -0.00320544 0.00160335 0.00319201 0.999961 0.00827931 -0.00163055 -0.00827469 0.999964 0.318088 0.478237 0.464939
FixedParameters: 0 0 0

#Transform 141
Transform: AffineTransform_float_3_3
Parameters: 0.999994 -0.00331985 0.00146409 0.00330707 0.999958 0.00854745 -0.00149228 -0.00854256 0.999963 0.3216 0.408522 0.474676
FixedParameters: 0 0 0

#Transform 142
Transform: AffineTransform_float_3_3
Parameters: 0.999992 -0.00345085 0.00162136 0.00343714 0.999958 0.00856257 -0.00165056 -0.00855644 0.999962 0.31728 0.451256 0.390403
FixedParameters: 0 0 0

#Transform 143
Transform: AffineTransform_float_3_3
Parameters: 0.999994 -0.00327144 0.00163461 0.00325706 0.99996 0.00828352 -0.00166158 -0.00827848 0.999964 0.323888 0.440305 0.412242
FixedParameters: 0 0 0

#Transform 144
Transform: AffineTransform_float_3_3
Parameters: 0.999994 -0.00323902 0.00118347 0.00322924 0.999956 0.00873821 -0.00121196 -0.00873479 0.999961 0.31701 0.438186 0.41981
FixedParameters: 0 0 0

#Transform 145
Transform: AffineTransform_float_3_3
Parameters: 0.999994 -0.00309483 0.00116258 0.00308379 0.999956 0.00885597 -0.0011897 -0.00885303 0.99996 0.304226 0.477783 0.437445
FixedParameters: 0 0 0

#Transform 146
Transform: AffineTransform_float_3_3
Parameters: 0.999995 -0.00279768 0.000983831 0.00278955 0.99996 0.00851953 -0.00100785 -0.00851747 0.999963 0.280056 0.474376 0.432055
FixedParameters: 0 0 0

#Transform 147
Transform: AffineTransform_float_3_3
Parameters: 0.999997 -0.00242852 0.00110794 0.00241896 0.99996 0.00861008 -0.00112879 -0.00860793 0.999962 0.273583 0.489821 0.483012
FixedParameters: 0 0 0

#Transform 148
Transform: AffineTransform_float_3_3
Parameters: 0.999995 -0.00276501 0.00101307 0.00275654 0.999962 0.00822498 -0.00103579 -0.00822202 0.999966 0.287563 0.443215 0.449231
FixedParameters: 0 0 0

#Transform 149
Transform: AffineTransform_float_3_3
Parameters: 0.999995 -0.00269941 0.00118861 0.00268912 0.999963 0.00815219 -0.00121031 -0.00814981 0.999966 0.289166 0.47481 0.461933
FixedParameters: 0 0 0

#Transform 150
Transform: AffineTransform_float_3_3
Parameters: 0.999997 -0.00230022 0.00107358 0.00229157 0.999965 0.00804985 -0.00109144 -0.00804815 0.999967 0.255694 0.429174 0.447478
FixedParameters: 0 0 0

#Transform 151
Transform: AffineTransform_float_3_3
Parameters: 0.999996 -0.00217042 0.00142168 0.00215898 0.999965 0.00800108 -0.00143859 -0.00799792 0.999967 0.248159 0.473594 0.383014
FixedParameters: 0 0 0

#Transform 152
Transform: AffineTransform_float_3_3
Parameters: 0.999997 -0.00252226 0.000780584 0.00251593 0.999968 0.00758855 -0.000799214 -0.00758645 0.999971 0.278432 0.443365 0.43948
FixedParameters: 0 0 0

#Transform 153
Transform: AffineTransform_float_3_3
Parameters: 0.999997 -0.00214486 0.000995371 0.00213705 0.999971 0.00734671 -0.00101127 -0.00734429 0.999972 0.26362 0.433883 0.40513
FixedParameters: 0 0 0

#Transform 154
Transform: AffineTransform_float_3_3
Parameters: 0.999997 -0.00208182 0.0011082 0.0020729 0.999968 0.0077075 -0.00112424 -0.0077045 0.99997 0.245782 0.434491 0.416402
FixedParameters: 0 0 0

#Transform 155
Transform: AffineTransform_float_3_3
Parameters: 0.999998 -0.00208175 0.00102007 0.0020724 0.999963 0.00836391 -0.00103749 -0.00836209 0.999965 0.263361 0.437382 0.41371
FixedParameters: 0 0 0

#Transform 156
Transform: AffineTransform_float_3_3
Parameters: 0.999998 -0.00181315 0.000988017 0.00180435 0.999964 0.00834998 -0.00100313 -0.00834802 0.999965 0.240484 0.474133 0.405843
FixedParameters: 0 0 0

#Transform 157
Transform: AffineTransform_float_3_3
Parameters: 0.999998 -0.00193966 0.000367469 0.00193608 0.999961 0.00865411 -0.000384502 -0.00865289 0.999963 0.260498 0.458744 0.466497
FixedParameters: 0 0 0

#Transform 158
Transform: AffineTransform_float_3_3
Parameters: 0.999997 -0.00203723 0.000672326 0.00203134 0.99996 0.00879036 -0.000689839 -0.00878865 0.999961 0.240643 0.447976 0.413404
FixedParameters: 0 0 0

#Transform 159
Transform: AffineTransform_float_3_3
Parameters: 0.999998 -0.00191165 0.000888949 0.00190327 0.99996 0.0087909 -0.000906042 -0.00878911 0.999961 0.231768 0.471646 0.410495
FixedParameters: 0 0 0

#Transform 160
Transform: AffineTransform_float_3_3
Parameters: 0.999998 -0.00187337 0.000683771 0.00186748 0.999961 0.00862126 -0.000700006 -0.00861973 0.999962 0.227609 0.411125 0.435116
FixedParameters: 0 0 0

#Transform 161
Transform: AffineTransform_float_3_3
Parameters: 0.999998 -0.0018994 0.000769852 0.00189352 0.999969 0.00765044 -0.000785089 -0.00764855 0.99997 0.239707 0.461919 0.41515
FixedParameters: 0 0 0

#Transform 162
Transform: AffineTransform_float_3_3
Parameters: 0.999998 -0.00194557 0.000762329 0.00193921 0.999958 0.00892068 -0.000780541 -0.00891932 0.99996 0.245425 0.452928 0.518062
FixedParameters: 0 0 0

#Transform 163
Transform: AffineTransform_float_3_3
Parameters: 0.999997 -0.00179295 0.00124187 0.00178226 0.999965 0.00812341 -0.00125674 -0.00812058 0.999966 0.204856 0.447264 0.442107
FixedParameters: 0 0 0

#Transform 164
Transform: AffineTransform_float_3_3
Parameters: 0.999998 -0.00194724 0.00113242 0.00193844 0.999967 0.0078862 -0.00114754 -0.0078848 0.999969 0.224904 0.448765 0.476941
FixedParameters: 0 0 0

#Transform 165
Transform: AffineTransform_float_3_3
Parameters: 0.999997 -0.00183543 0.00124682 0.00182416 0.999963 0.00849807 -0.00126286 -0.00849593 0.999963 0.189671 0.461173 0.470769
FixedParameters: 0 0 0

#Transform 166
Transform: AffineTransform_float_3_3
Parameters: 0.999998 -0.00177052 0.00112101 0.00176035 0.999954 0.00936339 -0.00113724 -0.00936161 0.999956 0.198217 0.47759 0.57221
FixedParameters: 0 0 0

#Transform 167
Transform: AffineTransform_float_3_3
Parameters: 0.999998 -0.00164094 0.00105306 0.0016321 0.999968 0.00785213 -0.0010659 -0.00785087 0.999969 0.201743 0.475613 0.482958
FixedParameters: 0 0 0

#Transform 168
Transform: AffineTransform_float_3_3
Parameters: 0.999998 -0.00161954 0.00105607 0.00161 0.999956 0.00921189 -0.00107076 -0.00921009 0.999956 0.201432 0.467618 0.558293
FixedParameters: 0 0 0

#Transform 169
Transform: AffineTransform_float_3_3
Parameters: 0.999998 -0.00182851 0.00142677 0.00181555 0.999957 0.00912101 -0.00144319 -0.00911799 0.999958 0.195855 0.48048 0.500678
FixedParameters: 0 0 0

#Transform 170
Transform: AffineTransform_float_3_3
Parameters: 0.999997 -0.00165036 0.00137194 0.00163703 0.999951 0.00977266 -0.00138861 -0.00977034 0.999951 0.203076 0.508394 0.575576
FixedParameters: 0 0 0

#Transform 171
Transform: AffineTransform_float_3_3
Parameters: 0.999997 -0.00191987 0.00148318 0.00190635 0.999956 0.00911525 -0.00150036 -0.00911175 0.999958 0.191105 0.476893 0.523847
FixedParameters: 0 0 0

#Transform 172
Transform: AffineTransform_float_3_3
Parameters: 0.999997 -0.00179984 0.001269 0.00178751 0.999953 0.00946869 -0.00128659 -0.00946631 0.999955 0.207321 0.501029 0.579857
FixedParameters: 0 0 0

#Transform 173
Transform: AffineTransform_float_3_3
Parameters: 0.999997 -0.00204558 0.00136114 0.00203286 0.999957 0.00898677 -0.00137918 -0.00898421 0.999958 0.220399 0.509988 0.533582
FixedParameters: 0 0 0

#Transform 174
Transform: AffineTransform_float_3_3
Parameters: 0.999998 -0.00205047 0.0011104 0.00204067 0.999962 0.00849428 -0.00112739 -0.00849273 0.999964 0.236216 0.511187 0.567911
FixedParameters: 0 0 0

#Transform 175
Transform: AffineTransform_float_3_3
Parameters: 0.999996 -0.00259145 0.00154262 0.00257832 0.99996 0.00864697 -0.00156515 -0.00864302 0.999961 0.259603 0.454871 0.428809
FixedParameters: 0 0 0

#Transform 176
Transform: AffineTransform_float_3_3
Parameters: 0.999996 -0.00271605 0.00131701 0.0027045 0.999963 0.00817355 -0.00133954 -0.00817044 0.999966 0.282952 0.483089 0.438601
FixedParameters: 0 0 0

#Transform 177
Transform: AffineTransform_float_3_3
Parameters: 0.999996 -0.00261064 0.00118445 0.00259954 0.999962 0.00833048 -0.0012065 -0.00832752 0.999965 0.261972 0.428496 0.420622
FixedParameters: 0 0 0

#Transform 178
Transform: AffineTransform_float_3_3
Parameters: 0.999997 -0.00200371 0.00130376 0.0019937 0.999967 0.00782602 -0.00131909 -0.00782298 0.999969 0.249175 0.446793 0.362346
FixedParameters: 0 0 0

#Transform 179
Transform: AffineTransform_float_3_3
Parameters: 0.999997 -0.0022107 0.00100022 0.00220253 0.999962 0.008398 -0.00101818 -0.008396 0.999964 0.249264 0.428084 0.451662
FixedParameters: 0 0 0

#Transform 180
Transform: AffineTransform_float_3_3
Parameters: 0.999997 -0.00203855 0.00123566 0.00202836 0.999958 0.00887751 -0.00125314 -0.00887548 0.99996 0.256014 0.505879 0.576401
FixedParameters: 0 0 0

#Transform 181
Transform: AffineTransform_float_3_3
Parameters: 0.999996 -0.00205244 0.00157945 0.00203524 0.999941 0.0107098 -0.00160155 -0.0107072 0.999941 0.234706 0.466775 0.840791
FixedParameters: 0 0 0

#Transform 182
Transform: AffineTransform_float_3_3
Parameters: 0.999998 -0.0016538 0.00149255 0.00163767 0.999942 0.0106749 -0.00151002 -0.0106721 0.999942 0.215413 0.500787 0.795918
FixedParameters: 0 0 0

#Transform 183
Transform: AffineTransform_float_3_3
Parameters: 0.999997 -0.00184701 0.00145368 0.00183154 0.999943 0.0105767 -0.00147358 -0.0105743 0.999943 0.21193 0.486489 0.830494
FixedParameters: 0 0 0

#Transform 184
Transform: AffineTransform_float_3_3
Parameters: 0.999999 -0.00128794 0.00128626 0.00127522 0.999952 0.00966646 -0.00129824 -0.00966454 0.999953 0.198428 0.481895 0.774156
FixedParameters: 0 0 0

#Transform 185
Transform: AffineTransform_float_3_3
Parameters: 0.999999 -0.00137606 0.00126226 0.00136444 0.999956 0.00922754 -0.00127564 -0.00922546 0.999957 0.202889 0.48289 0.782066
FixedParameters: 0 0 0

#Transform 186
Transform: AffineTransform_float_3_3
Parameters: 0.999998 -0.00124398 0.00141302 0.0012305 0.999953 0.00969715 -0.00142514 -0.00969585 0.999952 0.176582 0.397743 0.678692
FixedParameters: 0 0 0

#Transform 187
Transform: AffineTransform_float_3_3
Parameters: 0.999999 -0.00113996 0.00106232 0.00113234 0.999974 0.00697801 -0.00107068 -0.00697698 0.999975 0.143292 0.406098 0.36354
FixedParameters: 0 0 0

#Transform 188
Transform: AffineTransform_float_3_3
Parameters: 0.999998 -0.00117499 0.00157677 0.00116463 0.999977 0.00670865 -0.00158457 -0.00670635 0.999976 0.149156 0.400043 0.445141
FixedParameters: 0 0 0

#Transform 189
Transform: AffineTransform_float_3_3
Parameters: 0.999998 -0.00135381 0.00101499 0.00134655 0.999974 0.00713518 -0.00102452 -0.00713382 0.999975 0.164234 0.399234 0.43305
FixedParameters: 0 0 0

#Transform 190
Transform: AffineTransform_float_3_3
