#Insight Transform File V1.0
#Transform 0
Transform: AffineTransform_float_3_3
Parameters: 1 -5.09368e-05 -7.54682e-05 5.11238e-05 0.999999 0.00124 7.53416e-05 -0.00124 0.999999 0.00786585 -0.119673 -0.131163
FixedParameters: 0 0 0

#Transform 1
Transform: AffineTransform_float_3_3
Parameters: 1 0.000508711 -0.000230111 -0.000508709 0.999999 -0.00115488 0.000229783 0.00115512 1 -0.0259919 0.137312 0.129565
FixedParameters: 0 0 0

#Transform 2
Transform: AffineTransform_float_3_3
Parameters: 0.999999 0.000755827 -0.000237244 -0.000755822 0.999999 1.01793e-05 0.00023726 -9.82067e-06 1 -0.0386637 -0.00713087 0.305341
FixedParameters: 0 0 0

#Transform 3
Transform: AffineTransform_float_3_3
Parameters: 1 0.000601113 -7.43718e-05 -0.000600746 1 -0.00112024 7.38713e-05 0.00112076 0.999999 -0.0319723 -0.0269918 0.19583
FixedParameters: 0 0 0

#Transform 4
Transform: AffineTransform_float_3_3
Parameters: 0.999999 0.000816761 0.000270631 -0.000815473 0.999998 -0.00139222 -0.000272057 0.00139178 0.999999 -0.0455075 -0.00715971 0.236344
FixedParameters: 0 0 0

#Transform 5
Transform: AffineTransform_float_3_3
Parameters: 1 0.000630355 -0.000260624 -0.000631403 0.999997 -0.00243484 0.000259777 0.00243516 0.999997 -0.0200417 0.0607831 0.0688197
FixedParameters: 0 0 0

#Transform 6
Transform: AffineTransform_float_3_3
Parameters: 0.999999 0.000663965 -0.000366367 -0.000664066 0.999999 -0.00159321 0.000365944 0.00159279 0.999999 -0.0253559 -0.0188834 0.262316
FixedParameters: 0 0 0

#Transform 7
Transform: AffineTransform_float_3_3
Parameters: 1 0.00109182 -0.000485108 -0.00109242 0.999997 -0.00227547 0.000482676 0.00227653 0.999998 -0.0228071 0.0529343 -0.10465
FixedParameters: 0 0 0

#Transform 8
Transform: AffineTransform_float_3_3
Parameters: 0.999998 0.00132763 0.000954689 -0.0013258 0.999999 -0.0011211 -0.000956283 0.0011199 0.999999 -0.143641 -0.0324601 0.0666057
FixedParameters: 0 0 0

#Transform 9
Transform: AffineTransform_float_3_3
Parameters: 0.999998 0.0012759 0.00100489 -0.0012742 0.999998 -0.00142211 -0.0010066 0.00142088 0.999998 -0.121251 0.00687747 -0.0937517
FixedParameters: 0 0 0

#Transform 10
Transform: AffineTransform_float_3_3
Parameters: 1 0.00110159 0.000476345 -0.00110063 0.999998 -0.00133981 -0.000477916 0.00133919 0.999999 -0.0978642 -0.0148068 0.108481
FixedParameters: 0 0 0

#Transform 11
Transform: AffineTransform_float_3_3
Parameters: 0.999999 0.00118689 0.000680126 -0.00118589 0.999998 -0.00158564 -0.000681976 0.00158536 0.999998 -0.0837405 0.0264692 -0.0831227
FixedParameters: 0 0 0

#Transform 12
Transform: AffineTransform_float_3_3
Parameters: 1 0.000671594 -6.96001e-06 -0.000671595 1 -2.19953e-05 6.93046e-06 2.20047e-05 1 -0.0352099 -0.0779768 0.0510312
FixedParameters: 0 0 0

#Transform 13
Transform: AffineTransform_float_3_3
Parameters: 1 0.00117574 0.000231345 -0.00117513 0.999997 -0.00197056 -0.000234598 0.00197044 0.999998 -0.079501 -0.00899548 -0.164945
FixedParameters: 0 0 0

#Transform 14
Transform: AffineTransform_float_3_3
Parameters: 1 0.000987776 4.02095e-05 -0.000987715 1 -0.000752775 -4.16961e-05 0.000752224 0.999999 -0.0738061 -0.0460654 -0.0116075
FixedParameters: 0 0 0

#Transform 15
Transform: AffineTransform_float_3_3
Parameters: 0.999999 0.00133057 0.000515739 -0.00132984 0.999997 -0.00182897 -0.000518692 0.00182803 0.999998 -0.113091 -0.00521189 -0.17193
FixedParameters: 0 0 0

#Transform 16
Transform: AffineTransform_float_3_3
Parameters: 1 0.00104767 0.000358409 -0.00104668 0.999999 -0.000631209 -0.000358885 0.000631791 1 -0.0927705 -0.0269785 -0.0177372
FixedParameters: 0 0 0

#Transform 17
Transform: AffineTransform_float_3_3
Parameters: 0.999999 0.00122326 0.000641515 -0.00122283 0.999998 -0.00189362 -0.000643702 0.00189338 0.999998 -0.114092 -0.0128895 -0.129275
FixedParameters: 0 0 0

#Transform 18
Transform: AffineTransform_float_3_3
Parameters: 1 0.000935958 0.000428947 -0.000935848 0.999999 -0.000493685 -0.000428492 0.000493315 0.999999 -0.102243 -0.0529326 -0.0397929
FixedParameters: 0 0 0

#Transform 19
Transform: AffineTransform_float_3_3
Parameters: 0.999999 0.000916112 0.000440796 -0.000915074 0.999998 -0.0015314 -0.00044222 0.00153059 0.999998 -0.0702403 -0.0244518 -0.153632
FixedParameters: 0 0 0

#Transform 20
Transform: AffineTransform_float_3_3
Parameters: 1 0.000653135 0.000246787 -0.000652983 0.999999 -0.000308161 -0.00024719 0.000307839 1 -0.0594387 -0.0830336 -0.106992
FixedParameters: 0 0 0

#Transform 21
Transform: AffineTransform_float_3_3
Parameters: 1 0.00109178 0.000436963 -0.00109056 0.999997 -0.00211503 -0.00043882 0.00211497 0.999998 -0.0864096 -0.0370783 -0.158736
FixedParameters: 0 0 0

#Transform 22
Transform: AffineTransform_float_3_3
Parameters: 0.999999 0.000810251 -4.5592e-06 -0.000810252 0.999999 -0.000136996 4.3372e-06 0.000137004 1 -0.0560987 -0.0508787 -0.103431
FixedParameters: 0 0 0

#Transform 23
Transform: AffineTransform_float_3_3
Parameters: 1 0.00101935 0.00029493 -0.00101893 0.999998 -0.0017693 -0.000295777 0.0017687 0.999999 -0.0789037 -0.0285509 -0.121921
FixedParameters: 0 0 0

#Transform 24
Transform: AffineTransform_float_3_3
Parameters: 0.999999 0.000745122 3.6014e-05 -0.000745066 0.999999 -0.000764026 -3.71525e-05 0.000763972 0.999999 -0.0557781 -0.035181 -0.138141
FixedParameters: 0 0 0

#Transform 25
Transform: AffineTransform_float_3_3
Parameters: 0.999998 0.00170243 -1.25095e-05 -0.00170243 0.999998 -0.000277714 1.15647e-05 0.000277285 1 -0.11009 -0.039737 0.0235352
FixedParameters: 0 0 0

#Transform 26
Transform: AffineTransform_float_3_3
Parameters: 0.999999 0.00128971 0.000519021 -0.00128985 0.999999 -0.00068067 -0.000520243 0.00067933 1 -0.11606 -0.0345821 -0.177762
FixedParameters: 0 0 0

#Transform 27
Transform: AffineTransform_float_3_3
Parameters: 0.999999 0.00100094 0.00031488 -0.00100079 0.999999 -0.000251315 -0.000315382 0.000250684 1 -0.104597 -0.0946376 -0.0477802
FixedParameters: 0 0 0

#Transform 28
Transform: AffineTransform_float_3_3
Parameters: 0.999999 0.00123677 0.000617348 -0.00123608 0.999997 -0.00217805 -0.000620288 0.00217695 0.999997 -0.117567 -0.010634 -0.194346
FixedParameters: 0 0 0

#Transform 29
Transform: AffineTransform_float_3_3
Parameters: 0.999999 0.00131929 0.000573847 -0.00131872 0.999999 -0.000491042 -0.000575141 0.000489958 1 -0.118138 -0.0359823 -0.0686373
FixedParameters: 0 0 0

#Transform 30
Transform: AffineTransform_float_3_3
Parameters: 0.999999 0.00136151 0.00063652 -0.00136057 0.999996 -0.00230115 -0.000640337 0.00229985 0.999997 -0.120833 -0.0199807 -0.230128
FixedParameters: 0 0 0

#Transform 31
Transform: AffineTransform_float_3_3
Parameters: 0.999999 0.00124951 0.000462806 -0.0012492 0.999999 -0.000669863 -0.0004631 0.000669138 1 -0.113677 -0.0349939 -0.0948122
FixedParameters: 0 0 0

#Transform 32
Transform: AffineTransform_float_3_3
Parameters: 0.999999 0.00127931 0.000505972 -0.00127811 0.999996 -0.00263193 -0.000509411 0.00263107 0.999996 -0.115536 0.014294 -0.215444
FixedParameters: 0 0 0

#Transform 33
Transform: AffineTransform_float_3_3
Parameters: 0.999999 0.00118593 0.00036246 -0.00118564 0.999998 -0.00040943 -0.00036343 0.000408569 1 -0.076448 -0.00959728 -0.111812
FixedParameters: 0 0 0

#Transform 34
Transform: AffineTransform_float_3_3
Parameters: 0.999999 0.00133074 0.00059104 -0.0013305 0.999999 -0.000920071 -0.000592954 0.000918928 0.999999 -0.118863 -0.0210821 -0.105646
FixedParameters: 0 0 0

#Transform 35
Transform: AffineTransform_float_3_3
Parameters: 1 0.0011118 0.000244957 -0.00111164 0.999999 -0.000331272 -0.000245693 0.000330727 1 -0.0791383 -0.0298583 -0.114749
FixedParameters: 0 0 0

#Transform 36
Transform: AffineTransform_float_3_3
Parameters: 1 0.00111193 0.000244364 -0.00111097 0.999999 -0.000864557 -0.000245439 0.000864444 1 -0.0885168 -0.0113935 -0.02087
FixedParameters: 0 0 0

#Transform 37
Transform: AffineTransform_float_3_3
Parameters: 1 0.00102202 0.000415022 -0.00102163 0.999997 -0.00186642 -0.000416924 0.00186557 0.999998 -0.0871186 0.00799332 -0.213716
FixedParameters: 0 0 0

#Transform 38
Transform: AffineTransform_float_3_3
Parameters: 0.999999 0.00129368 0.000531121 -0.00129242 0.999998 -0.00147652 -0.000533561 0.00147648 0.999999 -0.0973742 -0.021074 -0.0929121
FixedParameters: 0 0 0

#Transform 39
Transform: AffineTransform_float_3_3
Parameters: 1 0.00111225 0.0002429 -0.00111181 0.999997 -0.00218056 -0.000244992 0.00218045 0.999998 -0.0766938 0.0180687 -0.215894
FixedParameters: 0 0 0

#Transform 40
Transform: AffineTransform_float_3_3
Parameters: 1 0.00109996 0.000380653 -0.00110002 0.999999 -0.0010327 -0.000382392 0.0010323 0.999999 -0.0885135 0.00638778 -0.0577069
FixedParameters: 0 0 0

#Transform 41
Transform: AffineTransform_float_3_3
Parameters: 1 0.0011122 0.000243146 -0.00111102 0.999997 -0.00195955 -0.000245277 0.00195944 0.999998 -0.0885962 -0.0339598 -0.242448
FixedParameters: 0 0 0

#Transform 42
Transform: AffineTransform_float_3_3
Parameters: 0.999999 0.000821847 0.000427383 -0.000821944 0.999999 -0.000874901 -0.000428288 0.000875099 1 -0.0727302 -0.0430208 -0.029409
FixedParameters: 0 0 0

#Transform 43
Transform: AffineTransform_float_3_3
Parameters: 1 0.00103786 0.000125962 -0.00103775 0.999998 -0.00167913 -0.000128067 0.00167887 0.999999 -0.0382375 0.00169072 -0.24542
FixedParameters: 0 0 0

#Transform 44
Transform: AffineTransform_float_3_3
Parameters: 0.999999 0.000754804 -2.95164e-05 -0.000755185 0.999999 -0.00116098 2.91424e-05 0.00116102 1 -0.0416607 -0.0221309 -0.114551
FixedParameters: 0 0 0

#Transform 45
Transform: AffineTransform_float_3_3
Parameters: 1 0.000106826 -0.000123017 -0.000107096 1 -0.00109599 0.000122783 0.00109601 1 -0.0045195 -0.0754486 -0.218955
FixedParameters: 0 0 0

#Transform 46
Transform: AffineTransform_float_3_3
Parameters: 0.999999 0.00100149 0.00028074 -0.00100118 0.999999 -0.00110528 -0.000281574 0.00110472 1 -0.0625188 -0.030989 -0.0887577
FixedParameters: 0 0 0

#Transform 47
Transform: AffineTransform_float_3_3
Parameters: 0.999999 0.00129577 9.47452e-05 -0.00129446 0.999998 -0.00128141 -9.63722e-05 0.00128159 0.999999 -0.0873377 -0.0306194 -0.24755
FixedParameters: 0 0 0

#Transform 48
Transform: AffineTransform_float_3_3
Parameters: 0.999999 0.00130927 8.66836e-05 -0.00130943 0.999999 -0.000913399 -8.76968e-05 0.000913602 1 -0.093746 -0.057545 -0.11604
FixedParameters: 0 0 0

#Transform 49
Transform: AffineTransform_float_3_3
Parameters: 0.999999 0.00183093 -0.000243694 -0.00183091 0.999998 -0.00152303 0.000241189 0.00152297 0.999998 -0.0960186 -0.0438015 -0.299377
FixedParameters: 0 0 0

#Transform 50
Transform: AffineTransform_float_3_3
Parameters: 0.999999 0.00136484 -0.00014954 -0.00136546 0.999999 -0.00101008 0.00014816 0.00101092 1 -0.0602035 -0.0670296 -0.155698
FixedParameters: 0 0 0

#Transform 51
Transform: AffineTransform_float_3_3
Parameters: 0.999999 0.00120819 -0.000316246 -0.00120892 0.999997 -0.0023419 0.000313655 0.0023431 0.999997 -0.0448428 -0.0400398 -0.31214
FixedParameters: 0 0 0

#Transform 52
Transform: AffineTransform_float_3_3
Parameters: 0.999999 0.00135162 -0.000169247 -0.00135194 0.999998 -0.00159551 0.000167159 0.00159549 0.999998 -0.0488476 -0.0680761 -0.183382
FixedParameters: 0 0 0

#Transform 53
Transform: AffineTransform_float_3_3
Parameters: 0.999999 0.00141639 -0.000469182 -0.00141892 0.999989 -0.00432079 0.000463074 0.00432121 0.99999 -0.0562784 0.0346902 -0.296231
FixedParameters: 0 0 0

#Transform 54
Transform: AffineTransform_float_3_3
Parameters: 0.999999 0.00142249 5.31232e-05 -0.00142208 0.999997 -0.00173336 -5.5829e-05 0.00173364 0.999999 -0.0597842 0.0113614 -0.18761
FixedParameters: 0 0 0

#Transform 55
Transform: AffineTransform_float_3_3
Parameters: 0.999999 0.00141067 6.02634e-05 -0.00141021 0.999997 -0.00197482 -6.36079e-05 0.00197418 0.999998 -0.0868028 -0.0172893 -0.133339
FixedParameters: 0 0 0

#Transform 56
Transform: AffineTransform_float_3_3
Parameters: 0.999999 0.00132455 0.000461355 -0.00132404 0.999999 -0.000894896 -0.000462345 0.000894105 1 -0.0823929 -0.0583556 -0.196602
FixedParameters: 0 0 0

#Transform 57
Transform: AffineTransform_float_3_3
Parameters: 0.999999 0.00146216 0.00053321 -0.00146231 0.999997 -0.00173407 -0.000535835 0.00173293 0.999998 -0.0904517 0.00676768 -0.085889
FixedParameters: 0 0 0

#Transform 58
Transform: AffineTransform_float_3_3
Parameters: 0.999999 0.0014759 0.000311424 -0.00147537 0.999997 -0.00185174 -0.00031413 0.00185125 0.999998 -0.067853 0.000644766 -0.310103
FixedParameters: 0 0 0

#Transform 59
Transform: AffineTransform_float_3_3
Parameters: 0.999999 0.00145482 -0.000399192 -0.00145516 0.999998 -0.00177016 0.000395732 0.00177084 0.999999 -0.0586763 -0.0166597 -0.202335
FixedParameters: 0 0 0

#Transform 60
Transform: AffineTransform_float_3_3
Parameters: 0.999999 0.00151026 -7.21189e-05 -0.00151112 0.999993 -0.00322563 6.73568e-05 0.00322537 0.999994 -0.0808899 0.00191601 -0.351574
FixedParameters: 0 0 0

#Transform 61
Transform: AffineTransform_float_3_3
Parameters: 0.999999 0.00144503 -0.000174248 -0.00144602 0.999996 -0.00260504 0.000170319 0.00260597 0.999997 -0.0808865 -0.00924579 -0.127543
FixedParameters: 0 0 0

#Transform 62
Transform: AffineTransform_float_3_3
Parameters: 0.999998 0.00110551 -0.00115566 -0.00110725 0.999998 -0.00181317 0.00115365 0.00181483 0.999998 -0.0474492 0.0413574 -0.216042
FixedParameters: 0 0 0

#Transform 63
Transform: AffineTransform_float_3_3
Parameters: 0.999998 0.00087602 -0.00207711 -0.000875625 1 9.59361e-05 0.00207727 -9.40636e-05 0.999998 -0.0133032 -0.0497306 -0.178746
FixedParameters: 0 0 0

#Transform 64
Transform: AffineTransform_float_3_3
Parameters: 0.999999 0.00144979 -0.00116559 -0.00145021 0.999999 -0.000408212 0.00116525 0.000409788 0.999999 -0.0602588 -0.0591052 -0.296044
FixedParameters: 0 0 0

#Transform 65
Transform: AffineTransform_float_3_3
Parameters: 0.999997 0.00184309 -0.00159465 -0.00184571 0.999996 -0.00175768 0.00159101 0.00176132 0.999997 -0.0917829 -0.0872871 -0.27039
FixedParameters: 0 0 0

#Transform 66
Transform: AffineTransform_float_3_3
Parameters: 0.999993 0.00315572 -0.0020204 -0.00315794 0.999994 -0.0010745 0.00201698 0.0010805 0.999998 -0.188324 -0.0436898 -0.355687
FixedParameters: 0 0 0

#Transform 67
Transform: AffineTransform_float_3_3
Parameters: 0.999995 0.00276834 -0.00160935 -0.00276986 0.999996 -0.0011338 0.00160644 0.0011382 0.999999 -0.186414 -0.0800744 -0.142496
FixedParameters: 0 0 0

#Transform 68
Transform: AffineTransform_float_3_3
Parameters: 0.999995 0.00295589 -0.00163242 -0.00295697 0.999996 -0.000656166 0.00163022 0.000660833 0.999998 -0.209092 -0.0309996 -0.237776
FixedParameters: 0 0 0

#Transform 69
Transform: AffineTransform_float_3_3
Parameters: 0.999994 0.00331939 -0.00144819 -0.00332157 0.999994 -0.00100847 0.00144454 0.00101353 0.999999 -0.208372 -0.0265812 -0.104859
FixedParameters: 0 0 0

#Transform 70
Transform: AffineTransform_float_3_3
Parameters: 0.999992 0.00372781 -0.00149099 -0.00372992 0.999992 -0.00131591 0.00148592 0.00132109 0.999998 -0.241927 -0.0433016 -0.298812
FixedParameters: 0 0 0

#Transform 71
Transform: AffineTransform_float_3_3
Parameters: 0.999994 0.00295916 -0.00141884 -0.00295927 0.999996 -0.000226625 0.00141833 0.000231376 0.999998 -0.230141 -0.117466 -0.148503
FixedParameters: 0 0 0

#Transform 72
Transform: AffineTransform_float_3_3
Parameters: 0.999992 0.00378282 -0.00140506 -0.00378605 0.999991 -0.00206671 0.00139723 0.0020723 0.999997 -0.258102 -0.0219721 -0.331075
FixedParameters: 0 0 0

#Transform 73
Transform: AffineTransform_float_3_3
Parameters: 0.999993 0.00340181 -0.00115755 -0.00340191 0.999994 -0.000504622 0.0011558 0.000508377 0.999999 -0.24641 -0.0848162 -0.122067
FixedParameters: 0 0 0

#Transform 74
Transform: AffineTransform_float_3_3
Parameters: 0.999995 0.00322906 -0.000668466 -0.00323086 0.999992 -0.00225479 0.000661414 0.00225721 0.999997 -0.232869 0.024247 -0.210934
FixedParameters: 0 0 0

#Transform 75
Transform: AffineTransform_float_3_3
Parameters: 0.999995 0.00305647 -0.000940619 -0.00305676 0.999995 -0.0007185 0.00093791 0.000721499 1 -0.20695 -0.0543483 -0.0871774
FixedParameters: 0 0 0

#Transform 76
Transform: AffineTransform_float_3_3
Parameters: 0.999995 0.00284901 -0.000725992 -0.0028507 0.999995 -0.00184459 0.000720769 0.00184641 0.999998 -0.216577 -0.0300379 -0.297148
FixedParameters: 0 0 0

#Transform 77
Transform: AffineTransform_float_3_3
Parameters: 0.999995 0.00302758 -0.000985759 -0.00302757 0.999995 -0.000262839 0.000985006 0.000265161 0.999999 -0.211505 -0.0573271 -0.14528
FixedParameters: 0 0 0

#Transform 78
Transform: AffineTransform_float_3_3
Parameters: 0.999994 0.00336896 -0.00092596 -0.00337095 0.999992 -0.002182 0.000918233 0.002185 0.999997 -0.247562 -0.0208564 -0.230794
FixedParameters: 0 0 0

#Transform 79
Transform: AffineTransform_float_3_3
Parameters: 0.999995 0.00273506 -0.00107282 -0.00273533 0.999996 -0.000123154 0.00107213 0.000125845 1 -0.203046 -0.0584933 -0.137175
FixedParameters: 0 0 0

#Transform 80
Transform: AffineTransform_float_3_3
Parameters: 0.999994 0.00312723 -0.00132622 -0.00312947 0.999994 -0.00173268 0.00132098 0.00173732 0.999998 -0.240578 -0.0258175 -0.191113
FixedParameters: 0 0 0

#Transform 81
Transform: AffineTransform_float_3_3
Parameters: 0.999995 0.0030059 -0.000738288 -0.00300663 0.999995 -0.00100744 0.000735295 0.00100956 0.999999 -0.217484 -0.0364952 -0.281834
FixedParameters: 0 0 0

#Transform 82
Transform: AffineTransform_float_3_3
Parameters: 0.999997 0.00241422 0.000103222 -0.00241365 0.999995 -0.00210156 -0.000107538 0.00210144 0.999998 -0.204294 -0.000865895 -0.233525
FixedParameters: 0 0 0

#Transform 83
Transform: AffineTransform_float_3_3
Parameters: 0.999998 0.00230087 -0.000157291 -0.00230158 0.999992 -0.0034604 0.000149419 0.0034606 0.999993 -0.194942 0.039241 -0.379707
FixedParameters: 0 0 0

#Transform 84
Transform: AffineTransform_float_3_3
Parameters: 0.999997 0.00232715 -0.000292398 -0.00232737 0.999995 -0.00204334 0.000288181 0.00204466 0.999998 -0.191993 -0.0226187 -0.242748
FixedParameters: 0 0 0

#Transform 85
Transform: AffineTransform_float_3_3
Parameters: 0.999998 0.00219852 -0.00078067 -0.00220031 0.999994 -0.00266248 0.000774564 0.00266452 0.999996 -0.200319 0.00923035 -0.289745
FixedParameters: 0 0 0

#Transform 86
Transform: AffineTransform_float_3_3
Parameters: 0.999996 0.00252251 -0.000491525 -0.00252275 0.999996 -0.00156024 0.000487567 0.00156177 0.999999 -0.178723 0.00868134 -0.243203
FixedParameters: 0 0 0

#Transform 87
Transform: AffineTransform_float_3_3
Parameters: 0.999996 0.00253756 -0.00043571 -0.00253839 0.999996 -0.00146637 0.000432714 0.00146763 0.999999 -0.192721 -0.0185723 -0.183138
FixedParameters: 0 0 0

#Transform 88
Transform: AffineTransform_float_3_3
Parameters: 0.999996 0.00259603 -0.00100204 -0.00259703 0.999996 -0.00130077 0.000997812 0.00130322 0.999999 -0.17867 0.0282482 -0.336443
FixedParameters: 0 0 0

#Transform 89
Transform: AffineTransform_float_3_3
Parameters: 0.999994 0.00273876 -0.00214659 -0.00274918 0.999986 -0.00462055 0.00213422 0.00462645 0.999987 -0.147182 0.136556 -0.423469
FixedParameters: 0 0 0

#Transform 90
Transform: AffineTransform_float_3_3
Parameters: 0.999997 0.00178764 -0.00175211 -0.00178954 0.999998 -0.00123994 0.00174968 0.00124306 0.999998 -0.0730432 -0.0723404 -0.154091
FixedParameters: 0 0 0

#Transform 91
Transform: AffineTransform_float_3_3
Parameters: 0.999997 0.00182035 -0.00177779 -0.00182088 0.999998 -0.000533549 0.00177616 0.00053645 0.999998 -0.0881808 -0.0747087 -0.228077
FixedParameters: 0 0 0

#Transform 92
Transform: AffineTransform_float_3_3
Parameters: 0.999997 0.00217312 -0.00158167 -0.00217616 0.999996 -0.00163708 0.00157793 0.00163991 0.999997 -0.12767 -0.0601679 -0.276614
FixedParameters: 0 0 0

#Transform 93
Transform: AffineTransform_float_3_3
Parameters: 0.999996 0.00243885 -0.00152431 -0.00244018 0.999996 -0.000784087 0.00152217 0.000787911 0.999998 -0.157675 -0.0744091 -0.246626
FixedParameters: 0 0 0

#Transform 94
Transform: AffineTransform_float_3_3
Parameters: 0.999996 0.00240454 -0.00145312 -0.00240585 0.999996 -0.00081631 0.00145088 0.000819688 0.999998 -0.169513 -0.0524365 -0.213259
FixedParameters: 0 0 0

#Transform 95
Transform: AffineTransform_float_3_3
Parameters: 0.999996 0.00260825 -0.0011223 -0.00260889 0.999996 -0.000288161 0.00112079 0.000290837 0.999999 -0.149084 -0.0383387 -0.23566
FixedParameters: 0 0 0

#Transform 96
Transform: AffineTransform_float_3_3
Parameters: 0.999996 0.00240052 -0.00138654 -0.00240249 0.999996 -0.00147748 0.00138282 0.00148052 0.999998 -0.146687 -0.0251988 -0.290077
FixedParameters: 0 0 0

#Transform 97
Transform: AffineTransform_float_3_3
Parameters: 0.999996 0.00245201 -0.00150343 -0.00245259 0.999997 -0.000546118 0.00150244 0.000549882 0.999999 -0.161219 -0.0566078 -0.247611
FixedParameters: 0 0 0

#Transform 98
Transform: AffineTransform_float_3_3
Parameters: 0.999996 0.00220628 -0.00138696 -0.00220994 0.999994 -0.0026703 0.00138108 0.0026737 0.999996 -0.117208 -0.0143746 -0.370557
FixedParameters: 0 0 0

#Transform 99
Transform: AffineTransform_float_3_3
Parameters: 0.999996 0.00233745 -0.00110596 -0.0023392 0.999997 -0.000887503 0.00110403 0.000889496 0.999999 -0.164901 -0.0434402 -0.276369
FixedParameters: 0 0 0

#Transform 100
Transform: AffineTransform_float_3_3
Parameters: 0.999998 0.00207441 -0.000949609 -0.00207841 0.999988 -0.00448739 0.000939966 0.00448861 0.99999 -0.174815 0.197606 -0.633771
FixedParameters: 0 0 0

#Transform 101
Transform: AffineTransform_float_3_3
Parameters: 0.999997 0.00145894 -0.00191868 -0.00146595 0.999992 -0.00360153 0.00191331 0.00360447 0.999992 -0.09979 0.10491 -0.666628
FixedParameters: 0 0 0

#Transform 102
Transform: AffineTransform_float_3_3
Parameters: 0.999995 0.00250303 -0.00200871 -0.00250575 0.999995 -0.00154994 0.00200463 0.00155505 0.999996 -0.158806 0.0229556 -0.440791
FixedParameters: 0 0 0

#Transform 103
Transform: AffineTransform_float_3_3
Parameters: 0.999995 0.00279884 -0.00189079 -0.00280062 0.999996 -0.000749414 0.00188827 0.000754584 0.999998 -0.168246 -0.0153272 -0.411432
FixedParameters: 0 0 0

#Transform 104
Transform: AffineTransform_float_3_3
Parameters: 0.999996 0.00256667 -0.00165527 -0.00256937 0.999995 -0.00162201 0.00165116 0.00162599 0.999997 -0.163574 0.00597675 -0.305243
FixedParameters: 0 0 0

#Transform 105
Transform: AffineTransform_float_3_3
Parameters: 0.999995 0.00253637 -0.00179863 -0.00253997 0.999995 -0.00174124 0.00179401 0.00174676 0.999997 -0.165087 0.0179765 -0.407453
FixedParameters: 0 0 0

#Transform 106
Transform: AffineTransform_float_3_3
Parameters: 0.999995 0.00277724 -0.00141766 -0.0027806 0.999994 -0.00182887 0.00141224 0.00183313 0.999998 -0.191121 0.00370629 -0.311357
FixedParameters: 0 0 0

#Transform 107
Transform: AffineTransform_float_3_3
Parameters: 0.999995 0.00260888 -0.00168391 -0.00261294 0.999994 -0.00215486 0.00167772 0.00215913 0.999996 -0.169702 0.0108357 -0.448424
FixedParameters: 0 0 0

#Transform 108
Transform: AffineTransform_float_3_3
Parameters: 0.999994 0.00293291 -0.00139355 -0.00293419 0.999996 -0.00103374 0.00139001 0.00103826 0.999999 -0.19094 -0.0160297 -0.315666
FixedParameters: 0 0 0

#Transform 109
Transform: AffineTransform_float_3_3
Parameters: 0.999995 0.00257535 -0.00173662 -0.00258253 0.999989 -0.00391851 0.00172655 0.0039225 0.999992 -0.158685 -0.00701017 -0.562387
FixedParameters: 0 0 0

#Transform 110
Transform: AffineTransform_float_3_3
Parameters: 0.999996 0.00259824 -0.00154163 -0.00260016 0.999995 -0.0013138 0.00153817 0.0013182 0.999998 -0.193356 -0.0341533 -0.356326
FixedParameters: 0 0 0

#Transform 111
Transform: AffineTransform_float_3_3
Parameters: 0.999994 0.00277888 -0.0016921 -0.00278347 0.999992 -0.00277856 0.00168425 0.00278344 0.999995 -0.19198 0.0221141 -0.481344
FixedParameters: 0 0 0

#Transform 112
Transform: AffineTransform_float_3_3
Parameters: 0.999995 0.00272788 -0.00159108 -0.00272999 0.999995 -0.00149792 0.00158712 0.00150208 0.999998 -0.209026 -0.0147786 -0.476282
FixedParameters: 0 0 0

#Transform 113
Transform: AffineTransform_float_3_3
Parameters: 0.999995 0.00265443 -0.00161196 -0.00265852 0.999994 -0.00242798 0.00160497 0.00243202 0.999996 -0.207095 -0.00820333 -0.374611
FixedParameters: 0 0 0

#Transform 114
Transform: AffineTransform_float_3_3
Parameters: 0.999994 0.00283539 -0.00161959 -0.00283949 0.999994 -0.00231995 0.00161372 0.00232505 0.999996 -0.210465 0.00677866 -0.504996
FixedParameters: 0 0 0

#Transform 115
Transform: AffineTransform_float_3_3
Parameters: 0.999995 0.00265544 -0.00161029 -0.00265804 0.999995 -0.00180053 0.00160579 0.00180547 0.999997 -0.199548 -0.019797 -0.376832
FixedParameters: 0 0 0

#Transform 116
Transform: AffineTransform_float_3_3
Parameters: 0.999995 0.00265221 -0.00161561 -0.00265807 0.999989 -0.00380398 0.00160555 0.00380802 0.999991 -0.199908 0.0307672 -0.544718
FixedParameters: 0 0 0

#Transform 117
Transform: AffineTransform_float_3_3
Parameters: 0.999995 0.00265691 -0.00160787 -0.00265817 0.999996 -0.000887984 0.00160568 0.000892015 0.999998 -0.181245 -0.0190953 -0.376554
FixedParameters: 0 0 0

#Transform 118
Transform: AffineTransform_float_3_3
Parameters: 0.999996 0.00256441 -0.00160459 -0.00256891 0.999993 -0.00273569 0.00159731 0.0027403 0.999995 -0.148197 0.00388569 -0.45493
FixedParameters: 0 0 0

#Transform 119
Transform: AffineTransform_float_3_3
Parameters: 0.999958 -0.00170332 -0.00908034 0.00202652 0.999363 0.0356315 0.00901418 -0.0356485 0.999324 0.0229234 -0.6684 -0.212483
FixedParameters: 0 0 0

#Transform 120
Transform: AffineTransform_float_3_3
Parameters: 0.99996 -0.00235019 -0.00855274 0.00276532 0.998803 0.0488453 0.0084281 -0.0488667 0.99877 -0.0342107 -1.0173 -0.0013075
FixedParameters: 0 0 0

#Transform 121
Transform: AffineTransform_float_3_3
Parameters: 0.999983 -0.000454125 -0.00593206 0.000623772 0.99959 0.0286273 0.00591703 -0.0286307 0.999573 -0.0498564 -0.754355 -0.0524973
FixedParameters: 0 0 0

#Transform 122
Transform: AffineTransform_float_3_3
Parameters: 0.999992 0.000492149 -0.00382645 -0.000442306 0.999917 0.0128632 0.00383249 -0.0128618 0.99991 -0.111001 -0.356865 -0.269248
FixedParameters: 0 0 0

#Transform 123
Transform: AffineTransform_float_3_3
Parameters: 0.999995 0.000770576 -0.00298476 -0.000728093 0.999897 0.0143417 0.00299569 -0.0143393 0.999893 -0.166918 -0.343248 -0.373546
FixedParameters: 0 0 0

#Transform 124
Transform: AffineTransform_float_3_3
Parameters: 0.999995 0.000920482 -0.00322338 -0.000872831 0.999889 0.0148819 0.00323687 -0.0148791 0.999884 -0.156381 -0.366662 -0.220379
FixedParameters: 0 0 0

#Transform 125
Transform: AffineTransform_float_3_3
Parameters: 0.999993 0.000758752 -0.00368535 -0.000705895 0.999898 0.01423 0.00369651 -0.014228 0.999893 -0.154633 -0.372757 -0.381884
FixedParameters: 0 0 0

#Transform 126
Transform: AffineTransform_float_3_3
Parameters: 0.999993 0.000806349 -0.00367097 -0.000751355 0.999887 0.0150218 0.00368322 -0.0150191 0.99988 -0.15296 -0.423644 -0.269189
FixedParameters: 0 0 0

#Transform 127
Transform: AffineTransform_float_3_3
Parameters: 0.999994 0.000784044 -0.00340056 -0.000736812 0.999902 0.0139413 0.00341164 -0.0139387 0.999897 -0.182685 -0.399855 -0.458876
FixedParameters: 0 0 0

#Transform 128
Transform: AffineTransform_float_3_3
Parameters: 0.999992 0.00134481 -0.00375654 -0.00128406 0.999871 0.0159828 0.00377703 -0.0159772 0.999865 -0.186804 -0.432526 -0.395976
FixedParameters: 0 0 0

#Transform 129
Transform: AffineTransform_float_3_3
Parameters: 0.999991 0.00107903 -0.00406101 -0.00101981 0.999893 0.0145938 0.00407594 -0.0145892 0.999886 -0.188027 -0.402901 -0.415958
FixedParameters: 0 0 0

#Transform 130
Transform: AffineTransform_float_3_3
Parameters: 0.999993 0.00141177 -0.00347221 -0.00135578 0.999867 0.0162359 0.00349401 -0.0162311 0.999862 -0.19989 -0.411993 -0.53272
FixedParameters: 0 0 0

#Transform 131
Transform: AffineTransform_float_3_3
Parameters: 0.999994 0.00150366 -0.00309083 -0.00145877 0.999896 0.0143937 0.00311178 -0.0143893 0.999891 -0.223518 -0.391966 -0.360437
FixedParameters: 0 0 0

#Transform 132
Transform: AffineTransform_float_3_3
Parameters: 0.999992 0.00123971 -0.00360174 -0.00119041 0.999904 0.0138389 0.00361879 -0.0138341 0.999898 -0.207664 -0.349395 -0.462671
FixedParameters: 0 0 0

#Transform 133
Transform: AffineTransform_float_3_3
Parameters: 0.999992 0.00142719 -0.00371225 -0.00137168 0.999888 0.0149123 0.00373339 -0.0149067 0.999882 -0.263589 -0.399841 -0.41546
FixedParameters: 0 0 0

#Transform 134
Transform: AffineTransform_float_3_3
Parameters: 0.99999 0.00178147 -0.00409321 -0.00172702 0.999911 0.013255 0.0041172 -0.0132481 0.999904 -0.262018 -0.367197 -0.563879
FixedParameters: 0 0 0

#Transform 135
Transform: AffineTransform_float_3_3
Parameters: 0.999991 0.00175884 -0.00367445 -0.00170597 0.999897 0.0142706 0.00369894 -0.0142644 0.999891 -0.260668 -0.373282 -0.505167
FixedParameters: 0 0 0

#Transform 136
Transform: AffineTransform_float_3_3
Parameters: 0.999993 0.00173163 -0.00334423 -0.001689 0.999919 0.0126391 0.00336555 -0.0126329 0.999915 -0.24045 -0.348091 -0.434222
FixedParameters: 0 0 0

#Transform 137
Transform: AffineTransform_float_3_3
Parameters: 0.999992 0.000658658 -0.00392258 -0.000605751 0.999907 0.0135972 0.00393116 -0.0135948 0.9999 -0.169643 -0.364926 -0.597458
FixedParameters: 0 0 0

#Transform 138
Transform: AffineTransform_float_3_3
Parameters: 0.999991 0.0012503 -0.00421026 -0.00119095 0.999903 0.0138885 0.0042274 -0.0138835 0.999895 -0.211473 -0.37959 -0.529938
FixedParameters: 0 0 0

#Transform 139
Transform: AffineTransform_float_3_3
Parameters: 0.999992 0.0013062 -0.00377741 -0.00125789 0.999917 0.0127747 0.00379337 -0.0127693 0.999911 -0.222944 -0.359261 -0.5463
FixedParameters: 0 0 0

#Transform 140
Transform: AffineTransform_float_3_3
Parameters: 0.999992 0.00148699 -0.00370107 -0.00143503 0.999899 0.0141801 0.00372169 -0.0141749 0.999892 -0.240625 -0.395068 -0.556588
FixedParameters: 0 0 0

#Transform 141
Transform: AffineTransform_float_3_3
Parameters: 0.999993 0.00175692 -0.00329639 -0.00171396 0.999915 0.0129501 0.00331858 -0.0129439 0.999911 -0.265536 -0.361342 -0.490374
FixedParameters: 0 0 0

#Transform 142
Transform: AffineTransform_float_3_3
Parameters: 0.999993 0.00177776 -0.00333366 -0.00173228 0.999906 0.0135908 0.00335798 -0.0135852 0.999902 -0.270575 -0.36961 -0.55304
FixedParameters: 0 0 0

#Transform 143
Transform: AffineTransform_float_3_3
Parameters: 0.999993 0.000931637 -0.00347547 -0.000885301 0.999908 0.0135422 0.00348773 -0.0135389 0.999903 -0.24329 -0.40064 -0.49149
FixedParameters: 0 0 0

#Transform 144
Transform: AffineTransform_float_3_3
Parameters: 0.999994 0.00100122 -0.00336051 -0.000956521 0.999911 0.0133045 0.00337346 -0.0133014 0.999906 -0.240311 -0.400908 -0.654491
FixedParameters: 0 0 0

#Transform 145
Transform: AffineTransform_float_3_3
Parameters: 0.999992 0.00160169 -0.003842 -0.00154662 0.999896 0.014309 0.00386507 -0.014303 0.99989 -0.256803 -0.408759 -0.55911
FixedParameters: 0 0 0

#Transform 146
Transform: AffineTransform_float_3_3
Parameters: 0.999991 0.00145324 -0.00382189 -0.00140426 0.999914 0.0130288 0.00384031 -0.0130232 0.999908 -0.244709 -0.374708 -0.594617
FixedParameters: 0 0 0

#Transform 147
Transform: AffineTransform_float_3_3
Parameters: 0.999992 0.0016709 -0.0034419 -0.00162197 0.999899 0.014188 0.00346514 -0.014182 0.999893 -0.288343 -0.389603 -0.570767
FixedParameters: 0 0 0

#Transform 148
Transform: AffineTransform_float_3_3
Parameters: 0.999993 0.00151123 -0.00357802 -0.0014643 0.999913 0.0131234 0.00359836 -0.0131176 0.999908 -0.270571 -0.349923 -0.547448
FixedParameters: 0 0 0

#Transform 149
Transform: AffineTransform_float_3_3
Parameters: 0.999995 0.00144239 -0.00300527 -0.00140178 0.999909 0.0133731 0.00302479 -0.0133689 0.999906 -0.267968 -0.38602 -0.590606
FixedParameters: 0 0 0

#Transform 150
Transform: AffineTransform_float_3_3
Parameters: 0.999992 0.00141142 -0.00377385 -0.00135651 0.999896 0.0143396 0.00379411 -0.0143344 0.99989 -0.28215 -0.355894 -0.524546
FixedParameters: 0 0 0

#Transform 151
Transform: AffineTransform_float_3_3
Parameters: 0.999988 0.000713493 -0.00470268 -0.000651714 0.999917 0.0129052 0.00471181 -0.0129018 0.999906 -0.193747 -0.0853323 -0.776372
FixedParameters: 0 0 0

#Transform 152
Transform: AffineTransform_float_3_3
Parameters: 0.999995 0.00222845 -0.0024851 -0.00221214 0.999977 0.00643013 0.00249992 -0.00642487 0.999976 -0.210054 -0.148175 -0.352665
FixedParameters: 0 0 0

#Transform 153
Transform: AffineTransform_float_3_3
Parameters: 0.999993 0.00227981 -0.00290308 -0.00226811 0.999989 0.00411704 0.00291176 -0.00411096 0.999987 -0.249537 0.0067434 -0.382291
FixedParameters: 0 0 0

#Transform 154
Transform: AffineTransform_float_3_3
Parameters: 0.999992 0.00281895 -0.0025927 -0.00280419 0.99998 0.00564201 0.00260876 -0.00563499 0.999981 -0.280072 -0.0566113 -0.429616
FixedParameters: 0 0 0

#Transform 155
Transform: AffineTransform_float_3_3
Parameters: 0.999993 0.002491 -0.00278102 -0.00247546 0.999981 0.00561207 0.00279515 -0.00560493 0.99998 -0.256233 -0.095803 -0.377871
FixedParameters: 0 0 0

#Transform 156
Transform: AffineTransform_float_3_3
Parameters: 0.999992 0.00239754 -0.00302659 -0.00238134 0.999985 0.00509268 0.00303887 -0.00508533 0.999982 -0.247643 -0.0884535 -0.508031
FixedParameters: 0 0 0

#Transform 157
Transform: AffineTransform_float_3_3
Parameters: 0.999992 0.00236178 -0.00326095 -0.0023395 0.999975 0.0067424 0.0032768 -0.0067346 0.999972 -0.252683 -0.105694 -0.352488
FixedParameters: 0 0 0

#Transform 158
Transform: AffineTransform_float_3_3
Parameters: 0.999993 0.00206713 -0.00291046 -0.00205419 0.999988 0.00446534 0.00291935 -0.00445866 0.999986 -0.244683 -0.071777 -0.42681
FixedParameters: 0 0 0

#Transform 159
Transform: AffineTransform_float_3_3
Parameters: 0.999994 0.0025431 -0.00260698 -0.00252727 0.999979 0.00597977 0.00262218 -0.00597322 0.999979 -0.270538 -0.0852353 -0.409106
FixedParameters: 0 0 0

#Transform 160
Transform: AffineTransform_float_3_3
Parameters: 0.999993 0.00255308 -0.00278132 -0.00253826 0.999982 0.00548225 0.00279549 -0.00547476 0.999981 -0.259574 -0.0683463 -0.334766
FixedParameters: 0 0 0

#Transform 161
Transform: AffineTransform_float_3_3
Parameters: 0.999993 0.00246792 -0.00272742 -0.00245248 0.99998 0.00570461 0.00274174 -0.00569739 0.99998 -0.260622 -0.088616 -0.447463
FixedParameters: 0 0 0

#Transform 162
Transform: AffineTransform_float_3_3
Parameters: 0.999993 0.00250921 -0.00275489 -0.00249443 0.999982 0.00527833 0.00276787 -0.00527166 0.999982 -0.269521 -0.0802904 -0.336257
FixedParameters: 0 0 0

#Transform 163
Transform: AffineTransform_float_3_3
Parameters: 0.999993 0.00273123 -0.00279992 -0.00271837 0.999986 0.00451279 0.00281223 -0.00450421 0.999986 -0.272686 -0.0572516 -0.450108
FixedParameters: 0 0 0

#Transform 164
Transform: AffineTransform_float_3_3
Parameters: 0.999993 0.00269862 -0.0025309 -0.00268326 0.999979 0.0058997 0.00254699 -0.00589231 0.999979 -0.275511 -0.0851952 -0.378211
FixedParameters: 0 0 0

#Transform 165
Transform: AffineTransform_float_3_3
Parameters: 0.999994 0.00263285 -0.00222333 -0.00262063 0.999982 0.00546044 0.00223837 -0.00545456 0.999982 -0.286064 -0.0879898 -0.407938
FixedParameters: 0 0 0

#Transform 166
Transform: AffineTransform_float_3_3
Parameters: 0.999995 0.00249653 -0.00222348 -0.00248285 0.999979 0.00602542 0.00223814 -0.00602058 0.999979 -0.283029 -0.0911475 -0.437121
FixedParameters: 0 0 0

#Transform 167
Transform: AffineTransform_float_3_3
Parameters: 0.999993 0.00275705 -0.00226349 -0.00274569 0.999985 0.00475566 0.00227717 -0.00475034 0.999986 -0.300662 -0.0658807 -0.363017
FixedParameters: 0 0 0

#Transform 168
Transform: AffineTransform_float_3_3
Parameters: 0.999995 0.00249174 -0.00223038 -0.00248018 0.999983 0.00529959 0.00224308 -0.00529341 0.999983 -0.282748 -0.0880603 -0.486595
FixedParameters: 0 0 0

#Transform 169
Transform: AffineTransform_float_3_3
Parameters: 0.999993 0.00274248 -0.00245784 -0.00272905 0.999982 0.00540461 0.00247206 -0.00539739 0.999982 -0.290497 -0.091477 -0.389295
FixedParameters: 0 0 0

#Transform 170
Transform: AffineTransform_float_3_3
Parameters: 0.999994 0.00253658 -0.00257351 -0.00252502 0.999987 0.00455168 0.00258513 -0.00454533 0.999987 -0.226931 -0.0598526 -0.406624
FixedParameters: 0 0 0

#Transform 171
Transform: AffineTransform_float_3_3
Parameters: 0.999995 0.00238115 -0.0024083 -0.0023678 0.999982 0.00545533 0.0024211 -0.00544967 0.999982 -0.219407 -0.103486 -0.216123
FixedParameters: 0 0 0

#Transform 172
Transform: AffineTransform_float_3_3
Parameters: 0.999993 0.00255481 -0.00274549 -0.00254101 0.999984 0.00502244 0.0027585 -0.00501556 0.999984 -0.222823 -0.0394064 -0.369848
FixedParameters: 0 0 0

#Transform 173
Transform: AffineTransform_float_3_3
Parameters: 0.999993 0.00210543 -0.00285196 -0.0020892 0.999982 0.00565032 0.0028633 -0.00564367 0.99998 -0.216464 -0.0809735 -0.277868
FixedParameters: 0 0 0

#Transform 174
Transform: AffineTransform_float_3_3
Parameters: 0.999992 0.00242871 -0.00321446 -0.00241048 0.999982 0.00562251 0.00322814 -0.00561449 0.999979 -0.236211 -0.0914 -0.442017
FixedParameters: 0 0 0

#Transform 175
Transform: AffineTransform_float_3_3
Parameters: 0.999991 0.00272664 -0.00303204 -0.00270769 0.999977 0.00619724 0.00304911 -0.00618876 0.999976 -0.254227 -0.133508 -0.317474
FixedParameters: 0 0 0

#Transform 176
Transform: AffineTransform_float_3_3
Parameters: 0.999992 0.00237475 -0.0031827 -0.00235844 0.999984 0.00520971 0.00319552 -0.00520129 0.999981 -0.242371 -0.0991279 -0.444614
FixedParameters: 0 0 0

#Transform 177
Transform: AffineTransform_float_3_3
Parameters: 0.999992 0.00236237 -0.00317219 -0.00234365 0.99998 0.00585719 0.00318538 -0.00584981 0.999978 -0.242717 -0.133138 -0.342651
FixedParameters: 0 0 0

#Transform 178
Transform: AffineTransform_float_3_3
Parameters: 0.999993 0.00245903 -0.00274823 -0.00244683 0.999988 0.00418618 0.00275904 -0.00417981 0.999987 -0.255657 -0.0718669 -0.470861
FixedParameters: 0 0 0

#Transform 179
Transform: AffineTransform_float_3_3
Parameters: 0.999993 0.00215088 -0.00304075 -0.00213267 0.999981 0.00585069 0.00305314 -0.00584431 0.999978 -0.241698 -0.145691 -0.370616
FixedParameters: 0 0 0

#Transform 180
Transform: AffineTransform_float_3_3
Parameters: 0.999991 0.00260831 -0.00333392 -0.00259461 0.999989 0.00396623 0.00334366 -0.00395777 0.999987 -0.24347 -0.10322 -0.444517
FixedParameters: 0 0 0

#Transform 181
Transform: AffineTransform_float_3_3
Parameters: 0.999994 0.00246712 -0.00249932 -0.00245633 0.999988 0.00432176 0.00251087 -0.00431524 0.999988 -0.184464 -0.080536 -0.223437
FixedParameters: 0 0 0

#Transform 182
Transform: AffineTransform_float_3_3
Parameters: 0.999999 0.00163446 0.000757059 -0.00163381 0.999999 -0.000428522 -0.000758456 0.000426477 1 0.0671097 0.385447 1.14643
FixedParameters: 0 0 0

#Transform 183
Transform: AffineTransform_float_3_3
Parameters: 0.999962 -0.00296485 -0.00821429 0.00295226 0.999994 -0.00149343 0.0082192 0.00146856 0.999965 0.268658 1.09568 0.71832
FixedParameters: 0 0 0

#Transform 184
Transform: AffineTransform_float_3_3
Parameters: 0.999998 0.00176905 -0.000721696 -0.0017706 0.999997 -0.00159891 0.000719106 0.00160009 0.999998 -0.070432 0.406712 0.280444
FixedParameters: 0 0 0

#Transform 185
Transform: AffineTransform_float_3_3
Parameters: 0.999997 0.00201886 0.00079212 -0.00201804 0.999998 -0.000710717 -0.000793607 0.000709283 1 -0.200354 0.223543 0.315387
FixedParameters: 0 0 0

#Transform 186
Transform: AffineTransform_float_3_3
Parameters: 0.999997 0.00249378 0.00101126 -0.00249216 0.999996 -0.00152993 -0.00101559 0.00152707 0.999999 -0.267412 0.258359 0.287383
FixedParameters: 0 0 0

#Transform 187
Transform: AffineTransform_float_3_3
Parameters: 0.999996 0.00258353 0.000929208 -0.00258352 0.999996 -6.8016e-06 -0.000929236 4.19835e-06 0.999999 -0.249416 0.161258 0.30639
FixedParameters: 0 0 0

#Transform 188
