#Insight Transform File V1.0
#Transform 0
Transform: AffineTransform_float_3_3
Parameters: 1 1.9699e-05 1.15444e-05 -1.97083e-05 1 0.000403148 -1.15285e-05 -0.000403149 1 -0.00739427 -0.071035 -0.0532849
FixedParameters: 0 0 0

#Transform 1
Transform: AffineTransform_float_3_3
Parameters: 1 -0.000759275 -0.000499294 0.000759465 1 -0.000735025 0.00049986 0.000735582 1 0.0575794 0.011068 0.0260656
FixedParameters: 0 0 0

#Transform 2
Transform: AffineTransform_float_3_3
Parameters: 1 -0.000594876 -0.000145802 0.000594878 1 -0.000228718 0.000146034 0.000229018 0.999999 0.0554991 -0.0298364 0.029181
FixedParameters: 0 0 0

#Transform 3
Transform: AffineTransform_float_3_3
Parameters: 1 -0.000258116 -0.000378018 0.000257477 0.999999 -0.00150632 0.000377532 0.00150663 0.999998 0.0391422 0.0347817 -0.0530506
FixedParameters: 0 0 0

#Transform 4
Transform: AffineTransform_float_3_3
Parameters: 0.999999 -2.01362e-05 -0.00181748 1.73293e-05 0.999999 -0.00152459 0.00181839 0.0015247 0.999997 -0.0250805 0.00931737 -0.031027
FixedParameters: 0 0 0

#Transform 5
Transform: AffineTransform_float_3_3
Parameters: 0.999999 1.94312e-05 -0.00141678 -2.14726e-05 0.999999 -0.0013295 0.00141589 0.00132988 0.999998 -0.00664202 0.0970001 -0.058505
FixedParameters: 0 0 0

#Transform 6
Transform: AffineTransform_float_3_3
Parameters: 1 8.86187e-05 -0.000701715 -8.98545e-05 0.999999 -0.000889415 0.000701733 0.000889941 1 0.0189611 0.0157082 -0.0428236
FixedParameters: 0 0 0

#Transform 7
Transform: AffineTransform_float_3_3
Parameters: 0.999999 9.52899e-05 -0.000866498 -9.60714e-05 1 -0.000952922 0.000865982 0.000952571 1 0.00519475 0.0878947 -0.0738704
FixedParameters: 0 0 0

#Transform 8
Transform: AffineTransform_float_3_3
Parameters: 0.999999 6.90658e-05 -0.000901902 -6.99734e-05 1 -0.000503097 0.000901832 0.000503223 0.999999 -0.0215846 0.0127746 -0.036792
FixedParameters: 0 0 0

#Transform 9
Transform: AffineTransform_float_3_3
Parameters: 0.999999 -7.91793e-05 -0.000995058 7.88691e-05 1 -0.00062656 0.000994783 0.000627239 0.999999 0.00208389 0.0867358 -0.0876715
FixedParameters: 0 0 0

#Transform 10
Transform: AffineTransform_float_3_3
Parameters: 1 0.000242262 -0.000599873 -0.000242607 1 -0.000286824 0.000599734 0.000287115 1 -0.000361169 0.0988688 -0.0608353
FixedParameters: 0 0 0

#Transform 11
Transform: AffineTransform_float_3_3
Parameters: 0.999999 0.000148327 -0.000743308 -0.0001498 1 -0.00104579 0.000743132 0.00104601 0.999999 0.00575108 0.0399903 -0.0947236
FixedParameters: 0 0 0

#Transform 12
Transform: AffineTransform_float_3_3
Parameters: 0.999999 -0.00017059 -0.000920914 0.000169731 0.999999 -0.00124929 0.000921813 0.00124886 0.999999 0.0230545 0.0887133 -0.109077
FixedParameters: 0 0 0

#Transform 13
Transform: AffineTransform_float_3_3
Parameters: 0.999999 -0.000507652 -0.00122726 0.000507536 1 -0.000396159 0.00122715 0.000395755 0.999999 0.0234413 0.0457376 -0.0706545
FixedParameters: 0 0 0

#Transform 14
Transform: AffineTransform_float_3_3
Parameters: 0.999999 9.24148e-06 -0.000949182 -1.06311e-05 0.999999 -0.00119023 0.000948824 0.00118973 0.999999 0.0399751 0.0863481 -0.129731
FixedParameters: 0 0 0

#Transform 15
Transform: AffineTransform_float_3_3
Parameters: 1 -0.000130517 -0.00104512 0.000129416 0.999999 -0.00114588 0.0010458 0.00114503 0.999999 0.0317423 0.0403569 -0.102805
FixedParameters: 0 0 0

#Transform 16
Transform: AffineTransform_float_3_3
Parameters: 1 -0.000327739 -0.00104966 0.000325661 0.999998 -0.00212224 0.00105114 0.00212228 0.999997 0.0440691 0.0721581 -0.152967
FixedParameters: 0 0 0

#Transform 17
Transform: AffineTransform_float_3_3
Parameters: 0.999999 -0.000544003 -0.000761731 0.000542877 0.999999 -0.000791543 0.000762728 0.000791589 1 0.0594787 0.0139168 -0.0726813
FixedParameters: 0 0 0

#Transform 18
Transform: AffineTransform_float_3_3
Parameters: 1 -0.000818735 -0.000470139 0.000818405 0.999998 -0.00171851 0.000471219 0.00171773 0.999999 0.0792952 0.0454227 -0.132685
FixedParameters: 0 0 0

#Transform 19
Transform: AffineTransform_float_3_3
Parameters: 0.999999 -0.000896461 -0.000425162 0.000896508 0.999999 -0.00112605 0.000426765 0.00112572 0.999999 0.0617767 -0.00168332 -0.0612663
FixedParameters: 0 0 0

#Transform 20
Transform: AffineTransform_float_3_3
Parameters: 1 -0.000530037 -0.000251396 0.000530147 0.999998 -0.00164125 0.000252761 0.00164094 0.999998 0.0706506 0.0917181 -0.133984
FixedParameters: 0 0 0

#Transform 21
Transform: AffineTransform_float_3_3
Parameters: 1 -0.000565948 -3.77428e-05 0.000566275 0.999999 -0.00137443 3.80763e-05 0.00137441 0.999999 0.0713414 0.0551721 -0.0717566
FixedParameters: 0 0 0

#Transform 22
Transform: AffineTransform_float_3_3
Parameters: 1 -0.000449542 0.000436637 0.00045005 0.999999 -0.00114657 -0.000436277 0.00114655 1 0.0894229 -0.0225285 -0.0663113
FixedParameters: 0 0 0

#Transform 23
Transform: AffineTransform_float_3_3
Parameters: 0.999999 -0.000427407 0.000577844 0.000427847 0.999998 -0.0018572 -0.000577169 0.00185786 0.999998 0.13069 0.046332 -0.153023
FixedParameters: 0 0 0

#Transform 24
Transform: AffineTransform_float_3_3
Parameters: 1 -0.000700261 0.000688503 0.00070076 0.999998 -0.00176996 -0.000687168 0.00176975 0.999998 0.114408 -0.00484356 -0.111429
FixedParameters: 0 0 0

#Transform 25
Transform: AffineTransform_float_3_3
Parameters: 1 -0.000696774 0.000608655 0.000697497 0.999999 -0.00107668 -0.000608138 0.00107673 0.999999 0.109634 0.00523203 -0.102294
FixedParameters: 0 0 0

#Transform 26
Transform: AffineTransform_float_3_3
Parameters: 0.999999 -0.000809364 0.00112961 0.000811655 0.999998 -0.00202903 -0.00112822 0.00203022 0.999997 0.144983 0.0522752 -0.164192
FixedParameters: 0 0 0

#Transform 27
Transform: AffineTransform_float_3_3
Parameters: 0.999999 -0.0012679 0.000802508 0.00126891 0.999999 -0.00125446 -0.000801021 0.00125575 0.999999 0.161946 -0.03408 -0.145293
FixedParameters: 0 0 0

#Transform 28
Transform: AffineTransform_float_3_3
Parameters: 0.999999 -0.000794834 0.000179295 0.000794786 0.999997 -0.0022478 -0.000177146 0.00224734 0.999997 0.115662 0.0295438 -0.143862
FixedParameters: 0 0 0

#Transform 29
Transform: AffineTransform_float_3_3
Parameters: 1 -0.000480787 0.000826473 0.000482512 0.999999 -0.00181975 -0.000824921 0.00182064 0.999998 0.11886 0.00610058 -0.165373
FixedParameters: 0 0 0

#Transform 30
Transform: AffineTransform_float_3_3
Parameters: 0.999999 -0.000512573 0.000690572 0.000513806 0.999998 -0.00181313 -0.000688736 0.00181346 0.999999 0.118699 0.0326496 -0.135694
FixedParameters: 0 0 0

#Transform 31
Transform: AffineTransform_float_3_3
Parameters: 1 -0.000845021 0.000634116 0.000845546 0.999999 -0.000877085 -0.000633617 0.000877352 0.999999 0.12401 0.0110332 -0.1221
FixedParameters: 0 0 0

#Transform 32
Transform: AffineTransform_float_3_3
Parameters: 1 0.000419244 -0.000422348 -0.000420307 0.999998 -0.00205054 0.000421747 0.00205081 0.999998 0.0522126 0.0973716 -0.161474
FixedParameters: 0 0 0

#Transform 33
Transform: AffineTransform_float_3_3
Parameters: 1 -0.00022416 0.000144751 0.000224718 0.999998 -0.00165137 -0.000143874 0.00165143 0.999998 0.0656629 0.0358644 -0.117572
FixedParameters: 0 0 0

#Transform 34
Transform: AffineTransform_float_3_3
Parameters: 0.999995 0.000524689 -0.00310715 -0.000530655 0.999998 -0.00192983 0.00310611 0.00193163 0.999993 -0.104102 0.132338 -0.232414
FixedParameters: 0 0 0

#Transform 35
Transform: AffineTransform_float_3_3
Parameters: 0.999999 -0.000828141 -0.000912968 0.000825324 0.999997 -0.00229021 0.000915157 0.00228868 0.999997 0.0275308 0.107465 -0.215726
FixedParameters: 0 0 0

#Transform 36
Transform: AffineTransform_float_3_3
Parameters: 0.999999 -0.00085326 -0.00126404 0.00085093 0.999997 -0.00200068 0.00126618 0.00199928 0.999997 0.0112601 0.0259733 -0.224247
FixedParameters: 0 0 0

#Transform 37
Transform: AffineTransform_float_3_3
Parameters: 1 -0.00055949 -0.000881424 0.000556565 0.999996 -0.00301122 0.000882948 0.00301017 0.999995 0.0462929 0.0921448 -0.259923
FixedParameters: 0 0 0

#Transform 38
Transform: AffineTransform_float_3_3
Parameters: 1 -0.000643512 -0.00073802 0.000642131 0.999997 -0.00220282 0.000740103 0.00220267 0.999997 0.0484439 0.0271544 -0.183566
FixedParameters: 0 0 0

#Transform 39
Transform: AffineTransform_float_3_3
Parameters: 1 -0.00083225 -0.000696204 0.000830784 0.999997 -0.0019762 0.000697757 0.00197503 0.999998 0.0438672 0.0545288 -0.273399
FixedParameters: 0 0 0

#Transform 40
Transform: AffineTransform_float_3_3
Parameters: 0.999999 -0.000917053 -0.000886626 0.000915051 0.999998 -0.00193715 0.000888537 0.00193686 0.999998 0.00690324 0.0272059 -0.2026
FixedParameters: 0 0 0

#Transform 41
Transform: AffineTransform_float_3_3
Parameters: 1 -0.00054001 -0.000256595 0.000539367 0.999997 -0.00240307 0.000258238 0.00240281 0.999997 0.0287771 0.0483667 -0.288817
FixedParameters: 0 0 0

#Transform 42
Transform: AffineTransform_float_3_3
Parameters: 1 -0.000437634 -0.000116178 0.000437611 0.999997 -0.00263792 0.000117535 0.00263695 0.999996 0.039641 0.0669635 -0.20526
FixedParameters: 0 0 0

#Transform 43
Transform: AffineTransform_float_3_3
Parameters: 1 -0.00079275 0.000433581 0.000793509 0.999996 -0.00244198 -0.000431979 0.00244287 0.999997 0.0635677 -0.0423281 -0.165895
FixedParameters: 0 0 0

#Transform 44
Transform: AffineTransform_float_3_3
Parameters: 0.999999 -0.00109435 0.0008755 0.0010965 0.999995 -0.00302758 -0.000872188 0.0030281 0.999995 0.0941598 0.0557869 -0.234731
FixedParameters: 0 0 0

#Transform 45
Transform: AffineTransform_float_3_3
Parameters: 1 -0.000898232 0.0005327 0.000900242 0.999992 -0.0038148 -0.000529263 0.00381519 0.999993 0.0967965 0.0984133 -0.211682
FixedParameters: 0 0 0

#Transform 46
Transform: AffineTransform_float_3_3
Parameters: 0.999999 -0.00115885 0.000555787 0.00116065 0.999997 -0.00214417 -0.000553731 0.00214474 0.999998 0.102204 0.0108034 -0.140365
FixedParameters: 0 0 0

#Transform 47
Transform: AffineTransform_float_3_3
Parameters: 0.999998 -0.000889503 0.00117103 0.000892213 0.999995 -0.00289544 -0.00116865 0.00289658 0.999995 0.108081 0.08737 -0.255932
FixedParameters: 0 0 0

#Transform 48
Transform: AffineTransform_float_3_3
Parameters: 0.999998 -0.00132259 0.000783108 0.00132484 0.999996 -0.0026291 -0.000779267 0.00262967 0.999996 0.116795 0.0430376 -0.192191
FixedParameters: 0 0 0

#Transform 49
Transform: AffineTransform_float_3_3
Parameters: 0.999999 -0.00108967 0.00126137 0.00109296 0.999996 -0.00264011 -0.00125916 0.002641 0.999996 0.169035 0.0463215 -0.231758
FixedParameters: 0 0 0

#Transform 50
Transform: AffineTransform_float_3_3
Parameters: 0.999998 -0.00118341 0.000898629 0.00118586 0.999997 -0.00239914 -0.000896064 0.00240065 0.999997 0.142213 0.0772262 -0.213556
FixedParameters: 0 0 0

#Transform 51
Transform: AffineTransform_float_3_3
Parameters: 0.999999 -0.00114909 0.000899931 0.00115178 0.999997 -0.00229502 -0.000897059 0.00229554 0.999997 0.136109 0.00989941 -0.217294
FixedParameters: 0 0 0

#Transform 52
Transform: AffineTransform_float_3_3
Parameters: 0.999999 -0.00112624 0.000515812 0.00112847 0.999992 -0.00381355 -0.000511996 0.00381417 0.999993 0.117265 0.0480899 -0.25983
FixedParameters: 0 0 0

#Transform 53
Transform: AffineTransform_float_3_3
Parameters: 0.999999 -0.00130536 0.000243273 0.0013056 0.999995 -0.00257303 -0.000240186 0.00257301 0.999997 0.0844133 0.00981376 -0.160031
FixedParameters: 0 0 0

#Transform 54
Transform: AffineTransform_float_3_3
Parameters: 1 -0.000256845 3.80694e-05 0.000256473 0.999995 -0.00309676 -3.74959e-05 0.0030969 0.999996 0.0492149 0.0506474 -0.218916
FixedParameters: 0 0 0

#Transform 55
Transform: AffineTransform_float_3_3
Parameters: 1 -0.000877293 6.95216e-05 0.00087718 0.999993 -0.00367331 -6.62037e-05 0.00367411 0.999993 0.0724589 0.094167 -0.242394
FixedParameters: 0 0 0

#Transform 56
Transform: AffineTransform_float_3_3
Parameters: 0.999998 0.000610962 -0.00182395 -0.000616986 0.999994 -0.00349589 0.00182135 0.00349715 0.999992 -0.0984971 0.122707 -0.116673
FixedParameters: 0 0 0

#Transform 57
Transform: AffineTransform_float_3_3
Parameters: 1 -0.000216047 -0.000281434 0.000214854 0.999993 -0.00360066 0.000282443 0.00360054 0.999993 0.0246134 0.0934443 -0.198
FixedParameters: 0 0 0

#Transform 58
Transform: AffineTransform_float_3_3
Parameters: 0.999999 -0.000632345 1.27901e-05 0.000632164 0.999995 -0.00311037 -1.12317e-05 0.00311053 0.999996 0.0538003 0.0606835 0.0736586
FixedParameters: 0 0 0

#Transform 59
Transform: AffineTransform_float_3_3
Parameters: 1 0.000270666 0.000318652 -0.000269998 0.999994 -0.00363305 -0.000319491 0.00363299 0.999994 0.0607048 0.159437 -0.146033
FixedParameters: 0 0 0

#Transform 60
Transform: AffineTransform_float_3_3
Parameters: 0.999997 0.000565523 0.0020184 -0.00056221 0.999998 -0.00191331 -0.00201986 0.00191212 0.999997 0.120717 0.0665097 0.777966
FixedParameters: 0 0 0

#Transform 61
Transform: AffineTransform_float_3_3
Parameters: 0.999996 0.00119248 0.0022779 -0.00119017 0.999998 -0.000879843 -0.0022788 0.000877529 0.999997 0.0765586 0.145403 0.409271
FixedParameters: 0 0 0

#Transform 62
Transform: AffineTransform_float_3_3
Parameters: 1 2.16156e-05 0.000943911 -1.8186e-05 0.999995 -0.00312357 -0.000944125 0.00312325 0.999995 0.132816 0.0776922 0.160586
FixedParameters: 0 0 0

#Transform 63
Transform: AffineTransform_float_3_3
Parameters: 0.999999 -0.000218187 0.00142961 0.000218522 1 -0.000140478 -0.00142951 0.000141508 0.999999 0.119188 0.0983559 0.270054
FixedParameters: 0 0 0

#Transform 64
Transform: AffineTransform_float_3_3
Parameters: 0.999999 -0.000356318 0.000647331 0.000357295 0.999998 -0.0020729 -0.000646765 0.00207352 0.999997 0.130014 0.106408 -0.0771384
FixedParameters: 0 0 0

#Transform 65
Transform: AffineTransform_float_3_3
Parameters: 1 -0.000535435 0.000833036 0.000537128 0.999997 -0.0023443 -0.000832283 0.00234543 0.999997 0.115315 0.011304 -0.0382225
FixedParameters: 0 0 0

#Transform 66
Transform: AffineTransform_float_3_3
Parameters: 1 -0.000484602 0.000685629 0.000486745 0.999995 -0.00305921 -0.000684147 0.0030601 0.999995 0.131311 0.064372 -0.0917017
FixedParameters: 0 0 0

#Transform 67
Transform: AffineTransform_float_3_3
Parameters: 0.999999 -0.000262955 0.000710088 0.000265311 0.999996 -0.00304522 -0.000709833 0.00304582 0.999995 0.103673 0.026236 -0.037088
FixedParameters: 0 0 0

#Transform 68
Transform: AffineTransform_float_3_3
Parameters: 1 -0.000218719 0.000283017 0.000218919 0.999997 -0.0024548 -0.000281832 0.00245454 0.999997 0.104214 0.0854913 -0.0961719
FixedParameters: 0 0 0

#Transform 69
Transform: AffineTransform_float_3_3
Parameters: 1 -0.00061936 0.000946585 0.000620817 0.999998 -0.0017571 -0.000945591 0.00175757 0.999997 0.143902 0.034112 -0.00875267
FixedParameters: 0 0 0

#Transform 70
Transform: AffineTransform_float_3_3
Parameters: 1 -0.000819128 0.000435656 0.000820097 0.999996 -0.00267402 -0.000433545 0.00267405 0.999996 0.148374 0.0415105 -0.081842
FixedParameters: 0 0 0

#Transform 71
Transform: AffineTransform_float_3_3
Parameters: 1 -0.00083052 0.000381583 0.000831009 0.999997 -0.00242139 -0.000379831 0.00242223 0.999997 0.144115 -0.0122655 -0.0161891
FixedParameters: 0 0 0

#Transform 72
Transform: AffineTransform_float_3_3
Parameters: 1 -0.000987785 0.000355794 0.000988154 0.999996 -0.00243105 -0.000353262 0.00243195 0.999997 0.146118 0.0416047 -0.10605
FixedParameters: 0 0 0

#Transform 73
Transform: AffineTransform_float_3_3
Parameters: 1 -0.000683685 0.000468311 0.000684983 0.999997 -0.00229657 -0.000466592 0.00229734 0.999998 0.124918 0.0472121 -0.0638547
FixedParameters: 0 0 0

#Transform 74
Transform: AffineTransform_float_3_3
Parameters: 1 -0.00072154 0.000549023 0.000722082 0.999998 -0.0021242 -0.000547006 0.00212429 0.999998 0.113231 0.0333935 -0.0969492
FixedParameters: 0 0 0

#Transform 75
Transform: AffineTransform_float_3_3
Parameters: 0.999999 -0.000526892 0.000343062 0.000527862 0.999993 -0.0036596 -0.000341779 0.00365933 0.999993 0.114228 0.0700846 -0.137876
FixedParameters: 0 0 0

#Transform 76
Transform: AffineTransform_float_3_3
Parameters: 1 -0.00085961 0.000421079 0.000860215 0.999997 -0.00233166 -0.00041934 0.00233258 0.999998 0.110373 0.0300864 -0.0858534
FixedParameters: 0 0 0

#Transform 77
Transform: AffineTransform_float_3_3
Parameters: 0.999999 -0.00147478 -0.000300053 0.00147468 0.999999 -0.000860783 0.000301192 0.000860402 1 0.101195 0.191037 -0.328381
FixedParameters: 0 0 0

#Transform 78
Transform: AffineTransform_float_3_3
Parameters: 0.999991 0.000588622 -0.00414751 -0.000530483 0.999904 0.0138441 0.00415525 -0.0138414 0.999896 -0.406111 2.36679 -3.04819
FixedParameters: 0 0 0

#Transform 79
Transform: AffineTransform_float_3_3
Parameters: 0.999965 0.00785582 -0.00304796 -0.00785414 0.999969 0.000536474 0.0030518 -0.000512662 0.999995 -0.570878 1.52154 -1.4009
FixedParameters: 0 0 0

#Transform 80
Transform: AffineTransform_float_3_3
Parameters: 0.999992 0.003451 -0.00193304 -0.00344475 0.99999 0.00293915 0.00194258 -0.00293247 0.999993 -0.382644 1.30831 -1.21257
FixedParameters: 0 0 0

#Transform 81
Transform: AffineTransform_float_3_3
Parameters: 0.999995 0.00304387 -0.00146974 -0.00303968 0.999991 0.00290755 0.00147797 -0.00290272 0.999995 -0.326609 1.25835 -1.3422
FixedParameters: 0 0 0

#Transform 82
Transform: AffineTransform_float_3_3
Parameters: 0.999992 0.00353178 -0.00195454 -0.00353256 0.999994 -0.000306477 0.00195292 0.000313619 0.999998 -0.367377 1.12239 -1.34502
FixedParameters: 0 0 0

#Transform 83
Transform: AffineTransform_float_3_3
Parameters: 0.999991 0.00314354 -0.00264635 -0.00314535 0.999995 -0.000574787 0.00264527 0.000583607 0.999997 -0.371888 1.06488 -1.3544
FixedParameters: 0 0 0

#Transform 84
Transform: AffineTransform_float_3_3
Parameters: 0.999991 0.00407928 0.000718668 -0.00408834 0.999906 0.0130999 -0.000664344 -0.0131028 0.999914 -0.355226 0.513191 -0.901998
FixedParameters: 0 0 0

#Transform 85
Transform: AffineTransform_float_3_3
Parameters: 0.999993 0.00357175 0.00059572 -0.00357444 0.999987 0.00355039 -0.000582543 -0.00355261 0.999993 -0.307 0.6884 -1.18438
FixedParameters: 0 0 0

#Transform 86
Transform: AffineTransform_float_3_3
Parameters: 0.999995 0.00311268 0.000572687 -0.0031152 0.999983 0.00479129 -0.000558224 -0.00479283 0.999989 -0.274288 0.83943 -1.38845
FixedParameters: 0 0 0

#Transform 87
Transform: AffineTransform_float_3_3
Parameters: 0.999995 0.0028614 0.000395021 -0.00286211 0.999995 0.00129176 -0.000391624 -0.00129285 0.999999 -0.262967 0.737356 -1.27404
FixedParameters: 0 0 0

#Transform 88
Transform: AffineTransform_float_3_3
Parameters: 0.999998 0.00214999 0.000722271 -0.00215065 0.999996 0.0016768 -0.000718407 -0.00167757 0.999998 -0.204266 0.709129 -1.34041
FixedParameters: 0 0 0

#Transform 89
Transform: AffineTransform_float_3_3
Parameters: 1 0.000507305 0.00105392 -0.000507736 1 -0.000201958 -0.00105361 0.000201806 1 -0.119651 0.607518 -1.24822
FixedParameters: 0 0 0

#Transform 90
Transform: AffineTransform_float_3_3
Parameters: 1 0.000342908 0.000453356 -0.000342615 1 -0.00117692 -0.000453516 0.00117664 0.999999 -0.101195 0.689018 -1.27792
FixedParameters: 0 0 0

#Transform 91
Transform: AffineTransform_float_3_3
Parameters: 0.999999 0.000956844 0.00041908 -0.000956296 0.999998 -0.00189722 -0.000420567 0.00189641 0.999998 -0.109248 0.709192 -1.31841
FixedParameters: 0 0 0

#Transform 92
Transform: AffineTransform_float_3_3
Parameters: 0.999999 0.000731094 0.000148998 -0.000731507 0.999999 -0.00121212 -0.000150124 0.00121193 0.999999 -0.115303 0.598031 -1.22644
FixedParameters: 0 0 0

#Transform 93
Transform: AffineTransform_float_3_3
Parameters: 0.999999 0.000824554 0.000648415 -0.000822645 0.999995 -0.00313364 -0.000651364 0.00313266 0.999995 -0.0949013 0.633963 -1.43973
FixedParameters: 0 0 0

#Transform 94
Transform: AffineTransform_float_3_3
Parameters: 0.999999 0.00030182 0.000649217 -0.000300768 0.999998 -0.00146039 -0.00064941 0.00145955 0.999999 -0.0996116 0.631113 -1.30375
FixedParameters: 0 0 0

#Transform 95
Transform: AffineTransform_float_3_3
Parameters: 1 0.000292228 0.000438205 -0.000291616 0.999998 -0.00158203 -0.000438482 0.0015818 0.999998 -0.101131 0.621783 -1.31127
FixedParameters: 0 0 0

#Transform 96
Transform: AffineTransform_float_3_3
Parameters: 0.999999 0.000784053 0.000348222 -0.000782662 0.999991 -0.00401273 -0.000351041 0.00401218 0.999992 -0.10437 0.726879 -1.46058
FixedParameters: 0 0 0

#Transform 97
Transform: AffineTransform_float_3_3
Parameters: 1 0.000975588 0.000690455 -0.000973131 0.999991 -0.00403363 -0.000693827 0.00403323 0.999992 -0.116422 0.57596 -1.36496
FixedParameters: 0 0 0

#Transform 98
Transform: AffineTransform_float_3_3
Parameters: 1 0.000387363 0.000381292 -0.000387031 0.999999 -0.00145082 -0.000381769 0.00145056 0.999999 -0.0979862 0.646482 -1.31179
FixedParameters: 0 0 0

#Transform 99
Transform: AffineTransform_float_3_3
Parameters: 1 0.000689561 0.000277789 -0.00068824 0.999987 -0.00506856 -0.000281473 0.00506822 0.999987 -0.0911608 0.605318 -1.39333
FixedParameters: 0 0 0

#Transform 100
Transform: AffineTransform_float_3_3
Parameters: 1 0.00028279 9.18563e-05 -0.000282066 0.999996 -0.00260174 -9.2918e-05 0.00260167 0.999996 -0.0898516 0.537254 -1.22619
FixedParameters: 0 0 0

#Transform 101
Transform: AffineTransform_float_3_3
Parameters: 0.999999 0.000158168 -0.00101908 -0.000163179 0.999988 -0.00486696 0.00101795 0.004867 0.999987 -0.103033 0.538361 -1.45856
FixedParameters: 0 0 0

#Transform 102
Transform: AffineTransform_float_3_3
Parameters: 0.999994 0.000455571 -0.00338945 -0.000469674 0.99999 -0.00445148 0.00338776 0.00445284 0.999984 -0.192549 0.631253 -1.33796
FixedParameters: 0 0 0

#Transform 103
Transform: AffineTransform_float_3_3
Parameters: 0.999996 0.000421751 -0.00285755 -0.000430659 0.999995 -0.00305854 0.00285631 0.00306021 0.999992 -0.183432 0.581699 -1.26981
FixedParameters: 0 0 0

#Transform 104
Transform: AffineTransform_float_3_3
Parameters: 0.999999 0.000629203 -0.00120178 -0.000632369 0.999996 -0.00273488 0.0012003 0.00273562 0.999995 -0.107805 0.72111 -1.32364
FixedParameters: 0 0 0

#Transform 105
Transform: AffineTransform_float_3_3
Parameters: 0.999999 0.000190798 -0.00141068 -0.00019363 0.999997 -0.00230639 0.00141027 0.0023062 0.999996 -0.126944 0.622607 -1.24138
FixedParameters: 0 0 0

#Transform 106
Transform: AffineTransform_float_3_3
Parameters: 0.999998 0.000571133 -0.00180798 -0.000567242 0.999998 0.00186652 0.00180951 -0.00186608 0.999996 -0.144252 0.780954 -1.20625
FixedParameters: 0 0 0

#Transform 107
Transform: AffineTransform_float_3_3
Parameters: 0.999997 -0.000224202 -0.00248627 0.000246075 0.999964 0.00844136 0.00248426 -0.00844208 0.999961 -0.185123 0.816872 -1.00551
FixedParameters: 0 0 0

#Transform 108
Transform: AffineTransform_float_3_3
Parameters: 0.999994 7.05442e-06 -0.00352777 1.15143e-05 0.999985 0.00537473 0.00352752 -0.00537492 0.999979 -0.243165 0.735218 -1.02726
FixedParameters: 0 0 0

#Transform 109
Transform: AffineTransform_float_3_3
Parameters: 0.999996 0.000463609 -0.00280393 -0.000453656 0.999993 0.00372015 0.00280539 -0.00371911 0.99999 -0.210688 0.837543 -1.14025
FixedParameters: 0 0 0

#Transform 110
Transform: AffineTransform_float_3_3
Parameters: 0.999994 6.07696e-05 -0.00337793 -5.04797e-05 0.999995 0.00313714 0.00337844 -0.00313711 0.99999 -0.236814 0.773483 -1.08208
FixedParameters: 0 0 0

#Transform 111
Transform: AffineTransform_float_3_3
Parameters: 0.999994 -3.31348e-05 -0.00338217 4.53171e-05 0.999995 0.00339149 0.00338216 -0.00339075 0.999988 -0.202754 0.811746 -1.16056
FixedParameters: 0 0 0

#Transform 112
Transform: AffineTransform_float_3_3
Parameters: 0.999994 0.000336112 -0.00355127 -0.000313254 0.999978 0.00649173 0.00355276 -0.00649056 0.999973 -0.240328 0.904234 -0.938714
FixedParameters: 0 0 0

#Transform 113
Transform: AffineTransform_float_3_3
Parameters: 0.999994 0.00028177 -0.00340797 -0.000257083 0.999973 0.00727618 0.00341011 -0.00727489 0.999968 -0.243074 0.542931 -0.668758
FixedParameters: 0 0 0

#Transform 114
Transform: AffineTransform_float_3_3
Parameters: 0.999992 0.000337539 -0.00398182 -0.000312378 0.99998 0.00631216 0.00398412 -0.0063111 0.999972 -0.249262 0.690283 -0.855432
FixedParameters: 0 0 0

#Transform 115
Transform: AffineTransform_float_3_3
Parameters: 0.999994 -9.98157e-05 -0.0036503 0.00012163 0.999983 0.0059101 0.00364934 -0.00591008 0.999976 -0.243055 0.6551 -0.750518
FixedParameters: 0 0 0

#Transform 116
Transform: AffineTransform_float_3_3
Parameters: 0.999992 0.000226787 -0.00403963 -0.000203842 0.999984 0.00558861 0.00404121 -0.00558778 0.999976 -0.224033 0.695213 -0.902633
FixedParameters: 0 0 0

#Transform 117
Transform: AffineTransform_float_3_3
Parameters: 0.999991 -6.71843e-05 -0.00409593 8.71627e-05 0.999988 0.00488985 0.00409598 -0.00489075 0.999979 -0.215993 0.711634 -0.828243
FixedParameters: 0 0 0

#Transform 118
Transform: AffineTransform_float_3_3
Parameters: 0.999991 0.000237338 -0.00424123 -0.000206533 0.999974 0.00723513 0.00424337 -0.007234 0.999965 -0.248644 0.662116 -0.792531
FixedParameters: 0 0 0

#Transform 119
Transform: AffineTransform_float_3_3
Parameters: 0.999993 4.78491e-05 -0.00375725 -2.74342e-05 0.999986 0.00536035 0.00375658 -0.0053593 0.999979 -0.215542 0.746176 -0.82182
FixedParameters: 0 0 0

#Transform 120
Transform: AffineTransform_float_3_3
Parameters: 0.99999 0.000192816 -0.00429224 -0.000170069 0.999986 0.00526372 0.00429309 -0.00526353 0.999977 -0.240361 0.660736 -0.823159
FixedParameters: 0 0 0

#Transform 121
Transform: AffineTransform_float_3_3
Parameters: 0.999989 -0.000239213 -0.00468116 0.000281238 0.999958 0.00914519 0.00467913 -0.00914586 0.999947 -0.29052 0.81923 -1.30402
FixedParameters: 0 0 0

#Transform 122
Transform: AffineTransform_float_3_3
Parameters: 0.999981 -0.00019434 -0.00615223 0.000228497 0.999985 0.00557398 0.00615137 -0.00557489 0.999966 -0.271938 0.691525 -0.946559
FixedParameters: 0 0 0

#Transform 123
Transform: AffineTransform_float_3_3
Parameters: 0.999986 -0.00104384 -0.0051419 0.00108922 0.999961 0.00883422 0.00513245 -0.00884006 0.999948 -0.246867 0.812942 -1.35401
FixedParameters: 0 0 0

#Transform 124
Transform: AffineTransform_float_3_3
Parameters: 0.99998 0.000425215 -0.00624485 -0.000389768 0.999984 0.00550614 0.00624732 -0.00550339 0.999966 -0.336684 0.739539 -1.03998
FixedParameters: 0 0 0

#Transform 125
Transform: AffineTransform_float_3_3
Parameters: 0.999988 0.000741416 -0.00484115 -0.000718691 0.999989 0.00460398 0.00484439 -0.00459969 0.999978 -0.279286 0.844899 -1.11964
FixedParameters: 0 0 0

#Transform 126
Transform: AffineTransform_float_3_3
Parameters: 0.999991 -0.000650231 -0.0041595 0.000663733 0.999995 0.00324075 0.0041571 -0.00324341 0.999987 -0.168267 0.733834 -0.984786
FixedParameters: 0 0 0

#Transform 127
Transform: AffineTransform_float_3_3
Parameters: 0.999994 -0.000536547 -0.0035123 0.000549291 0.999993 0.00382149 0.00351058 -0.00382327 0.999986 -0.16765 0.726464 -1.07534
FixedParameters: 0 0 0

#Transform 128
Transform: AffineTransform_float_3_3
Parameters: 0.999994 -0.000779169 -0.00350009 0.000789444 0.999994 0.00311579 0.00349804 -0.00311857 0.999989 -0.157057 0.738974 -1.0536
FixedParameters: 0 0 0

#Transform 129
Transform: AffineTransform_float_3_3
Parameters: 0.999994 -0.000556109 -0.00335463 0.000563666 0.999997 0.00228389 0.00335344 -0.00228603 0.999992 -0.146851 0.694412 -1.07355
FixedParameters: 0 0 0

#Transform 130
Transform: AffineTransform_float_3_3
Parameters: 0.999995 -0.00112191 -0.00286577 0.00112716 0.999998 0.00184887 0.00286269 -0.00185242 0.999994 -0.0905124 0.792278 -1.16764
FixedParameters: 0 0 0

#Transform 131
Transform: AffineTransform_float_3_3
Parameters: 0.999994 -0.00225436 -0.00272116 0.00225919 0.999996 0.00169435 0.00271764 -0.00170072 0.999995 -0.0873414 0.62365 -1.01505
FixedParameters: 0 0 0

#Transform 132
Transform: AffineTransform_float_3_3
Parameters: 0.999993 -0.00246857 -0.0025716 0.0024721 0.999996 0.00136289 0.00256827 -0.00136878 0.999995 -0.0588195 0.759514 -1.09133
FixedParameters: 0 0 0

#Transform 133
Transform: AffineTransform_float_3_3
Parameters: 0.999995 -0.00220111 -0.00194154 0.00220168 0.999997 -0.000126915 0.00194146 0.00012327 0.999998 -0.0250222 0.749051 -1.13056
FixedParameters: 0 0 0

#Transform 134
Transform: AffineTransform_float_3_3
Parameters: 0.999996 -0.00232236 -0.0015992 0.00232486 0.999996 0.00171573 0.00159548 -0.00171905 0.999997 -0.0310282 0.699456 -1.07355
FixedParameters: 0 0 0

#Transform 135
Transform: AffineTransform_float_3_3
Parameters: 0.999996 -0.00238121 -0.00166009 0.00238165 0.999997 0.000327689 0.00165891 -0.000331495 0.999999 -0.0168154 0.75092 -1.07172
FixedParameters: 0 0 0

#Transform 136
Transform: AffineTransform_float_3_3
Parameters: 0.999995 -0.00243786 -0.00192832 0.00243924 0.999997 0.000635912 0.00192682 -0.000641241 0.999998 -0.0322313 0.733985 -1.11468
FixedParameters: 0 0 0

#Transform 137
Transform: AffineTransform_float_3_3
Parameters: 0.999996 -0.00226335 -0.00208547 0.00226318 0.999997 0.000352662 0.00208466 -0.000358432 0.999998 -0.0416912 0.700102 -1.02973
FixedParameters: 0 0 0

#Transform 138
Transform: AffineTransform_float_3_3
Parameters: 0.999997 -0.00193069 -0.00155124 0.00193143 0.999998 0.00019477 0.00155041 -0.000197173 0.999999 -0.0356071 0.802555 -1.09479
FixedParameters: 0 0 0

#Transform 139
Transform: AffineTransform_float_3_3
Parameters: 0.999995 -0.00206706 -0.00208214 0.00206718 0.999998 -4.39491e-06 0.00208207 2.53817e-07 0.999998 -0.0094898 0.78343 -1.06728
FixedParameters: 0 0 0

#Transform 140
Transform: AffineTransform_float_3_3
Parameters: 0.999995 -0.00127971 -0.00290858 0.00128195 0.999999 0.00108101 0.00290708 -0.00108566 0.999995 -0.0638488 0.734554 -1.05513
FixedParameters: 0 0 0

#Transform 141
Transform: AffineTransform_float_3_3
Parameters: 0.999995 -0.00199518 -0.00222306 0.00199525 0.999998 0.000368319 0.00222252 -0.000372646 0.999997 -0.0104853 0.775588 -1.13341
FixedParameters: 0 0 0

#Transform 142
Transform: AffineTransform_float_3_3
Parameters: 0.999996 -0.00184948 -0.00189459 0.00185179 0.999998 0.000886154 0.00189327 -0.000890051 0.999998 -0.0210563 0.727927 -1.08373
FixedParameters: 0 0 0

#Transform 143
Transform: AffineTransform_float_3_3
Parameters: 0.999996 -0.00135106 -0.00274095 0.00135811 0.999996 0.00259516 0.0027376 -0.0025983 0.999993 0.0286877 0.736986 -1.16871
FixedParameters: 0 0 0

#Transform 144
Transform: AffineTransform_float_3_3
Parameters: 0.999994 -0.00170171 -0.00300767 0.00170634 0.999997 0.0014766 0.00300536 -0.00148186 0.999994 -0.0735 0.673192 -1.11923
FixedParameters: 0 0 0

#Transform 145
Transform: AffineTransform_float_3_3
Parameters: 0.999997 -0.000662993 -0.00226088 0.000665167 0.999999 0.00100079 0.0022598 -0.00100283 0.999997 -0.0546485 0.858013 -1.25347
FixedParameters: 0 0 0

#Transform 146
Transform: AffineTransform_float_3_3
Parameters: 0.999998 -0.000873612 -0.00205849 0.000880189 0.999993 0.00354733 0.0020547 -0.00354877 0.999992 0.0420536 0.638417 -0.756248
FixedParameters: 0 0 0

#Transform 147
Transform: AffineTransform_float_3_3
Parameters: 0.999998 -0.000370557 -0.00228934 0.000370361 1 4.42991e-06 0.00228928 -5.30881e-06 0.999997 -0.0199294 0.781066 -1.16599
FixedParameters: 0 0 0

#Transform 148
Transform: AffineTransform_float_3_3
Parameters: 0.999993 -0.0010138 -0.00380628 0.0010085 0.999998 -0.00129004 0.00380734 0.00128634 0.999992 -0.126841 0.78629 -1.07782
FixedParameters: 0 0 0

#Transform 149
Transform: AffineTransform_float_3_3
Parameters: 0.999993 -0.000352118 -0.0038868 0.000352929 1 0.000287408 0.00388708 -0.000288545 0.999992 -0.146525 0.895946 -1.24641
FixedParameters: 0 0 0

#Transform 150
Transform: AffineTransform_float_3_3
Parameters: 0.999993 -0.00063958 -0.00355821 0.000637763 1 -0.000529576 0.00355888 0.000527389 0.999994 -0.115495 0.799455 -1.13195
FixedParameters: 0 0 0

#Transform 151
Transform: AffineTransform_float_3_3
Parameters: 0.999995 -0.000959431 -0.00278581 0.000959357 0.999999 -0.000143985 0.00278565 0.000141173 0.999996 -0.0741192 0.815835 -1.20189
FixedParameters: 0 0 0

#Transform 152
Transform: AffineTransform_float_3_3
Parameters: 0.999995 -0.00176079 -0.00256495 0.00175843 0.999998 -0.000879054 0.00256562 0.000874856 0.999996 -0.0539736 0.829553 -1.15957
FixedParameters: 0 0 0

#Transform 153
Transform: AffineTransform_float_3_3
Parameters: 0.999996 -0.00137751 -0.00238854 0.00137757 0.999999 1.06972e-05 0.00238851 -1.37587e-05 0.999997 -0.0688454 0.747253 -1.13997
FixedParameters: 0 0 0

#Transform 154
Transform: AffineTransform_float_3_3
Parameters: 0.999995 -0.00173386 -0.00264609 0.00172986 0.999997 -0.00159422 0.00264914 0.00158972 0.999995 -0.048418 0.850041 -1.21194
FixedParameters: 0 0 0

#Transform 155
Transform: AffineTransform_float_3_3
Parameters: 0.999991 -0.00185166 -0.00382118 0.00184835 0.999998 -0.000875416 0.0038224 0.000868569 0.999992 -0.116479 0.754259 -1.05013
FixedParameters: 0 0 0

#Transform 156
Transform: AffineTransform_float_3_3
Parameters: 0.999992 -0.00280783 -0.00257634 0.00280478 0.999995 -0.00104854 0.00257966 0.0010412 0.999996 0.000789067 0.928777 -1.17133
FixedParameters: 0 0 0

#Transform 157
Transform: AffineTransform_float_3_3
Parameters: 0.99998 -0.00189173 -0.00605692 0.00188373 0.999997 -0.00141146 0.00605914 0.00140012 0.99998 -0.188304 0.834154 -1.05319
FixedParameters: 0 0 0

#Transform 158
Transform: AffineTransform_float_3_3
Parameters: 0.999987 -0.00159524 -0.00486812 0.00159024 0.999998 -0.00106225 0.00486948 0.00105463 0.999987 -0.153646 0.912492 -1.21035
FixedParameters: 0 0 0

#Transform 159
Transform: AffineTransform_float_3_3
Parameters: 0.999985 -0.00180675 -0.00532581 0.00179958 0.999998 -0.00137673 0.00532862 0.00136655 0.999985 -0.172061 0.840648 -1.09284
FixedParameters: 0 0 0

#Transform 160
Transform: AffineTransform_float_3_3
Parameters: 0.999987 -0.00156264 -0.00488788 0.00155648 0.999998 -0.00126371 0.00488929 0.00125631 0.999987 -0.167242 0.894405 -1.20022
FixedParameters: 0 0 0

#Transform 161
Transform: AffineTransform_float_3_3
Parameters: 0.999987 -0.00209566 -0.00462751 0.00208772 0.999996 -0.00159601 0.0046303 0.00158683 0.999988 -0.143593 0.877866 -1.12863
FixedParameters: 0 0 0

#Transform 162
Transform: AffineTransform_float_3_3
Parameters: 0.999987 -0.00175037 -0.0046515 0.00174689 0.999998 -0.000679501 0.00465334 0.00067083 0.999989 -0.157633 0.853708 -1.17588
FixedParameters: 0 0 0

#Transform 163
Transform: AffineTransform_float_3_3
Parameters: 0.999987 -0.00171449 -0.00480773 0.00170265 0.999995 -0.00263546 0.00481269 0.00262693 0.999985 -0.147246 0.909447 -1.20289
FixedParameters: 0 0 0

#Transform 164
Transform: AffineTransform_float_3_3
Parameters: 0.999989 -0.00204972 -0.00419553 0.002047 0.999998 -0.000727903 0.00419649 0.000719765 0.999991 -0.128196 0.850909 -1.09392
FixedParameters: 0 0 0

#Transform 165
Transform: AffineTransform_float_3_3
Parameters: 0.999994 -0.00288097 -0.0021183 0.00288776 0.999991 0.00300883 0.00210981 -0.00301466 0.999993 -0.108805 0.886588 -0.97574
FixedParameters: 0 0 0

#Transform 166
Transform: AffineTransform_float_3_3
Parameters: 0.999995 -0.00158913 -0.00252667 0.00159276 0.999997 0.00139169 0.00252445 -0.00139653 0.999996 -0.12384 1.06929 -1.32565
FixedParameters: 0 0 0

#Transform 167
Transform: AffineTransform_float_3_3
Parameters: 0.999988 -0.00237607 -0.00409692 0.00239647 0.999985 0.00501057 0.00408539 -0.0050204 0.999979 -0.111902 1.05908 -1.67656
FixedParameters: 0 0 0

#Transform 168
Transform: AffineTransform_float_3_3
Parameters: 0.999999 -0.000449967 -0.00175086 0.000444337 0.999995 -0.00304709 0.00175247 0.00304565 0.999994 -0.0438095 0.841823 -1.28937
FixedParameters: 0 0 0

#Transform 169
Transform: AffineTransform_float_3_3
Parameters: 0.999996 -0.00126597 -0.00260893 0.00126491 0.999999 -0.000629769 0.00261034 0.000626538 0.999996 -0.0989499 0.675425 -1.23013
FixedParameters: 0 0 0

#Transform 170
Transform: AffineTransform_float_3_3
Parameters: 0.999993 -0.000689877 -0.00371976 0.000689731 1 -8.83557e-05 0.0037194 8.56952e-05 0.999993 -0.137333 0.777494 -1.34404
FixedParameters: 0 0 0

#Transform 171
Transform: AffineTransform_float_3_3
Parameters: 0.999987 0.000183356 -0.00500033 -0.000171929 0.999997 0.00232176 0.00500092 -0.00232098 0.999985 -0.175716 0.987739 -1.35394
FixedParameters: 0 0 0

#Transform 172
Transform: AffineTransform_float_3_3
Parameters: 0.99999 -9.45221e-05 -0.0044449 0.000100839 0.999999 0.00139286 0.00444558 -0.00139326 0.999989 -0.0965824 1.04352 -1.39376
FixedParameters: 0 0 0

#Transform 173
Transform: AffineTransform_float_3_3
Parameters: 0.999996 -0.00126497 -0.00222746 0.00126466 0.999999 -0.000264016 0.00222762 0.000260983 0.999997 -0.133646 1.12299 -1.53386
FixedParameters: 0 0 0

#Transform 174
Transform: AffineTransform_float_3_3
Parameters: 0.999996 -0.000880092 -0.00248157 0.000879493 0.999999 -0.000280573 0.00248159 0.000278334 0.999996 -0.106818 1.05966 -1.49139
FixedParameters: 0 0 0

#Transform 175
Transform: AffineTransform_float_3_3
Parameters: 0.999973 -0.000758251 -0.00727666 0.000733351 0.999994 -0.00333564 0.00727941 0.00333004 0.999968 -0.219474 0.9722 -1.58907
FixedParameters: 0 0 0

#Transform 176
Transform: AffineTransform_float_3_3
Parameters: 0.99998 -0.00106954 -0.00624878 0.00105373 0.999996 -0.0025476 0.00625172 0.00254082 0.999977 -0.204169 0.931165 -1.53479
FixedParameters: 0 0 0

#Transform 177
Transform: AffineTransform_float_3_3
Parameters: 0.999978 -0.000704286 -0.00658174 0.000683059 0.999995 -0.00320136 0.00658462 0.00319691 0.999973 -0.230485 0.931211 -1.58392
FixedParameters: 0 0 0

#Transform 178
Transform: AffineTransform_float_3_3
Parameters: 0.999986 -0.000422776 -0.00521911 0.00040806 0.999996 -0.00271762 0.0052205 0.00271555 0.999982 -0.19742 1.06502 -1.47916
FixedParameters: 0 0 0

#Transform 179
Transform: AffineTransform_float_3_3
Parameters: 0.999978 -0.00115134 -0.00650031 0.00113225 0.999995 -0.00294482 0.0065042 0.00293754 0.999975 -0.230358 0.937451 -1.52101
FixedParameters: 0 0 0

#Transform 180
Transform: AffineTransform_float_3_3
Parameters: 0.999976 -0.00120008 -0.00671963 0.00117077 0.99999 -0.00442193 0.00672417 0.00441386 0.999968 -0.235788 1.02155 -1.55379
FixedParameters: 0 0 0

#Transform 181
Transform: AffineTransform_float_3_3
Parameters: 0.999982 -0.000416582 -0.00593387 0.000395924 0.999994 -0.00340543 0.00593479 0.00340371 0.999977 -0.251664 0.963385 -1.47372
FixedParameters: 0 0 0

#Transform 182
Transform: AffineTransform_float_3_3
Parameters: 0.999973 -0.00094882 -0.00719157 0.000915239 0.999989 -0.0046335 0.00719596 0.00462666 0.999964 -0.243827 1.00055 -1.61072
FixedParameters: 0 0 0

#Transform 183
Transform: AffineTransform_float_3_3
Parameters: 0.999974 -0.000183151 -0.00711446 0.000154933 0.999993 -0.00388135 0.00711535 0.00388039 0.999967 -0.330035 1.01767 -1.50891
FixedParameters: 0 0 0

#Transform 184
Transform: AffineTransform_float_3_3
Parameters: 0.999982 -0.000403906 -0.00595251 0.000374096 0.999988 -0.00484043 0.00595418 0.00483887 0.99997 -0.313198 0.896733 -1.37893
FixedParameters: 0 0 0

#Transform 185
Transform: AffineTransform_float_3_3
Parameters: 0.999983 -0.000470223 -0.005914 0.000437465 0.999985 -0.00540165 0.00591653 0.00539915 0.999968 -0.292707 1.05807 -1.49874
FixedParameters: 0 0 0

#Transform 186
Transform: AffineTransform_float_3_3
Parameters: 0.999982 -0.000553434 -0.00605373 0.000524252 0.999988 -0.00476699 0.00605616 0.00476302 0.99997 -0.302177 0.915606 -1.42553
FixedParameters: 0 0 0

#Transform 187
Transform: AffineTransform_float_3_3
Parameters: 0.999982 -0.000333912 -0.00597409 0.00029937 0.999983 -0.00580993 0.00597583 0.00580787 0.999965 -0.283436 1.06615 -1.53941
FixedParameters: 0 0 0

#Transform 188
Transform: AffineTransform_float_3_3
Parameters: 0.999881 -0.000917966 -0.0153984 0.000849617 0.999989 -0.00445323 0.0154015 0.00443955 0.999872 -0.681329 0.969147 -1.44465
FixedParameters: 0 0 0

#Transform 189
