# transform file /out/sourcedata/freesurfer/sub-v1s12x0050113_ses-1/mri/transforms/cc_up.lta
# created by oesteban on Sun Mar  8 14:04:24 2026

type      = 0 # LINEAR_VOX_TO_VOX
nxforms   = 1
mean      = 132.0000 127.0000 113.0000
sigma     = 10000.0000
1 4 4
9.992777109146118e-01 1.603368297219276e-02 3.445200249552727e-02 -9.306632041931152e+00 
-1.602416113018990e-02 9.998714327812195e-01 -5.524634616449475e-04 2.318806076049805e+01 
-3.445643186569214e-02 0.000000000000000e+00 9.994062185287476e-01 2.561178779602051e+01 
0.000000000000000e+00 0.000000000000000e+00 0.000000000000000e+00 1.000000000000000e+00 
src volume info
valid = 1  # volume info valid
filename = /out/sourcedata/freesurfer/sub-v1s12x0050113_ses-1/mri/norm.mgz
volume = 256 256 256
voxelsize = 1.000000000000000e+00 1.000000000000000e+00 1.000000000000000e+00
xras   = -1.000000000000000e+00 0.000000000000000e+00 0.000000000000000e+00
yras   = 0.000000000000000e+00 0.000000000000000e+00 -1.000000000000000e+00
zras   = 0.000000000000000e+00 1.000000000000000e+00 0.000000000000000e+00
cras   = 1.714805603027344e+00 1.044309997558594e+01 -1.981642913818359e+01
dst volume info
valid = 1  # volume info valid
filename = /out/sourcedata/freesurfer/sub-v1s12x0050113_ses-1/mri/norm.mgz
volume = 256 256 256
voxelsize = 1.000000000000000e+00 1.000000000000000e+00 1.000000000000000e+00
xras   = -1.000000000000000e+00 0.000000000000000e+00 0.000000000000000e+00
yras   = 0.000000000000000e+00 0.000000000000000e+00 -1.000000000000000e+00
zras   = 0.000000000000000e+00 1.000000000000000e+00 0.000000000000000e+00
cras   = 1.714805603027344e+00 1.044309997558594e+01 -1.981642913818359e+01
