# transform file transforms/talairach.lta
# created by oesteban on Sun Mar  8 13:05:36 2026

type      = 0 # LINEAR_VOX_TO_VOX
nxforms   = 1
mean      = 132.0000 128.0000 114.0000
sigma     = 10000.0000
1 4 4
1.122620344161987e+00 1.988660544157028e-02 6.517332792282104e-02 -3.143110084533691e+01 
-3.620463609695435e-02 1.282912135124207e+00 2.521652877330780e-01 -6.181073760986328e+01 
-7.431261241436005e-02 -1.653704494237900e-01 1.024065136909485e+00 2.471645355224609e+01 
0.000000000000000e+00 0.000000000000000e+00 0.000000000000000e+00 1.000000000000000e+00 
src volume info
valid = 1  # volume info valid
filename = nu.mgz
volume = 256 256 256
voxelsize = 1.000000000000000e+00 1.000000000000000e+00 1.000000000000000e+00
xras   = -1.000000000000000e+00 0.000000000000000e+00 0.000000000000000e+00
yras   = 0.000000000000000e+00 0.000000000000000e+00 -1.000000000000000e+00
zras   = 0.000000000000000e+00 1.000000000000000e+00 0.000000000000000e+00
cras   = 1.714805603027344e+00 1.044309997558594e+01 -1.981642913818359e+01
dst volume info
valid = 1  # volume info valid
filename = /opt/freesurfer/average/RB_all_2020-01-02.gca
volume = 256 256 256
voxelsize = 1.000000000000000e+00 1.000000000000000e+00 1.000000000000000e+00
xras   = -1.000000000000000e+00 0.000000000000000e+00 0.000000000000000e+00
yras   = 0.000000000000000e+00 0.000000000000000e+00 -1.000000000000000e+00
zras   = 0.000000000000000e+00 1.000000000000000e+00 0.000000000000000e+00
cras   = 0.000000000000000e+00 0.000000000000000e+00 0.000000000000000e+00
