# transform file /out/sourcedata/freesurfer/sub-v1s12x0050123_ses-1/mri/transforms/cc_up.lta
# created by oesteban on Sun Mar  8 14:28:48 2026

type      = 0 # LINEAR_VOX_TO_VOX
nxforms   = 1
mean      = 129.0000 143.0000 114.0000
sigma     = 10000.0000
1 4 4
9.899882674217224e-01 1.405040174722672e-01 1.349127106368542e-02 -2.254180526733398e+01 
-1.404909789562225e-01 9.900801777839661e-01 -1.914570108056068e-03 2.109120559692383e+01 
-1.362644415348768e-02 1.164153357047226e-10 9.999072551727295e-01 2.181645011901855e+01 
0.000000000000000e+00 0.000000000000000e+00 0.000000000000000e+00 1.000000000000000e+00 
src volume info
valid = 1  # volume info valid
filename = /out/sourcedata/freesurfer/sub-v1s12x0050123_ses-1/mri/norm.mgz
volume = 256 256 256
voxelsize = 1.000000000000000e+00 1.000000000000000e+00 1.000000000000000e+00
xras   = -1.000000000000000e+00 0.000000000000000e+00 0.000000000000000e+00
yras   = 0.000000000000000e+00 0.000000000000000e+00 -1.000000000000000e+00
zras   = 0.000000000000000e+00 1.000000000000000e+00 0.000000000000000e+00
cras   = -1.917160034179688e+00 6.084747314453125e+00 -9.302291870117188e-01
dst volume info
valid = 1  # volume info valid
filename = /out/sourcedata/freesurfer/sub-v1s12x0050123_ses-1/mri/norm.mgz
volume = 256 256 256
voxelsize = 1.000000000000000e+00 1.000000000000000e+00 1.000000000000000e+00
xras   = -1.000000000000000e+00 0.000000000000000e+00 0.000000000000000e+00
yras   = 0.000000000000000e+00 0.000000000000000e+00 -1.000000000000000e+00
zras   = 0.000000000000000e+00 1.000000000000000e+00 0.000000000000000e+00
cras   = -1.917160034179688e+00 6.084747314453125e+00 -9.302291870117188e-01
