# transform file /out/sourcedata/freesurfer/sub-v1s12x0050130_ses-1/mri/transforms/cc_up.lta
# created by oesteban on Sun Mar  8 14:14:17 2026

type      = 0 # LINEAR_VOX_TO_VOX
nxforms   = 1
mean      = 131.0000 133.0000 115.0000
sigma     = 10000.0000
1 4 4
9.949896335601807e-01 2.377144061028957e-02 9.711195528507233e-02 -1.484655666351318e+01 
-2.365902066230774e-02 9.997175335884094e-01 -2.309143077582121e-03 2.034147834777832e+01 
-9.713940322399139e-02 0.000000000000000e+00 9.952709078788757e-01 3.207273864746094e+01 
0.000000000000000e+00 0.000000000000000e+00 0.000000000000000e+00 1.000000000000000e+00 
src volume info
valid = 1  # volume info valid
filename = /out/sourcedata/freesurfer/sub-v1s12x0050130_ses-1/mri/norm.mgz
volume = 256 256 256
voxelsize = 1.000000000000000e+00 1.000000000000000e+00 1.000000000000000e+00
xras   = -1.000000000000000e+00 0.000000000000000e+00 0.000000000000000e+00
yras   = 0.000000000000000e+00 0.000000000000000e+00 -1.000000000000000e+00
zras   = 0.000000000000000e+00 1.000000000000000e+00 0.000000000000000e+00
cras   = -1.281304168701172e+01 2.736053466796875e-01 1.214482879638672e+01
dst volume info
valid = 1  # volume info valid
filename = /out/sourcedata/freesurfer/sub-v1s12x0050130_ses-1/mri/norm.mgz
volume = 256 256 256
voxelsize = 1.000000000000000e+00 1.000000000000000e+00 1.000000000000000e+00
xras   = -1.000000000000000e+00 0.000000000000000e+00 0.000000000000000e+00
yras   = 0.000000000000000e+00 0.000000000000000e+00 -1.000000000000000e+00
zras   = 0.000000000000000e+00 1.000000000000000e+00 0.000000000000000e+00
cras   = -1.281304168701172e+01 2.736053466796875e-01 1.214482879638672e+01
