#Insight Transform File V1.0
#Transform 0
Transform: AffineTransform_float_3_3
Parameters: 1 -0.000310939 0.000378539 0.000310676 0.999999 0.000336795 -0.000378746 -0.000337354 1 -0.00263721 -0.0667181 -0.101401
FixedParameters: 0 0 0

#Transform 1
Transform: AffineTransform_float_3_3
Parameters: 1 -0.000421773 -0.000254684 0.000422541 0.999999 0.00150031 0.000253433 -0.00150053 0.999999 0.0165099 0.0478926 0.262771
FixedParameters: 0 0 0

#Transform 2
Transform: AffineTransform_float_3_3
Parameters: 1 0.000236757 -0.000141183 -0.000236568 0.999999 0.000668283 0.0001415 -0.000668217 1 -0.0352834 0.0380821 0.206016
FixedParameters: 0 0 0

#Transform 3
Transform: AffineTransform_float_3_3
Parameters: 1 -5.48191e-05 -0.000102863 5.49186e-05 1 0.000483854 0.00010281 -0.000483865 1 -0.00454856 -0.0014893 0.28761
FixedParameters: 0 0 0

#Transform 4
Transform: AffineTransform_float_3_3
Parameters: 0.999999 0.000635714 -0.00174196 -0.000629344 0.999994 0.00328101 0.00174367 -0.00328035 0.999993 -0.0237622 -0.0328591 0.411449
FixedParameters: 0 0 0

#Transform 5
Transform: AffineTransform_float_3_3
Parameters: 1 0.000538977 -0.000458723 -0.000539634 1 -0.00107135 0.00045853 0.00107184 1 -0.0084448 0.113834 0.126839
FixedParameters: 0 0 0

#Transform 6
Transform: AffineTransform_float_3_3
Parameters: 0.999996 0.00283429 -0.00110774 -0.00282931 0.999988 0.00410093 0.00111869 -0.00409759 0.999991 -0.068288 -0.0234152 0.312449
FixedParameters: 0 0 0

#Transform 7
Transform: AffineTransform_float_3_3
Parameters: 0.999998 0.00146419 -0.000712027 -0.00146231 0.999994 0.00308721 0.000716707 -0.0030857 0.999995 -0.0583557 0.00994173 0.286203
FixedParameters: 0 0 0

#Transform 8
Transform: AffineTransform_float_3_3
Parameters: 0.999998 0.00157056 -0.000402249 -0.00156956 0.999995 0.0027958 0.000407286 -0.00279512 0.999996 -0.0681157 0.0927917 0.161751
FixedParameters: 0 0 0

#Transform 9
Transform: AffineTransform_float_3_3
Parameters: 0.999998 0.00164624 -0.000430599 -0.00164588 0.999998 0.00115348 0.000432501 -0.00115266 1 -0.0671727 0.128783 0.341313
FixedParameters: 0 0 0

#Transform 10
Transform: AffineTransform_float_3_3
Parameters: 0.999999 0.000261124 -0.000731183 -0.000261651 1 0.000292292 0.000731659 -0.000292698 1 -0.0504296 0.169196 0.121383
FixedParameters: 0 0 0

#Transform 11
Transform: AffineTransform_float_3_3
Parameters: 0.999999 0.000530528 -0.00124862 -0.000529219 0.999998 0.00154059 0.00124902 -0.00153943 0.999998 -0.0654176 0.00675062 0.343327
FixedParameters: 0 0 0

#Transform 12
Transform: AffineTransform_float_3_3
Parameters: 0.999998 0.00129445 -0.0019069 -0.00129148 0.999998 0.00153472 0.00190865 -0.00153275 0.999997 -0.0862853 0.107631 0.226165
FixedParameters: 0 0 0

#Transform 13
Transform: AffineTransform_float_3_3
Parameters: 0.999998 0.00134907 -0.0012932 -0.00134698 0.999998 0.0015497 0.00129486 -0.00154838 0.999999 -0.0997295 0.0976345 0.360622
FixedParameters: 0 0 0

#Transform 14
Transform: AffineTransform_float_3_3
Parameters: 0.999999 0.00117047 -0.000925384 -0.0011688 0.999999 0.00124644 0.000926404 -0.00124487 0.999999 -0.0937228 0.137415 0.245363
FixedParameters: 0 0 0

#Transform 15
Transform: AffineTransform_float_3_3
Parameters: 0.999999 0.000653595 -0.000588014 -0.000652883 0.999998 0.00194613 0.000589014 -0.00194535 0.999998 -0.0636678 0.105961 0.282936
FixedParameters: 0 0 0

#Transform 16
Transform: AffineTransform_float_3_3
Parameters: 1 0.000928295 0.000213791 -0.000928259 0.999998 0.00140245 -0.000212458 -0.00140205 0.999999 -0.034103 0.10429 0.321305
FixedParameters: 0 0 0

#Transform 17
Transform: AffineTransform_float_3_3
Parameters: 0.999999 0.00147445 -0.000160538 -0.00147472 0.999998 0.00116095 0.000162068 -0.00116107 1 -0.0192764 0.207654 0.272985
FixedParameters: 0 0 0

#Transform 18
Transform: AffineTransform_float_3_3
Parameters: 0.999999 0.00119603 -0.000373397 -0.00119532 0.999997 0.00222258 0.000375886 -0.00222228 0.999997 -0.0678555 0.0968735 0.376919
FixedParameters: 0 0 0

#Transform 19
Transform: AffineTransform_float_3_3
Parameters: 0.999999 0.00135708 -0.000366246 -0.00135708 0.999999 0.000861722 0.000366671 -0.00086053 0.999999 -0.0400861 0.115095 0.277166
FixedParameters: 0 0 0

#Transform 20
Transform: AffineTransform_float_3_3
Parameters: 0.999998 0.00144136 -0.00180445 -0.00143817 0.999997 0.00203075 0.00180748 -0.0020285 0.999997 -0.0710732 0.199184 0.450851
FixedParameters: 0 0 0

#Transform 21
Transform: AffineTransform_float_3_3
Parameters: 0.999995 0.00177077 -0.00239156 -0.00176319 0.999994 0.00304735 0.00239733 -0.00304322 0.999992 -0.0625163 0.207515 0.351139
FixedParameters: 0 0 0

#Transform 22
Transform: AffineTransform_float_3_3
Parameters: 0.999996 0.00128966 -0.00224039 -0.0012836 0.999995 0.00277013 0.00224443 -0.00276809 0.999994 -0.0537525 0.145595 0.436798
FixedParameters: 0 0 0

#Transform 23
Transform: AffineTransform_float_3_3
Parameters: 0.999995 0.00142947 -0.00278638 -0.00142332 0.999996 0.00224915 0.00278967 -0.00224511 0.999994 -0.0246327 0.179829 0.29425
FixedParameters: 0 0 0

#Transform 24
Transform: AffineTransform_float_3_3
Parameters: 0.999997 0.000932715 -0.00224141 -0.000927659 0.999996 0.00247304 0.00224386 -0.00247059 0.999995 -0.0570276 0.134869 0.408289
FixedParameters: 0 0 0

#Transform 25
Transform: AffineTransform_float_3_3
Parameters: 0.999996 0.00155002 -0.00204413 -0.00154467 0.999995 0.00270883 0.00204815 -0.00270543 0.999995 -0.0852613 0.141687 0.304176
FixedParameters: 0 0 0

#Transform 26
Transform: AffineTransform_float_3_3
Parameters: 0.999992 0.00387759 -0.000844858 -0.0038715 0.999968 0.00706071 0.000872346 -0.007058 0.999975 0.0693588 -0.0704477 0.444887
FixedParameters: 0 0 0

#Transform 27
Transform: AffineTransform_float_3_3
Parameters: 0.999987 0.00412376 -0.00302764 -0.00410501 0.999974 0.00602446 0.00305269 -0.00601148 0.999977 0.557097 0.0520596 0.43476
FixedParameters: 0 0 0

#Transform 28
Transform: AffineTransform_float_3_3
Parameters: 0.999995 0.000445846 -0.00289301 -0.000419225 0.999957 0.00921106 0.00289703 -0.00920969 0.999954 0.439266 -0.276028 0.741666
FixedParameters: 0 0 0

#Transform 29
Transform: AffineTransform_float_3_3
Parameters: 1 0.000796715 0.000766299 -0.000800136 0.999991 0.00433265 -0.000762418 -0.0043331 0.99999 0.625117 0.0710535 0.479445
FixedParameters: 0 0 0

#Transform 30
Transform: AffineTransform_float_3_3
Parameters: 0.999964 0.0018087 -0.00825406 -0.00177363 0.99999 0.00429204 0.00826142 -0.00427707 0.999956 0.461395 0.193838 0.399294
FixedParameters: 0 0 0

#Transform 31
Transform: AffineTransform_float_3_3
Parameters: 0.999979 0.00124868 -0.00635368 -0.00122637 0.999993 0.0034628 0.00635797 -0.0034545 0.999974 0.418919 0.262351 0.440772
FixedParameters: 0 0 0

#Transform 32
Transform: AffineTransform_float_3_3
Parameters: 0.999984 0.000947043 -0.00555655 -0.000929745 0.999995 0.00316124 0.00556008 -0.00315613 0.999979 0.372179 0.216222 0.509199
FixedParameters: 0 0 0

#Transform 33
Transform: AffineTransform_float_3_3
Parameters: 0.999994 7.74145e-05 -0.00367138 -8.86826e-05 0.999995 -0.00299723 0.00367154 0.00299822 0.999989 0.339743 0.428303 0.384383
FixedParameters: 0 0 0

#Transform 34
Transform: AffineTransform_float_3_3
Parameters: 0.999998 -0.00151591 -0.00125157 0.00150815 0.99998 -0.00613553 0.00126151 0.00613389 0.99998 0.31146 0.369751 0.45581
FixedParameters: 0 0 0

#Transform 35
Transform: AffineTransform_float_3_3
Parameters: 0.999999 0.000449104 -0.00119713 -0.000454929 0.999988 -0.00497385 0.00119501 0.00497408 0.999987 0.204794 0.486191 0.398339
FixedParameters: 0 0 0

#Transform 36
Transform: AffineTransform_float_3_3
Parameters: 0.999999 0.00023073 -0.00146106 -0.000235934 0.999996 -0.00287077 0.00145976 0.00287203 0.999995 0.192865 0.425699 0.514133
FixedParameters: 0 0 0

#Transform 37
Transform: AffineTransform_float_3_3
Parameters: 0.999997 6.70234e-05 -0.00221899 -7.07485e-05 0.999999 -0.00176579 0.00221845 0.00176649 0.999996 0.180319 0.338752 0.548868
FixedParameters: 0 0 0

#Transform 38
Transform: AffineTransform_float_3_3
Parameters: 0.999996 0.000164274 -0.00284404 -0.000167332 0.999999 -0.00114553 0.0028446 0.00114588 0.999995 0.175282 0.369113 0.520484
FixedParameters: 0 0 0

#Transform 39
Transform: AffineTransform_float_3_3
Parameters: 0.999995 -0.000147745 -0.00299868 0.000142194 0.999998 -0.0021365 0.00299899 0.00213502 0.999993 0.184603 0.384477 0.631435
FixedParameters: 0 0 0

#Transform 40
Transform: AffineTransform_float_3_3
Parameters: 0.999996 0.000604868 -0.00295166 -0.000607371 0.999999 -0.000576647 0.00295062 0.000578255 0.999995 0.170901 0.378711 0.546869
FixedParameters: 0 0 0

#Transform 41
Transform: AffineTransform_float_3_3
Parameters: 0.999993 -1.32328e-05 -0.00391035 9.16524e-06 1 -0.000919577 0.00391035 0.000919932 0.999991 0.204859 0.359792 0.587428
FixedParameters: 0 0 0

#Transform 42
Transform: AffineTransform_float_3_3
Parameters: 0.999992 -5.69303e-05 -0.00403098 5.54586e-05 1 -0.000334663 0.00403164 0.000333871 0.999992 0.237351 0.35856 0.612107
FixedParameters: 0 0 0

#Transform 43
Transform: AffineTransform_float_3_3
Parameters: 0.999995 -0.000548379 -0.00328588 0.000547809 0.999999 -0.000421683 0.00328664 0.000419511 0.999994 0.260973 0.363366 0.541406
FixedParameters: 0 0 0

#Transform 44
Transform: AffineTransform_float_3_3
Parameters: 0.999993 -0.0012423 -0.00338753 0.00124315 0.999999 0.000123167 0.00338724 -0.000127335 0.999995 0.318214 0.285279 0.624222
FixedParameters: 0 0 0

#Transform 45
Transform: AffineTransform_float_3_3
Parameters: 0.999995 -0.00105953 -0.00317068 0.00106082 0.999999 0.000201569 0.00317025 -0.000204647 0.999995 0.30647 0.309471 0.548221
FixedParameters: 0 0 0

#Transform 46
Transform: AffineTransform_float_3_3
Parameters: 0.999994 -0.000719662 -0.00341723 0.000723986 1 0.00104791 0.00341669 -0.00104997 0.999994 0.270196 0.250992 0.534246
FixedParameters: 0 0 0

#Transform 47
Transform: AffineTransform_float_3_3
Parameters: 0.999991 -0.000751786 -0.00399614 0.000756798 0.999999 0.00137837 0.00399505 -0.00138109 0.999991 0.271119 0.262956 0.600828
FixedParameters: 0 0 0

#Transform 48
Transform: AffineTransform_float_3_3
Parameters: 0.999994 -0.000192139 -0.00346816 0.000196992 0.999999 0.00143119 0.00346828 -0.00143124 0.999993 0.233719 0.290907 0.534204
FixedParameters: 0 0 0

#Transform 49
Transform: AffineTransform_float_3_3
Parameters: 0.999992 -0.000386724 -0.00403609 0.00039484 0.999998 0.00214271 0.00403545 -0.00214472 0.99999 0.262684 0.241678 0.571665
FixedParameters: 0 0 0

#Transform 50
Transform: AffineTransform_float_3_3
Parameters: 0.999993 -0.000300897 -0.00378571 0.000307222 0.999998 0.00179772 0.00378499 -0.00179871 0.999991 0.310083 0.23378 0.610199
FixedParameters: 0 0 0

#Transform 51
Transform: AffineTransform_float_3_3
Parameters: 0.999988 0.000826395 -0.00485889 -0.000815565 0.999997 0.00239439 0.00486069 -0.0023914 0.999985 0.231635 0.196184 0.487927
FixedParameters: 0 0 0

#Transform 52
Transform: AffineTransform_float_3_3
Parameters: 0.999976 0.00239141 -0.00652668 -0.00237195 0.999993 0.00292057 0.00653303 -0.00290454 0.999974 0.128363 0.177044 0.600008
FixedParameters: 0 0 0

#Transform 53
Transform: AffineTransform_float_3_3
Parameters: 0.99999 0.00105208 -0.00449344 -0.00104875 0.999999 0.000876451 0.00449465 -0.00087188 0.99999 0.17892 0.235871 0.501887
FixedParameters: 0 0 0

#Transform 54
Transform: AffineTransform_float_3_3
Parameters: 0.999987 0.000717323 -0.00504785 -0.000704924 0.999997 0.00245983 0.00504921 -0.00245624 0.999984 0.180583 0.13725 0.599509
FixedParameters: 0 0 0

#Transform 55
Transform: AffineTransform_float_3_3
Parameters: 0.999989 0.000876855 -0.00457427 -0.000865647 0.999996 0.0023419 0.00457652 -0.00233815 0.999987 0.201393 0.345354 0.54612
FixedParameters: 0 0 0

#Transform 56
Transform: AffineTransform_float_3_3
Parameters: 0.99999 0.00073205 -0.00455423 -0.0007174 0.999994 0.00321396 0.00455648 -0.00321074 0.999984 0.236142 0.257927 0.605365
FixedParameters: 0 0 0

#Transform 57
Transform: AffineTransform_float_3_3
Parameters: 0.99999 0.000896061 -0.00452137 -0.000886723 0.999998 0.00202265 0.00452376 -0.00201942 0.999988 0.232786 0.292771 0.592283
FixedParameters: 0 0 0

#Transform 58
Transform: AffineTransform_float_3_3
Parameters: 0.999991 0.000503862 -0.00436301 -0.000494389 0.999998 0.0020713 0.00436482 -0.00206879 0.999988 0.249875 0.258063 0.504618
FixedParameters: 0 0 0

#Transform 59
Transform: AffineTransform_float_3_3
Parameters: 0.99999 0.000252012 -0.00460213 -0.0002389 0.999996 0.00270164 0.00460325 -0.00270078 0.999986 0.265969 0.222706 0.616967
FixedParameters: 0 0 0

#Transform 60
Transform: AffineTransform_float_3_3
Parameters: 0.99999 0.00017565 -0.004509 -0.00016971 0.999999 0.00147131 0.00450987 -0.0014704 0.999989 0.264774 0.275066 0.513633
FixedParameters: 0 0 0

#Transform 61
Transform: AffineTransform_float_3_3
Parameters: 0.99999 -0.0003533 -0.0043304 0.000364991 0.999996 0.00277439 0.00432948 -0.00277512 0.999987 0.268891 0.224502 0.574934
FixedParameters: 0 0 0

#Transform 62
Transform: AffineTransform_float_3_3
Parameters: 0.99999 -0.000242331 -0.00446208 0.000249277 0.999999 0.00149082 0.00446139 -0.00149208 0.999989 0.270344 0.269289 0.562714
FixedParameters: 0 0 0

#Transform 63
Transform: AffineTransform_float_3_3
Parameters: 0.999988 -6.2285e-05 -0.00478759 7.34054e-05 0.999997 0.0021567 0.00478739 -0.00215676 0.999987 0.275358 0.29469 0.507605
FixedParameters: 0 0 0

#Transform 64
Transform: AffineTransform_float_3_3
Parameters: 0.99999 0.000322106 -0.0045003 -0.000307807 0.999995 0.00317483 0.00450087 -0.00317318 0.999985 0.279776 0.226997 0.640687
FixedParameters: 0 0 0

#Transform 65
Transform: AffineTransform_float_3_3
Parameters: 0.999983 0.000899588 -0.00562809 -0.000889873 0.999998 0.00169112 0.00562895 -0.00168583 0.999983 0.253953 0.293692 0.571198
FixedParameters: 0 0 0

#Transform 66
Transform: AffineTransform_float_3_3
Parameters: 0.999987 0.000627413 -0.00496202 -0.00061534 0.999997 0.00234058 0.00496343 -0.00233661 0.999985 0.241862 0.282533 0.536901
FixedParameters: 0 0 0

#Transform 67
Transform: AffineTransform_float_3_3
Parameters: 0.999985 0.000527347 -0.00545487 -0.000514183 0.999997 0.00231767 0.0054561 -0.00231455 0.999982 0.280055 0.251239 0.614466
FixedParameters: 0 0 0

#Transform 68
Transform: AffineTransform_float_3_3
Parameters: 0.999988 0.000329756 -0.00499202 -0.00031831 0.999997 0.00223116 0.00499291 -0.00222952 0.999985 0.258079 0.276679 0.508093
FixedParameters: 0 0 0

#Transform 69
Transform: AffineTransform_float_3_3
Parameters: 0.99999 0.0002737 -0.00445002 -0.00026388 0.999998 0.00217505 0.00445127 -0.0021739 0.999988 0.283647 0.262601 0.60508
FixedParameters: 0 0 0

#Transform 70
Transform: AffineTransform_float_3_3
Parameters: 0.999989 0.000232047 -0.00471428 -0.000223336 0.999999 0.00173559 0.0047145 -0.00173408 0.999987 0.279994 0.274936 0.541053
FixedParameters: 0 0 0

#Transform 71
Transform: AffineTransform_float_3_3
Parameters: 0.999989 0.000165382 -0.00465646 -0.000153605 0.999996 0.00266273 0.00465648 -0.00266264 0.999986 0.290354 0.249831 0.574221
FixedParameters: 0 0 0

#Transform 72
Transform: AffineTransform_float_3_3
Parameters: 0.999992 -0.000225636 -0.0040453 0.000232654 0.999998 0.00176973 0.00404487 -0.00177125 0.99999 0.317169 0.247716 0.561661
FixedParameters: 0 0 0

#Transform 73
Transform: AffineTransform_float_3_3
Parameters: 0.99999 8.15025e-05 -0.00444346 -7.45066e-05 0.999998 0.00150496 0.00444375 -0.00150492 0.999989 0.301682 0.253715 0.462096
FixedParameters: 0 0 0

#Transform 74
Transform: AffineTransform_float_3_3
Parameters: 0.99999 0.000268058 -0.00432578 -0.000259252 0.999998 0.00215733 0.00432605 -0.00215688 0.999988 0.281998 0.237153 0.566348
FixedParameters: 0 0 0

#Transform 75
Transform: AffineTransform_float_3_3
Parameters: 0.999991 -1.5621e-05 -0.00439154 2.28441e-05 0.999998 0.00165553 0.00439184 -0.00165555 0.999989 0.280606 0.270113 0.558062
FixedParameters: 0 0 0

#Transform 76
Transform: AffineTransform_float_3_3
Parameters: 0.999991 0.000225823 -0.00406425 -0.000218897 0.999999 0.00179085 0.00406448 -0.0017893 0.99999 0.32919 0.280768 0.525346
FixedParameters: 0 0 0

#Transform 77
Transform: AffineTransform_float_3_3
Parameters: 0.99999 -0.000178988 -0.00433147 0.000192363 0.999995 0.00311502 0.00433077 -0.00311624 0.999985 0.39181 0.176823 0.614999
FixedParameters: 0 0 0

#Transform 78
Transform: AffineTransform_float_3_3
Parameters: 0.99999 -0.000271728 -0.00461783 0.000281723 0.999997 0.00231747 0.00461728 -0.00231783 0.999987 0.407752 0.206183 0.465813
FixedParameters: 0 0 0

#Transform 79
Transform: AffineTransform_float_3_3
Parameters: 0.999989 -0.000434804 -0.00481886 0.000448093 0.999996 0.00275818 0.00481782 -0.00275963 0.999985 0.40116 0.178877 0.587923
FixedParameters: 0 0 0

#Transform 80
Transform: AffineTransform_float_3_3
Parameters: 0.99999 -0.000171927 -0.00432238 0.00018134 0.999998 0.00218936 0.0043217 -0.00218993 0.999988 0.420217 0.243632 0.52298
FixedParameters: 0 0 0

#Transform 81
Transform: AffineTransform_float_3_3
Parameters: 0.99999 -0.000642736 -0.00441801 0.000654193 0.999996 0.00265605 0.00441657 -0.0026594 0.999987 0.429318 0.20952 0.539203
FixedParameters: 0 0 0

#Transform 82
Transform: AffineTransform_float_3_3
Parameters: 0.999988 -0.00138364 -0.00456808 0.00139734 0.999995 0.00284445 0.0045644 -0.00285117 0.999985 0.468783 0.20179 0.612281
FixedParameters: 0 0 0

#Transform 83
Transform: AffineTransform_float_3_3
Parameters: 0.999989 -0.000463232 -0.00463435 0.000475537 0.999997 0.00265902 0.00463291 -0.00266038 0.999986 0.402507 0.222733 0.542738
FixedParameters: 0 0 0

#Transform 84
Transform: AffineTransform_float_3_3
Parameters: 0.999989 -0.000407435 -0.00471716 0.000421174 0.999996 0.00286511 0.00471619 -0.00286761 0.999985 0.383782 0.190467 0.585246
FixedParameters: 0 0 0

#Transform 85
Transform: AffineTransform_float_3_3
Parameters: 0.999987 -0.0002759 -0.00508246 0.000291753 0.999995 0.00321104 0.00508111 -0.00321267 0.999982 0.377922 0.186812 0.66969
FixedParameters: 0 0 0

#Transform 86
Transform: AffineTransform_float_3_3
Parameters: 0.999997 -0.00243415 0.000471757 0.00243271 0.999995 0.00186799 -0.000476754 -0.00186752 0.999999 0.775384 0.0735947 0.51143
FixedParameters: 0 0 0

#Transform 87
Transform: AffineTransform_float_3_3
Parameters: 0.999966 -0.00219 -0.00802391 0.00224707 0.999972 0.00708957 0.00800889 -0.00710666 0.999943 0.783121 -0.371281 0.559391
FixedParameters: 0 0 0

#Transform 88
Transform: AffineTransform_float_3_3
Parameters: 0.999945 -0.00603968 -0.00850415 0.00609766 0.999958 0.00684578 0.00846204 -0.00689663 0.999941 1.08678 -0.229939 0.55966
FixedParameters: 0 0 0

#Transform 89
Transform: AffineTransform_float_3_3
Parameters: 0.999949 -0.00654031 -0.00772392 0.00658345 0.999962 0.00563544 0.00768688 -0.00568604 0.999954 1.10565 -0.161802 0.580428
FixedParameters: 0 0 0

#Transform 90
Transform: AffineTransform_float_3_3
Parameters: 0.999953 -0.00643347 -0.00723472 0.00647669 0.999962 0.00591696 0.00719688 -0.00596363 0.999957 1.08817 -0.121867 0.653309
FixedParameters: 0 0 0

#Transform 91
Transform: AffineTransform_float_3_3
Parameters: 0.999961 -0.00484222 -0.00749013 0.00488095 0.999975 0.00510847 0.00746493 -0.00514539 0.99996 0.871331 -0.0797266 0.593712
FixedParameters: 0 0 0

#Transform 92
Transform: AffineTransform_float_3_3
Parameters: 0.999959 -0.00533882 -0.00739378 0.00538365 0.999968 0.00599132 0.00736131 -0.00603124 0.999955 0.943803 -0.0930114 0.619388
FixedParameters: 0 0 0

#Transform 93
Transform: AffineTransform_float_3_3
Parameters: 0.999961 -0.00547446 -0.00691975 0.00551093 0.999971 0.00525019 0.0068912 -0.00528776 0.999962 0.934344 -0.0663803 0.606447
FixedParameters: 0 0 0

#Transform 94
Transform: AffineTransform_float_3_3
Parameters: 0.999961 -0.00531162 -0.00709543 0.00534676 0.999974 0.00500363 0.00706902 -0.00504181 0.999962 0.935908 -0.0451537 0.532261
FixedParameters: 0 0 0

#Transform 95
Transform: AffineTransform_float_3_3
Parameters: 0.999966 -0.00428662 -0.00714069 0.00433128 0.999971 0.00624507 0.00711375 -0.00627566 0.999955 0.842929 0.0107909 0.588748
FixedParameters: 0 0 0

#Transform 96
Transform: AffineTransform_float_3_3
Parameters: 0.999966 -0.0036588 -0.0074209 0.00369396 0.999982 0.00479699 0.00740324 -0.00482406 0.999961 0.856876 0.0641033 0.540006
FixedParameters: 0 0 0

#Transform 97
Transform: AffineTransform_float_3_3
Parameters: 0.999962 -0.00323193 -0.00802313 0.00327809 0.999978 0.00569514 0.00800477 -0.00572075 0.999952 0.773352 0.0177739 0.599215
FixedParameters: 0 0 0

#Transform 98
Transform: AffineTransform_float_3_3
Parameters: 0.999961 -0.0038895 -0.00801888 0.00392931 0.99998 0.00500143 0.00799992 -0.00503216 0.999955 0.866453 0.0265002 0.68321
FixedParameters: 0 0 0

#Transform 99
Transform: AffineTransform_float_3_3
Parameters: 0.99996 -0.00406248 -0.00806343 0.00410278 0.999979 0.00492451 0.00804396 -0.00495759 0.999955 0.82938 0.0960599 0.585276
FixedParameters: 0 0 0

#Transform 100
Transform: AffineTransform_float_3_3
Parameters: 0.999964 -0.00439938 -0.00716944 0.00444367 0.999972 0.00612623 0.00714181 -0.00615789 0.999956 0.829119 0.016407 0.693205
FixedParameters: 0 0 0

#Transform 101
Transform: AffineTransform_float_3_3
Parameters: 0.999962 -0.00378327 -0.00792478 0.00382429 0.999979 0.00515881 0.00790475 -0.00518993 0.999955 0.821432 0.0484249 0.568132
FixedParameters: 0 0 0

#Transform 102
Transform: AffineTransform_float_3_3
Parameters: 0.999965 -0.00439826 -0.00713742 0.00444247 0.99997 0.00625931 0.00711022 -0.00629066 0.999955 0.844166 -0.0193295 0.632363
FixedParameters: 0 0 0

#Transform 103
Transform: AffineTransform_float_3_3
Parameters: 0.999959 -0.00395976 -0.00815538 0.00400573 0.999976 0.00562312 0.00813364 -0.00565607 0.999951 0.878351 0.0651816 0.621868
FixedParameters: 0 0 0

#Transform 104
Transform: AffineTransform_float_3_3
Parameters: 0.999961 -0.00337196 -0.00814298 0.00341632 0.999979 0.00548005 0.00812541 -0.0055073 0.999952 0.809711 0.127796 0.57162
FixedParameters: 0 0 0

#Transform 105
Transform: AffineTransform_float_3_3
Parameters: 0.999967 -0.00403772 -0.00697635 0.00407146 0.999981 0.00479551 0.00695725 -0.00482325 0.999964 0.855833 0.0781589 0.598325
FixedParameters: 0 0 0

#Transform 106
Transform: AffineTransform_float_3_3
Parameters: 0.999969 -0.00372404 -0.00685031 0.00374795 0.999987 0.0035013 0.00683657 -0.00352672 0.999971 0.847537 0.121123 0.479547
FixedParameters: 0 0 0

#Transform 107
Transform: AffineTransform_float_3_3
Parameters: 0.999969 -0.00451018 -0.00640082 0.00454984 0.99997 0.00628101 0.00637267 -0.00630934 0.99996 0.868995 -0.0350364 0.581082
FixedParameters: 0 0 0

#Transform 108
Transform: AffineTransform_float_3_3
Parameters: 0.999971 -0.00394138 -0.00652069 0.00397007 0.999983 0.00433442 0.00650328 -0.00436044 0.999969 0.815161 -0.00928007 0.472344
FixedParameters: 0 0 0

#Transform 109
Transform: AffineTransform_float_3_3
Parameters: 0.999973 -0.00339225 -0.00643208 0.00342126 0.999984 0.00447148 0.00641667 -0.00449353 0.99997 0.803944 0.047829 0.455866
FixedParameters: 0 0 0

#Transform 110
Transform: AffineTransform_float_3_3
Parameters: 0.999956 -0.00451032 -0.00823164 0.004561 0.99997 0.00619939 0.00820354 -0.00623758 0.999947 0.878234 0.0302824 0.783262
FixedParameters: 0 0 0

#Transform 111
Transform: AffineTransform_float_3_3
Parameters: 0.999958 -0.00416814 -0.00811597 0.00423342 0.999959 0.00806765 0.00808139 -0.00810205 0.999934 0.860146 -0.0589437 0.96496
FixedParameters: 0 0 0

#Transform 112
Transform: AffineTransform_float_3_3
Parameters: 0.999952 -0.0041172 -0.00896043 0.00418136 0.999966 0.00718881 0.00893038 -0.00722613 0.999934 0.885606 -0.0704375 1.04078
FixedParameters: 0 0 0

#Transform 113
Transform: AffineTransform_float_3_3
Parameters: 0.999961 -0.00341959 -0.00821055 0.00349338 0.999954 0.00897722 0.00818033 -0.00900572 0.999926 0.856931 -0.121221 1.02091
FixedParameters: 0 0 0

#Transform 114
Transform: AffineTransform_float_3_3
Parameters: 0.999957 -0.00313987 -0.00866412 0.00320148 0.999969 0.00718579 0.00864129 -0.00721392 0.999936 0.836731 -0.0783376 0.702943
FixedParameters: 0 0 0

#Transform 115
Transform: AffineTransform_float_3_3
Parameters: 0.999962 -0.00296265 -0.00812631 0.0030098 0.999978 0.0058996 0.0081089 -0.00592308 0.99995 0.777353 -0.053597 0.596726
FixedParameters: 0 0 0

#Transform 116
Transform: AffineTransform_float_3_3
Parameters: 0.99997 -0.00245788 -0.00743408 0.00250189 0.999979 0.00590261 0.00741883 -0.00592031 0.999955 0.707289 0.0318354 0.649269
FixedParameters: 0 0 0

#Transform 117
Transform: AffineTransform_float_3_3
Parameters: 0.999963 -0.00388744 -0.00768359 0.0039268 0.999978 0.00519198 0.00766319 -0.00522187 0.999957 0.799006 -0.00209263 0.652734
FixedParameters: 0 0 0

#Transform 118
Transform: AffineTransform_float_3_3
Parameters: 0.999963 -0.00338557 -0.00798902 0.00341921 0.999985 0.00422323 0.007975 -0.00425008 0.999959 0.776436 0.0441759 0.568093
FixedParameters: 0 0 0

#Transform 119
Transform: AffineTransform_float_3_3
Parameters: 0.999971 -0.00304818 -0.0069763 0.00308352 0.999982 0.00509869 0.00696051 -0.00511959 0.999963 0.782332 0.0122736 0.575706
FixedParameters: 0 0 0

#Transform 120
Transform: AffineTransform_float_3_3
Parameters: 0.999962 -0.00389591 -0.00782096 0.00394286 0.999974 0.00604998 0.00779729 -0.00608046 0.999951 0.820625 -0.0353361 0.648846
FixedParameters: 0 0 0

#Transform 121
Transform: AffineTransform_float_3_3
Parameters: 0.999969 -0.00328127 -0.00713626 0.00331234 0.999985 0.00432932 0.00712245 -0.00435314 0.999965 0.804484 0.0448107 0.541837
FixedParameters: 0 0 0

#Transform 122
Transform: AffineTransform_float_3_3
Parameters: 0.999967 -0.00378338 -0.00728551 0.00381838 0.999982 0.00472283 0.00726749 -0.00475054 0.999962 0.821605 -0.00318223 0.556958
FixedParameters: 0 0 0

#Transform 123
Transform: AffineTransform_float_3_3
Parameters: 0.999957 -0.00397507 -0.00835822 0.00401726 0.999979 0.00499551 0.00833875 -0.00502851 0.999953 0.851296 -0.0106132 0.668078
FixedParameters: 0 0 0

#Transform 124
Transform: AffineTransform_float_3_3
Parameters: 0.999962 -0.00309129 -0.00808754 0.00313287 0.999982 0.00509424 0.00807195 -0.00512019 0.999954 0.7963 0.0664709 0.550439
FixedParameters: 0 0 0

#Transform 125
Transform: AffineTransform_float_3_3
Parameters: 0.999948 -0.00399261 -0.00940897 0.00404558 0.999975 0.00564611 0.00938604 -0.00568415 0.99994 0.841938 -0.0358071 0.662895
FixedParameters: 0 0 0

#Transform 126
Transform: AffineTransform_float_3_3
Parameters: 0.999961 -0.00359264 -0.0080658 0.00363987 0.999976 0.00592409 0.00804482 -0.00595339 0.99995 0.802043 -0.0507671 0.627166
FixedParameters: 0 0 0

#Transform 127
Transform: AffineTransform_float_3_3
Parameters: 0.999964 -0.00348364 -0.00773535 0.00350149 0.999991 0.00232019 0.00772737 -0.00234726 0.999967 0.81586 0.151478 0.556254
FixedParameters: 0 0 0

#Transform 128
Transform: AffineTransform_float_3_3
Parameters: 0.999963 -0.00342295 -0.00789745 0.00344514 0.99999 0.00278772 0.00788784 -0.00281454 0.999965 0.847784 0.119834 0.50249
FixedParameters: 0 0 0

#Transform 129
Transform: AffineTransform_float_3_3
Parameters: 0.999959 -0.00444676 -0.00782707 0.00448091 0.99998 0.00443614 0.00780687 -0.0044707 0.999959 0.854064 0.0421702 0.613309
FixedParameters: 0 0 0

#Transform 130
Transform: AffineTransform_float_3_3
Parameters: 0.99996 -0.00403782 -0.00796441 0.00407821 0.999978 0.00513175 0.00794322 -0.00516421 0.999955 0.856403 0.032012 0.675212
FixedParameters: 0 0 0

#Transform 131
Transform: AffineTransform_float_3_3
Parameters: 0.999959 -0.00411491 -0.00809198 0.00414587 0.999984 0.00389965 0.00807598 -0.0039338 0.99996 0.91449 0.0502689 0.544687
FixedParameters: 0 0 0

#Transform 132
Transform: AffineTransform_float_3_3
Parameters: 0.999957 -0.00446564 -0.00815683 0.0045053 0.999978 0.00492184 0.00813497 -0.00495845 0.999954 0.914296 -0.0174406 0.607326
FixedParameters: 0 0 0

#Transform 133
Transform: AffineTransform_float_3_3
Parameters: 0.999953 -0.00401048 -0.00875834 0.0040532 0.99998 0.00483269 0.00873793 -0.00486787 0.99995 0.887616 0.0378738 0.651034
FixedParameters: 0 0 0

#Transform 134
Transform: AffineTransform_float_3_3
Parameters: 0.999952 -0.00419368 -0.00884295 0.00423022 0.999983 0.00409563 0.00882595 -0.00413253 0.999953 0.903687 0.0628742 0.546461
FixedParameters: 0 0 0

#Transform 135
Transform: AffineTransform_float_3_3
Parameters: 0.999955 -0.00384427 -0.00858949 0.00388769 0.999979 0.00513587 0.00856933 -0.00516943 0.99995 0.888843 0.00486112 0.604502
FixedParameters: 0 0 0

#Transform 136
Transform: AffineTransform_float_3_3
Parameters: 0.999954 -0.0036186 -0.00890665 0.00365868 0.999983 0.00458948 0.00888961 -0.00462204 0.99995 0.858794 0.0599299 0.663425
FixedParameters: 0 0 0

#Transform 137
Transform: AffineTransform_float_3_3
Parameters: 0.999954 -0.00341387 -0.00897515 0.00346082 0.99998 0.00525504 0.00895738 -0.00528603 0.999946 0.820064 0.0797665 0.587011
FixedParameters: 0 0 0

#Transform 138
Transform: AffineTransform_float_3_3
Parameters: 0.999954 -0.0042997 -0.00850746 0.00434372 0.999978 0.0051053 0.00848536 -0.00514141 0.999951 0.854215 0.0256223 0.637787
FixedParameters: 0 0 0

#Transform 139
Transform: AffineTransform_float_3_3
Parameters: 0.999952 -0.00358068 -0.00903866 0.00362658 0.99998 0.00508837 0.00902094 -0.00512141 0.999946 0.86183 0.0890556 0.626402
FixedParameters: 0 0 0

#Transform 140
Transform: AffineTransform_float_3_3
Parameters: 0.999959 -0.00355379 -0.00838765 0.00360609 0.999974 0.00624441 0.00836518 -0.00627436 0.999945 0.845467 0.0322355 0.614389
FixedParameters: 0 0 0

#Transform 141
Transform: AffineTransform_float_3_3
Parameters: 0.999954 -0.00347778 -0.00894664 0.00352742 0.999978 0.00552797 0.00892692 -0.00555992 0.999945 0.857862 0.0371143 0.638472
FixedParameters: 0 0 0

#Transform 142
Transform: AffineTransform_float_3_3
Parameters: 0.999952 -0.00297808 -0.00935089 0.00302845 0.999981 0.00533122 0.00933473 -0.00535863 0.999941 0.856596 0.0643642 0.554735
FixedParameters: 0 0 0

#Transform 143
Transform: AffineTransform_float_3_3
Parameters: 0.999948 -0.0030125 -0.00972242 0.0030884 0.999965 0.00772285 0.0096988 -0.00775238 0.999923 0.835658 0.00787372 0.690724
FixedParameters: 0 0 0

#Transform 144
Transform: AffineTransform_float_3_3
Parameters: 0.999947 -0.00290483 -0.00980527 0.0029819 0.999965 0.00783082 0.00978239 -0.00785953 0.999921 0.844459 0.00836125 0.717342
FixedParameters: 0 0 0

#Transform 145
Transform: AffineTransform_float_3_3
Parameters: 0.999938 -0.00283979 -0.0107836 0.00292948 0.999962 0.00823223 0.01076 -0.00826325 0.999908 0.866306 -0.0415292 0.676901
FixedParameters: 0 0 0

#Transform 146
Transform: AffineTransform_float_3_3
Parameters: 0.999947 -0.00259161 -0.0100257 0.00266806 0.999968 0.00758306 0.0100055 -0.00760936 0.999921 0.831814 -0.0212988 0.732586
FixedParameters: 0 0 0

#Transform 147
Transform: AffineTransform_float_3_3
Parameters: 0.999939 -0.00190417 -0.0108648 0.00197813 0.999975 0.00675756 0.0108509 -0.00677904 0.999918 0.778322 0.0358304 0.731026
FixedParameters: 0 0 0

#Transform 148
Transform: AffineTransform_float_3_3
Parameters: 0.999935 -0.00224894 -0.0111882 0.00238387 0.999924 0.0120773 0.0111602 -0.0121025 0.999864 0.811808 -0.0810952 1.23873
FixedParameters: 0 0 0

#Transform 149
Transform: AffineTransform_float_3_3
Parameters: 0.999938 -0.00142631 -0.0109734 0.00154191 0.999944 0.0105174 0.0109578 -0.0105342 0.999884 0.72971 -0.116223 0.977339
FixedParameters: 0 0 0

#Transform 150
Transform: AffineTransform_float_3_3
Parameters: 0.999929 -0.000715966 -0.0118765 0.000799611 0.999975 0.00705243 0.0118713 -0.00706213 0.999905 0.692749 0.0101683 0.687007
FixedParameters: 0 0 0

#Transform 151
Transform: AffineTransform_float_3_3
Parameters: 0.99994 -0.000410696 -0.0109364 0.000496856 0.999969 0.00781752 0.0109321 -0.00782184 0.999909 0.679678 0.0161494 0.677162
FixedParameters: 0 0 0

#Transform 152
Transform: AffineTransform_float_3_3
Parameters: 0.999941 0.000767273 -0.0108549 -0.000681971 0.999968 0.00791812 0.0108612 -0.00791034 0.99991 0.573856 0.0258195 0.73113
FixedParameters: 0 0 0

#Transform 153
Transform: AffineTransform_float_3_3
Parameters: 0.999939 -0.00013687 -0.011031 0.000206305 0.99998 0.00633707 0.0110307 -0.00633915 0.999919 0.660384 0.0870218 0.663461
FixedParameters: 0 0 0

#Transform 154
Transform: AffineTransform_float_3_3
Parameters: 0.999945 -0.00151753 -0.0103181 0.00157836 0.999981 0.00591612 0.0103092 -0.00593171 0.999929 0.705143 0.0601497 0.583322
FixedParameters: 0 0 0

#Transform 155
Transform: AffineTransform_float_3_3
Parameters: 0.999944 -0.000898834 -0.01054 0.000966919 0.999979 0.00645613 0.0105333 -0.00646556 0.999924 0.640607 0.116974 0.695635
FixedParameters: 0 0 0

#Transform 156
Transform: AffineTransform_float_3_3
Parameters: 0.999953 -0.00180785 -0.00957618 0.00186317 0.999982 0.00572112 0.00956642 -0.00573825 0.999938 0.691036 0.124484 0.62216
FixedParameters: 0 0 0

#Transform 157
Transform: AffineTransform_float_3_3
Parameters: 0.999958 -0.00179559 -0.00890619 0.00185203 0.999979 0.00631968 0.00889509 -0.00633538 0.999941 0.723323 0.0758646 0.576385
FixedParameters: 0 0 0

#Transform 158
Transform: AffineTransform_float_3_3
Parameters: 0.999955 -0.00237768 -0.00925874 0.00243925 0.999975 0.0066252 0.00924258 -0.00664756 0.999935 0.721407 0.0322994 0.710369
FixedParameters: 0 0 0

#Transform 159
Transform: AffineTransform_float_3_3
Parameters: 0.999955 -0.00233469 -0.00912433 0.00238302 0.999983 0.00535733 0.0091118 -0.00537943 0.999944 0.751475 0.0933692 0.579459
FixedParameters: 0 0 0

#Transform 160
Transform: AffineTransform_float_3_3
Parameters: 0.999953 -0.00284686 -0.00932572 0.00290687 0.999976 0.00638837 0.00930719 -0.0064154 0.999936 0.792058 0.0117007 0.684803
FixedParameters: 0 0 0

#Transform 161
Transform: AffineTransform_float_3_3
Parameters: 0.999895 -0.00138676 -0.0144263 0.00147277 0.999981 0.00596231 0.0144176 -0.00598314 0.999878 0.863721 0.0358705 0.993586
FixedParameters: 0 0 0

#Transform 162
Transform: AffineTransform_float_3_3
Parameters: 0.999927 -0.0025518 -0.0118623 0.00259329 0.99999 0.00348366 0.0118531 -0.00351415 0.999924 1.01965 -0.180627 0.705411
FixedParameters: 0 0 0

#Transform 163
Transform: AffineTransform_float_3_3
Parameters: 0.999957 -0.00568358 -0.00740491 0.00567943 0.999984 -0.00061142 0.00740892 0.000569325 0.999972 1.12848 -0.259191 0.452977
FixedParameters: 0 0 0

#Transform 164
Transform: AffineTransform_float_3_3
Parameters: 0.999944 -0.00716566 -0.00781342 0.00716973 0.999974 0.000516948 0.00781012 -0.000573261 0.999969 1.3123 -0.597331 0.455647
FixedParameters: 0 0 0

#Transform 165
Transform: AffineTransform_float_3_3
Parameters: 0.999923 -0.00444488 -0.0115314 0.00443937 0.99999 -0.000513019 0.0115338 0.000461445 0.999933 0.958833 -0.316167 -0.126776
FixedParameters: 0 0 0

#Transform 166
Transform: AffineTransform_float_3_3
Parameters: 0.999965 0.000673853 -0.00825029 -0.000642276 0.999992 0.00376756 0.00825295 -0.00376173 0.999959 0.482826 -0.111017 0.325808
FixedParameters: 0 0 0

#Transform 167
Transform: AffineTransform_float_3_3
Parameters: 0.999952 0.000838408 -0.00977557 -0.000792636 0.999989 0.00468704 0.00977977 -0.00467988 0.999941 0.490982 0.0802417 0.34616
FixedParameters: 0 0 0

#Transform 168
Transform: AffineTransform_float_3_3
Parameters: 0.999963 -0.00175216 -0.00849473 0.00177575 0.999994 0.00278006 0.00848982 -0.00279452 0.99996 0.501551 0.0748553 0.324681
FixedParameters: 0 0 0

#Transform 169
Transform: AffineTransform_float_3_3
Parameters: 0.999974 -0.00218042 -0.00679551 0.00218997 0.999997 0.00132282 0.00679259 -0.00133806 0.999976 0.488632 0.133626 0.346487
FixedParameters: 0 0 0

#Transform 170
Transform: AffineTransform_float_3_3
Parameters: 0.999974 0.000392081 -0.00711564 -0.00037439 0.999997 0.00254307 0.00711646 -0.00254083 0.999972 0.376983 0.179189 0.38808
FixedParameters: 0 0 0

#Transform 171
Transform: AffineTransform_float_3_3
Parameters: 0.999966 1.13671e-05 -0.00823349 1.32303e-05 0.999996 0.00296236 0.00823431 -0.00296247 0.999962 0.383075 0.142026 0.368504
FixedParameters: 0 0 0

#Transform 172
Transform: AffineTransform_float_3_3
Parameters: 0.999969 -0.000188198 -0.00788707 0.000215482 0.999994 0.00340069 0.00788623 -0.00340218 0.999963 0.37662 0.181934 0.268678
FixedParameters: 0 0 0

#Transform 173
Transform: AffineTransform_float_3_3
Parameters: 0.999967 -0.00077824 -0.00802182 0.000800802 0.999996 0.00280827 0.00801979 -0.00281507 0.999964 0.354948 0.212849 0.360829
FixedParameters: 0 0 0

#Transform 174
Transform: AffineTransform_float_3_3
Parameters: 0.999965 0.000899894 -0.00839083 -0.000866984 0.999992 0.0038807 0.0083938 -0.00387388 0.999958 0.326169 0.282313 0.448263
FixedParameters: 0 0 0

#Transform 175
Transform: AffineTransform_float_3_3
Parameters: 0.999965 0.000936146 -0.00828489 -0.000913135 0.999996 0.0027424 0.00828691 -0.00273418 0.999962 0.313272 0.302712 0.409991
FixedParameters: 0 0 0

#Transform 176
Transform: AffineTransform_float_3_3
Parameters: 0.99997 0.000987672 -0.00758246 -0.00096341 0.999995 0.00313786 0.00758588 -0.00313082 0.999966 0.342107 0.255655 0.276006
FixedParameters: 0 0 0

#Transform 177
Transform: AffineTransform_float_3_3
Parameters: 0.999971 0.000751276 -0.00748941 -0.000734762 0.999997 0.00221531 0.0074909 -0.00220918 0.999969 0.343277 0.198224 0.418315
FixedParameters: 0 0 0

#Transform 178
Transform: AffineTransform_float_3_3
Parameters: 0.999968 -0.00135767 -0.00797265 0.00135063 0.999999 -0.000817873 0.00797388 0.00080712 0.999968 0.720105 0.211145 0.235199
FixedParameters: 0 0 0

#Transform 179
Transform: AffineTransform_float_3_3
Parameters: 0.999969 -0.000745045 -0.00792317 0.000750437 1 0.000684206 0.00792186 -0.000690125 0.999968 0.568607 0.245064 0.455472
FixedParameters: 0 0 0

#Transform 180
Transform: AffineTransform_float_3_3
Parameters: 0.999978 -0.000750408 -0.00662618 0.000755032 0.999999 0.000733723 0.00662574 -0.000738662 0.999977 0.597531 0.202778 0.310631
FixedParameters: 0 0 0

#Transform 181
Transform: AffineTransform_float_3_3
Parameters: 0.999972 -0.000986715 -0.00732075 0.00100454 0.999997 0.00238408 0.00731866 -0.00239129 0.99997 0.527092 0.171519 0.416192
FixedParameters: 0 0 0

#Transform 182
Transform: AffineTransform_float_3_3
Parameters: 0.999965 -0.00071108 -0.00826779 0.000738348 0.999994 0.00339223 0.00826532 -0.00339848 0.99996 0.53487 0.151497 0.474383
FixedParameters: 0 0 0

#Transform 183
Transform: AffineTransform_float_3_3
Parameters: 0.99994 0.00024665 -0.0109591 -0.000239365 1 0.000695542 0.0109588 -0.000692401 0.999939 0.434032 0.3549 0.32768
FixedParameters: 0 0 0

#Transform 184
Transform: AffineTransform_float_3_3
Parameters: 0.999961 -0.000699987 -0.00880179 0.000729804 0.999993 0.00345826 0.008799 -0.00346444 0.999956 0.499699 0.293443 0.430576
FixedParameters: 0 0 0

#Transform 185
Transform: AffineTransform_float_3_3
Parameters: 0.999949 -0.00179432 -0.00996172 0.00181389 0.999997 0.00193086 0.00995803 -0.00194881 0.999949 0.599922 0.376639 0.411592
FixedParameters: 0 0 0

#Transform 186
Transform: AffineTransform_float_3_3
Parameters: 0.999957 -0.00176601 -0.00908809 0.0017766 0.999998 0.00118778 0.00908552 -0.00120373 0.999958 0.573224 0.410339 0.287439
FixedParameters: 0 0 0

#Transform 187
Transform: AffineTransform_float_3_3
Parameters: 0.999965 -0.00182921 -0.00816475 0.00185571 0.999993 0.00316571 0.0081596 -0.00317991 0.999962 0.513884 0.3194 0.395095
FixedParameters: 0 0 0

#Transform 188
Transform: AffineTransform_float_3_3
Parameters: 0.999958 -0.00207954 -0.00890886 0.00209684 0.999996 0.00194006 0.00890558 -0.00195859 0.999958 0.592224 0.340695 0.306644
FixedParameters: 0 0 0

#Transform 189
Transform: AffineTransform_float_3_3
Parameters: 0.999968 -0.00279089 -0.00757653 0.00280345 0.999995 0.0016716 0.00757257 -0.00169287 0.99997 0.529776 0.39208 0.281371
