#Insight Transform File V1.0
#Transform 0
Transform: AffineTransform_float_3_3
Parameters: 1 -0.000483628 0.000390018 0.000483917 0.999999 0.00117419 -0.000390415 -0.00117381 0.999999 0.000817281 -0.0303509 -0.073205
FixedParameters: 0 0 0

#Transform 1
Transform: AffineTransform_float_3_3
Parameters: 1 0.000315075 -8.40712e-05 -0.000315175 1 -0.000599973 8.3693e-05 0.000600026 1 0.00331575 0.100845 0.0696358
FixedParameters: 0 0 0

#Transform 2
Transform: AffineTransform_float_3_3
Parameters: 1 0.000439535 -0.000139636 -0.000439638 1 -0.000370939 0.00013931 0.000371061 1 -0.00513828 -0.0124203 0.1003
FixedParameters: 0 0 0

#Transform 3
Transform: AffineTransform_float_3_3
Parameters: 0.999999 0.000733811 -0.00010083 -0.000734012 0.999999 -0.00100315 9.93578e-05 0.00100285 0.999999 0.00103643 0.0292722 0.0257178
FixedParameters: 0 0 0

#Transform 4
Transform: AffineTransform_float_3_3
Parameters: 1 0.000481782 -0.000246354 -0.000481855 1 -0.000147881 0.000246212 0.000148119 1 -0.00678006 -0.0219741 0.0605146
FixedParameters: 0 0 0

#Transform 5
Transform: AffineTransform_float_3_3
Parameters: 0.999999 0.00120242 -0.000239188 -0.00120253 0.999999 -0.00071794 0.000238434 0.00071806 0.999999 -0.0115592 0.0425029 -0.0169121
FixedParameters: 0 0 0

#Transform 6
Transform: AffineTransform_float_3_3
Parameters: 0.999999 0.000767277 -0.000312125 -0.000767569 0.999999 -0.00046876 0.000311405 0.000469239 1 -0.0110116 0.0216952 0.0741489
FixedParameters: 0 0 0

#Transform 7
Transform: AffineTransform_float_3_3
Parameters: 1 0.00114345 -0.000330394 -0.00114363 1 -0.000278849 0.000329756 0.00027915 1 -0.0172422 0.0479255 -0.00642026
FixedParameters: 0 0 0

#Transform 8
Transform: AffineTransform_float_3_3
Parameters: 0.999999 0.00122853 -0.000472582 -0.00122905 0.999999 -0.000559647 0.000471206 0.000560352 1 -0.0377284 0.0284207 0.0687111
FixedParameters: 0 0 0

#Transform 9
Transform: AffineTransform_float_3_3
Parameters: 0.999999 0.00126207 -0.000504587 -0.00126209 0.999999 -1.45902e-05 0.000504549 1.54098e-05 1 -0.0379673 0.0427606 -0.00722498
FixedParameters: 0 0 0

#Transform 10
Transform: AffineTransform_float_3_3
Parameters: 0.999999 0.00113108 -0.000484215 -0.00113148 0.999999 -0.000651679 0.000483712 0.00065232 0.999999 -0.0357895 0.046669 0.042998
FixedParameters: 0 0 0

#Transform 11
Transform: AffineTransform_float_3_3
Parameters: 0.999999 0.00125109 -0.000319038 -0.00125117 0.999999 -0.000125828 0.000318723 0.000126172 1 -0.0398431 0.0306918 -0.00199753
FixedParameters: 0 0 0

#Transform 12
Transform: AffineTransform_float_3_3
Parameters: 1 0.001089 -0.000449562 -0.00108947 0.999999 -0.000789738 0.000448814 0.000790262 0.999999 -0.0133419 0.0543755 0.0281114
FixedParameters: 0 0 0

#Transform 13
Transform: AffineTransform_float_3_3
Parameters: 1 0.00111296 -0.000341675 -0.00111298 1 -0.000359847 0.000341846 0.000360154 1 -0.0372144 0.0202147 0.0154393
FixedParameters: 0 0 0

#Transform 14
Transform: AffineTransform_float_3_3
Parameters: 0.999999 0.000882904 -0.000387712 -0.000882814 0.999999 0.000116342 0.000387917 -0.000115658 1 -0.00849884 0.0781638 0.0416963
FixedParameters: 0 0 0

#Transform 15
Transform: AffineTransform_float_3_3
Parameters: 1 0.00107001 -0.000392 -0.0010693 0.999999 -0.000335754 0.000391049 0.000335246 1 -0.0369817 0.037238 0.0108954
FixedParameters: 0 0 0

#Transform 16
Transform: AffineTransform_float_3_3
Parameters: 1 0.00118994 -0.000201383 -0.00119005 0.999999 -0.000858042 0.000200312 0.000858957 0.999999 -0.0383706 0.0802575 0.02084
FixedParameters: 0 0 0

#Transform 17
Transform: AffineTransform_float_3_3
Parameters: 0.999999 0.00138261 -0.000507937 -0.00138247 0.999999 -9.45249e-05 0.000508647 9.54764e-05 1 -0.0423658 0.0282695 0.0160265
FixedParameters: 0 0 0

#Transform 18
Transform: AffineTransform_float_3_3
Parameters: 0.999999 0.00141264 -0.000519703 -0.0014128 0.999999 -0.000380493 0.000519599 0.000381507 1 -0.0382423 0.0783336 -0.000292633
FixedParameters: 0 0 0

#Transform 19
Transform: AffineTransform_float_3_3
Parameters: 0.999999 0.00115562 -0.000656273 -0.00115576 0.999999 -0.000286414 0.000656584 0.000286587 1 -0.0272163 0.0221015 0.0171804
FixedParameters: 0 0 0

#Transform 20
Transform: AffineTransform_float_3_3
Parameters: 0.999999 0.00141256 -0.000519921 -0.00141288 0.999998 -0.000534438 0.000519383 0.000534562 1 -0.0332052 0.0582035 -0.0129782
FixedParameters: 0 0 0

#Transform 21
Transform: AffineTransform_float_3_3
Parameters: 0.999998 0.00130868 -0.000953549 -0.0013083 0.999999 0.000203075 0.000954079 -0.000201924 0.999999 -0.0491843 0.0349256 0.0386713
FixedParameters: 0 0 0

#Transform 22
Transform: AffineTransform_float_3_3
Parameters: 0.999999 0.00141276 -0.000519387 -0.00141292 0.999999 -0.000156493 0.000518943 0.000157506 1 -0.0387122 0.0663735 -0.0137873
FixedParameters: 0 0 0

#Transform 23
Transform: AffineTransform_float_3_3
Parameters: 0.999999 0.00104866 -0.000788275 -0.00104956 0.999999 -0.000573346 0.000787071 0.000573653 0.999999 -0.0280158 0.0547328 0.0352363
FixedParameters: 0 0 0

#Transform 24
Transform: AffineTransform_float_3_3
Parameters: 0.999999 0.00141264 -0.000519716 -0.00141281 0.999999 -0.000389493 0.000519587 0.000390507 1 -0.0385323 0.0608272 -0.0151294
FixedParameters: 0 0 0

#Transform 25
Transform: AffineTransform_float_3_3
Parameters: 0.999999 0.00110737 -0.000638625 -0.00110763 1 -0.00038152 0.000638751 0.000382481 1 -0.031835 0.0486959 0.034772
FixedParameters: 0 0 0

#Transform 26
Transform: AffineTransform_float_3_3
Parameters: 0.999999 0.00141289 -0.000519038 -0.00141279 0.999999 9.05609e-05 0.000519294 -9.04389e-05 1 -0.0255325 0.0355469 -0.00457393
FixedParameters: 0 0 0

#Transform 27
Transform: AffineTransform_float_3_3
Parameters: 0.999999 0.00112742 -0.000721799 -0.00112795 0.999999 -0.000525413 0.000721585 0.000526587 0.999999 -0.0113286 0.0616085 0.0247633
FixedParameters: 0 0 0

#Transform 28
Transform: AffineTransform_float_3_3
Parameters: 0.999999 0.00128283 -0.000495587 -0.00128241 0.999999 0.000423463 0.000496673 -0.000423536 1 -0.0165796 0.0653215 0.0265943
FixedParameters: 0 0 0

#Transform 29
Transform: AffineTransform_float_3_3
Parameters: 0.999999 0.00118584 -0.000525585 -0.00118663 0.999999 -0.000966377 0.000524264 0.000967623 1 -0.0192498 0.0829454 0.0286665
FixedParameters: 0 0 0

#Transform 30
Transform: AffineTransform_float_3_3
Parameters: 0.999999 0.00120924 -0.000552976 -0.00120959 0.999999 -0.000310558 0.000552224 0.000311441 1 -0.0365568 0.0294797 0.0288263
FixedParameters: 0 0 0

#Transform 31
Transform: AffineTransform_float_3_3
Parameters: 0.999999 0.00142088 -0.000485238 -0.00142138 0.999998 -0.000758538 0.000484054 0.000759461 0.999999 -0.0244647 0.0678219 0.0324392
FixedParameters: 0 0 0

#Transform 32
Transform: AffineTransform_float_3_3
Parameters: 0.999999 0.00142127 -0.000484086 -0.00142122 0.999999 5.25155e-05 0.000484235 -5.24843e-05 1 -0.0381116 0.0296739 0.0359529
FixedParameters: 0 0 0

#Transform 33
Transform: AffineTransform_float_3_3
Parameters: 0.999999 0.001384 -0.000638107 -0.00138472 0.999999 -0.000927517 0.000637483 0.000927484 0.999999 -0.0220162 0.0862254 0.0151015
FixedParameters: 0 0 0

#Transform 34
Transform: AffineTransform_float_3_3
Parameters: 0.999999 0.00102517 -0.000711264 -0.00102553 1 -0.000249498 0.000710752 0.000250502 0.999999 -0.0466111 0.04483 0.0508236
FixedParameters: 0 0 0

#Transform 35
Transform: AffineTransform_float_3_3
Parameters: 0.999998 0.00132261 -0.000892794 -0.00132378 0.999998 -0.000914765 0.000892316 0.000916236 1 -0.0321678 0.0882938 0.0180862
FixedParameters: 0 0 0

#Transform 36
Transform: AffineTransform_float_3_3
Parameters: 0.999999 0.00142112 -0.000484515 -0.00142136 0.999999 -0.000249484 0.000483806 0.000249515 1 -0.038639 0.0482684 0.0561026
FixedParameters: 0 0 0

#Transform 37
Transform: AffineTransform_float_3_3
Parameters: 0.999999 0.00140727 -0.000541692 -0.00140791 0.999998 -0.00080541 0.000540396 0.000805588 0.999999 -0.0266708 0.0860206 0.00454523
FixedParameters: 0 0 0

#Transform 38
Transform: AffineTransform_float_3_3
Parameters: 0.999999 0.00123394 -0.000450119 -0.0012334 0.999999 -0.000477672 0.000448706 0.000478327 1 -0.0458218 0.0458977 0.0436476
FixedParameters: 0 0 0

#Transform 39
Transform: AffineTransform_float_3_3
Parameters: 0.999999 0.00142006 -0.000488765 -0.00142032 0.999999 -0.000503533 0.000488306 0.000504467 1 -0.0305523 0.085103 0.00988152
FixedParameters: 0 0 0

#Transform 40
Transform: AffineTransform_float_3_3
Parameters: 0.999999 0.00136687 -0.000710168 -0.0013673 0.999999 -0.000305202 0.000709332 0.000305797 1 -0.051579 0.0574408 0.0391671
FixedParameters: 0 0 0

#Transform 41
Transform: AffineTransform_float_3_3
Parameters: 0.999999 0.00141976 -0.000489661 -0.0014204 0.999999 -0.00113453 0.000488383 0.00113547 1 -0.0349842 0.094354 0.0222491
FixedParameters: 0 0 0

#Transform 42
Transform: AffineTransform_float_3_3
Parameters: 1 0.000946686 -0.000546638 -0.000947172 1 0.000444291 0.000547712 -0.000443709 1 -0.0260585 0.0658289 0.0834775
FixedParameters: 0 0 0

#Transform 43
Transform: AffineTransform_float_3_3
Parameters: 0.999999 0.00138599 -0.000630087 -0.00138647 0.999998 -0.000752354 0.000629944 0.000753646 0.999999 -0.0328007 0.0938913 0.0203403
FixedParameters: 0 0 0

#Transform 44
Transform: AffineTransform_float_3_3
Parameters: 0.999999 0.00105843 -0.000730817 -0.00105885 0.999999 -0.000448399 0.00073084 0.000448601 1 -0.0438116 0.0520852 0.0722563
FixedParameters: 0 0 0

#Transform 45
Transform: AffineTransform_float_3_3
Parameters: 0.999999 0.0014201 -0.000488657 -0.00142029 0.999999 -0.000427533 0.000488414 0.000428467 1 -0.0339766 0.0757226 0.00170263
FixedParameters: 0 0 0

#Transform 46
Transform: AffineTransform_float_3_3
Parameters: 0.999999 0.00106214 -0.000831934 -0.00106213 1 3.71113e-06 0.000831941 -3.28887e-06 1 -0.0306458 0.0601754 0.0698647
FixedParameters: 0 0 0

#Transform 47
Transform: AffineTransform_float_3_3
Parameters: 0.999999 0.00138357 -0.000640439 -0.00138398 0.999999 -0.000505287 0.000640012 0.000505713 1 -0.0342255 0.0741079 0.00608892
FixedParameters: 0 0 0

#Transform 48
Transform: AffineTransform_float_3_3
Parameters: 1 0.000658724 -0.000817808 -0.000657846 1 0.000679366 0.00081773 -0.000679634 0.999999 -0.027559 0.0574941 0.0851923
FixedParameters: 0 0 0

#Transform 49
Transform: AffineTransform_float_3_3
Parameters: 0.999999 0.00139504 -0.000340551 -0.00139504 0.999999 -0.000330752 0.0003406 0.000331248 1 -0.03782 0.0962562 -0.00412775
FixedParameters: 0 0 0

#Transform 50
Transform: AffineTransform_float_3_3
Parameters: 0.999999 0.00106779 -0.000653095 -0.00106841 0.999999 -0.00065453 0.000652668 0.00065547 0.999999 -0.0401213 0.0489393 0.0574416
FixedParameters: 0 0 0

#Transform 51
Transform: AffineTransform_float_3_3
Parameters: 0.999999 0.0012781 -0.000826789 -0.00127853 0.999999 -0.000402116 0.000826732 0.000402884 0.999999 -0.0260096 0.0654112 -0.00818617
FixedParameters: 0 0 0

#Transform 52
Transform: AffineTransform_float_3_3
Parameters: 0.999999 0.00106513 -0.000690218 -0.0010657 0.999999 -0.000416437 0.000689331 0.000416562 1 -0.0282673 0.0446188 0.0704103
FixedParameters: 0 0 0

#Transform 53
Transform: AffineTransform_float_3_3
Parameters: 0.999998 0.00141093 -0.00084805 -0.0014112 0.999999 -0.00015403 0.000847612 0.000155969 0.999999 -0.0239073 0.0736531 -0.00749497
FixedParameters: 0 0 0

#Transform 54
Transform: AffineTransform_float_3_3
Parameters: 0.999999 0.00127297 -0.00084753 -0.00127385 0.999999 -0.000656093 0.00084683 0.000656906 0.999999 -0.040173 0.0733019 0.0658412
FixedParameters: 0 0 0

#Transform 55
Transform: AffineTransform_float_3_3
Parameters: 0.999999 0.00133163 -0.000604647 -0.00133169 0.999999 -5.44218e-05 0.0006045 5.5578e-05 1 -0.0338516 0.0709462 -0.0059886
FixedParameters: 0 0 0

#Transform 56
Transform: AffineTransform_float_3_3
Parameters: 0.999999 0.00120948 -0.000675155 -0.00121018 0.999999 -0.000863356 0.00067501 0.000863644 0.999999 -0.0308984 0.0801575 0.0388264
FixedParameters: 0 0 0

#Transform 57
Transform: AffineTransform_float_3_3
Parameters: 0.999999 0.00134577 -0.000545582 -0.00134603 0.999999 -0.000239493 0.000544936 0.000240507 1 -0.0427299 0.0519007 0.0152983
FixedParameters: 0 0 0

#Transform 58
Transform: AffineTransform_float_3_3
Parameters: 0.999999 0.00113708 -0.000754721 -0.00113757 1 -0.000329369 0.00075397 0.000330631 0.999999 -0.0107592 0.0961111 0.054683
FixedParameters: 0 0 0

#Transform 59
Transform: AffineTransform_float_3_3
Parameters: 0.999999 0.00126266 -0.000892252 -0.00126246 0.999999 0.000113954 0.000892539 -0.000113046 0.999999 -0.0302066 0.0615502 0.040127
FixedParameters: 0 0 0

#Transform 60
Transform: AffineTransform_float_3_3
Parameters: 0.999999 0.00136722 -0.00045601 -0.00136777 0.999998 -0.000863603 0.000454619 0.000864395 0.999999 -0.0370137 0.0755651 0.0455972
FixedParameters: 0 0 0

#Transform 61
Transform: AffineTransform_float_3_3
Parameters: 0.999999 0.00137335 -0.000430837 -0.00137354 0.999999 -0.000230581 0.000430204 0.000230419 1 -0.0373705 0.0680994 0.0332587
FixedParameters: 0 0 0

#Transform 62
Transform: AffineTransform_float_3_3
Parameters: 0.999999 0.00130896 -0.000697932 -0.00130977 0.999998 -0.000750259 0.000696939 0.00075074 0.999999 -0.0331767 0.0881666 0.0299822
FixedParameters: 0 0 0

#Transform 63
Transform: AffineTransform_float_3_3
Parameters: 0.999999 0.00123292 -0.000595684 -0.00123305 0.999999 -0.000303493 0.000595907 0.000304508 1 -0.0330542 0.0548266 0.0185664
FixedParameters: 0 0 0

#Transform 64
Transform: AffineTransform_float_3_3
Parameters: 0.999999 0.00133887 -0.000573642 -0.00133939 0.999998 -0.000863404 0.000573274 0.000863595 0.999999 -0.0306717 0.0895793 0.0375403
FixedParameters: 0 0 0

#Transform 65
Transform: AffineTransform_float_3_3
Parameters: 0.999999 0.00137099 -0.000440607 -0.00137123 0.999999 -0.000264623 0.00043988 0.000265376 1 -0.0483239 0.0466273 0.0786512
FixedParameters: 0 0 0

#Transform 66
Transform: AffineTransform_float_3_3
Parameters: 0.999999 0.00144297 -0.000457827 -0.00144316 0.999999 -0.000213566 0.000457209 0.000214433 1 -0.0382905 0.0777737 -0.0048173
FixedParameters: 0 0 0

#Transform 67
Transform: AffineTransform_float_3_3
Parameters: 0.999999 0.00126479 -0.000882824 -0.001265 0.999999 -0.000120056 0.000882519 0.000120944 0.999999 -0.0389812 0.0573908 0.0721641
FixedParameters: 0 0 0

#Transform 68
Transform: AffineTransform_float_3_3
Parameters: 0.999998 0.00146455 -0.000748402 -0.0014651 0.999999 -0.000519131 0.000747851 0.000520869 0.999999 -0.0353323 0.0839803 -0.00219909
FixedParameters: 0 0 0

#Transform 69
Transform: AffineTransform_float_3_3
Parameters: 0.999999 0.00118762 -0.000775265 -0.00118808 0.999999 -0.000449306 0.000775168 0.000450694 0.999999 -0.0301543 0.0692814 0.0693071
FixedParameters: 0 0 0

#Transform 70
Transform: AffineTransform_float_3_3
Parameters: 0.999999 0.00129264 -0.000766435 -0.00129317 0.999999 -0.000346236 0.000765538 0.000347763 0.999999 -0.0321152 0.0691631 0.00741076
FixedParameters: 0 0 0

#Transform 71
Transform: AffineTransform_float_3_3
Parameters: 0.999999 0.00137097 -0.000440671 -0.00137125 0.999999 -0.000311623 0.000439816 0.000312376 1 -0.0372428 0.0728293 0.0874309
FixedParameters: 0 0 0

#Transform 72
Transform: AffineTransform_float_3_3
Parameters: 0.999999 0.00137084 -0.000441075 -0.00137138 0.999999 -0.000606622 0.000439411 0.000607376 0.999999 -0.0371446 0.114049 -0.00729232
FixedParameters: 0 0 0

#Transform 73
Transform: AffineTransform_float_3_3
Parameters: 0.999999 0.0011177 -0.000795876 -0.0011177 0.999999 -0.000757283 0.000794922 0.000757716 0.999999 -0.0368363 0.0967665 0.0748042
FixedParameters: 0 0 0

#Transform 74
Transform: AffineTransform_float_3_3
Parameters: 0.999999 0.00130977 -0.000695347 -0.00131013 0.999999 -0.000261262 0.000694662 0.000261738 1 -0.0331734 0.0999353 0.00804217
FixedParameters: 0 0 0

#Transform 75
Transform: AffineTransform_float_3_3
Parameters: 0.999999 0.000893758 -0.000325397 -0.000893829 0.999999 0.000251291 0.000324873 -0.00025071 1 -0.0127848 0.100895 0.0935686
FixedParameters: 0 0 0

#Transform 76
Transform: AffineTransform_float_3_3
Parameters: 0.999999 0.00124554 -0.000731401 -0.00124599 0.999999 -0.000308261 0.000730633 0.000308738 1 -0.0222795 0.10647 0.00951796
FixedParameters: 0 0 0

#Transform 77
Transform: AffineTransform_float_3_3
Parameters: 0.999999 0.00106149 -0.000782058 -0.00106209 0.999999 -0.000535342 0.000781893 0.000535658 0.999999 -0.0456997 0.0918366 0.0745565
FixedParameters: 0 0 0

#Transform 78
Transform: AffineTransform_float_3_3
Parameters: 0.999999 0.00126957 -0.000861953 -0.00127025 0.999999 -0.000530078 0.000861578 0.000530922 0.999999 -0.040059 0.103968 -0.00885811
FixedParameters: 0 0 0

#Transform 79
Transform: AffineTransform_float_3_3
Parameters: 0.999999 0.00127413 -0.000843312 -0.0012748 0.999999 -0.000398098 0.000842297 0.000398901 0.999999 -0.0541881 0.119027 0.0784858
FixedParameters: 0 0 0

#Transform 80
Transform: AffineTransform_float_3_3
Parameters: 0.999999 0.00132082 -0.000649006 -0.00132149 0.999999 -0.00051137 0.000647654 0.000512629 0.999999 -0.0701501 0.110461 0.0353072
FixedParameters: 0 0 0

#Transform 81
Transform: AffineTransform_float_3_3
Parameters: 0.999999 0.00127095 -0.000856162 -0.00127168 0.999999 -0.000563084 0.000855701 0.000563915 0.999999 -0.0515702 0.11256 0.0409007
FixedParameters: 0 0 0

#Transform 82
Transform: AffineTransform_float_3_3
Parameters: 0.999999 0.00126232 -0.00089402 -0.00126187 0.999999 0.000253956 0.00089466 -0.000253043 0.999999 -0.0663407 0.0736129 0.0778492
FixedParameters: 0 0 0

#Transform 83
Transform: AffineTransform_float_3_3
Parameters: 0.999999 0.0012577 -0.000913406 -0.00125715 0.999999 0.000303976 0.000914169 -0.000303023 0.999999 -0.0464466 0.128244 0.0579881
FixedParameters: 0 0 0

#Transform 84
Transform: AffineTransform_float_3_3
Parameters: 0.999998 0.00124106 -0.00098391 -0.0012409 0.999999 0.000694049 0.000984892 -0.000692951 0.999999 -0.0511881 0.0887348 0.104714
FixedParameters: 0 0 0

#Transform 85
Transform: AffineTransform_float_3_3
Parameters: 0.999998 0.00143652 -0.00074445 -0.00143774 0.999999 -0.000974385 0.00074262 0.000975614 0.999999 -0.039771 0.102306 -0.000701999
FixedParameters: 0 0 0

#Transform 86
Transform: AffineTransform_float_3_3
Parameters: 0.999999 0.00126767 -0.000869769 -0.00126842 0.999999 -0.00056007 0.00086932 0.00056093 0.999999 -0.0471783 0.0867941 0.0721917
FixedParameters: 0 0 0

#Transform 87
Transform: AffineTransform_float_3_3
Parameters: 0.999999 0.00129065 -0.000776753 -0.00129077 0.999999 0.00069983 0.00077782 -0.000699169 0.999999 -0.0374492 0.0834327 0.0359643
FixedParameters: 0 0 0

#Transform 88
Transform: AffineTransform_float_3_3
Parameters: 0.999999 0.000757861 -0.0012448 -0.000757594 1 0.000497998 0.00124579 -0.000497002 0.999999 -0.0118322 0.112544 0.0904271
FixedParameters: 0 0 0

#Transform 89
Transform: AffineTransform_float_3_3
Parameters: 0.999999 0.00131316 -0.000681497 -0.00131327 0.999999 -8.02776e-05 0.000681286 8.07222e-05 1 -0.0357566 0.0669522 0.0296555
FixedParameters: 0 0 0

#Transform 90
Transform: AffineTransform_float_3_3
Parameters: 0.999999 0.00130533 -0.000712733 -0.00130617 0.999998 -0.000917242 0.000712281 0.000917757 0.999999 -0.0385419 0.108816 0.0304631
FixedParameters: 0 0 0

#Transform 91
Transform: AffineTransform_float_3_3
Parameters: 0.999999 0.00128702 -0.00078978 -0.00128758 0.999999 -0.00035421 0.000788867 0.000355789 0.999999 -0.0553913 0.0626988 0.0813897
FixedParameters: 0 0 0

#Transform 92
Transform: AffineTransform_float_3_3
Parameters: 0.999998 0.00152054 -0.000729216 -0.00152129 0.999999 -0.000669291 0.000728152 0.000669709 0.999999 -0.0441845 0.110884 0.0242814
FixedParameters: 0 0 0

#Transform 93
Transform: AffineTransform_float_3_3
Parameters: 0.999998 0.00143794 -0.00077005 -0.00143803 0.999999 -5.80652e-05 0.000769881 5.89346e-05 1 -0.0582509 0.0899917 0.107383
FixedParameters: 0 0 0

#Transform 94
Transform: AffineTransform_float_3_3
Parameters: 0.999998 0.00122622 -0.00104399 -0.00122606 0.999999 7.71076e-05 0.00104418 -7.58922e-05 0.999999 -0.0555735 0.108651 0.0261929
FixedParameters: 0 0 0

#Transform 95
Transform: AffineTransform_float_3_3
Parameters: 0.999998 0.0013477 -0.0010718 -0.00134694 0.999999 0.000918273 0.00107353 -0.000916728 0.999999 -0.0734737 0.10065 0.1285
FixedParameters: 0 0 0

#Transform 96
Transform: AffineTransform_float_3_3
Parameters: 0.999999 0.00153254 -0.000932147 -0.00153299 0.999999 -0.000366971 0.000931993 0.00036803 0.999999 -0.0741971 0.0933805 0.0327764
FixedParameters: 0 0 0

#Transform 97
Transform: AffineTransform_float_3_3
Parameters: 0.999999 0.00148573 -0.00110646 -0.00148579 0.999999 -2.65286e-05 0.00110637 2.84713e-05 0.999999 -0.0613714 0.129571 0.0771835
FixedParameters: 0 0 0

#Transform 98
Transform: AffineTransform_float_3_3
Parameters: 0.999998 0.0014435 -0.000871128 -0.00144358 0.999999 -4.99695e-05 0.00087098 5.20303e-05 0.999999 -0.0701984 0.0794177 0.0933643
FixedParameters: 0 0 0

#Transform 99
Transform: AffineTransform_float_3_3
Parameters: 0.999997 0.00177023 -0.0012256 -0.0017718 0.999998 -0.000736948 0.00122396 0.00073905 0.999999 -0.0651027 0.100911 0.0295837
FixedParameters: 0 0 0

#Transform 100
Transform: AffineTransform_float_3_3
Parameters: 0.999998 0.0016935 -0.0012465 -0.00169322 0.999998 -0.000371235 0.00124598 0.000372766 0.999999 -0.0861704 0.0844789 0.10649
FixedParameters: 0 0 0

#Transform 101
Transform: AffineTransform_float_3_3
Parameters: 0.999998 0.00168033 -0.000924132 -0.00168143 0.999998 -0.000719847 0.000922682 0.000721152 0.999999 -0.0876579 0.110681 0.0349575
FixedParameters: 0 0 0

#Transform 102
Transform: AffineTransform_float_3_3
Parameters: 0.999999 0.00145272 -0.00102487 -0.00145301 0.999999 -0.000255684 0.0010251 0.000257317 0.999999 -0.0761002 0.0964228 0.10404
FixedParameters: 0 0 0

#Transform 103
Transform: AffineTransform_float_3_3
Parameters: 0.999999 0.0011771 -0.00125358 -0.00117531 0.999998 0.00128436 0.00125489 -0.00128364 0.999998 -0.0561734 0.109601 0.0530683
FixedParameters: 0 0 0

#Transform 104
Transform: AffineTransform_float_3_3
Parameters: 0.999998 0.00158924 -0.00103423 -0.00158977 0.999999 -0.000366701 0.00103404 0.000367299 0.999999 -0.0659432 0.121139 0.0657766
FixedParameters: 0 0 0

#Transform 105
Transform: AffineTransform_float_3_3
Parameters: 0.999999 0.00144358 -0.00106897 -0.00144285 0.999998 0.000341425 0.00106995 -0.000340574 0.999999 -0.065324 0.069119 0.0680874
FixedParameters: 0 0 0

#Transform 106
Transform: AffineTransform_float_3_3
Parameters: 0.999999 0.00129936 -0.000737786 -0.00130023 0.999999 -0.000746268 0.000736817 0.000747731 0.999999 -0.0570725 0.11236 0.0392018
FixedParameters: 0 0 0

#Transform 107
Transform: AffineTransform_float_3_3
Parameters: 0.999999 0.00128245 -0.000810267 -0.00128188 0.999999 0.000350866 0.000811166 -0.000350133 1 -0.0632416 0.0728028 0.094693
FixedParameters: 0 0 0

#Transform 108
Transform: AffineTransform_float_3_3
Parameters: 0.999999 0.00157923 -0.000946937 -0.00158019 0.999999 -0.000630904 0.000945914 0.000632095 0.999999 -0.0667884 0.114051 0.0291519
FixedParameters: 0 0 0

#Transform 109
Transform: AffineTransform_float_3_3
Parameters: 0.999999 0.00129588 -0.000753459 -0.00129601 0.999999 -8.62506e-05 0.000753233 8.77492e-05 0.999999 -0.0641325 0.102018 0.108077
FixedParameters: 0 0 0

#Transform 110
Transform: AffineTransform_float_3_3
Parameters: 0.999998 0.00166254 -0.00106373 -0.00166256 0.999999 -0.000119631 0.0010643 0.00012137 0.999999 -0.0669957 0.0982616 0.0180104
FixedParameters: 0 0 0

#Transform 111
Transform: AffineTransform_float_3_3
Parameters: 0.999999 0.0012553 -0.000924531 -0.00125515 0.999999 0.000736988 0.000925641 -0.000736011 0.999999 -0.0491882 0.118344 0.120939
FixedParameters: 0 0 0

#Transform 112
Transform: AffineTransform_float_3_3
Parameters: 0.999999 0.0015531 -0.00080939 -0.00155356 0.999998 0.000317085 0.000810606 -0.000315914 1 -0.0678718 0.103678 0.0623087
FixedParameters: 0 0 0

#Transform 113
Transform: AffineTransform_float_3_3
Parameters: 0.999999 0.00163579 -0.000831293 -0.00163571 0.999998 -0.000816041 0.000830334 0.00081696 0.999999 -0.0623779 0.107304 0.0627612
FixedParameters: 0 0 0

#Transform 114
Transform: AffineTransform_float_3_3
Parameters: 0.999998 0.00119204 -0.00118977 -0.00119095 0.999998 0.000963527 0.00119132 -0.000962472 0.999999 -0.0721747 0.0871803 0.0973971
FixedParameters: 0 0 0

#Transform 115
Transform: AffineTransform_float_3_3
Parameters: 0.999998 0.00170576 -0.00106672 -0.00170572 0.999998 -0.000548581 0.00106559 0.000550419 0.999999 -0.0677096 0.135035 0.018297
FixedParameters: 0 0 0

#Transform 116
Transform: AffineTransform_float_3_3
Parameters: 0.999999 0.00135146 -0.000804771 -0.0013515 0.999999 -2.90849e-05 0.000804692 2.9915e-05 1 -0.0645525 0.104992 0.106452
FixedParameters: 0 0 0

#Transform 117
Transform: AffineTransform_float_3_3
Parameters: 0.999998 0.0016968 -0.000929312 -0.00169709 0.999999 -0.000280823 0.000929329 0.000282178 0.999999 -0.069044 0.11929 0.00701151
FixedParameters: 0 0 0

#Transform 118
Transform: AffineTransform_float_3_3
Parameters: 0.999998 0.00122943 -0.00103322 -0.00122872 0.999998 0.000928325 0.00103476 -0.000926674 0.999999 -0.0412609 0.128605 0.118897
FixedParameters: 0 0 0

#Transform 119
Transform: AffineTransform_float_3_3
Parameters: 0.999998 0.00160632 -0.000685344 -0.00160642 0.999999 -0.000243354 0.000685532 0.000244648 1 -0.0518854 0.101475 0.0515549
FixedParameters: 0 0 0

#Transform 120
Transform: AffineTransform_float_3_3
Parameters: 0.999998 0.00143245 -0.000950379 -0.0014321 0.999998 -0.000445812 0.000949839 0.000447188 0.999999 -0.0590041 0.120431 0.100524
FixedParameters: 0 0 0

#Transform 121
Transform: AffineTransform_float_3_3
Parameters: 0.999998 0.00145585 -0.000708413 -0.00145583 0.999999 1.48044e-05 0.000708454 -1.31956e-05 1 -0.0548701 0.10618 0.0427764
FixedParameters: 0 0 0

#Transform 122
Transform: AffineTransform_float_3_3
Parameters: 0.999999 0.00154178 -0.000992012 -0.00154136 0.999999 -0.000392871 0.000991538 0.00039413 0.999999 -0.0472327 0.123221 0.0676443
FixedParameters: 0 0 0

#Transform 123
Transform: AffineTransform_float_3_3
Parameters: 0.999998 0.00121189 -0.00110485 -0.00121219 0.999999 0.000412167 0.0011051 -0.000410834 0.999999 -0.057366 0.0822125 0.0845929
FixedParameters: 0 0 0

#Transform 124
Transform: AffineTransform_float_3_3
Parameters: 0.999998 0.00163123 -0.000999798 -0.00163153 0.999998 -0.000752769 0.000998079 0.00075423 0.999999 -0.0531745 0.134481 0.0213971
FixedParameters: 0 0 0

#Transform 125
Transform: AffineTransform_float_3_3
Parameters: 0.999999 0.00131015 -0.00116027 -0.00131046 0.999999 -0.000231652 0.00116063 0.000233348 0.999999 -0.0524105 0.0978407 0.115285
FixedParameters: 0 0 0

#Transform 126
Transform: AffineTransform_float_3_3
Parameters: 0.999998 0.00180927 -0.000992166 -0.00180965 0.999998 -0.000193604 0.000991462 0.000195395 0.999999 -0.0524391 0.112538 0.039145
FixedParameters: 0 0 0

#Transform 127
Transform: AffineTransform_float_3_3
Parameters: 0.999998 0.00117939 -0.00124087 -0.00117932 0.999999 0.000512519 0.00124134 -0.000510482 0.999999 -0.0357326 0.1306 0.126815
FixedParameters: 0 0 0

#Transform 128
Transform: AffineTransform_float_3_3
Parameters: 0.999999 0.0012776 -0.000830015 -0.0012774 0.999999 0.000116888 0.000830313 -0.000116112 1 -0.0649698 0.0952299 0.0789179
FixedParameters: 0 0 0

#Transform 129
Transform: AffineTransform_float_3_3
Parameters: 0.999997 0.00183774 -0.00106909 -0.00183889 0.999998 -0.000752208 0.00106826 0.000754793 1 -0.0595965 0.120814 0.0366423
FixedParameters: 0 0 0

#Transform 130
Transform: AffineTransform_float_3_3
Parameters: 0.999999 0.00147498 -0.00113868 -0.00147484 0.999999 6.25069e-05 0.00113887 -6.04928e-05 0.999999 -0.0781626 0.0838592 0.124525
FixedParameters: 0 0 0

#Transform 131
Transform: AffineTransform_float_3_3
Parameters: 0.999998 0.00184053 -0.00102254 -0.00183961 0.999998 0.000677537 0.00102309 -0.000676463 0.999999 -0.060657 0.136258 0.0616359
FixedParameters: 0 0 0

#Transform 132
Transform: AffineTransform_float_3_3
Parameters: 0.999999 0.00146053 -0.00107393 -0.00146091 0.999999 -0.000178604 0.0010734 0.000180395 0.999999 -0.0653864 0.109321 0.117591
FixedParameters: 0 0 0

#Transform 133
Transform: AffineTransform_float_3_3
Parameters: 0.999998 0.00151574 -0.00141961 -0.00151526 0.999999 0.000253034 0.0014194 -0.000250967 0.999999 -0.0750306 0.127502 0.0607217
FixedParameters: 0 0 0

#Transform 134
Transform: AffineTransform_float_3_3
Parameters: 0.999998 0.00169285 -0.00112149 -0.00169322 0.999999 -0.000166446 0.00112093 0.000167553 0.999999 -0.0857177 0.136435 0.099754
FixedParameters: 0 0 0

#Transform 135
Transform: AffineTransform_float_3_3
Parameters: 0.999998 0.00118279 -0.00123087 -0.00118156 0.999998 0.00157251 0.00123213 -0.00157049 0.999998 -0.0755208 0.105347 0.123132
FixedParameters: 0 0 0

#Transform 136
Transform: AffineTransform_float_3_3
Parameters: 0.999998 0.00167466 -0.00119729 -0.001675 0.999999 -0.000141394 0.00119682 0.000143605 0.999999 -0.0780697 0.137041 0.0796912
FixedParameters: 0 0 0

#Transform 137
Transform: AffineTransform_float_3_3
Parameters: 0.999997 0.00187442 -0.00112725 -0.00187342 0.999998 0.00118472 0.001129 -0.00118229 0.999999 -0.0887458 0.126283 0.116929
FixedParameters: 0 0 0

#Transform 138
Transform: AffineTransform_float_3_3
Parameters: 0.999998 0.00192757 -0.00123391 -0.00192823 0.999998 -0.000846969 0.00123235 0.000849033 0.999999 -0.0884175 0.154031 0.0619671
FixedParameters: 0 0 0

#Transform 139
Transform: AffineTransform_float_3_3
Parameters: 0.999998 0.00194317 -0.00117128 -0.00194325 0.999998 -0.000134069 0.00117173 0.000135932 0.999999 -0.0894655 0.124244 0.0773487
FixedParameters: 0 0 0

#Transform 140
Transform: AffineTransform_float_3_3
Parameters: 0.999997 0.00198077 -0.00101421 -0.00198151 0.999998 -0.000361391 0.00101277 0.000363607 0.999999 -0.0920367 0.1369 0.0749486
FixedParameters: 0 0 0

#Transform 141
Transform: AffineTransform_float_3_3
Parameters: 0.999998 0.00160343 -0.00119507 -0.00160309 0.999999 0.000144517 0.00119553 -0.000142483 0.999999 -0.0832979 0.121021 0.0713957
FixedParameters: 0 0 0

#Transform 142
Transform: AffineTransform_float_3_3
Parameters: 0.999998 0.00174872 -0.00115674 -0.0017503 0.999998 -0.000785095 0.00115496 0.000786904 1 -0.0862236 0.151429 0.0434526
FixedParameters: 0 0 0

#Transform 143
Transform: AffineTransform_float_3_3
Parameters: 0.999998 0.00152187 -0.00120589 -0.00152188 0.999999 0.000399491 0.00120734 -0.000398508 0.999999 -0.0817047 0.0899185 0.0802238
FixedParameters: 0 0 0

#Transform 144
Transform: AffineTransform_float_3_3
Parameters: 0.999998 0.00189798 -0.00135651 -0.00189899 0.999998 -0.000901772 0.00135479 0.000904229 0.999999 -0.0865328 0.142802 0.0415455
FixedParameters: 0 0 0

#Transform 145
Transform: AffineTransform_float_3_3
Parameters: 0.999998 0.00154087 -0.0013487 -0.0015407 0.999999 0.000152679 0.00134819 -0.000150322 0.999998 -0.0805251 0.113395 0.121668
FixedParameters: 0 0 0

#Transform 146
Transform: AffineTransform_float_3_3
Parameters: 0.999998 0.00194903 -0.0011475 -0.00194882 0.999998 9.18915e-05 0.00114786 -9.0108e-05 0.999999 -0.079004 0.151602 0.035678
FixedParameters: 0 0 0

#Transform 147
Transform: AffineTransform_float_3_3
Parameters: 0.999999 0.00154045 -0.00104976 -0.00154062 0.999998 -7.95008e-05 0.00104951 8.04988e-05 0.999999 -0.0660576 0.139844 0.104616
FixedParameters: 0 0 0

#Transform 148
Transform: AffineTransform_float_3_3
Parameters: 0.999998 0.00166558 -0.00107862 -0.00166465 0.999998 0.000536451 0.00107943 -0.000535548 0.999999 -0.0678708 0.142754 0.0692811
FixedParameters: 0 0 0

#Transform 149
Transform: AffineTransform_float_3_3
Parameters: 0.999998 0.0015939 -0.00132386 -0.00159296 0.999999 -0.000101236 0.00132427 0.000102766 0.999999 -0.0677048 0.136255 0.0966183
FixedParameters: 0 0 0

#Transform 150
Transform: AffineTransform_float_3_3
Parameters: 0.999997 0.00169683 -0.00137585 -0.00169668 0.999999 0.00014099 0.00137536 -0.000139012 0.999999 -0.0651894 0.110213 0.0504897
FixedParameters: 0 0 0

#Transform 151
Transform: AffineTransform_float_3_3
Parameters: 0.999998 0.00194853 -0.00114835 -0.00194909 0.999998 -0.000343162 0.00114798 0.000345838 0.999999 -0.072011 0.159252 0.0730804
FixedParameters: 0 0 0

#Transform 152
Transform: AffineTransform_float_3_3
Parameters: 0.999998 0.00157692 -0.00129193 -0.00157708 0.999999 -5.83076e-05 0.00129174 5.96921e-05 0.999999 -0.0827263 0.135976 0.0822509
FixedParameters: 0 0 0

#Transform 153
Transform: AffineTransform_float_3_3
Parameters: 0.999998 0.00170422 -0.00152206 -0.00170319 0.999998 0.000417476 0.00152251 -0.000414524 0.999999 -0.06537 0.156272 0.0690963
FixedParameters: 0 0 0

#Transform 154
Transform: AffineTransform_float_3_3
Parameters: 0.999998 0.00156187 -0.00127021 -0.00156215 0.999999 0.000274585 0.0012713 -0.000272414 0.999999 -0.0657937 0.109576 0.0936669
FixedParameters: 0 0 0

#Transform 155
Transform: AffineTransform_float_3_3
Parameters: 0.999998 0.00190967 -0.00130984 -0.00190948 0.999998 -0.000387845 0.00130909 0.000390156 0.999999 -0.0774754 0.170688 0.0447679
FixedParameters: 0 0 0

#Transform 156
Transform: AffineTransform_float_3_3
Parameters: 0.999998 0.00158047 -0.00125159 -0.00158054 0.999999 -2.83669e-05 0.0012515 2.9633e-05 0.999999 -0.0797433 0.107247 0.0955456
FixedParameters: 0 0 0

#Transform 157
Transform: AffineTransform_float_3_3
Parameters: 0.999998 0.00181621 -0.00134246 -0.00181678 0.999998 -0.000662735 0.00134078 0.000666264 0.999999 -0.0693277 0.14262 0.0465612
FixedParameters: 0 0 0

#Transform 158
Transform: AffineTransform_float_3_3
Parameters: 0.999998 0.00131613 -0.00110731 -0.00131657 0.999999 0.000347286 0.00110748 -0.000345715 0.999999 -0.0634687 0.101402 0.111588
FixedParameters: 0 0 0

#Transform 159
Transform: AffineTransform_float_3_3
Parameters: 0.999998 0.0019108 -0.00130566 -0.00191142 0.999998 -0.000235904 0.00130475 0.000239094 0.999999 -0.071416 0.149996 0.0557629
FixedParameters: 0 0 0

#Transform 160
Transform: AffineTransform_float_3_3
Parameters: 0.999997 0.00189078 -0.00139114 -0.00189012 0.999998 0.000320285 0.00139137 -0.000317715 0.999999 -0.0908119 0.128102 0.111397
FixedParameters: 0 0 0

#Transform 161
Transform: AffineTransform_float_3_3
Parameters: 0.999997 0.00185705 -0.00153067 -0.00185708 0.999998 6.87248e-05 0.00152994 -6.5277e-05 0.999999 -0.0633941 0.162196 0.0530686
FixedParameters: 0 0 0

#Transform 162
Transform: AffineTransform_float_3_3
Parameters: 0.999999 0.00144531 -0.00113705 -0.00144434 0.999998 0.00105653 0.00113839 -0.00105547 0.999999 -0.0778109 0.141815 0.155562
FixedParameters: 0 0 0

#Transform 163
Transform: AffineTransform_float_3_3
Parameters: 0.999998 0.00190025 -0.00134946 -0.00190073 0.999998 -0.000262781 0.00134943 0.00026522 0.999999 -0.0736807 0.13561 0.0327459
FixedParameters: 0 0 0

#Transform 164
Transform: AffineTransform_float_3_3
Parameters: 0.999998 0.00141937 -0.00135842 -0.00141961 0.999999 0.000269811 0.00135942 -0.000268189 1 -0.0704541 0.14551 0.127915
FixedParameters: 0 0 0

#Transform 165
Transform: AffineTransform_float_3_3
Parameters: 0.999998 0.00143068 -0.00144317 -0.00142905 0.999998 0.000979946 0.00144523 -0.000978052 0.999998 -0.0891169 0.124079 0.121937
FixedParameters: 0 0 0

#Transform 166
Transform: AffineTransform_float_3_3
Parameters: 0.999998 0.00192255 -0.0012551 -0.00192322 0.999998 -0.000745934 0.00125297 0.000748066 0.999999 -0.0814554 0.168706 0.0506101
FixedParameters: 0 0 0

#Transform 167
Transform: AffineTransform_float_3_3
Parameters: 0.999998 0.0016562 -0.00118931 -0.0016562 0.999999 9.65704e-05 0.00118865 -9.4431e-05 0.999999 -0.0831878 0.110972 0.121188
FixedParameters: 0 0 0

#Transform 168
Transform: AffineTransform_float_3_3
Parameters: 0.999998 0.00202367 -0.00113851 -0.0020239 0.999998 -0.000732324 0.00113725 0.000734677 0.999999 -0.0899845 0.152077 0.0396979
FixedParameters: 0 0 0

#Transform 169
Transform: AffineTransform_float_3_3
Parameters: 0.999997 0.00186405 -0.00150218 -0.00186362 0.999998 0.000221682 0.00150203 -0.000218319 0.999999 -0.0831437 0.155638 0.120534
FixedParameters: 0 0 0

#Transform 170
Transform: AffineTransform_float_3_3
Parameters: 0.999998 0.00193736 -0.00119672 -0.00193692 0.999998 0.000283974 0.00119685 -0.000282027 0.999999 -0.0879037 0.128108 0.0763622
FixedParameters: 0 0 0

#Transform 171
Transform: AffineTransform_float_3_3
Parameters: 0.999998 0.00189232 -0.00138315 -0.00189255 0.999998 -8.47275e-05 0.00138283 8.72719e-05 0.999999 -0.0849196 0.187544 0.0977857
FixedParameters: 0 0 0

#Transform 172
Transform: AffineTransform_float_3_3
Parameters: 0.999997 0.00182285 -0.00120711 -0.00182217 0.999998 0.000380801 0.00120752 -0.000378199 0.999999 -0.100198 0.119766 0.116946
FixedParameters: 0 0 0

#Transform 173
Transform: AffineTransform_float_3_3
Parameters: 0.999997 0.00196934 -0.00106127 -0.00196933 0.999998 -0.000561538 0.0010598 0.000563462 0.999999 -0.0899964 0.177433 0.0540673
FixedParameters: 0 0 0

#Transform 174
Transform: AffineTransform_float_3_3
Parameters: 0.999997 0.00170537 -0.001333 -0.0017053 0.999998 0.000478929 0.00133389 -0.000477071 0.999999 -0.0958784 0.120516 0.128987
FixedParameters: 0 0 0

#Transform 175
Transform: AffineTransform_float_3_3
Parameters: 0.999997 0.00187304 -0.00146238 -0.00187281 0.999998 -0.00033138 0.00146187 0.000334621 0.999999 -0.0836558 0.161639 0.0562188
FixedParameters: 0 0 0

#Transform 176
Transform: AffineTransform_float_3_3
Parameters: 0.999998 0.0016623 -0.00125078 -0.00166241 0.999999 0.000437963 0.0012515 -0.000436039 1 -0.0968229 0.169196 0.135583
FixedParameters: 0 0 0

#Transform 177
Transform: AffineTransform_float_3_3
Parameters: 0.999997 0.00197401 -0.00133462 -0.00197392 0.999998 3.60625e-05 0.00133476 -3.39373e-05 0.999999 -0.0880752 0.15024 0.0586933
FixedParameters: 0 0 0

#Transform 178
Transform: AffineTransform_float_3_3
Parameters: 0.999997 0.0016663 -0.0013948 -0.00166668 0.999999 -0.000137021 0.00139434 0.000138979 0.999999 -0.0861896 0.146667 0.12845
FixedParameters: 0 0 0

#Transform 179
Transform: AffineTransform_float_3_3
Parameters: 0.999997 0.00188636 -0.0011805 -0.00188694 0.999998 -0.000244118 0.00117957 0.000245881 0.999999 -0.0883232 0.153403 0.0691262
FixedParameters: 0 0 0

#Transform 180
Transform: AffineTransform_float_3_3
Parameters: 0.999998 0.00189276 -0.00137994 -0.00189277 0.999998 -0.000439507 0.00137901 0.000442493 0.999999 -0.0802201 0.166117 0.106139
FixedParameters: 0 0 0

#Transform 181
Transform: AffineTransform_float_3_3
Parameters: 0.999998 0.00192689 -0.00124044 -0.00192638 0.999998 0.000304045 0.00124064 -0.000301955 0.999999 -0.0883159 0.134666 0.0890491
FixedParameters: 0 0 0

#Transform 182
Transform: AffineTransform_float_3_3
Parameters: 0.999997 0.00186423 -0.00119864 -0.00186454 0.999998 -0.000631111 0.00119702 0.000632888 0.999999 -0.0711521 0.187719 0.0749189
FixedParameters: 0 0 0

#Transform 183
Transform: AffineTransform_float_3_3
Parameters: 0.999998 0.00167933 -0.00115404 -0.0016785 0.999999 0.000461538 0.00115462 -0.000459461 0.999999 -0.0765619 0.132688 0.126179
FixedParameters: 0 0 0

#Transform 184
Transform: AffineTransform_float_3_3
Parameters: 0.999997 0.00201816 -0.00123928 -0.00201796 0.999998 -0.000404072 0.00123839 0.000405928 0.999999 -0.0755385 0.168171 0.0651111
FixedParameters: 0 0 0

#Transform 185
Transform: AffineTransform_float_3_3
Parameters: 0.999997 0.00174882 -0.00126255 -0.00174808 0.999998 0.000294863 0.00126358 -0.000293136 0.999999 -0.0906238 0.166821 0.144627
FixedParameters: 0 0 0

#Transform 186
Transform: AffineTransform_float_3_3
Parameters: 0.999998 0.00183039 -0.00135683 -0.0018315 0.999998 -0.000494634 0.00135598 0.000497365 0.999999 -0.0785686 0.167788 0.0541728
FixedParameters: 0 0 0

#Transform 187
Transform: AffineTransform_float_3_3
