#Insight Transform File V1.0
#Transform 0
Transform: AffineTransform_float_3_3
Parameters: 1 -0.000251099 0.000225723 0.000250702 0.999999 0.000877652 -0.000226163 -0.000877539 0.999999 0.00738239 -0.0258744 -0.0839791
FixedParameters: 0 0 0

#Transform 1
Transform: AffineTransform_float_3_3
Parameters: 1 -0.000290301 -0.000466272 0.000290038 1 -0.000281308 0.000466435 0.000281037 1 -0.0207427 0.0497699 0.0413943
FixedParameters: 0 0 0

#Transform 2
Transform: AffineTransform_float_3_3
Parameters: 1 0.000181825 -0.000189938 -0.000181672 1 0.000401248 0.000190084 -0.000401179 1 -0.0794244 -0.0930815 0.187894
FixedParameters: 0 0 0

#Transform 3
Transform: AffineTransform_float_3_3
Parameters: 0.999998 0.000556488 -0.00151613 -0.000556967 0.999999 0.000174171 0.00151657 -0.000173755 0.999999 -0.16012 -0.16775 -0.044671
FixedParameters: 0 0 0

#Transform 4
Transform: AffineTransform_float_3_3
Parameters: 0.999999 0.000729297 -0.00163311 -0.000728081 1 0.000752961 0.00163344 -0.000751436 0.999998 -0.139356 -0.0621914 0.164331
FixedParameters: 0 0 0

#Transform 5
Transform: AffineTransform_float_3_3
Parameters: 1 0.000121045 -0.000537941 -0.000121159 1 -0.00101649 0.000537487 0.00101661 1 -0.0813433 -0.157419 -0.181381
FixedParameters: 0 0 0

#Transform 6
Transform: AffineTransform_float_3_3
Parameters: 1 0.000295764 -0.000465889 -0.000297408 0.999998 -0.00204475 0.000465717 0.00204502 0.999998 -0.0413546 -0.127106 -0.139805
FixedParameters: 0 0 0

#Transform 7
Transform: AffineTransform_float_3_3
Parameters: 0.999999 0.00037907 -0.000826198 -0.0003828 0.999994 -0.00362071 0.000824174 0.0036213 0.999993 -0.0188859 -0.146664 -0.123208
FixedParameters: 0 0 0

#Transform 8
Transform: AffineTransform_float_3_3
Parameters: 0.999999 0.00119604 -0.000949525 -0.00119907 0.999994 -0.00328455 0.000946195 0.00328674 0.999994 -0.116189 -0.155334 -0.0516373
FixedParameters: 0 0 0

#Transform 9
Transform: AffineTransform_float_3_3
Parameters: 0.999997 0.00215202 -0.000714455 -0.00215374 0.999993 -0.00291856 0.000707535 0.00291925 0.999995 -0.152788 0.00594155 -0.149692
FixedParameters: 0 0 0

#Transform 10
Transform: AffineTransform_float_3_3
Parameters: 0.999997 0.00222513 -0.000901892 -0.00222743 0.999994 -0.00275589 0.000896199 0.00275751 0.999996 -0.143135 -0.0381566 -0.096269
FixedParameters: 0 0 0

#Transform 11
Transform: AffineTransform_float_3_3
Parameters: 0.999998 0.00174293 -0.00120291 -0.00174586 0.999995 -0.00252555 0.00119854 0.00252743 0.999997 -0.125218 -0.11587 -0.136977
FixedParameters: 0 0 0

#Transform 12
Transform: AffineTransform_float_3_3
Parameters: 0.999997 0.00216296 -0.00164045 -0.00216747 0.999995 -0.00239468 0.00163542 0.0023981 0.999996 -0.164274 -0.0437048 -0.251392
FixedParameters: 0 0 0

#Transform 13
Transform: AffineTransform_float_3_3
Parameters: 0.999997 0.00204204 -0.000903963 -0.00204584 0.99999 -0.00374727 0.000896336 0.00374904 0.999992 -0.15028 0.0340713 -0.171367
FixedParameters: 0 0 0

#Transform 14
Transform: AffineTransform_float_3_3
Parameters: 0.999996 0.00218541 -0.00139444 -0.0021913 0.999987 -0.00448658 0.00138474 0.00448932 0.999988 -0.198671 -0.0369402 -0.237525
FixedParameters: 0 0 0

#Transform 15
Transform: AffineTransform_float_3_3
Parameters: 0.999992 0.00320701 -0.00223549 -0.00321557 0.999987 -0.00402567 0.00222278 0.00403252 0.999989 -0.274982 -0.00174746 -0.360322
FixedParameters: 0 0 0

#Transform 16
Transform: AffineTransform_float_3_3
Parameters: 0.999991 0.00324994 -0.00263049 -0.00326218 0.999984 -0.0045807 0.00261534 0.00458849 0.999986 -0.269045 -0.0126314 -0.471384
FixedParameters: 0 0 0

#Transform 17
Transform: AffineTransform_float_3_3
Parameters: 0.999993 0.00283021 -0.00223546 -0.00284439 0.999976 -0.00629825 0.00221843 0.00630425 0.999977 -0.194376 -0.0393104 -0.419809
FixedParameters: 0 0 0

#Transform 18
Transform: AffineTransform_float_3_3
Parameters: 0.999992 0.0029291 -0.00263492 -0.00294556 0.999976 -0.00632721 0.00261573 0.00633507 0.999976 -0.224785 -0.00663844 -0.559834
FixedParameters: 0 0 0

#Transform 19
Transform: AffineTransform_float_3_3
Parameters: 0.999991 0.00321604 -0.00265946 -0.0032402 0.999956 -0.00881573 0.0026311 0.00882374 0.999958 -0.28553 -0.0102904 -0.747872
FixedParameters: 0 0 0

#Transform 20
Transform: AffineTransform_float_3_3
Parameters: 0.999991 0.00306892 -0.00294311 -0.00309478 0.999958 -0.00870536 0.00291631 0.00871478 0.999958 -0.257535 -0.0199588 -0.666611
FixedParameters: 0 0 0

#Transform 21
Transform: AffineTransform_float_3_3
Parameters: 0.999985 0.00390895 -0.0038431 -0.00394492 0.999948 -0.00937245 0.00380609 0.00938827 0.999949 -0.292324 -0.0637844 -0.610585
FixedParameters: 0 0 0

#Transform 22
Transform: AffineTransform_float_3_3
Parameters: 0.999982 0.00513642 -0.00310823 -0.00515848 0.999961 -0.00716537 0.00307042 0.00718118 0.99997 -0.397254 0.0115284 -0.33953
FixedParameters: 0 0 0

#Transform 23
Transform: AffineTransform_float_3_3
Parameters: 0.999977 0.00600781 -0.00300782 -0.00603804 0.999932 -0.0100249 0.00294773 0.0100431 0.999946 -0.407606 0.0970648 -0.661179
FixedParameters: 0 0 0

#Transform 24
Transform: AffineTransform_float_3_3
Parameters: 0.999981 0.00470208 -0.00377858 -0.00473278 0.999956 -0.00806855 0.00374092 0.00808577 0.999961 -0.32102 -0.0163559 -0.513648
FixedParameters: 0 0 0

#Transform 25
Transform: AffineTransform_float_3_3
Parameters: 0.999978 0.00494746 -0.00455981 -0.00498193 0.999959 -0.00760864 0.00452126 0.00763051 0.999961 -0.330141 -0.0540562 -0.569418
FixedParameters: 0 0 0

#Transform 26
Transform: AffineTransform_float_3_3
Parameters: 0.999972 0.00575301 -0.00476638 -0.00578805 0.999957 -0.00724931 0.00472472 0.00727673 0.999962 -0.379884 0.0107668 -0.66805
FixedParameters: 0 0 0

#Transform 27
Transform: AffineTransform_float_3_3
Parameters: 0.999971 0.00560243 -0.00527537 -0.00564385 0.999954 -0.00777502 0.00523153 0.00780493 0.999955 -0.396363 0.00100708 -0.833895
FixedParameters: 0 0 0

#Transform 28
Transform: AffineTransform_float_3_3
Parameters: 0.999974 0.00567981 -0.00450391 -0.00572008 0.999944 -0.00899316 0.00445269 0.00901848 0.999949 -0.370755 -0.0138029 -0.667738
FixedParameters: 0 0 0

#Transform 29
Transform: AffineTransform_float_3_3
Parameters: 0.999965 0.00650442 -0.00526304 -0.00654768 0.999945 -0.00822382 0.00520984 0.00825783 0.999952 -0.427163 -0.00400339 -0.670776
FixedParameters: 0 0 0

#Transform 30
Transform: AffineTransform_float_3_3
Parameters: 0.999961 0.00682115 -0.00552283 -0.00686958 0.999936 -0.00894797 0.00546209 0.00898508 0.999945 -0.500232 0.0490268 -0.869184
FixedParameters: 0 0 0

#Transform 31
Transform: AffineTransform_float_3_3
Parameters: 0.999967 0.00643009 -0.00513309 -0.00647641 0.999938 -0.00903397 0.00507431 0.00906679 0.999946 -0.470916 0.0429032 -0.730435
FixedParameters: 0 0 0

#Transform 32
Transform: AffineTransform_float_3_3
Parameters: 0.99997 0.00602655 -0.00490265 -0.00606274 0.999954 -0.00743812 0.00485713 0.00746788 0.99996 -0.443718 -0.00553694 -0.588642
FixedParameters: 0 0 0

#Transform 33
Transform: AffineTransform_float_3_3
Parameters: 0.999964 0.00636625 -0.00549221 -0.00639927 0.999963 -0.00587267 0.0054541 0.00590719 0.999968 -0.485226 0.0127387 -0.671242
FixedParameters: 0 0 0

#Transform 34
Transform: AffineTransform_float_3_3
Parameters: 0.999969 0.00596641 -0.00509833 -0.006007 0.99995 -0.00808922 0.00504994 0.00811935 0.999954 -0.488275 0.0382091 -0.670856
FixedParameters: 0 0 0

#Transform 35
Transform: AffineTransform_float_3_3
Parameters: 0.999961 0.00688844 -0.00555232 -0.00694164 0.999929 -0.00965019 0.00548616 0.00968835 0.999938 -0.511535 0.014875 -0.753793
FixedParameters: 0 0 0

#Transform 36
Transform: AffineTransform_float_3_3
Parameters: 0.999962 0.00687202 -0.00532131 -0.00692016 0.999936 -0.00897118 0.00525913 0.00900788 0.999946 -0.512792 0.0591429 -0.733811
FixedParameters: 0 0 0

#Transform 37
Transform: AffineTransform_float_3_3
Parameters: 0.999966 0.0057767 -0.00579086 -0.00583664 0.999929 -0.0104109 0.00573107 0.0104438 0.999929 -0.467519 -0.0282109 -1.09136
FixedParameters: 0 0 0

#Transform 38
Transform: AffineTransform_float_3_3
Parameters: 0.999957 0.00642203 -0.00677038 -0.00649883 0.999916 -0.0112588 0.00669676 0.0113026 0.999914 -0.434506 0.127761 -0.863138
FixedParameters: 0 0 0

#Transform 39
Transform: AffineTransform_float_3_3
Parameters: 0.999954 0.00776576 -0.00571514 -0.00782257 0.99992 -0.0100344 0.00563722 0.0100791 0.999933 -0.545657 0.155122 -0.74045
FixedParameters: 0 0 0

#Transform 40
Transform: AffineTransform_float_3_3
Parameters: 0.999934 0.00917357 -0.00691929 -0.00924517 0.999905 -0.0102948 0.00682376 0.0103578 0.999923 -0.609145 0.211935 -0.884693
FixedParameters: 0 0 0

#Transform 41
Transform: AffineTransform_float_3_3
Parameters: 0.999942 0.00825128 -0.00700391 -0.00832168 0.999914 -0.0101883 0.00691883 0.0102458 0.999923 -0.604337 0.172745 -0.944654
FixedParameters: 0 0 0

#Transform 42
Transform: AffineTransform_float_3_3
Parameters: 0.999951 0.00769165 -0.00621045 -0.00775455 0.99992 -0.0100242 0.00613315 0.0100713 0.999931 -0.603298 0.127221 -0.820297
FixedParameters: 0 0 0

#Transform 43
Transform: AffineTransform_float_3_3
Parameters: 0.999952 0.00787367 -0.00568278 -0.00792898 0.99992 -0.00984842 0.00560486 0.00989245 0.999936 -0.580388 0.125139 -0.75397
FixedParameters: 0 0 0

#Transform 44
Transform: AffineTransform_float_3_3
Parameters: 0.999962 0.00725615 -0.00479417 -0.00730438 0.999923 -0.010083 0.00472036 0.0101184 0.999938 -0.551872 0.131369 -0.772313
FixedParameters: 0 0 0

#Transform 45
Transform: AffineTransform_float_3_3
Parameters: 0.999967 0.0065175 -0.00482639 -0.00656446 0.99993 -0.00987696 0.0047621 0.00990874 0.999939 -0.507165 0.0685414 -0.798729
FixedParameters: 0 0 0

#Transform 46
Transform: AffineTransform_float_3_3
Parameters: 0.999966 0.00637216 -0.00528153 -0.00642999 0.999921 -0.0108468 0.00521206 0.0108812 0.999927 -0.506408 0.0894801 -0.908315
FixedParameters: 0 0 0

#Transform 47
Transform: AffineTransform_float_3_3
Parameters: 0.999968 0.00655601 -0.00452513 -0.00660206 0.999927 -0.0101266 0.00445765 0.0101566 0.999939 -0.498153 0.0642126 -0.796103
FixedParameters: 0 0 0

#Transform 48
Transform: AffineTransform_float_3_3
Parameters: 0.999965 0.00690419 -0.00478072 -0.00694833 0.999933 -0.00933351 0.00471576 0.00936651 0.999945 -0.505566 0.0839175 -0.838806
FixedParameters: 0 0 0

#Transform 49
Transform: AffineTransform_float_3_3
Parameters: 0.999971 0.00573013 -0.00497864 -0.00578208 0.999927 -0.010599 0.00491766 0.0106269 0.999931 -0.439091 0.0244394 -0.777665
FixedParameters: 0 0 0

#Transform 50
Transform: AffineTransform_float_3_3
Parameters: 0.999975 0.00583564 -0.00396925 -0.00588581 0.999903 -0.0126104 0.00389476 0.0126336 0.999913 -0.436448 0.0496342 -0.660111
FixedParameters: 0 0 0

#Transform 51
Transform: AffineTransform_float_3_3
Parameters: 0.999976 0.00582051 -0.00374187 -0.00586792 0.999903 -0.012623 0.00366843 0.0126447 0.999914 -0.476911 0.209783 -0.719578
FixedParameters: 0 0 0

#Transform 52
Transform: AffineTransform_float_3_3
Parameters: 0.999975 0.00609027 -0.00349986 -0.00613685 0.999892 -0.0133847 0.00341785 0.0134058 0.999904 -0.494743 0.171234 -0.933583
FixedParameters: 0 0 0

#Transform 53
Transform: AffineTransform_float_3_3
Parameters: 0.999979 0.00518725 -0.00377288 -0.0052315 0.999915 -0.0119405 0.00371026 0.0119595 0.999921 -0.418602 0.124833 -0.831127
FixedParameters: 0 0 0

#Transform 54
Transform: AffineTransform_float_3_3
Parameters: 0.999977 0.00504596 -0.00456518 -0.00510206 0.999911 -0.0123023 0.00450274 0.0123255 0.999914 -0.443111 0.0954204 -0.972964
FixedParameters: 0 0 0

#Transform 55
Transform: AffineTransform_float_3_3
Parameters: 0.999975 0.00545361 -0.00443399 -0.00551055 0.999903 -0.01278 0.00436468 0.0128045 0.999909 -0.44562 0.195172 -0.953222
FixedParameters: 0 0 0

#Transform 56
Transform: AffineTransform_float_3_3
Parameters: 0.999983 0.0049147 -0.00322863 -0.00495493 0.999909 -0.0125748 0.00316693 0.0125904 0.999915 -0.39562 0.164866 -0.873325
FixedParameters: 0 0 0

#Transform 57
Transform: AffineTransform_float_3_3
Parameters: 0.999978 0.00542921 -0.00389099 -0.00547401 0.999919 -0.0115122 0.00382728 0.0115329 0.999927 -0.4532 0.190057 -0.909086
FixedParameters: 0 0 0

#Transform 58
Transform: AffineTransform_float_3_3
Parameters: 0.999975 0.00567022 -0.00434031 -0.00572407 0.999904 -0.0126146 0.00426845 0.0126389 0.999911 -0.509731 0.201651 -1.01489
FixedParameters: 0 0 0

#Transform 59
Transform: AffineTransform_float_3_3
Parameters: 0.999975 0.0056092 -0.00428722 -0.00565399 0.99993 -0.0104401 0.00422777 0.0104645 0.999937 -0.456385 0.14272 -0.823275
FixedParameters: 0 0 0

#Transform 60
Transform: AffineTransform_float_3_3
Parameters: 0.999968 0.0066382 -0.00440125 -0.00668346 0.999923 -0.0104435 0.00433187 0.0104729 0.999936 -0.502162 0.162641 -0.733342
FixedParameters: 0 0 0

#Transform 61
Transform: AffineTransform_float_3_3
Parameters: 0.999965 0.00665109 -0.00501821 -0.00670481 0.99992 -0.0107691 0.00494637 0.0108023 0.99993 -0.550961 0.195367 -0.856184
FixedParameters: 0 0 0

#Transform 62
Transform: AffineTransform_float_3_3
Parameters: 0.999967 0.00616968 -0.00529303 -0.00621968 0.999935 -0.0095279 0.00523399 0.00956092 0.99994 -0.505782 0.171551 -0.776822
FixedParameters: 0 0 0

#Transform 63
Transform: AffineTransform_float_3_3
Parameters: 0.999967 0.00591358 -0.00569634 -0.00596069 0.999947 -0.00838152 0.00564679 0.00841553 0.999949 -0.461576 0.114707 -0.782673
FixedParameters: 0 0 0

#Transform 64
Transform: AffineTransform_float_3_3
Parameters: 0.999966 0.00595323 -0.00563048 -0.00600234 0.999945 -0.00870761 0.00557839 0.00874167 0.999946 -0.467941 0.125702 -0.834152
FixedParameters: 0 0 0

#Transform 65
Transform: AffineTransform_float_3_3
Parameters: 0.999967 0.00552441 -0.00596687 -0.00558062 0.99994 -0.00940534 0.00591403 0.00943749 0.999938 -0.481388 0.129063 -0.909688
FixedParameters: 0 0 0

#Transform 66
Transform: AffineTransform_float_3_3
Parameters: 0.99997 0.00561427 -0.00525011 -0.00566697 0.999934 -0.00998945 0.00519339 0.0100189 0.999936 -0.44677 0.127978 -0.740241
FixedParameters: 0 0 0

#Transform 67
Transform: AffineTransform_float_3_3
Parameters: 0.999967 0.00662727 -0.00470193 -0.00667947 0.999916 -0.0110623 0.00462856 0.0110929 0.999928 -0.532591 0.115395 -0.573434
FixedParameters: 0 0 0

#Transform 68
Transform: AffineTransform_float_3_3
Parameters: 0.999983 0.00481162 -0.00324918 -0.00486653 0.999843 -0.0170382 0.00316632 0.0170539 0.99985 -0.420734 0.0876326 -0.646226
FixedParameters: 0 0 0

#Transform 69
Transform: AffineTransform_float_3_3
Parameters: 0.999962 0.00756566 -0.00436204 -0.00761467 0.999906 -0.0113604 0.0042761 0.0113933 0.999926 -0.525646 0.212087 -0.801699
FixedParameters: 0 0 0

#Transform 70
Transform: AffineTransform_float_3_3
Parameters: 0.99996 0.00815272 -0.00382065 -0.00819621 0.999899 -0.0115794 0.00372532 0.0116101 0.999926 -0.572235 0.106991 -0.952245
FixedParameters: 0 0 0

#Transform 71
Transform: AffineTransform_float_3_3
Parameters: 0.999935 0.00956237 -0.00617756 -0.00963673 0.999881 -0.0120767 0.00606129 0.0121352 0.999908 -0.630757 0.167113 -1.05674
FixedParameters: 0 0 0

#Transform 72
Transform: AffineTransform_float_3_3
Parameters: 0.999964 0.00686572 -0.00488189 -0.00691335 0.999928 -0.00980402 0.00481471 0.00983757 0.99994 -0.500437 0.105822 -0.93505
FixedParameters: 0 0 0

#Transform 73
Transform: AffineTransform_float_3_3
Parameters: 0.999968 0.00631592 -0.00487815 -0.00636715 0.999923 -0.0105966 0.0048112 0.0106271 0.999932 -0.483652 0.0902222 -1.05542
FixedParameters: 0 0 0

#Transform 74
Transform: AffineTransform_float_3_3
Parameters: 0.999969 0.00612936 -0.00492154 -0.00618112 0.999926 -0.0105052 0.00485772 0.0105358 0.999933 -0.475982 0.11666 -0.96325
FixedParameters: 0 0 0

#Transform 75
Transform: AffineTransform_float_3_3
Parameters: 0.999974 0.00543042 -0.00479569 -0.00547861 0.999935 -0.00999421 0.00474079 0.01002 0.999939 -0.428634 0.0380158 -0.935015
FixedParameters: 0 0 0

#Transform 76
Transform: AffineTransform_float_3_3
Parameters: 0.999961 0.00579039 -0.0067183 -0.00586652 0.999919 -0.011335 0.00665195 0.0113738 0.999913 -0.507521 0.0700701 -1.18389
FixedParameters: 0 0 0

#Transform 77
Transform: AffineTransform_float_3_3
Parameters: 0.999957 0.00525521 -0.00770715 -0.00535443 0.999903 -0.0128834 0.00763847 0.0129238 0.999888 -0.466666 0.0482053 -1.23864
FixedParameters: 0 0 0

#Transform 78
Transform: AffineTransform_float_3_3
Parameters: 0.999962 0.00516329 -0.00707803 -0.0052407 0.999926 -0.0109754 0.0070209 0.0110125 0.999914 -0.3878 0.100472 -1.01269
FixedParameters: 0 0 0

#Transform 79
Transform: AffineTransform_float_3_3
Parameters: 0.999943 0.00394963 -0.0098673 -0.00405688 0.999933 -0.0108552 0.00982401 0.0108946 0.999892 -0.447854 0.0545501 -1.25586
FixedParameters: 0 0 0

#Transform 80
Transform: AffineTransform_float_3_3
Parameters: 0.99948 0.00753151 -0.0313579 -0.00798088 0.999867 -0.0142363 0.0312466 0.0144786 0.999406 -1.04384 -0.00130984 -1.86505
FixedParameters: 0 0 0

#Transform 81
Transform: AffineTransform_float_3_3
Parameters: 0.999893 0.00802176 -0.0122665 -0.00824634 0.999797 -0.0184007 0.0121162 0.0185003 0.999755 -0.536189 0.00771495 -1.60781
FixedParameters: 0 0 0

#Transform 82
Transform: AffineTransform_float_3_3
Parameters: 0.999968 0.00667187 0.00442202 -0.00657656 0.999755 -0.021125 -0.00456269 0.0210959 0.999767 -0.759754 0.151271 -1.4085
FixedParameters: 0 0 0

#Transform 83
Transform: AffineTransform_float_3_3
Parameters: 0.999949 0.00630578 -0.00792874 -0.0064396 0.999836 -0.0169424 0.00782042 0.0169928 0.999825 -0.676233 0.155149 -1.38645
FixedParameters: 0 0 0

#Transform 84
Transform: AffineTransform_float_3_3
Parameters: 0.999921 0.00695397 -0.0105206 -0.00713294 0.99983 -0.0170324 0.0104003 0.0171053 0.9998 -0.720441 0.0949539 -1.62335
FixedParameters: 0 0 0

#Transform 85
Transform: AffineTransform_float_3_3
Parameters: 0.999921 0.00787728 -0.00984878 -0.00802702 0.999852 -0.0151967 0.0097274 0.0152745 0.999836 -0.728623 0.204765 -1.32976
FixedParameters: 0 0 0

#Transform 86
Transform: AffineTransform_float_3_3
Parameters: 0.999907 0.00732213 -0.0114839 -0.00748424 0.999872 -0.0141726 0.0113789 0.0142573 0.999834 -0.693441 0.106412 -1.47312
FixedParameters: 0 0 0

#Transform 87
Transform: AffineTransform_float_3_3
Parameters: 0.999903 0.00686261 -0.0121118 -0.00705577 0.999847 -0.0159795 0.0120002 0.0160633 0.999799 -0.71905 0.179868 -1.48571
FixedParameters: 0 0 0

#Transform 88
Transform: AffineTransform_float_3_3
Parameters: 0.999908 0.00670051 -0.0118178 -0.00688246 0.999857 -0.0154482 0.011713 0.0155282 0.999811 -0.699576 0.123986 -1.45506
FixedParameters: 0 0 0

#Transform 89
Transform: AffineTransform_float_3_3
Parameters: 0.999901 0.00709594 -0.0121344 -0.00729187 0.999844 -0.0161148 0.0120182 0.0162014 0.999796 -0.734219 0.147847 -1.54963
FixedParameters: 0 0 0

#Transform 90
Transform: AffineTransform_float_3_3
Parameters: 0.999901 0.0070144 -0.012239 -0.00720875 0.999847 -0.0159276 0.0121258 0.0160146 0.999798 -0.720905 0.155718 -1.47779
FixedParameters: 0 0 0

#Transform 91
Transform: AffineTransform_float_3_3
Parameters: 0.999908 0.00668711 -0.0118371 -0.00687023 0.999855 -0.0155661 0.0117316 0.0156456 0.999809 -0.667102 0.188884 -1.4082
FixedParameters: 0 0 0

#Transform 92
Transform: AffineTransform_float_3_3
Parameters: 0.999911 0.0059476 -0.011904 -0.00612478 0.999871 -0.0148856 0.0118143 0.0149569 0.999818 -0.688394 0.140716 -1.42122
FixedParameters: 0 0 0

#Transform 93
Transform: AffineTransform_float_3_3
Parameters: 0.999905 0.00617769 -0.0123057 -0.00637509 0.999851 -0.0160791 0.0122036 0.0161567 0.999795 -0.705211 0.141112 -1.55322
FixedParameters: 0 0 0

#Transform 94
Transform: AffineTransform_float_3_3
Parameters: 0.999902 0.00648086 -0.0124447 -0.00667729 0.999853 -0.0158135 0.0123404 0.015895 0.999798 -0.722239 0.151109 -1.52261
FixedParameters: 0 0 0

#Transform 95
Transform: AffineTransform_float_3_3
Parameters: 0.999907 0.0064086 -0.0120005 -0.0065846 0.999871 -0.0146805 0.0119048 0.0147585 0.99982 -0.693291 0.100151 -1.52893
FixedParameters: 0 0 0

#Transform 96
Transform: AffineTransform_float_3_3
Parameters: 0.999885 0.00689774 -0.013454 -0.00710844 0.999851 -0.0156885 0.0133433 0.0157825 0.999786 -0.748813 0.156163 -1.60304
FixedParameters: 0 0 0

#Transform 97
Transform: AffineTransform_float_3_3
Parameters: 0.999894 0.00705985 -0.0127678 -0.0072545 0.999857 -0.0153005 0.0126573 0.015392 0.999802 -0.725364 0.126268 -1.52922
FixedParameters: 0 0 0

#Transform 98
Transform: AffineTransform_float_3_3
Parameters: 0.999905 0.00641199 -0.0122309 -0.00659085 0.999871 -0.0146452 0.0121357 0.0147246 0.999818 -0.705332 0.133838 -1.48219
FixedParameters: 0 0 0

#Transform 99
Transform: AffineTransform_float_3_3
Parameters: 0.9999 0.00662319 -0.0124899 -0.00681582 0.999857 -0.015472 0.0123853 0.0155549 0.999802 -0.719347 0.213243 -1.4387
FixedParameters: 0 0 0

#Transform 100
Transform: AffineTransform_float_3_3
Parameters: 0.999907 0.00789367 -0.0110761 -0.008033 0.999889 -0.0125841 0.0109761 0.0126717 0.999859 -0.730846 0.171971 -0.928353
FixedParameters: 0 0 0

#Transform 101
Transform: AffineTransform_float_3_3
Parameters: 0.999876 0.0111921 -0.0110689 -0.011314 0.999875 -0.0110237 0.0109443 0.0111478 0.999878 -0.909165 0.331796 -0.971693
FixedParameters: 0 0 0

#Transform 102
Transform: AffineTransform_float_3_3
Parameters: 0.99985 0.0113269 -0.0130792 -0.0115098 0.999835 -0.0140463 0.0129177 0.0141952 0.999816 -0.915011 0.336668 -1.26436
FixedParameters: 0 0 0

#Transform 103
Transform: AffineTransform_float_3_3
Parameters: 0.999882 0.00964653 -0.0119922 -0.00979202 0.999878 -0.0121257 0.0118745 0.0122412 0.999854 -0.844588 0.227356 -1.2131
FixedParameters: 0 0 0

#Transform 104
Transform: AffineTransform_float_3_3
Parameters: 0.999866 0.009651 -0.0132333 -0.00981841 0.999872 -0.012661 0.0131095 0.0127893 0.999832 -0.833696 0.235102 -1.28742
FixedParameters: 0 0 0

#Transform 105
Transform: AffineTransform_float_3_3
Parameters: 0.999886 0.00928623 -0.0118326 -0.00942997 0.999883 -0.0121201 0.0117185 0.0122303 0.999857 -0.819606 0.237041 -1.20842
FixedParameters: 0 0 0

#Transform 106
Transform: AffineTransform_float_3_3
Parameters: 0.999886 0.00793641 -0.0128135 -0.00810528 0.99988 -0.0131819 0.0127074 0.0132843 0.999831 -0.788146 0.190128 -1.37883
FixedParameters: 0 0 0

#Transform 107
Transform: AffineTransform_float_3_3
Parameters: 0.999919 0.00774677 -0.0100675 -0.00787444 0.999888 -0.0127604 0.0099675 0.0128391 0.999868 -0.742843 0.346169 -1.04379
FixedParameters: 0 0 0

#Transform 108
Transform: AffineTransform_float_3_3
Parameters: 0.99992 0.00724854 -0.0104055 -0.00746539 0.999754 -0.0208888 0.0102512 0.020965 0.999728 -0.669327 0.239066 -1.63486
FixedParameters: 0 0 0

#Transform 109
Transform: AffineTransform_float_3_3
Parameters: 0.999933 0.00518338 -0.0103975 -0.00538298 0.999801 -0.0192087 0.0102958 0.0192633 0.999761 -0.529546 0.227454 -1.58455
FixedParameters: 0 0 0

#Transform 110
Transform: AffineTransform_float_3_3
Parameters: 0.99993 0.0052277 -0.0106027 -0.00541328 0.999832 -0.0175267 0.0105093 0.0175824 0.999791 -0.531231 0.160698 -1.49028
FixedParameters: 0 0 0

#Transform 111
Transform: AffineTransform_float_3_3
Parameters: 0.999955 0.00636314 -0.00699286 -0.00648832 0.999816 -0.0180509 0.00687753 0.0180944 0.999813 -0.581727 0.113071 -1.2985
FixedParameters: 0 0 0

#Transform 112
Transform: AffineTransform_float_3_3
Parameters: 0.999979 0.00562378 -0.0032064 -0.00573366 0.999357 -0.0353973 0.00300513 0.0354147 0.999368 -0.384232 -0.0751012 -2.33783
FixedParameters: 0 0 0

#Transform 113
Transform: AffineTransform_float_3_3
Parameters: 0.999988 0.00425487 -0.00219631 -0.00437144 0.998395 -0.0564592 0.00195263 0.0564687 0.998402 -0.233452 0.0276363 -3.27258
FixedParameters: 0 0 0

#Transform 114
Transform: AffineTransform_float_3_3
Parameters: 0.999983 0.00388795 -0.00449101 -0.00409109 0.998917 -0.0463456 0.0043053 0.0463635 0.998915 -0.323014 0.103392 -2.92513
FixedParameters: 0 0 0

#Transform 115
Transform: AffineTransform_float_3_3
Parameters: 0.999974 0.00432432 -0.00578262 -0.00456336 0.999103 -0.0420966 0.00559486 0.0421218 0.999097 -0.367083 0.101258 -2.61602
FixedParameters: 0 0 0

#Transform 116
Transform: AffineTransform_float_3_3
Parameters: 0.999968 0.00387056 -0.0070948 -0.00415224 0.999188 -0.0400855 0.00693381 0.0401138 0.999171 -0.397716 0.0899512 -2.69787
FixedParameters: 0 0 0

#Transform 117
Transform: AffineTransform_float_3_3
Parameters: 0.999966 0.0036273 -0.00735732 -0.00389609 0.999312 -0.0368892 0.00721809 0.0369156 0.999292 -0.40899 0.126042 -2.52581
FixedParameters: 0 0 0

#Transform 118
Transform: AffineTransform_float_3_3
Parameters: 0.999966 0.0036166 -0.00738671 -0.00387529 0.99937 -0.0352878 0.007254 0.0353148 0.99935 -0.403595 0.063317 -2.48455
FixedParameters: 0 0 0

#Transform 119
Transform: AffineTransform_float_3_3
Parameters: 0.999962 0.0036958 -0.00794844 -0.00397794 0.999351 -0.0357943 0.0078113 0.035824 0.999327 -0.435085 0.114476 -2.5487
FixedParameters: 0 0 0

#Transform 120
Transform: AffineTransform_float_3_3
Parameters: 0.999967 0.00372951 -0.00723847 -0.00396501 0.999458 -0.0327083 0.00711286 0.0327361 0.999439 -0.430931 0.0682088 -2.35864
FixedParameters: 0 0 0

#Transform 121
Transform: AffineTransform_float_3_3
Parameters: 0.999957 0.00445612 -0.00813992 -0.00469762 0.999541 -0.0299229 0.00800299 0.0299599 0.999519 -0.467052 0.0389567 -2.41433
FixedParameters: 0 0 0

#Transform 122
Transform: AffineTransform_float_3_3
Parameters: 0.999959 0.00533116 -0.00732097 -0.00552272 0.999637 -0.0263513 0.00717761 0.026391 0.999625 -0.515966 0.0529614 -2.14153
FixedParameters: 0 0 0

#Transform 123
Transform: AffineTransform_float_3_3
Parameters: 0.999953 0.00624068 -0.00732059 -0.0064387 0.999604 -0.0273842 0.00714686 0.0274307 0.999598 -0.550246 0.0119674 -2.27911
FixedParameters: 0 0 0

#Transform 124
Transform: AffineTransform_float_3_3
Parameters: 0.999955 0.00606765 -0.00731759 -0.00627182 0.999583 -0.0281885 0.00714384 0.0282338 0.999576 -0.547958 0.124471 -2.18992
FixedParameters: 0 0 0

#Transform 125
Transform: AffineTransform_float_3_3
Parameters: 0.999951 0.00467897 -0.00867707 -0.00490774 0.999633 -0.0266107 0.00854899 0.0266523 0.999608 -0.478865 0.0329224 -2.11838
FixedParameters: 0 0 0

#Transform 126
Transform: AffineTransform_float_3_3
Parameters: 0.999957 0.00480427 -0.0078745 -0.00502774 0.999579 -0.0285912 0.00773354 0.0286294 0.99956 -0.487125 0.119778 -2.15538
FixedParameters: 0 0 0

#Transform 127
Transform: AffineTransform_float_3_3
Parameters: 0.999961 0.00436988 -0.00774597 -0.00457688 0.999628 -0.0268977 0.00762524 0.0269324 0.999609 -0.451702 0.121675 -1.98849
FixedParameters: 0 0 0

#Transform 128
Transform: AffineTransform_float_3_3
Parameters: 0.999955 0.00448073 -0.00828299 -0.00469713 0.999643 -0.02627 0.00816188 0.0263078 0.99962 -0.472061 0.113867 -2.22246
FixedParameters: 0 0 0

#Transform 129
Transform: AffineTransform_float_3_3
Parameters: 0.999944 0.00638157 -0.00847755 -0.00661158 0.9996 -0.0274815 0.00829896 0.0275363 0.999586 -0.586532 0.171818 -1.93855
FixedParameters: 0 0 0

#Transform 130
Transform: AffineTransform_float_3_3
Parameters: 0.999926 0.0104754 -0.00621089 -0.0105919 0.999762 -0.0190592 0.00600963 0.0191236 0.999799 -0.779757 0.251677 -1.25323
FixedParameters: 0 0 0

#Transform 131
Transform: AffineTransform_float_3_3
Parameters: 0.9999 0.0114707 -0.00832672 -0.0116646 0.999652 -0.0236771 0.00805303 0.0237711 0.999685 -0.814863 0.332246 -1.90813
FixedParameters: 0 0 0

#Transform 132
Transform: AffineTransform_float_3_3
Parameters: 0.999896 0.0121078 -0.00790416 -0.0122884 0.999657 -0.0231339 0.00762208 0.0232282 0.999701 -0.828782 0.332461 -1.7652
FixedParameters: 0 0 0

#Transform 133
Transform: AffineTransform_float_3_3
Parameters: 0.999916 0.0100788 -0.00816978 -0.0102607 0.999692 -0.0225602 0.00793962 0.0226423 0.999713 -0.714863 0.286008 -1.76279
FixedParameters: 0 0 0

#Transform 134
Transform: AffineTransform_float_3_3
Parameters: 0.999927 0.00897733 -0.00810255 -0.00914801 0.999731 -0.0213007 0.00790838 0.0213728 0.99974 -0.677604 0.338599 -1.7084
FixedParameters: 0 0 0

#Transform 135
Transform: AffineTransform_float_3_3
Parameters: 0.99992 0.00983212 -0.00797574 -0.0100003 0.999722 -0.0213528 0.00776293 0.0214311 0.99974 -0.703671 0.287662 -1.66578
FixedParameters: 0 0 0

#Transform 136
Transform: AffineTransform_float_3_3
Parameters: 0.999906 0.0111972 -0.00792585 -0.0113661 0.999703 -0.0215687 0.00768225 0.0216566 0.999736 -0.785 0.365657 -1.75096
FixedParameters: 0 0 0

#Transform 137
Transform: AffineTransform_float_3_3
Parameters: 0.999926 0.00992632 -0.00705691 -0.0100621 0.999759 -0.0195469 0.00686088 0.0196158 0.999784 -0.679973 0.320407 -1.40589
FixedParameters: 0 0 0

#Transform 138
Transform: AffineTransform_float_3_3
Parameters: 0.999941 0.00867424 -0.00655059 -0.00875736 0.99988 -0.0127495 0.00643925 0.0128062 0.999898 -0.690226 0.362857 -0.877551
FixedParameters: 0 0 0

#Transform 139
Transform: AffineTransform_float_3_3
Parameters: 0.99998 0.00315647 -0.00562211 -0.00323469 0.999898 -0.0139256 0.00557769 0.013944 0.999887 -0.65739 0.388094 -0.78113
FixedParameters: 0 0 0

#Transform 140
Transform: AffineTransform_float_3_3
Parameters: 0.999951 0.00802272 -0.0057278 -0.00809259 0.999892 -0.0122661 0.00562909 0.0123116 0.999909 -0.790687 0.42275 -0.827492
FixedParameters: 0 0 0

#Transform 141
Transform: AffineTransform_float_3_3
Parameters: 0.999962 0.00699529 -0.00517504 -0.00706036 0.999896 -0.0125673 0.005087 0.0126027 0.999907 -0.697463 0.374544 -0.772307
FixedParameters: 0 0 0

#Transform 142
Transform: AffineTransform_float_3_3
Parameters: 0.99994 0.00857014 -0.00685654 -0.00866179 0.999872 -0.0135048 0.00673993 0.013563 0.999885 -0.735862 0.390712 -0.975053
FixedParameters: 0 0 0

#Transform 143
Transform: AffineTransform_float_3_3
Parameters: 0.999909 0.0111712 -0.00754469 -0.0112563 0.999871 -0.0114645 0.00741585 0.0115486 0.999906 -0.83466 0.438649 -0.892852
FixedParameters: 0 0 0

#Transform 144
Transform: AffineTransform_float_3_3
Parameters: 0.999917 0.0101499 -0.00794296 -0.010254 0.99986 -0.0132385 0.00780727 0.0133192 0.99988 -0.810348 0.403283 -1.08334
FixedParameters: 0 0 0

#Transform 145
Transform: AffineTransform_float_3_3
Parameters: 0.999939 0.00816346 -0.0074478 -0.00825108 0.999898 -0.0117171 0.00735176 0.0117774 0.999904 -0.659843 0.376375 -1.03657
FixedParameters: 0 0 0

#Transform 146
Transform: AffineTransform_float_3_3
Parameters: 0.999939 0.00704669 -0.00860407 -0.00716049 0.999886 -0.0133081 0.0085094 0.0133694 0.999875 -0.633731 0.326503 -1.20742
FixedParameters: 0 0 0

#Transform 147
Transform: AffineTransform_float_3_3
Parameters: 0.999952 0.00663406 -0.00710491 -0.00671627 0.999911 -0.011569 0.00702793 0.0116169 0.999908 -0.592699 0.333817 -1.07225
FixedParameters: 0 0 0

#Transform 148
Transform: AffineTransform_float_3_3
Parameters: 0.999931 0.00774395 -0.00880603 -0.00787587 0.999856 -0.0150115 0.00868811 0.0150802 0.999849 -0.639405 0.317619 -1.31673
FixedParameters: 0 0 0

#Transform 149
Transform: AffineTransform_float_3_3
Parameters: 0.999947 0.00705992 -0.00749127 -0.00715177 0.9999 -0.0122673 0.00740445 0.0123198 0.999897 -0.609617 0.277259 -1.22161
FixedParameters: 0 0 0

#Transform 150
Transform: AffineTransform_float_3_3
Parameters: 0.999919 0.00882568 -0.00909731 -0.00896389 0.999844 -0.015182 0.00896151 0.0152631 0.999844 -0.694955 0.311315 -1.36422
FixedParameters: 0 0 0

#Transform 151
Transform: AffineTransform_float_3_3
Parameters: 0.999934 0.00835439 -0.00800331 -0.00845829 0.99988 -0.012965 0.00789434 0.0130327 0.999884 -0.625871 0.273112 -1.25269
FixedParameters: 0 0 0

#Transform 152
Transform: AffineTransform_float_3_3
Parameters: 0.999935 0.00786787 -0.00818103 -0.00797084 0.999888 -0.0126009 0.0080813 0.0126657 0.999887 -0.596599 0.351301 -1.19157
FixedParameters: 0 0 0

#Transform 153
Transform: AffineTransform_float_3_3
Parameters: 0.999976 0.00628928 -0.00290338 -0.00647512 0.997574 -0.0693092 0.00246044 0.0693261 0.997591 -0.37784 0.107614 -3.36797
FixedParameters: 0 0 0

#Transform 154
Transform: AffineTransform_float_3_3
Parameters: 0.999946 0.00921653 -0.00477048 -0.00948227 0.998204 -0.0591516 0.0042165 0.0591935 0.998238 -0.53882 0.283198 -2.76812
FixedParameters: 0 0 0

#Transform 155
Transform: AffineTransform_float_3_3
Parameters: 0.999939 0.00977967 -0.00529798 -0.0100206 0.998815 -0.0476272 0.00482564 0.0476769 0.998851 -0.535771 0.255337 -2.45028
FixedParameters: 0 0 0

#Transform 156
Transform: AffineTransform_float_3_3
Parameters: 0.99979 0.020135 -0.00376472 -0.0203131 0.998238 -0.0557543 0.00263567 0.0558187 0.998438 -0.851169 -0.46188 -3.76184
FixedParameters: 0 0 0

#Transform 157
Transform: AffineTransform_float_3_3
Parameters: 0.999948 0.00933148 0.00409977 -0.00918266 0.999344 -0.0350252 -0.00442402 0.0349853 0.999378 -0.660171 0.41778 -1.66342
FixedParameters: 0 0 0

#Transform 158
Transform: AffineTransform_float_3_3
Parameters: 0.99993 0.0113721 -0.00342816 -0.0114589 0.99958 -0.0266278 0.00312426 0.0266655 0.999639 -0.67854 0.210587 -1.70813
FixedParameters: 0 0 0

#Transform 159
Transform: AffineTransform_float_3_3
Parameters: 0.999897 0.0131928 -0.00558986 -0.0133453 0.999513 -0.0281951 0.00521601 0.0282664 0.999587 -0.787521 0.312172 -1.88767
FixedParameters: 0 0 0

#Transform 160
Transform: AffineTransform_float_3_3
Parameters: 0.999915 0.012259 -0.00451374 -0.0123761 0.999562 -0.0268782 0.00418186 0.0269308 0.999629 -0.717684 0.260779 -1.81041
FixedParameters: 0 0 0

#Transform 161
Transform: AffineTransform_float_3_3
Parameters: 0.999924 0.0110984 -0.00524729 -0.0112367 0.999566 -0.0272689 0.00494194 0.0273261 0.999614 -0.708178 0.236008 -2.00271
FixedParameters: 0 0 0

#Transform 162
Transform: AffineTransform_float_3_3
Parameters: 0.999914 0.0116293 -0.00605593 -0.0117888 0.999563 -0.0271053 0.00573854 0.0271747 0.999614 -0.66132 0.351188 -1.80132
FixedParameters: 0 0 0

#Transform 163
Transform: AffineTransform_float_3_3
Parameters: 0.999899 0.0126578 -0.00646879 -0.0128311 0.999541 -0.0274511 0.00611809 0.027531 0.999602 -0.706715 0.296029 -1.88898
FixedParameters: 0 0 0

#Transform 164
Transform: AffineTransform_float_3_3
Parameters: 0.999898 0.0123019 -0.00726956 -0.012495 0.999551 -0.027237 0.00693138 0.0273253 0.999603 -0.722668 0.305534 -2.00907
FixedParameters: 0 0 0

#Transform 165
Transform: AffineTransform_float_3_3
Parameters: 0.999878 0.013296 -0.00827335 -0.0135315 0.999486 -0.0290668 0.0078833 0.0291755 0.999544 -0.810562 0.284656 -2.109
FixedParameters: 0 0 0

#Transform 166
Transform: AffineTransform_float_3_3
Parameters: 0.999862 0.0145306 -0.00809207 -0.0147611 0.999465 -0.0291694 0.00766392 0.0292853 0.999541 -0.804398 0.306931 -1.92916
FixedParameters: 0 0 0

#Transform 167
Transform: AffineTransform_float_3_3
Parameters: 0.999858 0.0158238 -0.00575912 -0.0159737 0.999509 -0.0269791 0.00532977 0.0270678 0.99962 -0.889032 0.262824 -1.52938
FixedParameters: 0 0 0

#Transform 168
Transform: AffineTransform_float_3_3
Parameters: 0.999856 0.0144735 -0.00881117 -0.0147194 0.999485 -0.0284999 0.00839442 0.0286258 0.999555 -0.881985 0.361092 -2.12564
FixedParameters: 0 0 0

#Transform 169
Transform: AffineTransform_float_3_3
Parameters: 0.999833 0.0152754 -0.010015 -0.0155214 0.999569 -0.0249315 0.00962986 0.0250829 0.999638 -0.871454 0.395727 -1.78108
FixedParameters: 0 0 0

#Transform 170
Transform: AffineTransform_float_3_3
Parameters: 0.999822 0.016029 -0.00990892 -0.0162745 0.99955 -0.0251942 0.00950106 0.0253512 0.999634 -0.904253 0.359791 -1.92261
FixedParameters: 0 0 0

#Transform 171
Transform: AffineTransform_float_3_3
Parameters: 0.999808 0.016259 -0.0109335 -0.0165613 0.999465 -0.0281826 0.0104694 0.0283584 0.999543 -0.938167 0.361084 -2.13239
FixedParameters: 0 0 0

#Transform 172
Transform: AffineTransform_float_3_3
Parameters: 0.999823 0.015713 -0.0103436 -0.0159809 0.999525 -0.0263705 0.0099247 0.0265314 0.999598 -0.871011 0.296612 -2.01289
FixedParameters: 0 0 0

#Transform 173
Transform: AffineTransform_float_3_3
Parameters: 0.999816 0.0155138 -0.0113008 -0.0158199 0.999496 -0.0275365 0.010868 0.0277107 0.999557 -0.910868 0.260849 -2.25111
FixedParameters: 0 0 0

#Transform 174
Transform: AffineTransform_float_3_3
Parameters: 0.999806 0.0154761 -0.0121213 -0.0158306 0.999433 -0.029741 0.0116544 0.0299272 0.999484 -0.909706 0.263879 -2.34332
FixedParameters: 0 0 0

#Transform 175
Transform: AffineTransform_float_3_3
Parameters: 0.999828 0.0156626 -0.0100207 -0.0159434 0.999463 -0.0286071 0.00956776 0.0287622 0.999541 -0.884924 0.37653 -2.05133
FixedParameters: 0 0 0

#Transform 176
Transform: AffineTransform_float_3_3
Parameters: 0.999822 0.015287 -0.0110622 -0.0155644 0.999554 -0.0254857 0.0106679 0.0256525 0.999614 -0.889239 0.371354 -2.0717
FixedParameters: 0 0 0

#Transform 177
Transform: AffineTransform_float_3_3
Parameters: 0.999795 0.0160606 -0.0123173 -0.0163981 0.999478 -0.0278302 0.0118643 0.0280257 0.999537 -0.94928 0.345741 -2.27189
FixedParameters: 0 0 0

#Transform 178
Transform: AffineTransform_float_3_3
Parameters: 0.999791 0.0167769 -0.0116786 -0.0170762 0.999516 -0.0260226 0.0112366 0.0262172 0.999593 -0.931163 0.318112 -2.03732
FixedParameters: 0 0 0

#Transform 179
Transform: AffineTransform_float_3_3
Parameters: 0.999809 0.0166098 -0.0103576 -0.0168695 0.999533 -0.0254778 0.0099293 0.0256474 0.999622 -0.920773 0.35061 -2.05577
FixedParameters: 0 0 0

#Transform 180
Transform: AffineTransform_float_3_3
Parameters: 0.999845 0.0148229 -0.0094824 -0.0150515 0.999586 -0.024522 0.00911525 0.0246607 0.999655 -0.847581 0.404512 -1.91848
FixedParameters: 0 0 0

#Transform 181
Transform: AffineTransform_float_3_3
Parameters: 0.999862 0.0134806 -0.00976745 -0.0137371 0.999549 -0.0267082 0.0094031 0.0268386 0.999596 -0.780921 0.260153 -1.98188
FixedParameters: 0 0 0

#Transform 182
Transform: AffineTransform_float_3_3
Parameters: 0.999873 0.0130055 -0.00921587 -0.0132639 0.999506 -0.0285114 0.00884003 0.0286302 0.999551 -0.774816 0.265861 -1.93868
FixedParameters: 0 0 0

#Transform 183
Transform: AffineTransform_float_3_3
Parameters: 0.999854 0.0139599 -0.0098661 -0.0141598 0.99969 -0.0204823 0.00957748 0.0206188 0.999741 -0.806517 0.306319 -1.80689
FixedParameters: 0 0 0

#Transform 184
Transform: AffineTransform_float_3_3
Parameters: 0.999819 0.0155534 -0.0109391 -0.0157961 0.999622 -0.0225001 0.0105852 0.0226679 0.999687 -0.885603 0.367633 -1.83345
FixedParameters: 0 0 0

#Transform 185
Transform: AffineTransform_float_3_3
Parameters: 0.999813 0.0159566 -0.0108575 -0.0162092 0.999589 -0.0236284 0.0104759 0.0237992 0.999662 -0.891193 0.316627 -1.95432
FixedParameters: 0 0 0

#Transform 186
Transform: AffineTransform_float_3_3
Parameters: 0.999784 0.016406 -0.0128193 -0.0167353 0.999522 -0.0259874 0.0123875 0.0261958 0.99958 -0.97156 0.364681 -2.14496
FixedParameters: 0 0 0

#Transform 187
Transform: AffineTransform_float_3_3
Parameters: 0.999776 0.0179249 -0.0112591 -0.0181787 0.999572 -0.0228885 0.010844 0.0230882 0.999675 -0.950353 0.44786 -1.74381
FixedParameters: 0 0 0

#Transform 188
Transform: AffineTransform_float_3_3
Parameters: 0.999806 0.0165064 -0.010753 -0.0167547 0.999586 -0.0233854 0.0103626 0.0235613 0.999669 -0.900378 0.397891 -1.87955
FixedParameters: 0 0 0

#Transform 189
Transform: AffineTransform_float_3_3
Parameters: 0.999806 0.0165538 -0.0106881 -0.0168122 0.999558 -0.0245141 0.0102767 0.0246888 0.999643 -0.937878 0.402687 -1.9929
FixedParameters: 0 0 0

#Transform 190
Transform: AffineTransform_float_3_3
Parameters: 0.999639 0.0173132 -0.0205273 -0.0178689 0.99947 -0.027208 0.0200449 0.0275651 0.999419 -1.18808 0.360532 -2.2804
FixedParameters: 0 0 0

#Transform 191
Transform: AffineTransform_float_3_3
