# transform file /out/sourcedata/freesurfer/sub-v1s12x0050105_ses-1/mri/transforms/cc_up.lta
# created by oesteban on Sun Mar  8 13:48:27 2026

type      = 0 # LINEAR_VOX_TO_VOX
nxforms   = 1
mean      = 131.0000 124.0000 100.0000
sigma     = 10000.0000
1 4 4
9.976151585578918e-01 6.483674049377441e-02 2.366971969604492e-02 -1.118791961669922e+01 
-6.481850147247314e-02 9.978958964347839e-01 -1.537903328426182e-03 3.476348495483398e+01 
-2.371962927281857e-02 -1.164153218269348e-10 9.997186660766602e-01 3.810218429565430e+01 
0.000000000000000e+00 0.000000000000000e+00 0.000000000000000e+00 1.000000000000000e+00 
src volume info
valid = 1  # volume info valid
filename = /out/sourcedata/freesurfer/sub-v1s12x0050105_ses-1/mri/norm.mgz
volume = 256 256 256
voxelsize = 1.000000000000000e+00 1.000000000000000e+00 1.000000000000000e+00
xras   = -1.000000000000000e+00 0.000000000000000e+00 0.000000000000000e+00
yras   = 0.000000000000000e+00 0.000000000000000e+00 -1.000000000000000e+00
zras   = 0.000000000000000e+00 1.000000000000000e+00 0.000000000000000e+00
cras   = -4.812873840332031e+00 1.334866333007812e+01 9.220191955566406e+00
dst volume info
valid = 1  # volume info valid
filename = /out/sourcedata/freesurfer/sub-v1s12x0050105_ses-1/mri/norm.mgz
volume = 256 256 256
voxelsize = 1.000000000000000e+00 1.000000000000000e+00 1.000000000000000e+00
xras   = -1.000000000000000e+00 0.000000000000000e+00 0.000000000000000e+00
yras   = 0.000000000000000e+00 0.000000000000000e+00 -1.000000000000000e+00
zras   = 0.000000000000000e+00 1.000000000000000e+00 0.000000000000000e+00
cras   = -4.812873840332031e+00 1.334866333007812e+01 9.220191955566406e+00
