#Insight Transform File V1.0
#Transform 0
Transform: AffineTransform_float_3_3
Parameters: 1 0 0 0 1 0.000584 0 -0.000584 1 0.003807 -0.0516486 -0.0870042
FixedParameters: 0 0 0

#Transform 1
Transform: AffineTransform_float_3_3
Parameters: 1 0.000169745 0.000405939 -0.000169852 1 0.000130931 -0.000405894 -0.000131069 1 -0.0324604 0.00952475 0.109026
FixedParameters: 0 0 0

#Transform 2
Transform: AffineTransform_float_3_3
Parameters: 0.999999 0.000557568 0.00133418 -0.000558472 1 0.000338611 -0.0013338 -0.000339388 0.999999 -0.0461659 -0.161973 0.222907
FixedParameters: 0 0 0

#Transform 3
Transform: AffineTransform_float_3_3
Parameters: 0.999998 0.0013948 0.00157469 -0.0013956 0.999999 -3.96346e-05 -0.00157441 3.73672e-05 0.999999 -0.0725396 -0.165196 0.0971995
FixedParameters: 0 0 0

#Transform 4
Transform: AffineTransform_float_3_3
Parameters: 0.999997 0.00188224 0.00171382 -0.0018831 0.999999 0.00040404 -0.00171361 -0.000406962 0.999999 -0.0905466 -0.250303 0.10266
FixedParameters: 0 0 0

#Transform 5
Transform: AffineTransform_float_3_3
Parameters: 0.999997 0.00181654 0.00174197 -0.0018178 0.999998 0.00104325 -0.00174025 -0.00104675 0.999998 -0.08202 -0.263161 0.113663
FixedParameters: 0 0 0

#Transform 6
Transform: AffineTransform_float_3_3
Parameters: 0.999997 0.00185951 0.00165937 -0.00186083 0.999999 0.000395179 -0.00165789 -0.000397819 0.999999 -0.0934845 -0.185744 0.0759409
FixedParameters: 0 0 0

#Transform 7
Transform: AffineTransform_float_3_3
Parameters: 0.999996 0.00191366 0.00179102 -0.00191573 0.999998 0.000724986 -0.00178955 -0.000729013 0.999998 -0.104211 -0.287461 0.133455
FixedParameters: 0 0 0

#Transform 8
Transform: AffineTransform_float_3_3
Parameters: 0.999998 0.00172989 0.00135086 -0.00173136 0.999998 0.000740721 -0.00134961 -0.000743278 0.999999 -0.144674 -0.173509 0.100916
FixedParameters: 0 0 0

#Transform 9
Transform: AffineTransform_float_3_3
Parameters: 0.999997 0.0018251 0.00157736 -0.00182562 0.999998 0.00045718 -0.00157607 -0.00046082 0.999998 -0.144921 -0.227672 0.122852
FixedParameters: 0 0 0

#Transform 10
Transform: AffineTransform_float_3_3
Parameters: 0.999998 0.00177403 0.00145579 -0.0017752 0.999999 0.000584326 -0.00145502 -0.000586674 0.999998 -0.116083 -0.188938 0.075284
FixedParameters: 0 0 0

#Transform 11
Transform: AffineTransform_float_3_3
Parameters: 0.999997 0.00210659 0.00136808 -0.00210809 0.999997 0.000743027 -0.00136625 -0.000745971 0.999998 -0.129901 -0.21172 0.0891171
FixedParameters: 0 0 0

#Transform 12
Transform: AffineTransform_float_3_3
Parameters: 0.999996 0.00189096 0.00173789 -0.00189275 0.999998 0.000933979 -0.00173605 -0.00093702 0.999998 -0.0918512 -0.242426 0.0830568
FixedParameters: 0 0 0

#Transform 13
Transform: AffineTransform_float_3_3
Parameters: 0.999997 0.00165347 0.00189291 -0.00165467 0.999998 0.000457639 -0.0018927 -0.000460361 0.999998 -0.0461659 -0.154185 0.0706367
FixedParameters: 0 0 0

#Transform 14
Transform: AffineTransform_float_3_3
Parameters: 0.999999 0.00122073 0.00127213 -0.0012216 0.999999 0.00106466 -0.0012703 -0.00106635 0.999999 0.0413511 -0.293433 0.111527
FixedParameters: 0 0 0

#Transform 15
Transform: AffineTransform_float_3_3
Parameters: 0.999998 0.00144023 0.00132582 -0.00144133 0.999998 0.0011103 -0.00132339 -0.0011127 0.999999 0.0576431 -0.170571 0.0656748
FixedParameters: 0 0 0

#Transform 16
Transform: AffineTransform_float_3_3
Parameters: 0.999998 0.0017336 0.00108459 -0.00173543 0.999998 0.00133882 -0.00108256 -0.00134118 0.999998 0.0221709 -0.290498 0.119862
FixedParameters: 0 0 0

#Transform 17
Transform: AffineTransform_float_3_3
Parameters: 0.999997 0.00246477 6.76582e-05 -0.0024648 0.999996 0.00026118 -6.63716e-05 -0.000260818 1 -0.0515096 -0.233012 0.0338116
FixedParameters: 0 0 0

#Transform 18
Transform: AffineTransform_float_3_3
Parameters: 0.999997 0.00266462 0.000443675 -0.0026647 0.999996 0.000698661 -0.000441256 -0.000700337 1 -0.0757108 -0.297645 0.0988759
FixedParameters: 0 0 0

#Transform 19
Transform: AffineTransform_float_3_3
Parameters: 0.999997 0.00248816 0.000165587 -0.00248777 0.999997 0.00042858 -0.000164761 -0.000429421 1 -0.0583298 -0.274789 0.0701906
FixedParameters: 0 0 0

#Transform 20
Transform: AffineTransform_float_3_3
Parameters: 0.999995 0.00297881 -0.000895871 -0.00297838 0.999995 0.000668742 0.000898002 -0.000666257 0.999999 -0.0532753 -0.283394 0.103182
FixedParameters: 0 0 0

#Transform 21
Transform: AffineTransform_float_3_3
Parameters: 0.999996 0.00272551 -0.000903007 -0.00272519 0.999996 0.00060689 0.000904463 -0.00060411 0.999999 -0.0335781 -0.260379 0.0701455
FixedParameters: 0 0 0

#Transform 22
Transform: AffineTransform_float_3_3
Parameters: 0.999996 0.00263639 1.05579e-05 -0.00263625 0.999996 0.000880816 -8.14633e-06 -0.000880183 0.999999 -0.0349542 -0.294627 0.0520572
FixedParameters: 0 0 0

#Transform 23
Transform: AffineTransform_float_3_3
Parameters: 0.999997 0.00265828 -7.93279e-05 -0.00265796 0.999996 0.00107285 8.28013e-05 -0.00107315 1 -0.033579 -0.293012 -0.0417699
FixedParameters: 0 0 0

#Transform 24
Transform: AffineTransform_float_3_3
Parameters: 0.999997 0.00262985 -0.000545691 -0.00262963 0.999997 0.000551864 0.000547669 -0.000551135 1 -0.054514 -0.299601 0.0218331
FixedParameters: 0 0 0

#Transform 25
Transform: AffineTransform_float_3_3
Parameters: 0.999996 0.00289619 9.08081e-05 -0.00289622 0.999995 0.000163579 -8.9861e-05 -0.00016342 1 -0.0422281 -0.284121 -0.00459836
FixedParameters: 0 0 0

#Transform 26
Transform: AffineTransform_float_3_3
Parameters: 0.999998 0.00226073 -0.00017334 -0.00226126 0.999998 0.000704028 0.000174678 -0.000703973 0.999999 -0.00519046 -0.285846 0.0570219
FixedParameters: 0 0 0

#Transform 27
Transform: AffineTransform_float_3_3
Parameters: 0.999997 0.00267464 -0.000329912 -0.00267482 0.999996 0.000310517 0.000330648 -0.000309482 1 -0.0286994 -0.295023 0.0159515
FixedParameters: 0 0 0

#Transform 28
Transform: AffineTransform_float_3_3
Parameters: 0.999997 0.00262597 -0.000749408 -0.00262563 0.999996 0.000746397 0.000751478 -0.000744602 0.999999 -0.0376057 -0.309713 0.0730939
FixedParameters: 0 0 0

#Transform 29
Transform: AffineTransform_float_3_3
Parameters: 0.999996 0.00283993 1.06152e-05 -0.00284018 0.999995 0.00104646 -7.82453e-06 -0.00104654 0.999999 -0.0234977 -0.298936 0.0531399
FixedParameters: 0 0 0

#Transform 30
Transform: AffineTransform_float_3_3
Parameters: 0.999995 0.00314812 0.000196693 -0.00314789 0.999995 0.00117872 -0.00019281 -0.00117928 1 -0.0894753 -0.344927 0.0666817
FixedParameters: 0 0 0

#Transform 31
Transform: AffineTransform_float_3_3
Parameters: 0.999996 0.00308067 -3.68652e-05 -0.003081 0.999995 0.000643453 3.99045e-05 -0.000642544 1 -0.0627156 -0.278756 0.03837
FixedParameters: 0 0 0

#Transform 32
Transform: AffineTransform_float_3_3
Parameters: 0.999996 0.00257758 -0.000133765 -0.00257782 0.999996 0.00053498 0.000135601 -0.000535018 0.999999 -0.0520848 -0.306909 0.0425303
FixedParameters: 0 0 0

#Transform 33
Transform: AffineTransform_float_3_3
Parameters: 0.999997 0.00265515 -7.59148e-05 -0.0026555 0.999997 0.000243044 7.62801e-05 -0.000241957 1 -0.0710984 -0.269084 0.022453
FixedParameters: 0 0 0

#Transform 34
Transform: AffineTransform_float_3_3
Parameters: 0.999997 0.00272092 7.84703e-09 -0.00272077 0.999996 0.000807844 2.15532e-06 -0.000807156 1 -0.0353801 -0.286383 0.00889981
FixedParameters: 0 0 0

#Transform 35
Transform: AffineTransform_float_3_3
Parameters: 0.999996 0.00260388 -7.77349e-05 -0.00260359 0.999996 0.000880195 8.00864e-05 -0.000879804 1 -0.0662922 -0.327322 -0.00487348
FixedParameters: 0 0 0

#Transform 36
Transform: AffineTransform_float_3_3
Parameters: 0.999997 0.00266331 -0.000114807 -0.00266299 0.999996 0.000749298 0.000116565 -0.000748702 1 -0.0589557 -0.289477 0.0216355
FixedParameters: 0 0 0

#Transform 37
Transform: AffineTransform_float_3_3
Parameters: 0.999996 0.00281723 -4.70021e-06 -0.00281745 0.999995 0.0010955 7.71947e-06 -0.0010955 0.999999 -0.0808368 -0.319866 0.0132138
FixedParameters: 0 0 0

#Transform 38
Transform: AffineTransform_float_3_3
Parameters: 0.999995 0.00288948 -0.000473973 -0.00288965 0.999995 0.00063665 0.000475803 -0.000635349 0.999999 -0.062547 -0.282393 -0.00434751
FixedParameters: 0 0 0

#Transform 39
Transform: AffineTransform_float_3_3
Parameters: 0.999995 0.00292381 -5.64974e-05 -0.00292396 0.999995 0.000807654 5.8066e-05 -0.000807349 1 -0.0903483 -0.292077 -0.00116402
FixedParameters: 0 0 0

#Transform 40
Transform: AffineTransform_float_3_3
Parameters: 0.999996 0.00304899 -7.98872e-05 -0.00304933 0.999995 0.00032573 8.09496e-05 -0.00032527 1 -0.101111 -0.280917 -0.00963509
FixedParameters: 0 0 0

#Transform 41
Transform: AffineTransform_float_3_3
Parameters: 0.999995 0.00321488 -0.000113451 -0.00321427 0.999995 0.000325496 0.000114235 -0.000325505 1 -0.0688165 -0.296781 -0.0121224
FixedParameters: 0 0 0

#Transform 42
Transform: AffineTransform_float_3_3
Parameters: 0.999997 0.00241769 -8.70442e-06 -0.0024179 0.999996 0.00133001 1.19822e-05 -0.00132998 0.999999 -0.0855009 -0.398592 0.037742
FixedParameters: 0 0 0

#Transform 43
Transform: AffineTransform_float_3_3
Parameters: 0.999997 0.00266442 5.92582e-05 -0.00266436 0.999996 0.000773686 -5.73673e-05 -0.000773314 1 -0.0701927 -0.260731 -0.000158752
FixedParameters: 0 0 0

#Transform 44
Transform: AffineTransform_float_3_3
Parameters: 0.999995 0.00294854 9.14926e-06 -0.00294879 0.999994 0.00121446 -5.14048e-06 -0.00121453 0.999999 -0.122513 -0.355021 0.0240691
FixedParameters: 0 0 0

#Transform 45
Transform: AffineTransform_float_3_3
Parameters: 0.999996 0.00282031 -0.000444874 -0.00282045 0.999996 0.000707535 0.000447017 -0.000706464 0.999999 -0.119079 -0.266812 -0.0293243
FixedParameters: 0 0 0

#Transform 46
Transform: AffineTransform_float_3_3
Parameters: 0.999995 0.00316522 -0.000480405 -0.00316436 0.999995 0.000736802 0.000482833 -0.000735198 1 -0.157556 -0.328574 0.0102941
FixedParameters: 0 0 0

#Transform 47
Transform: AffineTransform_float_3_3
Parameters: 0.999994 0.00320469 -0.000742004 -0.00320454 0.999995 0.000366302 0.000743421 -0.000363697 0.999999 -0.139799 -0.248112 -0.0317721
FixedParameters: 0 0 0

#Transform 48
Transform: AffineTransform_float_3_3
Parameters: 0.999994 0.00263395 -0.0023496 -0.00263302 0.999997 0.000561006 0.00235108 -0.000554995 0.999997 -0.152781 -0.198646 -0.154602
FixedParameters: 0 0 0

#Transform 49
Transform: AffineTransform_float_3_3
Parameters: 0.999996 0.00253156 -0.00122529 -0.00252862 0.999995 0.00198383 0.00123071 -0.00198117 0.999998 -0.132842 -0.26719 0.033403
FixedParameters: 0 0 0

#Transform 50
Transform: AffineTransform_float_3_3
Parameters: 0.999996 0.00280169 -0.00126298 -0.00280078 0.999996 0.00066576 0.00126486 -0.000662239 0.999999 -0.153002 -0.0909241 -0.0815671
FixedParameters: 0 0 0

#Transform 51
Transform: AffineTransform_float_3_3
Parameters: 0.999996 0.00201262 -0.00192535 -0.00200846 0.999997 0.0017211 0.00192896 -0.00171689 0.999996 -0.107801 -0.0917516 -0.143432
FixedParameters: 0 0 0

#Transform 52
Transform: AffineTransform_float_3_3
Parameters: 0.999994 0.00183625 -0.00289316 -0.00183227 0.999998 0.00127534 0.0028949 -0.00126966 0.999995 -0.126122 -0.0981631 -0.135995
FixedParameters: 0 0 0

#Transform 53
Transform: AffineTransform_float_3_3
Parameters: 0.999994 0.00192395 -0.00268078 -0.00192117 0.999998 0.000836187 0.00268252 -0.000830811 0.999996 -0.097337 -0.0325722 -0.227125
FixedParameters: 0 0 0

#Transform 54
Transform: AffineTransform_float_3_3
Parameters: 0.999995 0.00207879 -0.0021621 -0.00207639 0.999997 0.000947021 0.00216456 -0.000942977 0.999997 -0.0871597 -0.116881 -0.175964
FixedParameters: 0 0 0

#Transform 55
Transform: AffineTransform_float_3_3
Parameters: 0.999994 0.00192391 -0.00268469 -0.00191958 0.999996 0.00168219 0.00268769 -0.00167681 0.999995 -0.0575005 -0.127553 -0.20298
FixedParameters: 0 0 0

#Transform 56
Transform: AffineTransform_float_3_3
Parameters: 0.999992 0.0030742 -0.00250825 -0.00307218 0.999995 0.000896817 0.00251043 -0.000889186 0.999996 -0.129176 -0.126954 -0.197946
FixedParameters: 0 0 0

#Transform 57
Transform: AffineTransform_float_3_3
Parameters: 0.999993 0.00316189 -0.00206304 -0.00315849 0.999994 0.00160869 0.00206803 -0.00160131 0.999997 -0.139337 -0.191234 -0.18201
FixedParameters: 0 0 0

#Transform 58
Transform: AffineTransform_float_3_3
Parameters: 0.999993 0.00304962 -0.00242101 -0.00304861 0.999995 0.000641845 0.00242252 -0.000634157 0.999997 -0.111164 -0.0777824 -0.206232
FixedParameters: 0 0 0

#Transform 59
Transform: AffineTransform_float_3_3
Parameters: 0.999994 0.00256698 -0.00229173 -0.00256361 0.999996 0.00135891 0.00229445 -0.0013521 0.999997 -0.112486 -0.17937 -0.16175
FixedParameters: 0 0 0

#Transform 60
Transform: AffineTransform_float_3_3
Parameters: 0.999991 0.00316173 -0.00259696 -0.00315978 0.999994 0.000854465 0.00259904 -0.000846537 0.999996 -0.116299 -0.136448 -0.261838
FixedParameters: 0 0 0

#Transform 61
Transform: AffineTransform_float_3_3
Parameters: 0.999993 0.00289202 -0.00265808 -0.00288786 0.999995 0.0013223 0.00266147 -0.00131471 0.999996 -0.120618 -0.222516 -0.205425
FixedParameters: 0 0 0

#Transform 62
Transform: AffineTransform_float_3_3
Parameters: 0.999991 0.00333565 -0.0025556 -0.00333274 0.999993 0.00138478 0.00256004 -0.00137622 0.999996 -0.141302 -0.16712 -0.21463
FixedParameters: 0 0 0

#Transform 63
Transform: AffineTransform_float_3_3
Parameters: 0.999991 0.00344432 -0.00238943 -0.00344216 0.999994 0.000698979 0.00239144 -0.000691022 0.999997 -0.174168 -0.18882 -0.177062
FixedParameters: 0 0 0

#Transform 64
Transform: AffineTransform_float_3_3
Parameters: 0.999994 0.00230986 -0.00252798 -0.0023076 0.999996 0.00104252 0.00253079 -0.00103648 0.999997 -0.0702554 -0.23164 -0.160077
FixedParameters: 0 0 0

#Transform 65
Transform: AffineTransform_float_3_3
Parameters: 0.999993 0.00204856 -0.00289376 -0.00204805 0.999998 0.000316754 0.00289451 -0.000311247 0.999996 -0.0533298 -0.190664 -0.148859
FixedParameters: 0 0 0

#Transform 66
Transform: AffineTransform_float_3_3
Parameters: 0.999996 0.00164568 -0.00234755 -0.00164214 0.999998 0.00139474 0.00235013 -0.00139125 0.999996 -0.029917 -0.274793 -0.133363
FixedParameters: 0 0 0

#Transform 67
Transform: AffineTransform_float_3_3
Parameters: 0.999994 0.00190064 -0.00270367 -0.00189864 0.999998 0.00044302 0.00270442 -0.000436979 0.999996 -0.00303838 -0.174093 -0.227108
FixedParameters: 0 0 0

#Transform 68
Transform: AffineTransform_float_3_3
Parameters: 0.999995 0.00207257 -0.00229503 -0.00206879 0.999997 0.00127828 0.00229793 -0.00127372 0.999997 -0.0260995 -0.294522 -0.181506
FixedParameters: 0 0 0

#Transform 69
Transform: AffineTransform_float_3_3
Parameters: 0.999995 0.00197237 -0.00268217 -0.00196928 0.999998 0.000965964 0.00268358 -0.000961036 0.999996 -0.0395254 -0.243761 -0.224862
FixedParameters: 0 0 0

#Transform 70
Transform: AffineTransform_float_3_3
Parameters: 0.999994 0.00201961 -0.00303659 -0.00201659 0.999997 0.000992955 0.00303859 -0.000987044 0.999994 -0.0171834 -0.251576 -0.188105
FixedParameters: 0 0 0

#Transform 71
Transform: AffineTransform_float_3_3
Parameters: 0.999994 0.00193621 -0.00262317 -0.00193168 0.999997 0.00151111 0.00262609 -0.00150589 0.999996 -0.0453898 -0.317044 -0.166509
FixedParameters: 0 0 0

#Transform 72
Transform: AffineTransform_float_3_3
Parameters: 0.999994 0.00193785 -0.00261685 -0.00193491 0.999997 0.000961101 0.00261818 -0.000955899 0.999996 -0.00846222 -0.188487 -0.205235
FixedParameters: 0 0 0

#Transform 73
Transform: AffineTransform_float_3_3
Parameters: 0.999995 0.00187522 -0.00276919 -0.00187073 0.999997 0.00142522 0.0027716 -0.00141978 0.999995 -0.0560843 -0.302762 -0.211243
FixedParameters: 0 0 0

#Transform 74
Transform: AffineTransform_float_3_3
Parameters: 0.999994 0.00189828 -0.00271185 -0.00189459 0.999997 0.000994175 0.00271415 -0.00098882 0.999996 -0.000322349 -0.235752 -0.27138
FixedParameters: 0 0 0

#Transform 75
Transform: AffineTransform_float_3_3
Parameters: 0.999994 0.0017755 -0.00300485 -0.00177271 0.999998 0.000747869 0.00300604 -0.00074213 0.999996 -0.0318215 -0.253371 -0.199439
FixedParameters: 0 0 0

#Transform 76
Transform: AffineTransform_float_3_3
Parameters: 0.999995 0.00203678 -0.00238206 -0.00203256 0.999996 0.00159738 0.00238563 -0.00159262 0.999996 -0.0558978 -0.283586 -0.204805
FixedParameters: 0 0 0

#Transform 77
Transform: AffineTransform_float_3_3
Parameters: 0.999994 0.00224267 -0.00264505 -0.00224001 0.999997 0.00107261 0.00264784 -0.00106639 0.999996 -0.0554489 -0.174321 -0.214764
FixedParameters: 0 0 0

#Transform 78
Transform: AffineTransform_float_3_3
Parameters: 0.999995 0.00185498 -0.00281935 -0.00184982 0.999996 0.00174926 0.00282237 -0.00174374 0.999994 -0.0574796 -0.322197 -0.213057
FixedParameters: 0 0 0

#Transform 79
Transform: AffineTransform_float_3_3
Parameters: 0.999994 0.0021623 -0.0026854 -0.00216034 0.999998 0.000683482 0.00268688 -0.000677518 0.999997 -0.0441347 -0.159459 -0.246456
FixedParameters: 0 0 0

#Transform 80
Transform: AffineTransform_float_3_3
Parameters: 0.999995 0.00195705 -0.00257011 -0.00195507 0.999997 0.000793062 0.00257083 -0.00078794 0.999997 -0.0712715 -0.31995 -0.212627
FixedParameters: 0 0 0

#Transform 81
Transform: AffineTransform_float_3_3
Parameters: 0.999994 0.00199638 -0.00277015 -0.00199303 0.999998 0.000982204 0.00277167 -0.000976796 0.999996 -0.0585816 -0.211237 -0.281164
FixedParameters: 0 0 0

#Transform 82
Transform: AffineTransform_float_3_3
Parameters: 0.999993 0.0022464 -0.00305543 -0.0022429 0.999997 0.00128069 0.00305863 -0.00127331 0.999995 -0.100929 -0.257284 -0.202512
FixedParameters: 0 0 0

#Transform 83
Transform: AffineTransform_float_3_3
Parameters: 0.999995 0.00204592 -0.00236116 -0.00204118 0.999997 0.00188621 0.0023641 -0.00188079 0.999995 -0.0597173 -0.183727 -0.229135
FixedParameters: 0 0 0

#Transform 84
Transform: AffineTransform_float_3_3
Parameters: 0.999995 0.00205819 -0.00233047 -0.00205437 0.999997 0.00154717 0.0023339 -0.00154182 0.999996 -0.0941782 -0.159451 -0.212349
FixedParameters: 0 0 0

#Transform 85
Transform: AffineTransform_float_3_3
Parameters: 0.999994 0.00203615 -0.00285018 -0.00203149 0.999996 0.00180563 0.00285444 -0.00180037 0.999994 -0.0868277 -0.217197 -0.182426
FixedParameters: 0 0 0

#Transform 86
Transform: AffineTransform_float_3_3
Parameters: 0.999993 0.00242006 -0.00279559 -0.00241559 0.999996 0.00147673 0.00279887 -0.00147027 0.999995 -0.112506 -0.0789202 -0.155056
FixedParameters: 0 0 0

#Transform 87
Transform: AffineTransform_float_3_3
Parameters: 0.999994 0.00247485 -0.00236155 -0.00247078 0.999995 0.00202102 0.00236623 -0.00201498 0.999995 -0.13635 -0.195906 -0.192131
FixedParameters: 0 0 0

#Transform 88
Transform: AffineTransform_float_3_3
Parameters: 0.999995 0.00207748 -0.0022854 -0.00207252 0.999996 0.00191127 0.00228948 -0.00190673 0.999996 -0.0944891 -0.138586 -0.239278
FixedParameters: 0 0 0

#Transform 89
Transform: AffineTransform_float_3_3
Parameters: 0.999998 0.000902545 -0.00165633 -0.000900438 0.999998 0.00154279 0.00165712 -0.00154121 0.999998 -0.0471915 -0.283433 -0.180534
FixedParameters: 0 0 0

#Transform 90
Transform: AffineTransform_float_3_3
Parameters: 0.999997 0.0011697 -0.00212735 -0.00116542 0.999997 0.00201858 0.00212953 -0.00201642 0.999996 -0.0203733 -0.225833 -0.221446
FixedParameters: 0 0 0

#Transform 91
Transform: AffineTransform_float_3_3
Parameters: 0.999996 0.00137745 -0.00223649 -0.00137098 0.999996 0.00249516 0.00223989 -0.00249183 0.999994 -0.066046 -0.279311 -0.158891
FixedParameters: 0 0 0

#Transform 92
Transform: AffineTransform_float_3_3
Parameters: 0.999996 0.00159838 -0.00202986 -0.00159371 0.999996 0.00230598 0.00203376 -0.00230302 0.999995 -0.0787756 -0.26407 -0.20683
FixedParameters: 0 0 0

#Transform 93
Transform: AffineTransform_float_3_3
Parameters: 0.999996 0.00184936 -0.00215393 -0.00184492 0.999997 0.00181572 0.00215771 -0.00181128 0.999996 -0.0965431 -0.230288 -0.184394
FixedParameters: 0 0 0

#Transform 94
Transform: AffineTransform_float_3_3
Parameters: 0.999997 0.00197715 -0.00184716 -0.00197375 0.999996 0.00194188 0.00185098 -0.00193812 0.999996 -0.0956251 -0.264191 -0.171797
FixedParameters: 0 0 0

#Transform 95
Transform: AffineTransform_float_3_3
Parameters: 0.999998 0.00163171 -0.00163514 -0.00162887 0.999997 0.00150261 0.00163765 -0.00149939 0.999998 -0.0717919 -0.274072 -0.163733
FixedParameters: 0 0 0

#Transform 96
Transform: AffineTransform_float_3_3
Parameters: 0.999997 0.00120563 -0.00206969 -0.00120151 0.999997 0.00203658 0.00207206 -0.00203442 0.999996 -0.0643532 -0.29981 -0.116498
FixedParameters: 0 0 0

#Transform 97
Transform: AffineTransform_float_3_3
Parameters: 0.999997 0.00137095 -0.00167068 -0.00136907 0.999998 0.00146108 0.00167269 -0.00145792 0.999998 -0.0743922 -0.216137 -0.14968
FixedParameters: 0 0 0

#Transform 98
Transform: AffineTransform_float_3_3
Parameters: 0.999997 0.00133377 -0.00176076 -0.00133061 0.999997 0.00175229 0.00176343 -0.00174971 0.999997 -0.111999 -0.3232 -0.0927786
FixedParameters: 0 0 0

#Transform 99
Transform: AffineTransform_float_3_3
Parameters: 0.999998 0.00162299 -0.00159124 -0.00162133 0.999997 0.00158553 0.00159346 -0.00158248 0.999998 -0.120115 -0.147603 -0.159737
FixedParameters: 0 0 0

#Transform 100
Transform: AffineTransform_float_3_3
Parameters: 0.999997 0.00183824 -0.00198911 -0.00183335 0.999996 0.00217824 0.00199326 -0.00217376 0.999995 -0.145872 -0.247387 -0.113374
FixedParameters: 0 0 0

#Transform 101
Transform: AffineTransform_float_3_3
Parameters: 0.999996 0.00206158 -0.00164061 -0.00205698 0.999994 0.00278261 0.00164638 -0.00277939 0.999995 -0.133569 -0.190825 -0.191199
FixedParameters: 0 0 0

#Transform 102
Transform: AffineTransform_float_3_3
Parameters: 0.999995 0.00231701 -0.00212721 -0.00231189 0.999995 0.00227295 0.00213204 -0.00226805 0.999995 -0.144027 -0.185814 -0.187557
FixedParameters: 0 0 0

#Transform 103
Transform: AffineTransform_float_3_3
Parameters: 0.999996 0.00224477 -0.00185649 -0.00223919 0.999994 0.00272304 0.00186301 -0.00271896 0.999994 -0.155436 -0.253671 -0.14037
FixedParameters: 0 0 0

#Transform 104
Transform: AffineTransform_float_3_3
Parameters: 0.999995 0.00229499 -0.00217895 -0.00229068 0.999995 0.00185717 0.00218362 -0.00185283 0.999996 -0.120318 -0.145334 -0.175704
FixedParameters: 0 0 0

#Transform 105
Transform: AffineTransform_float_3_3
Parameters: 0.999997 0.00205216 -0.00170695 -0.00204799 0.999995 0.00243873 0.00171218 -0.00243526 0.999995 -0.144933 -0.253185 -0.109383
FixedParameters: 0 0 0

#Transform 106
Transform: AffineTransform_float_3_3
Parameters: 0.999997 0.00174084 -0.00200655 -0.00173632 0.999997 0.00196923 0.00201047 -0.00196577 0.999996 -0.114337 -0.218782 -0.192281
FixedParameters: 0 0 0

#Transform 107
Transform: AffineTransform_float_3_3
Parameters: 0.999995 0.00179852 -0.00231552 -0.00179431 0.999996 0.00192305 0.00231897 -0.00191895 0.999996 -0.149285 -0.280616 -0.143307
FixedParameters: 0 0 0

#Transform 108
Transform: AffineTransform_float_3_3
Parameters: 0.999996 0.00195861 -0.00193167 -0.00195399 0.999996 0.00227401 0.0019358 -0.00226999 0.999995 -0.146208 -0.222004 -0.165529
FixedParameters: 0 0 0

#Transform 109
Transform: AffineTransform_float_3_3
Parameters: 0.999996 0.00211384 -0.00217419 -0.00210985 0.999996 0.00178597 0.00217788 -0.00178102 0.999996 -0.147886 -0.200719 -0.166267
FixedParameters: 0 0 0

#Transform 110
Transform: AffineTransform_float_3_3
Parameters: 0.999995 0.00237139 -0.00212925 -0.00236719 0.999995 0.00227107 0.00213469 -0.00226593 0.999995 -0.177848 -0.274432 -0.151919
FixedParameters: 0 0 0

#Transform 111
Transform: AffineTransform_float_3_3
Parameters: 0.999994 0.00246895 -0.00236784 -0.00246405 0.999995 0.00199602 0.00237199 -0.00198998 0.999995 -0.176531 -0.195592 -0.243266
FixedParameters: 0 0 0

#Transform 112
Transform: AffineTransform_float_3_3
Parameters: 0.999993 0.00262939 -0.00261676 -0.00262298 0.999993 0.00251885 0.00262413 -0.00251215 0.999993 -0.188455 -0.266813 -0.213645
FixedParameters: 0 0 0

#Transform 113
Transform: AffineTransform_float_3_3
Parameters: 0.999994 0.00256201 -0.00239005 -0.00255653 0.999994 0.0023733 0.00239596 -0.0023667 0.999995 -0.171494 -0.237579 -0.26613
FixedParameters: 0 0 0

#Transform 114
Transform: AffineTransform_float_3_3
Parameters: 0.999993 0.00251804 -0.00254521 -0.00251167 0.999994 0.00232573 0.00255159 -0.00231927 0.999994 -0.147742 -0.261452 -0.202159
FixedParameters: 0 0 0

#Transform 115
Transform: AffineTransform_float_3_3
Parameters: 0.999994 0.00255002 -0.00233779 -0.00254436 0.999995 0.00226663 0.00234272 -0.00226037 0.999994 -0.152695 -0.281527 -0.197916
FixedParameters: 0 0 0

#Transform 116
Transform: AffineTransform_float_3_3
Parameters: 0.999992 0.00246034 -0.00293988 -0.00245543 0.999995 0.0018587 0.002945 -0.0018513 0.999994 -0.174199 -0.204038 -0.184156
FixedParameters: 0 0 0

#Transform 117
Transform: AffineTransform_float_3_3
Parameters: 0.999992 0.00261985 -0.00276462 -0.00261342 0.999993 0.00245936 0.00277071 -0.00245264 0.999993 -0.199885 -0.284435 -0.177418
FixedParameters: 0 0 0

#Transform 118
Transform: AffineTransform_float_3_3
Parameters: 0.999993 0.00256262 -0.00290169 -0.00255603 0.999994 0.00230355 0.00290763 -0.00229645 0.999993 -0.181078 -0.180209 -0.260836
FixedParameters: 0 0 0

#Transform 119
Transform: AffineTransform_float_3_3
Parameters: 0.999993 0.00253762 -0.00296414 -0.00252947 0.999993 0.00280363 0.00297103 -0.00279637 0.999991 -0.190282 -0.277375 -0.186037
FixedParameters: 0 0 0

#Transform 120
Transform: AffineTransform_float_3_3
Parameters: 0.999994 0.00235765 -0.00254153 -0.00235278 0.999996 0.00195816 0.00254637 -0.00195184 0.999995 -0.127144 -0.231066 -0.25736
FixedParameters: 0 0 0

#Transform 121
Transform: AffineTransform_float_3_3
Parameters: 0.999994 0.00219042 -0.00238809 -0.00218512 0.999994 0.00244876 0.00239388 -0.00244324 0.999994 -0.127581 -0.253693 -0.197895
FixedParameters: 0 0 0

#Transform 122
Transform: AffineTransform_float_3_3
Parameters: 0.999995 0.00213343 -0.00207083 -0.00212969 0.999995 0.0021308 0.00207552 -0.0021262 0.999996 -0.0978607 -0.233261 -0.205001
FixedParameters: 0 0 0

#Transform 123
Transform: AffineTransform_float_3_3
Parameters: 0.999994 0.00197098 -0.00291432 -0.00196501 0.999996 0.00205677 0.00291841 -0.00205023 0.999993 -0.0967134 -0.203611 -0.211931
FixedParameters: 0 0 0

#Transform 124
Transform: AffineTransform_float_3_3
Parameters: 0.999994 0.00231562 -0.00261153 -0.00230884 0.999995 0.00267022 0.0026171 -0.00266379 0.999993 -0.126724 -0.273219 -0.177683
FixedParameters: 0 0 0

#Transform 125
Transform: AffineTransform_float_3_3
Parameters: 0.999994 0.00212297 -0.00254875 -0.00211774 0.999995 0.00202508 0.00255295 -0.00201991 0.999995 -0.0942556 -0.181983 -0.207583
FixedParameters: 0 0 0

#Transform 126
Transform: AffineTransform_float_3_3
Parameters: 0.999995 0.00160252 -0.00269332 -0.00159456 0.999994 0.00307734 0.00269808 -0.00307366 0.999991 -0.122357 -0.305867 -0.162938
FixedParameters: 0 0 0

#Transform 127
Transform: AffineTransform_float_3_3
Parameters: 0.999992 0.00269307 -0.00303776 -0.0026848 0.999993 0.00269229 0.00304584 -0.0026837 0.999991 -0.1486 -0.20891 -0.257793
FixedParameters: 0 0 0

#Transform 128
Transform: AffineTransform_float_3_3
Parameters: 0.999986 0.00384652 -0.00343625 -0.0038364 0.999989 0.0027405 0.00344681 -0.0027275 0.99999 -0.283411 -0.31428 -0.225208
FixedParameters: 0 0 0

#Transform 129
Transform: AffineTransform_float_3_3
Parameters: 0.999991 0.00318569 -0.00302869 -0.00317584 0.999991 0.00300005 0.00303821 -0.00298995 0.999991 -0.233522 -0.321655 -0.23795
FixedParameters: 0 0 0

#Transform 130
Transform: AffineTransform_float_3_3
Parameters: 0.999991 0.00305572 -0.00314824 -0.00305048 0.999994 0.00170317 0.00315331 -0.00169383 0.999994 -0.208722 -0.263626 -0.291512
FixedParameters: 0 0 0

#Transform 131
Transform: AffineTransform_float_3_3
Parameters: 0.99999 0.0033457 -0.00304063 -0.00333786 0.999991 0.00259522 0.00304933 -0.00258478 0.999991 -0.242702 -0.356309 -0.208846
FixedParameters: 0 0 0

#Transform 132
Transform: AffineTransform_float_3_3
Parameters: 0.99999 0.0030222 -0.00322919 -0.003017 0.999994 0.00179846 0.00323511 -0.00178954 0.999993 -0.196595 -0.214231 -0.247471
FixedParameters: 0 0 0

#Transform 133
Transform: AffineTransform_float_3_3
Parameters: 0.99999 0.00296857 -0.00336179 -0.00296001 0.999992 0.00253588 0.0033695 -0.00252512 0.999991 -0.207869 -0.317502 -0.224733
FixedParameters: 0 0 0

#Transform 134
Transform: AffineTransform_float_3_3
Parameters: 0.999991 0.00304076 -0.00318978 -0.00303231 0.999991 0.00291861 0.00319872 -0.00290839 0.999991 -0.20784 -0.314645 -0.226447
FixedParameters: 0 0 0

#Transform 135
Transform: AffineTransform_float_3_3
Parameters: 0.99999 0.00313785 -0.00295439 -0.00313057 0.999991 0.00257667 0.00296191 -0.00256733 0.999992 -0.205758 -0.166055 -0.191926
FixedParameters: 0 0 0

#Transform 136
Transform: AffineTransform_float_3_3
Parameters: 0.999991 0.00276412 -0.00314248 -0.00275554 0.999993 0.00256794 0.00314894 -0.00255906 0.999992 -0.198657 -0.253853 -0.215409
FixedParameters: 0 0 0

#Transform 137
Transform: AffineTransform_float_3_3
Parameters: 0.99999 0.00310697 -0.00302531 -0.00310187 0.999994 0.00174995 0.00303085 -0.00174105 0.999994 -0.179047 -0.172903 -0.276482
FixedParameters: 0 0 0

#Transform 138
Transform: AffineTransform_float_3_3
Parameters: 0.999992 0.00272381 -0.00289048 -0.00271611 0.999993 0.00263899 0.00289713 -0.00263102 0.999993 -0.191771 -0.260639 -0.216033
FixedParameters: 0 0 0

#Transform 139
Transform: AffineTransform_float_3_3
Parameters: 0.999993 0.00281798 -0.00269532 -0.00280986 0.999992 0.00273656 0.00270263 -0.00272844 0.999993 -0.159018 -0.207251 -0.27759
FixedParameters: 0 0 0

#Transform 140
Transform: AffineTransform_float_3_3
Parameters: 0.999992 0.00246207 -0.00331338 -0.00245404 0.999994 0.00237477 0.00331958 -0.00236623 0.999991 -0.161685 -0.231251 -0.243758
FixedParameters: 0 0 0

#Transform 141
Transform: AffineTransform_float_3_3
Parameters: 0.999993 0.00261927 -0.00293661 -0.00261082 0.999993 0.0027258 0.00294317 -0.0027182 0.999992 -0.181407 -0.262512 -0.23257
FixedParameters: 0 0 0

#Transform 142
Transform: AffineTransform_float_3_3
Parameters: 0.999991 0.00246669 -0.00330101 -0.00245892 0.999994 0.00214775 0.00330665 -0.00213924 0.999992 -0.171038 -0.193335 -0.267811
FixedParameters: 0 0 0

#Transform 143
Transform: AffineTransform_float_3_3
Parameters: 0.999991 0.00273991 -0.00330958 -0.00273029 0.999993 0.00293297 0.00331777 -0.00292403 0.99999 -0.175946 -0.30934 -0.242834
FixedParameters: 0 0 0

#Transform 144
Transform: AffineTransform_float_3_3
Parameters: 0.999993 0.00285636 -0.00236704 -0.00284785 0.999991 0.00327522 0.00237671 -0.00326878 0.999992 -0.179899 -0.259986 -0.236219
FixedParameters: 0 0 0

#Transform 145
Transform: AffineTransform_float_3_3
Parameters: 0.999989 0.00306796 -0.00337155 -0.00305829 0.999991 0.0028064 0.00337956 -0.0027956 0.999991 -0.202217 -0.310463 -0.221482
FixedParameters: 0 0 0

#Transform 146
Transform: AffineTransform_float_3_3
Parameters: 0.999992 0.00259018 -0.00300736 -0.0025814 0.999992 0.0028674 0.00301488 -0.00285959 0.999992 -0.125826 -0.23122 -0.286956
FixedParameters: 0 0 0

#Transform 147
Transform: AffineTransform_float_3_3
Parameters: 0.999989 0.00274562 -0.00366976 -0.00273426 0.999991 0.00306077 0.00367814 -0.00305122 0.999988 -0.162462 -0.285227 -0.260546
FixedParameters: 0 0 0

#Transform 148
Transform: AffineTransform_float_3_3
Parameters: 0.99999 0.00274519 -0.00356063 -0.00273515 0.999992 0.00296833 0.0035685 -0.00295867 0.999989 -0.164715 -0.290042 -0.278617
FixedParameters: 0 0 0

#Transform 149
Transform: AffineTransform_float_3_3
Parameters: 0.999992 0.00245453 -0.00333303 -0.00244499 0.999994 0.00264479 0.0033396 -0.00263621 0.999991 -0.164343 -0.279953 -0.282312
FixedParameters: 0 0 0

#Transform 150
Transform: AffineTransform_float_3_3
Parameters: 0.99999 0.00263819 -0.00358884 -0.00262769 0.999992 0.00295402 0.00359692 -0.00294498 0.999989 -0.189376 -0.351871 -0.281185
FixedParameters: 0 0 0

#Transform 151
Transform: AffineTransform_float_3_3
Parameters: 0.999989 0.00215993 -0.00403877 -0.00215085 0.999996 0.00214713 0.00404387 -0.00213887 0.999989 -0.14388 -0.278325 -0.305444
FixedParameters: 0 0 0

#Transform 152
Transform: AffineTransform_float_3_3
Parameters: 0.999988 0.00203641 -0.00433753 -0.0020256 0.999995 0.0023501 0.00434238 -0.0023409 0.999988 -0.14779 -0.301786 -0.22365
FixedParameters: 0 0 0

#Transform 153
Transform: AffineTransform_float_3_3
Parameters: 0.999989 0.00209341 -0.00419272 -0.00208739 0.999997 0.00139205 0.00419545 -0.00138295 0.999991 -0.124577 -0.227096 -0.302438
FixedParameters: 0 0 0

#Transform 154
Transform: AffineTransform_float_3_3
Parameters: 0.999992 0.00190208 -0.00346894 -0.00189414 0.999995 0.00220107 0.00347276 -0.00219493 0.999991 -0.113356 -0.274507 -0.255335
FixedParameters: 0 0 0

#Transform 155
Transform: AffineTransform_float_3_3
Parameters: 0.999991 0.00183511 -0.00362897 -0.00182758 0.999996 0.00204749 0.00363193 -0.00204052 0.999992 -0.112201 -0.295599 -0.33716
FixedParameters: 0 0 0

#Transform 156
Transform: AffineTransform_float_3_3
Parameters: 0.99999 0.00160489 -0.00418134 -0.0015968 0.999997 0.00190919 0.00418422 -0.00190282 0.999989 -0.110814 -0.256624 -0.325963
FixedParameters: 0 0 0

#Transform 157
Transform: AffineTransform_float_3_3
Parameters: 0.999989 0.00187039 -0.00415907 -0.00186351 0.999997 0.0017749 0.00416246 -0.0017671 0.999989 -0.134671 -0.262027 -0.268624
FixedParameters: 0 0 0

#Transform 158
Transform: AffineTransform_float_3_3
Parameters: 0.99999 0.00199856 -0.00415991 -0.00199403 0.999998 0.00133444 0.00416253 -0.00132556 0.999991 -0.122188 -0.146212 -0.363501
FixedParameters: 0 0 0

#Transform 159
Transform: AffineTransform_float_3_3
Parameters: 0.999988 0.0023444 -0.00442173 -0.00233546 0.999995 0.00194743 0.00442667 -0.00193657 0.999988 -0.167386 -0.298277 -0.284895
FixedParameters: 0 0 0

#Transform 160
Transform: AffineTransform_float_3_3
Parameters: 0.999987 0.00193797 -0.00472166 -0.00193151 0.999997 0.00138143 0.0047243 -0.00137157 0.999988 -0.110422 -0.218192 -0.33392
FixedParameters: 0 0 0

#Transform 161
Transform: AffineTransform_float_3_3
Parameters: 0.99999 0.00190023 -0.00401306 -0.00189546 0.999997 0.00124975 0.00401564 -0.00124225 0.999991 -0.094391 -0.340649 -0.346535
FixedParameters: 0 0 0

#Transform 162
Transform: AffineTransform_float_3_3
Parameters: 0.999989 0.00141943 -0.00462001 -0.00141341 0.999998 0.00117925 0.00462212 -0.00117175 0.999989 -0.0207094 -0.294191 -0.394256
FixedParameters: 0 0 0

#Transform 163
Transform: AffineTransform_float_3_3
Parameters: 0.999988 0.00132229 -0.00484938 -0.00131822 0.999999 0.000827258 0.00484994 -0.000820742 0.999988 -0.0275664 -0.381815 -0.37696
FixedParameters: 0 0 0

#Transform 164
Transform: AffineTransform_float_3_3
Parameters: 0.999986 0.00163788 -0.00488883 -0.00163114 0.999998 0.00145664 0.00489129 -0.00144836 0.999987 -0.0556833 -0.313266 -0.40372
FixedParameters: 0 0 0

#Transform 165
Transform: AffineTransform_float_3_3
Parameters: 0.999987 0.00198271 -0.00482482 -0.00197733 0.999997 0.00110449 0.00482703 -0.00109451 0.999987 -0.129203 -0.282547 -0.377774
FixedParameters: 0 0 0

#Transform 166
Transform: AffineTransform_float_3_3
Parameters: 0.999985 0.00208275 -0.00510021 -0.00207814 0.999997 0.000931847 0.00510284 -0.000921152 0.999986 -0.135237 -0.286001 -0.383375
FixedParameters: 0 0 0

#Transform 167
Transform: AffineTransform_float_3_3
Parameters: 0.999984 0.00220276 -0.005294 -0.00219982 0.999997 0.000531037 0.00529524 -0.000518961 0.999985 -0.134865 -0.239917 -0.37739
FixedParameters: 0 0 0

#Transform 168
Transform: AffineTransform_float_3_3
Parameters: 0.999982 0.002333 -0.00540024 -0.00232866 0.999997 0.000808121 0.00540144 -0.000794881 0.999985 -0.145125 -0.321687 -0.359855
FixedParameters: 0 0 0

#Transform 169
Transform: AffineTransform_float_3_3
Parameters: 0.999987 0.00165109 -0.00493659 -0.00164803 0.999999 0.000579792 0.00493742 -0.000571208 0.999988 -0.0993789 -0.235207 -0.444585
FixedParameters: 0 0 0

#Transform 170
Transform: AffineTransform_float_3_3
Parameters: 0.999985 0.00209723 -0.00493368 -0.00209135 0.999997 0.00126357 0.00493627 -0.00125343 0.999987 -0.139421 -0.359643 -0.382051
FixedParameters: 0 0 0

#Transform 171
Transform: AffineTransform_float_3_3
Parameters: 0.999983 0.00224073 -0.00528448 -0.0022351 0.999997 0.00112036 0.00528771 -0.00110864 0.999986 -0.134206 -0.288312 -0.436784
FixedParameters: 0 0 0

#Transform 172
Transform: AffineTransform_float_3_3
Parameters: 0.999983 0.00219382 -0.00539707 -0.00218785 0.999997 0.00112836 0.00540022 -0.00111664 0.999985 -0.152697 -0.326647 -0.373529
FixedParameters: 0 0 0

#Transform 173
Transform: AffineTransform_float_3_3
Parameters: 0.999984 0.00211609 -0.00514308 -0.00210976 0.999997 0.0012559 0.00514568 -0.0012461 0.999986 -0.135114 -0.267553 -0.398625
FixedParameters: 0 0 0

#Transform 174
Transform: AffineTransform_float_3_3
Parameters: 0.999984 0.00223967 -0.0052857 -0.00223486 0.999997 0.000992212 0.00528704 -0.000979793 0.999986 -0.153677 -0.310351 -0.403982
FixedParameters: 0 0 0

#Transform 175
Transform: AffineTransform_float_3_3
Parameters: 0.999982 0.00264714 -0.00540556 -0.00264113 0.999996 0.00104691 0.00540892 -0.00103309 0.999985 -0.177668 -0.344513 -0.378649
FixedParameters: 0 0 0

#Transform 176
Transform: AffineTransform_float_3_3
Parameters: 0.999983 0.00272446 -0.00518154 -0.00272335 0.999996 0.00027758 0.00518155 -0.000263424 0.999987 -0.175874 -0.243433 -0.377243
FixedParameters: 0 0 0

#Transform 177
Transform: AffineTransform_float_3_3
Parameters: 0.999983 0.00280516 -0.0050035 -0.002796 0.999994 0.00191398 0.00500858 -0.00190002 0.999986 -0.19193 -0.367319 -0.333678
FixedParameters: 0 0 0

#Transform 178
Transform: AffineTransform_float_3_3
Parameters: 0.999983 0.0027972 -0.00501149 -0.00279409 0.999996 0.000709329 0.0050138 -0.000694672 0.999988 -0.178173 -0.29141 -0.390775
FixedParameters: 0 0 0

#Transform 179
Transform: AffineTransform_float_3_3
Parameters: 0.999981 0.00297427 -0.0054964 -0.00296729 0.999995 0.00127238 0.00550031 -0.00125662 0.999984 -0.21937 -0.365921 -0.312007
FixedParameters: 0 0 0

#Transform 180
Transform: AffineTransform_float_3_3
Parameters: 0.999983 0.00275827 -0.00511257 -0.00275089 0.999995 0.00153355 0.00511684 -0.00151945 0.999986 -0.188689 -0.231826 -0.33006
FixedParameters: 0 0 0

#Transform 181
Transform: AffineTransform_float_3_3
Parameters: 0.999984 0.00287091 -0.0048435 -0.00286324 0.999995 0.00168835 0.00484807 -0.00167465 0.999987 -0.213727 -0.302461 -0.317854
FixedParameters: 0 0 0

#Transform 182
Transform: AffineTransform_float_3_3
Parameters: 0.999982 0.00314173 -0.00520805 -0.00313086 0.999993 0.00200374 0.00521496 -0.00198726 0.999984 -0.205402 -0.278629 -0.354123
FixedParameters: 0 0 0

#Transform 183
Transform: AffineTransform_float_3_3
Parameters: 0.999981 0.00274793 -0.00560938 -0.00274046 0.999995 0.00140716 0.00561292 -0.00139184 0.999983 -0.178313 -0.235321 -0.322882
FixedParameters: 0 0 0

#Transform 184
Transform: AffineTransform_float_3_3
Parameters: 0.999979 0.00299568 -0.00574954 -0.00298601 0.999994 0.00179191 0.00575499 -0.00177509 0.999982 -0.204361 -0.295067 -0.327012
FixedParameters: 0 0 0

#Transform 185
Transform: AffineTransform_float_3_3
Parameters: 0.99998 0.00287506 -0.00564074 -0.0028707 0.999996 0.000776119 0.00564262 -0.000759882 0.999984 -0.179371 -0.149859 -0.386354
FixedParameters: 0 0 0

#Transform 186
Transform: AffineTransform_float_3_3
Parameters: 0.999981 0.00288249 -0.00549144 -0.00287591 0.999995 0.00111822 0.00549477 -0.00110278 0.999984 -0.199839 -0.260346 -0.342916
FixedParameters: 0 0 0

#Transform 187
Transform: AffineTransform_float_3_3
