# transform file /out/sourcedata/freesurfer/sub-v1s12x0050119_ses-1/mri/transforms/cc_up.lta
# created by oesteban on Sun Mar  8 14:16:44 2026

type      = 0 # LINEAR_VOX_TO_VOX
nxforms   = 1
mean      = 127.0000 133.0000 110.0000
sigma     = 10000.0000
1 4 4
9.990293383598328e-01 4.290257021784782e-02 9.981981478631496e-03 -6.696029663085938e+00 
-4.290042817592621e-02 9.990792274475098e-01 -4.286473267711699e-04 2.263888931274414e+01 
-9.991181083023548e-03 2.910382698728675e-11 9.999500513076782e-01 2.328416824340820e+01 
0.000000000000000e+00 0.000000000000000e+00 0.000000000000000e+00 1.000000000000000e+00 
src volume info
valid = 1  # volume info valid
filename = /out/sourcedata/freesurfer/sub-v1s12x0050119_ses-1/mri/norm.mgz
volume = 256 256 256
voxelsize = 1.000000000000000e+00 1.000000000000000e+00 1.000000000000000e+00
xras   = -1.000000000000000e+00 0.000000000000000e+00 0.000000000000000e+00
yras   = 0.000000000000000e+00 0.000000000000000e+00 -1.000000000000000e+00
zras   = 0.000000000000000e+00 1.000000000000000e+00 0.000000000000000e+00
cras   = -1.905570983886719e+00 1.044309997558594e+01 -1.184867095947266e+01
dst volume info
valid = 1  # volume info valid
filename = /out/sourcedata/freesurfer/sub-v1s12x0050119_ses-1/mri/norm.mgz
volume = 256 256 256
voxelsize = 1.000000000000000e+00 1.000000000000000e+00 1.000000000000000e+00
xras   = -1.000000000000000e+00 0.000000000000000e+00 0.000000000000000e+00
yras   = 0.000000000000000e+00 0.000000000000000e+00 -1.000000000000000e+00
zras   = 0.000000000000000e+00 1.000000000000000e+00 0.000000000000000e+00
cras   = -1.905570983886719e+00 1.044309997558594e+01 -1.184867095947266e+01
