# transform file /out/sourcedata/freesurfer/sub-v1s12x0050131_ses-1/mri/transforms/cc_up.lta
# created by oesteban on Sun Mar  8 14:22:13 2026

type      = 0 # LINEAR_VOX_TO_VOX
nxforms   = 1
mean      = 130.0000 125.0000 123.0000
sigma     = 10000.0000
1 4 4
9.999142289161682e-01 -8.007775759324431e-04 -1.306695397943258e-02 1.584690451622009e+00 
8.007091819308698e-04 9.999996423721313e-01 -1.046372835844522e-05 2.289873695373535e+01 
1.306695863604546e-02 0.000000000000000e+00 9.999145865440369e-01 1.233716106414795e+01 
0.000000000000000e+00 0.000000000000000e+00 0.000000000000000e+00 1.000000000000000e+00 
src volume info
valid = 1  # volume info valid
filename = /out/sourcedata/freesurfer/sub-v1s12x0050131_ses-1/mri/norm.mgz
volume = 256 256 256
voxelsize = 1.000000000000000e+00 1.000000000000000e+00 1.000000000000000e+00
xras   = -1.000000000000000e+00 0.000000000000000e+00 0.000000000000000e+00
yras   = 0.000000000000000e+00 0.000000000000000e+00 -1.000000000000000e+00
zras   = 0.000000000000000e+00 1.000000000000000e+00 0.000000000000000e+00
cras   = 3.183517456054688e+00 -8.443115234375000e+00 4.849594116210938e+00
dst volume info
valid = 1  # volume info valid
filename = /out/sourcedata/freesurfer/sub-v1s12x0050131_ses-1/mri/norm.mgz
volume = 256 256 256
voxelsize = 1.000000000000000e+00 1.000000000000000e+00 1.000000000000000e+00
xras   = -1.000000000000000e+00 0.000000000000000e+00 0.000000000000000e+00
yras   = 0.000000000000000e+00 0.000000000000000e+00 -1.000000000000000e+00
zras   = 0.000000000000000e+00 1.000000000000000e+00 0.000000000000000e+00
cras   = 3.183517456054688e+00 -8.443115234375000e+00 4.849594116210938e+00
