#Insight Transform File V1.0
#Transform 0
Transform: AffineTransform_float_3_3
Parameters: 1 7.19908e-05 -6.80207e-05 -7.19255e-05 1 0.000479593 6.80897e-05 -0.000479583 1 0.0179563 -0.0390747 -0.0779108
FixedParameters: 0 0 0

#Transform 1
Transform: AffineTransform_float_3_3
Parameters: 1 9.30203e-05 -3.23631e-06 -9.30149e-05 0.999999 0.000808011 3.38663e-06 -0.00080801 0.999999 0.0168446 0.038746 0.215099
FixedParameters: 0 0 0

#Transform 2
Transform: AffineTransform_float_3_3
Parameters: 1 0.000180495 -8.25349e-05 -0.000180425 1 0.000425101 8.26884e-05 -0.000425071 1 -0.00341756 0.0360638 0.113295
FixedParameters: 0 0 0

#Transform 3
Transform: AffineTransform_float_3_3
Parameters: 1 0.000275827 0.000309145 -0.00027605 1 0.000360773 -0.000308946 -0.000360943 1 0.00181064 0.0430914 0.191476
FixedParameters: 0 0 0

#Transform 4
Transform: AffineTransform_float_3_3
Parameters: 1 0.00023592 -0.000154862 -0.000235685 0.999999 0.000758564 0.00015522 -0.000758491 0.999999 0.00129654 0.0195292 0.228935
FixedParameters: 0 0 0

#Transform 5
Transform: AffineTransform_float_3_3
Parameters: 1 0.000632143 -0.000306248 -0.000632404 0.999999 -0.000426272 0.000305709 0.000426659 1 -0.0278512 0.0414155 0.0950258
FixedParameters: 0 0 0

#Transform 6
Transform: AffineTransform_float_3_3
Parameters: 1 0.000525153 0.000198376 -0.000525379 0.999999 0.00057104 -0.000197776 -0.000571248 1 -0.00254268 0.0167714 0.215594
FixedParameters: 0 0 0

#Transform 7
Transform: AffineTransform_float_3_3
Parameters: 0.999999 0.000650343 -0.000299709 -0.000650101 0.999999 0.00040323 0.000300233 -0.000402839 1 -0.0300356 0.0458004 0.107665
FixedParameters: 0 0 0

#Transform 8
Transform: AffineTransform_float_3_3
Parameters: 1 0.000646718 -3.40605e-05 -0.000645756 0.999999 0.000428993 3.42598e-05 -0.000428996 1 -0.0323658 0.00580178 0.17316
FixedParameters: 0 0 0

#Transform 9
Transform: AffineTransform_float_3_3
Parameters: 1 0.000538664 -0.00025687 -0.000538154 1 0.000990557 0.000257937 -0.000990945 0.999999 -0.0318408 0.0134244 0.176185
FixedParameters: 0 0 0

#Transform 10
Transform: AffineTransform_float_3_3
Parameters: 1 0.000545498 -0.000259969 -0.00054539 1 0.000207855 0.000260195 -0.000207572 1 -0.0346055 0.0283776 0.110213
FixedParameters: 0 0 0

#Transform 11
Transform: AffineTransform_float_3_3
Parameters: 1 0.000257915 -4.66018e-05 -0.000257838 0.999999 0.000820551 4.70249e-05 -0.000820527 0.999999 0.00181347 -0.0426604 0.123733
FixedParameters: 0 0 0

#Transform 12
Transform: AffineTransform_float_3_3
Parameters: 0.999999 0.000848907 -0.000376069 -0.000848898 1 -0.000458472 0.000376219 0.000458404 1 -0.0496991 -0.00761911 -0.01226
FixedParameters: 0 0 0

#Transform 13
Transform: AffineTransform_float_3_3
Parameters: 1 0.00106908 -0.000352929 -0.0010691 0.999999 0.000523754 0.000353006 -0.000523621 1 -0.0759539 -0.0525895 0.119663
FixedParameters: 0 0 0

#Transform 14
Transform: AffineTransform_float_3_3
Parameters: 1 0.000927948 -0.000764942 -0.000927608 1 0.000288646 0.000765384 -0.000288634 1 -0.0809838 -0.0203438 0.00962183
FixedParameters: 0 0 0

#Transform 15
Transform: AffineTransform_float_3_3
Parameters: 0.999999 0.00126645 0.000114076 -0.0012669 0.999999 0.000226803 -0.000114544 -0.000227714 1 -0.0790214 -0.0231554 0.06853
FixedParameters: 0 0 0

#Transform 16
Transform: AffineTransform_float_3_3
Parameters: 0.999999 0.000691111 -5.33594e-06 -0.000691405 0.999999 0.00129366 6.31259e-06 -0.00129361 0.999999 -0.0378292 -0.016537 0.117434
FixedParameters: 0 0 0

#Transform 17
Transform: AffineTransform_float_3_3
Parameters: 1 0.00061924 -0.000136336 -0.000618927 1 -0.000145357 0.000137083 0.000145485 1 -0.0466363 -0.0108345 -0.0735096
FixedParameters: 0 0 0

#Transform 18
Transform: AffineTransform_float_3_3
Parameters: 1 0.000423121 0.000138791 -0.000423673 0.999999 0.000716791 -0.000139112 -0.000716867 1 -0.0198114 -0.0639331 0.108193
FixedParameters: 0 0 0

#Transform 19
Transform: AffineTransform_float_3_3
Parameters: 1 0.000511773 0.000217415 -0.000512418 0.999999 0.000671054 -0.000217655 -0.000671235 1 -0.0337028 0.00798515 -0.0211017
FixedParameters: 0 0 0

#Transform 20
Transform: AffineTransform_float_3_3
Parameters: 1 0.000116 7.89372e-05 -0.000116086 1 0.000545018 -7.88107e-05 -0.000545036 1 -0.0317206 -0.045883 0.0477687
FixedParameters: 0 0 0

#Transform 21
Transform: AffineTransform_float_3_3
Parameters: 1 0.000504288 9.21492e-05 -0.000503864 1 0.00108218 -9.22251e-05 -0.00108228 1 -0.0301128 -0.021239 0.0683109
FixedParameters: 0 0 0

#Transform 22
Transform: AffineTransform_float_3_3
Parameters: 1 0.00054485 4.94159e-05 -0.000544799 1 7.04374e-05 -4.93616e-05 -6.97458e-05 1 -0.0346164 -0.00791001 -0.0182725
FixedParameters: 0 0 0

#Transform 23
Transform: AffineTransform_float_3_3
Parameters: 1 0.000668587 0.000166474 -0.000667923 0.999999 0.000809451 -0.000165747 -0.00080972 0.999999 -0.0378885 -0.0535619 0.0598833
FixedParameters: 0 0 0

#Transform 24
Transform: AffineTransform_float_3_3
Parameters: 1 0.000428227 9.43399e-05 -0.000427841 0.999999 0.00125507 -9.44324e-05 -0.00125516 0.999999 -0.0249149 -0.0277073 0.0578916
FixedParameters: 0 0 0

#Transform 25
Transform: AffineTransform_float_3_3
Parameters: 1 0.000638826 1.355e-05 -0.000638824 1 -8.14766e-05 -1.36541e-05 8.14592e-05 1 -0.0269556 -0.0227073 -0.0586412
FixedParameters: 0 0 0

#Transform 26
Transform: AffineTransform_float_3_3
Parameters: 1 0.00016471 0.000194141 -0.000164893 1 0.000471137 -0.000193986 -0.000471201 1 0.0221286 -0.0616248 0.0858472
FixedParameters: 0 0 0

#Transform 27
Transform: AffineTransform_float_3_3
Parameters: 1 0.000154832 0.00019791 -0.000155085 1 0.000640812 -0.000197711 -0.000640873 1 0.0198874 -0.0229335 0.0394807
FixedParameters: 0 0 0

#Transform 28
Transform: AffineTransform_float_3_3
Parameters: 1 0.000190098 0.000184437 -0.000190111 1 3.4974e-05 -0.000184424 -3.50441e-05 1 0.00629551 -0.0245934 0.0308444
FixedParameters: 0 0 0

#Transform 29
Transform: AffineTransform_float_3_3
Parameters: 1 0.000153263 0.000198508 -0.000153528 1 0.00066776 -0.000198303 -0.000667821 1 0.0102871 -0.0579231 0.0694085
FixedParameters: 0 0 0

#Transform 30
Transform: AffineTransform_float_3_3
Parameters: 1 0.000370757 0.000115594 -0.000370713 1 -0.000189491 -0.000115735 0.000189405 1 -0.00278917 -0.0108818 -0.0264949
FixedParameters: 0 0 0

#Transform 31
Transform: AffineTransform_float_3_3
Parameters: 1 0.000369481 0.000329221 -0.000369874 1 0.000597178 -0.000328779 -0.000597421 1 -0.00506864 -0.0743029 0.0503017
FixedParameters: 0 0 0

#Transform 32
Transform: AffineTransform_float_3_3
Parameters: 1 0.000327134 0.000225505 -0.000327416 1 0.00062511 -0.000225096 -0.000625258 1 0.00694598 -0.0413817 0.0537576
FixedParameters: 0 0 0

#Transform 33
Transform: AffineTransform_float_3_3
Parameters: 1 0.000605098 0.000119407 -0.000605044 1 -0.000225106 -0.00011968 0.000224961 1 -0.00417037 -0.0149558 -0.0714346
FixedParameters: 0 0 0

#Transform 34
Transform: AffineTransform_float_3_3
Parameters: 1 0.000195335 0.000275574 -0.000195597 1 0.000476106 -0.000275388 -0.000476214 1 -0.00104748 -0.0969778 0.034927
FixedParameters: 0 0 0

#Transform 35
Transform: AffineTransform_float_3_3
Parameters: 1 0.000334734 0.000222561 -0.000334911 1 0.000398174 -0.000222294 -0.000398323 1 0.00594788 -0.0330588 0.0314909
FixedParameters: 0 0 0

#Transform 36
Transform: AffineTransform_float_3_3
Parameters: 1 0.000150739 0.000132039 -0.000150826 1 0.000326428 -0.00013194 -0.000326468 1 -0.0181853 -0.0111689 -0.118184
FixedParameters: 0 0 0

#Transform 37
Transform: AffineTransform_float_3_3
Parameters: 1 3.16626e-05 0.000337802 -3.19383e-05 1 0.000408169 -0.000337776 -0.00040819 1 0.0158679 -0.052095 -0.018776
FixedParameters: 0 0 0

#Transform 38
Transform: AffineTransform_float_3_3
Parameters: 0.999999 -1.48826e-05 0.0007899 1.43875e-05 1 0.000276411 -0.000789886 -0.000277134 1 0.00901017 -0.0443377 -0.041754
FixedParameters: 0 0 0

#Transform 39
Transform: AffineTransform_float_3_3
Parameters: 0.999999 0.000330521 0.000625362 -0.000331075 1 0.000443016 -0.000625069 -0.00044343 0.999999 -0.0406981 -0.0458898 -0.0827884
FixedParameters: 0 0 0

#Transform 40
Transform: AffineTransform_float_3_3
Parameters: 0.999999 0.000252715 0.000776954 -0.000253987 0.999999 0.000847311 -0.000776409 -0.000847042 1 -0.0166589 -0.0861921 -0.0090784
FixedParameters: 0 0 0

#Transform 41
Transform: AffineTransform_float_3_3
Parameters: 0.999999 0.000362435 0.000735268 -0.000362269 1 0.000590824 -0.000735102 -0.000589995 1 -0.0339274 -0.0431902 -0.091147
FixedParameters: 0 0 0

#Transform 42
Transform: AffineTransform_float_3_3
Parameters: 1 0.000277443 0.000593218 -0.000277714 0.999999 0.00105216 -0.000592874 -0.00105188 0.999999 -0.0165443 -0.053553 0.00833024
FixedParameters: 0 0 0

#Transform 43
Transform: AffineTransform_float_3_3
Parameters: 0.999999 0.000324598 0.000749673 -0.00032547 0.999999 0.0012334 -0.00074911 -0.00123394 0.999999 -0.0185122 -0.0428071 -0.0251949
FixedParameters: 0 0 0

#Transform 44
Transform: AffineTransform_float_3_3
Parameters: 0.999999 0.000366577 0.000733621 -0.000367281 1 0.000519679 -0.000733262 -0.000519472 0.999999 -0.0129802 -0.0375412 -0.0124193
FixedParameters: 0 0 0

#Transform 45
Transform: AffineTransform_float_3_3
Parameters: 0.999999 0.000142314 0.000818896 -0.000143471 1 0.00073385 -0.000818571 -0.000733421 1 0.0485755 -0.0342833 0.0971803
FixedParameters: 0 0 0

#Transform 46
Transform: AffineTransform_float_3_3
Parameters: 1 0.000116604 0.000393233 -0.000116893 1 0.000366751 -0.000393147 -0.000366843 1 0.00767608 -0.0346049 -0.106562
FixedParameters: 0 0 0

#Transform 47
Transform: AffineTransform_float_3_3
Parameters: 0.999999 7.48556e-05 0.000844462 -7.55216e-05 0.999999 0.000972851 -0.000844555 -0.000972362 0.999999 0.0465864 -0.033327 0.0464458
FixedParameters: 0 0 0

#Transform 48
Transform: AffineTransform_float_3_3
Parameters: 1 0.000117173 0.000683977 -0.000118081 1 0.00066393 -0.000683821 -0.000664091 0.999999 0.0450217 -0.0295458 0.0388833
FixedParameters: 0 0 0

#Transform 49
Transform: AffineTransform_float_3_3
Parameters: 0.999999 0.000373731 0.00073089 -0.000374312 1 0.000397038 -0.000730593 -0.000397585 0.999999 0.0163815 -0.0270483 -0.024849
FixedParameters: 0 0 0

#Transform 50
Transform: AffineTransform_float_3_3
Parameters: 0.999999 7.43299e-06 0.000870087 -8.53322e-06 0.999999 0.000861252 -0.00086903 -0.000860645 0.999999 0.0479439 -0.0475212 0.0494307
FixedParameters: 0 0 0

#Transform 51
Transform: AffineTransform_float_3_3
Parameters: 1 3.15637e-05 0.00069732 -3.14819e-05 1 0.000641971 -0.00069752 -0.000641399 1 0.0135231 -0.0152821 -0.0758645
FixedParameters: 0 0 0

#Transform 52
Transform: AffineTransform_float_3_3
Parameters: 0.999999 -3.7129e-05 0.000886956 3.66904e-05 1 0.000997223 -0.000886342 -0.000997247 0.999999 0.00123853 -0.0350899 0.0322797
FixedParameters: 0 0 0

#Transform 53
Transform: AffineTransform_float_3_3
Parameters: 0.999999 0.000440126 0.000705829 -0.00044068 1 0.0010847 -0.000705113 -0.00108537 0.999999 0.023353 -0.029501 0.0773369
FixedParameters: 0 0 0

#Transform 54
Transform: AffineTransform_float_3_3
Parameters: 0.999999 0.000279617 0.000766676 -0.000280263 1 0.000420906 -0.000766441 -0.000421335 0.999999 0.00093344 0.00159736 -0.0825899
FixedParameters: 0 0 0

#Transform 55
Transform: AffineTransform_float_3_3
Parameters: 0.999999 6.30285e-05 0.00084882 -6.41756e-05 0.999999 0.00145969 -0.000847947 -0.00145988 0.999998 0.0370261 -0.0557812 0.0911156
FixedParameters: 0 0 0

#Transform 56
Transform: AffineTransform_float_3_3
Parameters: 0.999999 -4.31864e-05 0.000889216 4.25605e-05 1 0.00110003 -0.000888623 -0.00110004 0.999999 -0.0189442 -0.0305299 -0.0826986
FixedParameters: 0 0 0

#Transform 57
Transform: AffineTransform_float_3_3
Parameters: 0.999999 0.000195097 0.00154743 -0.00019676 0.999999 0.00126864 -0.0015466 -0.00126872 0.999998 0.00962053 -0.0426958 0.00596079
FixedParameters: 0 0 0

#Transform 58
Transform: AffineTransform_float_3_3
Parameters: 0.999999 2.53441e-06 0.000871756 -4.02582e-06 0.999998 0.00164442 -0.000870942 -0.00164386 0.999998 0.0119868 -0.024531 0.0470291
FixedParameters: 0 0 0

#Transform 59
Transform: AffineTransform_float_3_3
Parameters: 0.999999 0.000287061 0.000763912 -0.000287386 0.999999 0.000852521 -0.000763661 -0.000852343 1 -0.00807296 -0.0284015 -0.0706622
FixedParameters: 0 0 0

#Transform 60
Transform: AffineTransform_float_3_3
Parameters: 0.999999 0.000282745 0.00129598 -0.000285556 0.999999 0.00146164 -0.00129539 -0.00146176 0.999998 0.00302249 -0.0670935 0.0584436
FixedParameters: 0 0 0

#Transform 61
Transform: AffineTransform_float_3_3
Parameters: 0.999999 0.000232174 0.00094835 -0.000232802 0.999999 0.00133786 -0.000948323 -0.0013384 0.999998 0.00301718 -0.0348222 0.037917
FixedParameters: 0 0 0

#Transform 62
Transform: AffineTransform_float_3_3
Parameters: 0.999999 0.000322771 0.000846621 -0.00032313 0.999999 0.00078859 -0.000846352 -0.00078852 1 -0.0296138 -0.0165045 -0.022474
FixedParameters: 0 0 0

#Transform 63
Transform: AffineTransform_float_3_3
Parameters: 1 0.000112789 0.000993571 -0.000113956 0.999998 0.00151888 -0.0009938 -0.00151928 0.999999 -0.00249994 -0.03872 0.0947116
FixedParameters: 0 0 0

#Transform 64
Transform: AffineTransform_float_3_3
Parameters: 1 -9.89825e-06 0.00104009 9.13397e-06 0.999999 0.0014556 -0.00103978 -0.00145505 0.999999 -0.0101917 -0.0121008 0.0641789
FixedParameters: 0 0 0

#Transform 65
Transform: AffineTransform_float_3_3
Parameters: 0.999999 0.000300566 0.000922438 -0.000301325 0.999999 0.000940933 -0.000922111 -0.000940872 0.999999 -0.0221548 -0.0101021 -0.00721995
FixedParameters: 0 0 0

#Transform 66
Transform: AffineTransform_float_3_3
Parameters: 0.999999 0.000582025 0.000553884 -0.000583186 0.999999 0.00170435 -0.000552972 -0.00170426 0.999999 -0.0122673 -0.0136905 0.100803
FixedParameters: 0 0 0

#Transform 67
Transform: AffineTransform_float_3_3
Parameters: 0.999999 0.000712006 0.000487226 -0.000712577 0.999999 0.00122652 -0.000486645 -0.00122722 0.999999 -0.018705 0.0052269 0.0203802
FixedParameters: 0 0 0

#Transform 68
Transform: AffineTransform_float_3_3
Parameters: 0.999999 0.00052727 0.000496299 -0.000527763 0.999999 0.0011245 -0.000496279 -0.00112503 1 -0.0215118 -0.0338574 0.00647856
FixedParameters: 0 0 0

#Transform 69
Transform: AffineTransform_float_3_3
Parameters: 0.999999 0.000292114 0.000677499 -0.000292696 1 0.00114999 -0.000677066 -0.00115043 0.999999 -0.00883733 -0.0529056 0.0670036
FixedParameters: 0 0 0

#Transform 70
Transform: AffineTransform_float_3_3
Parameters: 0.999999 0.000500324 0.000752411 -0.000500235 1 0.000629399 -0.000752043 -0.00062879 1 -0.0390477 -0.0373087 -0.0583487
FixedParameters: 0 0 0

#Transform 71
Transform: AffineTransform_float_3_3
Parameters: 1 0.000257165 0.000541037 -0.000257766 0.999999 0.00145863 -0.000540526 -0.00145895 0.999999 -0.029579 -0.0343161 0.0436484
FixedParameters: 0 0 0

#Transform 72
Transform: AffineTransform_float_3_3
Parameters: 0.999999 0.000473583 0.000753094 -0.000474153 0.999999 0.00141116 -0.000753278 -0.00141193 0.999999 -0.0220755 -0.0382272 0.0703841
FixedParameters: 0 0 0

#Transform 73
Transform: AffineTransform_float_3_3
Parameters: 1 0.000522528 0.000838097 -0.000523066 0.999999 0.000877359 -0.000837535 -0.000877617 0.999999 -0.0387095 -0.0167555 -0.078768
FixedParameters: 0 0 0

#Transform 74
Transform: AffineTransform_float_3_3
Parameters: 1 0.000661162 0.00078566 -0.000661549 0.999998 0.00143418 -0.000784473 -0.00143531 0.999998 -0.0372006 -0.0358627 0.136612
FixedParameters: 0 0 0

#Transform 75
Transform: AffineTransform_float_3_3
Parameters: 0.999999 0.000735229 0.00108493 -0.000736982 0.999998 0.00152515 -0.00108421 -0.00152614 0.999998 -0.0409577 0.0124853 0.0373721
FixedParameters: 0 0 0

#Transform 76
Transform: AffineTransform_float_3_3
Parameters: 1 0.000659322 0.000786226 -0.000660068 0.999999 0.00106739 -0.000785172 -0.00106847 0.999999 -0.0354014 -0.0278579 0.0311854
FixedParameters: 0 0 0

#Transform 77
Transform: AffineTransform_float_3_3
Parameters: 1 -1.23161e-05 0.00104099 1.1464e-05 0.999999 0.00149652 -0.00104069 -0.00149597 0.999999 0.0215862 -0.0110308 0.0755045
FixedParameters: 0 0 0

#Transform 78
Transform: AffineTransform_float_3_3
Parameters: 0.999999 1.03862e-05 0.00103253 -1.08305e-05 0.999999 0.00111105 -0.00103308 -0.00111192 0.999999 0.0191744 0.0264781 0.0222766
FixedParameters: 0 0 0

#Transform 79
Transform: AffineTransform_float_3_3
Parameters: 0.999999 0.000201543 0.00095994 -0.000204713 0.999997 0.00271558 -0.000959085 -0.00271607 0.999996 0.0197472 -0.00941411 0.137659
FixedParameters: 0 0 0

#Transform 80
Transform: AffineTransform_float_3_3
Parameters: 0.999994 0.0023815 0.0024816 -0.00239074 0.99999 0.00380549 -0.00247267 -0.00381125 0.99999 3.84782e-06 0.178451 -0.252204
FixedParameters: 0 0 0

#Transform 81
Transform: AffineTransform_float_3_3
Parameters: 0.999974 0.00501121 0.00518696 -0.00501541 0.999987 0.000951997 -0.00518215 -0.000978699 0.999986 -0.0706654 0.163327 -0.599736
FixedParameters: 0 0 0

#Transform 82
Transform: AffineTransform_float_3_3
Parameters: 0.999993 0.00202594 0.0031053 -0.00203294 0.999995 0.00225461 -0.00310067 -0.00226128 0.999993 0.0276782 -0.0249295 0.282589
FixedParameters: 0 0 0

#Transform 83
Transform: AffineTransform_float_3_3
Parameters: 0.999992 0.00192949 0.00346655 -0.00194171 0.999993 0.00328006 -0.00346037 -0.00328702 0.999989 0.038759 0.0888541 0.269646
FixedParameters: 0 0 0

#Transform 84
Transform: AffineTransform_float_3_3
Parameters: 0.99999 0.00207513 0.0038069 -0.00208731 0.999994 0.00303583 -0.00379988 -0.00304318 0.999988 0.0525211 0.0944174 0.226687
FixedParameters: 0 0 0

#Transform 85
Transform: AffineTransform_float_3_3
Parameters: 0.999988 0.00287322 0.00390173 -0.00288903 0.999988 0.00399754 -0.00388996 -0.00400873 0.999985 0.0126662 0.0898678 0.0980832
FixedParameters: 0 0 0

#Transform 86
Transform: AffineTransform_float_3_3
Parameters: 0.999992 0.00194837 0.00350749 -0.00196052 0.999992 0.00323133 -0.00350138 -0.00323792 0.999989 0.0512074 0.0695724 0.118671
FixedParameters: 0 0 0

#Transform 87
Transform: AffineTransform_float_3_3
Parameters: 0.999991 0.00164486 0.00396911 -0.00165522 0.999995 0.00286851 -0.00396383 -0.00287474 0.999987 0.0598507 0.0720384 0.12621
FixedParameters: 0 0 0

#Transform 88
Transform: AffineTransform_float_3_3
Parameters: 0.999992 0.00199975 0.00360763 -0.00201084 0.999993 0.00303831 -0.00360115 -0.00304569 0.999989 0.0582377 0.069897 0.18211
FixedParameters: 0 0 0

#Transform 89
Transform: AffineTransform_float_3_3
Parameters: 0.999993 0.00145047 0.00346424 -0.00146017 0.999995 0.00286237 -0.00346029 -0.00286753 0.99999 0.0534591 0.0277973 0.0300049
FixedParameters: 0 0 0

#Transform 90
Transform: AffineTransform_float_3_3
Parameters: 0.999992 0.00160791 0.00363746 -0.00161498 0.999998 0.00184711 -0.00363472 -0.00185231 0.999992 0.116564 -0.042121 -0.00813847
FixedParameters: 0 0 0

#Transform 91
Transform: AffineTransform_float_3_3
Parameters: 0.999991 0.001667 0.00384717 -0.00167483 0.999996 0.0021332 -0.00384304 -0.00213899 0.99999 0.121263 -0.01559 0.0609041
FixedParameters: 0 0 0

#Transform 92
Transform: AffineTransform_float_3_3
Parameters: 0.999992 0.00151121 0.0035225 -0.00152034 0.999995 0.00260114 -0.00351864 -0.00260618 0.999991 0.110287 0.00923339 0.0683796
FixedParameters: 0 0 0

#Transform 93
Transform: AffineTransform_float_3_3
Parameters: 0.999991 0.00170605 0.00394572 -0.00171416 0.999996 0.00210705 -0.00394149 -0.00211423 0.99999 0.108636 0.00392638 0.062379
FixedParameters: 0 0 0

#Transform 94
Transform: AffineTransform_float_3_3
Parameters: 0.999992 0.00150502 0.00350238 -0.0015139 0.999995 0.00258123 -0.00349862 -0.00258617 0.999991 0.085604 -0.00428907 -0.0461847
FixedParameters: 0 0 0

#Transform 95
Transform: AffineTransform_float_3_3
Parameters: 0.999995 0.00266974 0.00170099 -0.00266695 0.999996 -0.00125928 -0.00170407 0.00125461 0.999998 -0.0993132 -0.238268 -1.26438
FixedParameters: 0 0 0

#Transform 96
Transform: AffineTransform_float_3_3
Parameters: 0.999994 0.00255391 0.00211496 -0.0025534 0.999996 -0.000435488 -0.00211574 0.000429715 0.999998 0.032239 -0.251898 -0.623543
FixedParameters: 0 0 0

#Transform 97
Transform: AffineTransform_float_3_3
Parameters: 0.999996 0.00199401 0.00167483 -0.00199508 0.999998 0.000541561 -0.00167402 -0.000544679 0.999999 0.062919 -0.18914 -0.402237
FixedParameters: 0 0 0

#Transform 98
Transform: AffineTransform_float_3_3
Parameters: 0.999998 0.00178783 0.00139889 -0.00179024 0.999997 0.00202108 -0.00139488 -0.00202328 0.999997 0.0839906 -0.0967846 -0.00872288
FixedParameters: 0 0 0

#Transform 99
Transform: AffineTransform_float_3_3
Parameters: 0.999996 0.00160444 0.00226012 -0.0016074 0.999997 0.00143833 -0.00225777 -0.00144158 0.999997 0.0938748 -0.0321178 -0.0951785
FixedParameters: 0 0 0

#Transform 100
Transform: AffineTransform_float_3_3
Parameters: 0.999995 0.00196509 0.00237003 -0.00196967 0.999996 0.00204351 -0.00236591 -0.00204879 0.999995 0.111772 -0.0478989 -0.0300028
FixedParameters: 0 0 0

#Transform 101
Transform: AffineTransform_float_3_3
Parameters: 0.999995 0.00208864 0.00223156 -0.00209376 0.999995 0.00222597 -0.00222713 -0.00223047 0.999995 0.102706 -0.0264172 -0.0840517
FixedParameters: 0 0 0

#Transform 102
Transform: AffineTransform_float_3_3
Parameters: 0.999996 0.00161829 0.00228029 -0.00162436 0.999995 0.00244631 -0.00227615 -0.00245041 0.999994 0.124139 -0.0398006 -0.0639129
FixedParameters: 0 0 0

#Transform 103
Transform: AffineTransform_float_3_3
Parameters: 0.999995 0.00181376 0.00257467 -0.00181919 0.999996 0.00185134 -0.00257149 -0.00185669 0.999995 0.12426 -0.0308582 -0.0835949
FixedParameters: 0 0 0

#Transform 104
Transform: AffineTransform_float_3_3
Parameters: 0.999995 0.0017144 0.0025983 -0.00171892 0.999997 0.00173001 -0.00259498 -0.00173497 0.999995 0.123266 -0.0362633 -0.0924981
FixedParameters: 0 0 0

#Transform 105
Transform: AffineTransform_float_3_3
Parameters: 0.999996 0.00238435 0.0018453 -0.00238654 0.999997 0.00122844 -0.00184258 -0.00123223 0.999997 0.0743958 -0.0894037 -0.325674
FixedParameters: 0 0 0

#Transform 106
Transform: AffineTransform_float_3_3
Parameters: 0.999973 0.00657153 0.00341415 -0.00658609 0.999969 0.00426571 -0.0033865 -0.00428765 0.999985 0.0226414 0.384339 -1.63949
FixedParameters: 0 0 0

#Transform 107
Transform: AffineTransform_float_3_3
Parameters: 0.99998 0.0041248 0.00489013 -0.00412946 0.999992 0.000850173 -0.00488685 -0.000869546 0.999988 0.134736 -0.126824 -0.874804
FixedParameters: 0 0 0

#Transform 108
Transform: AffineTransform_float_3_3
Parameters: 0.999988 0.00231147 0.00419008 -0.00230707 0.999997 -0.00113013 -0.00419217 0.00112055 0.999991 0.236395 -0.126776 -0.488297
FixedParameters: 0 0 0

#Transform 109
Transform: AffineTransform_float_3_3
Parameters: 0.999984 0.00235257 0.00510841 -0.00235493 0.999997 0.000418505 -0.00510716 -0.000430512 0.999987 0.297611 -0.0711435 -0.690913
FixedParameters: 0 0 0

#Transform 110
Transform: AffineTransform_float_3_3
Parameters: 0.999984 -0.00288538 0.00487791 0.00289504 0.999994 -0.00194646 -0.00487167 0.00196064 0.999987 0.986514 -0.0964571 -0.722618
FixedParameters: 0 0 0

#Transform 111
Transform: AffineTransform_float_3_3
Parameters: 0.999999 0.000871342 -2.94486e-05 -0.000871377 1 -0.000614397 2.83784e-05 0.000613783 1 0.336332 -0.0422871 -0.381853
FixedParameters: 0 0 0

#Transform 112
Transform: AffineTransform_float_3_3
Parameters: 0.999991 0.00283308 0.00319632 -0.00282889 0.999995 -0.00122333 -0.00319973 0.0012145 0.999994 0.24642 -0.0391592 -0.412362
FixedParameters: 0 0 0

#Transform 113
Transform: AffineTransform_float_3_3
Parameters: 0.999993 0.00236349 0.00313441 -0.00236196 0.999997 -0.000664434 -0.00313667 0.00065673 0.999995 0.27717 -0.071 -0.461201
FixedParameters: 0 0 0

#Transform 114
Transform: AffineTransform_float_3_3
Parameters: 0.99999 0.00235521 0.00383098 -0.00235197 0.999997 -0.000883334 -0.00383379 0.000874446 0.999992 0.315434 -0.0657587 -0.42851
FixedParameters: 0 0 0

#Transform 115
Transform: AffineTransform_float_3_3
Parameters: 0.99999 0.00210259 0.00392731 -0.00209804 0.999998 -0.00103652 -0.0039303 0.00102843 0.999991 0.323304 -0.0475285 -0.466645
FixedParameters: 0 0 0

#Transform 116
Transform: AffineTransform_float_3_3
Parameters: 0.99999 0.0020861 0.00382076 -0.00208547 0.999998 -6.39292e-05 -0.00382107 5.62112e-05 0.999992 0.252735 -0.0608041 -0.62902
FixedParameters: 0 0 0

#Transform 117
Transform: AffineTransform_float_3_3
Parameters: 0.999991 0.00173239 0.00386668 -0.00173341 0.999998 0.000135539 -0.00386622 -0.000142209 0.999993 0.316984 -0.0998995 -0.457588
FixedParameters: 0 0 0

#Transform 118
Transform: AffineTransform_float_3_3
Parameters: 0.99999 0.00172935 0.00409891 -0.00172849 0.999999 -0.000101327 -0.00409927 9.4548e-05 0.999992 0.320875 -0.0662677 -0.463806
FixedParameters: 0 0 0

#Transform 119
Transform: AffineTransform_float_3_3
Parameters: 0.999992 0.00162109 0.00385004 -0.00161749 0.999998 -0.000833894 -0.00385166 0.000827546 0.999992 0.32528 -0.0833235 -0.581368
FixedParameters: 0 0 0

#Transform 120
Transform: AffineTransform_float_3_3
Parameters: 0.99999 0.00150862 0.0042675 -0.00150886 0.999999 -9.08417e-05 -0.00426738 8.39157e-05 0.999991 0.351641 -0.0955823 -0.442683
FixedParameters: 0 0 0

#Transform 121
Transform: AffineTransform_float_3_3
Parameters: 0.999991 0.0014978 0.00414753 -0.00149581 0.999999 -0.000579688 -0.0041482 0.00057406 0.999991 0.356754 -0.0637209 -0.508433
FixedParameters: 0 0 0

#Transform 122
Transform: AffineTransform_float_3_3
Parameters: 0.99999 0.00117978 0.00419272 -0.00117902 0.999999 -0.000329412 -0.00419273 0.000324109 0.999991 0.383778 -0.0486306 -0.440788
FixedParameters: 0 0 0

#Transform 123
Transform: AffineTransform_float_3_3
Parameters: 0.999988 0.00142797 0.00458633 -0.00142479 0.999999 -0.000757298 -0.00458692 0.000751631 0.999989 0.413092 -0.0493445 -0.378926
FixedParameters: 0 0 0

#Transform 124
Transform: AffineTransform_float_3_3
Parameters: 0.999991 0.00124332 0.00403682 -0.00124254 0.999999 -0.000113 -0.00403705 0.000107459 0.999992 0.383455 -0.0520058 -0.535959
FixedParameters: 0 0 0

#Transform 125
Transform: AffineTransform_float_3_3
Parameters: 0.999988 0.00126941 0.00476722 -0.00126998 0.999999 0.000142883 -0.00476716 -0.000148545 0.999988 0.396392 -0.0880915 -0.410483
FixedParameters: 0 0 0

#Transform 126
Transform: AffineTransform_float_3_3
Parameters: 0.99999 0.00113056 0.00433662 -0.00112889 0.999999 -0.000207897 -0.00433704 0.000203258 0.999991 0.41368 -0.0713273 -0.368169
FixedParameters: 0 0 0

#Transform 127
Transform: AffineTransform_float_3_3
Parameters: 0.99999 0.00133817 0.00412056 -0.0013373 0.999999 -0.00022918 -0.00412079 0.000223441 0.999991 0.35255 -0.0554587 -0.536597
FixedParameters: 0 0 0

#Transform 128
Transform: AffineTransform_float_3_3
Parameters: 0.999985 0.00118737 0.00521058 -0.00118739 0.999999 -0.000112315 -0.00521039 0.000106316 0.999986 0.389875 -0.0508988 -0.330526
FixedParameters: 0 0 0

#Transform 129
Transform: AffineTransform_float_3_3
Parameters: 0.999987 0.000998985 0.00499047 -0.000996939 0.999999 -0.000417122 -0.0049905 0.000412917 0.999988 0.381952 -0.0440958 -0.452919
FixedParameters: 0 0 0

#Transform 130
Transform: AffineTransform_float_3_3
Parameters: 0.999988 0.000980376 0.00475875 -0.000979441 0.999999 -0.000222724 -0.00475874 0.000218442 0.999989 0.392636 -0.0414598 -0.319336
FixedParameters: 0 0 0

#Transform 131
Transform: AffineTransform_float_3_3
Parameters: 0.999989 0.00193492 0.00439307 -0.00193594 0.999998 0.000118828 -0.00439261 -0.000127106 0.999991 0.27358 -0.017694 -0.328218
FixedParameters: 0 0 0

#Transform 132
Transform: AffineTransform_float_3_3
Parameters: 0.999988 0.00177804 0.00459507 -0.00177878 0.999998 0.000178833 -0.00459477 -0.000187242 0.999989 0.302259 -0.0267957 -0.365619
FixedParameters: 0 0 0

#Transform 133
Transform: AffineTransform_float_3_3
Parameters: 0.999986 0.00157717 0.0051752 -0.00158194 0.999998 0.000805924 -0.00517402 -0.000813972 0.999986 0.333313 -0.0253464 -0.291662
FixedParameters: 0 0 0

#Transform 134
Transform: AffineTransform_float_3_3
Parameters: 0.999986 0.00221583 0.00482268 -0.00222152 0.999997 0.00115186 -0.00482055 -0.00116195 0.999988 0.32033 -0.0330764 -0.429361
FixedParameters: 0 0 0

#Transform 135
Transform: AffineTransform_float_3_3
Parameters: 0.999986 0.00203039 0.00500324 -0.0020383 0.999997 0.00150695 -0.00500077 -0.00151692 0.999987 0.335671 -0.0471464 -0.261392
FixedParameters: 0 0 0

#Transform 136
Transform: AffineTransform_float_3_3
Parameters: 0.999989 0.00194893 0.00427861 -0.00194941 0.999998 0.000168048 -0.00427831 -0.000176713 0.999991 0.311288 -0.0354581 -0.471076
FixedParameters: 0 0 0

#Transform 137
Transform: AffineTransform_float_3_3
Parameters: 0.999986 0.00160284 0.0051656 -0.00160526 0.999998 0.000399703 -0.00516497 -0.000407882 0.999987 0.359937 -0.0638917 -0.324978
FixedParameters: 0 0 0

#Transform 138
Transform: AffineTransform_float_3_3
Parameters: 0.999987 0.00145495 0.00490494 -0.00146092 0.999999 0.00107958 -0.00490342 -0.00108621 0.999988 0.365068 -0.0493177 -0.323419
FixedParameters: 0 0 0

#Transform 139
Transform: AffineTransform_float_3_3
Parameters: 0.999986 0.00154777 0.00502285 -0.00155019 0.999998 0.000410855 -0.00502223 -0.000418688 0.999988 0.357749 -0.0309248 -0.374033
FixedParameters: 0 0 0

#Transform 140
Transform: AffineTransform_float_3_3
Parameters: 0.999987 0.00152195 0.00497592 -0.00152415 0.999998 0.000521771 -0.00497441 -0.000529287 0.999988 0.370097 -0.0278986 -0.295382
FixedParameters: 0 0 0

#Transform 141
Transform: AffineTransform_float_3_3
Parameters: 0.999987 0.00151007 0.00488747 -0.00151143 0.999999 0.000219342 -0.0048871 -0.000227001 0.999988 0.347155 -0.0202819 -0.459418
FixedParameters: 0 0 0

#Transform 142
Transform: AffineTransform_float_3_3
Parameters: 0.999987 0.00144546 0.00477185 -0.00144854 0.999999 0.000507212 -0.00477092 -0.000513961 0.999989 0.37328 -0.0395525 -0.323005
FixedParameters: 0 0 0

#Transform 143
Transform: AffineTransform_float_3_3
Parameters: 0.999986 0.00149869 0.00494625 -0.00150281 0.999998 0.000688623 -0.00494508 -0.000695789 0.999988 0.376423 -0.0436027 -0.377505
FixedParameters: 0 0 0

#Transform 144
Transform: AffineTransform_float_3_3
Parameters: 0.999988 0.00148143 0.00479996 -0.00148208 0.999999 0.000155611 -0.00479982 -0.000161982 0.999989 0.369912 -0.0284463 -0.374034
FixedParameters: 0 0 0

#Transform 145
Transform: AffineTransform_float_3_3
Parameters: 0.999986 0.00161362 0.00516156 -0.00161521 0.999999 0.000229039 -0.00516112 -0.000237266 0.999987 0.365839 -0.0503096 -0.337666
FixedParameters: 0 0 0

#Transform 146
Transform: AffineTransform_float_3_3
Parameters: 0.999987 0.00134027 0.00493709 -0.00134171 0.999999 0.000219308 -0.00493678 -0.000226186 0.999988 0.357045 -0.0590293 -0.464126
FixedParameters: 0 0 0

#Transform 147
Transform: AffineTransform_float_3_3
Parameters: 0.999985 0.00118361 0.00532517 -0.00118416 0.999999 0.000202707 -0.00532531 -0.000208415 0.999986 0.383232 -0.0582141 -0.323292
FixedParameters: 0 0 0

#Transform 148
Transform: AffineTransform_float_3_3
Parameters: 0.999985 0.00117166 0.00532956 -0.0011733 0.999999 0.000391345 -0.00532961 -0.000396988 0.999986 0.369763 -0.0644709 -0.42194
FixedParameters: 0 0 0

#Transform 149
Transform: AffineTransform_float_3_3
Parameters: 0.999986 0.00129778 0.00509235 -0.00129837 0.999999 0.000214838 -0.0050924 -0.000221823 0.999988 0.35895 -0.0353091 -0.324896
FixedParameters: 0 0 0

#Transform 150
Transform: AffineTransform_float_3_3
Parameters: 0.999988 0.0016613 0.00463222 -0.00165621 0.999998 -0.00119579 -0.00463483 0.00118797 0.999989 0.221882 0.04571 -0.00532485
FixedParameters: 0 0 0

#Transform 151
Transform: AffineTransform_float_3_3
Parameters: 0.999985 0.00189816 0.00525137 -0.0018929 0.999998 -0.000948355 -0.00525317 0.000939315 0.999985 0.258004 0.0768588 -0.112423
FixedParameters: 0 0 0

#Transform 152
Transform: AffineTransform_float_3_3
Parameters: 0.999983 0.00209191 0.00533588 -0.00209281 0.999998 0.000253144 -0.0053355 -0.000264925 0.999985 0.238118 0.0210248 -0.0450227
FixedParameters: 0 0 0

#Transform 153
Transform: AffineTransform_float_3_3
Parameters: 0.999986 0.00205239 0.00500196 -0.00204503 0.999997 -0.00138843 -0.00500503 0.00137822 0.999987 0.241729 0.0325552 -0.205933
FixedParameters: 0 0 0

#Transform 154
Transform: AffineTransform_float_3_3
Parameters: 0.999985 0.0021115 0.00497953 -0.00210884 0.999998 -0.00054321 -0.00498064 0.000533049 0.999988 0.270364 -0.0148598 -0.0885066
FixedParameters: 0 0 0

#Transform 155
Transform: AffineTransform_float_3_3
Parameters: 0.999986 0.00148348 0.00497377 -0.00148211 0.999999 -0.000340183 -0.00497402 0.000332679 0.999987 0.266665 0.0337293 -0.237358
FixedParameters: 0 0 0

#Transform 156
Transform: AffineTransform_float_3_3
Parameters: 0.999986 0.0016134 0.00516929 -0.0016122 0.999999 -0.000216175 -0.0051696 0.000208776 0.999987 0.289205 0.0106632 -0.111692
FixedParameters: 0 0 0

#Transform 157
Transform: AffineTransform_float_3_3
Parameters: 0.999985 0.00158138 0.00525957 -0.00158003 0.999999 -0.000143755 -0.00525997 0.000135611 0.999986 0.274311 -0.0151909 -0.179216
FixedParameters: 0 0 0

#Transform 158
Transform: AffineTransform_float_3_3
Parameters: 0.999986 0.00147079 0.00522361 -0.00146987 0.999999 -0.000197673 -0.00522376 0.000190097 0.999987 0.288857 0.00120302 -0.224641
FixedParameters: 0 0 0

#Transform 159
Transform: AffineTransform_float_3_3
Parameters: 0.999986 0.0018726 0.00507055 -0.0018708 0.999998 -0.0002734 -0.00507121 0.000264439 0.999987 0.2839 -0.0112624 -0.148419
FixedParameters: 0 0 0

#Transform 160
Transform: AffineTransform_float_3_3
Parameters: 0.999985 0.00154383 0.00538121 -0.00153941 0.999998 -0.000777353 -0.0053821 0.000769349 0.999985 0.28397 -0.0209295 -0.297208
FixedParameters: 0 0 0

#Transform 161
Transform: AffineTransform_float_3_3
Parameters: 0.999986 0.00152552 0.00520284 -0.00152372 0.999999 -0.000366755 -0.00520319 0.000359466 0.999987 0.302553 -0.0356869 -0.189872
FixedParameters: 0 0 0

#Transform 162
Transform: AffineTransform_float_3_3
Parameters: 0.999986 0.00147335 0.00522277 -0.00147041 0.999999 -0.000474212 -0.00522341 0.000467413 0.999986 0.285169 -0.0191137 -0.296288
FixedParameters: 0 0 0

#Transform 163
Transform: AffineTransform_float_3_3
Parameters: 0.999983 0.00136136 0.00565506 -0.00135764 0.999999 -0.00051741 -0.00565566 0.000510449 0.999984 0.298012 -0.0354723 -0.261787
FixedParameters: 0 0 0

#Transform 164
Transform: AffineTransform_float_3_3
Parameters: 0.999986 0.00150528 0.00503079 -0.00150287 0.999998 -0.000446145 -0.00503135 0.000438177 0.999988 0.279558 -0.020892 -0.235412
FixedParameters: 0 0 0

#Transform 165
Transform: AffineTransform_float_3_3
Parameters: 0.999986 0.00171411 0.00513091 -0.00171359 0.999999 -0.000150806 -0.00513104 0.000142495 0.999987 0.252951 0.00374315 -0.3918
FixedParameters: 0 0 0

#Transform 166
Transform: AffineTransform_float_3_3
Parameters: 0.999985 0.00122175 0.0053186 -0.00121917 0.999999 -0.000361106 -0.00531901 0.000354417 0.999986 0.352768 -0.00250981 0.317219
FixedParameters: 0 0 0

#Transform 167
Transform: AffineTransform_float_3_3
Parameters: 0.99999 -0.000216826 0.00451332 0.000197882 0.999992 0.00423309 -0.00451392 -0.00423218 0.999981 0.180136 -0.036914 0.232004
FixedParameters: 0 0 0

#Transform 168
Transform: AffineTransform_float_3_3
Parameters: 0.999993 0.00125382 0.00353842 -0.00127803 0.999976 0.00686174 -0.00353031 -0.00686643 0.999971 0.132327 -0.13214 0.480814
FixedParameters: 0 0 0

#Transform 169
Transform: AffineTransform_float_3_3
Parameters: 0.999992 0.00143965 0.00388523 -0.00143105 0.999996 -0.00223009 -0.00388911 0.00222462 0.99999 0.236028 -0.0620334 -0.142241
FixedParameters: 0 0 0

#Transform 170
Transform: AffineTransform_float_3_3
Parameters: 0.99998 -0.000749259 0.0062657 0.000747706 1 0.00021561 -0.00626591 -0.0002103 0.99998 0.322468 -0.0689209 0.60261
FixedParameters: 0 0 0

#Transform 171
Transform: AffineTransform_float_3_3
Parameters: 0.999983 0.000123946 0.00585213 -0.000113281 0.999998 -0.00170299 -0.00585233 0.0017018 0.999981 0.305461 0.0286034 0.440261
FixedParameters: 0 0 0

#Transform 172
Transform: AffineTransform_float_3_3
Parameters: 0.999978 2.55318e-06 0.00657408 1.89994e-05 0.999995 -0.00326565 -0.00657412 0.00326567 0.999973 0.379685 -0.0539639 0.507102
FixedParameters: 0 0 0

#Transform 173
Transform: AffineTransform_float_3_3
Parameters: 0.999985 6.96648e-05 0.00558824 -5.94431e-05 0.999998 -0.00176955 -0.00558921 0.00176915 0.999983 0.297896 0.0264127 0.348064
FixedParameters: 0 0 0

#Transform 174
Transform: AffineTransform_float_3_3
Parameters: 0.999976 0.00022491 0.00689001 -0.000206364 0.999996 -0.00271034 -0.00689026 0.00270986 0.999973 0.351675 -0.00331447 0.328793
FixedParameters: 0 0 0

#Transform 175
Transform: AffineTransform_float_3_3
Parameters: 0.999976 -0.000116171 0.00690973 0.000140333 0.999994 -0.00353232 -0.00690873 0.0035327 0.99997 0.370824 -0.0650013 0.261701
FixedParameters: 0 0 0

#Transform 176
Transform: AffineTransform_float_3_3
Parameters: 0.999977 -0.000391742 0.0067943 0.000426228 0.999988 -0.00494979 -0.00679171 0.00495306 0.999965 0.388162 -0.00836299 0.0452097
FixedParameters: 0 0 0

#Transform 177
Transform: AffineTransform_float_3_3
Parameters: 0.999978 -0.000474217 0.00668424 0.000523143 0.999973 -0.00731457 -0.00668117 0.0073179 0.999951 0.394129 -0.0795923 0.090235
FixedParameters: 0 0 0

#Transform 178
Transform: AffineTransform_float_3_3
Parameters: 0.999971 -0.000624575 0.00759834 0.000678915 0.999974 -0.00717542 -0.00759351 0.0071805 0.999946 0.384625 -0.0104874 -0.037158
FixedParameters: 0 0 0

#Transform 179
Transform: AffineTransform_float_3_3
Parameters: 0.999962 -0.000710057 0.00871112 0.000764523 0.99998 -0.00628819 -0.00870621 0.00629429 0.999942 0.40027 -0.0285818 0.420871
FixedParameters: 0 0 0

#Transform 180
Transform: AffineTransform_float_3_3
Parameters: 0.99997 -0.000792577 0.00765711 0.000843534 0.999978 -0.00664345 -0.00765172 0.00665026 0.999948 0.391832 0.0616972 0.210382
FixedParameters: 0 0 0

#Transform 181
Transform: AffineTransform_float_3_3
Parameters: 0.999969 -0.00110359 0.00779008 0.00114863 0.999982 -0.00579518 -0.00778433 0.00580381 0.999953 0.375104 0.0131974 0.162234
FixedParameters: 0 0 0

#Transform 182
Transform: AffineTransform_float_3_3
Parameters: 0.999969 -0.000842241 0.00788065 0.000885673 0.999985 -0.00549996 -0.00787617 0.00550656 0.999954 0.356372 -0.00263745 0.0655482
FixedParameters: 0 0 0

#Transform 183
Transform: AffineTransform_float_3_3
Parameters: 0.999974 -2.11541e-05 0.0072797 7.22599e-05 0.999975 -0.00705201 -0.00727919 0.00705341 0.999949 0.321823 -0.027239 -0.02536
FixedParameters: 0 0 0

#Transform 184
Transform: AffineTransform_float_3_3
Parameters: 0.999973 -0.000691224 0.00725486 0.000748854 0.999968 -0.00789374 -0.00724852 0.00789967 0.999943 0.330596 -0.0244704 -0.124811
FixedParameters: 0 0 0

#Transform 185
Transform: AffineTransform_float_3_3
Parameters: 0.999972 -0.000708674 0.00750948 0.000755269 0.99998 -0.0063149 -0.00750483 0.0063201 0.999951 0.35105 -0.0794016 -0.0339592
FixedParameters: 0 0 0

#Transform 186
Transform: AffineTransform_float_3_3
Parameters: 0.999973 -0.000618272 0.00735184 0.000726951 0.999892 -0.0146876 -0.00734228 0.0146926 0.999866 0.373499 -0.146357 -0.80984
FixedParameters: 0 0 0

#Transform 187
Transform: AffineTransform_float_3_3
Parameters: 0.999969 -0.00130933 0.00780792 0.00138443 0.999953 -0.00965072 -0.00779549 0.0096613 0.999923 0.430692 -0.147702 -0.384127
FixedParameters: 0 0 0

#Transform 188
Transform: AffineTransform_float_3_3
Parameters: 0.999973 -0.00030058 0.00733881 0.000401978 0.999906 -0.0137033 -0.00733426 0.0137065 0.999879 0.357816 -0.142384 -0.79655
FixedParameters: 0 0 0

#Transform 189
