#Insight Transform File V1.0
#Transform 0
Transform: AffineTransform_float_3_3
Parameters: 1 0.000156411 0.000212677 -0.000156171 1 -0.000564033 -0.000212853 0.000563967 1 0.051187 0.0326909 0.109827
FixedParameters: 0 0 0

#Transform 1
Transform: AffineTransform_float_3_3
Parameters: 1 0.000369277 -0.000270921 -0.000368953 1 0.0005981 0.000271363 -0.0005979 1 0.00799531 0.116055 0.0344768
FixedParameters: 0 0 0

#Transform 2
Transform: AffineTransform_float_3_3
Parameters: 1 0.000510075 -4.7896e-06 -0.000510073 1 0.000269002 5.06403e-06 -0.000268997 1 0.0122505 0.0716261 0.0187451
FixedParameters: 0 0 0

#Transform 3
Transform: AffineTransform_float_3_3
Parameters: 0.999999 0.000868137 -0.000499129 -0.000868861 0.999999 -0.00131957 0.000497642 0.00132043 0.999999 0.00187055 0.048091 -0.102647
FixedParameters: 0 0 0

#Transform 4
Transform: AffineTransform_float_3_3
Parameters: 0.999998 0.000803787 -0.00177596 -0.000804819 0.999999 -0.000850349 0.00177561 0.000851653 0.999998 -0.0840551 -0.00708497 -0.0911615
FixedParameters: 0 0 0

#Transform 5
Transform: AffineTransform_float_3_3
Parameters: 0.999999 0.000833131 -0.00104299 -0.000833104 1 -0.000270608 0.00104334 0.000271392 0.999999 -0.0409916 -0.0280384 -0.112662
FixedParameters: 0 0 0

#Transform 6
Transform: AffineTransform_float_3_3
Parameters: 0.999999 0.000817105 -0.00106547 -0.000815976 0.999999 0.000807743 0.00106599 -0.000807256 0.999999 -0.00822599 0.0777926 -0.160138
FixedParameters: 0 0 0

#Transform 7
Transform: AffineTransform_float_3_3
Parameters: 0.999999 0.000670611 -0.000668237 -0.000669955 1 0.000490971 0.000668895 -0.000491029 1 0.00829353 0.0852389 -0.106685
FixedParameters: 0 0 0

#Transform 8
Transform: AffineTransform_float_3_3
Parameters: 0.999999 0.000650201 -0.000594676 -0.000649895 1 0.00075491 0.000594852 -0.000755091 0.999999 0.00167546 0.132255 -0.168414
FixedParameters: 0 0 0

#Transform 9
Transform: AffineTransform_float_3_3
Parameters: 0.999999 0.000744472 -0.00023427 -0.000744472 0.999999 0.00126217 0.000235343 -0.00126183 0.999999 0.0297375 0.0639333 -0.136518
FixedParameters: 0 0 0

#Transform 10
Transform: AffineTransform_float_3_3
Parameters: 0.999999 0.000844701 -0.000329562 -0.000844346 0.999999 0.000538278 0.00033047 -0.000537721 1 0.0105618 0.0945267 -0.17853
FixedParameters: 0 0 0

#Transform 11
Transform: AffineTransform_float_3_3
Parameters: 0.999999 0.00083597 -0.000341307 -0.000835909 0.999999 0.000954808 0.000342098 -0.000955191 0.999999 -0.0185836 0.100276 -0.327578
FixedParameters: 0 0 0

#Transform 12
Transform: AffineTransform_float_3_3
Parameters: 1 0.000630348 -5.97805e-05 -0.000629914 0.999999 0.00183069 6.06895e-05 -0.00183031 0.999998 0.0166698 0.0521408 -0.192511
FixedParameters: 0 0 0

#Transform 13
Transform: AffineTransform_float_3_3
Parameters: 0.999999 0.000688841 -0.000344208 -0.000689073 0.999999 0.000522237 0.000344121 -0.000521763 1 0.0111534 0.0553479 -0.165211
FixedParameters: 0 0 0

#Transform 14
Transform: AffineTransform_float_3_3
Parameters: 1 0.00117591 -0.000302764 -0.00117642 1 0.000132529 0.000302269 -0.000132472 1 -0.00990589 0.0660365 -0.271771
FixedParameters: 0 0 0

#Transform 15
Transform: AffineTransform_float_3_3
Parameters: 0.999999 0.00103338 4.44339e-05 -0.00103345 1 0.000728605 -4.29282e-05 -0.000728396 1 -0.00473254 0.0347873 -0.167974
FixedParameters: 0 0 0

#Transform 16
Transform: AffineTransform_float_3_3
Parameters: 0.999999 0.00121557 0.000176321 -0.00121646 0.999999 0.000839436 -0.000175086 -0.000839564 1 0.0380122 0.00789064 -0.066325
FixedParameters: 0 0 0

#Transform 17
Transform: AffineTransform_float_3_3
Parameters: 0.999999 0.00118601 -0.000326045 -0.0011858 0.999999 0.00031691 0.000326797 -0.00031709 1 0.0139879 0.0697431 -0.190118
FixedParameters: 0 0 0

#Transform 18
Transform: AffineTransform_float_3_3
Parameters: 0.999999 0.000867039 -0.000298427 -0.000867 0.999997 0.00204226 0.000300356 -0.00204174 0.999998 0.0280908 0.0259284 -0.1507
FixedParameters: 0 0 0

#Transform 19
Transform: AffineTransform_float_3_3
Parameters: 0.999999 0.00094135 -0.00019709 -0.000941285 0.999998 0.00165771 0.000199405 -0.00165829 0.999999 0.0539681 0.0370429 -0.16308
FixedParameters: 0 0 0

#Transform 20
Transform: AffineTransform_float_3_3
Parameters: 0.999999 0.000921079 -0.000225297 -0.000921301 0.999999 0.000819731 0.000226001 -0.000820269 1 0.040619 0.0562485 -0.208435
FixedParameters: 0 0 0

#Transform 21
Transform: AffineTransform_float_3_3
Parameters: 0.999999 0.000865214 -0.000301005 -0.000864681 0.999998 0.00186126 0.000303418 -0.00186074 0.999998 0.0207256 0.0466431 -0.232665
FixedParameters: 0 0 0

#Transform 22
Transform: AffineTransform_float_3_3
Parameters: 0.999999 0.000892453 0.000220572 -0.000893066 0.999998 0.00188245 -0.000218609 -0.00188255 0.999998 0.0350239 0.0101494 -0.156709
FixedParameters: 0 0 0

#Transform 23
Transform: AffineTransform_float_3_3
Parameters: 1 0.00108897 0.000269132 -0.00108919 0.999999 0.000812708 -0.000268759 -0.000813294 1 0.0235518 0.0401976 -0.221602
FixedParameters: 0 0 0

#Transform 24
Transform: AffineTransform_float_3_3
Parameters: 1 0.00104594 -5.35757e-05 -0.00104606 0.999997 0.00231871 5.62221e-05 -0.00231829 0.999997 0.015617 0.0474359 -0.21036
FixedParameters: 0 0 0

#Transform 25
Transform: AffineTransform_float_3_3
Parameters: 0.999999 0.000860567 5.71169e-05 -0.000860606 0.999998 0.0022696 -5.46086e-05 -0.0022694 0.999997 0.0291731 0.0237474 -0.216179
FixedParameters: 0 0 0

#Transform 26
Transform: AffineTransform_float_3_3
Parameters: 1 0.000929086 0.000483548 -0.000929005 0.999998 0.00158668 -0.000481784 -0.00158632 0.999998 0.0413686 0.0202557 -0.164095
FixedParameters: 0 0 0

#Transform 27
Transform: AffineTransform_float_3_3
Parameters: 0.999999 0.000905626 3.82215e-05 -0.000905513 0.999999 0.00133762 -3.7197e-05 -0.00133738 0.999999 0.0199803 0.0830065 -0.256799
FixedParameters: 0 0 0

#Transform 28
Transform: AffineTransform_float_3_3
Parameters: 0.999999 0.000932255 -0.000210782 -0.000931651 0.999997 0.00231885 0.000212899 -0.00231815 0.999997 -0.00669478 -0.00854245 -0.199557
FixedParameters: 0 0 0

#Transform 29
Transform: AffineTransform_float_3_3
Parameters: 0.999999 0.00101505 -0.000118341 -0.00101442 0.999998 0.00174512 0.000120484 -0.00174488 0.999999 -0.00583934 0.0102939 -0.197142
FixedParameters: 0 0 0

#Transform 30
Transform: AffineTransform_float_3_3
Parameters: 0.999999 0.00102271 -0.000108065 -0.00102216 0.999998 0.00153463 0.000109806 -0.00153537 0.999999 -0.0271322 0.0181351 -0.173763
FixedParameters: 0 0 0

#Transform 31
Transform: AffineTransform_float_3_3
Parameters: 0.999999 0.000865431 -0.000227702 -0.000864802 0.999998 0.00220385 0.00022931 -0.00220315 0.999998 -0.0378801 0.0154238 -0.174243
FixedParameters: 0 0 0

#Transform 32
Transform: AffineTransform_float_3_3
Parameters: 0.999999 0.000845995 2.19349e-05 -0.000845875 0.999997 0.00226798 -1.94956e-05 -0.00226802 0.999998 -0.0260548 0.0042523 -0.161133
FixedParameters: 0 0 0

#Transform 33
Transform: AffineTransform_float_3_3
Parameters: 0.999999 0.000937702 0.000136328 -0.000937891 0.999998 0.00148487 -0.000134941 -0.00148513 0.999999 -0.0277692 0.0162245 -0.144507
FixedParameters: 0 0 0

#Transform 34
Transform: AffineTransform_float_3_3
Parameters: 0.999999 0.000900645 -0.000118927 -0.000900619 0.999998 0.00169111 0.000119769 -0.00169089 0.999999 -0.0211435 0.0409385 -0.240153
FixedParameters: 0 0 0

#Transform 35
Transform: AffineTransform_float_3_3
Parameters: 0.999999 0.000852573 0.000209589 -0.000853364 0.999995 0.0029223 -0.0002074 -0.0029217 0.999996 -0.0104214 0.00359191 -0.231447
FixedParameters: 0 0 0

#Transform 36
Transform: AffineTransform_float_3_3
Parameters: 0.999999 0.000713871 0.000190549 -0.000715224 0.999996 0.00256886 -0.000189082 -0.00256913 0.999996 0.00246816 -0.022789 -0.155942
FixedParameters: 0 0 0

#Transform 37
Transform: AffineTransform_float_3_3
Parameters: 0.999999 0.00072958 0.000210261 -0.00072992 0.999999 0.000811324 -0.000209077 -0.000810676 1 0.00662149 0.0277313 -0.233213
FixedParameters: 0 0 0

#Transform 38
Transform: AffineTransform_float_3_3
Parameters: 0.999999 0.000738007 0.000118244 -0.000738332 0.999997 0.00229691 -0.000116251 -0.00229709 0.999998 0.00104407 0.00325079 -0.169727
FixedParameters: 0 0 0

#Transform 39
Transform: AffineTransform_float_3_3
Parameters: 0.999999 0.000826179 0.000140305 -0.000826531 0.999998 0.00203053 -0.000138347 -0.00203046 0.999997 0.0170248 0.021424 -0.161266
FixedParameters: 0 0 0

#Transform 40
Transform: AffineTransform_float_3_3
Parameters: 0.999999 0.000956931 4.47261e-05 -0.000957493 0.999998 0.00209513 -4.29182e-05 -0.00209587 0.999997 0.040819 0.0459513 -0.17324
FixedParameters: 0 0 0

#Transform 41
Transform: AffineTransform_float_3_3
Parameters: 0.999999 0.000952074 4.85417e-05 -0.000951873 0.999997 0.0023826 -4.68014e-05 -0.0023824 0.999997 0.0513703 0.0261737 -0.141989
FixedParameters: 0 0 0

#Transform 42
Transform: AffineTransform_float_3_3
Parameters: 0.999999 0.000821261 0.000144276 -0.000820972 0.999997 0.00255301 -0.000142075 -0.00255199 0.999997 0.0438957 0.0361162 -0.175599
FixedParameters: 0 0 0

#Transform 43
Transform: AffineTransform_float_3_3
Parameters: 1 0.000999718 1.29621e-05 -0.00100035 0.999999 0.00161816 -1.05309e-05 -0.00161884 0.999998 0.0206226 0.0623456 -0.22916
FixedParameters: 0 0 0

#Transform 44
Transform: AffineTransform_float_3_3
Parameters: 0.999999 0.00145191 -0.000324769 -0.00145245 0.999997 -0.00234236 0.000320975 0.00234264 0.999997 -0.0173586 0.147948 -0.434279
FixedParameters: 0 0 0

#Transform 45
Transform: AffineTransform_float_3_3
Parameters: 0.999999 0.000820625 -0.000433038 -0.00081928 0.999997 0.00198735 0.000434092 -0.00198664 0.999998 0.0804779 0.120218 -0.0245274
FixedParameters: 0 0 0

#Transform 46
Transform: AffineTransform_float_3_3
Parameters: 0.999999 0.000983588 2.44148e-05 -0.000983434 0.999999 0.00125063 -2.33529e-05 -0.00125037 0.999999 0.0760342 0.0985536 -0.110893
FixedParameters: 0 0 0

#Transform 47
Transform: AffineTransform_float_3_3
Parameters: 0.999999 0.000716699 -0.000280514 -0.000716367 0.999998 0.00164172 0.000282061 -0.00164228 0.999999 0.0453975 0.0951717 -0.183533
FixedParameters: 0 0 0

#Transform 48
Transform: AffineTransform_float_3_3
Parameters: 0.999999 0.000666461 -0.000240481 -0.000665813 0.999997 0.00256368 0.000243091 -0.00256432 0.999997 0.0534304 0.0946763 -0.0991522
FixedParameters: 0 0 0

#Transform 49
Transform: AffineTransform_float_3_3
Parameters: 0.999999 0.0007294 0.000210886 -0.000729888 0.999999 0.00166797 -0.00020985 -0.00166703 0.999998 0.0641653 0.0816186 -0.0212104
FixedParameters: 0 0 0

#Transform 50
Transform: AffineTransform_float_3_3
Parameters: 0.999999 0.00087234 -0.000181397 -0.000872161 0.999999 0.00153368 0.00018187 -0.00153432 0.999999 0.0557912 0.0779926 -0.109409
FixedParameters: 0 0 0

#Transform 51
Transform: AffineTransform_float_3_3
Parameters: 1 0.000637758 8.64683e-05 -0.000638004 0.999996 0.00269395 -8.44294e-05 -0.00269406 0.999997 0.053377 0.0445907 -0.0869225
FixedParameters: 0 0 0

#Transform 52
Transform: AffineTransform_float_3_3
Parameters: 1 0.000641282 9.1417e-05 -0.000641584 0.999996 0.00285559 -8.91517e-05 -0.00285541 0.999995 0.0628591 0.0575682 -0.137147
FixedParameters: 0 0 0

#Transform 53
Transform: AffineTransform_float_3_3
Parameters: 0.999999 0.000729817 0.000212289 -0.000730652 0.999996 0.00248484 -0.000210058 -0.00248515 0.999997 0.0449971 0.0848388 -0.173224
FixedParameters: 0 0 0

#Transform 54
Transform: AffineTransform_float_3_3
Parameters: 1 0.00104787 0.000200863 -0.00104846 0.999995 0.00307644 -0.000198608 -0.00307656 0.999995 0.0464017 0.0492304 -0.154619
FixedParameters: 0 0 0

#Transform 55
Transform: AffineTransform_float_3_3
Parameters: 0.999999 0.000835012 0.000355599 -0.000836215 0.999997 0.0019977 -0.000353658 -0.0019983 0.999998 0.0469179 0.0698204 -0.122425
FixedParameters: 0 0 0

#Transform 56
Transform: AffineTransform_float_3_3
Parameters: 0.999999 0.000906429 -0.00019714 -0.000906801 0.999997 0.00205018 0.000199245 -0.00204982 0.999998 0.0382536 0.0307571 -0.115941
FixedParameters: 0 0 0

#Transform 57
Transform: AffineTransform_float_3_3
Parameters: 1 0.00101119 -0.000461682 -0.00100913 0.999994 0.00326499 0.000465268 -0.00326501 0.999994 0.0332878 0.0678974 -0.0904905
FixedParameters: 0 0 0

#Transform 58
Transform: AffineTransform_float_3_3
Parameters: 1 0.00102872 -0.000318227 -0.00102893 0.999998 0.00151885 0.000319741 -0.00151915 0.999999 0.0267438 0.0410851 -0.0963324
FixedParameters: 0 0 0

#Transform 59
Transform: AffineTransform_float_3_3
Parameters: 1 0.0011119 -0.00023467 -0.0011113 0.999997 0.00205779 0.000237041 -0.00205822 0.999998 0.0277145 0.0743653 -0.148254
FixedParameters: 0 0 0

#Transform 60
Transform: AffineTransform_float_3_3
Parameters: 1 0.00119031 0.000274042 -0.0011922 0.999994 0.00317532 -0.000270079 -0.00317567 0.999994 0.0256156 0.0316612 -0.136948
FixedParameters: 0 0 0

#Transform 61
Transform: AffineTransform_float_3_3
Parameters: 0.999999 0.000978853 -0.000254115 -0.000977718 0.999998 0.00180525 0.000256248 -0.00180475 0.999999 0.0371085 0.0294978 -0.121485
FixedParameters: 0 0 0

#Transform 62
Transform: AffineTransform_float_3_3
Parameters: 0.999999 0.00107065 -0.000907698 -0.00106814 0.999997 0.0023555 0.000910318 -0.00235451 0.999997 0.0249407 0.0773734 -0.205262
FixedParameters: 0 0 0

#Transform 63
Transform: AffineTransform_float_3_3
Parameters: 1 0.00113849 -0.000195541 -0.00113795 0.999994 0.00329623 0.000198636 -0.00329578 0.999995 0.0365973 0.0495517 -0.168464
FixedParameters: 0 0 0

#Transform 64
Transform: AffineTransform_float_3_3
Parameters: 0.999999 0.0015159 -0.000374887 -0.00151574 0.999997 0.00228474 0.000377998 -0.00228426 0.999998 0.0464314 0.0523341 -0.152565
FixedParameters: 0 0 0

#Transform 65
Transform: AffineTransform_float_3_3
Parameters: 0.999999 0.00151579 -0.000375328 -0.00151526 0.999997 0.00199374 0.000378361 -0.00199326 0.999998 0.0297429 0.0588672 -0.14372
FixedParameters: 0 0 0

#Transform 66
Transform: AffineTransform_float_3_3
Parameters: 1 0.00110969 -0.000406661 -0.00110835 0.999996 0.00282563 0.000409918 -0.00282538 0.999996 0.0478081 0.0467188 -0.0915058
FixedParameters: 0 0 0

#Transform 67
Transform: AffineTransform_float_3_3
Parameters: 0.999999 0.00134412 -0.000345061 -0.00134291 0.999995 0.00282564 0.000348246 -0.00282536 0.999996 0.0629606 0.0364592 -0.0845673
FixedParameters: 0 0 0

#Transform 68
Transform: AffineTransform_float_3_3
Parameters: 1 0.00118491 -0.000132928 -0.00118447 0.999997 0.00227581 0.000134718 -0.00227519 0.999997 0.0585138 0.0782776 -0.179753
FixedParameters: 0 0 0

#Transform 69
Transform: AffineTransform_float_3_3
Parameters: 1 0.00110966 -0.000234884 -0.00110876 0.999993 0.00351479 0.000238274 -0.00351522 0.999994 0.0522706 0.073023 -0.157051
FixedParameters: 0 0 0

#Transform 70
Transform: AffineTransform_float_3_3
Parameters: 1 0.00115978 -0.000165933 -0.00115868 0.999993 0.00374837 0.000171022 -0.00374863 0.999993 0.0679825 0.0479192 -0.105129
FixedParameters: 0 0 0

#Transform 71
Transform: AffineTransform_float_3_3
Parameters: 0.999999 0.0012691 0.000140651 -0.00126866 0.999994 0.00284982 -0.000136806 -0.00285017 0.999996 0.0421736 0.0513264 -0.14517
FixedParameters: 0 0 0

#Transform 72
Transform: AffineTransform_float_3_3
Parameters: 1 0.0011331 -0.000203265 -0.00113208 0.999995 0.00289675 0.000206225 -0.00289725 0.999996 0.0423981 0.0734175 -0.205685
FixedParameters: 0 0 0

#Transform 73
Transform: AffineTransform_float_3_3
Parameters: 1 0.00118273 -0.00013461 -0.00118251 0.999993 0.00358416 0.000138679 -0.00358384 0.999994 0.0338426 0.0291963 -0.195578
FixedParameters: 0 0 0

#Transform 74
Transform: AffineTransform_float_3_3
Parameters: 0.999999 0.000924011 -6.85042e-05 -0.000923674 0.999993 0.00358407 7.15245e-05 -0.00358394 0.999994 0.0300607 0.0425453 -0.141365
FixedParameters: 0 0 0

#Transform 75
Transform: AffineTransform_float_3_3
Parameters: 0.999999 0.000908831 0.000114991 -0.000909796 0.999997 0.0025779 -0.000112507 -0.00257811 0.999997 0.024952 0.0933991 -0.180505
FixedParameters: 0 0 0

#Transform 76
Transform: AffineTransform_float_3_3
Parameters: 1 0.000946831 0.000274811 -0.000947427 0.999994 0.00334674 -0.000271859 -0.00334726 0.999995 0.0274254 0.0910212 -0.183508
FixedParameters: 0 0 0

#Transform 77
Transform: AffineTransform_float_3_3
Parameters: 0.999999 0.000972917 9.9126e-05 -0.000973043 0.999992 0.00394655 -9.56401e-05 -0.00394645 0.999992 0.0240073 0.0775347 -0.143626
FixedParameters: 0 0 0

#Transform 78
Transform: AffineTransform_float_3_3
Parameters: 0.999999 0.000879077 0.00018182 -0.000879822 0.999994 0.00325397 -0.000178893 -0.00325303 0.999995 0.0120284 0.120032 -0.135667
FixedParameters: 0 0 0

#Transform 79
Transform: AffineTransform_float_3_3
Parameters: 0.999999 0.000803229 0.000346204 -0.000804387 0.999994 0.00346637 -0.000344019 -0.00346663 0.999993 -0.0205231 0.0943971 -0.0969969
FixedParameters: 0 0 0

#Transform 80
Transform: AffineTransform_float_3_3
Parameters: 1 0.00108844 0.000468313 -0.00108999 0.999995 0.00298349 -0.0004652 -0.00298451 0.999996 -0.00416484 0.100414 -0.13634
FixedParameters: 0 0 0

#Transform 81
Transform: AffineTransform_float_3_3
Parameters: 0.999999 0.000871432 0.000171225 -0.000872074 0.999994 0.00314785 -0.000168533 -0.00314815 0.999995 0.00985637 0.10408 -0.182945
FixedParameters: 0 0 0

#Transform 82
Transform: AffineTransform_float_3_3
Parameters: 1 0.00100686 0.000357446 -0.00100817 0.999993 0.00357364 -0.000353632 -0.00357436 0.999994 0.0150251 0.0847188 -0.131484
FixedParameters: 0 0 0

#Transform 83
Transform: AffineTransform_float_3_3
Parameters: 1 0.00100059 0.00034794 -0.00100141 0.999995 0.00295666 -0.000345408 -0.00295735 0.999996 0.00568829 0.0929441 -0.151568
FixedParameters: 0 0 0

#Transform 84
Transform: AffineTransform_float_3_3
Parameters: 1 0.00100018 0.000349122 -0.00100161 0.999991 0.0041383 -0.000345623 -0.0041387 0.999991 0.0148951 0.0975349 -0.19157
FixedParameters: 0 0 0

#Transform 85
Transform: AffineTransform_float_3_3
Parameters: 0.999999 0.000909485 0.000224803 -0.000910772 0.999991 0.00432545 -0.000221123 -0.00432556 0.999991 0.0504653 0.0371197 -0.118379
FixedParameters: 0 0 0

#Transform 86
Transform: AffineTransform_float_3_3
Parameters: 0.999999 0.0012103 0.000635859 -0.00121241 0.999994 0.00327588 -0.000631901 -0.00327712 0.999994 0.0365452 0.0602347 -0.165933
FixedParameters: 0 0 0

#Transform 87
Transform: AffineTransform_float_3_3
Parameters: 0.999999 0.00121502 0.000646154 -0.00121851 0.999986 0.00509869 -0.000639715 -0.00509931 0.999987 0.0366237 0.0699651 -0.134134
FixedParameters: 0 0 0

#Transform 88
Transform: AffineTransform_float_3_3
Parameters: 0.999999 0.00119065 0.000870619 -0.00119379 0.999994 0.00344209 -0.000866983 -0.00344291 0.999994 0.063101 0.0232994 -0.0717009
FixedParameters: 0 0 0

#Transform 89
Transform: AffineTransform_float_3_3
Parameters: 0.999999 0.000989598 0.00101721 -0.000992893 0.999993 0.00331347 -0.00101441 -0.00331453 0.999994 0.0595708 0.0697495 -0.138899
FixedParameters: 0 0 0

#Transform 90
Transform: AffineTransform_float_3_3
Parameters: 0.999999 0.00102318 0.000993068 -0.00102841 0.999989 0.00448346 -0.000989033 -0.00448454 0.99999 0.0581855 0.0586567 -0.104224
FixedParameters: 0 0 0

#Transform 91
Transform: AffineTransform_float_3_3
Parameters: 0.999999 0.0011738 0.000587676 -0.00117647 0.999991 0.00421044 -0.000583158 -0.00421056 0.999991 0.0622294 0.0477706 -0.0727429
FixedParameters: 0 0 0

#Transform 92
Transform: AffineTransform_float_3_3
Parameters: 0.999999 0.00114483 0.000546283 -0.00114705 0.999994 0.00336103 -0.000543365 -0.00336198 0.999994 0.0577945 0.061626 -0.119898
FixedParameters: 0 0 0

#Transform 93
Transform: AffineTransform_float_3_3
Parameters: 0.999999 0.00125678 0.00094669 -0.00126137 0.99999 0.00436994 -0.000940848 -0.00437106 0.99999 0.0652014 0.0910633 -0.119747
FixedParameters: 0 0 0

#Transform 94
Transform: AffineTransform_float_3_3
Parameters: 0.999998 0.00133768 0.000887127 -0.00134085 0.999993 0.00339594 -0.000882601 -0.00339706 0.999994 0.0597837 0.0740579 -0.0859702
FixedParameters: 0 0 0

#Transform 95
Transform: AffineTransform_float_3_3
Parameters: 0.999998 0.00140915 0.000834652 -0.00141123 0.999995 0.00295596 -0.000830885 -0.00295705 0.999996 0.055058 0.114074 -0.133097
FixedParameters: 0 0 0

#Transform 96
Transform: AffineTransform_float_3_3
Parameters: 0.999998 0.00140293 0.000839726 -0.00140595 0.999993 0.00363095 -0.000835495 -0.00363205 0.999993 0.0676783 0.0896547 -0.124003
FixedParameters: 0 0 0

#Transform 97
Transform: AffineTransform_float_3_3
Parameters: 0.999999 0.00126629 0.000688208 -0.00126918 0.999992 0.00374961 -0.000684078 -0.00375039 0.999993 0.061312 0.0820037 -0.059096
FixedParameters: 0 0 0

#Transform 98
Transform: AffineTransform_float_3_3
Parameters: 0.999998 0.00140246 0.000762789 -0.00140495 0.999995 0.00297758 -0.000758407 -0.00297942 0.999995 0.0543942 0.074422 -0.0887717
FixedParameters: 0 0 0

#Transform 99
Transform: AffineTransform_float_3_3
Parameters: 0.999999 0.00128783 0.000446035 -0.00128968 0.999992 0.00371456 -0.000441246 -0.00371445 0.999993 0.0615204 0.0861552 -0.118081
FixedParameters: 0 0 0

#Transform 100
Transform: AffineTransform_float_3_3
Parameters: 0.999998 0.00158931 0.000165795 -0.00158937 0.999996 0.00212339 -0.000163239 -0.00212361 0.999998 0.0355376 0.0508104 -0.0250638
FixedParameters: 0 0 0

#Transform 101
Transform: AffineTransform_float_3_3
Parameters: 1 0.00121949 3.21852e-05 -0.00121983 0.999995 0.00299561 -2.848e-05 -0.00299539 0.999996 0.0606585 0.137795 -0.0420308
FixedParameters: 0 0 0

#Transform 102
Transform: AffineTransform_float_3_3
Parameters: 0.999999 0.00129806 0.000449536 -0.00129977 0.999993 0.00353107 -0.000445147 -0.00353193 0.999994 0.0670311 0.114144 -0.0136939
FixedParameters: 0 0 0

#Transform 103
Transform: AffineTransform_float_3_3
Parameters: 0.999999 0.00129854 0.000448137 -0.0012995 0.999996 0.00245355 -0.00044515 -0.00245345 0.999997 0.0670312 0.119631 -0.00935467
FixedParameters: 0 0 0

#Transform 104
Transform: AffineTransform_float_3_3
Parameters: 0.999999 0.00131194 7.29246e-05 -0.00131238 0.999993 0.00340656 -6.89846e-05 -0.00340644 0.999994 0.0323852 0.161882 -0.153775
FixedParameters: 0 0 0

#Transform 105
Transform: AffineTransform_float_3_3
Parameters: 0.999999 0.00155181 0.000264322 -0.00155354 0.999993 0.00339224 -0.000258787 -0.00339275 0.999994 0.0356315 0.0845987 -0.115954
FixedParameters: 0 0 0

#Transform 106
Transform: AffineTransform_float_3_3
Parameters: 0.999999 0.00151897 0.000286978 -0.00152051 0.999996 0.00240169 -0.000283281 -0.00240131 0.999997 0.0413278 0.0919167 -0.0696463
FixedParameters: 0 0 0

#Transform 107
Transform: AffineTransform_float_3_3
Parameters: 1 0.00105252 0.000111286 -0.00105259 0.999997 0.00228853 -0.000109264 -0.00228847 0.999997 0.0212251 0.129179 -0.0984899
FixedParameters: 0 0 0

#Transform 108
Transform: AffineTransform_float_3_3
Parameters: 0.999999 0.000983456 1.75283e-05 -0.000983123 0.999996 0.00299464 -1.44352e-05 -0.00299437 0.999996 0.0201496 0.106641 -0.0912025
FixedParameters: 0 0 0

#Transform 109
Transform: AffineTransform_float_3_3
Parameters: 0.999999 0.00129836 0.000448679 -0.00129969 0.999995 0.00287155 -0.000444607 -0.00287145 0.999996 0.0420648 0.107141 -0.0298245
FixedParameters: 0 0 0

#Transform 110
Transform: AffineTransform_float_3_3
Parameters: 1 0.00101744 0.000419538 -0.00101854 0.999996 0.00254105 -0.000416355 -0.00254095 0.999997 0.00843428 0.121494 -0.0818321
FixedParameters: 0 0 0

#Transform 111
Transform: AffineTransform_float_3_3
Parameters: 0.999998 0.000864915 0.00208743 -0.000872271 0.999995 0.00306284 -0.00208485 -0.00306516 0.999994 0.031036 0.0705518 -0.150632
FixedParameters: 0 0 0

#Transform 112
Transform: AffineTransform_float_3_3
Parameters: 0.999997 0.000985919 0.00213044 -0.00099143 0.999995 0.00289668 -0.00212724 -0.00289832 0.999993 0.0278759 0.05851 -0.0930383
FixedParameters: 0 0 0

#Transform 113
Transform: AffineTransform_float_3_3
Parameters: 0.999998 0.000807553 0.00212901 -0.000814601 0.999994 0.00344858 -0.00212654 -0.00345042 0.999991 0.0259163 0.0527822 -0.0477672
FixedParameters: 0 0 0

#Transform 114
Transform: AffineTransform_float_3_3
Parameters: 0.999997 0.000970351 0.00201058 -0.000975572 0.999996 0.002849 -0.00200837 -0.002851 0.999993 0.0342029 0.0858288 -0.116672
FixedParameters: 0 0 0

#Transform 115
Transform: AffineTransform_float_3_3
Parameters: 0.999999 0.000545 0.00177056 -0.000551657 0.999992 0.00397686 -0.00176792 -0.00397814 0.99999 0.0242281 0.0771144 -0.194876
FixedParameters: 0 0 0

#Transform 116
Transform: AffineTransform_float_3_3
Parameters: 0.999999 0.000657363 0.00122351 -0.000662593 0.999992 0.00403067 -0.00122034 -0.00403133 0.999991 0.0132909 0.0237468 -0.129585
FixedParameters: 0 0 0

#Transform 117
Transform: AffineTransform_float_3_3
Parameters: 0.999998 0.00119608 0.00124666 -0.00120068 0.999993 0.00355246 -0.0012425 -0.00355354 0.999993 0.0143304 0.0855013 -0.153607
FixedParameters: 0 0 0

#Transform 118
Transform: AffineTransform_float_3_3
Parameters: 0.999998 0.000805467 0.00142366 -0.000810925 0.999992 0.00411033 -0.00142036 -0.00411168 0.999991 0.000480213 0.0988092 -0.18648
FixedParameters: 0 0 0

#Transform 119
Transform: AffineTransform_float_3_3
Parameters: 0.999998 0.00103087 0.00136714 -0.00103648 0.99999 0.00441307 -0.00136275 -0.00441493 0.999989 -0.00269497 0.123571 -0.143395
FixedParameters: 0 0 0

#Transform 120
Transform: AffineTransform_float_3_3
Parameters: 1 0.000475771 0.000970998 -0.000479983 0.999992 0.00413854 -0.000968604 -0.00413946 0.999991 -0.0349305 0.103258 -0.148509
FixedParameters: 0 0 0

#Transform 121
Transform: AffineTransform_float_3_3
Parameters: 1 0.00048091 0.000977253 -0.000484317 0.999993 0.00369853 -0.000975245 -0.00369947 0.999992 -0.0465354 0.116294 -0.217351
FixedParameters: 0 0 0

#Transform 122
Transform: AffineTransform_float_3_3
Parameters: 0.999999 0.000726373 0.00131999 -0.000734483 0.999981 0.00605286 -0.00131567 -0.00605413 0.999981 -0.0349 0.186595 -0.125768
FixedParameters: 0 0 0

#Transform 123
Transform: AffineTransform_float_3_3
Parameters: 1 0.000751406 0.000828308 -0.000753818 0.999994 0.00340738 -0.000825546 -0.00340862 0.999994 -0.0217096 0.0933343 -0.104878
FixedParameters: 0 0 0

#Transform 124
Transform: AffineTransform_float_3_3
Parameters: 1 0.000735741 0.000963515 -0.00074019 0.999993 0.00367877 -0.000961259 -0.00367924 0.999993 -0.00222144 0.130905 -0.119708
FixedParameters: 0 0 0

#Transform 125
Transform: AffineTransform_float_3_3
Parameters: 0.999999 0.000641922 0.0012 -0.000647896 0.99999 0.0045077 -0.00119774 -0.00450829 0.999989 -0.0142559 0.124733 -0.0988833
FixedParameters: 0 0 0

#Transform 126
Transform: AffineTransform_float_3_3
Parameters: 0.999998 0.000857287 0.00149479 -0.000863297 0.999991 0.00410002 -0.00149107 -0.00410098 0.999991 0.00504453 0.083264 -0.0512792
FixedParameters: 0 0 0

#Transform 127
Transform: AffineTransform_float_3_3
Parameters: 0.999998 0.00105535 0.0013505 -0.00105993 0.999993 0.00348953 -0.00134667 -0.00349047 0.999993 -0.000355462 0.0999174 -0.176851
FixedParameters: 0 0 0

#Transform 128
Transform: AffineTransform_float_3_3
Parameters: 0.999998 0.00100445 0.00138761 -0.00101089 0.999989 0.00465308 -0.00138297 -0.00465492 0.999988 0.00240413 0.0879971 -0.187436
FixedParameters: 0 0 0

#Transform 129
Transform: AffineTransform_float_3_3
Parameters: 0.999999 0.000907049 0.00156481 -0.000915151 0.999988 0.0046534 -0.00156107 -0.00465559 0.999988 0.0124463 0.102474 -0.129973
FixedParameters: 0 0 0

#Transform 130
Transform: AffineTransform_float_3_3
Parameters: 0.999999 0.00097202 0.00150529 -0.000977767 0.999992 0.00378649 -0.00150205 -0.00378751 0.999992 0.00421428 0.0921601 -0.113656
FixedParameters: 0 0 0

#Transform 131
Transform: AffineTransform_float_3_3
Parameters: 0.999998 0.000999792 0.00138606 -0.00100517 0.999991 0.00398009 -0.00138222 -0.00398191 0.999991 0.00834742 0.122876 -0.204584
FixedParameters: 0 0 0

#Transform 132
Transform: AffineTransform_float_3_3
Parameters: 0.999998 0.000963812 0.00164458 -0.000972217 0.999985 0.00519271 -0.00163964 -0.00519428 0.999985 -0.0176272 0.132697 -0.168441
FixedParameters: 0 0 0

#Transform 133
Transform: AffineTransform_float_3_3
Parameters: 0.999998 0.000407546 0.0015892 -0.000415502 0.999988 0.00484017 -0.00158694 -0.00484083 0.999987 -0.0278373 0.117501 -0.187694
FixedParameters: 0 0 0

#Transform 134
Transform: AffineTransform_float_3_3
Parameters: 0.999998 0.000622673 0.00188425 -0.000630934 0.999989 0.00459065 -0.00188141 -0.00459235 0.999987 -0.0470203 0.118415 -0.217476
FixedParameters: 0 0 0

#Transform 135
Transform: AffineTransform_float_3_3
Parameters: 0.999998 0.000816476 0.00174318 -0.000825163 0.999988 0.00474587 -0.00173991 -0.00474712 0.999987 -0.0293534 0.145551 -0.23414
FixedParameters: 0 0 0

#Transform 136
Transform: AffineTransform_float_3_3
Parameters: 0.999998 0.000620509 0.00188496 -0.000631488 0.999984 0.00573865 -0.00188187 -0.00574035 0.999982 -0.0249225 0.133058 -0.225729
FixedParameters: 0 0 0

#Transform 137
Transform: AffineTransform_float_3_3
Parameters: 0.999998 0.000519924 0.00195861 -0.000529788 0.999987 0.00503063 -0.00195683 -0.00503138 0.999986 -0.0306436 0.118227 -0.158741
FixedParameters: 0 0 0

#Transform 138
Transform: AffineTransform_float_3_3
Parameters: 0.999998 0.00062013 0.00187907 -0.000627774 0.999991 0.00406613 -0.00187712 -0.00406687 0.99999 -0.0248342 0.135996 -0.161535
FixedParameters: 0 0 0

#Transform 139
Transform: AffineTransform_float_3_3
Parameters: 0.999998 0.000682325 0.00196584 -0.000691463 0.999989 0.0044723 -0.00196341 -0.00447369 0.999988 -0.0272214 0.128054 -0.16961
FixedParameters: 0 0 0

#Transform 140
Transform: AffineTransform_float_3_3
Parameters: 0.999998 0.000669875 0.00195092 -0.000680017 0.999987 0.00512399 -0.0019475 -0.00512501 0.999985 -0.0240496 0.140893 -0.139246
FixedParameters: 0 0 0

#Transform 141
Transform: AffineTransform_float_3_3
Parameters: 0.999998 0.000700761 0.00186504 -0.000707432 0.999992 0.00383599 -0.00186276 -0.00383701 0.999991 -0.0324456 0.120383 -0.106029
FixedParameters: 0 0 0

#Transform 142
Transform: AffineTransform_float_3_3
Parameters: 0.999998 0.000640937 0.0019083 -0.000649591 0.999991 0.00426907 -0.00190592 -0.00426992 0.999989 -0.0321787 0.160954 -0.181228
FixedParameters: 0 0 0

#Transform 143
Transform: AffineTransform_float_3_3
Parameters: 0.999998 0.000605374 0.00186188 -0.000615078 0.999987 0.00503404 -0.00185864 -0.00503596 0.999986 -0.0249555 0.137289 -0.148409
FixedParameters: 0 0 0

#Transform 144
Transform: AffineTransform_float_3_3
Parameters: 0.999998 0.000640475 0.00190846 -0.000649249 0.999989 0.00451107 -0.00190636 -0.00451192 0.999988 -0.0108812 0.146774 -0.15464
FixedParameters: 0 0 0

#Transform 145
Transform: AffineTransform_float_3_3
Parameters: 0.999998 0.000641269 0.00190819 -0.000649257 0.999991 0.00409395 -0.00190603 -0.00409605 0.99999 -0.0245067 0.168467 -0.154409
FixedParameters: 0 0 0

#Transform 146
Transform: AffineTransform_float_3_3
Parameters: 0.999997 0.000898535 0.00226144 -0.0009078 0.999991 0.00409362 -0.00225835 -0.00409639 0.999989 -0.0210043 0.173516 -0.176567
FixedParameters: 0 0 0

#Transform 147
Transform: AffineTransform_float_3_3
Parameters: 0.999998 0.000645959 0.00191769 -0.000655387 0.999987 0.00502558 -0.00191465 -0.00502742 0.999985 -0.016568 0.19292 -0.168437
FixedParameters: 0 0 0

#Transform 148
Transform: AffineTransform_float_3_3
Parameters: 0.999997 0.000718563 0.00201708 -0.000728419 0.999988 0.00488485 -0.00201351 -0.00488615 0.999986 -0.00309489 0.176921 -0.135652
FixedParameters: 0 0 0

#Transform 149
Transform: AffineTransform_float_3_3
Parameters: 0.999998 0.000638495 0.0019051 -0.0006467 0.999991 0.00431461 -0.00190187 -0.0043164 0.999989 -0.0040862 0.188676 -0.108657
FixedParameters: 0 0 0

#Transform 150
Transform: AffineTransform_float_3_3
Parameters: 0.999998 0.000676939 0.0019586 -0.000685598 0.999989 0.00451897 -0.00195535 -0.00452003 0.999988 -0.0256303 0.170943 -0.207954
FixedParameters: 0 0 0

#Transform 151
Transform: AffineTransform_float_3_3
Parameters: 0.999996 0.000979672 0.00237829 -0.00099237 0.999985 0.00537579 -0.00237216 -0.00537821 0.999983 0.000628974 0.169497 -0.147568
FixedParameters: 0 0 0

#Transform 152
Transform: AffineTransform_float_3_3
Parameters: 0.999996 0.000980754 0.00237784 -0.000992689 0.999987 0.00492079 -0.00237282 -0.00492321 0.999985 0.0140421 0.167212 -0.0997919
FixedParameters: 0 0 0

#Transform 153
Transform: AffineTransform_float_3_3
Parameters: 0.999998 0.000899049 0.0019148 -0.000906782 0.999993 0.00385958 -0.00191175 -0.00386143 0.999991 0.00781403 0.18327 -0.158039
FixedParameters: 0 0 0

#Transform 154
Transform: AffineTransform_float_3_3
Parameters: 0.999997 0.000731968 0.00203572 -0.000742245 0.999987 0.0049438 -0.00203194 -0.00494519 0.999985 0.00938383 0.175481 -0.124879
FixedParameters: 0 0 0

#Transform 155
Transform: AffineTransform_float_3_3
Parameters: 0.999997 0.000730368 0.0020363 -0.000742237 0.999984 0.00572981 -0.00203255 -0.0057312 0.999982 0.0255278 0.144551 -0.0284763
FixedParameters: 0 0 0

#Transform 156
Transform: AffineTransform_float_3_3
Parameters: 0.999997 0.000733442 0.00203519 -0.000742173 0.999991 0.0042198 -0.00203268 -0.0042212 0.999989 0.0156569 0.139379 -0.0698209
FixedParameters: 0 0 0

#Transform 157
Transform: AffineTransform_float_3_3
Parameters: 0.999998 0.000877833 0.00185203 -0.000886447 0.99999 0.00444667 -0.0018487 -0.00444833 0.999989 0.0282743 0.156866 -0.134578
FixedParameters: 0 0 0

#Transform 158
Transform: AffineTransform_float_3_3
Parameters: 0.999997 0.00105139 0.00209976 -0.0010638 0.999982 0.00593109 -0.00209389 -0.00593391 0.99998 0.049114 0.14541 -0.0624425
FixedParameters: 0 0 0

#Transform 159
Transform: AffineTransform_float_3_3
Parameters: 0.999997 0.000730445 0.00203627 -0.000742158 0.999983 0.00569115 -0.00203258 -0.00569284 0.999982 0.0338567 0.153903 -0.0142477
FixedParameters: 0 0 0

#Transform 160
Transform: AffineTransform_float_3_3
Parameters: 0.999997 0.00105823 0.00214725 -0.00106801 0.999988 0.00480803 -0.00214251 -0.00481098 0.999986 0.0323704 0.174901 -0.141636
FixedParameters: 0 0 0

#Transform 161
Transform: AffineTransform_float_3_3
Parameters: 0.999997 0.000854584 0.00220903 -0.000868011 0.999981 0.0061354 -0.00220352 -0.00613759 0.999978 0.0354023 0.173582 -0.154409
FixedParameters: 0 0 0

#Transform 162
Transform: AffineTransform_float_3_3
Parameters: 0.999999 0.00044721 0.00149532 -0.000456114 0.999982 0.00600115 -0.00149281 -0.00600185 0.999981 0.00799991 0.181263 -0.16048
FixedParameters: 0 0 0

#Transform 163
Transform: AffineTransform_float_3_3
Parameters: 1 0.000557659 -2.03104e-05 -0.000557244 0.999966 0.00815301 2.44006e-05 -0.00815298 0.999967 -0.0414535 0.249058 -0.192038
FixedParameters: 0 0 0

#Transform 164
Transform: AffineTransform_float_3_3
Parameters: 0.999998 0.000855029 0.00134271 -0.000863803 0.999976 0.00680332 -0.00133672 -0.00680467 0.999976 0.0249284 0.201604 -0.131942
FixedParameters: 0 0 0

#Transform 165
Transform: AffineTransform_float_3_3
Parameters: 0.999999 0.000911748 0.00100266 -0.000917449 0.999983 0.00577657 -0.000997635 -0.00577744 0.999983 0.0124998 0.191014 -0.187208
FixedParameters: 0 0 0

#Transform 166
Transform: AffineTransform_float_3_3
Parameters: 0.999999 0.000872071 0.00149697 -0.000882703 0.999974 0.00719316 -0.00148984 -0.00719483 0.999973 0.0259144 0.171008 -0.176811
FixedParameters: 0 0 0

#Transform 167
Transform: AffineTransform_float_3_3
Parameters: 0.999999 0.00079496 0.00123434 -0.000803221 0.999977 0.0068665 -0.00122848 -0.00686751 0.999976 0.0207226 0.177783 -0.220712
FixedParameters: 0 0 0

#Transform 168
Transform: AffineTransform_float_3_3
Parameters: 0.999999 0.00104715 0.00148633 -0.00105646 0.999978 0.00659792 -0.00147874 -0.00660008 0.999977 -0.00340038 0.18821 -0.315124
FixedParameters: 0 0 0

#Transform 169
Transform: AffineTransform_float_3_3
Parameters: 0.999999 0.000935093 0.00156727 -0.000947097 0.999969 0.00782601 -0.00155921 -0.00782799 0.999968 0.0106616 0.196645 -0.173853
FixedParameters: 0 0 0

#Transform 170
Transform: AffineTransform_float_3_3
Parameters: 0.999999 0.000873778 0.00161192 -0.000884304 0.999978 0.00664454 -0.00160573 -0.00664546 0.999977 0.0147427 0.206385 -0.151077
FixedParameters: 0 0 0

#Transform 171
Transform: AffineTransform_float_3_3
Parameters: 0.999998 0.000969068 0.00129223 -0.000977788 0.999976 0.0068217 -0.00128546 -0.0068223 0.999976 0.0171241 0.209282 -0.228919
FixedParameters: 0 0 0

#Transform 172
Transform: AffineTransform_float_3_3
Parameters: 0.999999 0.000848738 0.00156694 -0.000860238 0.999974 0.00714749 -0.00156021 -0.00714951 0.999974 0.0232217 0.185152 -0.0730423
FixedParameters: 0 0 0

#Transform 173
Transform: AffineTransform_float_3_3
Parameters: 0.999999 0.000668136 0.00138646 -0.000677999 0.999972 0.00748354 -0.00138187 -0.00748445 0.999971 0.0127402 0.258608 -0.144223
FixedParameters: 0 0 0

#Transform 174
Transform: AffineTransform_float_3_3
Parameters: 0.999999 0.00096238 0.00144897 -0.000970754 0.999979 0.00644408 -0.00144281 -0.00644592 0.999978 0.00221501 0.21108 -0.240091
FixedParameters: 0 0 0

#Transform 175
Transform: AffineTransform_float_3_3
Parameters: 0.999998 0.000957087 0.0013935 -0.000967353 0.999976 0.00688014 -0.00138677 -0.00688186 0.999975 0.0264939 0.200965 -0.182568
FixedParameters: 0 0 0

#Transform 176
Transform: AffineTransform_float_3_3
Parameters: 0.999998 0.00106969 0.00131183 -0.00107718 0.999983 0.00563407 -0.00130506 -0.00563593 0.999983 0.0118286 0.217563 -0.219889
FixedParameters: 0 0 0

#Transform 177
Transform: AffineTransform_float_3_3
Parameters: 0.999998 0.00127298 0.000947874 -0.00127855 0.999984 0.00542027 -0.000941196 -0.00542173 0.999985 -0.000928379 0.206352 -0.219131
FixedParameters: 0 0 0

#Transform 178
Transform: AffineTransform_float_3_3
Parameters: 0.999999 0.000985595 0.00101598 -0.000991354 0.999978 0.00652847 -0.00100979 -0.00652952 0.999978 0.00315662 0.178636 -0.173052
FixedParameters: 0 0 0

#Transform 179
Transform: AffineTransform_float_3_3
Parameters: 0.999999 0.000908891 0.00160862 -0.000920263 0.999975 0.00698748 -0.00160273 -0.00698851 0.999974 0.0143193 0.216002 -0.166583
FixedParameters: 0 0 0

#Transform 180
Transform: AffineTransform_float_3_3
Parameters: 0.999999 0.00115887 0.00141769 -0.00116732 0.99998 0.00619631 -0.00141119 -0.00619769 0.99998 -0.00189404 0.22937 -0.258037
FixedParameters: 0 0 0

#Transform 181
Transform: AffineTransform_float_3_3
Parameters: 0.999998 0.00135132 0.0016044 -0.00136239 0.999974 0.00705278 -0.00159495 -0.00705522 0.999974 -0.00551312 0.188779 -0.205131
FixedParameters: 0 0 0

#Transform 182
Transform: AffineTransform_float_3_3
Parameters: 0.999999 0.00103422 0.00143025 -0.0010443 0.999976 0.00692347 -0.00142296 -0.00692453 0.999975 0.000591807 0.222394 -0.172938
FixedParameters: 0 0 0

#Transform 183
Transform: AffineTransform_float_3_3
Parameters: 0.999998 0.00114014 0.00154984 -0.00114921 0.999981 0.00605618 -0.00154308 -0.00605781 0.99998 0.00184871 0.218374 -0.196749
FixedParameters: 0 0 0

#Transform 184
Transform: AffineTransform_float_3_3
Parameters: 0.999999 0.00121652 0.00138344 -0.00122556 0.999975 0.00686126 -0.00137519 -0.00686273 0.999975 -0.000355989 0.226811 -0.201414
FixedParameters: 0 0 0

#Transform 185
Transform: AffineTransform_float_3_3
Parameters: 0.999998 0.000985442 0.00143839 -0.000996111 0.999974 0.00708688 -0.00143145 -0.00708812 0.999974 -0.00651462 0.220448 -0.165663
FixedParameters: 0 0 0

#Transform 186
Transform: AffineTransform_float_3_3
Parameters: 0.999999 0.00102487 0.00142962 -0.00103366 0.999978 0.00647001 -0.0014234 -0.00647199 0.999978 -0.00340228 0.223611 -0.13745
FixedParameters: 0 0 0

#Transform 187
Transform: AffineTransform_float_3_3
