# transform file /out/sourcedata/freesurfer/sub-v1s12x0050103_ses-1/mri/transforms/cc_up.lta
# created by oesteban on Sun Mar  8 13:49:53 2026

type      = 0 # LINEAR_VOX_TO_VOX
nxforms   = 1
mean      = 127.0000 126.0000 114.0000
sigma     = 10000.0000
1 4 4
9.998258948326111e-01 5.775848403573036e-03 -1.774336770176888e-02 7.455310821533203e-01 
-5.774938967078924e-03 9.999833106994629e-01 1.024847151711583e-04 2.373325729370117e+01 
1.774366386234760e-02 -7.275957614183426e-12 9.998425841331482e-01 1.873556137084961e+01 
0.000000000000000e+00 0.000000000000000e+00 0.000000000000000e+00 1.000000000000000e+00 
src volume info
valid = 1  # volume info valid
filename = /out/sourcedata/freesurfer/sub-v1s12x0050103_ses-1/mri/norm.mgz
volume = 256 256 256
voxelsize = 1.000000000000000e+00 1.000000000000000e+00 1.000000000000000e+00
xras   = -1.000000000000000e+00 0.000000000000000e+00 0.000000000000000e+00
yras   = 0.000000000000000e+00 0.000000000000000e+00 -1.000000000000000e+00
zras   = 0.000000000000000e+00 1.000000000000000e+00 0.000000000000000e+00
cras   = 2.620315551757812e-01 1.116949462890625e+01 -1.037332916259766e+01
dst volume info
valid = 1  # volume info valid
filename = /out/sourcedata/freesurfer/sub-v1s12x0050103_ses-1/mri/norm.mgz
volume = 256 256 256
voxelsize = 1.000000000000000e+00 1.000000000000000e+00 1.000000000000000e+00
xras   = -1.000000000000000e+00 0.000000000000000e+00 0.000000000000000e+00
yras   = 0.000000000000000e+00 0.000000000000000e+00 -1.000000000000000e+00
zras   = 0.000000000000000e+00 1.000000000000000e+00 0.000000000000000e+00
cras   = 2.620315551757812e-01 1.116949462890625e+01 -1.037332916259766e+01
