#!ascii label  , from subject sub-v1s12x0050109_ses-1 vox2ras=TkReg
1385
87252  -48.069  16.035  34.905 0.0000000000
103105  -44.846  35.326  23.166 0.0000000000
141287  -43.482  29.006  30.910 0.0000000000
95615  -52.874  26.347  31.050 0.0000000000
103155  -51.336  35.021  20.170 0.0000000000
100564  -47.937  33.474  26.353 0.0000000000
98835  -51.969  30.483  25.288 0.0000000000
94853  -46.899  25.853  30.535 0.0000000000
82523  -43.280  11.427  36.259 0.0000000000
87241  -45.430  17.065  36.496 0.0000000000
105781  -43.060  39.850  22.431 0.0000000000
105819  -48.576  40.500  16.909 0.0000000000
102346  -49.529  34.749  14.912 0.0000000000
92457  -48.146  22.438  32.668 0.0000000000
103002  -43.115  36.177  30.955 0.0000000000
97111  -47.799  28.444  33.676 0.0000000000
90712  -53.314  20.095  31.937 0.0000000000
91641  -52.002  22.544  25.424 0.0000000000
94924  -46.858  25.634  22.587 0.0000000000
87269  -45.879  16.139  32.295 0.0000000000
100640  -52.672  32.047  18.971 0.0000000000
101448  -52.434  32.519  22.754 0.0000000000
98896  -51.786  30.864  22.240 0.0000000000
98856  -48.925  30.471  24.377 0.0000000000
84441  -44.070  13.881  37.050 0.0000000000
88142  -42.465  17.124  34.148 0.0000000000
106350  -39.527  40.381  24.573 0.0000000000
105178  -50.160  38.621  14.559 0.0000000000
92456  -45.033  22.816  33.144 0.0000000000
94071  -45.343  24.541  34.587 0.0000000000
102273  -41.425  34.651  24.605 0.0000000000
103041  -44.542  36.232  27.615 0.0000000000
98807  -51.156  30.505  29.859 0.0000000000
99684  -47.719  31.420  30.072 0.0000000000
96354  -51.054  27.592  32.619 0.0000000000
94065  -52.357  23.694  34.832 0.0000000000
93281  -54.365  23.104  31.752 0.0000000000
91615  -52.665  21.240  27.853 0.0000000000
92470  -53.064  23.058  29.926 0.0000000000
94126  -47.486  23.758  26.789 0.0000000000
103132  -47.800  35.578  21.449 0.0000000000
103824  -47.632  37.171  26.112 0.0000000000
103093  -50.396  36.056  23.961 0.0000000000
100567  -50.572  32.127  25.911 0.0000000000
97938  -51.972  29.600  28.550 0.0000000000
95613  -49.755  26.048  31.323 0.0000000000
97936  -49.426  28.921  27.977 0.0000000000
97942  -46.468  29.495  27.786 0.0000000000
81567  -45.979  10.836  38.175 0.0000000000
85431  -47.133  14.301  39.196 0.0000000000
88131  -48.442  16.998  36.898 0.0000000000
104505  -35.646  38.040  23.601 0.0000000000
104511  -39.569  37.030  22.618 0.0000000000
104520  -42.409  37.579  20.447 0.0000000000
103877  -45.811  36.947  18.855 0.0000000000
103884  -49.429  36.369  17.110 0.0000000000
103204  -52.353  35.345  15.443 0.0000000000
99881  -53.164  31.036  14.606 0.0000000000
99866  -48.608  30.952  15.318 0.0000000000
89818  -43.892  19.020  31.850 0.0000000000
89007  -46.193  18.991  33.108 0.0000000000
88997  -49.449  18.255  33.880 0.0000000000
100494  -44.002  33.371  34.107 0.0000000000
101424  -45.653  34.488  28.272 0.0000000000
100516  -45.600  32.412  32.482 0.0000000000
97917  -45.676  29.335  32.726 0.0000000000
94061  -48.403  24.321  34.770 0.0000000000
92460  -50.953  21.733  33.133 0.0000000000
88168  -50.091  17.665  32.752 0.0000000000
89853  -49.366  19.045  30.485 0.0000000000
90750  -48.279  20.465  27.455 0.0000000000
91637  -47.328  21.417  25.197 0.0000000000
93317  -49.949  23.784  27.596 0.0000000000
94183  -50.443  24.570  23.773 0.0000000000
92554  -46.569  23.014  22.111 0.0000000000
85449  -46.650  14.409  36.175 0.0000000000
86367  -45.834  14.724  34.476 0.0000000000
87261  -47.388  16.221  33.757 0.0000000000
118671  -52.416  31.482  17.777 0.0000000000
99794  -52.388  31.631  20.354 0.0000000000
100616  -51.179  31.706  19.763 0.0000000000
99770  -50.121  31.589  21.768 0.0000000000
95597  -44.462  26.496  32.607 0.0000000000
103104  -43.120  34.920  23.043 0.0000000000
97139  -52.145  28.446  30.499 0.0000000000
97920  -50.851  29.431  31.400 0.0000000000
96356  -53.145  27.395  32.030 0.0000000000
94828  -53.867  25.487  32.309 0.0000000000
94097  -54.160  24.929  31.542 0.0000000000
92471  -53.778  23.350  30.672 0.0000000000
93278  -52.911  23.786  31.255 0.0000000000
103144  -49.942  35.288  20.440 0.0000000000
103109  -49.206  36.569  23.294 0.0000000000
103135  -50.893  36.160  21.983 0.0000000000
99724  -52.642  31.037  24.223 0.0000000000
100577  -51.112  32.623  24.480 0.0000000000
99707  -52.043  30.911  25.976 0.0000000000
99695  -51.753  30.766  27.558 0.0000000000
97947  -51.754  29.858  26.814 0.0000000000
97937  -50.690  28.911  27.873 0.0000000000
97957  -51.090  29.596  26.390 0.0000000000
97954  -47.853  29.772  26.889 0.0000000000
86349  -44.388  15.727  36.955 0.0000000000
84426  -45.514  13.816  38.654 0.0000000000
86340  -46.298  15.673  38.291 0.0000000000
86342  -48.096  15.600  38.571 0.0000000000
88129  -46.570  17.091  37.023 0.0000000000
105753  -41.497  39.881  23.974 0.0000000000
105766  -39.399  39.262  23.532 0.0000000000
105130  -40.915  38.513  22.347 0.0000000000
104515  -40.829  37.362  21.739 0.0000000000
105792  -42.391  39.132  21.278 0.0000000000
105814  -47.162  40.798  18.340 0.0000000000
105149  -44.903  38.540  18.767 0.0000000000
105155  -46.827  38.549  17.453 0.0000000000
104531  -46.963  37.094  18.026 0.0000000000
104536  -48.149  38.397  16.643 0.0000000000
121685  -50.092  36.500  14.253 0.0000000000
103906  -51.451  37.214  14.988 0.0000000000
134078  -51.729  35.338  14.558 0.0000000000
100673  -53.172  32.529  14.892 0.0000000000
100671  -51.248  32.326  14.899 0.0000000000
99879  -51.559  30.310  14.438 0.0000000000
139048  -50.127  32.389  15.431 0.0000000000
92451  -40.521  22.277  33.263 0.0000000000
117373  -40.114  21.630  31.927 0.0000000000
91595  -41.688  21.618  31.631 0.0000000000
89834  -43.333  19.692  31.214 0.0000000000
90707  -43.511  20.796  31.139 0.0000000000
117703  -46.091  22.874  32.998 0.0000000000
90710  -46.238  20.951  31.631 0.0000000000
90691  -47.637  20.671  32.119 0.0000000000
89810  -47.940  19.287  33.210 0.0000000000
90692  -48.689  20.677  32.330 0.0000000000
102982  -41.767  36.050  32.249 0.0000000000
102181  -42.409  35.071  34.644 0.0000000000
102196  -43.438  34.637  33.213 0.0000000000
102259  -47.919  35.635  27.029 0.0000000000
103042  -46.935  36.815  28.441 0.0000000000
101425  -46.337  34.472  27.679 0.0000000000
98775  -48.158  29.936  32.254 0.0000000000
99669  -46.614  31.614  31.282 0.0000000000
98774  -47.153  30.177  33.319 0.0000000000
98772  -46.146  30.810  33.494 0.0000000000
130823  -47.041  28.915  33.807 0.0000000000
95586  -47.340  26.795  33.540 0.0000000000
94815  -48.456  26.037  33.762 0.0000000000
91568  -52.955  21.667  33.615 0.0000000000
92442  -51.729  22.388  34.795 0.0000000000
90694  -52.305  20.124  32.473 0.0000000000
117854  -51.149  18.930  32.374 0.0000000000
89839  -51.996  19.362  31.925 0.0000000000
89037  -49.886  18.424  31.389 0.0000000000
89871  -51.499  19.738  30.430 0.0000000000
91626  -52.400  22.068  26.185 0.0000000000
90752  -50.789  21.075  27.647 0.0000000000
91625  -50.356  21.567  26.170 0.0000000000
126122  -47.104  20.656  26.404 0.0000000000
91656  -49.590  22.202  25.016 0.0000000000
94838  -48.204  25.852  31.276 0.0000000000
93289  -49.134  23.832  30.254 0.0000000000
94112  -48.052  24.010  29.415 0.0000000000
94170  -47.479  24.869  24.141 0.0000000000
94158  -49.544  24.856  24.710 0.0000000000
94926  -48.810  25.495  22.798 0.0000000000
92542  -48.727  23.921  22.851 0.0000000000
94203  -47.720  24.895  21.315 0.0000000000
93408  -45.964  23.466  20.761 0.0000000000
83430  -47.549  12.457  37.126 0.0000000000
87301  -46.128  17.023  31.067 0.0000000000
102300  -52.424  34.071  19.093 0.0000000000
132238  -51.898  34.919  21.127 0.0000000000
101458  -52.630  32.896  20.390 0.0000000000
128288  -52.385  31.299  21.916 0.0000000000
98876  -52.074  30.562  23.604 0.0000000000
98833  -50.316  29.964  25.214 0.0000000000
98874  -50.267  30.740  23.320 0.0000000000
84456  -43.638  13.095  36.578 0.0000000000
85447  -43.257  14.744  35.550 0.0000000000
87251  -43.996  17.190  34.966 0.0000000000
106355  -44.343  41.058  24.242 0.0000000000
105825  -49.747  39.744  15.436 0.0000000000
103201  -48.252  35.774  14.906 0.0000000000
101510  -48.140  34.159  15.893 0.0000000000
92454  -43.289  22.510  33.363 0.0000000000
92417  -45.173  22.818  35.032 0.0000000000
93245  -46.727  23.240  34.877 0.0000000000
103799  -44.258  36.650  29.211 0.0000000000
99699  -49.194  31.776  28.053 0.0000000000
100556  -47.318  31.981  28.202 0.0000000000
99672  -49.530  31.186  29.992 0.0000000000
97919  -49.665  29.495  31.824 0.0000000000
96353  -49.787  27.853  32.892 0.0000000000
94817  -50.361  25.463  34.028 0.0000000000
120372  -52.185  25.337  33.382 0.0000000000
93262  -53.779  23.073  33.362 0.0000000000
91600  -54.292  21.066  31.580 0.0000000000
90736  -53.284  20.499  29.729 0.0000000000
91613  -54.910  21.501  29.220 0.0000000000
92486  -54.823  22.867  27.896 0.0000000000
93320  -53.641  23.674  26.990 0.0000000000
94118  -46.906  24.189  28.465 0.0000000000
98789  -42.251  30.666  32.026 0.0000000000
103120  -46.703  35.583  22.385 0.0000000000
103089  -45.752  35.486  23.975 0.0000000000
103108  -48.188  36.359  23.818 0.0000000000
103826  -48.960  37.102  25.118 0.0000000000
102267  -48.811  35.071  25.815 0.0000000000
102289  -51.596  34.599  23.091 0.0000000000
138869  -49.719  33.463  24.990 0.0000000000
100566  -49.636  32.427  26.177 0.0000000000
99694  -51.100  31.227  28.200 0.0000000000
128037  -51.935  30.154  29.148 0.0000000000
96380  -52.013  27.806  30.291 0.0000000000
95614  -51.827  26.019  30.975 0.0000000000
96387  -51.312  27.891  29.760 0.0000000000
96378  -49.343  27.225  30.467 0.0000000000
96384  -47.885  27.755  29.937 0.0000000000
97967  -49.335  29.598  26.256 0.0000000000
97935  -48.252  29.082  28.121 0.0000000000
83420  -45.163  12.790  38.563 0.0000000000
82499  -46.905  12.070  39.343 0.0000000000
83423  -48.478  12.382  39.249 0.0000000000
84428  -48.218  13.975  39.012 0.0000000000
122007  -47.880  15.154  37.610 0.0000000000
86369  -48.345  15.930  36.011 0.0000000000
103846  -36.690  36.889  24.033 0.0000000000
128122  -37.345  37.948  23.392 0.0000000000
103836  -37.981  36.169  24.010 0.0000000000
103113  -40.018  35.807  22.884 0.0000000000
103115  -41.640  35.459  22.399 0.0000000000
103128  -43.715  35.529  21.474 0.0000000000
106396  -43.993  40.118  20.994 0.0000000000
105143  -43.340  38.707  19.909 0.0000000000
103870  -43.851  37.001  19.817 0.0000000000
103139  -44.824  35.810  20.647 0.0000000000
103150  -46.680  35.773  19.812 0.0000000000
103152  -48.429  35.502  19.124 0.0000000000
103161  -50.181  35.160  18.668 0.0000000000
104547  -50.528  38.425  15.341 0.0000000000
103187  -51.323  36.011  16.479 0.0000000000
103172  -51.764  35.063  18.096 0.0000000000
101483  -52.953  33.409  17.367 0.0000000000
99836  -53.379  31.248  16.161 0.0000000000
98082  -51.355  29.336  14.836 0.0000000000
98106  -49.986  28.928  14.435 0.0000000000
100662  -48.139  32.618  16.202 0.0000000000
88154  -43.184  17.788  33.512 0.0000000000
88993  -44.667  18.269  33.447 0.0000000000
90708  -44.838  20.744  31.425 0.0000000000
89006  -45.185  18.815  32.822 0.0000000000
132073  -45.877  18.241  34.405 0.0000000000
88988  -46.915  18.260  34.897 0.0000000000
88147  -48.959  17.430  35.446 0.0000000000
88148  -49.485  17.128  34.841 0.0000000000
98770  -43.052  31.249  32.540 0.0000000000
103059  -46.193  36.609  26.689 0.0000000000
103801  -45.974  37.009  29.076 0.0000000000
128836  -44.426  35.866  29.861 0.0000000000
100544  -46.066  31.958  29.502 0.0000000000
100542  -44.415  33.232  29.699 0.0000000000
101395  -44.189  33.562  31.434 0.0000000000
100504  -44.980  33.038  33.660 0.0000000000
124991  -45.276  31.266  33.225 0.0000000000
97129  -45.014  28.811  32.031 0.0000000000
96339  -46.474  26.765  33.287 0.0000000000
94802  -47.077  24.840  34.382 0.0000000000
93261  -48.097  23.013  34.481 0.0000000000
93239  -50.434  23.287  36.075 0.0000000000
92419  -49.858  22.815  34.970 0.0000000000
92458  -49.022  22.231  32.765 0.0000000000
90693  -49.923  20.343  32.488 0.0000000000
88998  -50.006  18.007  33.620 0.0000000000
87272  -49.056  16.851  33.776 0.0000000000
88166  -48.542  17.186  32.764 0.0000000000
88192  -47.484  17.831  30.969 0.0000000000
136615  -47.443  18.575  29.919 0.0000000000
90735  -51.401  20.269  29.560 0.0000000000
89876  -48.465  20.007  28.950 0.0000000000
89052  -46.413  19.010  28.978 0.0000000000
89881  -45.692  19.427  27.674 0.0000000000
90756  -45.724  20.619  26.056 0.0000000000
93291  -51.032  23.345  30.780 0.0000000000
118585  -51.698  23.677  27.925 0.0000000000
124809  -52.590  24.341  25.903 0.0000000000
94127  -48.363  23.779  27.033 0.0000000000
94159  -50.564  24.875  24.955 0.0000000000
92530  -50.846  23.467  24.312 0.0000000000
92528  -48.682  22.699  24.129 0.0000000000
91666  -46.596  22.056  23.847 0.0000000000
86368  -47.028  15.435  35.236 0.0000000000
85457  -46.469  14.719  35.394 0.0000000000
86376  -46.624  15.601  34.174 0.0000000000
99834  -51.753  31.145  17.390 0.0000000000
99824  -52.099  31.602  18.652 0.0000000000
100639  -50.649  32.036  18.925 0.0000000000
138549  -43.377  27.180  31.691 0.0000000000
96365  -43.722  27.871  31.449 0.0000000000
138180  -43.948  35.101  22.793 0.0000000000
103087  -43.932  35.127  24.684 0.0000000000
103088  -44.846  35.324  24.202 0.0000000000
96381  -52.566  27.575  30.808 0.0000000000
97132  -52.504  27.858  31.193 0.0000000000
95616  -53.429  26.788  31.369 0.0000000000
95601  -53.645  26.468  31.954 0.0000000000
94843  -53.638  26.066  31.413 0.0000000000
94096  -53.649  24.790  31.300 0.0000000000
94842  -53.083  25.480  31.213 0.0000000000
103154  -50.537  35.060  19.789 0.0000000000
133612  -50.280  35.715  21.345 0.0000000000
132051  -50.893  35.831  21.490 0.0000000000
98860  -52.417  30.770  24.741 0.0000000000
99711  -52.365  31.144  25.056 0.0000000000
98820  -52.236  30.677  25.471 0.0000000000
98819  -51.915  30.439  26.261 0.0000000000
97958  -51.529  30.104  26.022 0.0000000000
97946  -51.151  29.298  27.181 0.0000000000
82512  -43.840  11.706  37.045 0.0000000000
87232  -44.774  16.504  36.773 0.0000000000
86350  -45.425  16.059  37.512 0.0000000000
87233  -45.976  16.669  37.258 0.0000000000
105769  -42.876  40.025  23.227 0.0000000000
128714  -41.152  39.442  23.496 0.0000000000
105780  -42.296  39.550  22.649 0.0000000000
105791  -41.918  39.118  21.967 0.0000000000
139598  -42.522  39.466  21.969 0.0000000000
106417  -47.872  41.605  17.504 0.0000000000
106414  -47.525  41.649  18.123 0.0000000000
105815  -47.834  40.727  17.615 0.0000000000
105818  -46.941  39.659  17.710 0.0000000000
105156  -47.790  39.393  17.087 0.0000000000
138247  -47.458  38.469  17.072 0.0000000000
105823  -48.866  39.578  16.505 0.0000000000
103214  -49.741  35.628  14.492 0.0000000000
125722  -50.644  35.826  14.306 0.0000000000
102347  -50.465  34.357  14.810 0.0000000000
101522  -51.412  34.049  14.704 0.0000000000
101513  -50.780  33.354  15.121 0.0000000000
101512  -49.720  33.666  15.465 0.0000000000
134238  -40.278  23.399  33.539 0.0000000000
92452  -41.381  22.364  33.211 0.0000000000
128101  -40.881  22.019  32.810 0.0000000000
91579  -42.098  22.124  32.613 0.0000000000
91596  -42.649  21.528  31.429 0.0000000000
91581  -46.903  22.531  32.524 0.0000000000
133736  -46.937  21.087  31.814 0.0000000000
91582  -47.518  21.783  32.120 0.0000000000
138171  -48.051  21.145  32.131 0.0000000000
103780  -42.740  36.354  30.893 0.0000000000
103001  -42.667  36.163  31.427 0.0000000000
102983  -42.359  35.856  32.312 0.0000000000
102984  -42.877  35.793  31.727 0.0000000000
101429  -47.477  34.327  26.688 0.0000000000
101428  -47.152  35.168  27.388 0.0000000000
119927  -47.362  33.186  26.847 0.0000000000
123216  -48.221  28.740  33.392 0.0000000000
135591  -47.580  29.846  32.987 0.0000000000
97905  -47.355  29.510  33.515 0.0000000000
97118  -47.241  29.148  33.726 0.0000000000
97110  -47.406  28.660  33.716 0.0000000000
95587  -47.650  27.312  33.611 0.0000000000
96342  -48.089  27.771  33.706 0.0000000000
91587  -53.239  21.136  32.864 0.0000000000
91586  -52.755  21.092  32.912 0.0000000000
90695  -53.038  20.392  32.444 0.0000000000
89826  -51.791  19.385  32.227 0.0000000000
89838  -51.494  19.095  31.712 0.0000000000
89856  -52.027  19.551  31.153 0.0000000000
91619  -51.180  21.513  26.665 0.0000000000
120836  -51.370  21.946  25.944 0.0000000000
91639  -49.941  21.879  25.485 0.0000000000
91640  -50.939  22.184  25.418 0.0000000000
94854  -47.609  25.466  30.847 0.0000000000
94855  -48.328  25.075  31.123 0.0000000000
94102  -47.849  24.576  30.337 0.0000000000
94913  -47.210  25.395  23.309 0.0000000000
94914  -48.168  25.432  23.339 0.0000000000
94925  -47.910  25.710  22.474 0.0000000000
94934  -48.661  25.401  22.143 0.0000000000
94933  -47.975  25.621  21.768 0.0000000000
94942  -47.385  25.301  21.355 0.0000000000
137564  -46.534  25.668  22.071 0.0000000000
86394  -45.006  15.642  31.894 0.0000000000
87282  -45.544  16.357  31.467 0.0000000000
101474  -52.719  33.151  18.490 0.0000000000
102297  -52.361  33.990  19.988 0.0000000000
101464  -52.630  32.948  19.504 0.0000000000
99793  -52.197  31.479  20.597 0.0000000000
99773  -52.334  31.492  21.090 0.0000000000
99755  -52.201  30.983  22.417 0.0000000000
98884  -52.381  30.848  23.237 0.0000000000
98883  -51.941  30.666  22.871 0.0000000000
98875  -51.310  30.565  23.289 0.0000000000
98882  -51.497  30.728  22.695 0.0000000000
99769  -49.108  31.792  22.177 0.0000000000
85455  -42.778  14.393  34.880 0.0000000000
87239  -43.584  16.527  35.348 0.0000000000
87250  -43.041  16.909  34.688 0.0000000000
106354  -43.320  40.766  24.504 0.0000000000
103212  -48.253  36.542  14.616 0.0000000000
124590  -47.578  35.347  15.384 0.0000000000
103904  -46.463  36.394  15.159 0.0000000000
94811  -45.025  25.235  34.000 0.0000000000
94070  -44.478  24.348  34.541 0.0000000000
119008  -44.889  23.744  35.123 0.0000000000
92418  -45.885  22.890  34.939 0.0000000000
94059  -45.626  23.752  35.206 0.0000000000
102272  -40.569  34.743  24.723 0.0000000000
103805  -44.427  36.578  28.568 0.0000000000
99686  -49.716  31.387  29.257 0.0000000000
99692  -49.007  31.643  28.780 0.0000000000
141084  -50.184  30.878  30.178 0.0000000000
122809  -51.287  28.784  31.684 0.0000000000
138166  -50.340  29.933  31.180 0.0000000000
97120  -50.500  28.321  32.375 0.0000000000
97907  -48.908  29.038  32.623 0.0000000000
95599  -51.031  26.809  33.092 0.0000000000
94826  -52.129  26.397  32.950 0.0000000000
93271  -54.410  23.796  32.241 0.0000000000
121478  -53.656  24.284  32.962 0.0000000000
92445  -54.070  22.718  32.673 0.0000000000
92461  -53.833  22.000  32.932 0.0000000000
92462  -54.205  22.241  32.118 0.0000000000
91601  -54.783  21.588  30.879 0.0000000000
92468  -54.444  22.449  31.073 0.0000000000
92482  -54.560  23.163  29.462 0.0000000000
92483  -55.099  22.828  28.748 0.0000000000
93313  -54.660  23.222  28.222 0.0000000000
93321  -54.287  23.221  27.428 0.0000000000
93312  -54.078  23.520  27.739 0.0000000000
103121  -47.583  35.643  22.403 0.0000000000
118957  -47.351  35.736  23.264 0.0000000000
103110  -49.906  36.667  23.377 0.0000000000
103850  -49.201  36.937  24.059 0.0000000000
103092  -49.686  36.681  24.398 0.0000000000
103078  -49.114  36.462  25.925 0.0000000000
102268  -49.532  35.462  25.316 0.0000000000
101454  -52.174  34.195  21.710 0.0000000000
102292  -51.684  34.984  22.457 0.0000000000
101447  -51.903  33.396  23.147 0.0000000000
100572  -50.766  32.389  25.163 0.0000000000
100571  -49.789  32.832  25.373 0.0000000000
99700  -50.029  31.746  27.571 0.0000000000
99705  -50.408  31.909  26.720 0.0000000000
131379  -51.889  30.378  28.187 0.0000000000
97157  -51.939  29.184  29.122 0.0000000000
97147  -52.084  28.977  29.708 0.0000000000
125279  -51.452  27.285  30.270 0.0000000000
97146  -51.729  28.652  29.372 0.0000000000
97155  -50.135  28.541  28.519 0.0000000000
96386  -50.045  27.699  29.710 0.0000000000
97144  -49.486  28.206  29.202 0.0000000000
96385  -48.883  27.793  29.920 0.0000000000
98857  -49.934  30.232  24.445 0.0000000000
97968  -50.264  29.622  25.951 0.0000000000
98832  -49.279  29.899  25.554 0.0000000000
140676  -47.016  29.543  27.728 0.0000000000
97943  -47.624  29.488  27.599 0.0000000000
83429  -44.339  12.255  37.790 0.0000000000
84442  -44.329  13.175  37.722 0.0000000000
85430  -45.978  14.827  38.545 0.0000000000
84427  -46.413  13.333  39.295 0.0000000000
84413  -47.473  13.607  39.409 0.0000000000
83416  -47.988  12.415  39.487 0.0000000000
84414  -48.114  13.249  39.269 0.0000000000
85432  -48.097  14.817  38.891 0.0000000000
87235  -48.206  16.458  37.454 0.0000000000
86351  -48.277  15.850  38.161 0.0000000000
86360  -48.293  16.011  37.137 0.0000000000
87242  -48.828  16.518  36.479 0.0000000000
105103  -34.279  38.410  23.867 0.0000000000
104491  -33.694  37.722  24.344 0.0000000000
104492  -34.543  37.535  24.100 0.0000000000
103833  -35.092  36.902  24.479 0.0000000000
104494  -36.160  37.426  23.794 0.0000000000
106349  -38.642  40.454  24.510 0.0000000000
106364  -38.124  40.084  23.954 0.0000000000
105119  -39.815  38.544  22.988 0.0000000000
105118  -38.823  38.557  23.179 0.0000000000
131164  -38.288  37.676  23.211 0.0000000000
104507  -37.671  37.266  23.479 0.0000000000
103853  -38.907  36.969  23.013 0.0000000000
103854  -39.386  36.265  22.999 0.0000000000
103855  -40.083  36.372  22.491 0.0000000000
103863  -41.851  36.986  20.893 0.0000000000
103856  -41.307  36.037  21.848 0.0000000000
141272  -41.730  36.336  21.388 0.0000000000
103127  -42.834  35.611  21.614 0.0000000000
103861  -43.140  36.027  20.966 0.0000000000
105803  -43.731  39.534  20.215 0.0000000000
105807  -44.129  39.348  19.592 0.0000000000
104529  -45.401  37.798  18.509 0.0000000000
104528  -44.703  37.888  18.940 0.0000000000
104526  -45.056  37.219  19.120 0.0000000000
103866  -44.326  36.294  20.194 0.0000000000
103872  -45.484  36.520  19.449 0.0000000000
103140  -45.980  35.705  20.442 0.0000000000
103873  -46.236  36.305  19.258 0.0000000000
103882  -47.726  36.791  17.695 0.0000000000
103158  -47.664  35.851  18.827 0.0000000000
103159  -48.222  36.002  18.205 0.0000000000
103160  -49.161  35.535  18.418 0.0000000000
103169  -49.005  35.966  17.747 0.0000000000
139388  -49.733  39.671  14.900 0.0000000000
105160  -49.990  39.022  15.679 0.0000000000
105170  -50.738  38.495  14.928 0.0000000000
103203  -52.035  36.196  15.074 0.0000000000
103895  -51.578  36.577  15.534 0.0000000000
103188  -52.048  35.836  15.875 0.0000000000
128238  -51.475  35.409  17.279 0.0000000000
103189  -52.383  35.153  16.322 0.0000000000
102318  -52.640  34.373  16.860 0.0000000000
102334  -52.680  34.474  15.845 0.0000000000
100684  -53.026  31.866  14.556 0.0000000000
100674  -53.545  31.720  15.163 0.0000000000
99869  -53.540  31.043  14.926 0.0000000000
99850  -53.292  30.826  15.909 0.0000000000
130619  -52.934  30.157  15.209 0.0000000000
98991  -52.282  29.820  14.762 0.0000000000
99867  -49.706  31.089  15.090 0.0000000000
99878  -50.335  30.050  14.418 0.0000000000
98990  -49.203  30.013  14.494 0.0000000000
99006  -48.712  29.207  14.337 0.0000000000
98989  -48.159  30.002  14.640 0.0000000000
101500  -47.743  33.385  16.268 0.0000000000
89017  -41.892  18.411  31.554 0.0000000000
89005  -43.525  18.310  32.613 0.0000000000
88155  -44.031  17.820  34.074 0.0000000000
118333  -44.338  18.599  32.635 0.0000000000
92455  -44.123  22.634  33.298 0.0000000000
92464  -43.775  22.379  32.242 0.0000000000
92465  -44.604  22.404  32.163 0.0000000000
89821  -46.476  19.682  32.364 0.0000000000
89820  -45.618  19.499  32.258 0.0000000000
88994  -45.529  18.451  33.656 0.0000000000
126847  -46.336  18.534  33.981 0.0000000000
88996  -48.553  18.579  34.024 0.0000000000
88989  -48.224  18.159  34.877 0.0000000000
88990  -49.141  17.819  34.615 0.0000000000
87243  -49.313  16.660  35.576 0.0000000000
101348  -43.075  34.816  34.919 0.0000000000
99634  -42.740  31.918  33.309 0.0000000000
103090  -46.736  35.890  24.701 0.0000000000
103075  -45.639  35.771  25.791 0.0000000000
103076  -46.715  36.477  25.792 0.0000000000
102247  -46.238  35.561  28.480 0.0000000000
103802  -46.622  37.078  28.642 0.0000000000
103027  -45.746  36.704  29.221 0.0000000000
103026  -45.173  36.386  29.473 0.0000000000
102235  -44.709  35.236  29.325 0.0000000000
100555  -46.356  32.288  28.451 0.0000000000
99690  -47.023  31.701  29.222 0.0000000000
99668  -46.139  32.039  31.924 0.0000000000
99682  -45.950  31.907  30.630 0.0000000000
100531  -45.299  32.346  31.186 0.0000000000
101404  -43.966  33.960  30.234 0.0000000000
100515  -44.876  32.863  31.874 0.0000000000
101379  -44.591  33.357  32.882 0.0000000000
134487  -45.150  32.746  32.940 0.0000000000
97903  -46.267  29.975  33.440 0.0000000000
97902  -45.486  30.241  32.902 0.0000000000
97916  -44.739  29.503  31.989 0.0000000000
97116  -45.794  28.347  32.678 0.0000000000
96350  -45.207  27.311  32.459 0.0000000000
96351  -46.278  27.449  32.996 0.0000000000
94803  -47.768  25.016  34.031 0.0000000000
140289  -46.988  26.370  33.599 0.0000000000
94060  -47.670  24.157  34.889 0.0000000000
93235  -47.463  23.590  34.969 0.0000000000
93236  -48.368  23.578  35.037 0.0000000000
94072  -50.934  24.649  34.719 0.0000000000
94063  -49.817  24.794  34.781 0.0000000000
93240  -51.206  23.129  36.012 0.0000000000
91566  -51.627  21.988  33.719 0.0000000000
92420  -50.709  22.647  35.538 0.0000000000
92441  -50.701  22.448  34.089 0.0000000000
92440  -49.550  22.677  33.696 0.0000000000
92459  -50.024  21.992  32.921 0.0000000000
91583  -49.398  21.306  32.409 0.0000000000
91584  -50.506  21.015  32.570 0.0000000000
89009  -50.690  18.429  32.624 0.0000000000
89825  -50.695  18.719  32.725 0.0000000000
88158  -50.520  17.912  32.993 0.0000000000
88157  -50.012  17.686  33.461 0.0000000000
88167  -49.489  17.364  33.223 0.0000000000
125392  -49.128  17.622  32.204 0.0000000000
88193  -48.395  18.007  31.281 0.0000000000
89036  -48.793  18.548  30.760 0.0000000000
120332  -47.885  18.322  30.498 0.0000000000
89048  -48.157  18.894  29.947 0.0000000000
90744  -53.097  20.938  28.689 0.0000000000
126055  -52.370  20.484  29.363 0.0000000000
90743  -51.987  20.749  28.672 0.0000000000
90751  -49.758  20.844  27.550 0.0000000000
90741  -49.993  20.598  28.426 0.0000000000
89884  -48.172  20.147  28.234 0.0000000000
89875  -47.732  19.709  28.706 0.0000000000
89874  -46.948  19.494  28.495 0.0000000000
89873  -46.229  19.302  28.287 0.0000000000
89882  -46.607  19.717  27.764 0.0000000000
90767  -47.617  21.000  25.867 0.0000000000
90757  -46.336  20.457  26.611 0.0000000000
90766  -46.661  20.923  25.787 0.0000000000
136048  -45.252  20.739  25.551 0.0000000000
90765  -45.869  21.100  25.348 0.0000000000
130741  -50.669  25.598  31.400 0.0000000000
94094  -50.962  24.299  31.602 0.0000000000
94093  -50.002  24.497  31.509 0.0000000000
93302  -49.689  23.524  29.537 0.0000000000
93303  -50.694  23.274  29.779 0.0000000000
93310  -50.520  23.500  28.516 0.0000000000
93319  -52.543  24.095  26.843 0.0000000000
93318  -51.134  23.962  27.304 0.0000000000
131626  -47.392  23.804  27.681 0.0000000000
131752  -50.263  25.062  24.179 0.0000000000
94174  -50.946  24.758  24.274 0.0000000000
94175  -51.650  24.403  24.624 0.0000000000
93382  -50.516  24.095  23.790 0.0000000000
92543  -50.149  23.668  23.860 0.0000000000
140754  -49.955  24.018  23.508 0.0000000000
92555  -47.804  23.462  22.656 0.0000000000
92541  -47.325  22.659  23.350 0.0000000000
92540  -46.352  22.452  22.922 0.0000000000
91665  -45.709  21.819  23.599 0.0000000000
84457  -46.309  13.589  35.591 0.0000000000
119543  -45.350  13.927  34.162 0.0000000000
100648  -52.711  31.736  17.901 0.0000000000
99813  -52.423  31.733  19.743 0.0000000000
99825  -52.342  31.803  18.953 0.0000000000
126380  -51.893  31.418  19.950 0.0000000000
99792  -51.597  31.376  20.691 0.0000000000
99771  -51.367  31.158  21.609 0.0000000000
99791  -50.681  31.607  21.062 0.0000000000
95583  -44.765  25.827  33.292 0.0000000000
102286  -42.600  34.774  23.770 0.0000000000
102275  -43.046  34.791  24.400 0.0000000000
103058  -44.602  35.749  26.628 0.0000000000
97926  -51.355  29.885  30.564 0.0000000000
97921  -51.870  29.138  30.926 0.0000000000
96367  -52.611  27.795  31.737 0.0000000000
96355  -52.398  27.561  32.253 0.0000000000
94827  -53.198  26.067  32.696 0.0000000000
95600  -53.027  26.986  32.430 0.0000000000
94084  -54.399  24.846  31.976 0.0000000000
122716  -54.426  24.349  31.635 0.0000000000
92467  -54.107  23.202  31.149 0.0000000000
93279  -54.150  24.091  31.260 0.0000000000
93292  -52.232  23.297  30.777 0.0000000000
103142  -48.377  35.549  20.926 0.0000000000
127482  -48.687  35.853  22.491 0.0000000000
139875  -49.850  35.926  21.772 0.0000000000
103123  -50.440  36.346  22.532 0.0000000000
103111  -50.736  36.097  23.165 0.0000000000
100591  -52.599  31.500  23.121 0.0000000000
100590  -52.357  32.197  23.426 0.0000000000
100578  -52.195  31.818  24.202 0.0000000000
100573  -51.632  31.896  24.890 0.0000000000
99710  -51.544  31.640  25.589 0.0000000000
99706  -51.393  31.476  26.419 0.0000000000
99702  -51.864  30.792  26.830 0.0000000000
98812  -51.961  30.280  27.228 0.0000000000
125094  -51.942  29.705  27.618 0.0000000000
97156  -51.426  28.858  28.594 0.0000000000
129701  -51.519  29.259  27.935 0.0000000000
97945  -49.952  29.076  27.260 0.0000000000
98818  -48.247  29.955  26.037 0.0000000000
82514  -45.071  11.243  37.921 0.0000000000
85440  -44.177  14.790  37.024 0.0000000000
85441  -44.744  14.292  37.799 0.0000000000
86339  -45.049  15.261  37.720 0.0000000000
123562  -47.368  15.277  38.845 0.0000000000
86341  -47.459  15.891  38.551 0.0000000000
87234  -47.364  16.747  37.685 0.0000000000
88130  -47.684  17.120  37.128 0.0000000000
105762  -35.354  39.421  23.686 0.0000000000
105752  -40.817  39.824  24.077 0.0000000000
105751  -39.939  39.817  24.071 0.0000000000
105767  -40.325  39.299  23.520 0.0000000000
105120  -40.689  38.881  22.949 0.0000000000
125469  -40.322  38.202  22.474 0.0000000000
104512  -40.235  37.279  22.227 0.0000000000
128205  -40.605  37.903  22.051 0.0000000000
105139  -41.707  38.471  21.305 0.0000000000
105140  -42.452  38.446  20.554 0.0000000000
106413  -47.204  41.788  18.879 0.0000000000
105812  -45.282  39.391  18.780 0.0000000000
105813  -46.170  39.790  18.370 0.0000000000
105154  -46.168  38.951  17.783 0.0000000000
105151  -46.050  38.165  17.912 0.0000000000
103878  -46.582  36.670  18.646 0.0000000000
104532  -46.614  37.748  17.719 0.0000000000
104534  -48.214  37.351  16.968 0.0000000000
104537  -48.830  37.837  16.419 0.0000000000
104559  -49.893  37.924  14.277 0.0000000000
104560  -50.667  38.003  14.649 0.0000000000
130632  -50.920  36.598  14.320 0.0000000000
103215  -51.388  35.913  14.404 0.0000000000
102363  -52.159  35.008  14.769 0.0000000000
102348  -52.486  34.657  15.129 0.0000000000
101523  -52.468  33.781  14.946 0.0000000000
118936  -52.726  32.745  14.740 0.0000000000
99880  -52.538  31.147  14.482 0.0000000000
100682  -51.743  31.439  14.539 0.0000000000
99868  -50.814  31.244  14.703 0.0000000000
94081  -40.003  24.272  32.980 0.0000000000
93270  -39.528  23.644  33.279 0.0000000000
92431  -40.015  22.596  33.504 0.0000000000
91577  -40.262  21.883  32.726 0.0000000000
89833  -42.338  19.507  30.935 0.0000000000
124502  -42.799  20.488  30.923 0.0000000000
92466  -45.484  22.320  32.057 0.0000000000
90711  -46.445  21.952  31.900 0.0000000000
90690  -46.760  20.377  31.956 0.0000000000
89809  -47.033  19.315  32.975 0.0000000000
88995  -47.310  18.763  33.895 0.0000000000
89822  -47.346  19.872  32.452 0.0000000000
89823  -48.332  19.952  32.588 0.0000000000
89811  -49.021  19.131  33.332 0.0000000000
102974  -42.081  35.703  33.281 0.0000000000
102960  -42.677  35.323  34.310 0.0000000000
125052  -43.625  34.471  34.162 0.0000000000
103815  -48.074  37.202  26.588 0.0000000000
103809  -47.666  37.145  27.383 0.0000000000
102249  -47.481  36.505  27.778 0.0000000000
102248  -46.915  35.987  28.291 0.0000000000
98801  -48.264  30.620  31.454 0.0000000000
124610  -47.145  31.361  30.865 0.0000000000
98800  -47.498  30.855  31.910 0.0000000000
98792  -47.014  30.915  32.769 0.0000000000
99653  -46.614  31.564  32.416 0.0000000000
99652  -46.150  32.021  33.032 0.0000000000
98773  -46.688  30.530  33.497 0.0000000000
138124  -46.532  30.245  33.557 0.0000000000
97117  -46.470  29.139  33.421 0.0000000000
96340  -46.928  27.598  33.487 0.0000000000
127198  -47.302  27.584  33.576 0.0000000000
94814  -47.810  26.193  33.643 0.0000000000
94804  -48.367  25.118  33.988 0.0000000000
92422  -52.666  22.484  34.572 0.0000000000
140739  -52.071  22.586  35.041 0.0000000000
92443  -52.487  22.198  34.307 0.0000000000
91567  -52.385  21.836  33.739 0.0000000000
91585  -51.755  21.084  32.854 0.0000000000
136174  -51.167  19.777  32.434 0.0000000000
139270  -50.819  18.497  32.347 0.0000000000
89020  -49.895  17.843  32.056 0.0000000000
89021  -50.863  18.657  31.768 0.0000000000
89855  -51.151  19.302  31.053 0.0000000000
89870  -50.708  19.735  30.201 0.0000000000
91621  -53.194  21.954  27.001 0.0000000000
90753  -51.632  21.048  28.006 0.0000000000
91620  -51.983  21.404  27.183 0.0000000000
90760  -50.297  21.234  26.971 0.0000000000
90759  -49.573  21.099  26.790 0.0000000000
90749  -47.846  20.684  26.684 0.0000000000
91624  -49.339  21.366  26.089 0.0000000000
90768  -48.467  21.153  25.999 0.0000000000
91638  -48.204  21.533  25.317 0.0000000000
94839  -48.963  25.643  31.422 0.0000000000
94104  -49.515  24.083  30.999 0.0000000000
94103  -48.698  24.389  30.692 0.0000000000
93301  -48.804  23.732  29.453 0.0000000000
93309  -49.348  23.616  28.602 0.0000000000
94145  -47.557  24.030  25.734 0.0000000000
120696  -48.556  24.475  25.295 0.0000000000
94157  -48.013  24.639  24.799 0.0000000000
94172  -49.464  25.159  23.882 0.0000000000
94182  -49.704  24.924  23.067 0.0000000000
93380  -49.433  24.301  23.113 0.0000000000
94191  -49.143  25.016  22.435 0.0000000000
93392  -48.163  24.255  22.109 0.0000000000
93391  -47.223  23.786  21.682 0.0000000000
92571  -46.328  23.307  21.358 0.0000000000
93409  -47.262  24.459  21.172 0.0000000000
94212  -45.935  24.462  20.535 0.0000000000
83431  -48.556  11.924  38.245 0.0000000000
102299  -51.991  34.752  19.599 0.0000000000
103146  -51.377  35.301  21.000 0.0000000000
102296  -51.921  34.809  20.452 0.0000000000
102294  -52.291  34.012  20.812 0.0000000000
101451  -52.526  32.772  21.997 0.0000000000
100617  -52.644  32.014  20.853 0.0000000000
100606  -52.588  31.846  21.511 0.0000000000
100599  -52.567  31.686  22.326 0.0000000000
99756  -52.510  31.131  22.793 0.0000000000
98877  -52.474  30.821  23.978 0.0000000000
98859  -52.148  30.573  24.403 0.0000000000
98834  -51.316  30.122  25.298 0.0000000000
126655  -51.511  30.397  24.063 0.0000000000
118581  -50.607  30.407  23.900 0.0000000000
98873  -49.598  30.602  23.839 0.0000000000
99753  -49.873  31.220  22.676 0.0000000000
99743  -49.334  31.018  23.305 0.0000000000
83437  -43.389  12.153  36.466 0.0000000000
83436  -43.099  12.564  35.800 0.0000000000
85448  -43.674  14.209  36.304 0.0000000000
86356  -42.781  15.348  34.961 0.0000000000
86348  -43.745  15.238  36.257 0.0000000000
86358  -43.958  16.148  36.165 0.0000000000
87240  -44.405  16.868  35.907 0.0000000000
106351  -40.455  40.345  24.609 0.0000000000
106352  -41.449  40.332  24.580 0.0000000000
106366  -42.674  40.270  23.973 0.0000000000
106367  -43.558  40.505  23.740 0.0000000000
105824  -49.211  40.287  16.234 0.0000000000
104558  -49.043  37.831  14.173 0.0000000000
103913  -48.690  37.159  14.360 0.0000000000
103213  -49.066  36.315  14.504 0.0000000000
137145  -48.899  34.826  15.103 0.0000000000
126842  -48.886  34.302  15.449 0.0000000000
120050  -48.333  34.916  15.321 0.0000000000
102345  -47.681  34.680  15.754 0.0000000000
93242  -44.169  23.372  34.940 0.0000000000
92436  -44.611  22.729  34.396 0.0000000000
122863  -45.490  22.840  34.370 0.0000000000
92437  -46.358  22.979  34.357 0.0000000000
128609  -46.956  22.930  33.394 0.0000000000
103798  -43.269  36.463  29.444 0.0000000000
103781  -43.278  36.329  30.412 0.0000000000
100562  -48.755  32.113  27.304 0.0000000000
100561  -47.718  32.399  27.429 0.0000000000
99698  -48.320  31.877  28.107 0.0000000000
99685  -48.781  31.424  29.612 0.0000000000
99671  -48.568  31.128  30.488 0.0000000000
98803  -50.315  30.428  30.665 0.0000000000
98802  -49.352  30.765  30.679 0.0000000000
97918  -48.745  29.554  32.229 0.0000000000
96343  -48.877  27.777  33.464 0.0000000000
95588  -48.829  26.918  33.721 0.0000000000
95589  -50.009  26.372  33.535 0.0000000000
130032  -51.273  25.168  33.934 0.0000000000
94073  -51.849  24.497  34.349 0.0000000000
94818  -53.244  25.165  33.050 0.0000000000
94074  -52.723  24.367  33.813 0.0000000000
93250  -53.046  23.256  34.337 0.0000000000
92444  -53.663  22.185  33.538 0.0000000000
91588  -53.837  21.432  32.449 0.0000000000
90713  -53.990  20.550  31.438 0.0000000000
121522  -53.519  20.153  31.201 0.0000000000
90724  -54.216  20.624  30.660 0.0000000000
90737  -54.297  20.789  29.822 0.0000000000
90745  -54.200  21.157  28.866 0.0000000000
127348  -55.051  22.715  29.589 0.0000000000
130961  -55.029  22.321  28.449 0.0000000000
91616  -54.001  21.701  27.824 0.0000000000
91622  -54.037  22.506  27.074 0.0000000000
91627  -53.395  22.663  26.338 0.0000000000
92497  -53.238  23.280  25.964 0.0000000000
94111  -47.193  24.470  29.406 0.0000000000
94110  -46.500  24.671  29.101 0.0000000000
94117  -46.155  24.528  28.547 0.0000000000
94125  -46.609  23.944  27.621 0.0000000000
120597  -46.847  23.758  26.581 0.0000000000
118889  -47.214  24.347  25.038 0.0000000000
94156  -46.553  24.393  24.723 0.0000000000
94181  -46.209  25.151  23.317 0.0000000000
117686  -45.368  35.457  22.486 0.0000000000
103119  -46.252  35.577  22.820 0.0000000000
103107  -46.601  35.625  23.718 0.0000000000
103077  -47.588  36.878  25.288 0.0000000000
134035  -48.785  36.746  23.786 0.0000000000
103849  -48.584  36.925  24.380 0.0000000000
103825  -48.256  37.232  25.732 0.0000000000
103061  -48.588  36.813  26.491 0.0000000000
102260  -48.583  35.995  26.550 0.0000000000
101432  -48.520  33.748  25.848 0.0000000000
103136  -51.461  35.469  21.729 0.0000000000
141230  -51.289  35.458  22.998 0.0000000000
102288  -51.016  35.304  23.563 0.0000000000
101439  -51.476  32.912  23.758 0.0000000000
101438  -50.707  33.665  24.219 0.0000000000
101437  -49.974  34.320  24.741 0.0000000000
101433  -49.221  33.923  25.275 0.0000000000
100570  -49.099  33.033  25.769 0.0000000000
100565  -48.715  32.684  26.395 0.0000000000
99693  -49.950  31.551  28.500 0.0000000000
99687  -50.540  31.253  28.937 0.0000000000
99701  -51.238  31.406  27.268 0.0000000000
98810  -51.302  30.816  29.003 0.0000000000
133727  -51.889  29.901  29.792 0.0000000000
97927  -52.056  29.338  30.079 0.0000000000
95628  -52.181  26.941  30.621 0.0000000000
141004  -52.426  25.777  31.101 0.0000000000
95627  -50.882  26.479  30.793 0.0000000000
96379  -50.487  27.175  30.241 0.0000000000
97145  -50.762  28.260  29.124 0.0000000000
95626  -49.799  26.686  30.849 0.0000000000
95612  -48.815  26.523  31.127 0.0000000000
96377  -48.291  27.248  30.572 0.0000000000
95624  -47.338  27.194  30.363 0.0000000000
97969  -50.991  29.807  25.783 0.0000000000
97956  -50.247  29.323  26.606 0.0000000000
123653  -49.371  29.359  26.815 0.0000000000
97955  -48.671  29.610  26.668 0.0000000000
97944  -48.707  29.330  27.338 0.0000000000
83428  -43.844  12.436  37.143 0.0000000000
82505  -45.021  11.959  38.384 0.0000000000
83421  -46.011  12.422  39.150 0.0000000000
82500  -46.803  11.297  38.951 0.0000000000
119009  -48.419  11.777  39.266 0.0000000000
135164  -48.833  11.739  39.038 0.0000000000
83422  -48.294  12.991  38.829 0.0000000000
84443  -47.606  13.406  37.800 0.0000000000
85442  -47.967  14.610  38.472 0.0000000000
118744  -46.974  13.888  36.998 0.0000000000
86359  -47.406  15.249  36.294 0.0000000000
105115  -35.982  38.852  23.468 0.0000000000
105765  -38.431  39.376  23.535 0.0000000000
105116  -36.909  38.745  23.393 0.0000000000
125828  -36.477  38.038  23.503 0.0000000000
104506  -36.965  37.366  23.654 0.0000000000
103847  -37.472  36.756  23.809 0.0000000000
103083  -37.739  36.012  24.830 0.0000000000
103085  -39.265  35.357  24.155 0.0000000000
103086  -40.078  35.148  24.025 0.0000000000
103101  -40.414  35.388  23.269 0.0000000000
103859  -40.692  36.545  21.980 0.0000000000
103114  -40.726  35.746  22.495 0.0000000000
103102  -41.248  35.181  23.126 0.0000000000
103116  -42.515  35.288  22.327 0.0000000000
103117  -43.417  35.245  22.216 0.0000000000
103118  -44.423  35.331  22.138 0.0000000000
106384  -43.897  40.257  22.066 0.0000000000
105793  -43.127  39.668  21.568 0.0000000000
105802  -43.078  39.299  20.668 0.0000000000
104523  -42.874  38.017  20.040 0.0000000000
129652  -44.624  39.139  19.101 0.0000000000
105146  -43.516  37.866  19.659 0.0000000000
104524  -43.101  37.309  20.136 0.0000000000
103865  -43.487  36.512  20.392 0.0000000000
103138  -43.995  35.872  20.793 0.0000000000
103129  -45.140  35.480  21.774 0.0000000000
103130  -45.472  35.594  21.131 0.0000000000
103131  -46.582  35.578  21.470 0.0000000000
128965  -47.539  35.566  20.361 0.0000000000
103874  -46.997  36.089  19.077 0.0000000000
103151  -47.552  35.680  19.496 0.0000000000
117783  -48.319  35.466  20.103 0.0000000000
118205  -49.073  35.360  19.993 0.0000000000
103153  -49.538  35.227  19.386 0.0000000000
125487  -49.561  39.597  16.036 0.0000000000
105159  -49.287  38.758  16.208 0.0000000000
103893  -49.987  36.955  16.338 0.0000000000
104548  -51.053  37.936  15.090 0.0000000000
104539  -50.667  37.600  15.624 0.0000000000
103885  -50.327  36.210  16.803 0.0000000000
103171  -50.727  35.684  17.229 0.0000000000
118226  -50.865  35.268  17.972 0.0000000000
103162  -51.261  34.961  19.014 0.0000000000
102308  -52.059  34.775  18.790 0.0000000000
102309  -52.434  34.352  18.026 0.0000000000
101501  -53.088  33.548  16.239 0.0000000000
101484  -53.325  32.583  16.642 0.0000000000
100649  -53.225  31.743  16.905 0.0000000000
99835  -52.941  31.140  16.776 0.0000000000
120313  -52.473  30.920  16.828 0.0000000000
99009  -51.538  29.662  14.547 0.0000000000
98107  -50.722  29.198  14.564 0.0000000000
101511  -48.746  33.345  15.962 0.0000000000
100670  -48.969  32.143  15.789 0.0000000000
99849  -47.966  31.735  16.013 0.0000000000
88165  -42.387  17.582  33.259 0.0000000000
89018  -42.896  18.608  31.840 0.0000000000
140631  -42.847  17.977  32.749 0.0000000000
88143  -43.273  17.425  34.280 0.0000000000
139016  -43.936  17.504  34.522 0.0000000000
88144  -44.586  17.625  34.783 0.0000000000
91580  -42.981  22.264  32.276 0.0000000000
131048  -44.249  21.142  31.356 0.0000000000
89835  -44.282  20.081  31.393 0.0000000000
90709  -45.492  20.836  31.520 0.0000000000
89836  -45.165  20.106  31.657 0.0000000000
89819  -44.753  19.334  32.051 0.0000000000
88987  -45.036  18.008  34.271 0.0000000000
88145  -45.758  17.898  35.191 0.0000000000
88136  -46.438  17.500  36.300 0.0000000000
131710  -46.983  17.832  35.767 0.0000000000
88137  -47.861  17.502  36.512 0.0000000000
88146  -48.058  17.813  35.777 0.0000000000
88138  -48.740  17.168  36.272 0.0000000000
132006  -49.058  16.290  35.039 0.0000000000
127094  -42.229  31.418  32.763 0.0000000000
97915  -43.698  29.546  31.328 0.0000000000
119891  -45.798  35.576  24.932 0.0000000000
103813  -46.574  37.123  27.586 0.0000000000
141225  -45.592  36.622  27.456 0.0000000000
103806  -45.420  36.872  28.537 0.0000000000
103800  -45.144  36.785  29.187 0.0000000000
103012  -44.689  36.444  29.599 0.0000000000
103011  -43.787  36.156  30.215 0.0000000000
100560  -46.669  32.920  27.457 0.0000000000
100559  -45.839  33.289  27.989 0.0000000000
135903  -45.277  33.563  28.424 0.0000000000
100543  -45.084  32.431  29.840 0.0000000000
100553  -44.780  33.294  28.972 0.0000000000
101416  -44.297  34.083  29.286 0.0000000000
102227  -43.785  35.245  30.399 0.0000000000
102219  -43.355  35.612  31.103 0.0000000000
101378  -43.838  34.104  32.329 0.0000000000
101369  -44.178  33.907  33.541 0.0000000000
100495  -44.693  33.089  33.900 0.0000000000
100505  -45.417  32.330  33.255 0.0000000000
128907  -45.017  32.623  33.559 0.0000000000
99622  -44.385  32.648  33.793 0.0000000000
98771  -44.130  31.207  32.684 0.0000000000
98791  -44.459  30.359  32.238 0.0000000000
97128  -44.087  28.778  31.362 0.0000000000
96366  -44.704  28.043  31.915 0.0000000000
95598  -45.578  26.553  32.966 0.0000000000
95584  -45.753  26.001  33.539 0.0000000000
95585  -46.521  26.224  33.588 0.0000000000
94801  -46.234  24.664  34.565 0.0000000000
93234  -46.693  23.839  35.086 0.0000000000
93260  -47.225  23.070  34.400 0.0000000000
92438  -47.737  22.908  33.519 0.0000000000
94816  -49.290  25.801  33.932 0.0000000000
94805  -48.889  25.233  34.218 0.0000000000
94062  -49.018  24.551  34.956 0.0000000000
92421  -51.421  22.766  35.690 0.0000000000
92411  -50.573  22.854  36.042 0.0000000000
93237  -49.307  23.264  35.260 0.0000000000
93248  -49.014  23.013  34.517 0.0000000000
92439  -48.587  22.832  33.554 0.0000000000
89824  -49.429  19.773  32.687 0.0000000000
137684  -50.367  19.418  32.690 0.0000000000
89812  -50.058  18.712  33.253 0.0000000000
88149  -49.587  17.584  34.086 0.0000000000
87263  -49.301  16.663  34.667 0.0000000000
87262  -48.632  16.422  34.299 0.0000000000
87271  -47.988  16.732  33.286 0.0000000000
87284  -47.463  17.035  32.298 0.0000000000
89019  -49.211  18.111  31.540 0.0000000000
88177  -47.980  17.532  31.815 0.0000000000
88176  -47.007  17.342  31.441 0.0000000000
88191  -46.620  17.622  30.674 0.0000000000
90722  -52.243  20.054  30.187 0.0000000000
89869  -49.763  19.700  29.992 0.0000000000
90742  -50.973  20.700  28.628 0.0000000000
89877  -49.332  20.205  29.172 0.0000000000
89868  -48.812  19.507  29.747 0.0000000000
89867  -48.078  19.464  29.344 0.0000000000
89046  -46.739  18.524  29.632 0.0000000000
89045  -45.870  18.396  29.324 0.0000000000
89051  -45.545  18.809  28.494 0.0000000000
89056  -45.013  18.915  27.854 0.0000000000
90748  -47.028  20.289  27.135 0.0000000000
89888  -45.433  20.001  26.819 0.0000000000
94095  -52.228  24.366  31.486 0.0000000000
93277  -51.525  23.708  31.307 0.0000000000
93304  -51.769  23.078  30.010 0.0000000000
93290  -50.018  23.574  30.537 0.0000000000
137676  -52.591  23.214  29.182 0.0000000000
93311  -52.911  23.557  27.988 0.0000000000
93341  -53.184  23.891  26.033 0.0000000000
92515  -52.786  23.792  25.304 0.0000000000
94146  -49.278  24.305  25.812 0.0000000000
132144  -50.217  24.430  25.956 0.0000000000
93339  -50.594  24.209  26.598 0.0000000000
94147  -51.202  24.630  25.624 0.0000000000
94161  -52.226  24.294  25.020 0.0000000000
92513  -51.467  22.949  24.871 0.0000000000
92512  -50.445  22.535  24.873 0.0000000000
91655  -48.850  22.149  24.833 0.0000000000
91654  -47.876  22.047  24.615 0.0000000000
121561  -48.314  23.130  23.414 0.0000000000
92527  -47.888  22.547  23.949 0.0000000000
91653  -46.942  21.764  24.565 0.0000000000
82506  -45.867  11.608  38.727 0.0000000000
83415  -47.254  12.894  39.515 0.0000000000
85419  -48.014  13.992  39.196 0.0000000000
85433  -48.178  15.353  38.477 0.0000000000
87224  -46.779  16.332  38.061 0.0000000000
87225  -47.980  16.221  38.292 0.0000000000
87253  -48.938  16.290  35.602 0.0000000000
87283  -46.488  16.748  31.854 0.0000000000
88135  -45.030  17.422  35.635 0.0000000000
88156  -49.503  17.196  34.072 0.0000000000
88999  -50.467  18.132  33.211 0.0000000000
89008  -50.509  18.103  32.370 0.0000000000
89010  -51.253  18.881  32.206 0.0000000000
89035  -47.072  18.141  30.272 0.0000000000
89047  -47.328  19.143  29.330 0.0000000000
89837  -45.961  20.217  31.824 0.0000000000
89840  -52.593  19.745  32.154 0.0000000000
89854  -50.294  19.101  30.798 0.0000000000
89857  -52.777  19.728  31.608 0.0000000000
89883  -47.499  20.001  27.849 0.0000000000
89889  -46.197  20.014  27.240 0.0000000000
90696  -53.640  20.682  32.187 0.0000000000
90714  -54.697  20.969  30.815 0.0000000000
90723  -52.936  19.994  30.768 0.0000000000
90734  -50.316  20.258  29.357 0.0000000000
90738  -54.784  20.999  30.108 0.0000000000
90740  -48.977  20.471  28.187 0.0000000000
90755  -44.916  20.290  26.066 0.0000000000
90758  -48.758  20.881  26.703 0.0000000000
91569  -53.369  21.702  33.324 0.0000000000
91578  -41.383  21.946  32.486 0.0000000000
91589  -54.317  21.721  31.611 0.0000000000
91597  -43.557  21.749  31.569 0.0000000000
91598  -44.960  21.573  31.572 0.0000000000
91599  -45.730  21.521  31.638 0.0000000000
91604  -55.021  21.534  30.070 0.0000000000
91623  -54.660  22.403  27.731 0.0000000000
91628  -53.787  22.906  26.654 0.0000000000
91636  -46.550  21.367  25.095 0.0000000000
91667  -47.306  22.227  24.100 0.0000000000
92409  -49.343  22.964  34.966 0.0000000000
92410  -49.932  22.868  35.693 0.0000000000
92416  -44.385  22.865  34.907 0.0000000000
92423  -53.307  22.457  34.076 0.0000000000
92432  -40.887  22.780  33.553 0.0000000000
92472  -54.689  22.906  30.349 0.0000000000
92473  -55.040  22.260  30.192 0.0000000000
92484  -55.181  22.222  29.326 0.0000000000
92488  -54.298  22.862  27.239 0.0000000000
92496  -52.888  22.916  25.592 0.0000000000
92514  -52.427  23.385  25.051 0.0000000000
92529  -49.736  22.872  24.346 0.0000000000
92531  -51.742  23.698  24.607 0.0000000000
93238  -49.787  23.138  35.988 0.0000000000
93243  -44.984  23.156  35.262 0.0000000000
93244  -45.818  23.166  35.186 0.0000000000
93246  -47.751  23.290  34.755 0.0000000000
93247  -48.695  23.223  34.852 0.0000000000
93249  -52.189  22.983  35.440 0.0000000000
93276  -50.451  23.828  31.245 0.0000000000
93280  -54.347  23.778  31.560 0.0000000000
93305  -53.840  23.374  28.691 0.0000000000
93340  -51.748  24.401  26.256 0.0000000000
93342  -53.726  23.251  26.711 0.0000000000
93368  -51.291  24.202  24.237 0.0000000000
93369  -52.121  23.976  24.718 0.0000000000
93381  -49.942  24.432  23.340 0.0000000000
93393  -48.912  24.675  22.389 0.0000000000
93394  -49.445  24.695  22.832 0.0000000000
93410  -48.362  24.835  21.701 0.0000000000
93420  -46.604  24.042  20.726 0.0000000000
94052  -49.063  23.732  35.422 0.0000000000
94053  -49.992  24.064  35.662 0.0000000000
94054  -50.680  23.931  35.658 0.0000000000
94064  -51.625  23.769  35.379 0.0000000000
94092  -49.148  24.800  31.337 0.0000000000
94148  -52.128  24.555  25.430 0.0000000000
94149  -52.677  24.190  25.471 0.0000000000
94160  -51.620  24.787  24.856 0.0000000000
94171  -48.498  25.100  24.002 0.0000000000
94173  -50.148  24.994  23.642 0.0000000000
94190  -48.759  25.063  21.947 0.0000000000
94202  -46.963  24.734  20.957 0.0000000000
94204  -48.222  25.207  21.643 0.0000000000
94812  -45.935  25.438  34.031 0.0000000000
94813  -47.292  25.854  33.742 0.0000000000
94840  -49.804  25.294  31.579 0.0000000000
94841  -51.634  25.125  31.474 0.0000000000
94844  -54.131  25.626  31.678 0.0000000000
94861  -46.466  25.301  29.793 0.0000000000
94862  -47.137  25.107  30.251 0.0000000000
94915  -48.943  25.343  23.384 0.0000000000
94916  -49.491  25.282  23.149 0.0000000000
94932  -47.260  25.708  21.864 0.0000000000
94935  -49.184  25.219  22.680 0.0000000000
95590  -51.156  25.953  33.498 0.0000000000
95596  -43.495  26.549  32.184 0.0000000000
95625  -47.649  26.462  30.922 0.0000000000
95629  -52.912  27.018  30.996 0.0000000000
96341  -47.556  28.079  33.678 0.0000000000
96344  -49.845  27.218  33.196 0.0000000000
96349  -44.171  27.199  31.998 0.0000000000
96352  -46.717  28.302  33.477 0.0000000000
96357  -53.402  27.052  31.832 0.0000000000
96368  -53.031  27.366  31.478 0.0000000000
96388  -51.987  28.406  29.896 0.0000000000
97112  -48.317  28.252  33.555 0.0000000000
97119  -47.627  28.977  33.617 0.0000000000
97121  -51.771  28.139  32.007 0.0000000000
97130  -50.059  28.941  32.173 0.0000000000
97131  -52.140  28.386  31.317 0.0000000000
97138  -42.977  29.151  30.768 0.0000000000
97904  -46.875  29.744  33.727 0.0000000000
97906  -48.036  29.362  33.062 0.0000000000
97930  -52.025  29.528  29.381 0.0000000000
97953  -46.887  29.886  27.231 0.0000000000
98790  -43.403  30.468  31.852 0.0000000000
98793  -49.233  30.107  31.440 0.0000000000
98806  -50.426  31.055  29.558 0.0000000000
98858  -50.934  30.207  24.602 0.0000000000
98881  -50.863  30.812  22.862 0.0000000000
98960  -52.902  30.435  15.959 0.0000000000
98973  -53.336  30.571  15.372 0.0000000000
98974  -53.514  30.758  15.099 0.0000000000
98992  -53.169  30.481  14.869 0.0000000000
99007  -49.704  29.197  14.345 0.0000000000
99008  -50.667  29.363  14.466 0.0000000000
99010  -52.470  30.344  14.610 0.0000000000
99633  -41.847  31.902  33.504 0.0000000000
99636  -44.737  31.981  33.399 0.0000000000
99637  -45.879  31.749  33.424 0.0000000000
99638  -46.398  31.305  33.234 0.0000000000
99654  -47.093  31.252  31.722 0.0000000000
99670  -47.699  31.123  31.086 0.0000000000
99683  -46.724  31.579  30.240 0.0000000000
99691  -48.034  31.631  28.994 0.0000000000
99744  -52.646  31.012  23.547 0.0000000000
99754  -51.028  30.978  22.324 0.0000000000
99772  -52.067  31.172  21.509 0.0000000000
99811  -51.752  31.638  19.274 0.0000000000
99812  -52.260  31.611  19.781 0.0000000000
99851  -53.572  31.077  15.438 0.0000000000
100530  -44.518  32.944  30.628 0.0000000000
100554  -45.511  32.677  28.780 0.0000000000
100576  -50.225  33.121  24.761 0.0000000000
100579  -52.605  31.355  23.697 0.0000000000
100629  -52.644  31.942  19.986 0.0000000000
100663  -53.566  31.792  15.940 0.0000000000
100672  -52.164  33.460  14.755 0.0000000000
100683  -52.269  32.310  14.608 0.0000000000
100685  -53.348  31.578  14.791 0.0000000000
101347  -42.748  34.789  34.899 0.0000000000
101361  -42.807  34.250  34.792 0.0000000000
101362  -43.483  34.259  34.510 0.0000000000
101363  -44.249  33.603  33.920 0.0000000000
101394  -43.679  34.539  31.210 0.0000000000
101417  -44.910  34.365  28.721 0.0000000000
101426  -46.822  33.962  26.992 0.0000000000
101431  -48.124  34.703  26.274 0.0000000000
101446  -51.201  34.199  23.629 0.0000000000
101450  -52.135  33.791  22.542 0.0000000000
101455  -52.602  32.880  21.200 0.0000000000
101502  -53.391  32.624  15.603 0.0000000000
101514  -52.913  33.602  15.357 0.0000000000
102182  -42.926  35.086  34.908 0.0000000000
102183  -43.207  34.977  34.701 0.0000000000
102195  -41.893  35.450  33.947 0.0000000000
102203  -43.262  34.978  32.040 0.0000000000
102228  -44.134  34.880  29.787 0.0000000000
102236  -45.679  35.775  29.076 0.0000000000
102237  -46.381  36.614  28.859 0.0000000000
102266  -43.083  34.863  25.135 0.0000000000
102276  -50.039  35.764  24.713 0.0000000000
102277  -50.637  34.978  24.221 0.0000000000
102284  -40.906  34.941  23.907 0.0000000000
102285  -41.756  34.783  23.815 0.0000000000
102287  -43.323  34.852  23.867 0.0000000000
102291  -51.131  35.906  22.470 0.0000000000
102360  -50.298  35.126  14.510 0.0000000000
102361  -51.171  35.067  14.443 0.0000000000
102362  -51.908  34.534  14.657 0.0000000000
102961  -43.189  35.245  34.012 0.0000000000
102975  -42.538  35.464  33.441 0.0000000000
102976  -42.812  35.316  32.797 0.0000000000
103013  -45.339  36.669  29.337 0.0000000000
103060  -48.154  36.690  27.084 0.0000000000
103079  -49.535  36.441  25.157 0.0000000000
103084  -38.504  35.625  24.426 0.0000000000
103091  -47.661  36.327  24.328 0.0000000000
103099  -38.794  35.932  23.618 0.0000000000
103100  -39.633  35.617  23.449 0.0000000000
103103  -42.133  34.983  23.046 0.0000000000
103106  -45.740  35.508  23.202 0.0000000000
103122  -49.723  36.302  22.474 0.0000000000
103126  -42.025  35.757  21.737 0.0000000000
103133  -49.008  35.713  21.725 0.0000000000
103134  -50.395  36.181  21.947 0.0000000000
103141  -46.869  35.608  20.663 0.0000000000
103143  -49.299  35.547  20.946 0.0000000000
103145  -50.792  35.375  20.806 0.0000000000
103149  -45.898  35.999  19.770 0.0000000000
103170  -49.889  35.660  17.667 0.0000000000
103173  -52.177  35.054  17.248 0.0000000000
103202  -48.943  35.349  14.840 0.0000000000
103216  -51.921  35.799  14.700 0.0000000000
103217  -52.271  35.462  14.942 0.0000000000
103764  -42.217  36.278  31.497 0.0000000000
103789  -42.813  36.493  30.183 0.0000000000
103790  -43.948  36.418  29.795 0.0000000000
103791  -44.832  36.553  29.435 0.0000000000
103807  -46.341  37.150  28.361 0.0000000000
103808  -47.058  37.184  28.000 0.0000000000
103814  -47.207  37.218  26.954 0.0000000000
103816  -48.686  37.155  26.043 0.0000000000
103834  -35.912  36.947  24.271 0.0000000000
103837  -48.255  37.117  24.984 0.0000000000
103848  -38.271  36.708  23.446 0.0000000000
103860  -42.326  36.201  21.140 0.0000000000
103864  -42.664  36.746  20.599 0.0000000000
103867  -45.215  36.085  20.073 0.0000000000
103871  -44.690  36.735  19.635 0.0000000000
103879  -47.344  36.386  18.416 0.0000000000
103883  -48.572  36.550  17.401 0.0000000000
103892  -49.065  37.106  16.655 0.0000000000
103894  -50.897  36.790  15.992 0.0000000000
103912  -47.841  37.146  14.457 0.0000000000
103914  -50.414  37.284  14.318 0.0000000000
103915  -51.505  36.551  14.674 0.0000000000
104493  -35.366  37.445  23.939 0.0000000000
104504  -34.942  37.996  23.713 0.0000000000
104510  -39.175  37.746  22.844 0.0000000000
104516  -41.379  37.583  21.256 0.0000000000
104519  -41.857  37.824  20.772 0.0000000000
104525  -44.298  37.516  19.365 0.0000000000
104530  -46.220  37.380  18.275 0.0000000000
104533  -47.336  37.729  17.283 0.0000000000
104538  -49.779  37.928  16.019 0.0000000000
104549  -51.023  37.924  14.891 0.0000000000
105114  -35.095  38.640  23.588 0.0000000000
105117  -37.846  38.650  23.309 0.0000000000
105129  -39.813  37.770  22.569 0.0000000000
105131  -41.404  38.685  22.028 0.0000000000
105138  -41.065  38.110  21.720 0.0000000000
105147  -44.166  38.434  19.285 0.0000000000
105150  -45.560  38.740  18.254 0.0000000000
105169  -50.332  39.044  15.190 0.0000000000
105171  -50.874  38.176  14.876 0.0000000000
105750  -39.016  39.899  24.016 0.0000000000
105761  -34.633  39.139  23.755 0.0000000000
105763  -36.559  39.421  23.536 0.0000000000
105768  -42.002  39.751  23.486 0.0000000000
105779  -41.463  39.161  22.721 0.0000000000
105808  -45.070  39.978  19.478 0.0000000000
105831  -50.212  39.224  14.910 0.0000000000
106353  -42.403  40.546  24.666 0.0000000000
106365  -42.011  40.127  24.150 0.0000000000
106418  -48.323  41.198  17.174 0.0000000000
106422  -48.173  41.560  17.016 0.0000000000
106987  -47.527  42.064  17.796 0.0000000000
106997  -47.726  41.961  17.228 0.0000000000
116598  -43.989  35.039  23.588 0.0000000000
116616  -49.349  23.560  23.593 0.0000000000
116648  -47.044  23.054  22.552 0.0000000000
117303  -51.621  23.284  28.945 0.0000000000
117791  -49.320  30.131  24.905 0.0000000000
119556  -48.453  21.606  32.280 0.0000000000
119604  -43.939  18.098  33.263 0.0000000000
119799  -47.464  22.631  32.719 0.0000000000
121620  -47.213  28.254  33.691 0.0000000000
122030  -53.674  20.384  30.464 0.0000000000
122057  -48.445  24.047  30.062 0.0000000000
122561  -47.570  30.391  32.480 0.0000000000
123734  -45.896  35.547  21.980 0.0000000000
124059  -51.072  37.317  14.632 0.0000000000
124698  -53.055  22.027  33.969 0.0000000000
125215  -49.144  28.407  32.956 0.0000000000
125442  -37.932  40.524  24.452 0.0000000000
125860  -49.047  21.697  25.463 0.0000000000
126054  -49.063  20.714  27.315 0.0000000000
126374  -46.609  25.561  21.495 0.0000000000
126722  -49.341  38.530  14.274 0.0000000000
127251  -42.603  17.428  33.818 0.0000000000
128529  -49.654  39.228  14.570 0.0000000000
128545  -46.990  26.954  33.439 0.0000000000
129696  -48.364  36.039  23.235 0.0000000000
130064  -49.559  37.184  14.227 0.0000000000
130068  -41.270  36.791  21.478 0.0000000000
130733  -46.689  25.613  33.913 0.0000000000
131099  -48.242  23.978  26.104 0.0000000000
131201  -48.819  24.876  24.529 0.0000000000
131324  -44.243  21.894  31.657 0.0000000000
131561  -53.884  25.464  31.390 0.0000000000
131837  -53.027  32.352  17.774 0.0000000000
131913  -36.473  36.605  24.676 0.0000000000
133920  -48.080  26.930  33.706 0.0000000000
134071  -44.586  35.560  21.304 0.0000000000
134074  -54.747  21.808  28.318 0.0000000000
134935  -47.764  24.501  21.544 0.0000000000
134961  -45.361  32.067  33.371 0.0000000000
134987  -44.937  35.437  25.038 0.0000000000
135226  -49.472  32.115  26.829 0.0000000000
136830  -51.636  33.142  14.826 0.0000000000
137114  -48.060  32.678  26.834 0.0000000000
137210  -50.542  24.944  31.646 0.0000000000
137475  -51.993  27.111  32.676 0.0000000000
137486  -51.662  30.341  24.745 0.0000000000
137760  -51.950  35.506  16.642 0.0000000000
138208  -44.574  33.438  33.648 0.0000000000
139074  -51.421  29.531  14.620 0.0000000000
139121  -49.418  32.902  15.814 0.0000000000
139160  -46.667  24.860  23.910 0.0000000000
139476  -48.761  19.000  30.241 0.0000000000
139587  -53.374  27.051  32.074 0.0000000000
139650  -52.909  23.360  25.393 0.0000000000
140205  -47.666  20.368  27.283 0.0000000000
140565  -38.844  36.461  23.259 0.0000000000
140590  -45.371  35.762  20.552 0.0000000000
140932  -51.228  37.277  15.321 0.0000000000
