#!ascii label  , from subject sub-v1s12x0050109_ses-1 vox2ras=TkReg
1482
42018  -47.571  -30.413  33.385 0.0000000000
32632  -36.532  -39.561  45.470 0.0000000000
130324  -50.815  -17.640  28.589 0.0000000000
46056  -40.397  -26.351  26.702 0.0000000000
50446  -49.892  -21.015  32.116 0.0000000000
34818  -42.703  -37.414  37.998 0.0000000000
34835  -31.707  -36.828  36.313 0.0000000000
40157  -34.494  -31.832  31.069 0.0000000000
29325  -29.212  -42.319  49.851 0.0000000000
60418  -56.904  -11.149  31.190 0.0000000000
123494  -31.531  -41.433  42.722 0.0000000000
44035  -44.393  -28.573  30.195 0.0000000000
47816  -44.943  -24.089  29.818 0.0000000000
47765  -48.974  -25.084  33.195 0.0000000000
38069  -46.254  -34.687  35.888 0.0000000000
38073  -39.243  -34.850  34.293 0.0000000000
41050  -41.595  -31.550  32.221 0.0000000000
43028  -37.756  -29.470  28.455 0.0000000000
63285  -58.020  -8.193  28.268 0.0000000000
32590  -32.285  -39.227  48.393 0.0000000000
119920  -30.520  -42.151  45.807 0.0000000000
34750  -31.313  -37.642  44.444 0.0000000000
54186  -46.811  -17.609  32.206 0.0000000000
118619  -39.464  -37.815  41.542 0.0000000000
33766  -35.191  -38.287  40.717 0.0000000000
32732  -36.911  -38.964  36.733 0.0000000000
35977  -33.347  -36.628  32.386 0.0000000000
31514  -25.794  -40.285  49.577 0.0000000000
54147  -49.693  -17.474  37.769 0.0000000000
55196  -52.422  -16.594  33.951 0.0000000000
59228  -55.434  -13.393  34.214 0.0000000000
57320  -52.505  -14.683  29.911 0.0000000000
58309  -54.322  -12.902  26.417 0.0000000000
27030  -27.231  -43.959  44.314 0.0000000000
123288  -29.300  -38.356  39.565 0.0000000000
42993  -46.237  -29.327  31.913 0.0000000000
46010  -46.246  -26.704  31.824 0.0000000000
44014  -47.835  -27.874  33.535 0.0000000000
40102  -47.122  -32.952  34.003 0.0000000000
40114  -43.978  -32.730  33.990 0.0000000000
118576  -45.134  -31.389  32.523 0.0000000000
42053  -42.705  -29.955  30.736 0.0000000000
55387  -50.684  -16.118  25.888 0.0000000000
124071  -52.360  -17.233  27.501 0.0000000000
32604  -34.596  -39.562  47.021 0.0000000000
33695  -30.776  -38.400  46.693 0.0000000000
32644  -33.966  -39.200  45.039 0.0000000000
47846  -40.630  -24.513  26.511 0.0000000000
121860  -47.869  -22.700  30.365 0.0000000000
123847  -46.073  -22.451  28.296 0.0000000000
50469  -48.535  -20.919  29.561 0.0000000000
52310  -46.665  -18.970  29.614 0.0000000000
52280  -47.966  -19.751  32.636 0.0000000000
35907  -40.239  -36.605  38.494 0.0000000000
31632  -38.551  -39.655  39.572 0.0000000000
32723  -39.818  -38.165  37.547 0.0000000000
39186  -37.369  -33.185  33.053 0.0000000000
37000  -35.800  -35.497  33.582 0.0000000000
38094  -34.111  -33.880  32.099 0.0000000000
44083  -39.227  -28.290  27.402 0.0000000000
55150  -50.868  -16.624  36.331 0.0000000000
57305  -55.130  -14.313  32.920 0.0000000000
59300  -54.349  -12.620  30.437 0.0000000000
57342  -52.732  -13.838  27.784 0.0000000000
60438  -54.247  -11.245  28.118 0.0000000000
61424  -57.939  -10.301  26.152 0.0000000000
29322  -27.310  -42.008  50.162 0.0000000000
29361  -26.563  -42.646  46.607 0.0000000000
27007  -28.072  -44.397  47.117 0.0000000000
30515  -30.870  -41.689  44.272 0.0000000000
28222  -30.425  -43.202  43.991 0.0000000000
28231  -31.710  -42.814  42.705 0.0000000000
34826  -33.421  -37.563  37.827 0.0000000000
135230  -32.311  -36.636  40.422 0.0000000000
35904  -30.455  -36.463  38.288 0.0000000000
120830  -42.598  -27.889  28.544 0.0000000000
46931  -42.678  -25.711  27.973 0.0000000000
46018  -44.717  -26.038  30.318 0.0000000000
47790  -46.641  -24.552  31.389 0.0000000000
48668  -49.671  -23.542  32.695 0.0000000000
35920  -44.848  -36.527  37.603 0.0000000000
116613  -41.597  -37.108  35.767 0.0000000000
36981  -42.752  -35.122  35.295 0.0000000000
39173  -40.348  -33.288  33.749 0.0000000000
40144  -38.636  -31.951  31.808 0.0000000000
42064  -35.651  -30.253  29.788 0.0000000000
42050  -39.721  -30.819  30.226 0.0000000000
43032  -40.921  -29.240  28.988 0.0000000000
62354  -57.168  -9.442  29.255 0.0000000000
64222  -58.424  -7.275  30.117 0.0000000000
32577  -30.199  -39.407  49.635 0.0000000000
29354  -30.214  -42.919  47.874 0.0000000000
32613  -29.124  -39.630  47.117 0.0000000000
32642  -28.590  -39.533  45.054 0.0000000000
32660  -28.938  -39.490  43.429 0.0000000000
48719  -42.876  -23.029  27.506 0.0000000000
54229  -46.902  -16.913  28.572 0.0000000000
135982  -48.975  -16.386  30.106 0.0000000000
32650  -38.817  -38.681  43.977 0.0000000000
32663  -36.432  -39.762  43.302 0.0000000000
127003  -37.673  -40.613  41.415 0.0000000000
32714  -35.923  -39.428  38.432 0.0000000000
32729  -34.329  -38.663  35.991 0.0000000000
34856  -38.232  -37.639  35.273 0.0000000000
34865  -35.282  -37.673  34.200 0.0000000000
123269  -32.397  -37.565  33.971 0.0000000000
43965  -50.977  -28.417  36.752 0.0000000000
129631  -38.686  -37.192  45.844 0.0000000000
39072  -39.744  -33.536  40.854 0.0000000000
36928  -42.634  -35.200  40.243 0.0000000000
46850  -51.452  -25.608  36.027 0.0000000000
48636  -52.193  -23.438  35.668 0.0000000000
50432  -51.712  -21.304  35.110 0.0000000000
53161  -50.769  -18.574  39.204 0.0000000000
52248  -49.011  -19.587  35.671 0.0000000000
133833  -48.587  -17.809  35.750 0.0000000000
133227  -49.628  -16.544  33.561 0.0000000000
134254  -51.062  -17.322  31.543 0.0000000000
56290  -54.601  -15.359  34.467 0.0000000000
56321  -52.798  -16.089  32.700 0.0000000000
54208  -52.202  -18.131  30.433 0.0000000000
55292  -53.838  -16.934  29.220 0.0000000000
61422  -55.873  -10.347  26.593 0.0000000000
31539  -24.729  -40.222  46.510 0.0000000000
27066  -27.195  -43.824  42.357 0.0000000000
27033  -29.166  -43.999  45.759 0.0000000000
27054  -28.343  -44.074  43.321 0.0000000000
34776  -33.409  -37.218  42.239 0.0000000000
34774  -30.306  -37.374  41.973 0.0000000000
138876  -30.165  -40.336  40.991 0.0000000000
128963  -31.078  -40.885  38.794 0.0000000000
42983  -47.053  -29.891  32.845 0.0000000000
44023  -47.308  -28.520  33.146 0.0000000000
44015  -48.221  -29.129  34.138 0.0000000000
41027  -47.814  -31.787  33.935 0.0000000000
129738  -46.262  -31.958  33.028 0.0000000000
41054  -46.476  -31.233  32.599 0.0000000000
42022  -45.404  -30.849  31.992 0.0000000000
131825  -50.038  -17.092  27.866 0.0000000000
55338  -50.442  -17.033  27.113 0.0000000000
55364  -51.818  -16.686  26.654 0.0000000000
55313  -51.436  -17.820  28.124 0.0000000000
32618  -35.209  -39.603  46.484 0.0000000000
32629  -33.960  -39.626  46.019 0.0000000000
117596  -35.310  -39.678  45.395 0.0000000000
46075  -39.069  -26.109  25.641 0.0000000000
46956  -40.693  -25.500  26.692 0.0000000000
49562  -49.015  -21.634  30.952 0.0000000000
49572  -48.310  -21.639  29.698 0.0000000000
50461  -49.118  -20.950  30.900 0.0000000000
140402  -48.272  -19.951  31.144 0.0000000000
52291  -48.747  -20.071  32.015 0.0000000000
35908  -41.247  -36.754  38.370 0.0000000000
34817  -40.746  -37.389  38.095 0.0000000000
33785  -41.606  -38.112  37.343 0.0000000000
135769  -36.336  -32.680  32.340 0.0000000000
39184  -35.593  -33.453  32.744 0.0000000000
39197  -34.322  -33.045  31.852 0.0000000000
39207  -32.883  -32.778  30.753 0.0000000000
45085  -39.590  -27.650  27.164 0.0000000000
126189  -37.886  -27.305  26.415 0.0000000000
46054  -38.779  -26.738  26.060 0.0000000000
59284  -55.980  -12.471  31.968 0.0000000000
60404  -56.451  -11.835  31.586 0.0000000000
60416  -54.758  -11.864  29.990 0.0000000000
135290  -56.274  -10.750  30.124 0.0000000000
28163  -27.974  -43.240  50.131 0.0000000000
28187  -27.760  -43.689  48.488 0.0000000000
28188  -28.636  -43.903  49.119 0.0000000000
31579  -30.968  -41.063  43.067 0.0000000000
29387  -31.284  -42.263  43.313 0.0000000000
29388  -31.941  -42.390  42.796 0.0000000000
28239  -32.612  -42.972  42.230 0.0000000000
29402  -32.424  -42.060  42.072 0.0000000000
34836  -32.517  -37.286  36.651 0.0000000000
35919  -32.003  -36.675  38.078 0.0000000000
35930  -31.020  -36.429  36.896 0.0000000000
45067  -43.422  -27.831  28.953 0.0000000000
126357  -43.548  -27.027  28.906 0.0000000000
45060  -44.502  -27.742  30.126 0.0000000000
46893  -47.754  -26.000  32.755 0.0000000000
138646  -46.348  -26.099  31.720 0.0000000000
47779  -47.791  -24.884  32.401 0.0000000000
47792  -48.368  -23.866  31.994 0.0000000000
47781  -49.308  -24.219  32.913 0.0000000000
36975  -45.486  -35.748  36.622 0.0000000000
131318  -43.895  -36.179  35.745 0.0000000000
38068  -44.742  -34.831  35.740 0.0000000000
40133  -42.811  -32.032  33.176 0.0000000000
39175  -42.218  -33.082  34.138 0.0000000000
40131  -41.119  -32.170  32.714 0.0000000000
40130  -39.498  -32.499  32.710 0.0000000000
121548  -40.231  -31.632  31.770 0.0000000000
41084  -39.061  -31.292  30.772 0.0000000000
41086  -40.745  -31.082  31.263 0.0000000000
42998  -43.372  -29.512  30.204 0.0000000000
120098  -41.665  -29.785  29.887 0.0000000000
44045  -42.686  -28.978  29.261 0.0000000000
124562  -41.487  -28.767  28.755 0.0000000000
32578  -31.051  -39.146  49.200 0.0000000000
32598  -29.636  -39.793  48.101 0.0000000000
32599  -30.265  -39.315  48.123 0.0000000000
34739  -30.968  -37.875  45.173 0.0000000000
33710  -29.838  -38.171  46.130 0.0000000000
34737  -29.618  -37.920  44.760 0.0000000000
32643  -28.736  -39.482  44.296 0.0000000000
33737  -29.166  -38.177  43.617 0.0000000000
134436  -43.674  -24.715  28.854 0.0000000000
47833  -42.654  -24.700  27.836 0.0000000000
48708  -43.661  -23.723  28.263 0.0000000000
50487  -46.784  -21.350  27.572 0.0000000000
50485  -45.108  -21.698  27.317 0.0000000000
50496  -45.648  -21.011  26.940 0.0000000000
53225  -46.533  -18.456  31.124 0.0000000000
54216  -46.463  -17.672  29.890 0.0000000000
54205  -46.939  -17.167  30.405 0.0000000000
55286  -47.629  -16.684  29.995 0.0000000000
55265  -47.541  -16.789  30.888 0.0000000000
33752  -39.051  -38.557  42.631 0.0000000000
31596  -38.313  -40.027  42.274 0.0000000000
121377  -38.980  -39.471  41.738 0.0000000000
31660  -38.042  -39.187  37.362 0.0000000000
136139  -37.554  -40.040  38.537 0.0000000000
31658  -36.346  -39.357  37.436 0.0000000000
32721  -35.210  -38.731  37.252 0.0000000000
32742  -35.571  -38.804  35.872 0.0000000000
35956  -40.748  -35.929  34.966 0.0000000000
34846  -39.914  -37.192  35.401 0.0000000000
35955  -39.393  -36.331  34.842 0.0000000000
37011  -34.680  -35.636  33.007 0.0000000000
35967  -36.013  -36.879  34.106 0.0000000000
35964  -33.917  -37.062  32.901 0.0000000000
33829  -34.032  -38.098  33.787 0.0000000000
43008  -37.391  -29.899  29.005 0.0000000000
38011  -40.909  -34.046  40.224 0.0000000000
35911  -46.636  -36.378  39.027 0.0000000000
44988  -51.128  -27.162  36.285 0.0000000000
131791  -52.340  -23.479  37.031 0.0000000000
49508  -52.648  -21.859  36.954 0.0000000000
49530  -51.994  -21.900  35.069 0.0000000000
122182  -52.295  -21.191  36.582 0.0000000000
53160  -50.091  -18.318  38.741 0.0000000000
52224  -50.304  -19.268  37.625 0.0000000000
128636  -49.224  -18.443  37.471 0.0000000000
52235  -48.596  -19.002  36.133 0.0000000000
54155  -49.015  -17.872  37.179 0.0000000000
125996  -52.241  -16.543  34.855 0.0000000000
54173  -50.065  -16.674  34.979 0.0000000000
55177  -51.202  -16.621  34.280 0.0000000000
55217  -51.059  -16.837  32.717 0.0000000000
55218  -51.877  -17.050  32.623 0.0000000000
57279  -55.367  -14.306  34.336 0.0000000000
57315  -53.636  -14.282  31.570 0.0000000000
57304  -54.076  -14.719  32.583 0.0000000000
56354  -52.458  -16.088  31.201 0.0000000000
55244  -52.350  -16.793  31.815 0.0000000000
125791  -52.599  -16.407  30.353 0.0000000000
55290  -52.704  -17.672  30.019 0.0000000000
56391  -52.541  -15.401  29.743 0.0000000000
58295  -52.997  -13.296  27.161 0.0000000000
57332  -53.663  -15.158  28.336 0.0000000000
57345  -55.176  -14.877  27.780 0.0000000000
62364  -57.553  -8.805  28.719 0.0000000000
122259  -55.941  -10.036  27.992 0.0000000000
62370  -56.896  -9.180  27.080 0.0000000000
28216  -26.935  -43.559  45.483 0.0000000000
29369  -25.873  -42.209  45.119 0.0000000000
122644  -26.654  -43.403  44.242 0.0000000000
28238  -26.768  -43.506  42.868 0.0000000000
27052  -27.301  -44.062  43.031 0.0000000000
29362  -30.161  -42.718  46.909 0.0000000000
131679  -29.620  -44.001  46.645 0.0000000000
27034  -29.932  -43.496  45.816 0.0000000000
139138  -29.842  -43.549  44.068 0.0000000000
27086  -31.317  -44.935  41.129 0.0000000000
33751  -35.453  -38.552  42.119 0.0000000000
33750  -34.758  -38.079  42.457 0.0000000000
121439  -34.240  -37.545  41.871 0.0000000000
127172  -30.712  -36.583  39.954 0.0000000000
35873  -30.893  -36.765  40.765 0.0000000000
34796  -29.627  -37.715  40.694 0.0000000000
33758  -29.225  -38.814  41.449 0.0000000000
129151  -29.425  -39.121  40.091 0.0000000000
30552  -31.707  -41.283  39.221 0.0000000000
135130  -45.308  -28.972  31.178 0.0000000000
126459  -45.298  -28.111  31.203 0.0000000000
44030  -46.345  -28.562  32.093 0.0000000000
45044  -47.294  -27.534  32.994 0.0000000000
45979  -48.395  -26.660  33.544 0.0000000000
123542  -46.940  -33.945  35.116 0.0000000000
39163  -44.742  -33.455  34.971 0.0000000000
137836  -45.771  -32.803  34.160 0.0000000000
40115  -44.662  -32.258  33.516 0.0000000000
120993  -43.591  -31.498  32.598 0.0000000000
120716  -42.276  -30.957  31.831 0.0000000000
42034  -43.742  -30.465  31.536 0.0000000000
42055  -44.431  -29.993  31.147 0.0000000000
54242  -53.307  -17.040  27.887 0.0000000000
32602  -33.197  -39.470  47.511 0.0000000000
32614  -31.600  -39.126  47.422 0.0000000000
32616  -33.578  -39.617  46.842 0.0000000000
33712  -32.375  -38.550  45.706 0.0000000000
34751  -32.310  -37.775  44.305 0.0000000000
48687  -46.567  -23.346  30.535 0.0000000000
48710  -45.195  -22.837  28.586 0.0000000000
134997  -46.761  -22.521  29.373 0.0000000000
49582  -47.561  -21.616  28.617 0.0000000000
51401  -47.692  -20.339  28.395 0.0000000000
52320  -47.290  -19.750  28.502 0.0000000000
52312  -48.000  -19.928  29.798 0.0000000000
52288  -46.929  -19.110  31.034 0.0000000000
53216  -46.909  -18.450  32.602 0.0000000000
34807  -39.539  -36.613  39.480 0.0000000000
32700  -39.111  -38.953  40.864 0.0000000000
33772  -39.402  -38.061  39.365 0.0000000000
32715  -38.992  -38.247  38.065 0.0000000000
32735  -39.028  -38.601  36.995 0.0000000000
38072  -38.340  -34.581  34.077 0.0000000000
36987  -38.347  -35.296  34.397 0.0000000000
38084  -36.551  -34.420  33.670 0.0000000000
38096  -35.278  -34.272  32.932 0.0000000000
37010  -33.931  -34.808  32.260 0.0000000000
37025  -32.309  -35.717  31.318 0.0000000000
38105  -32.587  -34.666  31.108 0.0000000000
43048  -38.173  -28.958  27.825 0.0000000000
44081  -37.602  -28.277  27.356 0.0000000000
55120  -51.533  -16.466  39.113 0.0000000000
55136  -50.571  -16.793  37.401 0.0000000000
120257  -52.884  -16.313  37.270 0.0000000000
122142  -53.045  -16.416  36.304 0.0000000000
55165  -53.729  -16.133  35.899 0.0000000000
59250  -56.263  -12.515  33.444 0.0000000000
58238  -55.754  -13.993  33.514 0.0000000000
130912  -55.802  -13.582  32.897 0.0000000000
58249  -54.769  -13.627  32.041 0.0000000000
57321  -53.001  -14.028  30.394 0.0000000000
57326  -52.560  -14.580  29.131 0.0000000000
58276  -52.896  -13.068  28.928 0.0000000000
59331  -53.175  -12.467  28.338 0.0000000000
60457  -53.665  -11.708  26.852 0.0000000000
133868  -58.331  -7.713  26.983 0.0000000000
135084  -57.489  -8.774  26.881 0.0000000000
119332  -57.884  -8.757  26.396 0.0000000000
30469  -26.357  -40.825  50.032 0.0000000000
30478  -25.902  -41.148  48.286 0.0000000000
29343  -26.807  -42.429  48.434 0.0000000000
28197  -27.037  -43.292  47.107 0.0000000000
27019  -27.913  -44.426  46.154 0.0000000000
30507  -30.477  -41.562  45.147 0.0000000000
29371  -30.716  -42.537  44.977 0.0000000000
29380  -30.943  -42.330  44.132 0.0000000000
28230  -31.042  -42.805  43.172 0.0000000000
27057  -31.700  -43.398  42.386 0.0000000000
27070  -31.590  -44.226  41.825 0.0000000000
127964  -32.679  -43.560  42.102 0.0000000000
33770  -34.251  -37.773  38.996 0.0000000000
34799  -33.716  -37.151  40.414 0.0000000000
34805  -32.951  -36.862  39.203 0.0000000000
35895  -31.408  -36.450  39.454 0.0000000000
35893  -29.793  -36.808  38.771 0.0000000000
45087  -41.261  -27.382  27.687 0.0000000000
46057  -41.007  -26.165  27.078 0.0000000000
46032  -42.836  -26.498  28.213 0.0000000000
46932  -43.289  -25.950  28.522 0.0000000000
46919  -44.878  -25.103  30.252 0.0000000000
46019  -45.150  -26.542  30.825 0.0000000000
46907  -45.804  -25.476  31.095 0.0000000000
47805  -45.548  -24.483  30.509 0.0000000000
48677  -46.930  -23.801  31.164 0.0000000000
48679  -48.814  -23.135  31.567 0.0000000000
49553  -49.956  -21.769  32.066 0.0000000000
121847  -43.822  -37.062  37.737 0.0000000000
33787  -43.005  -37.884  37.037 0.0000000000
35931  -43.587  -37.353  36.664 0.0000000000
35944  -42.356  -36.645  35.637 0.0000000000
36990  -41.393  -35.410  34.988 0.0000000000
38076  -42.880  -33.816  34.825 0.0000000000
39161  -41.580  -33.619  34.367 0.0000000000
38087  -39.813  -34.034  34.092 0.0000000000
125955  -38.630  -33.530  33.485 0.0000000000
40128  -38.026  -32.464  32.381 0.0000000000
41064  -36.209  -31.827  31.310 0.0000000000
41081  -35.869  -31.423  30.860 0.0000000000
41083  -37.594  -31.291  30.694 0.0000000000
42048  -38.026  -30.802  30.048 0.0000000000
135912  -38.914  -30.025  28.948 0.0000000000
42052  -41.310  -30.598  30.869 0.0000000000
42069  -40.379  -30.373  29.777 0.0000000000
43010  -39.540  -29.755  28.719 0.0000000000
44062  -40.122  -28.633  28.126 0.0000000000
44085  -40.716  -28.064  27.922 0.0000000000
119264  -57.279  -10.408  30.777 0.0000000000
139036  -57.876  -9.100  31.256 0.0000000000
63273  -58.293  -8.331  30.196 0.0000000000
63280  -58.507  -7.657  29.112 0.0000000000
64238  -58.763  -6.973  28.456 0.0000000000
64245  -58.659  -7.128  27.368 0.0000000000
31515  -29.460  -40.770  49.932 0.0000000000
28175  -29.524  -42.969  49.211 0.0000000000
138704  -29.582  -41.066  48.885 0.0000000000
122491  -29.455  -41.153  48.205 0.0000000000
135635  -29.513  -40.987  46.741 0.0000000000
33694  -29.671  -38.611  46.919 0.0000000000
32612  -28.861  -39.237  46.529 0.0000000000
31553  -29.129  -40.527  46.220 0.0000000000
31565  -29.069  -40.158  44.772 0.0000000000
31578  -30.177  -40.668  43.446 0.0000000000
31592  -30.299  -40.551  42.590 0.0000000000
47832  -41.816  -24.714  27.355 0.0000000000
135751  -42.154  -23.743  27.388 0.0000000000
49591  -44.504  -22.507  27.767 0.0000000000
122460  -48.799  -16.438  28.869 0.0000000000
55288  -49.495  -16.627  29.674 0.0000000000
32648  -37.655  -39.297  44.786 0.0000000000
31556  -36.581  -39.652  44.714 0.0000000000
31581  -37.485  -39.783  43.443 0.0000000000
32678  -36.635  -39.882  42.265 0.0000000000
32697  -35.913  -39.254  40.722 0.0000000000
119069  -38.354  -40.526  40.283 0.0000000000
31630  -36.525  -40.095  39.457 0.0000000000
32705  -35.484  -38.779  38.904 0.0000000000
33776  -34.814  -38.221  38.481 0.0000000000
33782  -33.942  -38.093  37.326 0.0000000000
33794  -33.037  -37.912  36.155 0.0000000000
33810  -40.751  -38.027  36.457 0.0000000000
33808  -39.504  -38.342  36.302 0.0000000000
33806  -37.438  -38.435  35.873 0.0000000000
35953  -37.551  -36.546  34.609 0.0000000000
116851  -36.974  -37.875  34.885 0.0000000000
127302  -35.899  -38.539  35.101 0.0000000000
33818  -34.638  -38.494  34.952 0.0000000000
122441  -33.605  -38.228  34.939 0.0000000000
42045  -34.351  -30.552  29.858 0.0000000000
41991  -48.985  -30.999  35.168 0.0000000000
135634  -49.378  -29.447  35.217 0.0000000000
31494  -26.630  -40.470  51.156 0.0000000000
32566  -29.336  -39.612  50.840 0.0000000000
32567  -30.043  -39.152  50.373 0.0000000000
124115  -31.584  -38.514  49.601 0.0000000000
33682  -34.287  -39.164  47.490 0.0000000000
33683  -35.141  -39.019  47.172 0.0000000000
33699  -36.684  -38.777  46.420 0.0000000000
33714  -37.887  -39.007  45.737 0.0000000000
33716  -39.202  -38.313  44.869 0.0000000000
33730  -39.510  -37.983  44.029 0.0000000000
34777  -39.341  -37.091  42.431 0.0000000000
36893  -39.658  -34.464  42.356 0.0000000000
36906  -39.355  -35.551  41.047 0.0000000000
38032  -39.874  -34.700  39.633 0.0000000000
36947  -41.130  -35.386  39.134 0.0000000000
139779  -42.692  -36.185  39.077 0.0000000000
34810  -43.982  -36.638  38.779 0.0000000000
34829  -45.031  -36.580  38.294 0.0000000000
35934  -46.128  -36.092  37.751 0.0000000000
41013  -48.800  -31.849  35.050 0.0000000000
43995  -49.462  -28.534  35.062 0.0000000000
119184  -49.436  -26.964  34.574 0.0000000000
46862  -49.727  -25.625  34.281 0.0000000000
46835  -51.934  -24.897  37.095 0.0000000000
46863  -51.423  -25.053  35.340 0.0000000000
47752  -50.937  -24.650  34.462 0.0000000000
48659  -50.768  -23.430  33.478 0.0000000000
49539  -51.380  -22.043  33.690 0.0000000000
50438  -50.971  -21.120  33.067 0.0000000000
52238  -51.427  -19.855  37.035 0.0000000000
52261  -50.825  -20.105  35.236 0.0000000000
52272  -49.842  -20.221  34.079 0.0000000000
52258  -48.048  -19.431  34.467 0.0000000000
52257  -47.542  -18.863  33.979 0.0000000000
53199  -47.560  -17.951  34.055 0.0000000000
54164  -49.949  -16.822  35.865 0.0000000000
141227  -49.195  -16.947  34.734 0.0000000000
55215  -48.228  -16.684  32.554 0.0000000000
55216  -49.293  -16.487  32.285 0.0000000000
55243  -50.352  -16.916  31.125 0.0000000000
54218  -51.303  -17.953  30.180 0.0000000000
56276  -54.023  -15.626  35.185 0.0000000000
56289  -53.848  -15.667  34.596 0.0000000000
57290  -55.350  -14.729  33.670 0.0000000000
56306  -53.901  -15.569  34.029 0.0000000000
118208  -52.702  -16.429  33.418 0.0000000000
55219  -52.289  -16.794  32.536 0.0000000000
54207  -51.875  -18.204  30.787 0.0000000000
54219  -51.934  -18.406  29.967 0.0000000000
54232  -52.540  -18.039  28.851 0.0000000000
55339  -53.094  -17.610  28.790 0.0000000000
55315  -54.417  -17.028  28.962 0.0000000000
57331  -52.793  -14.644  28.425 0.0000000000
56393  -54.120  -16.057  28.999 0.0000000000
55316  -55.230  -16.632  28.788 0.0000000000
61392  -55.909  -10.379  29.042 0.0000000000
61409  -54.532  -10.779  27.182 0.0000000000
59361  -54.770  -12.004  26.167 0.0000000000
62369  -56.623  -9.693  26.724 0.0000000000
60459  -56.396  -11.032  26.370 0.0000000000
58310  -55.426  -12.860  26.402 0.0000000000
30497  -25.612  -41.381  46.557 0.0000000000
27009  -29.459  -44.315  47.907 0.0000000000
27020  -28.550  -44.527  46.735 0.0000000000
27032  -28.095  -44.427  45.047 0.0000000000
27044  -29.641  -43.615  44.813 0.0000000000
27042  -28.234  -44.176  44.234 0.0000000000
118417  -27.977  -44.270  43.565 0.0000000000
132880  -28.046  -44.364  42.690 0.0000000000
32661  -34.971  -39.008  43.901 0.0000000000
33738  -33.697  -38.005  43.620 0.0000000000
34763  -32.349  -37.436  43.431 0.0000000000
34787  -32.673  -36.961  41.711 0.0000000000
126526  -31.759  -37.025  42.044 0.0000000000
34761  -30.475  -37.363  42.784 0.0000000000
33748  -29.189  -38.615  42.237 0.0000000000
31603  -29.604  -40.123  42.108 0.0000000000
31604  -30.437  -40.488  41.638 0.0000000000
34823  -29.194  -37.309  37.470 0.0000000000
33774  -29.176  -38.386  38.749 0.0000000000
32703  -29.415  -39.148  39.160 0.0000000000
31628  -30.496  -40.270  39.889 0.0000000000
138499  -30.921  -40.586  40.669 0.0000000000
30536  -31.815  -41.177  41.099 0.0000000000
42977  -47.603  -29.393  33.481 0.0000000000
42978  -48.078  -30.009  34.038 0.0000000000
41043  -47.991  -30.911  33.938 0.0000000000
41042  -47.447  -31.319  33.371 0.0000000000
41055  -47.058  -30.851  32.867 0.0000000000
134786  -50.797  -17.480  27.762 0.0000000000
135469  -51.404  -17.377  27.361 0.0000000000
32619  -36.162  -39.524  46.108 0.0000000000
32631  -35.696  -39.723  45.818 0.0000000000
46055  -39.618  -26.490  26.262 0.0000000000
122828  -40.110  -25.885  26.275 0.0000000000
50453  -49.500  -21.328  31.509 0.0000000000
124770  -49.396  -20.822  31.517 0.0000000000
51374  -48.854  -20.371  31.192 0.0000000000
122083  -49.363  -20.469  31.953 0.0000000000
35909  -42.458  -36.810  38.545 0.0000000000
117394  -41.827  -37.382  38.159 0.0000000000
40141  -35.735  -32.402  31.903 0.0000000000
40125  -35.141  -32.907  32.274 0.0000000000
45108  -40.014  -27.026  26.873 0.0000000000
45107  -39.226  -27.212  26.587 0.0000000000
60405  -57.147  -11.329  32.152 0.0000000000
60417  -55.828  -11.494  30.538 0.0000000000
29324  -28.374  -42.837  50.271 0.0000000000
28173  -28.508  -43.481  49.824 0.0000000000
137021  -28.989  -43.152  49.856 0.0000000000
30523  -31.357  -41.808  43.350 0.0000000000
30524  -32.028  -41.947  42.684 0.0000000000
34824  -31.858  -36.769  37.206 0.0000000000
44047  -44.017  -28.234  29.534 0.0000000000
46876  -48.473  -25.947  33.245 0.0000000000
134817  -47.546  -25.439  32.428 0.0000000000
46894  -48.151  -25.296  32.785 0.0000000000
47780  -48.471  -24.479  32.542 0.0000000000
36984  -46.083  -35.256  36.409 0.0000000000
36983  -45.487  -35.073  36.040 0.0000000000
40132  -41.920  -31.999  32.969 0.0000000000
40146  -40.248  -32.241  32.554 0.0000000000
41068  -40.843  -31.822  32.194 0.0000000000
118670  -40.995  -31.452  31.773 0.0000000000
43013  -43.830  -28.986  29.791 0.0000000000
134469  -43.189  -29.176  29.634 0.0000000000
44046  -43.376  -28.647  29.293 0.0000000000
32589  -31.611  -39.219  48.514 0.0000000000
137125  -30.837  -39.271  48.591 0.0000000000
32600  -31.179  -39.267  48.081 0.0000000000
34738  -30.069  -37.909  45.319 0.0000000000
34749  -30.380  -37.707  44.576 0.0000000000
33724  -29.023  -38.255  44.434 0.0000000000
34748  -29.717  -37.729  44.078 0.0000000000
139050  -44.427  -24.084  29.336 0.0000000000
47822  -43.993  -24.040  28.859 0.0000000000
48696  -44.657  -23.546  29.130 0.0000000000
132619  -46.489  -20.800  27.223 0.0000000000
53215  -46.530  -17.820  31.509 0.0000000000
54204  -46.503  -17.740  30.776 0.0000000000
54196  -46.889  -17.294  31.303 0.0000000000
55214  -47.574  -16.842  31.828 0.0000000000
117869  -39.210  -37.979  42.577 0.0000000000
32680  -39.246  -39.040  42.045 0.0000000000
120544  -39.353  -38.626  41.931 0.0000000000
129086  -37.299  -39.275  37.147 0.0000000000
31651  -37.365  -39.623  37.676 0.0000000000
121949  -36.445  -39.064  36.972 0.0000000000
32731  -35.969  -38.884  36.669 0.0000000000
116835  -36.251  -38.788  36.274 0.0000000000
36988  -39.942  -35.573  34.643 0.0000000000
35941  -40.158  -36.353  34.996 0.0000000000
118641  -39.060  -35.643  34.549 0.0000000000
35978  -34.105  -36.202  32.674 0.0000000000
35965  -34.704  -36.490  33.300 0.0000000000
43027  -36.728  -29.421  28.711 0.0000000000
55097  -50.523  -17.240  39.390 0.0000000000
137639  -49.852  -17.803  38.577 0.0000000000
53173  -49.699  -18.552  38.039 0.0000000000
54146  -49.382  -18.022  37.838 0.0000000000
55195  -51.649  -16.800  33.341 0.0000000000
59249  -55.112  -12.633  34.066 0.0000000000
132068  -54.997  -13.924  34.661 0.0000000000
57314  -52.655  -14.927  30.882 0.0000000000
127586  -52.475  -15.431  30.358 0.0000000000
58308  -53.585  -12.868  26.680 0.0000000000
58296  -53.793  -13.629  26.916 0.0000000000
58297  -54.945  -13.929  26.920 0.0000000000
62363  -56.748  -9.330  28.002 0.0000000000
62371  -57.418  -8.698  27.611 0.0000000000
31521  -25.535  -40.477  48.678 0.0000000000
134960  -26.923  -43.702  44.840 0.0000000000
28228  -26.915  -43.777  43.602 0.0000000000
27053  -27.535  -44.095  43.655 0.0000000000
30499  -29.905  -41.787  46.799 0.0000000000
28209  -30.087  -43.474  46.740 0.0000000000
118222  -30.407  -42.912  45.888 0.0000000000
27085  -30.157  -44.495  40.985 0.0000000000
134566  -35.491  -38.659  41.210 0.0000000000
33760  -34.955  -38.068  41.533 0.0000000000
33759  -34.456  -37.644  40.835 0.0000000000
128375  -29.565  -37.575  39.950 0.0000000000
34797  -30.134  -37.046  40.374 0.0000000000
137870  -29.355  -38.248  40.227 0.0000000000
42992  -45.631  -29.532  31.433 0.0000000000
134944  -45.813  -28.710  31.615 0.0000000000
44022  -46.744  -28.061  32.541 0.0000000000
45030  -47.834  -27.079  33.356 0.0000000000
45031  -48.401  -27.361  33.788 0.0000000000
39166  -47.070  -33.516  34.600 0.0000000000
40101  -46.419  -33.168  34.307 0.0000000000
41041  -45.335  -31.864  32.976 0.0000000000
41040  -44.500  -31.733  32.865 0.0000000000
41052  -44.532  -31.168  32.279 0.0000000000
41071  -43.915  -30.934  32.029 0.0000000000
42036  -46.046  -30.214  31.795 0.0000000000
42035  -45.251  -30.154  31.419 0.0000000000
42991  -44.962  -29.509  31.041 0.0000000000
55362  -50.126  -16.437  26.439 0.0000000000
32603  -33.961  -39.582  47.220 0.0000000000
33713  -33.193  -38.894  45.420 0.0000000000
33725  -32.617  -38.239  45.002 0.0000000000
33726  -33.308  -38.281  44.512 0.0000000000
46955  -40.069  -25.120  25.919 0.0000000000
49560  -47.114  -22.647  30.084 0.0000000000
48698  -46.216  -22.931  29.870 0.0000000000
50468  -48.159  -21.290  28.984 0.0000000000
50478  -47.779  -20.989  28.392 0.0000000000
50479  -48.193  -20.635  28.955 0.0000000000
52311  -47.898  -19.991  29.078 0.0000000000
51394  -48.396  -20.361  29.624 0.0000000000
52290  -48.115  -19.832  31.758 0.0000000000
52289  -47.591  -19.530  31.270 0.0000000000
52279  -47.384  -19.288  32.232 0.0000000000
53226  -46.849  -18.845  31.748 0.0000000000
35897  -39.713  -36.142  38.876 0.0000000000
34800  -39.527  -37.579  39.630 0.0000000000
34808  -39.863  -37.216  38.615 0.0000000000
121190  -40.730  -37.773  37.752 0.0000000000
122920  -39.839  -37.705  37.973 0.0000000000
31662  -39.233  -38.355  37.522 0.0000000000
32736  -39.664  -38.502  36.942 0.0000000000
39171  -37.846  -33.643  33.467 0.0000000000
38085  -37.674  -34.247  33.851 0.0000000000
39170  -36.972  -33.813  33.576 0.0000000000
39183  -34.821  -33.594  32.449 0.0000000000
38095  -34.553  -34.265  32.528 0.0000000000
120080  -34.645  -34.908  32.776 0.0000000000
38106  -33.427  -34.279  31.640 0.0000000000
44082  -38.498  -28.378  27.322 0.0000000000
55121  -52.725  -16.029  39.014 0.0000000000
55138  -52.743  -16.203  38.246 0.0000000000
56256  -53.932  -15.722  37.071 0.0000000000
55152  -53.625  -16.160  36.795 0.0000000000
55153  -54.005  -15.958  36.595 0.0000000000
61359  -56.622  -11.320  33.241 0.0000000000
59251  -56.643  -11.890  33.278 0.0000000000
119468  -56.051  -13.284  33.383 0.0000000000
59270  -56.311  -12.737  32.911 0.0000000000
59283  -55.009  -12.886  31.416 0.0000000000
58263  -53.970  -13.396  30.950 0.0000000000
59299  -53.337  -13.176  29.914 0.0000000000
60429  -54.304  -11.660  29.089 0.0000000000
59332  -53.721  -11.869  28.504 0.0000000000
60437  -53.444  -11.887  27.570 0.0000000000
63299  -58.181  -8.165  26.409 0.0000000000
121545  -26.853  -41.237  50.331 0.0000000000
30479  -26.477  -41.687  48.803 0.0000000000
29333  -26.989  -42.336  49.409 0.0000000000
28186  -27.160  -43.178  48.021 0.0000000000
28198  -27.607  -43.839  47.563 0.0000000000
28208  -27.478  -43.982  46.689 0.0000000000
29379  -30.889  -42.079  44.765 0.0000000000
30516  -31.083  -42.048  44.019 0.0000000000
136556  -31.066  -42.505  43.426 0.0000000000
34806  -33.688  -37.249  39.529 0.0000000000
34816  -33.587  -37.389  38.666 0.0000000000
35918  -31.168  -36.420  37.758 0.0000000000
35905  -31.291  -36.408  38.619 0.0000000000
35894  -30.563  -36.485  39.135 0.0000000000
45088  -42.195  -27.131  28.072 0.0000000000
46024  -44.310  -26.409  29.783 0.0000000000
46023  -43.770  -26.313  29.158 0.0000000000
46925  -44.246  -25.647  29.708 0.0000000000
45054  -45.551  -27.093  31.358 0.0000000000
46908  -46.384  -25.452  31.540 0.0000000000
47789  -46.009  -24.860  31.039 0.0000000000
47806  -46.229  -24.103  30.830 0.0000000000
126152  -47.256  -24.258  31.612 0.0000000000
48667  -49.067  -23.698  32.298 0.0000000000
49547  -49.703  -22.801  32.186 0.0000000000
128891  -49.341  -22.164  31.533 0.0000000000
34828  -44.272  -36.862  37.734 0.0000000000
34839  -43.677  -37.367  37.247 0.0000000000
35932  -44.254  -37.026  37.009 0.0000000000
36982  -43.528  -35.308  35.510 0.0000000000
119887  -43.042  -36.051  35.499 0.0000000000
36980  -42.177  -35.722  35.272 0.0000000000
36991  -42.028  -34.873  35.022 0.0000000000
40100  -44.164  -33.186  34.550 0.0000000000
38077  -43.839  -33.781  35.037 0.0000000000
39162  -43.427  -33.235  34.453 0.0000000000
39174  -41.546  -32.963  33.904 0.0000000000
136054  -41.021  -33.315  34.033 0.0000000000
38088  -40.695  -33.890  34.284 0.0000000000
39172  -39.443  -33.449  33.607 0.0000000000
40129  -38.820  -32.482  32.519 0.0000000000
40143  -37.636  -32.001  31.732 0.0000000000
40142  -36.673  -32.243  31.812 0.0000000000
41065  -37.058  -31.693  31.264 0.0000000000
134766  -37.640  -31.621  31.208 0.0000000000
42049  -38.871  -30.795  30.070 0.0000000000
131735  -38.373  -31.171  30.513 0.0000000000
42067  -38.528  -30.378  29.483 0.0000000000
42068  -39.484  -30.345  29.422 0.0000000000
42033  -42.891  -30.415  31.416 0.0000000000
42032  -42.089  -30.490  31.168 0.0000000000
42071  -41.899  -30.100  30.464 0.0000000000
43012  -41.008  -29.779  29.564 0.0000000000
43011  -40.270  -29.855  29.121 0.0000000000
43031  -40.210  -29.263  28.571 0.0000000000
43030  -39.521  -29.145  28.209 0.0000000000
45074  -41.645  -28.086  28.276 0.0000000000
63265  -58.219  -8.110  30.582 0.0000000000
120165  -58.507  -7.485  29.922 0.0000000000
128149  -58.715  -7.049  29.106 0.0000000000
64239  -58.983  -6.388  28.846 0.0000000000
64246  -59.087  -6.457  28.029 0.0000000000
136684  -29.600  -40.591  49.353 0.0000000000
30471  -29.554  -41.441  49.449 0.0000000000
31531  -29.378  -40.407  47.708 0.0000000000
30488  -29.457  -41.093  47.423 0.0000000000
31542  -29.155  -40.347  46.947 0.0000000000
33680  -30.458  -38.893  47.526 0.0000000000
32628  -28.665  -39.213  45.747 0.0000000000
33693  -29.091  -38.716  46.312 0.0000000000
31552  -28.755  -40.032  45.617 0.0000000000
31554  -29.574  -40.777  45.398 0.0000000000
31577  -29.371  -40.133  43.872 0.0000000000
31591  -29.482  -40.124  42.972 0.0000000000
46942  -42.072  -25.904  27.629 0.0000000000
46941  -41.507  -25.575  27.275 0.0000000000
123906  -42.153  -25.332  27.620 0.0000000000
47834  -43.074  -23.796  27.868 0.0000000000
49592  -45.615  -22.249  27.811 0.0000000000
50484  -44.108  -21.756  27.122 0.0000000000
133032  -47.180  -19.505  29.111 0.0000000000
52319  -46.654  -19.033  28.812 0.0000000000
54228  -46.465  -17.600  28.962 0.0000000000
125900  -47.419  -16.559  28.008 0.0000000000
55266  -48.412  -16.479  30.510 0.0000000000
55287  -48.478  -16.429  29.687 0.0000000000
32649  -38.328  -39.025  44.369 0.0000000000
31567  -37.223  -39.544  44.327 0.0000000000
31568  -37.848  -39.362  43.923 0.0000000000
31607  -38.078  -40.503  41.899 0.0000000000
31595  -37.802  -40.147  42.631 0.0000000000
132008  -37.023  -40.283  41.616 0.0000000000
32689  -36.501  -39.864  41.265 0.0000000000
31619  -37.113  -40.393  40.912 0.0000000000
121312  -38.766  -39.631  40.242 0.0000000000
32699  -38.878  -39.471  40.828 0.0000000000
31640  -36.723  -40.066  38.636 0.0000000000
120350  -37.483  -40.322  39.391 0.0000000000
31639  -36.171  -39.917  38.710 0.0000000000
32706  -35.915  -39.504  39.208 0.0000000000
32713  -35.368  -38.738  38.061 0.0000000000
32730  -35.118  -38.847  36.402 0.0000000000
32720  -34.482  -38.536  36.805 0.0000000000
33795  -33.786  -38.237  36.489 0.0000000000
33804  -33.664  -38.295  35.670 0.0000000000
34838  -42.320  -37.897  36.730 0.0000000000
34837  -41.575  -37.695  36.358 0.0000000000
34857  -38.873  -37.045  35.096 0.0000000000
118905  -40.092  -38.030  35.960 0.0000000000
34845  -39.132  -37.940  35.687 0.0000000000
121807  -38.847  -38.427  36.116 0.0000000000
33807  -38.236  -38.257  35.806 0.0000000000
37001  -36.695  -35.221  33.926 0.0000000000
136608  -37.556  -35.687  34.396 0.0000000000
35952  -36.822  -36.209  34.228 0.0000000000
34853  -36.144  -37.920  34.698 0.0000000000
33820  -36.671  -38.393  35.326 0.0000000000
33819  -35.327  -38.308  34.777 0.0000000000
32754  -35.309  -38.638  35.225 0.0000000000
139859  -34.933  -38.449  34.874 0.0000000000
34862  -32.961  -37.768  33.475 0.0000000000
33817  -33.965  -38.320  34.406 0.0000000000
33816  -33.073  -38.031  34.302 0.0000000000
34852  -32.316  -37.492  34.800 0.0000000000
134349  -36.016  -30.804  30.301 0.0000000000
42046  -35.029  -30.666  30.148 0.0000000000
31482  -26.257  -39.815  51.588 0.0000000000
33645  -30.488  -38.342  50.604 0.0000000000
33670  -33.991  -38.587  48.120 0.0000000000
34734  -38.208  -38.189  45.942 0.0000000000
33715  -38.558  -38.649  45.312 0.0000000000
34741  -38.974  -37.928  45.414 0.0000000000
34765  -39.502  -37.386  43.498 0.0000000000
35850  -39.888  -36.399  43.100 0.0000000000
37977  -39.520  -33.908  41.637 0.0000000000
36892  -39.410  -34.909  41.809 0.0000000000
37995  -39.419  -34.427  40.874 0.0000000000
36926  -39.422  -35.121  39.990 0.0000000000
38009  -39.645  -34.224  40.224 0.0000000000
36927  -41.576  -34.865  39.825 0.0000000000
118503  -42.217  -35.643  39.467 0.0000000000
36948  -43.350  -35.912  39.794 0.0000000000
35888  -44.186  -36.378  39.571 0.0000000000
34811  -44.806  -36.594  39.279 0.0000000000
34820  -44.400  -36.705  38.401 0.0000000000
34821  -45.348  -36.608  38.961 0.0000000000
35922  -46.380  -36.201  38.365 0.0000000000
36969  -46.803  -35.840  37.801 0.0000000000
36976  -46.333  -35.730  37.043 0.0000000000
127767  -50.002  -28.846  35.648 0.0000000000
45936  -51.266  -26.332  36.181 0.0000000000
44997  -50.071  -27.233  35.131 0.0000000000
45952  -50.751  -26.780  35.521 0.0000000000
45951  -50.068  -26.300  34.842 0.0000000000
46849  -50.936  -25.944  35.383 0.0000000000
48625  -52.411  -23.108  36.453 0.0000000000
47726  -52.204  -24.069  36.576 0.0000000000
47753  -51.627  -24.102  35.015 0.0000000000
47767  -50.497  -24.255  33.777 0.0000000000
48649  -51.781  -23.182  34.749 0.0000000000
49529  -51.745  -22.329  34.508 0.0000000000
50431  -51.524  -21.543  34.345 0.0000000000
134151  -51.204  -21.444  33.543 0.0000000000
51352  -51.143  -21.016  33.844 0.0000000000
52226  -52.134  -19.888  37.850 0.0000000000
52225  -51.191  -19.425  37.931 0.0000000000
52249  -50.031  -19.776  35.869 0.0000000000
52237  -50.212  -19.594  36.764 0.0000000000
52260  -49.849  -20.044  35.027 0.0000000000
52271  -48.770  -20.017  33.874 0.0000000000
52259  -48.869  -19.829  34.794 0.0000000000
53190  -48.338  -18.458  35.570 0.0000000000
53200  -47.906  -18.585  34.761 0.0000000000
54171  -48.299  -17.660  34.878 0.0000000000
54156  -49.725  -17.048  36.847 0.0000000000
55176  -49.880  -16.587  34.207 0.0000000000
54181  -48.748  -16.893  34.071 0.0000000000
55193  -48.946  -16.621  33.141 0.0000000000
54188  -51.429  -17.233  32.071 0.0000000000
116772  -50.422  -16.732  31.992 0.0000000000
55268  -50.406  -17.126  30.318 0.0000000000
54206  -51.205  -17.673  30.931 0.0000000000
137584  -55.038  -15.043  34.594 0.0000000000
120734  -54.471  -15.259  35.151 0.0000000000
139466  -53.144  -15.645  32.705 0.0000000000
56322  -53.699  -15.438  33.186 0.0000000000
55220  -53.183  -16.012  33.501 0.0000000000
134557  -52.715  -16.358  33.098 0.0000000000
55269  -52.417  -17.375  30.878 0.0000000000
54198  -52.087  -17.665  31.398 0.0000000000
54231  -51.881  -18.217  28.952 0.0000000000
54220  -52.372  -18.175  29.588 0.0000000000
55291  -53.113  -17.384  29.395 0.0000000000
54221  -52.859  -17.782  29.265 0.0000000000
55314  -53.504  -17.367  29.060 0.0000000000
58286  -52.628  -13.744  28.452 0.0000000000
57333  -54.793  -15.543  28.437 0.0000000000
56371  -54.887  -16.729  28.829 0.0000000000
61394  -57.566  -9.650  30.336 0.0000000000
61393  -56.805  -10.114  29.728 0.0000000000
61410  -55.356  -10.330  27.172 0.0000000000
61421  -54.990  -10.734  26.650 0.0000000000
62379  -57.453  -9.393  26.453 0.0000000000
59362  -55.880  -11.882  26.205 0.0000000000
29352  -26.092  -41.968  47.011 0.0000000000
30487  -25.739  -41.275  47.410 0.0000000000
29377  -26.098  -42.662  44.260 0.0000000000
29393  -25.722  -42.322  42.873 0.0000000000
131712  -26.681  -43.304  42.205 0.0000000000
28246  -26.908  -43.516  41.607 0.0000000000
27083  -27.637  -44.183  41.794 0.0000000000
29345  -29.994  -42.950  48.510 0.0000000000
28189  -29.628  -43.514  48.560 0.0000000000
28199  -30.141  -43.603  48.025 0.0000000000
136835  -29.011  -44.388  46.442 0.0000000000
129194  -28.392  -44.484  45.818 0.0000000000
28218  -30.407  -43.113  44.976 0.0000000000
27055  -29.153  -43.673  42.829 0.0000000000
27043  -29.067  -43.767  43.961 0.0000000000
141129  -27.795  -44.259  43.103 0.0000000000
27071  -32.525  -44.383  41.975 0.0000000000
32647  -36.200  -39.776  44.231 0.0000000000
32646  -35.511  -39.528  44.534 0.0000000000
32662  -35.722  -39.386  43.625 0.0000000000
33749  -33.966  -37.742  42.776 0.0000000000
33739  -34.526  -38.269  43.361 0.0000000000
34764  -33.175  -37.471  43.089 0.0000000000
34752  -32.981  -37.734  43.810 0.0000000000
124437  -33.000  -36.805  40.034 0.0000000000
34798  -32.878  -36.817  40.864 0.0000000000
34786  -31.003  -36.998  41.578 0.0000000000
139407  -31.006  -37.156  42.281 0.0000000000
141119  -31.479  -37.259  42.952 0.0000000000
34773  -29.723  -37.785  42.454 0.0000000000
118175  -29.391  -39.432  40.957 0.0000000000
32687  -29.275  -39.504  41.749 0.0000000000
31617  -29.697  -40.078  41.296 0.0000000000
33780  -29.097  -38.435  37.768 0.0000000000
34814  -29.250  -37.473  38.340 0.0000000000
135508  -30.537  -40.493  38.467 0.0000000000
32712  -29.889  -39.854  38.592 0.0000000000
31637  -30.498  -40.345  39.165 0.0000000000
32704  -29.930  -39.781  39.551 0.0000000000
30544  -31.770  -41.107  40.155 0.0000000000
141253  -46.569  -29.809  32.253 0.0000000000
42982  -46.784  -29.048  32.544 0.0000000000
124835  -47.175  -29.204  33.026 0.0000000000
139296  -47.862  -28.620  33.702 0.0000000000
140788  -47.589  -32.489  34.088 0.0000000000
40117  -46.401  -32.575  33.741 0.0000000000
40118  -47.112  -32.183  33.481 0.0000000000
41053  -45.823  -31.396  32.485 0.0000000000
42023  -46.105  -30.898  32.146 0.0000000000
42024  -46.564  -30.495  32.391 0.0000000000
128379  -49.164  -16.566  28.013 0.0000000000
128058  -49.511  -16.572  27.127 0.0000000000
55363  -50.952  -16.746  26.527 0.0000000000
133411  -51.354  -16.279  26.087 0.0000000000
54240  -52.091  -17.947  28.149 0.0000000000
32617  -34.395  -39.706  46.661 0.0000000000
32630  -34.895  -39.787  46.077 0.0000000000
137762  -34.607  -39.574  45.508 0.0000000000
49561  -48.440  -22.130  30.429 0.0000000000
116692  -47.909  -22.273  29.937 0.0000000000
50460  -48.742  -21.245  30.272 0.0000000000
51384  -48.747  -20.628  30.272 0.0000000000
33784  -40.633  -38.080  37.409 0.0000000000
39185  -36.449  -33.210  32.904 0.0000000000
40126  -35.815  -32.904  32.491 0.0000000000
123001  -33.688  -33.506  31.625 0.0000000000
39196  -33.564  -32.850  31.313 0.0000000000
44102  -38.846  -27.796  26.954 0.0000000000
45106  -38.476  -27.300  26.476 0.0000000000
59285  -56.743  -12.019  32.547 0.0000000000
59301  -55.428  -12.231  30.959 0.0000000000
60430  -55.166  -11.112  29.323 0.0000000000
29323  -27.777  -42.598  50.259 0.0000000000
28172  -27.348  -43.066  49.000 0.0000000000
124240  -27.960  -43.601  49.468 0.0000000000
135940  -28.267  -44.018  48.742 0.0000000000
26994  -28.224  -44.187  47.979 0.0000000000
30522  -30.780  -41.236  43.748 0.0000000000
29395  -32.315  -42.476  42.417 0.0000000000
29396  -32.761  -42.707  42.096 0.0000000000
34825  -32.664  -37.174  37.523 0.0000000000
34815  -32.806  -37.035  38.376 0.0000000000
138933  -43.028  -27.182  28.486 0.0000000000
45068  -44.088  -27.215  29.479 0.0000000000
124486  -44.615  -26.877  30.247 0.0000000000
45996  -47.404  -26.708  32.827 0.0000000000
45995  -46.936  -26.063  32.197 0.0000000000
46909  -47.190  -25.002  31.939 0.0000000000
47791  -47.776  -24.333  32.037 0.0000000000
119310  -44.792  -36.355  36.797 0.0000000000
35946  -44.149  -36.761  36.242 0.0000000000
36974  -44.696  -35.848  36.119 0.0000000000
139518  -44.187  -35.383  35.713 0.0000000000
38067  -44.000  -34.606  35.465 0.0000000000
39176  -43.005  -32.706  33.883 0.0000000000
40113  -42.142  -32.528  33.595 0.0000000000
40112  -41.392  -32.526  33.357 0.0000000000
40111  -40.655  -32.637  33.223 0.0000000000
40110  -39.871  -32.805  33.198 0.0000000000
40145  -39.472  -32.069  32.131 0.0000000000
138925  -38.839  -31.618  31.268 0.0000000000
41067  -39.364  -31.626  31.453 0.0000000000
41085  -39.927  -31.158  31.028 0.0000000000
42054  -43.542  -29.908  30.966 0.0000000000
42997  -42.490  -29.555  29.903 0.0000000000
43033  -41.786  -29.245  29.308 0.0000000000
44064  -42.197  -28.577  28.814 0.0000000000
44065  -42.896  -28.427  28.906 0.0000000000
32588  -30.194  -39.456  48.813 0.0000000000
32587  -29.763  -39.946  49.084 0.0000000000
33679  -29.601  -39.189  47.449 0.0000000000
33711  -31.459  -38.205  45.847 0.0000000000
128361  -30.628  -38.041  45.832 0.0000000000
33709  -29.125  -38.355  45.375 0.0000000000
33723  -28.520  -38.875  44.809 0.0000000000
33736  -28.711  -38.812  43.933 0.0000000000
32675  -28.936  -38.801  43.097 0.0000000000
129300  -43.238  -25.139  28.400 0.0000000000
47821  -43.383  -24.362  28.335 0.0000000000
48720  -43.656  -23.135  27.866 0.0000000000
49593  -46.490  -21.981  27.861 0.0000000000
50486  -46.051  -21.563  27.412 0.0000000000
53234  -46.401  -18.388  30.218 0.0000000000
53241  -46.333  -18.338  29.334 0.0000000000
54217  -46.947  -17.032  29.481 0.0000000000
33741  -38.946  -38.412  43.489 0.0000000000
32664  -38.464  -39.135  43.550 0.0000000000
32679  -38.988  -39.066  42.512 0.0000000000
31597  -38.736  -39.777  41.988 0.0000000000
31608  -38.452  -40.316  41.556 0.0000000000
31642  -38.692  -38.811  38.582 0.0000000000
31641  -38.265  -39.660  38.730 0.0000000000
119987  -37.966  -39.554  38.045 0.0000000000
31650  -36.745  -39.810  37.885 0.0000000000
31649  -36.241  -39.791  38.087 0.0000000000
32722  -35.912  -39.204  37.711 0.0000000000
119967  -35.812  -38.914  37.067 0.0000000000
32741  -34.837  -38.730  35.561 0.0000000000
35942  -40.802  -36.776  35.372 0.0000000000
34847  -40.818  -37.563  35.858 0.0000000000
116877  -36.201  -36.004  33.837 0.0000000000
35966  -35.521  -36.252  33.640 0.0000000000
122663  -35.201  -36.980  33.740 0.0000000000
34864  -34.457  -37.520  33.621 0.0000000000
33830  -34.626  -38.188  34.355 0.0000000000
34863  -33.650  -37.705  33.327 0.0000000000
42065  -36.610  -30.174  29.513 0.0000000000
35827  -39.441  -37.087  45.459 0.0000000000
35828  -39.940  -36.422  45.290 0.0000000000
39092  -40.390  -33.463  40.807 0.0000000000
38010  -40.111  -33.956  40.138 0.0000000000
37996  -41.334  -33.703  40.972 0.0000000000
120266  -46.079  -36.464  39.243 0.0000000000
122595  -50.963  -27.832  36.346 0.0000000000
44989  -51.342  -27.644  37.152 0.0000000000
45937  -51.397  -26.767  36.899 0.0000000000
122386  -51.640  -25.761  36.922 0.0000000000
49497  -52.543  -22.691  37.104 0.0000000000
117578  -52.384  -22.689  35.860 0.0000000000
48650  -52.135  -22.566  35.267 0.0000000000
49520  -52.282  -22.141  35.662 0.0000000000
50422  -52.034  -21.676  35.530 0.0000000000
51329  -51.873  -21.186  35.799 0.0000000000
55098  -51.248  -16.660  39.974 0.0000000000
53151  -50.407  -17.953  39.402 0.0000000000
52207  -50.475  -18.857  38.397 0.0000000000
52223  -49.484  -19.078  37.289 0.0000000000
52236  -49.274  -19.354  36.496 0.0000000000
53182  -48.894  -18.714  36.905 0.0000000000
53181  -48.604  -18.257  36.371 0.0000000000
55163  -52.099  -16.461  35.799 0.0000000000
55162  -51.104  -16.544  35.321 0.0000000000
55194  -50.594  -16.618  33.487 0.0000000000
124990  -50.020  -16.504  32.851 0.0000000000
57278  -55.292  -15.002  34.135 0.0000000000
139173  -54.391  -14.200  32.255 0.0000000000
134313  -52.997  -15.346  32.135 0.0000000000
139757  -52.569  -16.090  31.985 0.0000000000
56370  -52.865  -16.497  29.664 0.0000000000
57343  -53.264  -14.171  27.604 0.0000000000
57344  -54.215  -14.545  27.601 0.0000000000
140543  -56.466  -9.834  28.810 0.0000000000
61411  -56.166  -9.740  27.170 0.0000000000
31540  -25.245  -40.734  46.950 0.0000000000
29370  -26.444  -42.840  45.749 0.0000000000
29378  -26.416  -43.127  44.951 0.0000000000
29386  -26.337  -42.978  43.428 0.0000000000
124207  -30.162  -43.423  47.446 0.0000000000
120786  -28.496  -44.129  42.491 0.0000000000
25923  -29.115  -44.565  41.072 0.0000000000
25935  -29.784  -44.783  40.461 0.0000000000
25936  -30.684  -45.062  40.437 0.0000000000
32677  -35.912  -39.261  42.684 0.0000000000
33740  -35.266  -38.673  43.041 0.0000000000
35885  -31.559  -36.554  40.259 0.0000000000
35874  -31.857  -36.747  41.115 0.0000000000
34785  -30.219  -37.248  41.173 0.0000000000
34784  -29.558  -37.945  41.545 0.0000000000
33764  -29.318  -38.537  40.821 0.0000000000
44036  -44.812  -28.809  30.772 0.0000000000
121189  -44.789  -28.127  30.620 0.0000000000
45055  -46.107  -27.745  31.868 0.0000000000
45043  -46.738  -27.111  32.436 0.0000000000
45978  -47.965  -26.483  33.143 0.0000000000
39155  -46.440  -34.173  35.379 0.0000000000
139951  -45.513  -34.119  35.398 0.0000000000
39165  -46.340  -33.714  34.888 0.0000000000
39164  -45.602  -33.296  34.705 0.0000000000
137912  -44.905  -32.783  34.300 0.0000000000
40116  -45.556  -32.355  33.622 0.0000000000
41039  -43.749  -32.166  33.335 0.0000000000
41051  -42.540  -31.475  32.489 0.0000000000
41069  -41.493  -31.006  31.537 0.0000000000
41070  -43.143  -30.965  31.982 0.0000000000
41072  -44.578  -30.590  31.710 0.0000000000
42999  -44.228  -29.364  30.515 0.0000000000
55388  -52.012  -16.021  25.969 0.0000000000
32591  -32.897  -39.362  48.104 0.0000000000
32601  -32.258  -39.430  47.897 0.0000000000
32615  -32.674  -39.422  47.137 0.0000000000
33696  -32.024  -38.839  46.568 0.0000000000
33697  -32.980  -39.331  46.296 0.0000000000
34740  -31.871  -37.964  45.089 0.0000000000
48686  -45.778  -23.652  30.232 0.0000000000
48697  -45.430  -23.239  29.490 0.0000000000
49570  -46.046  -22.673  29.074 0.0000000000
49581  -46.859  -22.187  28.580 0.0000000000
49571  -47.585  -22.058  29.277 0.0000000000
50477  -47.221  -21.517  28.028 0.0000000000
51410  -47.279  -20.675  27.728 0.0000000000
52329  -47.235  -20.004  27.909 0.0000000000
131802  -47.326  -19.535  29.718 0.0000000000
52302  -47.487  -19.551  30.430 0.0000000000
52301  -46.777  -19.036  30.385 0.0000000000
137508  -46.556  -18.205  31.900 0.0000000000
34789  -39.495  -37.195  40.490 0.0000000000
33761  -39.321  -38.537  41.190 0.0000000000
117617  -39.473  -37.961  40.666 0.0000000000
32709  -39.088  -38.909  40.105 0.0000000000
32708  -38.892  -38.880  39.504 0.0000000000
33777  -39.745  -37.616  38.429 0.0000000000
32716  -39.218  -38.116  38.668 0.0000000000
131130  -38.836  -38.602  38.920 0.0000000000
31653  -38.873  -38.433  37.927 0.0000000000
31661  -38.775  -38.686  37.419 0.0000000000
32733  -37.726  -38.920  36.762 0.0000000000
36986  -37.598  -34.906  34.148 0.0000000000
128384  -36.107  -33.947  33.284 0.0000000000
38083  -35.933  -34.720  33.484 0.0000000000
37012  -35.257  -35.121  33.202 0.0000000000
135558  -34.201  -35.453  32.588 0.0000000000
121479  -33.596  -35.775  32.213 0.0000000000
37009  -32.823  -36.205  31.835 0.0000000000
37026  -33.150  -35.278  31.657 0.0000000000
39195  -32.989  -33.622  31.150 0.0000000000
44060  -37.274  -28.889  28.031 0.0000000000
123338  -36.837  -28.394  27.687 0.0000000000
45084  -36.696  -27.846  27.177 0.0000000000
44101  -38.130  -27.796  26.859 0.0000000000
45105  -37.376  -27.551  26.715 0.0000000000
55119  -50.368  -16.963  38.475 0.0000000000
55137  -51.642  -16.521  37.926 0.0000000000
55151  -51.878  -16.447  36.825 0.0000000000
118297  -53.465  -16.062  37.575 0.0000000000
55164  -53.066  -16.449  35.385 0.0000000000
55178  -53.002  -16.430  34.643 0.0000000000
126088  -55.917  -12.649  33.912 0.0000000000
58222  -55.837  -13.509  33.843 0.0000000000
58250  -55.613  -13.054  32.253 0.0000000000
58275  -52.682  -13.872  29.399 0.0000000000
59316  -53.746  -12.348  29.343 0.0000000000
58287  -52.707  -13.031  28.187 0.0000000000
59347  -52.922  -12.712  27.610 0.0000000000
59359  -53.295  -12.396  26.949 0.0000000000
59360  -53.908  -12.155  26.465 0.0000000000
63298  -57.956  -8.207  27.121 0.0000000000
62380  -57.958  -9.591  26.036 0.0000000000
123654  -26.080  -41.031  49.192 0.0000000000
29342  -26.311  -41.795  47.882 0.0000000000
29353  -26.676  -42.518  47.491 0.0000000000
28207  -26.977  -43.390  46.253 0.0000000000
28217  -27.361  -43.981  45.955 0.0000000000
27031  -27.579  -44.123  45.206 0.0000000000
28223  -30.756  -42.743  44.145 0.0000000000
28229  -30.826  -43.058  42.993 0.0000000000
141285  -34.999  -37.972  40.140 0.0000000000
33765  -34.357  -37.636  39.869 0.0000000000
35886  -32.234  -36.576  39.730 0.0000000000
35896  -32.122  -36.609  38.921 0.0000000000
34804  -29.957  -36.894  39.581 0.0000000000
118570  -29.414  -37.524  39.183 0.0000000000
46042  -40.797  -26.839  27.199 0.0000000000
46043  -41.609  -26.493  27.528 0.0000000000
46044  -42.295  -26.353  27.866 0.0000000000
46033  -43.309  -26.596  28.624 0.0000000000
47814  -43.707  -25.396  29.048 0.0000000000
47815  -44.204  -24.699  29.471 0.0000000000
45061  -44.956  -27.400  30.772 0.0000000000
46009  -45.811  -26.156  31.329 0.0000000000
46920  -45.323  -25.748  30.760 0.0000000000
48688  -47.400  -23.181  30.769 0.0000000000
48678  -47.824  -23.676  31.423 0.0000000000
48689  -48.239  -22.934  30.885 0.0000000000
133662  -48.781  -22.401  31.069 0.0000000000
34819  -43.586  -36.996  38.075 0.0000000000
34827  -43.243  -37.484  37.513 0.0000000000
136987  -42.951  -37.541  36.565 0.0000000000
34848  -42.382  -37.344  36.201 0.0000000000
35945  -43.301  -36.975  35.965 0.0000000000
35943  -41.515  -36.273  35.311 0.0000000000
36989  -40.710  -35.217  34.735 0.0000000000
39154  -44.549  -34.100  35.352 0.0000000000
131836  -43.244  -34.475  35.250 0.0000000000
127250  -42.762  -33.270  34.378 0.0000000000
38066  -42.583  -34.454  35.069 0.0000000000
38074  -41.242  -34.533  34.678 0.0000000000
122726  -40.268  -34.677  34.460 0.0000000000
38086  -38.954  -34.084  33.906 0.0000000000
135413  -38.284  -34.031  33.763 0.0000000000
39188  -39.073  -32.935  33.115 0.0000000000
39187  -38.209  -33.009  32.971 0.0000000000
40127  -37.152  -32.663  32.429 0.0000000000
41063  -35.356  -31.843  31.277 0.0000000000
117718  -35.147  -31.285  30.683 0.0000000000
41082  -36.649  -31.302  30.748 0.0000000000
42047  -37.100  -30.791  30.123 0.0000000000
42066  -37.648  -30.346  29.503 0.0000000000
43009  -38.173  -29.955  28.945 0.0000000000
42051  -40.533  -30.712  30.550 0.0000000000
42070  -41.139  -30.252  30.166 0.0000000000
43029  -38.733  -29.512  28.362 0.0000000000
43049  -38.965  -28.912  27.736 0.0000000000
44061  -39.548  -28.634  27.816 0.0000000000
44063  -40.852  -28.667  28.446 0.0000000000
44084  -39.934  -28.132  27.640 0.0000000000
45086  -40.393  -27.509  27.417 0.0000000000
61383  -57.737  -9.758  31.361 0.0000000000
62347  -57.991  -9.063  30.758 0.0000000000
62355  -57.932  -8.974  29.841 0.0000000000
63272  -58.156  -8.399  29.294 0.0000000000
64231  -58.600  -6.814  29.667 0.0000000000
63286  -58.375  -7.605  27.861 0.0000000000
64259  -58.975  -6.550  27.177 0.0000000000
64258  -58.644  -7.094  26.723 0.0000000000
30462  -29.161  -41.349  50.162 0.0000000000
29344  -29.939  -42.263  49.058 0.0000000000
30481  -30.061  -42.399  48.392 0.0000000000
31522  -29.530  -40.481  48.549 0.0000000000
30489  -29.924  -42.031  47.805 0.0000000000
135150  -29.078  -38.996  46.938 0.0000000000
31541  -28.785  -39.804  46.383 0.0000000000
30498  -29.963  -41.321  46.056 0.0000000000
31566  -30.108  -40.897  44.402 0.0000000000
31593  -31.142  -40.900  42.292 0.0000000000
35940  -30.850  -36.498  36.027 0.0000000000
131412  -41.156  -24.863  26.995 0.0000000000
47847  -41.227  -24.060  27.012 0.0000000000
48730  -41.410  -23.192  26.780 0.0000000000
48709  -44.272  -23.301  28.395 0.0000000000
49590  -43.506  -22.425  27.409 0.0000000000
55311  -47.724  -16.508  28.972 0.0000000000
125350  -48.265  -16.351  28.092 0.0000000000
55312  -49.800  -16.895  28.737 0.0000000000
32633  -37.382  -39.295  45.388 0.0000000000
31557  -37.064  -39.457  45.012 0.0000000000
31580  -36.817  -39.795  43.842 0.0000000000
31582  -38.110  -39.712  43.078 0.0000000000
31594  -37.119  -40.099  42.981 0.0000000000
32688  -35.980  -39.215  41.714 0.0000000000
140387  -35.528  -38.726  40.642 0.0000000000
32691  -39.130  -39.162  41.444 0.0000000000
31622  -38.645  -40.074  40.747 0.0000000000
30546  -38.251  -40.828  40.578 0.0000000000
116710  -38.075  -40.380  39.513 0.0000000000
31631  -38.068  -40.835  40.078 0.0000000000
120030  -37.307  -40.459  40.107 0.0000000000
32698  -36.480  -40.028  40.390 0.0000000000
32707  -35.996  -39.607  39.927 0.0000000000
32696  -35.554  -38.784  39.943 0.0000000000
33771  -34.997  -38.082  39.361 0.0000000000
33775  -34.053  -37.997  38.176 0.0000000000
33783  -34.612  -38.377  37.643 0.0000000000
33781  -33.247  -37.727  36.991 0.0000000000
34844  -32.367  -37.377  35.747 0.0000000000
33798  -42.257  -38.146  37.048 0.0000000000
33797  -41.421  -38.178  36.898 0.0000000000
33796  -40.433  -38.345  36.977 0.0000000000
33809  -40.103  -38.284  36.556 0.0000000000
32746  -38.967  -38.521  36.568 0.0000000000
32745  -38.181  -38.586  36.338 0.0000000000
32744  -37.417  -38.673  36.351 0.0000000000
35954  -38.399  -36.177  34.708 0.0000000000
137216  -38.129  -36.949  34.875 0.0000000000
34854  -36.840  -37.113  34.562 0.0000000000
34855  -37.555  -37.389  34.864 0.0000000000
33821  -37.494  -38.071  35.319 0.0000000000
32743  -36.744  -38.616  36.009 0.0000000000
32755  -36.041  -38.639  35.551 0.0000000000
33805  -34.207  -38.507  35.231 0.0000000000
33803  -32.976  -37.959  35.277 0.0000000000
34843  -31.580  -36.908  35.378 0.0000000000
44059  -36.417  -28.757  28.160 0.0000000000
42004  -48.535  -30.524  34.538 0.0000000000
42965  -48.697  -29.695  34.596 0.0000000000
42005  -49.060  -30.196  34.999 0.0000000000
42947  -49.993  -29.644  36.012 0.0000000000
125716  -50.517  -29.026  36.342 0.0000000000
31493  -26.117  -40.064  51.140 0.0000000000
30446  -26.539  -40.677  50.733 0.0000000000
30459  -27.054  -41.217  50.754 0.0000000000
140648  -27.030  -40.812  51.181 0.0000000000
122558  -27.538  -41.840  50.430 0.0000000000
30460  -27.905  -42.014  50.515 0.0000000000
30461  -28.502  -41.845  50.401 0.0000000000
31496  -28.678  -40.342  50.991 0.0000000000
32576  -29.661  -39.984  50.026 0.0000000000
33656  -30.825  -38.842  49.993 0.0000000000
32579  -31.975  -38.965  48.980 0.0000000000
33668  -32.656  -38.829  48.649 0.0000000000
33681  -33.582  -39.276  47.796 0.0000000000
33698  -35.791  -39.176  46.586 0.0000000000
32620  -37.080  -39.273  45.897 0.0000000000
33700  -37.532  -38.768  46.136 0.0000000000
32634  -38.128  -39.069  45.116 0.0000000000
33728  -38.779  -38.718  44.687 0.0000000000
137285  -39.578  -37.761  45.052 0.0000000000
34753  -39.627  -37.876  44.575 0.0000000000
33729  -39.199  -38.327  44.258 0.0000000000
33742  -39.078  -38.057  43.359 0.0000000000
35861  -39.537  -36.045  42.120 0.0000000000
35875  -39.442  -36.694  41.335 0.0000000000
35887  -39.381  -36.159  40.231 0.0000000000
131333  -39.489  -35.857  39.435 0.0000000000
35906  -40.033  -35.867  38.749 0.0000000000
38033  -40.576  -34.650  39.617 0.0000000000
36946  -40.264  -35.330  39.097 0.0000000000
36961  -40.668  -35.968  38.641 0.0000000000
36962  -41.714  -36.140  38.803 0.0000000000
34809  -43.258  -36.860  38.441 0.0000000000
35898  -43.387  -36.433  38.995 0.0000000000
35910  -45.856  -36.435  38.697 0.0000000000
35921  -45.609  -36.337  38.065 0.0000000000
35933  -45.520  -36.154  37.354 0.0000000000
38060  -46.797  -35.090  36.442 0.0000000000
36977  -47.202  -35.433  37.157 0.0000000000
38061  -47.588  -34.865  36.562 0.0000000000
38070  -47.120  -34.425  35.741 0.0000000000
39156  -47.563  -33.831  35.190 0.0000000000
117749  -48.183  -32.239  34.526 0.0000000000
41028  -48.398  -31.380  34.510 0.0000000000
43994  -48.846  -28.867  34.644 0.0000000000
137755  -49.040  -28.191  34.588 0.0000000000
43978  -50.032  -28.052  35.396 0.0000000000
45010  -49.494  -27.753  34.846 0.0000000000
45009  -48.952  -27.544  34.299 0.0000000000
45965  -48.909  -26.846  33.988 0.0000000000
45966  -49.321  -26.269  34.215 0.0000000000
46877  -49.139  -25.741  33.727 0.0000000000
46820  -51.789  -24.908  37.540 0.0000000000
47713  -52.156  -24.168  37.307 0.0000000000
47725  -51.876  -24.965  36.321 0.0000000000
117872  -50.539  -25.451  34.705 0.0000000000
47751  -50.151  -24.993  34.065 0.0000000000
120866  -49.540  -25.226  33.735 0.0000000000
47766  -49.737  -24.618  33.480 0.0000000000
48658  -50.026  -23.863  33.210 0.0000000000
48669  -50.288  -23.066  32.871 0.0000000000
134352  -51.429  -22.904  33.877 0.0000000000
49538  -50.947  -22.546  33.213 0.0000000000
49548  -50.490  -22.173  32.595 0.0000000000
50447  -50.513  -21.401  32.592 0.0000000000
51364  -50.355  -20.863  32.758 0.0000000000
51306  -52.581  -20.683  37.902 0.0000000000
51317  -52.316  -20.548  37.101 0.0000000000
51316  -51.886  -20.547  36.213 0.0000000000
52250  -51.177  -19.932  35.951 0.0000000000
51340  -51.502  -20.604  35.272 0.0000000000
51339  -50.887  -20.476  34.408 0.0000000000
51351  -50.618  -20.689  33.464 0.0000000000
51363  -49.723  -20.599  32.523 0.0000000000
52281  -48.888  -20.155  32.818 0.0000000000
52270  -47.933  -19.634  33.572 0.0000000000
52247  -48.346  -19.192  35.292 0.0000000000
52269  -47.395  -19.092  33.132 0.0000000000
53208  -47.301  -18.395  33.402 0.0000000000
120647  -47.215  -17.792  33.109 0.0000000000
54163  -49.080  -17.462  36.263 0.0000000000
54172  -49.149  -17.191  35.420 0.0000000000
138021  -48.027  -17.425  34.154 0.0000000000
54180  -47.900  -17.160  33.456 0.0000000000
54187  -47.477  -17.206  32.659 0.0000000000
55241  -48.582  -16.515  31.746 0.0000000000
122038  -48.820  -16.460  31.102 0.0000000000
55242  -49.498  -16.513  31.466 0.0000000000
55267  -49.447  -16.536  30.596 0.0000000000
55289  -50.529  -17.376  29.478 0.0000000000
55179  -53.528  -16.089  34.977 0.0000000000
55197  -53.284  -16.140  34.174 0.0000000000
57291  -55.616  -14.362  33.928 0.0000000000
56307  -54.840  -15.348  33.851 0.0000000000
56323  -54.701  -14.935  33.331 0.0000000000
128988  -52.251  -16.747  33.149 0.0000000000
54189  -52.001  -17.432  32.032 0.0000000000
54197  -51.754  -17.785  31.479 0.0000000000
54230  -51.347  -18.022  29.431 0.0000000000
54241  -52.646  -17.716  28.320 0.0000000000
122426  -53.920  -17.181  28.765 0.0000000000
134916  -52.679  -15.309  29.230 0.0000000000
56392  -53.288  -15.783  29.139 0.0000000000
61401  -55.152  -10.607  28.108 0.0000000000
134549  -53.895  -11.244  27.156 0.0000000000
60446  -54.305  -11.288  26.505 0.0000000000
61423  -57.027  -10.235  26.481 0.0000000000
60458  -55.278  -11.201  26.331 0.0000000000
31530  -25.352  -40.639  47.799 0.0000000000
29360  -25.953  -42.115  46.134 0.0000000000
29401  -25.678  -42.254  41.984 0.0000000000
29394  -26.251  -42.865  42.507 0.0000000000
132118  -26.266  -42.844  41.671 0.0000000000
28174  -29.101  -43.554  49.279 0.0000000000
26995  -28.780  -44.241  48.338 0.0000000000
27008  -28.753  -44.483  47.561 0.0000000000
27022  -30.007  -44.067  47.518 0.0000000000
27021  -29.324  -44.459  47.179 0.0000000000
138381  -28.021  -44.492  45.545 0.0000000000
27041  -27.819  -44.188  44.346 0.0000000000
120601  -28.670  -44.145  44.957 0.0000000000
132837  -27.754  -44.289  42.522 0.0000000000
124848  -28.074  -44.572  41.935 0.0000000000
31555  -36.004  -39.815  45.108 0.0000000000
32645  -34.768  -39.318  44.768 0.0000000000
33727  -34.243  -38.611  44.219 0.0000000000
34762  -31.628  -37.472  43.773 0.0000000000
34788  -33.615  -37.095  41.344 0.0000000000
34775  -32.488  -37.173  42.584 0.0000000000
124887  -30.662  -37.456  43.707 0.0000000000
34760  -29.799  -37.664  43.273 0.0000000000
120520  -29.319  -38.173  42.929 0.0000000000
32676  -29.111  -39.494  42.571 0.0000000000
35917  -30.321  -36.425  37.440 0.0000000000
35903  -29.675  -36.739  37.927 0.0000000000
32711  -29.302  -39.143  38.385 0.0000000000
31618  -29.929  -40.004  40.453 0.0000000000
31629  -31.112  -40.715  39.652 0.0000000000
31605  -31.302  -40.847  41.558 0.0000000000
30531  -31.872  -41.406  42.033 0.0000000000
140272  -32.740  -42.337  41.767 0.0000000000
26996  -29.258  -43.956  48.535 0.0000000000
27010  -29.886  -44.035  48.123 0.0000000000
29334  -27.548  -42.939  49.898 0.0000000000
30470  -26.711  -41.509  49.668 0.0000000000
30480  -29.938  -41.772  48.735 0.0000000000
30538  -38.224  -40.762  41.153 0.0000000000
31506  -28.707  -41.030  50.598 0.0000000000
31583  -38.590  -39.413  42.736 0.0000000000
31606  -37.420  -40.333  42.167 0.0000000000
31609  -38.668  -39.997  41.331 0.0000000000
31620  -37.904  -40.868  40.647 0.0000000000
31621  -38.474  -40.510  40.911 0.0000000000
31652  -38.523  -39.078  37.992 0.0000000000
31659  -36.782  -39.431  37.311 0.0000000000
32665  -38.777  -38.836  43.232 0.0000000000
32690  -38.816  -39.659  41.226 0.0000000000
32734  -38.473  -38.758  36.859 0.0000000000
33767  -39.313  -38.409  40.337 0.0000000000
33778  -41.751  -37.825  37.818 0.0000000000
33786  -42.496  -37.932  37.414 0.0000000000
36945  -39.730  -35.468  39.195 0.0000000000
36999  -35.187  -35.777  33.358 0.0000000000
37002  -37.078  -34.491  33.910 0.0000000000
38075  -42.093  -34.127  34.774 0.0000000000
41066  -38.264  -31.558  31.132 0.0000000000
42948  -50.576  -28.316  35.963 0.0000000000
44998  -50.635  -27.584  35.710 0.0000000000
45980  -48.850  -26.293  33.727 0.0000000000
46954  -39.651  -25.817  25.879 0.0000000000
47738  -51.964  -24.355  35.795 0.0000000000
48648  -51.230  -23.787  34.170 0.0000000000
49507  -52.477  -22.359  36.350 0.0000000000
50412  -52.300  -21.747  36.122 0.0000000000
50439  -51.007  -21.718  33.045 0.0000000000
51350  -49.762  -20.406  33.206 0.0000000000
52303  -48.315  -20.056  30.462 0.0000000000
58294  -52.707  -13.309  27.796 0.0000000000
118968  -51.373  -20.966  34.592 0.0000000000
123349  -46.904  -31.559  33.003 0.0000000000
125853  -48.455  -28.227  34.087 0.0000000000
130597  -45.518  -25.133  30.739 0.0000000000
131537  -39.169  -38.263  39.236 0.0000000000
133463  -40.986  -32.928  33.678 0.0000000000
136826  -37.692  -32.832  32.715 0.0000000000
138843  -42.305  -33.578  34.501 0.0000000000
139072  -48.160  -16.556  31.217 0.0000000000
139669  -53.822  -15.976  37.139 0.0000000000
140005  -39.758  -36.861  38.881 0.0000000000
140173  -38.580  -40.088  40.281 0.0000000000
140967  -33.533  -38.050  33.786 0.0000000000
