#!ascii label  , from subject sub-v1s12x0050109_ses-1 vox2ras=TkReg
1557
80699  -42.449  9.601  24.374 0.0000000000
86611  -55.832  15.484  8.795 0.0000000000
80614  -47.960  9.412  33.117 0.0000000000
121073  -52.894  9.996  17.119 0.0000000000
78789  -52.091  7.070  25.058 0.0000000000
86500  -51.362  16.016  18.982 0.0000000000
135404  -50.401  15.817  24.630 0.0000000000
90774  -43.319  20.278  24.377 0.0000000000
72806  -44.848  0.813  28.232 0.0000000000
79768  -47.156  8.912  19.549 0.0000000000
83628  -50.086  12.541  16.172 0.0000000000
120127  -47.710  12.421  21.877 0.0000000000
82515  -49.345  11.298  38.437 0.0000000000
84521  -53.347  13.884  30.999 0.0000000000
133054  -47.126  12.786  31.224 0.0000000000
131481  -44.623  15.241  24.410 0.0000000000
88201  -45.379  17.729  29.698 0.0000000000
87493  -52.535  16.872  9.615 0.0000000000
76779  -40.678  5.596  29.474 0.0000000000
80668  -45.245  10.060  28.978 0.0000000000
83583  -58.377  12.492  20.476 0.0000000000
79753  -52.817  8.288  21.223 0.0000000000
77852  -46.342  6.530  22.511 0.0000000000
74827  -45.355  3.757  25.603 0.0000000000
88356  -54.429  17.593  12.760 0.0000000000
90022  -54.799  20.467  15.365 0.0000000000
118313  -49.880  12.468  26.141 0.0000000000
86474  -54.959  16.274  22.927 0.0000000000
90826  -52.167  20.674  17.448 0.0000000000
89142  -47.628  18.606  18.348 0.0000000000
132016  -43.468  19.763  18.049 0.0000000000
80717  -44.578  9.532  21.995 0.0000000000
81724  -46.941  10.947  20.161 0.0000000000
82631  -44.851  11.263  23.906 0.0000000000
118744  -46.974  13.888  36.998 0.0000000000
83454  -48.092  12.230  34.285 0.0000000000
129492  -45.424  13.322  33.886 0.0000000000
84513  -43.997  13.903  30.801 0.0000000000
87495  -53.955  16.686  8.967 0.0000000000
77757  -38.766  6.324  31.353 0.0000000000
76748  -41.961  5.425  31.721 0.0000000000
139263  -52.597  7.665  23.411 0.0000000000
77864  -49.427  6.787  21.638 0.0000000000
139241  -49.328  6.348  23.547 0.0000000000
117379  -45.543  2.520  26.709 0.0000000000
74835  -39.603  3.384  24.667 0.0000000000
75763  -38.425  4.540  26.862 0.0000000000
73805  -37.195  2.667  26.647 0.0000000000
83645  -54.937  12.100  15.078 0.0000000000
85614  -50.059  14.681  16.945 0.0000000000
86546  -51.757  15.093  14.703 0.0000000000
87429  -52.218  17.140  16.091 0.0000000000
89186  -54.583  19.016  14.480 0.0000000000
88313  -52.914  17.914  17.432 0.0000000000
80648  -46.572  9.979  30.942 0.0000000000
81667  -47.283  10.983  27.964 0.0000000000
81647  -48.787  11.028  30.244 0.0000000000
118235  -52.284  15.513  27.790 0.0000000000
85537  -53.977  14.966  27.004 0.0000000000
87344  -53.211  16.748  24.159 0.0000000000
89116  -54.793  18.924  21.048 0.0000000000
133807  -51.809  18.317  20.879 0.0000000000
89970  -49.857  19.335  17.678 0.0000000000
88257  -49.629  17.087  21.110 0.0000000000
87326  -41.583  16.961  24.677 0.0000000000
135200  -43.511  16.818  21.058 0.0000000000
128948  -41.495  19.131  21.480 0.0000000000
90824  -41.819  21.098  17.940 0.0000000000
91688  -42.498  21.416  21.171 0.0000000000
80756  -50.848  9.108  18.045 0.0000000000
82704  -51.922  11.196  16.025 0.0000000000
81759  -48.812  10.834  17.765 0.0000000000
83604  -48.871  12.816  18.654 0.0000000000
84590  -49.514  13.475  20.810 0.0000000000
80583  -50.004  9.410  36.541 0.0000000000
81632  -50.980  11.089  32.329 0.0000000000
83457  -52.594  12.238  35.173 0.0000000000
128277  -50.336  13.552  31.593 0.0000000000
126346  -48.951  14.583  27.705 0.0000000000
86446  -47.424  15.466  24.337 0.0000000000
85518  -46.013  14.080  27.230 0.0000000000
85505  -42.693  15.029  27.809 0.0000000000
89054  -43.472  18.328  27.302 0.0000000000
88376  -50.301  17.846  10.548 0.0000000000
79696  -41.482  8.381  27.501 0.0000000000
81673  -43.520  10.474  26.344 0.0000000000
79678  -42.772  8.042  29.411 0.0000000000
78743  -44.105  7.559  31.451 0.0000000000
78704  -45.191  7.305  33.789 0.0000000000
80589  -42.883  9.378  34.886 0.0000000000
80579  -45.778  8.881  36.003 0.0000000000
81766  -55.791  10.881  18.417 0.0000000000
81725  -55.596  9.855  20.741 0.0000000000
80741  -53.405  9.314  18.848 0.0000000000
78857  -50.139  7.914  19.679 0.0000000000
78844  -47.279  7.586  20.571 0.0000000000
76806  -51.132  5.856  26.753 0.0000000000
74792  -48.062  3.085  28.213 0.0000000000
75765  -47.996  4.134  27.084 0.0000000000
76814  -48.873  5.546  25.724 0.0000000000
119914  -45.876  5.452  24.370 0.0000000000
78802  -41.267  7.672  24.252 0.0000000000
87471  -57.994  16.709  10.136 0.0000000000
84651  -52.766  13.482  13.942 0.0000000000
86566  -54.770  15.609  11.867 0.0000000000
88380  -56.747  18.053  9.612 0.0000000000
90067  -55.059  19.497  10.558 0.0000000000
89200  -53.324  19.499  12.483 0.0000000000
90890  -52.030  20.985  12.852 0.0000000000
82610  -46.329  11.452  25.478 0.0000000000
83551  -48.717  12.425  23.917 0.0000000000
117831  -51.085  13.482  23.116 0.0000000000
83531  -51.748  12.847  27.765 0.0000000000
84563  -52.515  13.872  24.776 0.0000000000
86492  -53.290  16.182  20.983 0.0000000000
88304  -55.223  18.553  19.179 0.0000000000
91718  -54.543  21.703  17.092 0.0000000000
125499  -51.224  20.784  13.749 0.0000000000
87391  -46.404  16.682  20.731 0.0000000000
89141  -45.867  18.633  18.376 0.0000000000
90866  -44.686  20.992  14.386 0.0000000000
137627  -43.069  20.898  14.384 0.0000000000
91733  -40.868  21.839  15.320 0.0000000000
80710  -43.368  9.863  23.351 0.0000000000
129689  -44.505  10.727  22.866 0.0000000000
81691  -43.673  10.463  23.758 0.0000000000
83438  -46.253  12.927  35.065 0.0000000000
85468  -44.898  14.815  33.006 0.0000000000
129183  -55.135  15.833  8.726 0.0000000000
78803  -51.951  7.174  24.287 0.0000000000
77843  -50.502  6.658  23.532 0.0000000000
77829  -50.534  6.474  24.515 0.0000000000
72842  -39.573  1.929  24.922 0.0000000000
73818  -38.294  2.672  25.423 0.0000000000
82691  -55.288  11.255  17.014 0.0000000000
120190  -53.829  11.151  15.817 0.0000000000
86508  -50.661  15.489  18.335 0.0000000000
86529  -51.154  15.862  16.176 0.0000000000
87420  -51.667  16.726  17.509 0.0000000000
87421  -52.202  17.313  17.017 0.0000000000
87412  -51.899  16.710  18.510 0.0000000000
116650  -47.071  9.335  32.530 0.0000000000
80649  -47.348  10.357  30.840 0.0000000000
81630  -48.769  10.637  31.556 0.0000000000
86436  -51.307  15.742  25.908 0.0000000000
86425  -52.450  15.923  26.501 0.0000000000
87343  -51.934  16.576  23.942 0.0000000000
88259  -52.448  17.692  22.072 0.0000000000
88239  -51.495  17.319  22.081 0.0000000000
88258  -50.657  17.373  21.412 0.0000000000
87360  -50.286  16.547  22.635 0.0000000000
89069  -41.895  18.952  24.401 0.0000000000
89074  -41.508  18.286  22.960 0.0000000000
89923  -41.805  19.736  22.823 0.0000000000
135875  -41.664  20.392  21.287 0.0000000000
90798  -43.006  20.977  22.897 0.0000000000
79769  -48.699  8.758  18.915 0.0000000000
80775  -49.867  10.008  17.569 0.0000000000
80740  -48.196  9.514  18.720 0.0000000000
82649  -47.094  12.040  21.363 0.0000000000
82672  -47.929  11.537  19.407 0.0000000000
83581  -48.429  12.634  20.763 0.0000000000
124065  -49.250  13.379  19.266 0.0000000000
83569  -48.463  12.643  21.612 0.0000000000
81571  -50.565  10.357  38.044 0.0000000000
81594  -52.061  10.810  35.772 0.0000000000
82527  -51.924  11.897  36.919 0.0000000000
83482  -48.037  12.567  32.691 0.0000000000
136653  -49.177  12.901  32.766 0.0000000000
84517  -48.654  13.472  30.576 0.0000000000
85500  -49.311  14.146  29.293 0.0000000000
84538  -48.259  13.776  29.217 0.0000000000
85519  -47.581  14.318  27.270 0.0000000000
84526  -46.259  13.377  29.214 0.0000000000
86406  -43.851  15.428  30.423 0.0000000000
85499  -43.518  14.398  29.536 0.0000000000
87305  -43.214  15.954  29.362 0.0000000000
88208  -42.218  17.062  27.340 0.0000000000
89050  -44.623  18.418  28.304 0.0000000000
88390  -52.021  17.277  10.004 0.0000000000
78764  -41.361  7.321  28.638 0.0000000000
79685  -41.736  8.091  28.237 0.0000000000
78756  -41.713  6.824  29.502 0.0000000000
77747  -42.688  5.862  32.911 0.0000000000
77770  -43.089  6.255  31.578 0.0000000000
77749  -43.871  6.459  32.775 0.0000000000
78717  -45.036  7.640  32.673 0.0000000000
78702  -44.023  7.015  33.785 0.0000000000
81592  -41.949  10.709  34.871 0.0000000000
120700  -44.219  9.259  35.474 0.0000000000
81576  -44.465  10.283  36.539 0.0000000000
81578  -46.236  10.205  37.547 0.0000000000
82513  -44.463  11.660  37.665 0.0000000000
82680  -56.730  11.638  18.392 0.0000000000
82681  -57.189  11.651  19.379 0.0000000000
80727  -55.263  9.544  21.446 0.0000000000
80725  -53.958  8.927  21.020 0.0000000000
80743  -54.443  9.471  19.829 0.0000000000
79774  -53.184  8.823  19.750 0.0000000000
79772  -51.483  8.346  19.379 0.0000000000
79762  -51.820  8.073  20.138 0.0000000000
77863  -48.568  6.743  21.688 0.0000000000
78834  -47.984  7.056  21.086 0.0000000000
77861  -46.894  6.818  21.840 0.0000000000
73787  -46.692  2.085  28.332 0.0000000000
74802  -46.885  3.175  27.104 0.0000000000
75775  -46.837  4.330  26.221 0.0000000000
76804  -49.061  5.232  26.418 0.0000000000
76813  -47.549  5.256  25.632 0.0000000000
76832  -47.778  5.715  24.917 0.0000000000
76812  -46.281  5.167  25.027 0.0000000000
77814  -39.878  6.989  25.776 0.0000000000
77824  -39.792  6.258  25.208 0.0000000000
86582  -58.677  15.864  10.593 0.0000000000
82723  -50.674  12.010  15.942 0.0000000000
83643  -52.503  12.255  14.915 0.0000000000
84640  -51.445  13.096  14.965 0.0000000000
87451  -52.936  16.408  13.421 0.0000000000
86556  -52.796  15.356  13.305 0.0000000000
87462  -54.906  16.734  11.862 0.0000000000
130779  -55.723  17.123  11.333 0.0000000000
88368  -55.473  17.868  11.870 0.0000000000
89230  -55.895  18.857  10.384 0.0000000000
88358  -55.704  18.654  11.966 0.0000000000
89187  -54.685  19.736  14.887 0.0000000000
130443  -55.201  19.994  13.194 0.0000000000
90035  -54.435  20.212  13.895 0.0000000000
90043  -52.991  19.805  13.177 0.0000000000
90883  -53.640  21.127  14.101 0.0000000000
80676  -44.080  10.077  27.934 0.0000000000
81684  -44.806  11.063  26.004 0.0000000000
81665  -45.531  10.644  27.570 0.0000000000
82595  -48.684  11.576  27.457 0.0000000000
82612  -48.147  11.765  25.812 0.0000000000
117435  -49.557  12.548  24.479 0.0000000000
83553  -50.112  12.909  22.986 0.0000000000
84569  -50.802  13.164  23.696 0.0000000000
82566  -52.143  12.220  31.857 0.0000000000
127838  -50.904  11.764  30.558 0.0000000000
83521  -52.591  12.893  29.869 0.0000000000
139305  -54.430  15.843  24.678 0.0000000000
85546  -53.325  14.211  25.585 0.0000000000
85556  -53.781  15.045  23.706 0.0000000000
85562  -53.148  14.908  22.781 0.0000000000
86481  -53.772  15.921  21.744 0.0000000000
87394  -54.042  16.706  20.535 0.0000000000
88261  -55.857  17.530  21.430 0.0000000000
89953  -53.638  20.015  19.516 0.0000000000
90819  -55.118  20.337  19.157 0.0000000000
90841  -53.001  21.558  16.830 0.0000000000
91735  -52.344  21.918  14.813 0.0000000000
90868  -51.831  21.395  15.089 0.0000000000
131968  -50.768  20.150  13.952 0.0000000000
90856  -51.164  20.497  15.734 0.0000000000
89969  -48.900  19.212  17.640 0.0000000000
123350  -49.268  19.728  17.011 0.0000000000
86445  -46.378  15.336  24.495 0.0000000000
86470  -47.085  15.948  22.701 0.0000000000
87355  -45.485  16.098  22.316 0.0000000000
89111  -43.441  17.898  19.926 0.0000000000
89127  -44.802  18.002  19.193 0.0000000000
89965  -44.657  19.541  17.720 0.0000000000
90002  -45.621  20.713  15.225 0.0000000000
90837  -43.892  20.941  15.517 0.0000000000
90865  -43.918  21.017  14.226 0.0000000000
89983  -43.190  20.495  17.116 0.0000000000
91711  -42.426  22.513  17.944 0.0000000000
90849  -41.670  22.020  15.407 0.0000000000
92604  -41.229  22.436  15.893 0.0000000000
90835  -39.640  21.503  16.604 0.0000000000
80730  -46.036  9.605  20.310 0.0000000000
80731  -46.742  9.894  19.766 0.0000000000
81722  -45.715  10.144  20.859 0.0000000000
82647  -45.717  11.283  21.965 0.0000000000
82641  -46.257  11.866  22.492 0.0000000000
82525  -49.235  11.976  36.666 0.0000000000
83439  -46.936  12.449  35.627 0.0000000000
83466  -47.174  12.307  33.924 0.0000000000
83480  -46.263  12.445  32.663 0.0000000000
83514  -45.341  12.756  30.734 0.0000000000
84483  -44.587  13.458  32.354 0.0000000000
86393  -44.367  15.139  31.598 0.0000000000
87494  -53.563  17.356  9.209 0.0000000000
75718  -39.927  4.966  31.162 0.0000000000
76763  -41.665  5.606  30.855 0.0000000000
128511  -40.556  5.334  31.643 0.0000000000
78839  -52.324  7.835  21.777 0.0000000000
78838  -51.580  7.582  21.528 0.0000000000
78825  -51.106  7.239  22.197 0.0000000000
136792  -49.794  6.654  22.292 0.0000000000
77841  -48.095  6.301  23.279 0.0000000000
73797  -45.624  1.975  27.402 0.0000000000
73806  -43.955  1.892  25.836 0.0000000000
75795  -39.983  4.230  24.536 0.0000000000
131413  -39.038  4.833  25.292 0.0000000000
75783  -38.655  4.254  25.443 0.0000000000
74800  -37.525  3.380  27.189 0.0000000000
84628  -49.555  13.786  17.036 0.0000000000
137958  -51.449  13.762  14.851 0.0000000000
86537  -50.838  15.083  15.835 0.0000000000
87444  -51.865  16.044  14.858 0.0000000000
88347  -53.001  17.324  13.865 0.0000000000
88348  -54.682  18.359  13.309 0.0000000000
88334  -52.854  17.724  15.534 0.0000000000
88335  -53.590  18.449  15.948 0.0000000000
89167  -54.450  19.244  16.440 0.0000000000
80659  -45.517  9.809  29.794 0.0000000000
81666  -46.416  10.798  27.754 0.0000000000
81651  -46.890  10.521  29.368 0.0000000000
81660  -48.072  11.031  29.006 0.0000000000
82596  -49.503  11.900  27.498 0.0000000000
85511  -52.806  15.005  29.236 0.0000000000
84540  -53.553  14.505  28.125 0.0000000000
86418  -53.174  15.455  27.614 0.0000000000
87324  -53.831  16.128  25.734 0.0000000000
88228  -54.929  17.052  23.633 0.0000000000
89089  -56.080  18.060  21.841 0.0000000000
89087  -54.740  17.868  22.454 0.0000000000
89115  -53.455  18.961  20.855 0.0000000000
89952  -51.959  19.633  19.103 0.0000000000
89971  -50.774  19.684  17.779 0.0000000000
89131  -51.097  18.940  19.348 0.0000000000
125799  -50.032  18.485  19.180 0.0000000000
88292  -48.682  17.665  19.636 0.0000000000
86455  -42.996  15.758  23.845 0.0000000000
87354  -44.583  16.095  22.388 0.0000000000
87353  -42.557  16.563  22.513 0.0000000000
89097  -42.171  17.833  21.215 0.0000000000
89937  -41.904  19.255  20.047 0.0000000000
89962  -41.956  20.376  18.643 0.0000000000
124831  -41.521  19.933  20.092 0.0000000000
91697  -41.694  21.112  19.896 0.0000000000
92588  -43.073  22.777  18.612 0.0000000000
80778  -52.299  9.496  17.630 0.0000000000
81782  -52.467  10.559  16.489 0.0000000000
81762  -51.044  10.166  17.016 0.0000000000
81780  -50.642  10.885  16.648 0.0000000000
83627  -49.484  12.158  16.837 0.0000000000
81733  -47.846  10.479  18.811 0.0000000000
83616  -48.554  12.054  18.305 0.0000000000
124103  -49.211  13.037  17.293 0.0000000000
84620  -49.396  13.680  17.900 0.0000000000
85583  -49.671  13.926  19.329 0.0000000000
84601  -50.121  14.263  20.040 0.0000000000
80601  -48.992  9.197  34.671 0.0000000000
81599  -49.509  10.064  33.200 0.0000000000
81593  -50.924  10.336  34.906 0.0000000000
140539  -52.461  11.652  34.015 0.0000000000
83484  -52.519  12.860  33.037 0.0000000000
83455  -50.726  12.748  34.704 0.0000000000
83483  -52.067  13.073  33.204 0.0000000000
84519  -52.251  14.104  31.195 0.0000000000
85501  -51.316  14.584  29.741 0.0000000000
85521  -49.916  14.900  27.690 0.0000000000
86435  -49.437  15.399  25.510 0.0000000000
86461  -49.262  15.724  23.854 0.0000000000
135716  -48.172  14.881  26.053 0.0000000000
85543  -46.989  14.784  25.901 0.0000000000
85542  -45.492  14.732  25.540 0.0000000000
84534  -44.493  13.595  29.034 0.0000000000
85516  -43.958  14.089  27.578 0.0000000000
85540  -43.587  14.649  25.989 0.0000000000
87322  -41.808  16.107  25.908 0.0000000000
89058  -42.249  18.119  26.217 0.0000000000
89894  -43.345  19.494  25.593 0.0000000000
80684  -41.659  9.282  25.847 0.0000000000
81672  -42.785  10.185  25.963 0.0000000000
80674  -42.446  9.479  27.294 0.0000000000
80665  -42.791  9.183  28.129 0.0000000000
80657  -43.902  9.178  29.250 0.0000000000
78741  -42.747  6.734  30.738 0.0000000000
79666  -43.799  8.010  30.573 0.0000000000
79680  -44.248  8.776  30.028 0.0000000000
79668  -45.220  8.849  31.207 0.0000000000
79654  -46.110  8.968  32.403 0.0000000000
79626  -46.536  8.086  34.000 0.0000000000
79615  -43.279  8.374  34.319 0.0000000000
78694  -44.027  7.773  34.316 0.0000000000
79617  -45.772  7.890  34.826 0.0000000000
79619  -47.277  8.424  34.515 0.0000000000
80581  -47.936  8.717  36.145 0.0000000000
80561  -48.118  10.040  37.958 0.0000000000
81569  -48.400  10.919  38.830 0.0000000000
82692  -55.994  11.349  17.641 0.0000000000
138164  -54.479  10.318  17.823 0.0000000000
81719  -56.621  10.518  21.473 0.0000000000
126571  -56.707  10.989  20.039 0.0000000000
81735  -55.795  10.300  19.897 0.0000000000
81746  -54.902  10.259  18.540 0.0000000000
80779  -53.188  9.585  17.902 0.0000000000
80757  -51.730  9.028  18.127 0.0000000000
79785  -50.344  8.684  18.584 0.0000000000
78855  -48.446  8.281  19.431 0.0000000000
78847  -50.433  7.580  20.457 0.0000000000
78845  -48.659  7.738  19.989 0.0000000000
122331  -46.919  8.258  19.958 0.0000000000
79751  -45.616  8.452  20.927 0.0000000000
74794  -49.422  3.871  28.715 0.0000000000
73798  -46.302  2.464  27.457 0.0000000000
74804  -48.249  3.708  27.647 0.0000000000
75754  -49.349  4.321  28.002 0.0000000000
76796  -50.384  5.307  27.230 0.0000000000
76805  -50.332  5.741  26.340 0.0000000000
77815  -50.175  6.111  25.463 0.0000000000
76833  -48.711  5.844  24.914 0.0000000000
117850  -48.100  6.039  24.084 0.0000000000
77840  -46.740  6.210  23.351 0.0000000000
79723  -41.546  8.702  24.565 0.0000000000
79704  -40.639  8.076  26.078 0.0000000000
122109  -40.613  7.488  27.294 0.0000000000
77788  -40.346  6.090  28.603 0.0000000000
75745  -40.214  4.927  29.823 0.0000000000
86595  -59.010  15.421  10.384 0.0000000000
86614  -58.389  15.969  9.633 0.0000000000
87496  -57.793  17.132  9.169 0.0000000000
82726  -53.267  11.654  15.300 0.0000000000
83664  -54.330  12.410  14.317 0.0000000000
85634  -52.308  14.067  13.994 0.0000000000
84683  -54.031  14.215  12.570 0.0000000000
85660  -55.454  14.785  12.043 0.0000000000
87469  -56.092  16.504  11.151 0.0000000000
87481  -57.326  17.392  9.827 0.0000000000
132766  -56.919  17.802  8.880 0.0000000000
88394  -55.643  18.463  8.915 0.0000000000
88393  -54.770  18.379  8.869 0.0000000000
89241  -54.228  18.470  9.303 0.0000000000
88349  -55.428  19.415  13.113 0.0000000000
90066  -54.497  19.570  10.912 0.0000000000
129843  -52.848  18.296  10.646 0.0000000000
88367  -52.022  17.908  11.242 0.0000000000
89211  -51.715  18.537  11.919 0.0000000000
90054  -50.239  19.462  11.518 0.0000000000
81683  -44.302  10.958  25.170 0.0000000000
82620  -45.459  11.453  24.385 0.0000000000
82622  -46.898  11.969  23.885 0.0000000000
82602  -46.664  11.316  26.294 0.0000000000
82623  -47.778  11.870  25.000 0.0000000000
120643  -48.320  12.474  23.155 0.0000000000
83561  -49.216  12.779  22.248 0.0000000000
119304  -50.006  13.555  21.455 0.0000000000
85578  -51.392  15.164  20.672 0.0000000000
134854  -50.111  11.292  31.013 0.0000000000
82590  -50.417  12.091  29.032 0.0000000000
139041  -51.074  12.667  27.171 0.0000000000
84548  -53.416  13.940  27.888 0.0000000000
84557  -52.239  13.411  26.407 0.0000000000
83538  -51.321  13.184  25.434 0.0000000000
85554  -51.862  14.069  23.303 0.0000000000
139344  -51.780  14.609  22.007 0.0000000000
117643  -52.037  16.204  19.691 0.0000000000
88293  -53.369  17.495  19.033 0.0000000000
89168  -55.253  19.818  17.247 0.0000000000
89118  -56.114  18.745  20.759 0.0000000000
90844  -55.660  20.598  18.293 0.0000000000
90858  -55.125  21.363  16.459 0.0000000000
91747  -53.394  22.257  14.928 0.0000000000
91752  -51.834  21.405  13.547 0.0000000000
90838  -50.542  20.034  16.315 0.0000000000
87358  -48.506  16.344  22.186 0.0000000000
87393  -47.793  16.806  20.736 0.0000000000
88291  -47.767  17.592  19.574 0.0000000000
87390  -45.503  16.606  20.981 0.0000000000
88289  -46.071  17.479  19.552 0.0000000000
122843  -46.751  18.621  18.355 0.0000000000
90003  -46.355  20.449  15.670 0.0000000000
90016  -45.418  20.748  14.644 0.0000000000
89165  -45.223  19.127  15.392 0.0000000000
90850  -42.344  21.643  15.059 0.0000000000
90014  -41.477  21.051  14.975 0.0000000000
90776  -45.177  21.096  24.938 0.0000000000
91664  -44.869  21.571  23.388 0.0000000000
92552  -45.111  22.290  21.909 0.0000000000
125889  -44.654  23.165  19.962 0.0000000000
93435  -43.427  23.921  18.415 0.0000000000
80700  -42.983  10.057  24.086 0.0000000000
78804  -52.618  7.464  24.571 0.0000000000
77844  -51.281  6.835  23.925 0.0000000000
77830  -51.411  6.718  24.747 0.0000000000
131543  -39.320  1.351  25.250 0.0000000000
81784  -54.480  10.672  17.156 0.0000000000
82706  -54.526  11.121  16.393 0.0000000000
81783  -53.574  10.610  16.581 0.0000000000
86499  -50.704  15.297  19.204 0.0000000000
86509  -51.165  16.127  17.977 0.0000000000
81612  -48.075  10.052  32.173 0.0000000000
86449  -51.191  15.912  25.079 0.0000000000
87329  -51.013  16.145  24.304 0.0000000000
87361  -51.412  16.824  22.871 0.0000000000
87342  -50.689  16.348  23.473 0.0000000000
87378  -50.761  16.946  22.150 0.0000000000
89900  -42.586  19.672  24.420 0.0000000000
89909  -41.633  19.042  23.456 0.0000000000
89910  -42.124  19.633  23.718 0.0000000000
90784  -42.461  20.299  23.270 0.0000000000
90785  -43.213  20.648  23.662 0.0000000000
119381  -47.922  8.831  19.207 0.0000000000
122478  -47.504  9.695  19.206 0.0000000000
83568  -46.954  12.233  22.187 0.0000000000
83580  -47.775  12.324  21.064 0.0000000000
82507  -50.279  10.975  38.340 0.0000000000
82517  -51.196  11.387  37.739 0.0000000000
82516  -50.106  11.520  37.758 0.0000000000
83496  -47.773  12.732  31.857 0.0000000000
83497  -48.641  12.968  32.016 0.0000000000
134091  -47.737  13.212  30.621 0.0000000000
84528  -48.699  13.743  29.830 0.0000000000
118241  -47.925  13.478  29.934 0.0000000000
84527  -47.356  13.552  29.282 0.0000000000
116845  -46.891  13.173  30.172 0.0000000000
87307  -44.864  17.019  30.057 0.0000000000
86410  -43.703  15.896  29.953 0.0000000000
87306  -44.013  16.582  29.709 0.0000000000
87312  -43.642  16.897  29.052 0.0000000000
88206  -44.973  18.157  29.038 0.0000000000
87492  -51.234  16.676  9.902 0.0000000000
77789  -41.018  6.448  29.058 0.0000000000
77780  -41.382  5.936  29.929 0.0000000000
77729  -42.418  6.319  33.169 0.0000000000
77748  -43.323  6.032  32.927 0.0000000000
77730  -43.136  6.241  33.326 0.0000000000
77731  -43.851  6.572  33.305 0.0000000000
126825  -43.477  6.707  33.596 0.0000000000
81575  -43.781  10.850  36.540 0.0000000000
121754  -44.409  11.034  37.170 0.0000000000
83596  -57.938  12.331  19.717 0.0000000000
80732  -53.885  9.067  20.230 0.0000000000
79763  -52.611  8.364  20.384 0.0000000000
79752  -52.117  7.887  20.939 0.0000000000
77862  -47.741  6.739  21.837 0.0000000000
78824  -45.936  7.107  21.733 0.0000000000
77851  -45.336  6.719  22.527 0.0000000000
73786  -45.946  1.727  28.056 0.0000000000
75774  -46.127  4.038  25.905 0.0000000000
75788  -47.079  4.814  25.872 0.0000000000
75787  -46.488  4.665  25.625 0.0000000000
121971  -46.885  5.089  25.436 0.0000000000
75786  -45.706  4.514  25.236 0.0000000000
77825  -40.355  6.344  24.652 0.0000000000
141030  -39.662  5.656  25.018 0.0000000000
140677  -56.129  14.534  12.169 0.0000000000
83642  -51.683  12.379  15.172 0.0000000000
83641  -50.818  12.733  15.545 0.0000000000
87452  -53.716  16.694  12.719 0.0000000000
87461  -54.351  16.936  12.310 0.0000000000
129189  -54.876  17.560  12.245 0.0000000000
88357  -55.337  18.494  12.573 0.0000000000
89179  -54.820  19.810  15.743 0.0000000000
90028  -54.568  20.259  14.633 0.0000000000
90884  -54.148  20.838  14.521 0.0000000000
90876  -54.405  21.113  15.078 0.0000000000
80667  -44.408  9.790  28.730 0.0000000000
81664  -44.635  10.482  27.370 0.0000000000
81656  -44.931  10.324  28.183 0.0000000000
82605  -49.086  11.835  26.891 0.0000000000
82613  -49.075  12.092  26.106 0.0000000000
128742  -49.663  12.491  25.403 0.0000000000
117705  -50.261  12.809  24.006 0.0000000000
119932  -50.374  12.818  24.908 0.0000000000
83518  -53.046  13.312  31.164 0.0000000000
120275  -52.694  12.848  30.569 0.0000000000
83522  -53.187  13.484  30.519 0.0000000000
86463  -54.975  16.328  23.509 0.0000000000
85550  -54.091  15.185  24.706 0.0000000000
86473  -54.257  15.597  23.125 0.0000000000
119937  -54.235  15.853  22.445 0.0000000000
86482  -54.733  16.347  22.199 0.0000000000
87379  -54.417  16.478  21.374 0.0000000000
87380  -55.532  16.943  21.948 0.0000000000
89973  -52.811  20.201  18.912 0.0000000000
90817  -53.653  20.558  18.781 0.0000000000
90827  -53.153  20.817  17.990 0.0000000000
90857  -52.486  21.758  15.703 0.0000000000
90840  -51.963  21.045  16.554 0.0000000000
121450  -51.716  21.103  15.881 0.0000000000
89143  -48.527  18.609  18.333 0.0000000000
89989  -48.369  19.760  16.912 0.0000000000
89155  -48.017  19.232  17.633 0.0000000000
89988  -47.566  19.838  16.807 0.0000000000
86444  -45.403  15.293  24.374 0.0000000000
86457  -45.796  15.567  23.689 0.0000000000
86468  -45.192  15.798  23.021 0.0000000000
89950  -43.259  19.278  18.817 0.0000000000
89126  -43.964  18.425  19.126 0.0000000000
89964  -44.067  19.244  18.328 0.0000000000
89984  -44.007  20.038  17.234 0.0000000000
91716  -42.123  23.049  17.173 0.0000000000
140797  -45.382  9.916  21.141 0.0000000000
82639  -44.919  11.208  23.146 0.0000000000
81709  -45.011  10.855  22.345 0.0000000000
82640  -45.563  11.500  22.794 0.0000000000
82632  -45.516  11.527  23.611 0.0000000000
82524  -47.975  12.012  36.416 0.0000000000
84458  -46.713  13.009  36.291 0.0000000000
84467  -45.790  13.465  34.607 0.0000000000
83452  -46.617  12.523  34.485 0.0000000000
83451  -45.891  12.831  34.136 0.0000000000
83465  -46.390  12.486  33.553 0.0000000000
83464  -45.530  12.791  33.222 0.0000000000
83479  -45.475  12.618  32.258 0.0000000000
84475  -44.934  13.571  33.283 0.0000000000
86382  -45.304  15.434  32.691 0.0000000000
86381  -44.544  14.871  32.281 0.0000000000
87282  -45.544  16.357  31.467 0.0000000000
86610  -54.392  15.808  9.021 0.0000000000
86609  -53.521  15.798  9.306 0.0000000000
76747  -39.922  5.526  31.658 0.0000000000
79736  -53.108  7.994  23.060 0.0000000000
78827  -52.378  7.692  22.678 0.0000000000
128489  -51.825  7.523  22.189 0.0000000000
78826  -51.681  7.369  22.728 0.0000000000
77842  -49.694  6.492  23.066 0.0000000000
77855  -49.099  6.542  22.375 0.0000000000
117993  -48.856  6.343  23.194 0.0000000000
74837  -41.392  3.328  24.409 0.0000000000
74836  -40.435  3.467  24.483 0.0000000000
75796  -40.832  4.184  24.301 0.0000000000
75784  -39.188  4.224  24.842 0.0000000000
74824  -38.759  3.474  25.021 0.0000000000
74810  -37.686  3.145  26.170 0.0000000000
140887  -50.389  14.656  16.189 0.0000000000
87436  -51.700  16.355  15.699 0.0000000000
87445  -52.394  16.697  14.267 0.0000000000
87437  -52.250  16.926  15.164 0.0000000000
88342  -52.880  17.575  14.570 0.0000000000
88324  -52.854  17.862  16.507 0.0000000000
88325  -53.608  18.517  16.950 0.0000000000
80647  -45.749  9.567  30.633 0.0000000000
80660  -46.304  10.159  30.026 0.0000000000
81646  -47.966  10.665  30.315 0.0000000000
81652  -47.665  10.725  29.517 0.0000000000
81653  -48.382  11.005  29.583 0.0000000000
82588  -48.713  11.314  28.918 0.0000000000
82582  -49.149  11.332  29.594 0.0000000000
85522  -52.001  15.266  28.527 0.0000000000
85523  -52.988  15.246  28.440 0.0000000000
87323  -53.000  16.325  25.359 0.0000000000
86437  -53.245  16.102  26.162 0.0000000000
87331  -53.627  16.447  24.892 0.0000000000
87332  -54.146  16.212  24.868 0.0000000000
87345  -54.193  16.711  24.263 0.0000000000
88243  -55.248  17.489  22.862 0.0000000000
88242  -54.318  17.553  23.008 0.0000000000
89099  -52.708  18.333  21.368 0.0000000000
89114  -52.373  18.805  20.574 0.0000000000
89938  -53.028  19.393  20.150 0.0000000000
89132  -52.043  19.194  19.861 0.0000000000
116856  -51.450  18.588  20.253 0.0000000000
88277  -50.123  17.615  20.547 0.0000000000
89112  -49.629  17.866  19.769 0.0000000000
116874  -49.071  18.201  19.050 0.0000000000
88276  -49.193  17.339  20.342 0.0000000000
86441  -42.406  15.909  24.437 0.0000000000
116536  -42.850  16.155  23.171 0.0000000000
88225  -42.202  16.592  23.190 0.0000000000
89086  -41.503  18.728  22.156 0.0000000000
88254  -41.714  17.892  22.062 0.0000000000
89096  -41.654  18.459  21.559 0.0000000000
89110  -42.505  18.321  20.395 0.0000000000
89109  -41.757  18.731  20.892 0.0000000000
89936  -41.541  19.539  20.753 0.0000000000
91687  -41.802  20.979  20.850 0.0000000000
91698  -42.317  21.589  20.235 0.0000000000
91705  -42.317  21.914  19.121 0.0000000000
91699  -43.089  22.046  20.480 0.0000000000
80777  -51.402  9.546  17.530 0.0000000000
81763  -51.944  9.990  16.972 0.0000000000
80776  -50.540  9.735  17.542 0.0000000000
81760  -49.498  10.634  17.389 0.0000000000
81761  -50.224  10.410  17.140 0.0000000000
82690  -49.818  11.154  16.864 0.0000000000
82689  -49.159  11.431  17.350 0.0000000000
81732  -47.347  10.679  19.489 0.0000000000
83603  -48.475  12.191  19.045 0.0000000000
83617  -48.861  12.337  17.689 0.0000000000
123890  -49.073  13.098  18.031 0.0000000000
84600  -49.490  13.590  20.037 0.0000000000
120029  -50.172  14.583  19.297 0.0000000000
120584  -49.187  9.106  35.625 0.0000000000
80602  -49.786  9.783  34.196 0.0000000000
80591  -50.093  9.582  35.438 0.0000000000
82534  -52.779  11.992  35.606 0.0000000000
81602  -52.596  11.585  35.467 0.0000000000
82543  -52.779  12.041  34.599 0.0000000000
117890  -52.721  12.574  33.738 0.0000000000
83470  -52.538  12.540  34.391 0.0000000000
82533  -48.487  12.125  35.379 0.0000000000
83440  -50.023  12.366  35.774 0.0000000000
136704  -49.176  12.365  34.701 0.0000000000
84497  -49.814  13.225  32.240 0.0000000000
83468  -50.619  13.082  33.315 0.0000000000
84485  -51.195  13.384  32.440 0.0000000000
84498  -51.678  13.690  31.739 0.0000000000
84530  -51.684  14.365  30.431 0.0000000000
84518  -50.781  13.921  30.855 0.0000000000
85509  -49.608  14.560  28.431 0.0000000000
86416  -50.172  15.192  26.941 0.0000000000
85536  -49.182  14.914  27.024 0.0000000000
85545  -48.571  15.135  25.710 0.0000000000
85535  -48.551  14.891  26.432 0.0000000000
84545  -46.725  13.941  27.693 0.0000000000
85533  -46.720  14.383  26.757 0.0000000000
131477  -46.111  14.560  26.073 0.0000000000
131478  -45.834  14.297  26.706 0.0000000000
84514  -44.356  13.367  30.580 0.0000000000
84525  -45.177  13.285  29.510 0.0000000000
84524  -44.436  13.469  29.831 0.0000000000
85506  -43.107  14.672  28.629 0.0000000000
85507  -43.740  13.986  28.607 0.0000000000
85515  -43.293  14.406  27.921 0.0000000000
85531  -44.242  14.351  26.622 0.0000000000
86422  -42.774  14.931  26.294 0.0000000000
137514  -42.383  15.389  25.879 0.0000000000
86421  -42.206  15.551  26.552 0.0000000000
88209  -42.957  17.595  27.701 0.0000000000
88212  -41.931  17.312  26.609 0.0000000000
88213  -42.612  17.878  26.983 0.0000000000
89065  -42.727  18.822  25.812 0.0000000000
89059  -43.170  18.640  26.505 0.0000000000
87491  -50.107  16.859  9.697 0.0000000000
79706  -41.639  8.981  26.841 0.0000000000
79686  -42.423  8.452  28.592 0.0000000000
79687  -43.141  8.831  28.937 0.0000000000
80666  -43.581  9.500  28.445 0.0000000000
77781  -42.073  6.327  30.353 0.0000000000
77769  -42.394  5.891  31.238 0.0000000000
77761  -43.737  6.666  31.960 0.0000000000
78742  -43.428  7.138  31.097 0.0000000000
79667  -44.516  8.409  30.883 0.0000000000
80646  -44.979  9.195  30.358 0.0000000000
78731  -44.750  8.047  31.802 0.0000000000
140181  -45.275  7.457  33.330 0.0000000000
118429  -45.700  8.067  32.925 0.0000000000
79639  -46.415  8.475  33.184 0.0000000000
79638  -45.852  7.708  33.624 0.0000000000
80588  -42.062  9.952  34.690 0.0000000000
80599  -42.533  9.117  34.115 0.0000000000
80590  -43.753  8.784  34.899 0.0000000000
79607  -45.003  9.041  35.621 0.0000000000
79608  -45.530  8.422  35.348 0.0000000000
79609  -46.263  8.338  35.426 0.0000000000
79618  -46.483  8.051  34.734 0.0000000000
79610  -47.168  8.405  35.404 0.0000000000
79611  -48.200  8.700  35.244 0.0000000000
80580  -46.852  8.897  36.279 0.0000000000
80569  -47.005  9.706  37.320 0.0000000000
81568  -47.143  10.550  38.373 0.0000000000
81563  -47.690  11.257  39.100 0.0000000000
83619  -57.635  12.958  17.405 0.0000000000
82693  -56.658  11.892  17.544 0.0000000000
81765  -55.171  10.785  17.759 0.0000000000
81718  -55.982  9.955  21.428 0.0000000000
81726  -56.305  10.417  20.727 0.0000000000
82660  -57.060  11.064  20.886 0.0000000000
80742  -53.840  9.284  19.552 0.0000000000
80760  -54.286  9.663  19.062 0.0000000000
80759  -54.038  9.816  18.238 0.0000000000
80758  -52.566  9.120  18.366 0.0000000000
79771  -50.668  8.287  19.197 0.0000000000
79770  -49.983  8.271  19.058 0.0000000000
78856  -49.278  8.135  19.406 0.0000000000
78837  -50.772  7.352  21.286 0.0000000000
78836  -49.915  7.119  20.993 0.0000000000
125814  -48.105  7.481  20.439 0.0000000000
79760  -47.742  8.061  19.774 0.0000000000
78843  -46.321  8.127  20.492 0.0000000000
123291  -51.728  6.416  26.297 0.0000000000
73788  -47.467  2.412  28.653 0.0000000000
74784  -48.827  3.156  29.076 0.0000000000
73796  -45.025  1.771  27.009 0.0000000000
74803  -47.613  3.451  27.432 0.0000000000
75766  -48.709  4.261  27.479 0.0000000000
75767  -49.397  4.857  27.215 0.0000000000
76803  -48.277  5.228  26.123 0.0000000000
124560  -49.577  5.685  26.010 0.0000000000
76815  -49.389  5.862  25.370 0.0000000000
117059  -49.593  6.169  24.718 0.0000000000
76831  -46.511  5.591  24.516 0.0000000000
77827  -47.131  5.878  24.196 0.0000000000
134672  -47.483  6.197  23.537 0.0000000000
76840  -46.270  5.865  23.904 0.0000000000
78812  -41.880  7.482  23.776 0.0000000000
79733  -41.806  8.250  24.002 0.0000000000
135116  -41.395  8.243  24.380 0.0000000000
79713  -41.294  8.800  25.243 0.0000000000
79712  -40.794  8.224  25.401 0.0000000000
77805  -39.828  6.827  26.498 0.0000000000
78780  -40.298  7.480  26.472 0.0000000000
76801  -38.738  4.938  26.047 0.0000000000
76792  -38.788  5.126  26.872 0.0000000000
129257  -39.475  4.685  29.330 0.0000000000
76785  -39.977  5.314  28.977 0.0000000000
75744  -39.664  4.502  30.054 0.0000000000
85687  -59.236  14.819  10.777 0.0000000000
86583  -59.122  15.280  11.124 0.0000000000
87472  -58.330  16.485  9.906 0.0000000000
86594  -58.750  16.054  10.000 0.0000000000
87483  -58.152  16.591  9.587 0.0000000000
87482  -57.765  17.108  9.439 0.0000000000
82705  -52.888  11.134  15.945 0.0000000000
82725  -52.259  11.723  15.487 0.0000000000
83662  -52.646  12.842  14.406 0.0000000000
83644  -53.368  12.268  14.624 0.0000000000
85633  -51.773  14.236  14.508 0.0000000000
136943  -52.122  14.702  14.172 0.0000000000
85658  -53.906  15.113  12.268 0.0000000000
127899  -53.216  14.604  12.945 0.0000000000
85659  -54.586  14.751  12.220 0.0000000000
86579  -55.684  15.659  11.569 0.0000000000
87480  -56.536  17.573  10.547 0.0000000000
88396  -57.339  17.575  9.086 0.0000000000
88395  -56.583  18.132  9.105 0.0000000000
88406  -56.157  17.958  8.766 0.0000000000
89229  -55.325  19.102  10.002 0.0000000000
89242  -55.070  18.826  9.230 0.0000000000
89228  -54.496  19.000  9.935 0.0000000000
89192  -55.016  18.976  13.827 0.0000000000
90044  -54.576  20.056  12.961 0.0000000000
90056  -54.615  19.855  11.914 0.0000000000
136320  -53.674  19.363  11.554 0.0000000000
89213  -53.587  18.898  10.692 0.0000000000
89212  -52.644  18.669  11.705 0.0000000000
125718  -51.898  20.295  12.479 0.0000000000
89199  -52.373  19.106  12.418 0.0000000000
90042  -51.419  19.976  12.059 0.0000000000
90055  -50.917  19.701  11.709 0.0000000000
90889  -51.445  20.641  12.605 0.0000000000
80686  -42.915  10.112  26.843 0.0000000000
81682  -43.446  10.540  25.499 0.0000000000
82601  -45.731  11.218  26.132 0.0000000000
82609  -45.348  11.334  25.240 0.0000000000
123514  -46.047  11.533  24.802 0.0000000000
82621  -46.171  11.691  24.137 0.0000000000
120509  -46.884  11.684  24.754 0.0000000000
81658  -46.668  10.645  28.560 0.0000000000
82593  -46.992  11.149  27.123 0.0000000000
83541  -48.715  12.193  25.019 0.0000000000
83540  -48.080  12.180  24.398 0.0000000000
83550  -47.711  12.289  23.642 0.0000000000
83552  -49.092  12.580  23.057 0.0000000000
84575  -50.655  13.585  22.243 0.0000000000
85568  -50.716  14.084  21.462 0.0000000000
84580  -51.335  14.223  22.057 0.0000000000
81614  -50.281  10.577  32.712 0.0000000000
81631  -49.913  10.880  31.751 0.0000000000
83520  -51.509  12.429  29.327 0.0000000000
82584  -50.828  12.119  29.739 0.0000000000
83524  -51.085  12.419  28.426 0.0000000000
85525  -53.702  14.837  27.516 0.0000000000
84539  -53.472  13.925  28.886 0.0000000000
84549  -53.629  14.528  27.439 0.0000000000
85549  -53.406  14.434  24.800 0.0000000000
84558  -53.232  13.990  26.328 0.0000000000
118419  -52.405  13.649  25.541 0.0000000000
129419  -51.208  12.988  26.218 0.0000000000
84562  -51.730  13.507  24.833 0.0000000000
84570  -51.613  13.630  24.022 0.0000000000
86480  -52.827  15.549  21.425 0.0000000000
85570  -52.365  14.983  21.948 0.0000000000
86479  -52.030  15.248  21.229 0.0000000000
86490  -52.249  15.765  20.579 0.0000000000
86501  -52.579  16.837  19.298 0.0000000000
86491  -52.930  16.467  20.152 0.0000000000
88279  -54.779  17.413  20.237 0.0000000000
88294  -54.459  17.785  19.467 0.0000000000
89147  -55.578  19.278  18.755 0.0000000000
89101  -55.677  18.512  21.562 0.0000000000
89102  -56.122  18.533  21.337 0.0000000000
89117  -55.937  19.071  20.968 0.0000000000
91712  -54.830  21.431  17.919 0.0000000000
90830  -55.492  20.347  18.908 0.0000000000
91719  -55.190  21.443  17.524 0.0000000000
90859  -55.399  21.251  17.206 0.0000000000
91729  -54.894  21.703  16.775 0.0000000000
91748  -54.208  22.005  15.341 0.0000000000
91737  -53.810  22.230  15.627 0.0000000000
136485  -51.999  21.673  14.536 0.0000000000
91745  -52.022  21.715  14.175 0.0000000000
91744  -51.638  21.324  13.743 0.0000000000
90888  -51.067  20.456  12.543 0.0000000000
90033  -50.772  20.288  13.044 0.0000000000
89990  -50.359  19.898  16.972 0.0000000000
90006  -48.733  19.743  16.413 0.0000000000
119861  -49.383  19.553  16.089 0.0000000000
86447  -48.473  15.553  24.242 0.0000000000
86460  -48.659  15.823  23.367 0.0000000000
86459  -47.746  15.710  23.491 0.0000000000
128552  -46.901  16.284  21.958 0.0000000000
87357  -47.641  16.309  22.082 0.0000000000
87375  -47.173  16.539  21.288 0.0000000000
88274  -47.398  17.130  20.097 0.0000000000
87372  -44.007  16.416  21.700 0.0000000000
87373  -44.964  16.386  21.681 0.0000000000
87389  -44.445  16.686  20.964 0.0000000000
126927  -45.539  17.998  19.028 0.0000000000
88288  -45.235  17.485  19.629 0.0000000000
89128  -46.390  18.003  18.963 0.0000000000
89967  -46.305  19.365  17.601 0.0000000000
89986  -45.923  20.188  16.535 0.0000000000
125817  -45.281  20.883  14.569 0.0000000000
89173  -44.973  20.360  14.517 0.0000000000
130393  -44.488  19.712  14.916 0.0000000000
90015  -43.519  20.557  14.264 0.0000000000
90001  -42.786  20.180  14.650 0.0000000000
134925  -42.145  20.584  14.644 0.0000000000
90825  -42.320  20.837  17.432 0.0000000000
125355  -42.137  21.786  16.339 0.0000000000
91734  -41.390  21.906  15.211 0.0000000000
90864  -41.081  21.537  15.170 0.0000000000
90013  -40.594  20.707  15.342 0.0000000000
91677  -45.405  22.068  22.761 0.0000000000
91676  -44.565  21.760  22.577 0.0000000000
92553  -45.890  22.619  22.059 0.0000000000
92580  -45.366  23.270  20.504 0.0000000000
92590  -44.203  23.540  19.205 0.0000000000
80716  -43.936  9.535  22.673 0.0000000000
81715  -44.835  10.170  21.890 0.0000000000
81702  -43.966  10.323  23.030 0.0000000000
81703  -44.332  10.846  23.480 0.0000000000
84457  -46.309  13.589  35.591 0.0000000000
85456  -45.921  14.099  35.040 0.0000000000
85463  -45.028  14.385  33.592 0.0000000000
86375  -45.526  15.152  33.550 0.0000000000
86383  -46.237  15.867  33.177 0.0000000000
87270  -46.889  16.484  32.749 0.0000000000
87505  -54.898  16.802  8.592 0.0000000000
77758  -39.563  6.046  31.809 0.0000000000
78817  -52.436  7.499  23.935 0.0000000000
78816  -51.922  7.339  23.444 0.0000000000
117700  -49.776  6.406  23.916 0.0000000000
73830  -39.901  2.582  24.694 0.0000000000
73819  -39.111  2.642  24.888 0.0000000000
82707  -55.359  11.625  16.254 0.0000000000
82727  -54.580  11.560  15.627 0.0000000000
85606  -50.210  15.003  17.808 0.0000000000
86528  -50.632  15.336  16.586 0.0000000000
86517  -50.579  15.484  17.440 0.0000000000
86518  -51.049  16.084  17.027 0.0000000000
87428  -51.625  16.590  16.576 0.0000000000
87413  -52.330  17.332  17.908 0.0000000000
120146  -52.596  17.264  18.625 0.0000000000
80630  -46.563  9.553  31.789 0.0000000000
80631  -47.241  10.003  31.579 0.0000000000
81629  -47.952  10.467  31.222 0.0000000000
128500  -48.505  10.802  30.855 0.0000000000
86424  -51.448  15.573  26.891 0.0000000000
127902  -52.218  16.129  25.668 0.0000000000
87330  -51.982  16.336  24.844 0.0000000000
88241  -53.158  17.457  22.821 0.0000000000
88226  -52.623  17.014  23.359 0.0000000000
88240  -52.194  17.278  22.646 0.0000000000
89098  -51.663  17.830  21.413 0.0000000000
88278  -51.022  17.997  20.752 0.0000000000
139505  -49.971  16.792  21.861 0.0000000000
88220  -41.513  17.631  24.289 0.0000000000
88224  -41.534  17.672  23.552 0.0000000000
89068  -41.514  18.352  23.924 0.0000000000
89922  -41.528  19.445  22.095 0.0000000000
89930  -41.525  19.830  21.371 0.0000000000
90796  -41.702  20.122  21.959 0.0000000000
90797  -42.251  20.528  22.461 0.0000000000
91674  -42.754  21.218  22.048 0.0000000000
80755  -49.896  9.338  18.050 0.0000000000
80754  -48.987  9.384  18.365 0.0000000000
81745  -49.214  10.041  17.833 0.0000000000
81744  -48.472  10.217  18.221 0.0000000000
82657  -46.653  11.329  20.882 0.0000000000
82671  -47.481  11.401  19.993 0.0000000000
82658  -47.294  11.714  20.617 0.0000000000
82659  -47.867  12.067  20.281 0.0000000000
83594  -48.409  12.443  19.911 0.0000000000
83595  -48.872  12.965  19.561 0.0000000000
83582  -48.942  13.087  20.415 0.0000000000
83570  -49.184  13.066  21.348 0.0000000000
80572  -50.497  9.765  37.510 0.0000000000
80584  -50.817  9.825  36.449 0.0000000000
81579  -51.277  10.322  37.671 0.0000000000
82518  -51.776  11.072  37.450 0.0000000000
83442  -52.406  12.191  35.953 0.0000000000
119549  -47.817  12.363  33.494 0.0000000000
83467  -49.028  12.597  33.675 0.0000000000
139332  -49.633  13.625  30.907 0.0000000000
117084  -49.528  13.865  30.212 0.0000000000
85508  -48.534  14.146  28.405 0.0000000000
134905  -48.225  14.308  27.674 0.0000000000
84546  -47.672  13.957  27.998 0.0000000000
84536  -47.011  13.700  28.529 0.0000000000
136458  -46.221  13.635  28.377 0.0000000000
85493  -43.786  14.278  30.311 0.0000000000
84523  -43.957  13.837  30.090 0.0000000000
86409  -43.404  15.227  29.809 0.0000000000
123382  -43.059  15.080  29.226 0.0000000000
86412  -42.750  15.457  28.661 0.0000000000
87310  -42.363  15.907  28.060 0.0000000000
87311  -42.872  16.385  28.640 0.0000000000
88204  -43.298  17.261  28.384 0.0000000000
88210  -43.776  18.063  28.048 0.0000000000
88389  -50.796  17.113  10.224 0.0000000000
88377  -51.462  17.418  10.712 0.0000000000
78774  -41.143  7.738  27.761 0.0000000000
78765  -42.058  7.677  29.064 0.0000000000
78757  -42.415  7.203  29.883 0.0000000000
76738  -42.272  5.623  32.397 0.0000000000
76749  -42.687  5.686  32.018 0.0000000000
76739  -42.867  5.796  32.579 0.0000000000
77760  -43.296  6.023  32.362 0.0000000000
78730  -44.355  7.168  32.372 0.0000000000
78716  -44.580  7.014  33.208 0.0000000000
78703  -44.469  7.025  33.611 0.0000000000
80577  -43.391  9.749  35.454 0.0000000000
80578  -44.519  9.656  36.000 0.0000000000
80568  -45.145  9.643  36.332 0.0000000000
119488  -46.016  9.604  36.753 0.0000000000
81577  -45.272  10.406  37.191 0.0000000000
84610  -58.103  13.153  17.994 0.0000000000
83606  -57.837  12.538  18.796 0.0000000000
81748  -56.318  10.943  19.176 0.0000000000
80726  -54.560  9.239  21.338 0.0000000000
80734  -54.989  9.515  20.852 0.0000000000
80744  -55.079  9.674  20.196 0.0000000000
80733  -54.477  9.323  20.577 0.0000000000
126111  -52.717  8.835  19.050 0.0000000000
79773  -52.318  8.487  19.577 0.0000000000
79761  -50.963  7.963  19.916 0.0000000000
136339  -47.327  7.094  21.309 0.0000000000
78833  -46.631  7.394  21.172 0.0000000000
118230  -45.975  7.751  21.139 0.0000000000
74813  -45.803  3.328  26.243 0.0000000000
73808  -46.245  2.993  26.770 0.0000000000
74814  -46.535  3.633  26.507 0.0000000000
74815  -47.241  3.931  26.801 0.0000000000
75777  -48.507  4.747  26.790 0.0000000000
75776  -47.615  4.692  26.406 0.0000000000
119747  -48.225  5.547  25.497 0.0000000000
77834  -41.569  6.763  23.898 0.0000000000
77826  -40.830  6.877  24.441 0.0000000000
78801  -40.679  7.657  24.865 0.0000000000
128591  -40.267  6.982  25.060 0.0000000000
77813  -39.492  6.310  26.058 0.0000000000
86581  -57.815  16.024  10.922 0.0000000000
82724  -51.381  11.866  15.690 0.0000000000
83661  -51.977  12.771  14.689 0.0000000000
86547  -52.267  15.566  14.028 0.0000000000
86557  -53.353  15.677  12.718 0.0000000000
86565  -54.038  16.103  12.115 0.0000000000
140194  -55.379  16.268  11.573 0.0000000000
88379  -56.351  18.341  10.248 0.0000000000
89231  -56.261  18.485  9.636 0.0000000000
88369  -56.052  18.277  11.177 0.0000000000
89214  -55.780  19.067  11.488 0.0000000000
90058  -55.519  19.411  10.925 0.0000000000
89193  -54.929  19.690  13.902 0.0000000000
90034  -53.741  20.408  13.664 0.0000000000
90882  -52.713  21.202  13.574 0.0000000000
81663  -43.755  10.317  27.139 0.0000000000
81674  -44.331  10.653  26.593 0.0000000000
81675  -45.201  10.819  26.762 0.0000000000
82594  -47.854  11.352  27.319 0.0000000000
82604  -48.410  11.651  26.669 0.0000000000
133799  -49.575  12.620  23.675 0.0000000000
82550  -51.973  11.758  32.552 0.0000000000
82565  -51.130  11.451  31.574 0.0000000000
138957  -51.654  11.877  31.243 0.0000000000
83516  -51.782  12.367  30.164 0.0000000000
83525  -52.535  12.977  28.894 0.0000000000
120991  -54.138  15.177  26.470 0.0000000000
84559  -53.848  14.682  26.394 0.0000000000
85547  -54.075  14.975  25.700 0.0000000000
130058  -53.404  14.590  24.103 0.0000000000
85555  -52.822  14.480  23.389 0.0000000000
86472  -53.427  15.394  22.203 0.0000000000
87395  -55.161  17.078  21.015 0.0000000000
88295  -55.490  18.194  20.027 0.0000000000
89939  -54.197  19.519  20.308 0.0000000000
89954  -54.767  19.986  19.681 0.0000000000
90818  -54.458  20.515  19.025 0.0000000000
90828  -54.245  21.032  18.315 0.0000000000
91717  -53.864  21.866  16.704 0.0000000000
91727  -53.412  22.133  16.023 0.0000000000
90874  -51.604  21.285  14.342 0.0000000000
90867  -51.367  20.727  14.995 0.0000000000
89144  -49.451  18.738  18.372 0.0000000000
86458  -46.770  15.635  23.600 0.0000000000
86469  -46.112  15.821  22.901 0.0000000000
87374  -46.332  16.428  21.482 0.0000000000
88270  -43.915  17.142  20.346 0.0000000000
88287  -44.358  17.592  19.694 0.0000000000
89140  -44.898  18.684  18.509 0.0000000000
89966  -45.414  19.469  17.612 0.0000000000
89985  -44.911  20.408  16.360 0.0000000000
89172  -44.199  20.522  14.229 0.0000000000
127469  -44.207  21.070  14.249 0.0000000000
90851  -43.222  21.200  14.576 0.0000000000
91710  -42.052  22.057  17.283 0.0000000000
91715  -41.655  22.363  16.368 0.0000000000
119422  -41.411  22.326  15.846 0.0000000000
91725  -41.004  22.191  15.444 0.0000000000
91724  -40.319  21.652  15.758 0.0000000000
92609  -40.536  22.188  16.210 0.0000000000
130461  -41.040  22.658  16.776 0.0000000000
79759  -46.410  8.916  19.939 0.0000000000
81723  -46.313  10.494  20.475 0.0000000000
81717  -45.987  10.939  21.179 0.0000000000
81716  -45.370  10.452  21.527 0.0000000000
82648  -46.410  11.671  21.660 0.0000000000
136202  -48.969  11.716  37.532 0.0000000000
83453  -47.433  12.244  34.931 0.0000000000
83481  -47.088  12.336  33.055 0.0000000000
135746  -47.064  12.465  32.184 0.0000000000
83495  -46.215  12.512  31.757 0.0000000000
83515  -46.105  12.714  30.875 0.0000000000
83494  -45.396  12.618  31.416 0.0000000000
83478  -44.825  12.838  31.849 0.0000000000
84495  -44.339  13.443  31.441 0.0000000000
85467  -44.587  14.186  32.807 0.0000000000
117077  -44.253  14.079  32.030 0.0000000000
85478  -44.091  14.095  31.376 0.0000000000
87281  -44.583  15.746  31.057 0.0000000000
87300  -45.232  16.621  30.711 0.0000000000
88190  -45.754  17.356  30.373 0.0000000000
88391  -53.229  17.829  9.513 0.0000000000
76762  -40.878  5.284  30.420 0.0000000000
75730  -40.571  5.109  31.036 0.0000000000
127479  -41.173  5.341  31.343 0.0000000000
76737  -41.359  5.487  32.172 0.0000000000
77759  -40.450  5.867  32.136 0.0000000000
77745  -41.215  5.986  32.520 0.0000000000
79744  -53.105  8.250  22.126 0.0000000000
77865  -50.269  6.918  21.817 0.0000000000
77857  -51.162  7.044  23.087 0.0000000000
77856  -50.439  6.807  22.662 0.0000000000
77854  -48.283  6.510  22.498 0.0000000000
77853  -47.366  6.457  22.683 0.0000000000
72815  -45.260  1.421  27.788 0.0000000000
72814  -44.591  1.137  27.445 0.0000000000
72823  -44.303  1.489  26.614 0.0000000000
73807  -44.706  2.201  26.244 0.0000000000
74812  -45.026  3.008  25.951 0.0000000000
76825  -40.422  4.981  24.413 0.0000000000
76824  -39.622  5.042  24.830 0.0000000000
75773  -38.368  4.271  26.132 0.0000000000
74823  -38.227  3.628  25.737 0.0000000000
74811  -38.009  3.875  26.649 0.0000000000
84629  -50.054  13.707  16.035 0.0000000000
84639  -50.924  13.676  15.356 0.0000000000
129685  -51.234  14.534  15.180 0.0000000000
86538  -51.402  15.507  15.411 0.0000000000
128558  -53.691  17.432  13.352 0.0000000000
124769  -53.800  18.196  13.978 0.0000000000
88343  -53.621  18.344  14.933 0.0000000000
89178  -54.329  19.092  15.380 0.0000000000
81657  -45.819  10.473  28.378 0.0000000000
81650  -46.091  10.277  29.190 0.0000000000
81659  -47.466  10.854  28.774 0.0000000000
81645  -47.123  10.416  30.155 0.0000000000
82587  -48.163  11.246  28.236 0.0000000000
83529  -49.745  12.225  26.792 0.0000000000
85496  -53.282  14.230  30.504 0.0000000000
85503  -53.488  14.215  29.834 0.0000000000
85512  -53.395  14.661  28.990 0.0000000000
85524  -53.428  14.962  27.953 0.0000000000
86419  -53.673  15.227  27.222 0.0000000000
86426  -53.436  15.788  26.885 0.0000000000
86438  -53.832  15.927  26.410 0.0000000000
86439  -54.169  15.687  26.157 0.0000000000
86450  -54.245  15.727  25.387 0.0000000000
86451  -54.703  16.405  24.072 0.0000000000
87346  -55.211  16.719  23.509 0.0000000000
87381  -55.718  17.120  22.615 0.0000000000
88229  -55.550  17.063  23.093 0.0000000000
89088  -55.504  17.991  22.220 0.0000000000
89100  -54.715  18.354  21.859 0.0000000000
88260  -53.672  17.973  22.155 0.0000000000
123173  -53.822  18.564  21.492 0.0000000000
139591  -52.646  19.680  19.516 0.0000000000
89972  -52.125  20.174  18.321 0.0000000000
125485  -51.523  20.065  17.848 0.0000000000
89951  -51.293  19.573  18.496 0.0000000000
89145  -50.407  19.084  18.483 0.0000000000
89113  -50.545  18.252  19.994 0.0000000000
89130  -48.146  18.100  19.006 0.0000000000
86443  -43.902  15.485  24.001 0.0000000000
87339  -44.269  15.792  23.153 0.0000000000
87338  -43.511  15.852  23.325 0.0000000000
119213  -43.545  16.167  22.545 0.0000000000
87371  -43.068  16.612  21.770 0.0000000000
88238  -41.817  17.231  22.813 0.0000000000
88255  -42.278  17.135  21.892 0.0000000000
138779  -42.772  17.108  21.274 0.0000000000
88269  -43.028  17.471  20.661 0.0000000000
89125  -42.887  18.770  19.584 0.0000000000
89963  -42.734  20.047  18.314 0.0000000000
89949  -42.301  19.594  19.163 0.0000000000
89948  -41.655  20.023  19.425 0.0000000000
139186  -41.662  20.630  18.931 0.0000000000
90811  -41.556  20.332  20.572 0.0000000000
90816  -41.585  20.538  19.647 0.0000000000
91704  -41.832  21.303  18.708 0.0000000000
92599  -42.875  23.548  17.923 0.0000000000
81781  -51.518  10.673  16.529 0.0000000000
82703  -51.060  11.368  16.187 0.0000000000
82702  -50.259  11.672  16.399 0.0000000000
82679  -48.297  11.272  18.432 0.0000000000
82688  -48.660  11.575  17.849 0.0000000000
131491  -49.564  13.047  16.596 0.0000000000
85605  -49.790  14.390  17.796 0.0000000000
85594  -49.720  14.174  18.595 0.0000000000
85595  -50.194  14.832  18.517 0.0000000000
85584  -50.687  14.974  20.011 0.0000000000
133029  -48.809  9.499  33.642 0.0000000000
80615  -48.672  9.875  32.866 0.0000000000
81600  -50.684  10.438  33.745 0.0000000000
80592  -51.113  10.203  35.914 0.0000000000
81601  -52.081  11.135  34.550 0.0000000000
81615  -51.634  11.218  33.322 0.0000000000
82542  -52.655  12.019  33.535 0.0000000000
82551  -52.528  12.675  32.768 0.0000000000
83485  -52.593  13.182  32.105 0.0000000000
82526  -50.896  12.063  36.983 0.0000000000
83441  -51.606  12.539  36.085 0.0000000000
83456  -52.167  12.625  35.135 0.0000000000
83469  -52.017  12.973  34.137 0.0000000000
84499  -52.718  13.659  31.701 0.0000000000
84520  -53.119  14.048  31.216 0.0000000000
85495  -52.718  14.338  30.739 0.0000000000
85510  -51.663  14.904  29.204 0.0000000000
117809  -50.454  14.583  29.158 0.0000000000
117278  -50.754  14.909  28.434 0.0000000000
86417  -51.067  15.256  27.715 0.0000000000
118320  -50.294  15.461  26.134 0.0000000000
87328  -50.082  15.866  23.971 0.0000000000
86448  -49.521  15.595  24.626 0.0000000000
117419  -48.783  15.388  25.021 0.0000000000
117279  -48.020  15.311  25.030 0.0000000000
85534  -47.740  14.679  26.449 0.0000000000
85544  -47.785  14.964  25.693 0.0000000000
86434  -47.161  15.171  25.137 0.0000000000
131862  -46.321  14.942  25.340 0.0000000000
139477  -45.720  15.074  24.944 0.0000000000
86433  -44.956  14.937  24.967 0.0000000000
84516  -45.760  12.996  30.108 0.0000000000
84535  -45.399  13.548  28.678 0.0000000000
84544  -45.680  13.804  27.868 0.0000000000
84533  -43.945  13.793  29.427 0.0000000000
84543  -44.671  13.784  28.149 0.0000000000
85517  -45.069  14.070  27.193 0.0000000000
85541  -44.564  14.631  25.716 0.0000000000
86432  -43.947  14.951  24.981 0.0000000000
86442  -43.097  15.389  24.617 0.0000000000
86430  -42.378  15.628  25.199 0.0000000000
87327  -41.857  16.312  25.017 0.0000000000
87317  -41.875  16.386  26.823 0.0000000000
87316  -41.666  16.831  26.165 0.0000000000
87321  -41.592  16.892  25.483 0.0000000000
89064  -41.953  18.371  25.329 0.0000000000
89893  -42.561  19.186  25.093 0.0000000000
89901  -43.130  19.783  24.919 0.0000000000
80691  -41.913  9.398  24.955 0.0000000000
81681  -42.683  10.088  24.995 0.0000000000
80692  -42.250  9.729  25.619 0.0000000000
80685  -42.262  9.656  26.416 0.0000000000
79697  -42.059  8.798  27.778 0.0000000000
80675  -43.237  9.818  27.642 0.0000000000
78758  -43.110  7.599  30.231 0.0000000000
79679  -43.494  8.417  29.733 0.0000000000
80658  -44.709  9.489  29.526 0.0000000000
80629  -45.908  9.294  31.523 0.0000000000
79653  -45.437  8.498  32.099 0.0000000000
79627  -47.221  8.759  33.554 0.0000000000
79624  -43.438  7.359  33.888 0.0000000000
78695  -44.712  7.337  34.101 0.0000000000
79616  -44.818  8.225  34.855 0.0000000000
134887  -45.349  7.550  34.345 0.0000000000
79625  -45.884  7.650  34.205 0.0000000000
80600  -48.079  8.918  34.099 0.0000000000
80582  -48.881  8.978  36.227 0.0000000000
80570  -47.886  9.262  36.988 0.0000000000
80571  -49.482  9.358  37.079 0.0000000000
80563  -49.863  9.826  37.798 0.0000000000
81570  -49.421  10.475  38.276 0.0000000000
126853  -49.115  11.255  38.706 0.0000000000
139770  -47.593  11.776  39.375 0.0000000000
83605  -57.324  12.405  17.858 0.0000000000
82708  -56.226  11.811  16.811 0.0000000000
81764  -53.790  10.123  17.444 0.0000000000
81747  -55.555  10.453  19.083 0.0000000000
81734  -55.043  9.904  19.405 0.0000000000
79787  -52.002  8.685  18.826 0.0000000000
79786  -51.176  8.655  18.669 0.0000000000
79784  -49.525  8.707  18.689 0.0000000000
78848  -51.282  7.731  20.721 0.0000000000
78846  -49.556  7.569  20.217 0.0000000000
78835  -48.890  7.156  20.841 0.0000000000
137477  -45.876  8.876  20.390 0.0000000000
79750  -44.962  8.814  21.491 0.0000000000
80709  -42.754  9.294  23.687 0.0000000000
77816  -51.568  6.607  25.511 0.0000000000
74785  -49.682  3.470  29.561 0.0000000000
75746  -50.063  4.100  29.121 0.0000000000
75756  -50.404  4.599  28.664 0.0000000000
73799  -47.190  2.745  27.835 0.0000000000
74793  -48.768  3.741  28.171 0.0000000000
75755  -49.832  4.360  28.489 0.0000000000
75768  -50.027  4.741  27.937 0.0000000000
76795  -49.740  5.381  26.651 0.0000000000
77806  -50.999  6.128  25.916 0.0000000000
117021  -50.945  6.382  25.226 0.0000000000
77828  -48.990  6.154  24.001 0.0000000000
141221  -48.507  6.222  23.650 0.0000000000
77839  -45.861  6.233  23.209 0.0000000000
75801  -45.186  4.685  24.697 0.0000000000
76830  -45.630  5.016  24.717 0.0000000000
125361  -45.104  5.184  24.201 0.0000000000
76829  -44.232  5.207  23.988 0.0000000000
76839  -45.469  5.790  23.763 0.0000000000
79724  -42.085  9.018  24.179 0.0000000000
79705  -41.093  8.648  26.050 0.0000000000
78781  -40.921  8.179  26.878 0.0000000000
78788  -40.373  7.601  25.581 0.0000000000
78773  -40.635  6.968  28.089 0.0000000000
76811  -39.301  5.553  25.524 0.0000000000
76802  -39.142  5.639  26.469 0.0000000000
76794  -39.706  5.815  28.066 0.0000000000
131267  -40.204  4.863  30.508 0.0000000000
75729  -39.707  4.671  30.548 0.0000000000
76746  -39.170  5.450  31.251 0.0000000000
76761  -38.532  4.766  30.730 0.0000000000
77768  -38.217  5.737  31.023 0.0000000000
84721  -58.571  14.342  9.993 0.0000000000
85699  -58.863  15.341  9.916 0.0000000000
124226  -57.840  15.058  9.503 0.0000000000
86613  -57.699  16.335  9.155 0.0000000000
86617  -56.686  16.326  8.713 0.0000000000
137544  -53.965  11.452  15.378 0.0000000000
125301  -54.092  11.773  14.937 0.0000000000
84650  -51.997  13.436  14.414 0.0000000000
85644  -52.569  14.685  13.644 0.0000000000
84684  -55.000  14.082  12.563 0.0000000000
85676  -56.295  15.043  11.786 0.0000000000
86580  -56.650  15.893  11.298 0.0000000000
87470  -57.092  16.768  10.657 0.0000000000
87508  -57.335  17.248  8.876 0.0000000000
86616  -55.766  16.471  8.574 0.0000000000
87506  -55.712  17.338  8.541 0.0000000000
88405  -55.266  17.898  8.608 0.0000000000
89243  -55.812  18.745  9.410 0.0000000000
87504  -54.385  17.606  8.804 0.0000000000
88392  -54.053  18.023  9.138 0.0000000000
89201  -55.626  19.240  12.295 0.0000000000
90046  -55.522  19.536  11.729 0.0000000000
90045  -55.321  19.800  12.372 0.0000000000
90057  -55.223  19.816  11.359 0.0000000000
89227  -53.496  18.428  9.840 0.0000000000
88378  -52.557  17.835  10.167 0.0000000000
88366  -51.109  18.007  11.350 0.0000000000
89226  -50.144  18.873  10.909 0.0000000000
130145  -43.509  10.539  24.607 0.0000000000
81692  -44.222  10.925  24.247 0.0000000000
136531  -44.068  10.780  25.937 0.0000000000
82619  -44.824  11.232  24.594 0.0000000000
82633  -46.197  11.850  23.333 0.0000000000
83549  -46.902  12.226  23.043 0.0000000000
81676  -46.111  10.962  26.936 0.0000000000
82603  -47.564  11.463  26.473 0.0000000000
82611  -47.252  11.563  25.630 0.0000000000
83559  -47.655  12.414  22.721 0.0000000000
83560  -48.432  12.563  22.435 0.0000000000
84579  -49.848  13.163  22.065 0.0000000000
84591  -50.090  13.932  20.773 0.0000000000
85577  -50.724  14.539  20.755 0.0000000000
85585  -51.389  15.582  19.867 0.0000000000
81613  -49.156  10.350  32.352 0.0000000000
81648  -49.219  11.077  30.961 0.0000000000
82579  -49.642  11.368  30.327 0.0000000000
82597  -49.978  12.010  28.239 0.0000000000
83534  -50.606  12.620  26.626 0.0000000000
83526  -53.259  13.653  29.796 0.0000000000
84547  -52.886  13.411  28.193 0.0000000000
84553  -52.574  13.388  27.386 0.0000000000
83535  -51.556  12.950  26.907 0.0000000000
83537  -50.485  12.762  25.776 0.0000000000
83542  -51.002  13.152  24.462 0.0000000000
84576  -51.388  13.939  22.644 0.0000000000
85561  -52.050  14.493  22.591 0.0000000000
85569  -51.463  14.699  21.455 0.0000000000
139713  -51.936  16.451  19.137 0.0000000000
88302  -53.130  17.766  18.267 0.0000000000
87402  -53.683  17.065  19.760 0.0000000000
89156  -54.479  19.052  17.469 0.0000000000
140894  -55.098  19.980  16.434 0.0000000000
88262  -55.976  17.588  21.988 0.0000000000
88296  -56.078  18.388  20.576 0.0000000000
136812  -55.946  19.011  19.801 0.0000000000
89955  -55.465  19.853  19.650 0.0000000000
89956  -55.762  19.680  19.568 0.0000000000
89975  -55.704  19.816  18.936 0.0000000000
89974  -55.644  19.932  18.146 0.0000000000
90009  -55.388  20.630  16.822 0.0000000000
125590  -55.095  20.600  16.076 0.0000000000
91754  -53.051  21.940  14.213 0.0000000000
91759  -52.047  21.395  13.343 0.0000000000
91746  -52.636  22.050  14.554 0.0000000000
91753  -52.290  21.698  13.897 0.0000000000
90881  -51.708  21.114  13.094 0.0000000000
90895  -50.932  20.129  12.067 0.0000000000
89991  -51.307  20.314  17.171 0.0000000000
90007  -49.741  19.704  16.459 0.0000000000
90020  -50.137  19.362  15.606 0.0000000000
87341  -49.585  16.098  23.191 0.0000000000
87359  -49.360  16.402  22.368 0.0000000000
87377  -49.069  16.634  21.631 0.0000000000
86471  -48.072  16.007  22.753 0.0000000000
87376  -48.145  16.574  21.475 0.0000000000
88256  -48.708  16.880  20.896 0.0000000000
88275  -48.256  17.210  20.205 0.0000000000
89129  -47.257  18.060  18.984 0.0000000000
133416  -45.722  16.339  21.735 0.0000000000
88271  -44.865  17.032  20.258 0.0000000000
88272  -45.778  17.000  20.169 0.0000000000
88273  -46.598  17.058  20.082 0.0000000000
88290  -46.907  17.532  19.538 0.0000000000
89968  -47.165  19.283  17.630 0.0000000000
89987  -46.763  19.966  16.684 0.0000000000
90853  -45.847  20.653  14.951 0.0000000000
90017  -46.375  20.244  14.996 0.0000000000
89174  -45.823  19.842  14.862 0.0000000000
89164  -43.600  19.504  15.267 0.0000000000
90836  -42.848  21.289  15.856 0.0000000000
91726  -42.173  21.434  14.863 0.0000000000
90848  -39.533  20.834  16.011 0.0000000000
88202  -46.255  17.961  29.990 0.0000000000
89880  -44.834  19.278  27.243 0.0000000000
89887  -44.517  19.635  26.539 0.0000000000
89895  -44.140  19.956  25.845 0.0000000000
90764  -44.620  20.543  25.336 0.0000000000
138227  -43.897  20.533  24.498 0.0000000000
91652  -45.974  21.531  24.517 0.0000000000
91651  -45.089  21.380  24.166 0.0000000000
90786  -43.903  20.785  24.051 0.0000000000
91663  -43.949  21.250  23.295 0.0000000000
91675  -43.661  21.508  22.353 0.0000000000
91689  -43.378  21.753  21.435 0.0000000000
125432  -45.608  22.871  21.254 0.0000000000
92570  -44.893  22.589  20.980 0.0000000000
92569  -44.064  22.338  20.653 0.0000000000
92579  -43.787  22.795  19.481 0.0000000000
92589  -43.639  23.574  18.629 0.0000000000
73789  -48.105  2.660  29.032 0.0000000000
74786  -50.338  3.720  29.812 0.0000000000
76786  -50.754  5.079  28.125 0.0000000000
79722  -41.080  8.271  24.749 0.0000000000
79764  -53.331  8.663  20.667 0.0000000000
80562  -48.903  9.581  37.526 0.0000000000
80573  -51.019  9.839  37.168 0.0000000000
81567  -45.979  10.836  38.175 0.0000000000
81585  -51.688  10.459  36.884 0.0000000000
81586  -52.426  11.493  36.426 0.0000000000
81708  -44.428  10.210  22.421 0.0000000000
82499  -46.905  12.070  39.343 0.0000000000
82500  -46.803  11.297  38.951 0.0000000000
82508  -51.126  10.805  37.947 0.0000000000
82583  -50.029  11.702  29.674 0.0000000000
82589  -49.533  11.646  28.920 0.0000000000
83493  -44.760  12.853  31.044 0.0000000000
83498  -52.753  13.026  31.821 0.0000000000
83499  -53.004  13.623  31.509 0.0000000000
83517  -52.250  12.439  31.069 0.0000000000
83530  -50.501  12.370  27.483 0.0000000000
84484  -44.977  12.967  32.618 0.0000000000
84486  -52.320  13.257  32.376 0.0000000000
84496  -48.151  13.091  31.267 0.0000000000
84515  -44.913  13.022  30.285 0.0000000000
84529  -50.442  14.264  29.933 0.0000000000
84531  -53.472  13.990  30.424 0.0000000000
84537  -47.779  13.793  28.660 0.0000000000
84554  -53.269  13.924  27.089 0.0000000000
84555  -53.666  14.486  26.898 0.0000000000
84571  -52.588  14.144  24.041 0.0000000000
84609  -49.336  13.510  18.650 0.0000000000
85494  -43.909  14.701  30.961 0.0000000000
85502  -52.527  14.657  30.006 0.0000000000
85520  -48.363  14.631  27.091 0.0000000000
85529  -42.570  15.083  26.999 0.0000000000
85530  -43.240  14.559  27.017 0.0000000000
85532  -45.220  14.421  26.300 0.0000000000
85622  -50.640  14.348  15.683 0.0000000000
86405  -43.638  14.749  30.206 0.0000000000
86415  -42.248  15.694  27.323 0.0000000000
86423  -49.334  15.172  26.291 0.0000000000
86427  -53.943  15.509  26.709 0.0000000000
86431  -42.999  15.028  25.456 0.0000000000
86456  -44.871  15.520  23.762 0.0000000000
86462  -54.570  15.708  24.056 0.0000000000
87299  -44.338  16.234  30.344 0.0000000000
87313  -42.172  16.336  27.534 0.0000000000
87314  -42.539  16.764  28.001 0.0000000000
87336  -41.715  16.930  23.788 0.0000000000
87337  -42.317  16.252  23.768 0.0000000000
87340  -48.820  16.122  22.761 0.0000000000
87356  -46.281  16.163  22.190 0.0000000000
87362  -55.437  16.760  23.126 0.0000000000
87392  -47.063  16.798  20.564 0.0000000000
87507  -56.471  17.261  8.644 0.0000000000
88200  -44.499  17.384  29.390 0.0000000000
88205  -44.132  17.735  28.720 0.0000000000
88217  -41.563  17.620  25.080 0.0000000000
88218  -41.732  17.523  25.846 0.0000000000
88227  -53.825  17.166  23.646 0.0000000000
88244  -55.707  17.445  22.356 0.0000000000
88280  -55.799  17.779  20.758 0.0000000000
88281  -56.183  18.122  21.288 0.0000000000
88381  -57.226  17.688  9.257 0.0000000000
89055  -44.303  18.658  27.594 0.0000000000
89060  -44.026  18.967  26.906 0.0000000000
89157  -55.254  19.387  17.989 0.0000000000
89210  -50.748  19.062  11.467 0.0000000000
89886  -43.741  19.322  26.269 0.0000000000
89940  -55.295  19.420  20.297 0.0000000000
89941  -55.914  19.320  20.239 0.0000000000
89992  -55.634  20.621  17.598 0.0000000000
90027  -51.073  20.413  14.535 0.0000000000
90763  -43.839  20.217  25.030 0.0000000000
90775  -44.436  20.826  24.555 0.0000000000
90806  -42.053  20.784  21.655 0.0000000000
90829  -55.032  20.924  18.633 0.0000000000
90839  -51.191  20.449  16.425 0.0000000000
90842  -53.988  21.501  17.462 0.0000000000
90843  -55.418  21.100  18.225 0.0000000000
90869  -54.798  21.355  15.732 0.0000000000
90875  -53.817  21.716  14.676 0.0000000000
90880  -51.445  20.917  13.147 0.0000000000
91690  -44.298  22.012  21.673 0.0000000000
91728  -54.233  22.051  16.344 0.0000000000
91736  -52.982  22.315  15.235 0.0000000000
91738  -54.634  22.030  16.051 0.0000000000
92578  -42.882  22.256  19.613 0.0000000000
92610  -41.303  22.185  15.457 0.0000000000
93427  -44.067  23.945  18.861 0.0000000000
116683  -49.088  11.585  28.196 0.0000000000
116944  -49.155  13.327  31.412 0.0000000000
116982  -47.018  5.482  24.976 0.0000000000
117186  -52.546  12.811  33.733 0.0000000000
117478  -50.324  15.650  25.300 0.0000000000
122705  -53.224  14.538  29.777 0.0000000000
125851  -41.531  19.076  22.722 0.0000000000
130978  -52.767  16.526  24.660 0.0000000000
131319  -55.431  16.716  22.662 0.0000000000
133379  -47.482  12.000  24.348 0.0000000000
133731  -42.704  20.137  23.917 0.0000000000
134143  -44.222  14.563  31.642 0.0000000000
134250  -55.614  21.141  17.811 0.0000000000
135123  -41.615  18.228  24.643 0.0000000000
136263  -41.915  16.460  24.336 0.0000000000
136373  -52.658  15.709  27.190 0.0000000000
137046  -48.611  9.108  36.750 0.0000000000
137449  -44.458  21.176  23.898 0.0000000000
138032  -41.608  21.647  15.036 0.0000000000
139667  -43.253  19.085  26.062 0.0000000000
