#!ascii label  , from subject sub-v1s12x0050109_ses-1 vox2ras=TkReg
1494
117147  -41.847  -16.906  29.593 0.0000000000
67118  -56.612  -4.389  24.016 0.0000000000
60467  -49.300  -10.882  25.819 0.0000000000
33674  -16.236  -38.683  46.781 0.0000000000
53214  -40.944  -18.771  32.803 0.0000000000
38995  -32.402  -33.378  44.695 0.0000000000
43884  -39.912  -28.959  42.440 0.0000000000
44973  -44.966  -27.631  36.916 0.0000000000
48624  -46.881  -23.349  36.606 0.0000000000
36904  -24.746  -36.143  41.020 0.0000000000
37929  -28.798  -35.096  47.668 0.0000000000
130966  -28.909  -33.280  40.039 0.0000000000
43923  -35.485  -28.236  39.634 0.0000000000
41967  -40.644  -30.716  37.583 0.0000000000
55146  -43.340  -16.066  36.427 0.0000000000
56305  -47.011  -15.247  33.519 0.0000000000
63315  -53.398  -8.487  24.225 0.0000000000
57340  -45.406  -14.666  27.503 0.0000000000
134882  -53.316  -2.836  20.460 0.0000000000
29330  -14.545  -41.921  49.239 0.0000000000
52204  -43.618  -18.924  37.700 0.0000000000
131449  -38.884  -15.935  32.690 0.0000000000
40979  -32.981  -31.109  38.005 0.0000000000
39985  -37.051  -32.863  42.310 0.0000000000
59281  -50.084  -12.413  31.586 0.0000000000
72897  -60.427  1.780  18.389 0.0000000000
45008  -43.012  -27.056  34.723 0.0000000000
47749  -43.808  -25.434  34.358 0.0000000000
37990  -26.642  -34.829  41.166 0.0000000000
42943  -38.473  -29.682  35.539 0.0000000000
43974  -40.724  -28.819  35.104 0.0000000000
42931  -42.763  -29.296  36.715 0.0000000000
55211  -43.021  -16.649  32.555 0.0000000000
55175  -45.235  -16.547  34.651 0.0000000000
56337  -44.484  -16.163  31.123 0.0000000000
65199  -54.799  -6.858  24.135 0.0000000000
64244  -54.978  -7.110  27.564 0.0000000000
69025  -57.193  -2.611  23.666 0.0000000000
32637  -15.064  -40.148  44.110 0.0000000000
31527  -15.225  -40.329  47.056 0.0000000000
51337  -44.065  -20.130  34.425 0.0000000000
123625  -45.627  -20.333  36.860 0.0000000000
53188  -42.145  -18.437  35.305 0.0000000000
54153  -40.814  -16.597  35.936 0.0000000000
54177  -38.362  -17.098  33.375 0.0000000000
38966  -30.458  -33.621  45.993 0.0000000000
38905  -30.392  -34.511  49.226 0.0000000000
38915  -31.960  -34.639  47.922 0.0000000000
38944  -34.298  -33.966  46.635 0.0000000000
42924  -31.120  -29.825  36.139 0.0000000000
44953  -31.648  -27.269  38.241 0.0000000000
43911  -37.517  -29.041  40.169 0.0000000000
42839  -35.694  -30.222  40.745 0.0000000000
41873  -37.900  -30.749  43.478 0.0000000000
39956  -38.411  -32.999  44.872 0.0000000000
36874  -19.964  -35.561  43.691 0.0000000000
36823  -21.964  -35.118  47.378 0.0000000000
37890  -21.954  -34.294  50.326 0.0000000000
58307  -47.432  -12.880  26.493 0.0000000000
58274  -48.075  -13.075  29.674 0.0000000000
60426  -49.607  -11.699  28.993 0.0000000000
73894  -62.219  2.984  17.486 0.0000000000
33626  -16.336  -38.315  51.367 0.0000000000
42915  -47.226  -28.842  37.875 0.0000000000
45919  -47.594  -26.114  37.937 0.0000000000
45935  -45.651  -26.133  36.700 0.0000000000
48646  -44.790  -23.200  34.533 0.0000000000
136020  -24.527  -36.727  44.638 0.0000000000
35799  -26.828  -36.786  47.834 0.0000000000
36857  -27.064  -36.025  44.946 0.0000000000
120658  -28.432  -33.874  43.554 0.0000000000
118092  -30.710  -33.123  43.026 0.0000000000
44967  -33.493  -26.827  38.196 0.0000000000
43959  -35.762  -28.636  36.094 0.0000000000
42891  -37.458  -29.369  38.098 0.0000000000
122238  -39.814  -29.614  39.964 0.0000000000
42879  -43.371  -30.289  39.766 0.0000000000
139623  -44.913  -30.283  38.297 0.0000000000
119881  -21.787  -35.690  40.963 0.0000000000
55076  -44.053  -16.892  40.051 0.0000000000
54085  -47.713  -17.756  41.900 0.0000000000
118292  -45.953  -16.579  38.867 0.0000000000
56264  -47.336  -15.598  36.688 0.0000000000
62389  -51.463  -9.747  25.080 0.0000000000
61400  -51.369  -10.128  28.163 0.0000000000
63283  -53.356  -8.477  27.658 0.0000000000
24760  -12.784  -46.513  51.202 0.0000000000
56388  -43.666  -16.130  28.414 0.0000000000
58329  -45.414  -13.079  24.655 0.0000000000
62404  -48.516  -9.877  23.200 0.0000000000
63322  -50.268  -8.756  22.970 0.0000000000
65209  -52.126  -6.431  22.883 0.0000000000
67123  -53.569  -4.725  23.323 0.0000000000
68100  -53.769  -3.025  23.261 0.0000000000
68130  -51.453  -3.231  20.971 0.0000000000
31470  -15.615  -40.421  52.575 0.0000000000
29306  -13.508  -42.967  53.064 0.0000000000
26953  -12.918  -44.655  51.516 0.0000000000
119256  -47.676  -21.836  41.862 0.0000000000
130509  -48.000  -24.070  38.739 0.0000000000
50380  -46.778  -21.385  39.232 0.0000000000
52185  -44.558  -18.973  40.486 0.0000000000
133959  -42.326  -16.845  37.909 0.0000000000
55189  -40.910  -15.915  34.302 0.0000000000
116980  -40.137  -16.863  30.279 0.0000000000
36787  -28.514  -35.382  50.562 0.0000000000
40049  -31.249  -32.758  38.584 0.0000000000
39088  -33.171  -33.634  40.684 0.0000000000
43921  -33.580  -28.600  40.119 0.0000000000
40022  -35.727  -32.924  40.118 0.0000000000
131399  -34.635  -34.288  43.525 0.0000000000
38946  -36.189  -34.258  46.097 0.0000000000
138671  -16.326  -38.484  43.526 0.0000000000
35844  -17.541  -37.000  43.637 0.0000000000
135426  -17.676  -36.587  47.072 0.0000000000
56369  -45.999  -14.868  29.881 0.0000000000
120333  -48.515  -13.778  32.185 0.0000000000
58219  -50.595  -13.794  34.147 0.0000000000
61372  -52.012  -10.940  31.091 0.0000000000
69965  -54.795  -0.691  22.767 0.0000000000
71906  -55.904  1.217  22.007 0.0000000000
72873  -58.503  1.885  21.866 0.0000000000
70938  -59.225  0.001  19.593 0.0000000000
74865  -60.955  3.155  21.082 0.0000000000
45029  -41.818  -27.019  33.771 0.0000000000
45962  -42.604  -26.577  33.969 0.0000000000
45994  -41.801  -26.155  32.781 0.0000000000
43990  -39.261  -28.828  34.260 0.0000000000
45005  -40.731  -27.983  33.930 0.0000000000
43993  -41.786  -27.879  34.902 0.0000000000
55238  -42.313  -16.854  30.917 0.0000000000
119027  -43.655  -16.535  31.686 0.0000000000
55263  -42.957  -16.701  30.378 0.0000000000
66131  -55.698  -5.591  23.939 0.0000000000
65191  -55.468  -6.203  25.483 0.0000000000
66106  -56.388  -5.073  25.364 0.0000000000
67106  -57.160  -3.988  25.548 0.0000000000
68093  -56.846  -3.551  23.704 0.0000000000
33704  -15.727  -39.084  44.956 0.0000000000
131894  -15.159  -40.189  46.010 0.0000000000
133500  -16.001  -39.135  47.419 0.0000000000
52255  -42.726  -19.414  33.862 0.0000000000
52245  -43.791  -19.398  35.032 0.0000000000
53198  -42.148  -18.787  34.282 0.0000000000
117472  -40.398  -18.089  34.536 0.0000000000
53204  -39.383  -18.096  33.521 0.0000000000
36793  -23.855  -35.223  49.165 0.0000000000
134222  -31.735  -33.463  45.495 0.0000000000
117449  -31.184  -34.211  47.322 0.0000000000
118382  -32.163  -33.771  46.284 0.0000000000
38926  -33.350  -34.374  46.939 0.0000000000
38943  -33.484  -33.942  46.545 0.0000000000
43895  -38.933  -29.233  41.592 0.0000000000
42842  -38.207  -29.662  41.504 0.0000000000
42815  -38.962  -29.878  43.343 0.0000000000
41863  -38.902  -30.637  44.287 0.0000000000
118705  -23.114  -35.747  46.033 0.0000000000
131024  -23.054  -35.298  47.432 0.0000000000
37919  -22.979  -34.869  48.937 0.0000000000
50361  -48.641  -21.245  42.362 0.0000000000
59358  -48.049  -12.113  26.260 0.0000000000
59345  -48.411  -12.298  27.816 0.0000000000
60444  -49.271  -11.330  27.163 0.0000000000
43949  -45.558  -28.353  37.182 0.0000000000
44975  -46.674  -27.524  37.404 0.0000000000
44987  -45.327  -26.891  36.726 0.0000000000
47750  -44.699  -24.080  34.672 0.0000000000
127600  -43.815  -23.173  33.473 0.0000000000
50436  -43.662  -21.688  33.294 0.0000000000
35847  -24.392  -36.686  43.225 0.0000000000
122738  -25.844  -36.817  45.057 0.0000000000
36878  -25.888  -36.401  42.926 0.0000000000
39064  -27.776  -33.817  40.918 0.0000000000
37972  -27.508  -34.417  42.191 0.0000000000
39038  -28.748  -33.498  41.993 0.0000000000
118023  -29.336  -33.337  43.605 0.0000000000
39066  -29.359  -33.324  41.412 0.0000000000
44993  -34.355  -27.500  35.323 0.0000000000
42928  -39.509  -30.169  36.280 0.0000000000
42909  -38.396  -30.037  36.986 0.0000000000
41966  -38.835  -30.368  37.879 0.0000000000
42893  -38.821  -30.234  38.757 0.0000000000
41945  -40.403  -30.750  38.471 0.0000000000
42877  -41.556  -30.135  39.888 0.0000000000
41946  -41.374  -30.709  38.330 0.0000000000
140730  -43.962  -28.553  37.011 0.0000000000
42896  -44.396  -29.948  38.233 0.0000000000
42912  -44.974  -29.202  37.456 0.0000000000
41970  -46.358  -30.140  37.785 0.0000000000
36903  -22.883  -36.053  41.143 0.0000000000
55133  -43.737  -16.108  37.957 0.0000000000
55094  -45.246  -16.556  39.756 0.0000000000
140528  -44.434  -16.295  37.558 0.0000000000
56287  -46.408  -15.859  34.666 0.0000000000
137504  -46.307  -16.130  35.538 0.0000000000
57264  -47.481  -15.213  35.203 0.0000000000
57256  -48.440  -14.651  36.157 0.0000000000
133876  -47.778  -14.902  34.609 0.0000000000
140018  -52.472  -9.315  25.195 0.0000000000
62378  -52.409  -9.360  26.442 0.0000000000
63296  -53.509  -8.498  26.112 0.0000000000
65161  -56.073  -6.563  28.456 0.0000000000
62421  -49.467  -9.027  22.853 0.0000000000
63338  -48.811  -8.477  22.557 0.0000000000
65224  -50.391  -6.600  22.116 0.0000000000
66139  -51.384  -5.659  22.326 0.0000000000
66128  -53.009  -5.966  23.066 0.0000000000
67132  -51.499  -4.586  22.266 0.0000000000
68108  -51.913  -3.777  22.294 0.0000000000
30493  -14.313  -41.648  46.540 0.0000000000
29329  -13.878  -42.719  49.269 0.0000000000
125455  -16.183  -38.787  53.888 0.0000000000
32540  -15.917  -39.717  52.077 0.0000000000
32527  -15.378  -39.721  54.740 0.0000000000
30430  -13.658  -42.197  54.357 0.0000000000
28139  -13.511  -42.961  54.190 0.0000000000
29305  -13.299  -43.629  52.545 0.0000000000
26945  -13.906  -44.114  53.244 0.0000000000
25844  -14.039  -45.028  52.742 0.0000000000
122860  -46.966  -24.799  37.183 0.0000000000
46805  -47.928  -25.485  38.645 0.0000000000
48615  -47.632  -23.660  37.649 0.0000000000
51303  -45.210  -20.009  37.280 0.0000000000
51305  -46.320  -20.906  37.880 0.0000000000
120100  -45.729  -20.374  38.461 0.0000000000
51281  -45.675  -20.393  39.480 0.0000000000
52194  -44.372  -19.217  39.595 0.0000000000
53149  -43.566  -17.798  39.627 0.0000000000
53158  -42.674  -17.807  38.162 0.0000000000
56283  -39.704  -15.992  34.353 0.0000000000
56271  -40.779  -16.083  35.541 0.0000000000
56303  -39.963  -15.807  33.932 0.0000000000
55209  -41.083  -16.570  32.572 0.0000000000
116580  -40.000  -16.599  31.388 0.0000000000
36826  -28.066  -35.729  47.442 0.0000000000
36796  -27.873  -36.375  48.981 0.0000000000
36797  -28.586  -35.484  49.404 0.0000000000
41965  -32.413  -30.601  37.557 0.0000000000
40990  -31.922  -31.882  36.946 0.0000000000
40050  -32.317  -32.722  38.121 0.0000000000
39106  -32.321  -33.224  39.580 0.0000000000
39121  -33.591  -33.044  38.686 0.0000000000
44969  -34.857  -27.539  38.056 0.0000000000
44955  -33.166  -27.237  38.858 0.0000000000
43922  -34.470  -28.176  40.070 0.0000000000
40918  -36.394  -31.239  41.472 0.0000000000
40930  -35.113  -30.735  40.834 0.0000000000
40006  -36.642  -33.134  41.304 0.0000000000
133896  -35.610  -34.154  40.961 0.0000000000
37967  -36.465  -34.671  43.052 0.0000000000
38998  -36.347  -34.463  44.756 0.0000000000
38999  -37.305  -34.038  44.689 0.0000000000
42845  -44.206  -29.788  42.017 0.0000000000
35845  -18.335  -36.361  43.399 0.0000000000
36850  -18.853  -35.856  45.220 0.0000000000
35835  -17.604  -36.837  44.663 0.0000000000
38893  -21.681  -33.853  51.826 0.0000000000
56412  -44.916  -15.199  28.053 0.0000000000
56368  -45.378  -15.294  29.623 0.0000000000
57323  -45.835  -14.778  29.116 0.0000000000
59296  -48.966  -12.828  30.773 0.0000000000
58261  -47.823  -13.772  30.984 0.0000000000
134522  -49.317  -12.876  31.541 0.0000000000
58218  -49.484  -13.687  33.385 0.0000000000
59267  -50.434  -12.710  32.486 0.0000000000
61391  -52.223  -9.829  29.641 0.0000000000
61390  -51.523  -10.401  29.536 0.0000000000
117042  -52.759  -10.350  30.893 0.0000000000
69030  -53.490  -2.753  22.537 0.0000000000
69031  -54.042  -2.255  22.941 0.0000000000
69039  -54.262  -2.443  21.377 0.0000000000
70916  -55.559  -0.354  21.534 0.0000000000
70917  -56.324  0.131  21.498 0.0000000000
72872  -57.563  1.661  21.951 0.0000000000
71912  -57.275  0.752  21.563 0.0000000000
122602  -59.511  0.753  17.850 0.0000000000
71935  -58.015  -0.270  18.093 0.0000000000
71936  -59.439  0.335  18.724 0.0000000000
72882  -59.649  1.400  20.628 0.0000000000
73865  -60.719  2.606  20.011 0.0000000000
73872  -61.524  3.061  19.420 0.0000000000
74899  -63.437  2.964  17.503 0.0000000000
44985  -43.902  -27.225  35.892 0.0000000000
45950  -44.316  -26.512  35.727 0.0000000000
45963  -43.408  -26.278  34.502 0.0000000000
47763  -43.510  -24.931  33.621 0.0000000000
122156  -25.516  -35.899  41.284 0.0000000000
117426  -38.335  -28.777  34.114 0.0000000000
42963  -39.149  -29.491  35.146 0.0000000000
42929  -40.310  -29.979  36.230 0.0000000000
41984  -41.511  -29.951  36.801 0.0000000000
43961  -41.732  -28.985  35.807 0.0000000000
43977  -42.846  -28.014  35.812 0.0000000000
55173  -43.528  -16.488  34.552 0.0000000000
55160  -44.756  -16.629  35.158 0.0000000000
55191  -44.201  -16.579  33.721 0.0000000000
55213  -44.917  -16.278  32.547 0.0000000000
56319  -45.589  -15.866  32.461 0.0000000000
64276  -54.240  -7.470  23.945 0.0000000000
64255  -54.007  -7.989  25.529 0.0000000000
65177  -55.109  -6.686  25.998 0.0000000000
65178  -55.619  -6.275  26.521 0.0000000000
69960  -58.003  -1.170  24.164 0.0000000000
31535  -14.742  -40.928  46.281 0.0000000000
31510  -15.034  -41.160  49.138 0.0000000000
50421  -45.519  -21.629  35.217 0.0000000000
50411  -46.541  -21.803  36.477 0.0000000000
51327  -45.008  -20.167  35.597 0.0000000000
52234  -44.477  -19.460  36.325 0.0000000000
53180  -43.035  -18.615  36.498 0.0000000000
53179  -42.246  -18.116  36.956 0.0000000000
128254  -41.192  -18.051  35.772 0.0000000000
54169  -39.779  -16.686  34.850 0.0000000000
56301  -38.668  -16.062  33.226 0.0000000000
37942  -29.179  -34.390  46.989 0.0000000000
37920  -29.764  -34.572  48.855 0.0000000000
38922  -30.382  -34.383  48.239 0.0000000000
38907  -31.137  -34.713  49.174 0.0000000000
37931  -33.518  -34.670  47.218 0.0000000000
43945  -30.984  -28.293  37.511 0.0000000000
134181  -31.848  -28.906  38.574 0.0000000000
117868  -36.874  -28.801  39.822 0.0000000000
43909  -35.205  -28.725  40.421 0.0000000000
43893  -36.860  -29.639  40.757 0.0000000000
42826  -37.174  -30.533  41.710 0.0000000000
40920  -37.309  -31.267  42.874 0.0000000000
39970  -37.667  -32.329  43.927 0.0000000000
40899  -38.129  -31.701  44.417 0.0000000000
118017  -20.684  -35.499  42.064 0.0000000000
36875  -20.794  -35.519  43.829 0.0000000000
36836  -20.248  -35.480  46.763 0.0000000000
37917  -20.668  -34.806  48.597 0.0000000000
141058  -21.338  -34.682  48.680 0.0000000000
139470  -46.269  -13.788  26.676 0.0000000000
58292  -46.750  -13.725  28.023 0.0000000000
58293  -47.811  -12.788  27.982 0.0000000000
129293  -48.480  -12.588  29.144 0.0000000000
60413  -49.797  -11.846  29.868 0.0000000000
69054  -52.973  -2.517  19.731 0.0000000000
69047  -54.123  -2.718  20.540 0.0000000000
70000  -53.456  -2.007  19.206 0.0000000000
72910  -59.819  1.076  16.916 0.0000000000
73880  -61.023  2.271  18.138 0.0000000000
129412  -60.668  1.648  16.840 0.0000000000
72929  -61.293  1.948  16.243 0.0000000000
121295  -16.844  -37.624  48.658 0.0000000000
33650  -16.488  -38.237  49.484 0.0000000000
43927  -48.328  -28.571  39.907 0.0000000000
139443  -47.825  -27.900  38.403 0.0000000000
46817  -46.907  -25.682  37.381 0.0000000000
47724  -46.475  -24.259  36.453 0.0000000000
46848  -45.063  -25.081  35.659 0.0000000000
47736  -45.258  -24.315  35.368 0.0000000000
49518  -45.443  -22.669  35.080 0.0000000000
50430  -44.850  -21.510  34.592 0.0000000000
122120  -43.575  -20.369  33.767 0.0000000000
36839  -24.276  -36.077  46.730 0.0000000000
35789  -25.679  -36.601  48.603 0.0000000000
35810  -25.726  -36.794  46.668 0.0000000000
123239  -27.183  -36.420  46.381 0.0000000000
36842  -27.782  -35.747  46.604 0.0000000000
36891  -26.968  -35.236  42.566 0.0000000000
37959  -27.771  -34.679  43.997 0.0000000000
37952  -28.473  -34.329  45.507 0.0000000000
38991  -29.175  -33.696  45.091 0.0000000000
38993  -30.551  -33.160  44.485 0.0000000000
123986  -31.105  -33.085  43.778 0.0000000000
44968  -34.442  -27.225  37.163 0.0000000000
43946  -35.648  -28.173  37.661 0.0000000000
42941  -36.999  -29.229  35.717 0.0000000000
42907  -36.891  -29.138  37.317 0.0000000000
42890  -36.658  -28.791  38.123 0.0000000000
42873  -37.764  -29.348  39.041 0.0000000000
42858  -38.940  -29.306  40.032 0.0000000000
43913  -39.990  -28.869  41.049 0.0000000000
43886  -41.317  -28.837  42.423 0.0000000000
139571  -41.811  -29.228  41.199 0.0000000000
42862  -43.151  -29.844  40.700 0.0000000000
42863  -44.001  -30.166  40.400 0.0000000000
41948  -42.988  -30.376  38.451 0.0000000000
42880  -44.127  -30.303  39.390 0.0000000000
41927  -45.169  -30.895  39.401 0.0000000000
40981  -45.826  -31.391  38.815 0.0000000000
116689  -22.008  -35.728  42.757 0.0000000000
53128  -45.652  -18.174  41.904 0.0000000000
54099  -45.953  -17.330  41.675 0.0000000000
55079  -46.438  -16.669  40.744 0.0000000000
55096  -47.283  -16.290  39.560 0.0000000000
55149  -45.808  -16.526  36.355 0.0000000000
56254  -46.931  -16.165  37.342 0.0000000000
140301  -50.366  -10.301  25.721 0.0000000000
61407  -50.513  -10.477  27.189 0.0000000000
61420  -51.008  -10.187  26.719 0.0000000000
62361  -52.362  -9.220  28.223 0.0000000000
137435  -53.101  -8.932  29.387 0.0000000000
63284  -53.955  -7.986  27.462 0.0000000000
121983  -54.336  -8.040  29.029 0.0000000000
55309  -41.645  -16.799  27.992 0.0000000000
119267  -42.922  -16.554  28.617 0.0000000000
55333  -42.581  -16.396  27.432 0.0000000000
56425  -43.485  -15.495  26.336 0.0000000000
57355  -44.269  -15.062  26.404 0.0000000000
57365  -45.457  -13.938  25.813 0.0000000000
58319  -46.620  -12.953  25.459 0.0000000000
59376  -46.995  -12.237  24.934 0.0000000000
60476  -48.397  -11.207  24.998 0.0000000000
61439  -48.846  -10.696  24.503 0.0000000000
62395  -50.346  -9.725  24.041 0.0000000000
62396  -51.351  -9.474  24.238 0.0000000000
62407  -51.669  -8.866  23.503 0.0000000000
64299  -49.882  -7.351  22.367 0.0000000000
63341  -51.168  -7.855  22.797 0.0000000000
63325  -53.189  -8.166  23.572 0.0000000000
129214  -53.084  -6.786  23.096 0.0000000000
66130  -54.566  -5.903  23.355 0.0000000000
67124  -54.521  -4.864  23.292 0.0000000000
134240  -55.203  -3.417  23.227 0.0000000000
121013  -53.668  -3.918  23.409 0.0000000000
68123  -52.921  -3.067  22.044 0.0000000000
133003  -52.146  -2.991  20.931 0.0000000000
69053  -52.090  -2.248  19.807 0.0000000000
33637  -16.085  -39.014  50.054 0.0000000000
31501  -15.539  -40.525  50.330 0.0000000000
31500  -15.180  -41.199  50.387 0.0000000000
133626  -14.474  -41.038  55.040 0.0000000000
30436  -14.420  -41.720  52.745 0.0000000000
29319  -14.250  -42.275  50.223 0.0000000000
28156  -13.185  -43.228  51.090 0.0000000000
28155  -12.834  -43.920  51.384 0.0000000000
25847  -12.495  -44.811  51.010 0.0000000000
24755  -12.879  -45.614  51.561 0.0000000000
50359  -47.783  -21.227  42.299 0.0000000000
127427  -48.010  -24.202  39.792 0.0000000000
49484  -47.295  -22.111  37.952 0.0000000000
50388  -47.304  -21.943  38.865 0.0000000000
50376  -47.145  -21.709  41.000 0.0000000000
50375  -46.427  -20.989  41.104 0.0000000000
133095  -45.581  -18.986  41.694 0.0000000000
53140  -44.410  -18.086  40.879 0.0000000000
55091  -43.049  -16.881  38.808 0.0000000000
56253  -42.592  -15.917  37.190 0.0000000000
55144  -41.453  -16.411  36.486 0.0000000000
56262  -41.516  -15.950  36.292 0.0000000000
56273  -41.744  -15.859  35.600 0.0000000000
55190  -41.972  -16.338  34.025 0.0000000000
118062  -41.806  -16.841  31.727 0.0000000000
55282  -41.005  -17.030  29.855 0.0000000000
53211  -38.536  -18.202  32.343 0.0000000000
54184  -37.290  -17.108  32.513 0.0000000000
55206  -37.329  -16.637  32.409 0.0000000000
56335  -37.950  -15.901  31.667 0.0000000000
56351  -38.362  -15.988  30.949 0.0000000000
55281  -39.356  -16.763  29.735 0.0000000000
118060  -40.238  -16.996  29.311 0.0000000000
55308  -40.302  -17.092  28.520 0.0000000000
37895  -29.810  -34.711  50.661 0.0000000000
40046  -28.958  -32.713  38.191 0.0000000000
40063  -30.540  -32.477  37.937 0.0000000000
40033  -29.752  -32.856  39.181 0.0000000000
117733  -30.765  -33.122  41.005 0.0000000000
39041  -31.713  -33.160  42.012 0.0000000000
121883  -32.749  -33.434  43.154 0.0000000000
45894  -32.728  -26.792  38.285 0.0000000000
43934  -32.275  -28.322  39.190 0.0000000000
41920  -32.887  -29.848  39.357 0.0000000000
42856  -34.359  -29.725  40.696 0.0000000000
41922  -34.124  -30.831  40.117 0.0000000000
40052  -34.213  -32.003  38.791 0.0000000000
121550  -34.656  -33.734  39.983 0.0000000000
39070  -34.366  -34.263  41.791 0.0000000000
38996  -33.927  -33.735  44.239 0.0000000000
125838  -34.295  -33.709  45.101 0.0000000000
38945  -35.321  -34.017  46.467 0.0000000000
33734  -15.751  -39.259  42.873 0.0000000000
33705  -16.227  -38.410  45.153 0.0000000000
35855  -17.626  -36.998  41.950 0.0000000000
34783  -16.867  -37.664  41.396 0.0000000000
34759  -16.828  -37.848  43.368 0.0000000000
132910  -16.896  -37.579  44.834 0.0000000000
33675  -16.792  -37.813  47.012 0.0000000000
125671  -17.711  -36.450  48.341 0.0000000000
37889  -20.258  -34.482  49.926 0.0000000000
135301  -44.248  -16.022  29.830 0.0000000000
56338  -45.412  -15.595  31.055 0.0000000000
57301  -46.810  -14.918  31.827 0.0000000000
57325  -47.100  -13.966  29.793 0.0000000000
57312  -47.345  -14.381  31.403 0.0000000000
57288  -47.605  -14.789  33.042 0.0000000000
58217  -48.897  -14.082  33.836 0.0000000000
60436  -50.079  -11.066  28.590 0.0000000000
60427  -50.280  -11.322  29.460 0.0000000000
60401  -50.699  -11.846  31.126 0.0000000000
69023  -55.463  -2.675  23.285 0.0000000000
122266  -55.893  -1.917  23.312 0.0000000000
120309  -56.118  -0.454  23.290 0.0000000000
69991  -54.741  -1.746  21.472 0.0000000000
71905  -55.409  0.543  22.196 0.0000000000
118856  -56.829  0.879  22.984 0.0000000000
72857  -57.568  1.150  22.901 0.0000000000
72858  -58.505  1.446  22.908 0.0000000000
70936  -57.808  -1.066  19.936 0.0000000000
72881  -58.984  1.219  21.222 0.0000000000
73857  -59.672  2.586  21.782 0.0000000000
74897  -62.275  3.183  18.315 0.0000000000
45028  -41.108  -27.358  33.498 0.0000000000
133613  -42.028  -26.500  33.382 0.0000000000
45027  -40.379  -27.664  33.228 0.0000000000
45006  -41.455  -27.611  34.209 0.0000000000
55262  -42.313  -16.849  30.154 0.0000000000
55283  -42.751  -16.709  29.506 0.0000000000
66132  -56.011  -4.879  23.620 0.0000000000
66120  -56.258  -5.044  24.382 0.0000000000
127669  -56.736  -4.500  24.907 0.0000000000
67119  -57.087  -3.817  24.604 0.0000000000
67126  -56.239  -4.190  23.527 0.0000000000
33687  -15.948  -38.867  45.876 0.0000000000
32607  -15.682  -39.501  46.652 0.0000000000
53207  -42.148  -19.142  33.534 0.0000000000
53206  -41.351  -18.629  33.754 0.0000000000
53205  -40.288  -18.352  33.660 0.0000000000
36794  -24.715  -35.740  49.446 0.0000000000
36810  -25.074  -36.122  48.789 0.0000000000
140944  -32.029  -33.378  45.072 0.0000000000
123956  -32.433  -33.506  45.439 0.0000000000
38968  -33.015  -33.717  46.054 0.0000000000
133789  -39.344  -29.194  42.164 0.0000000000
42829  -39.507  -29.420  42.839 0.0000000000
42830  -40.108  -29.149  43.131 0.0000000000
36808  -23.505  -35.223  48.266 0.0000000000
60454  -48.796  -11.374  26.314 0.0000000000
60455  -49.426  -10.992  26.438 0.0000000000
44974  -45.808  -27.522  37.049 0.0000000000
47778  -43.345  -23.562  32.892 0.0000000000
35860  -25.108  -36.613  42.674 0.0000000000
137355  -25.054  -36.301  41.602 0.0000000000
39084  -28.390  -33.522  40.425 0.0000000000
39065  -28.564  -33.546  41.191 0.0000000000
39085  -29.147  -33.321  40.651 0.0000000000
41982  -40.048  -30.559  36.883 0.0000000000
41981  -39.213  -30.433  36.962 0.0000000000
129144  -39.766  -30.716  37.710 0.0000000000
41944  -39.498  -30.586  38.621 0.0000000000
41924  -41.001  -30.580  39.211 0.0000000000
43964  -44.122  -27.861  36.573 0.0000000000
43948  -44.598  -28.400  37.110 0.0000000000
35884  -23.887  -36.297  40.985 0.0000000000
35859  -24.351  -36.571  42.366 0.0000000000
117224  -43.270  -15.936  37.390 0.0000000000
55147  -44.213  -16.232  36.975 0.0000000000
125089  -46.528  -15.683  33.963 0.0000000000
130408  -46.888  -15.645  35.130 0.0000000000
56288  -47.127  -15.354  34.422 0.0000000000
57275  -47.686  -14.850  33.892 0.0000000000
63314  -52.818  -9.029  24.676 0.0000000000
63309  -52.850  -9.092  25.712 0.0000000000
63310  -53.448  -8.558  25.131 0.0000000000
64229  -55.956  -7.115  29.357 0.0000000000
67146  -51.022  -4.356  21.624 0.0000000000
30484  -14.390  -41.754  47.368 0.0000000000
29350  -14.133  -42.256  47.773 0.0000000000
29338  -13.748  -42.846  48.213 0.0000000000
29339  -14.229  -42.256  48.551 0.0000000000
122807  -15.848  -39.410  53.852 0.0000000000
32521  -15.351  -39.400  55.764 0.0000000000
26938  -13.735  -43.419  53.731 0.0000000000
26946  -14.635  -44.596  53.320 0.0000000000
47711  -47.180  -23.961  37.095 0.0000000000
47712  -47.600  -24.388  37.653 0.0000000000
52221  -44.466  -19.411  37.468 0.0000000000
52222  -45.135  -19.877  38.067 0.0000000000
52205  -44.410  -19.369  38.604 0.0000000000
141079  -43.828  -19.052  38.253 0.0000000000
53159  -43.276  -18.469  38.290 0.0000000000
125729  -39.371  -15.890  33.257 0.0000000000
55235  -39.565  -16.085  32.427 0.0000000000
36812  -28.412  -35.783  48.332 0.0000000000
40991  -32.536  -31.532  37.337 0.0000000000
40065  -33.044  -32.102  37.845 0.0000000000
137231  -33.106  -32.756  38.286 0.0000000000
40051  -33.665  -32.367  38.404 0.0000000000
43936  -35.494  -28.049  38.614 0.0000000000
43935  -34.657  -27.730  39.203 0.0000000000
40932  -36.520  -31.984  41.572 0.0000000000
39045  -36.736  -33.826  41.907 0.0000000000
39017  -37.140  -33.980  42.891 0.0000000000
37961  -36.940  -34.386  43.822 0.0000000000
41894  -44.777  -30.267  42.161 0.0000000000
36820  -19.637  -35.514  47.542 0.0000000000
57329  -45.649  -14.742  28.310 0.0000000000
139058  -49.555  -12.509  30.966 0.0000000000
59266  -49.689  -12.919  32.283 0.0000000000
62343  -52.857  -9.406  29.859 0.0000000000
69038  -53.498  -2.709  21.459 0.0000000000
69974  -53.962  -2.229  22.179 0.0000000000
70924  -57.270  -0.680  20.879 0.0000000000
72896  -59.996  1.089  18.600 0.0000000000
72888  -60.325  1.734  19.282 0.0000000000
73871  -60.873  2.382  18.965 0.0000000000
44996  -43.268  -27.425  35.424 0.0000000000
45949  -43.682  -26.772  35.195 0.0000000000
45977  -42.447  -25.945  33.266 0.0000000000
46875  -43.152  -25.761  33.769 0.0000000000
46874  -42.901  -25.228  33.060 0.0000000000
44011  -38.618  -28.472  33.521 0.0000000000
43991  -40.296  -28.574  34.436 0.0000000000
42964  -39.942  -29.145  35.044 0.0000000000
42944  -39.747  -29.706  35.673 0.0000000000
42945  -40.527  -29.433  35.593 0.0000000000
42930  -41.176  -29.654  36.125 0.0000000000
42946  -41.137  -29.127  35.541 0.0000000000
44995  -42.557  -27.646  35.127 0.0000000000
43976  -42.128  -28.276  35.511 0.0000000000
118400  -43.470  -27.765  36.063 0.0000000000
136076  -43.103  -16.584  33.632 0.0000000000
121821  -44.455  -16.306  31.968 0.0000000000
55240  -45.082  -15.958  31.828 0.0000000000
64270  -54.404  -7.404  24.857 0.0000000000
65190  -54.918  -6.764  25.136 0.0000000000
127676  -56.207  -5.704  26.870 0.0000000000
65169  -56.306  -5.950  27.790 0.0000000000
69014  -57.781  -2.147  24.256 0.0000000000
69953  -58.162  -1.535  25.165 0.0000000000
69968  -57.314  -1.716  23.647 0.0000000000
31526  -14.771  -41.098  47.313 0.0000000000
31519  -15.264  -40.599  48.234 0.0000000000
50420  -45.190  -20.932  35.078 0.0000000000
51328  -45.564  -20.863  35.552 0.0000000000
51326  -44.469  -19.887  35.021 0.0000000000
52244  -42.881  -19.101  34.688 0.0000000000
52246  -44.379  -19.531  35.551 0.0000000000
53189  -43.032  -18.805  35.579 0.0000000000
52233  -43.787  -19.123  35.955 0.0000000000
123064  -42.327  -18.301  36.142 0.0000000000
138404  -41.750  -18.178  35.981 0.0000000000
54179  -39.588  -17.742  34.251 0.0000000000
54170  -39.876  -17.364  34.891 0.0000000000
126449  -39.291  -17.046  34.424 0.0000000000
55187  -38.894  -16.287  33.731 0.0000000000
55186  -38.439  -16.539  33.322 0.0000000000
38939  -29.948  -33.884  46.666 0.0000000000
133864  -29.947  -34.231  47.428 0.0000000000
118296  -30.597  -34.181  47.401 0.0000000000
38924  -31.667  -34.432  47.508 0.0000000000
38914  -31.359  -34.597  48.342 0.0000000000
38927  -34.157  -34.285  47.011 0.0000000000
42888  -31.538  -28.102  38.397 0.0000000000
136387  -31.515  -29.050  37.772 0.0000000000
43910  -36.810  -29.114  40.413 0.0000000000
42827  -37.855  -30.173  42.128 0.0000000000
41885  -37.597  -30.768  42.647 0.0000000000
41884  -37.055  -31.054  42.001 0.0000000000
133025  -37.525  -31.005  43.209 0.0000000000
40908  -37.653  -31.365  43.661 0.0000000000
40900  -38.630  -31.397  44.540 0.0000000000
36876  -21.421  -35.578  43.251 0.0000000000
36887  -20.544  -35.531  42.949 0.0000000000
118504  -21.625  -35.570  44.046 0.0000000000
119263  -21.695  -35.416  46.442 0.0000000000
36822  -21.035  -35.278  47.026 0.0000000000
36806  -21.041  -34.915  47.893 0.0000000000
139847  -21.804  -34.818  48.165 0.0000000000
37904  -23.333  -34.805  49.805 0.0000000000
37903  -22.465  -34.606  49.598 0.0000000000
58306  -46.809  -13.397  26.617 0.0000000000
119252  -47.266  -13.236  27.364 0.0000000000
59346  -48.887  -11.815  27.742 0.0000000000
132820  -48.279  -12.544  28.461 0.0000000000
59330  -48.877  -12.089  28.533 0.0000000000
59315  -49.128  -12.195  29.455 0.0000000000
71947  -58.947  0.537  17.149 0.0000000000
71965  -58.906  0.598  16.251 0.0000000000
72927  -59.559  0.790  15.689 0.0000000000
34710  -16.956  -37.369  49.452 0.0000000000
34654  -16.460  -37.364  54.939 0.0000000000
126037  -47.523  -29.513  38.280 0.0000000000
43939  -47.729  -28.605  38.360 0.0000000000
45917  -46.106  -26.784  37.066 0.0000000000
45918  -46.890  -26.566  37.455 0.0000000000
135583  -46.318  -26.089  37.095 0.0000000000
120143  -46.159  -25.318  36.734 0.0000000000
45964  -44.110  -25.921  35.093 0.0000000000
46833  -44.653  -25.716  35.611 0.0000000000
47735  -44.508  -25.089  35.025 0.0000000000
48647  -45.191  -23.565  35.001 0.0000000000
48634  -45.715  -23.498  35.459 0.0000000000
49528  -44.808  -22.375  34.488 0.0000000000
138043  -45.172  -22.060  34.816 0.0000000000
134120  -43.535  -20.931  33.395 0.0000000000
35809  -24.846  -36.533  46.151 0.0000000000
118356  -25.103  -36.781  45.238 0.0000000000
35838  -26.365  -36.579  44.566 0.0000000000
35826  -26.439  -36.641  45.359 0.0000000000
36840  -26.967  -36.399  45.715 0.0000000000
36841  -27.501  -35.817  45.761 0.0000000000
36905  -26.330  -35.521  41.733 0.0000000000
37971  -26.947  -34.858  41.819 0.0000000000
37973  -28.178  -33.844  42.570 0.0000000000
37965  -27.692  -34.558  43.057 0.0000000000
37951  -27.765  -35.023  45.005 0.0000000000
37960  -28.392  -34.152  44.558 0.0000000000
134745  -28.977  -33.605  44.233 0.0000000000
118784  -29.848  -33.156  42.949 0.0000000000
123437  -30.181  -33.079  43.700 0.0000000000
44994  -35.022  -28.098  35.735 0.0000000000
44982  -34.586  -27.576  36.262 0.0000000000
44983  -35.201  -27.959  36.824 0.0000000000
124936  -35.869  -28.465  36.930 0.0000000000
42942  -37.664  -29.317  35.253 0.0000000000
43973  -36.850  -28.968  34.940 0.0000000000
42908  -37.599  -29.623  37.109 0.0000000000
43938  -36.977  -28.832  38.999 0.0000000000
42875  -39.252  -30.062  39.375 0.0000000000
137290  -39.649  -29.103  40.501 0.0000000000
42859  -40.311  -29.208  40.545 0.0000000000
43898  -41.221  -28.931  41.499 0.0000000000
42860  -41.183  -29.401  40.666 0.0000000000
42878  -42.467  -30.243  39.857 0.0000000000
42861  -42.111  -29.758  40.616 0.0000000000
120330  -43.937  -29.845  41.220 0.0000000000
42910  -42.173  -29.937  37.191 0.0000000000
41969  -42.668  -30.233  37.848 0.0000000000
118885  -42.954  -29.738  37.293 0.0000000000
41949  -44.653  -30.494  38.941 0.0000000000
41926  -44.571  -30.535  39.992 0.0000000000
136312  -45.305  -30.682  38.473 0.0000000000
42914  -46.793  -29.433  37.730 0.0000000000
41951  -46.815  -30.819  38.175 0.0000000000
41971  -47.033  -30.114  37.962 0.0000000000
36889  -22.169  -35.824  41.955 0.0000000000
35823  -23.701  -36.387  44.784 0.0000000000
127220  -44.860  -17.583  41.236 0.0000000000
131441  -45.475  -17.657  41.636 0.0000000000
54098  -45.158  -17.079  41.227 0.0000000000
55095  -46.354  -16.543  39.788 0.0000000000
126315  -47.010  -16.504  40.250 0.0000000000
55118  -46.855  -16.445  38.787 0.0000000000
55148  -45.038  -16.557  36.361 0.0000000000
55161  -45.383  -16.535  35.528 0.0000000000
56263  -46.622  -16.153  36.483 0.0000000000
56255  -47.693  -15.594  37.645 0.0000000000
56243  -47.642  -15.894  38.702 0.0000000000
57247  -48.418  -14.837  37.569 0.0000000000
57257  -49.111  -14.373  36.428 0.0000000000
132821  -50.591  -10.017  24.954 0.0000000000
130749  -51.095  -10.015  25.882 0.0000000000
63295  -53.006  -8.879  26.842 0.0000000000
62368  -52.340  -9.289  27.305 0.0000000000
63282  -52.797  -8.873  27.735 0.0000000000
62362  -53.039  -8.718  28.551 0.0000000000
64243  -54.523  -7.492  27.083 0.0000000000
63297  -54.043  -7.966  26.522 0.0000000000
25854  -12.176  -45.806  50.931 0.0000000000
136594  -11.547  -45.916  50.699 0.0000000000
24759  -12.002  -46.516  50.723 0.0000000000
57354  -43.811  -14.998  25.737 0.0000000000
57364  -44.569  -14.460  25.632 0.0000000000
58317  -45.013  -13.726  25.083 0.0000000000
58305  -46.270  -13.519  26.025 0.0000000000
58318  -45.839  -13.345  25.289 0.0000000000
60465  -47.789  -11.851  25.380 0.0000000000
60475  -47.608  -11.499  24.604 0.0000000000
61438  -48.162  -10.880  24.175 0.0000000000
61451  -48.854  -10.275  23.806 0.0000000000
61440  -49.614  -10.280  24.494 0.0000000000
62394  -49.611  -9.881  23.794 0.0000000000
117684  -49.964  -9.383  23.392 0.0000000000
62406  -50.806  -9.154  23.496 0.0000000000
63323  -51.050  -8.476  23.072 0.0000000000
126175  -51.178  -6.522  22.390 0.0000000000
64300  -50.795  -7.272  22.522 0.0000000000
65225  -51.617  -7.289  22.810 0.0000000000
64286  -52.608  -7.562  23.130 0.0000000000
64287  -53.628  -7.347  23.436 0.0000000000
67122  -52.943  -5.052  23.141 0.0000000000
66129  -53.763  -5.547  23.258 0.0000000000
67134  -52.972  -4.168  23.075 0.0000000000
68122  -52.201  -3.301  21.669 0.0000000000
68109  -52.548  -3.566  22.511 0.0000000000
28182  -13.269  -43.413  48.726 0.0000000000
33638  -16.392  -38.317  50.472 0.0000000000
33649  -16.110  -39.095  49.114 0.0000000000
33625  -16.048  -38.967  50.931 0.0000000000
32551  -15.915  -39.549  51.355 0.0000000000
31479  -15.704  -40.357  51.446 0.0000000000
132205  -15.236  -40.962  49.815 0.0000000000
31489  -15.264  -41.184  51.113 0.0000000000
31462  -14.632  -40.723  55.769 0.0000000000
30435  -13.742  -42.316  53.419 0.0000000000
30431  -14.170  -41.603  53.782 0.0000000000
30443  -14.648  -41.786  51.700 0.0000000000
30442  -13.782  -42.384  52.286 0.0000000000
135213  -13.720  -42.689  50.870 0.0000000000
29311  -13.460  -42.799  51.590 0.0000000000
136223  -13.181  -44.003  51.934 0.0000000000
28151  -12.933  -44.230  51.685 0.0000000000
26961  -12.471  -44.620  51.156 0.0000000000
132631  -12.412  -45.183  51.005 0.0000000000
25849  -14.412  -45.781  52.406 0.0000000000
48572  -48.669  -22.921  42.022 0.0000000000
49457  -48.257  -22.011  42.141 0.0000000000
44946  -48.067  -27.417  38.978 0.0000000000
44947  -48.229  -27.802  39.875 0.0000000000
45902  -47.986  -26.459  38.896 0.0000000000
139429  -48.029  -24.745  39.019 0.0000000000
137792  -48.036  -25.852  39.268 0.0000000000
46795  -48.091  -25.290  39.732 0.0000000000
46784  -48.269  -25.715  40.711 0.0000000000
50398  -46.168  -20.940  36.873 0.0000000000
50399  -46.785  -21.577  37.389 0.0000000000
51288  -46.287  -20.893  38.806 0.0000000000
50387  -46.842  -21.449  38.326 0.0000000000
49476  -47.639  -22.524  39.487 0.0000000000
50381  -47.216  -21.836  39.847 0.0000000000
49470  -47.622  -22.397  40.503 0.0000000000
52195  -44.985  -19.744  39.981 0.0000000000
51276  -45.973  -20.690  40.305 0.0000000000
51275  -45.465  -20.136  40.368 0.0000000000
51263  -45.779  -20.139  41.231 0.0000000000
52186  -45.153  -19.484  40.856 0.0000000000
118626  -44.884  -18.730  41.158 0.0000000000
54121  -42.753  -17.206  38.443 0.0000000000
54122  -43.252  -17.309  39.187 0.0000000000
55113  -42.757  -16.625  38.192 0.0000000000
55131  -42.370  -16.346  37.565 0.0000000000
54154  -41.312  -17.037  36.631 0.0000000000
53178  -41.909  -17.433  37.173 0.0000000000
56285  -41.001  -15.853  35.220 0.0000000000
56272  -41.154  -15.895  35.812 0.0000000000
55171  -41.559  -15.919  34.820 0.0000000000
55236  -40.968  -16.815  31.611 0.0000000000
55237  -41.555  -16.923  31.061 0.0000000000
55261  -40.907  -16.947  30.754 0.0000000000
128464  -37.864  -17.501  32.732 0.0000000000
54194  -37.188  -17.643  32.146 0.0000000000
55234  -36.906  -16.363  31.863 0.0000000000
56317  -37.557  -16.133  32.144 0.0000000000
56334  -37.266  -15.956  31.445 0.0000000000
56366  -37.902  -15.982  30.287 0.0000000000
55259  -38.655  -16.395  30.192 0.0000000000
55280  -38.406  -16.479  29.321 0.0000000000
35790  -26.338  -36.797  48.416 0.0000000000
37907  -29.821  -34.647  49.742 0.0000000000
40064  -31.531  -32.387  37.541 0.0000000000
139962  -30.900  -32.282  37.363 0.0000000000
40034  -30.574  -32.887  39.464 0.0000000000
133010  -30.561  -33.033  40.267 0.0000000000
138837  -30.987  -32.965  39.894 0.0000000000
138851  -32.976  -33.478  39.989 0.0000000000
39087  -32.301  -33.324  40.537 0.0000000000
39068  -32.431  -33.401  41.390 0.0000000000
39042  -32.565  -33.428  42.259 0.0000000000
39069  -33.363  -33.780  41.558 0.0000000000
44944  -33.631  -27.754  39.540 0.0000000000
44943  -32.831  -27.708  39.301 0.0000000000
43920  -32.966  -28.204  39.674 0.0000000000
42871  -32.794  -28.917  39.702 0.0000000000
42872  -33.297  -29.493  40.084 0.0000000000
42857  -35.017  -29.516  40.694 0.0000000000
134568  -35.608  -32.069  40.435 0.0000000000
41907  -34.530  -30.419  40.617 0.0000000000
40949  -34.946  -31.299  40.453 0.0000000000
40964  -34.600  -31.716  39.485 0.0000000000
40037  -34.690  -32.580  39.142 0.0000000000
39109  -35.128  -33.177  39.590 0.0000000000
37974  -34.983  -34.552  42.556 0.0000000000
125758  -34.941  -34.338  41.057 0.0000000000
39044  -34.212  -34.172  42.733 0.0000000000
39015  -33.658  -33.804  43.353 0.0000000000
138242  -34.708  -34.043  44.414 0.0000000000
38971  -35.800  -34.107  45.790 0.0000000000
39964  -38.012  -32.731  44.687 0.0000000000
139567  -37.704  -33.461  44.726 0.0000000000
117632  -42.814  -29.214  43.129 0.0000000000
33721  -16.009  -38.768  44.188 0.0000000000
34746  -16.580  -38.010  44.418 0.0000000000
36886  -19.599  -35.643  42.891 0.0000000000
36900  -19.272  -35.702  41.961 0.0000000000
36885  -18.846  -35.936  42.729 0.0000000000
35856  -18.260  -36.487  42.401 0.0000000000
137164  -17.801  -36.855  42.802 0.0000000000
34772  -17.268  -37.469  42.558 0.0000000000
35821  -17.626  -36.701  45.518 0.0000000000
34736  -17.167  -37.236  45.144 0.0000000000
34731  -17.083  -37.301  46.046 0.0000000000
34725  -17.266  -37.047  46.857 0.0000000000
34720  -17.232  -37.004  47.785 0.0000000000
136144  -20.812  -34.573  49.274 0.0000000000
129117  -21.067  -34.233  50.058 0.0000000000
54086  -48.482  -17.799  41.936 0.0000000000
55284  -43.403  -16.425  29.126 0.0000000000
55285  -44.010  -16.085  29.215 0.0000000000
137301  -45.566  -15.325  30.279 0.0000000000
56339  -46.185  -15.267  31.420 0.0000000000
56353  -46.097  -15.057  30.635 0.0000000000
58284  -47.036  -13.710  28.910 0.0000000000
119280  -47.539  -13.481  29.473 0.0000000000
57313  -47.956  -14.011  31.810 0.0000000000
57302  -47.476  -14.611  32.218 0.0000000000
57303  -48.117  -14.254  32.602 0.0000000000
57289  -48.264  -14.410  33.431 0.0000000000
58235  -48.818  -13.833  32.919 0.0000000000
140758  -50.100  -13.585  33.609 0.0000000000
58203  -49.680  -13.951  34.236 0.0000000000
60445  -49.915  -10.876  27.682 0.0000000000
61399  -50.704  -10.518  28.131 0.0000000000
122676  -51.551  -10.789  30.317 0.0000000000
60428  -50.933  -10.969  29.926 0.0000000000
60414  -50.492  -11.563  30.294 0.0000000000
60415  -51.196  -11.293  30.708 0.0000000000
69022  -54.487  -2.723  23.247 0.0000000000
69975  -54.361  -1.438  22.523 0.0000000000
118984  -54.797  -1.722  23.146 0.0000000000
69966  -55.437  -0.932  23.215 0.0000000000
69967  -56.484  -1.303  23.369 0.0000000000
70902  -55.416  0.077  22.861 0.0000000000
69048  -54.844  -2.517  20.681 0.0000000000
71910  -55.619  0.605  21.847 0.0000000000
70915  -54.940  -0.089  21.884 0.0000000000
71897  -55.936  0.906  22.606 0.0000000000
72856  -56.575  1.304  22.354 0.0000000000
72866  -58.337  1.834  22.143 0.0000000000
73842  -59.231  2.078  22.602 0.0000000000
73849  -59.095  2.283  22.069 0.0000000000
70949  -58.770  -0.309  18.789 0.0000000000
70948  -58.058  -0.848  18.963 0.0000000000
70937  -58.574  -0.588  19.701 0.0000000000
70926  -58.871  -0.125  20.329 0.0000000000
71921  -59.300  0.519  20.429 0.0000000000
73864  -60.097  2.372  20.967 0.0000000000
73858  -60.354  3.005  21.854 0.0000000000
74859  -61.311  3.267  22.010 0.0000000000
72912  -61.311  2.314  17.273 0.0000000000
130476  -61.629  2.758  17.954 0.0000000000
45007  -42.227  -27.304  34.441 0.0000000000
44012  -39.277  -28.335  33.472 0.0000000000
44013  -39.958  -28.281  33.688 0.0000000000
43992  -41.083  -28.240  34.634 0.0000000000
43975  -41.429  -28.541  35.256 0.0000000000
118061  -42.686  -16.723  31.726 0.0000000000
55239  -43.066  -16.683  31.081 0.0000000000
116644  -43.664  -16.483  30.749 0.0000000000
65212  -55.093  -6.161  23.655 0.0000000000
66119  -55.852  -5.630  24.901 0.0000000000
126963  -57.131  -4.177  26.423 0.0000000000
68080  -57.493  -3.241  25.409 0.0000000000
68094  -57.406  -2.999  24.410 0.0000000000
124843  -15.401  -39.686  44.767 0.0000000000
31547  -15.115  -40.184  45.047 0.0000000000
32623  -15.500  -39.562  45.577 0.0000000000
32593  -15.694  -39.770  47.731 0.0000000000
52256  -43.410  -19.685  34.194 0.0000000000
53197  -41.290  -18.310  34.847 0.0000000000
54178  -38.912  -17.410  33.888 0.0000000000
37905  -24.218  -35.163  50.142 0.0000000000
123957  -30.935  -33.380  45.334 0.0000000000
38940  -30.868  -33.896  46.776 0.0000000000
38967  -31.296  -33.674  46.134 0.0000000000
38941  -31.584  -33.995  46.882 0.0000000000
119248  -32.145  -34.184  46.933 0.0000000000
38925  -32.399  -34.550  47.189 0.0000000000
38942  -32.791  -34.071  46.716 0.0000000000
135914  -38.470  -29.283  41.046 0.0000000000
43894  -37.638  -29.446  40.773 0.0000000000
42828  -38.741  -29.725  42.358 0.0000000000
42814  -38.231  -30.282  43.008 0.0000000000
41874  -38.525  -30.396  43.815 0.0000000000
41864  -39.658  -30.146  44.237 0.0000000000
133410  -22.597  -35.474  46.633 0.0000000000
36807  -22.579  -34.921  48.141 0.0000000000
131456  -47.929  -12.532  27.152 0.0000000000
60443  -48.572  -11.927  27.070 0.0000000000
60435  -49.410  -11.462  28.120 0.0000000000
43950  -46.560  -28.532  37.482 0.0000000000
137823  -46.181  -28.009  37.206 0.0000000000
47764  -44.101  -24.555  34.190 0.0000000000
133108  -43.714  -24.056  33.524 0.0000000000
48657  -44.253  -23.655  34.047 0.0000000000
49537  -44.320  -22.800  33.986 0.0000000000
50437  -44.324  -21.969  33.929 0.0000000000
49536  -43.905  -22.428  33.502 0.0000000000
134326  -24.753  -36.792  43.944 0.0000000000
35837  -25.472  -36.811  44.367 0.0000000000
35849  -26.150  -36.528  43.735 0.0000000000
36868  -26.851  -36.034  44.023 0.0000000000
38008  -26.955  -34.222  40.587 0.0000000000
37991  -27.299  -34.306  41.406 0.0000000000
37992  -27.969  -33.821  41.726 0.0000000000
121009  -28.992  -33.434  42.818 0.0000000000
39039  -29.579  -33.260  42.188 0.0000000000
119417  -30.161  -33.160  41.600 0.0000000000
42927  -38.749  -30.069  36.252 0.0000000000
42926  -37.824  -29.690  36.166 0.0000000000
116893  -38.118  -29.849  37.696 0.0000000000
42892  -38.235  -29.854  38.462 0.0000000000
41923  -40.086  -30.417  39.327 0.0000000000
42876  -40.667  -29.902  39.921 0.0000000000
41925  -41.899  -30.567  39.157 0.0000000000
42932  -43.493  -29.200  37.105 0.0000000000
117537  -44.160  -29.158  37.462 0.0000000000
121566  -45.426  -30.087  37.840 0.0000000000
42913  -45.957  -29.338  37.448 0.0000000000
35869  -22.862  -36.127  41.917 0.0000000000
35870  -23.557  -36.376  41.910 0.0000000000
35858  -23.720  -36.508  42.716 0.0000000000
55115  -44.048  -16.394  38.772 0.0000000000
55093  -44.355  -16.632  39.592 0.0000000000
55116  -44.938  -16.443  38.909 0.0000000000
120540  -45.599  -16.557  38.048 0.0000000000
124819  -45.788  -16.108  34.067 0.0000000000
56286  -45.817  -16.246  34.885 0.0000000000
57255  -47.724  -15.061  36.006 0.0000000000
56265  -47.987  -14.979  36.831 0.0000000000
57265  -48.248  -14.705  35.220 0.0000000000
57266  -49.007  -14.374  35.568 0.0000000000
131028  -52.102  -9.415  24.788 0.0000000000
62390  -52.058  -9.615  25.667 0.0000000000
64237  -55.350  -7.103  28.310 0.0000000000
72848  -58.980  0.855  24.230 0.0000000000
62420  -48.693  -9.296  22.833 0.0000000000
62405  -49.200  -9.648  23.290 0.0000000000
63339  -49.694  -8.254  22.623 0.0000000000
131759  -50.698  -5.895  21.887 0.0000000000
66140  -52.141  -5.328  22.882 0.0000000000
67133  -52.264  -4.343  22.826 0.0000000000
68121  -51.461  -3.812  21.664 0.0000000000
33613  -16.341  -38.431  52.364 0.0000000000
33602  -16.178  -38.984  53.124 0.0000000000
118507  -15.893  -39.688  52.954 0.0000000000
32534  -15.386  -40.259  53.737 0.0000000000
132869  -14.011  -41.838  55.752 0.0000000000
29299  -13.629  -42.521  54.538 0.0000000000
29303  -13.339  -42.790  53.952 0.0000000000
130969  -13.340  -43.076  52.306 0.0000000000
29302  -13.509  -43.217  53.435 0.0000000000
28147  -13.519  -43.549  52.772 0.0000000000
120167  -13.379  -44.093  52.274 0.0000000000
25843  -13.345  -44.890  52.151 0.0000000000
132266  -13.583  -44.305  52.673 0.0000000000
46818  -47.553  -25.202  37.790 0.0000000000
47701  -47.924  -24.658  38.286 0.0000000000
140088  -47.956  -24.037  38.067 0.0000000000
51304  -45.745  -20.385  37.552 0.0000000000
135012  -46.265  -20.923  39.566 0.0000000000
52206  -45.062  -19.836  39.027 0.0000000000
53150  -43.994  -18.426  40.078 0.0000000000
52193  -43.715  -18.625  39.108 0.0000000000
127623  -42.986  -17.868  38.966 0.0000000000
137488  -42.271  -17.227  37.821 0.0000000000
55170  -39.841  -16.209  34.706 0.0000000000
56284  -40.278  -15.944  34.777 0.0000000000
55188  -40.665  -16.020  33.490 0.0000000000
55208  -40.133  -15.939  33.017 0.0000000000
136378  -40.372  -16.487  32.196 0.0000000000
36811  -27.670  -36.412  48.061 0.0000000000
35791  -27.098  -36.779  48.667 0.0000000000
37909  -30.878  -34.897  50.135 0.0000000000
37908  -30.379  -34.717  50.101 0.0000000000
41964  -31.733  -30.024  37.037 0.0000000000
40999  -31.401  -31.367  36.552 0.0000000000
41000  -31.987  -31.035  36.890 0.0000000000
133199  -32.334  -32.227  37.440 0.0000000000
40036  -32.027  -32.995  38.870 0.0000000000
40035  -31.421  -32.977  39.457 0.0000000000
118372  -33.797  -33.687  39.915 0.0000000000
137085  -34.173  -26.964  37.966 0.0000000000
44956  -34.007  -27.262  38.707 0.0000000000
41892  -35.672  -30.796  40.883 0.0000000000
40931  -35.778  -31.357  40.990 0.0000000000
40005  -36.132  -32.477  40.816 0.0000000000
39091  -36.055  -33.434  40.684 0.0000000000
39090  -35.404  -33.662  40.238 0.0000000000
39071  -36.297  -33.845  41.237 0.0000000000
37994  -36.129  -34.374  41.685 0.0000000000
37966  -35.586  -34.719  43.255 0.0000000000
39016  -35.476  -34.550  44.160 0.0000000000
139003  -36.207  -34.757  43.820 0.0000000000
38972  -36.909  -34.340  45.472 0.0000000000
36863  -19.517  -35.640  44.494 0.0000000000
36873  -19.128  -35.772  43.602 0.0000000000
36862  -18.658  -36.005  44.324 0.0000000000
139210  -18.054  -36.478  44.214 0.0000000000
35836  -18.157  -36.304  44.975 0.0000000000
35822  -18.227  -36.159  45.838 0.0000000000
35808  -18.230  -36.154  46.710 0.0000000000
35796  -18.019  -36.164  47.631 0.0000000000
38899  -21.990  -34.030  51.130 0.0000000000
37879  -21.326  -34.006  50.895 0.0000000000
56411  -44.193  -15.636  27.833 0.0000000000
56389  -44.433  -15.667  28.629 0.0000000000
56390  -45.171  -15.233  28.853 0.0000000000
58273  -47.674  -13.608  30.161 0.0000000000
58262  -48.310  -13.233  30.486 0.0000000000
58247  -48.575  -13.413  31.417 0.0000000000
58248  -49.048  -13.331  32.196 0.0000000000
58236  -49.410  -13.386  32.758 0.0000000000
58237  -49.941  -13.155  33.009 0.0000000000
59245  -50.805  -13.238  33.320 0.0000000000
62352  -51.851  -9.815  28.745 0.0000000000
118654  -51.255  -10.338  28.725 0.0000000000
116837  -52.106  -10.364  30.293 0.0000000000
69981  -54.290  -1.415  21.944 0.0000000000
71911  -56.178  1.076  21.793 0.0000000000
72871  -56.642  1.420  21.931 0.0000000000
71913  -58.177  1.273  21.618 0.0000000000
71946  -58.199  0.261  17.312 0.0000000000
119119  -58.847  0.170  17.966 0.0000000000
72887  -59.833  0.859  19.646 0.0000000000
72883  -60.148  1.722  20.121 0.0000000000
73866  -61.653  3.408  20.337 0.0000000000
73906  -62.110  2.701  16.596 0.0000000000
73895  -63.060  3.132  16.896 0.0000000000
44986  -44.603  -27.073  36.356 0.0000000000
122000  -26.413  -34.470  40.081 0.0000000000
39083  -27.602  -33.727  40.109 0.0000000000
39103  -28.309  -33.431  39.667 0.0000000000
124189  -37.089  -28.518  33.623 0.0000000000
43989  -37.528  -28.852  34.369 0.0000000000
42962  -38.396  -29.226  34.765 0.0000000000
136903  -39.112  -29.907  35.749 0.0000000000
41983  -40.856  -30.310  36.811 0.0000000000
41968  -41.426  -30.469  37.405 0.0000000000
118725  -41.979  -29.431  36.437 0.0000000000
43962  -42.461  -28.737  36.122 0.0000000000
43963  -43.327  -28.491  36.469 0.0000000000
55159  -42.862  -16.157  35.512 0.0000000000
121443  -43.936  -16.427  35.327 0.0000000000
55174  -44.486  -16.605  34.519 0.0000000000
55192  -45.029  -16.542  33.876 0.0000000000
55212  -44.055  -16.546  32.727 0.0000000000
126794  -44.759  -16.455  33.199 0.0000000000
121188  -45.400  -16.214  33.209 0.0000000000
56304  -46.223  -15.699  33.150 0.0000000000
64269  -53.917  -8.019  24.551 0.0000000000
64256  -54.564  -7.314  25.995 0.0000000000
64257  -55.032  -6.886  26.787 0.0000000000
65168  -55.611  -6.591  27.485 0.0000000000
68993  -57.974  -2.629  26.415 0.0000000000
30502  -14.115  -41.593  45.377 0.0000000000
30475  -14.667  -41.563  48.251 0.0000000000
49505  -46.063  -22.137  35.736 0.0000000000
49506  -46.568  -22.660  36.189 0.0000000000
50410  -45.984  -21.282  35.968 0.0000000000
51315  -45.646  -20.539  36.200 0.0000000000
51314  -45.078  -19.987  36.604 0.0000000000
52220  -43.696  -19.043  36.915 0.0000000000
53172  -42.953  -18.421  37.479 0.0000000000
119190  -41.586  -17.750  36.431 0.0000000000
53187  -40.872  -17.364  35.975 0.0000000000
53196  -40.569  -17.689  35.312 0.0000000000
54162  -40.276  -16.999  35.426 0.0000000000
55169  -39.369  -16.388  34.265 0.0000000000
56302  -39.260  -15.967  33.863 0.0000000000
37930  -29.585  -34.610  47.934 0.0000000000
38923  -31.037  -34.367  47.960 0.0000000000
38913  -30.873  -34.496  48.766 0.0000000000
38906  -30.758  -34.673  49.504 0.0000000000
38916  -32.668  -34.773  47.485 0.0000000000
43958  -31.109  -29.145  36.825 0.0000000000
42906  -32.068  -29.710  38.059 0.0000000000
121434  -32.682  -30.220  38.427 0.0000000000
43924  -36.317  -28.567  39.507 0.0000000000
117048  -36.102  -28.714  40.159 0.0000000000
137734  -35.992  -29.440  40.559 0.0000000000
42841  -37.366  -29.955  41.316 0.0000000000
42840  -36.591  -30.171  40.963 0.0000000000
41893  -36.421  -30.803  41.216 0.0000000000
40919  -37.006  -31.655  42.232 0.0000000000
40907  -37.279  -31.980  43.110 0.0000000000
39969  -37.419  -33.027  43.233 0.0000000000
39965  -38.484  -32.173  44.752 0.0000000000
41862  -38.205  -30.952  44.215 0.0000000000
117505  -20.008  -35.518  42.310 0.0000000000
36865  -20.951  -35.506  44.732 0.0000000000
36864  -20.275  -35.514  44.319 0.0000000000
36805  -20.200  -35.130  48.164 0.0000000000
36821  -20.429  -35.281  47.470 0.0000000000
37902  -21.625  -34.499  49.438 0.0000000000
37918  -22.134  -34.682  48.803 0.0000000000
57357  -45.915  -14.206  27.043 0.0000000000
57341  -46.137  -14.278  27.772 0.0000000000
126906  -46.524  -13.775  27.243 0.0000000000
121680  -47.345  -13.304  28.215 0.0000000000
58285  -47.791  -13.052  28.832 0.0000000000
59314  -48.710  -12.683  29.960 0.0000000000
59297  -49.353  -12.340  30.283 0.0000000000
59298  -49.993  -12.068  30.690 0.0000000000
69055  -53.860  -2.657  19.806 0.0000000000
69056  -54.689  -2.598  19.929 0.0000000000
121867  -60.042  1.329  17.855 0.0000000000
72911  -60.527  1.723  17.594 0.0000000000
72928  -60.447  1.244  15.966 0.0000000000
140898  -16.721  -37.884  47.922 0.0000000000
131211  -16.456  -38.458  48.509 0.0000000000
136540  -16.698  -37.707  50.101 0.0000000000
34660  -16.563  -37.455  53.794 0.0000000000
43926  -48.102  -28.218  39.059 0.0000000000
123462  -47.607  -27.161  38.028 0.0000000000
44960  -47.326  -28.102  37.855 0.0000000000
48635  -46.306  -23.456  35.990 0.0000000000
45934  -44.951  -26.302  36.246 0.0000000000
46834  -45.329  -25.546  36.183 0.0000000000
47723  -45.702  -24.771  36.021 0.0000000000
47737  -45.915  -24.069  35.827 0.0000000000
49519  -46.052  -22.879  35.659 0.0000000000
50429  -44.130  -21.038  33.984 0.0000000000
52268  -43.102  -19.926  33.573 0.0000000000
52267  -41.765  -19.213  32.862 0.0000000000
36825  -25.019  -36.219  48.036 0.0000000000
35798  -25.839  -36.794  47.686 0.0000000000
125683  -26.580  -36.797  46.992 0.0000000000
35825  -25.734  -36.809  45.773 0.0000000000
35811  -26.468  -36.745  46.146 0.0000000000
35812  -27.407  -36.409  47.202 0.0000000000
37941  -28.362  -35.003  46.852 0.0000000000
36890  -25.616  -36.222  42.093 0.0000000000
132850  -26.307  -35.903  42.492 0.0000000000
36880  -27.235  -35.329  43.511 0.0000000000
36869  -27.365  -35.435  44.287 0.0000000000
37940  -27.988  -34.974  46.027 0.0000000000
130053  -28.613  -34.482  46.297 0.0000000000
38964  -29.098  -33.913  46.095 0.0000000000
38965  -29.729  -33.647  45.824 0.0000000000
38992  -29.690  -33.291  44.373 0.0000000000
125345  -30.056  -33.366  45.173 0.0000000000
38994  -31.547  -33.257  44.680 0.0000000000
124002  -32.091  -33.235  43.887 0.0000000000
45927  -33.913  -26.906  36.279 0.0000000000
43972  -36.267  -28.861  35.432 0.0000000000
126838  -36.456  -29.036  36.080 0.0000000000
42925  -37.016  -29.298  36.495 0.0000000000
43960  -36.381  -28.892  36.706 0.0000000000
43947  -36.265  -28.653  37.462 0.0000000000
118411  -36.061  -28.418  38.128 0.0000000000
43937  -36.169  -28.457  38.836 0.0000000000
43925  -37.451  -28.986  39.573 0.0000000000
121055  -38.479  -29.738  39.277 0.0000000000
42874  -38.056  -29.257  39.775 0.0000000000
43912  -38.281  -29.237  40.469 0.0000000000
116722  -39.142  -29.011  40.887 0.0000000000
43896  -39.630  -28.936  41.637 0.0000000000
43897  -40.480  -28.859  41.826 0.0000000000
43885  -40.655  -28.888  42.848 0.0000000000
43887  -41.982  -28.983  41.974 0.0000000000
42831  -42.784  -29.133  42.379 0.0000000000
42843  -42.555  -29.368  41.426 0.0000000000
42844  -43.412  -29.514  41.761 0.0000000000
41908  -44.597  -30.274  41.150 0.0000000000
124177  -41.989  -30.518  37.837 0.0000000000
41947  -42.264  -30.562  38.495 0.0000000000
42894  -42.753  -30.494  39.137 0.0000000000
42911  -43.509  -29.837  37.905 0.0000000000
42895  -43.604  -30.284  38.836 0.0000000000
40965  -45.753  -31.561  39.743 0.0000000000
41950  -46.037  -30.835  38.179 0.0000000000
40982  -46.557  -31.574  38.620 0.0000000000
36902  -20.829  -35.505  41.247 0.0000000000
36888  -21.373  -35.579  42.464 0.0000000000
36877  -22.199  -35.766  43.415 0.0000000000
35857  -22.843  -36.148  42.699 0.0000000000
138888  -22.826  -36.100  43.572 0.0000000000
36856  -23.947  -35.980  46.060 0.0000000000
54083  -46.158  -17.880  42.064 0.0000000000
55078  -45.559  -16.720  40.617 0.0000000000
55065  -45.891  -16.921  41.280 0.0000000000
55066  -46.750  -16.984  41.432 0.0000000000
129485  -47.742  -16.677  41.195 0.0000000000
123820  -44.469  -16.460  35.942 0.0000000000
55134  -45.151  -16.521  37.199 0.0000000000
55135  -46.136  -16.556  37.220 0.0000000000
55117  -46.480  -16.515  38.029 0.0000000000
56242  -47.159  -16.225  38.072 0.0000000000
134970  -48.614  -14.605  36.874 0.0000000000
61418  -49.886  -10.646  26.077 0.0000000000
60456  -49.889  -10.764  26.817 0.0000000000
61419  -50.450  -10.383  26.391 0.0000000000
61408  -51.196  -10.160  27.446 0.0000000000
62367  -51.715  -9.792  26.737 0.0000000000
62360  -51.798  -9.714  27.775 0.0000000000
62353  -52.524  -9.252  29.094 0.0000000000
135995  -53.593  -8.375  26.922 0.0000000000
64236  -54.522  -7.596  28.133 0.0000000000
63279  -53.779  -8.176  28.362 0.0000000000
133932  -53.670  -8.520  29.222 0.0000000000
25860  -11.331  -45.876  50.551 0.0000000000
118058  -42.133  -16.787  28.772 0.0000000000
55310  -42.408  -16.590  28.026 0.0000000000
55334  -43.057  -16.321  27.859 0.0000000000
56410  -43.083  -16.014  27.042 0.0000000000
140170  -43.570  -15.941  27.645 0.0000000000
56426  -43.880  -15.574  27.069 0.0000000000
57339  -44.627  -15.109  27.239 0.0000000000
57356  -45.163  -14.498  26.579 0.0000000000
132651  -45.816  -13.990  26.437 0.0000000000
58320  -46.940  -13.111  26.039 0.0000000000
59375  -46.179  -12.748  24.816 0.0000000000
59369  -47.350  -12.587  25.736 0.0000000000
60466  -48.360  -11.524  25.714 0.0000000000
131938  -48.787  -11.140  25.595 0.0000000000
60477  -49.133  -10.782  25.114 0.0000000000
61433  -49.820  -10.484  25.354 0.0000000000
62397  -52.274  -9.095  24.034 0.0000000000
132567  -52.892  -8.747  23.913 0.0000000000
135498  -49.168  -7.754  22.437 0.0000000000
63340  -50.492  -8.016  22.687 0.0000000000
64285  -51.803  -8.137  23.050 0.0000000000
63324  -52.458  -8.495  23.454 0.0000000000
64275  -53.754  -7.970  23.836 0.0000000000
65211  -54.387  -6.716  23.589 0.0000000000
65210  -53.790  -6.431  23.266 0.0000000000
118655  -55.290  -5.330  23.434 0.0000000000
67125  -55.487  -4.350  23.283 0.0000000000
68101  -54.497  -3.707  23.311 0.0000000000
68110  -53.135  -3.383  22.864 0.0000000000
69037  -52.770  -2.917  21.185 0.0000000000
69046  -52.514  -2.808  20.374 0.0000000000
33661  -16.087  -39.164  48.199 0.0000000000
32583  -15.772  -39.834  48.722 0.0000000000
32571  -15.799  -39.772  49.695 0.0000000000
31511  -15.487  -40.487  49.321 0.0000000000
30466  -14.861  -41.536  49.932 0.0000000000
32520  -14.937  -39.992  55.549 0.0000000000
32526  -14.888  -40.424  54.841 0.0000000000
31469  -14.971  -41.037  53.178 0.0000000000
30427  -14.065  -41.557  54.735 0.0000000000
31478  -15.239  -41.166  52.125 0.0000000000
30456  -14.768  -41.747  50.762 0.0000000000
28160  -13.575  -43.022  50.259 0.0000000000
29310  -13.102  -43.532  51.852 0.0000000000
25853  -11.895  -45.435  50.607 0.0000000000
49458  -48.769  -22.085  42.216 0.0000000000
50360  -48.304  -21.490  42.331 0.0000000000
120182  -48.433  -28.143  40.573 0.0000000000
49495  -47.053  -22.490  37.048 0.0000000000
49496  -47.536  -22.894  37.761 0.0000000000
137456  -47.860  -23.436  38.282 0.0000000000
49485  -47.654  -22.666  38.548 0.0000000000
48605  -47.896  -23.342  39.150 0.0000000000
48595  -47.909  -23.213  40.174 0.0000000000
131497  -47.739  -22.287  41.347 0.0000000000
123442  -46.635  -21.266  40.166 0.0000000000
50368  -47.073  -21.204  41.824 0.0000000000
51264  -46.552  -20.492  41.820 0.0000000000
52173  -45.094  -18.151  41.493 0.0000000000
54113  -44.405  -17.313  40.590 0.0000000000
54112  -43.790  -17.270  39.865 0.0000000000
55092  -43.617  -16.808  39.319 0.0000000000
55114  -43.343  -16.498  38.470 0.0000000000
55132  -42.950  -16.085  37.845 0.0000000000
128831  -42.368  -17.764  37.564 0.0000000000
55130  -41.900  -16.743  37.284 0.0000000000
56261  -41.067  -16.086  36.074 0.0000000000
55145  -41.858  -15.998  37.005 0.0000000000
56274  -42.215  -15.864  36.432 0.0000000000
55172  -42.458  -16.235  34.696 0.0000000000
123314  -42.357  -16.579  33.207 0.0000000000
123170  -41.520  -16.398  33.359 0.0000000000
55210  -42.097  -16.697  32.520 0.0000000000
117148  -41.673  -16.946  30.382 0.0000000000
54185  -38.664  -17.779  33.169 0.0000000000
54176  -37.779  -16.834  32.922 0.0000000000
55207  -37.971  -16.328  32.768 0.0000000000
56318  -38.243  -15.973  32.450 0.0000000000
118805  -37.684  -15.873  31.017 0.0000000000
56336  -38.852  -16.050  31.776 0.0000000000
55260  -39.226  -16.507  30.710 0.0000000000
118059  -41.147  -16.989  28.852 0.0000000000
35780  -25.513  -36.339  49.403 0.0000000000
35782  -27.223  -36.692  49.426 0.0000000000
129895  -29.055  -35.002  48.569 0.0000000000
132745  -29.270  -34.808  49.337 0.0000000000
39118  -28.385  -33.208  38.788 0.0000000000
39104  -29.020  -33.081  39.446 0.0000000000
39105  -29.698  -33.078  39.996 0.0000000000
39086  -29.945  -33.171  40.830 0.0000000000
39067  -30.946  -33.092  41.777 0.0000000000
133309  -31.414  -33.096  40.294 0.0000000000
119046  -31.586  -33.159  41.186 0.0000000000
133354  -31.085  -33.117  42.432 0.0000000000
39014  -31.707  -33.176  42.937 0.0000000000
128382  -33.020  -33.444  44.059 0.0000000000
45893  -32.077  -26.822  38.230 0.0000000000
44954  -32.293  -27.401  38.750 0.0000000000
42889  -32.360  -29.327  38.940 0.0000000000
41943  -33.278  -30.704  38.810 0.0000000000
43908  -34.374  -28.944  40.509 0.0000000000
43907  -33.851  -29.323  40.459 0.0000000000
42838  -34.971  -30.246  40.760 0.0000000000
42855  -33.809  -30.034  40.471 0.0000000000
41921  -33.486  -30.350  39.727 0.0000000000
40963  -33.847  -31.228  39.242 0.0000000000
40980  -33.567  -31.582  38.441 0.0000000000
39122  -34.144  -32.684  38.772 0.0000000000
39108  -34.253  -33.326  39.208 0.0000000000
39089  -34.221  -34.045  40.719 0.0000000000
132659  -34.998  -34.112  40.531 0.0000000000
39043  -33.481  -33.825  42.466 0.0000000000
124030  -33.280  -33.536  45.071 0.0000000000
38969  -33.862  -33.714  45.947 0.0000000000
38997  -35.239  -34.054  45.077 0.0000000000
38970  -34.800  -33.793  45.919 0.0000000000
39018  -37.481  -33.503  43.998 0.0000000000
126425  -37.335  -34.387  45.500 0.0000000000
33720  -15.531  -39.517  44.002 0.0000000000
33688  -16.509  -38.137  46.041 0.0000000000
34771  -16.614  -38.181  42.174 0.0000000000
34747  -17.111  -37.406  44.370 0.0000000000
34735  -16.739  -37.760  45.296 0.0000000000
34721  -17.337  -36.912  48.805 0.0000000000
37878  -20.825  -33.883  51.527 0.0000000000
122076  -43.604  -16.407  29.883 0.0000000000
55264  -44.171  -16.191  30.369 0.0000000000
56367  -44.664  -15.668  29.407 0.0000000000
56352  -44.831  -15.744  30.250 0.0000000000
118891  -45.699  -15.630  31.798 0.0000000000
56320  -46.266  -15.467  32.209 0.0000000000
57287  -46.898  -15.120  32.662 0.0000000000
57330  -46.331  -14.281  28.587 0.0000000000
57324  -46.488  -14.347  29.417 0.0000000000
57318  -46.606  -14.500  30.222 0.0000000000
57319  -47.224  -14.169  30.587 0.0000000000
57311  -46.703  -14.694  31.015 0.0000000000
57276  -48.322  -14.543  34.282 0.0000000000
57277  -48.943  -14.304  34.698 0.0000000000
61389  -50.795  -10.770  29.064 0.0000000000
59282  -50.906  -12.136  31.988 0.0000000000
68102  -56.004  -3.539  23.329 0.0000000000
69024  -56.429  -2.779  23.365 0.0000000000
132122  -56.732  -2.113  23.414 0.0000000000
70904  -57.124  -0.577  23.587 0.0000000000
70914  -54.535  -0.611  22.142 0.0000000000
69982  -54.978  -0.909  21.493 0.0000000000
117288  -54.590  -0.796  21.827 0.0000000000
70909  -54.912  -0.061  22.319 0.0000000000
70903  -56.337  0.333  23.181 0.0000000000
116786  -57.221  0.314  23.467 0.0000000000
71898  -57.812  0.677  23.584 0.0000000000
71899  -58.472  0.906  23.618 0.0000000000
72865  -57.397  1.538  22.188 0.0000000000
116865  -59.009  1.190  23.675 0.0000000000
72859  -59.430  1.719  23.374 0.0000000000
70925  -58.176  -0.383  20.684 0.0000000000
71920  -58.560  0.450  21.043 0.0000000000
72874  -59.343  1.998  21.461 0.0000000000
73850  -59.791  2.691  22.384 0.0000000000
73881  -61.549  2.839  18.622 0.0000000000
74885  -62.185  3.336  18.982 0.0000000000
74898  -62.951  3.264  17.932 0.0000000000
26937  -13.543  -43.204  53.552 0.0000000000
26944  -13.594  -43.730  53.048 0.0000000000
29298  -13.345  -42.962  54.008 0.0000000000
30426  -13.739  -42.010  55.190 0.0000000000
30455  -14.067  -42.256  51.225 0.0000000000
31464  -14.662  -40.970  54.202 0.0000000000
32562  -15.842  -39.694  50.626 0.0000000000
33596  -16.324  -38.182  54.371 0.0000000000
33603  -16.424  -38.267  53.366 0.0000000000
33662  -16.417  -38.555  47.638 0.0000000000
35807  -17.663  -36.610  46.353 0.0000000000
35848  -25.323  -36.728  43.468 0.0000000000
36879  -26.600  -35.941  43.199 0.0000000000
37906  -29.174  -34.859  50.144 0.0000000000
37975  -35.842  -34.687  42.405 0.0000000000
37976  -36.526  -34.371  42.354 0.0000000000
37993  -35.316  -34.507  41.704 0.0000000000
38007  -26.350  -34.770  40.550 0.0000000000
38894  -22.483  -34.024  51.700 0.0000000000
39040  -30.382  -33.122  42.338 0.0000000000
39107  -33.315  -33.371  39.298 0.0000000000
39120  -32.801  -33.090  38.754 0.0000000000
40038  -35.231  -32.326  39.784 0.0000000000
41875  -39.133  -30.046  44.040 0.0000000000
41952  -47.437  -30.514  38.473 0.0000000000
41980  -31.401  -30.608  36.369 0.0000000000
43877  -42.144  -28.824  42.894 0.0000000000
43914  -40.620  -28.910  41.089 0.0000000000
48614  -47.296  -23.266  37.213 0.0000000000
51265  -47.194  -20.694  42.214 0.0000000000
51338  -44.705  -20.571  34.722 0.0000000000
53113  -46.641  -18.450  42.158 0.0000000000
53139  -43.959  -17.735  40.282 0.0000000000
54168  -38.819  -16.765  33.898 0.0000000000
55067  -47.676  -17.195  41.638 0.0000000000
55077  -44.692  -16.835  40.400 0.0000000000
55158  -40.279  -16.404  35.188 0.0000000000
56275  -47.070  -15.641  35.843 0.0000000000
118231  -44.636  -16.364  38.118 0.0000000000
118388  -47.133  -16.610  40.838 0.0000000000
124731  -22.933  -35.787  45.548 0.0000000000
131650  -20.537  -34.126  50.723 0.0000000000
133568  -27.457  -33.577  39.221 0.0000000000
138686  -12.890  -44.449  51.492 0.0000000000
139658  -16.076  -39.159  52.438 0.0000000000
140404  -44.425  -25.582  35.239 0.0000000000
140868  -55.916  -6.139  27.143 0.0000000000
