#!ascii label  , from subject sub-v1s12x0050109_ses-1 vox2ras=TkReg
790
33641  -21.816  -37.554  50.056 0.0000000000
41910  -48.839  -30.760  40.486 0.0000000000
51253  -46.969  -20.006  42.289 0.0000000000
119233  -52.315  -14.113  37.239 0.0000000000
41895  -45.207  -30.830  41.491 0.0000000000
137993  -49.251  -15.327  40.603 0.0000000000
61381  -53.247  -9.733  30.576 0.0000000000
65155  -56.640  -6.405  29.381 0.0000000000
40055  -50.894  -31.776  38.913 0.0000000000
132211  -51.342  -26.219  38.383 0.0000000000
46769  -48.548  -25.364  41.452 0.0000000000
37864  -23.600  -35.109  52.804 0.0000000000
134920  -27.636  -36.442  52.683 0.0000000000
36789  -31.797  -35.606  50.078 0.0000000000
121048  -35.432  -34.859  47.286 0.0000000000
128135  -39.894  -34.443  45.459 0.0000000000
39048  -42.131  -33.040  42.366 0.0000000000
35890  -47.431  -35.727  40.880 0.0000000000
51290  -52.620  -21.156  38.541 0.0000000000
67078  -58.508  -4.870  29.417 0.0000000000
40937  -50.170  -31.227  40.550 0.0000000000
43901  -50.298  -28.289  40.713 0.0000000000
116728  -48.661  -28.032  41.110 0.0000000000
37893  -24.338  -34.955  51.209 0.0000000000
36757  -25.291  -35.941  52.846 0.0000000000
40901  -40.074  -31.196  44.318 0.0000000000
123859  -40.727  -32.463  43.110 0.0000000000
41876  -42.595  -30.639  43.706 0.0000000000
40039  -46.897  -32.512  39.694 0.0000000000
39076  -46.657  -33.919  41.937 0.0000000000
139800  -48.221  -33.610  40.614 0.0000000000
38035  -49.179  -34.637  39.444 0.0000000000
49460  -49.734  -22.871  41.692 0.0000000000
48606  -52.322  -23.263  38.264 0.0000000000
51266  -50.827  -20.592  41.028 0.0000000000
57236  -50.502  -14.008  39.115 0.0000000000
130293  -51.661  -15.957  40.679 0.0000000000
56227  -52.869  -15.684  39.087 0.0000000000
139127  -54.155  -15.783  36.569 0.0000000000
62332  -56.779  -9.790  32.723 0.0000000000
60394  -54.818  -11.236  33.157 0.0000000000
42832  -43.505  -29.568  42.608 0.0000000000
57266  -49.007  -14.374  35.568 0.0000000000
138090  -54.868  -8.053  29.609 0.0000000000
63257  -57.526  -8.675  31.508 0.0000000000
64239  -58.983  -6.388  28.846 0.0000000000
116526  -49.570  -31.279  35.895 0.0000000000
42883  -51.379  -29.223  38.256 0.0000000000
46758  -50.222  -25.156  40.727 0.0000000000
34678  -22.921  -36.943  52.391 0.0000000000
32557  -28.002  -39.496  51.784 0.0000000000
36777  -30.168  -35.464  52.023 0.0000000000
33634  -30.188  -37.838  51.241 0.0000000000
34715  -31.880  -37.781  49.886 0.0000000000
34722  -34.273  -37.564  48.177 0.0000000000
34732  -36.632  -37.669  46.767 0.0000000000
36843  -37.460  -35.194  46.544 0.0000000000
36881  -40.266  -35.619  43.609 0.0000000000
39974  -44.780  -31.851  43.123 0.0000000000
36909  -44.865  -34.892  42.108 0.0000000000
35899  -45.740  -36.468  39.749 0.0000000000
35923  -47.254  -35.933  38.555 0.0000000000
39149  -48.570  -33.841  36.409 0.0000000000
123776  -50.540  -18.069  41.227 0.0000000000
59247  -52.718  -12.743  33.355 0.0000000000
118954  -53.086  -13.933  35.109 0.0000000000
35759  -21.431  -36.087  52.765 0.0000000000
41896  -49.284  -31.157  40.648 0.0000000000
42847  -49.340  -29.215  41.211 0.0000000000
43915  -48.610  -28.818  40.808 0.0000000000
42805  -40.350  -29.691  44.022 0.0000000000
40902  -41.019  -30.567  44.019 0.0000000000
42818  -41.553  -29.129  43.716 0.0000000000
40967  -47.592  -31.930  39.289 0.0000000000
40024  -47.501  -32.746  40.478 0.0000000000
126880  -48.712  -31.684  40.376 0.0000000000
40010  -49.098  -32.484  40.364 0.0000000000
50369  -50.358  -21.523  41.427 0.0000000000
51255  -48.732  -19.988  42.388 0.0000000000
58173  -51.746  -13.938  37.875 0.0000000000
57237  -52.428  -14.210  39.113 0.0000000000
57249  -53.291  -14.779  38.062 0.0000000000
125207  -53.575  -15.872  37.688 0.0000000000
57250  -53.761  -15.024  37.156 0.0000000000
61375  -57.375  -10.675  32.418 0.0000000000
61366  -56.341  -10.519  33.105 0.0000000000
60405  -57.147  -11.329  32.152 0.0000000000
64228  -55.078  -7.625  29.030 0.0000000000
64219  -56.439  -7.454  30.435 0.0000000000
63263  -56.193  -8.119  30.981 0.0000000000
64220  -57.258  -7.320  30.732 0.0000000000
63265  -58.219  -8.110  30.582 0.0000000000
65148  -57.702  -6.712  30.319 0.0000000000
66077  -58.972  -5.481  29.325 0.0000000000
40993  -50.488  -31.255  37.535 0.0000000000
41972  -50.947  -30.111  37.524 0.0000000000
41953  -51.301  -30.493  38.575 0.0000000000
125434  -49.148  -26.665  41.490 0.0000000000
44925  -50.198  -26.676  40.571 0.0000000000
46757  -49.088  -25.317  41.806 0.0000000000
48575  -49.326  -23.839  41.949 0.0000000000
129069  -48.464  -23.536  41.728 0.0000000000
34679  -23.711  -37.321  52.598 0.0000000000
34664  -24.168  -36.798  52.920 0.0000000000
140137  -26.688  -36.557  52.838 0.0000000000
37909  -30.878  -34.897  50.135 0.0000000000
36778  -30.800  -35.409  51.373 0.0000000000
34694  -29.826  -37.277  51.825 0.0000000000
34696  -31.182  -36.576  51.038 0.0000000000
33646  -31.232  -38.032  50.226 0.0000000000
35776  -31.756  -36.206  50.459 0.0000000000
118793  -34.954  -36.215  47.531 0.0000000000
34727  -35.384  -37.818  47.319 0.0000000000
35800  -35.594  -36.595  47.287 0.0000000000
38974  -39.032  -33.546  45.211 0.0000000000
38948  -38.625  -34.156  45.578 0.0000000000
37946  -38.869  -34.392  45.801 0.0000000000
35815  -38.586  -36.161  46.095 0.0000000000
35816  -39.365  -36.167  45.721 0.0000000000
34742  -40.002  -37.271  44.999 0.0000000000
36859  -40.308  -35.088  45.038 0.0000000000
39987  -41.185  -32.630  42.551 0.0000000000
39046  -39.857  -33.220  41.745 0.0000000000
39092  -40.390  -33.463  40.807 0.0000000000
37997  -42.368  -34.218  41.318 0.0000000000
41878  -43.976  -30.388  43.178 0.0000000000
40921  -45.018  -31.444  42.907 0.0000000000
129317  -46.997  -34.471  41.587 0.0000000000
37981  -45.765  -34.298  42.442 0.0000000000
36895  -46.505  -35.260  41.727 0.0000000000
36930  -45.192  -35.833  40.842 0.0000000000
138570  -46.280  -36.362  40.234 0.0000000000
35912  -47.321  -36.108  39.395 0.0000000000
39124  -49.937  -33.274  38.805 0.0000000000
38057  -49.227  -34.497  38.164 0.0000000000
40066  -49.661  -32.807  37.476 0.0000000000
40080  -49.425  -32.516  36.593 0.0000000000
38888  -23.066  -34.268  52.236 0.0000000000
37870  -22.775  -34.512  52.896 0.0000000000
36754  -22.239  -35.038  53.348 0.0000000000
44977  -51.575  -27.572  37.862 0.0000000000
45920  -51.549  -26.343  37.511 0.0000000000
49477  -52.561  -21.549  38.568 0.0000000000
55068  -48.619  -16.639  41.543 0.0000000000
54087  -49.240  -17.422  41.766 0.0000000000
135759  -50.117  -16.021  41.528 0.0000000000
55098  -51.248  -16.660  39.974 0.0000000000
54123  -50.850  -17.496  40.222 0.0000000000
60378  -55.557  -11.928  33.751 0.0000000000
60376  -53.326  -12.063  33.028 0.0000000000
59248  -53.908  -12.671  33.763 0.0000000000
59226  -53.326  -13.381  34.246 0.0000000000
132068  -54.997  -13.924  34.661 0.0000000000
58195  -54.596  -14.641  34.953 0.0000000000
65162  -56.603  -5.989  28.722 0.0000000000
65156  -57.317  -5.737  29.490 0.0000000000
66081  -56.981  -5.314  28.607 0.0000000000
68059  -57.937  -3.678  28.066 0.0000000000
40953  -50.721  -31.372  39.588 0.0000000000
119992  -50.950  -30.750  39.431 0.0000000000
117557  -50.379  -29.993  40.851 0.0000000000
43900  -49.203  -28.196  41.313 0.0000000000
138564  -48.490  -25.998  41.220 0.0000000000
37881  -23.705  -34.631  51.769 0.0000000000
36756  -24.437  -35.585  52.729 0.0000000000
36774  -27.353  -35.976  51.959 0.0000000000
39959  -39.594  -32.871  44.942 0.0000000000
39000  -40.170  -33.494  44.727 0.0000000000
122622  -40.414  -32.206  44.038 0.0000000000
39971  -41.410  -31.847  43.398 0.0000000000
39972  -42.159  -32.225  42.978 0.0000000000
40951  -46.383  -32.254  40.150 0.0000000000
40934  -46.224  -32.354  41.518 0.0000000000
40023  -46.915  -32.745  40.768 0.0000000000
40009  -47.381  -33.370  41.126 0.0000000000
38000  -47.900  -34.565  40.784 0.0000000000
36931  -48.221  -35.382  40.176 0.0000000000
126203  -48.952  -33.686  40.220 0.0000000000
39095  -49.852  -32.393  39.879 0.0000000000
37891  -22.802  -34.518  50.435 0.0000000000
47672  -51.135  -24.463  39.930 0.0000000000
47694  -51.709  -24.600  38.565 0.0000000000
48581  -51.316  -22.914  40.385 0.0000000000
122648  -51.989  -21.712  39.991 0.0000000000
51268  -52.245  -20.442  40.362 0.0000000000
57223  -50.162  -14.417  40.049 0.0000000000
131706  -50.501  -15.190  41.120 0.0000000000
57207  -51.627  -14.842  40.502 0.0000000000
131895  -52.486  -15.584  39.834 0.0000000000
62336  -55.057  -9.277  31.652 0.0000000000
61373  -53.625  -10.218  31.388 0.0000000000
61365  -55.227  -10.527  32.807 0.0000000000
61358  -55.923  -11.194  33.506 0.0000000000
129882  -48.071  -30.002  39.022 0.0000000000
40983  -47.230  -31.483  38.661 0.0000000000
53114  -47.345  -18.721  42.308 0.0000000000
56244  -48.280  -15.224  38.378 0.0000000000
57234  -48.930  -14.587  38.309 0.0000000000
58179  -49.700  -14.214  36.741 0.0000000000
58180  -50.496  -14.154  36.626 0.0000000000
62345  -54.602  -8.874  30.698 0.0000000000
62346  -55.578  -8.676  31.323 0.0000000000
62338  -57.154  -9.003  32.265 0.0000000000
61376  -57.670  -10.092  32.067 0.0000000000
66076  -58.644  -5.869  29.635 0.0000000000
139921  -58.890  -6.485  29.068 0.0000000000
42947  -49.993  -29.644  36.012 0.0000000000
43953  -51.602  -28.719  37.961 0.0000000000
44949  -51.382  -27.883  38.339 0.0000000000
42865  -51.136  -29.007  39.472 0.0000000000
44939  -51.036  -27.051  39.337 0.0000000000
45875  -51.082  -26.089  39.537 0.0000000000
136124  -50.301  -23.780  41.196 0.0000000000
49459  -49.131  -22.880  42.071 0.0000000000
45887  -48.182  -26.988  39.884 0.0000000000
45886  -48.145  -26.154  39.902 0.0000000000
48595  -47.909  -23.213  40.174 0.0000000000
34693  -22.479  -37.190  51.728 0.0000000000
33615  -23.288  -37.663  52.080 0.0000000000
30448  -28.069  -41.110  50.964 0.0000000000
137978  -27.245  -36.288  50.643 0.0000000000
36775  -28.262  -35.558  52.023 0.0000000000
117322  -28.826  -35.919  52.583 0.0000000000
134362  -29.212  -38.993  51.370 0.0000000000
32579  -31.975  -38.965  48.980 0.0000000000
33669  -33.300  -38.760  48.378 0.0000000000
37943  -35.783  -34.321  46.672 0.0000000000
37944  -37.107  -34.788  46.373 0.0000000000
36830  -36.888  -35.122  46.871 0.0000000000
35802  -37.026  -35.746  46.898 0.0000000000
34733  -37.422  -37.936  46.429 0.0000000000
37968  -40.233  -33.816  43.462 0.0000000000
122181  -42.717  -29.594  43.516 0.0000000000
40912  -43.275  -31.095  43.518 0.0000000000
39020  -43.914  -32.643  43.150 0.0000000000
128232  -45.597  -33.083  42.912 0.0000000000
39050  -44.487  -33.547  42.996 0.0000000000
37979  -44.046  -34.308  42.351 0.0000000000
36908  -43.650  -35.269  40.761 0.0000000000
36929  -44.333  -35.920  40.352 0.0000000000
36977  -47.202  -35.433  37.157 0.0000000000
36964  -48.739  -35.262  38.717 0.0000000000
38055  -47.949  -35.248  37.383 0.0000000000
38070  -47.120  -34.425  35.741 0.0000000000
39157  -48.235  -33.505  35.496 0.0000000000
35747  -21.916  -35.580  53.180 0.0000000000
52161  -49.035  -19.183  42.267 0.0000000000
52175  -50.731  -19.071  41.192 0.0000000000
52187  -52.278  -19.848  40.282 0.0000000000
55070  -51.025  -16.513  40.881 0.0000000000
53152  -50.969  -18.585  40.356 0.0000000000
52209  -52.394  -20.021  38.738 0.0000000000
117223  -50.238  -14.021  34.968 0.0000000000
58192  -51.538  -14.136  35.602 0.0000000000
125750  -53.027  -10.950  31.788 0.0000000000
60403  -52.264  -11.567  31.905 0.0000000000
59246  -51.779  -13.068  33.308 0.0000000000
58205  -52.007  -13.916  34.939 0.0000000000
140616  -53.234  -14.176  35.959 0.0000000000
57258  -54.088  -14.851  36.415 0.0000000000
127542  -21.380  -37.255  50.526 0.0000000000
42846  -49.290  -30.139  40.949 0.0000000000
42864  -48.800  -29.789  40.618 0.0000000000
42816  -39.797  -29.614  43.659 0.0000000000
42806  -41.089  -29.560  43.945 0.0000000000
42817  -40.751  -29.200  43.595 0.0000000000
40968  -48.312  -31.383  39.873 0.0000000000
51254  -47.676  -20.438  42.476 0.0000000000
139975  -48.509  -20.634  42.477 0.0000000000
118777  -48.137  -20.167  42.625 0.0000000000
58181  -51.386  -14.136  36.964 0.0000000000
58174  -52.691  -14.152  38.244 0.0000000000
58175  -53.182  -14.390  37.367 0.0000000000
64230  -56.841  -6.810  30.145 0.0000000000
40984  -50.905  -31.680  38.483 0.0000000000
40994  -50.971  -30.900  38.153 0.0000000000
40985  -51.186  -31.108  38.812 0.0000000000
45848  -48.988  -26.130  41.672 0.0000000000
46756  -48.883  -25.434  41.795 0.0000000000
48573  -48.682  -24.147  41.938 0.0000000000
47670  -48.471  -24.436  41.552 0.0000000000
36755  -23.182  -35.382  52.893 0.0000000000
125995  -23.981  -35.638  52.789 0.0000000000
36758  -27.215  -36.372  52.526 0.0000000000
122378  -27.004  -36.894  52.855 0.0000000000
37898  -31.279  -35.232  50.194 0.0000000000
37897  -30.893  -34.984  50.960 0.0000000000
36788  -31.289  -35.480  50.733 0.0000000000
133338  -31.219  -35.894  51.111 0.0000000000
36827  -34.652  -35.370  47.512 0.0000000000
35792  -34.337  -36.432  47.985 0.0000000000
36828  -35.381  -35.643  47.400 0.0000000000
37953  -39.402  -33.999  45.516 0.0000000000
38949  -39.106  -33.892  45.476 0.0000000000
123940  -39.432  -34.609  45.704 0.0000000000
36845  -39.080  -35.251  45.892 0.0000000000
36858  -39.833  -35.408  45.527 0.0000000000
134541  -40.238  -35.874  45.076 0.0000000000
39074  -40.898  -33.096  41.619 0.0000000000
137852  -41.883  -33.601  41.692 0.0000000000
37996  -41.334  -33.703  40.972 0.0000000000
41894  -44.777  -30.267  42.161 0.0000000000
41887  -45.180  -30.999  42.337 0.0000000000
36912  -47.404  -35.252  41.214 0.0000000000
37998  -47.024  -34.975  41.523 0.0000000000
36911  -46.944  -35.600  41.352 0.0000000000
35876  -46.728  -36.159  40.756 0.0000000000
35901  -47.369  -36.053  40.231 0.0000000000
40054  -50.488  -32.470  38.650 0.0000000000
39139  -49.894  -33.090  38.279 0.0000000000
40067  -50.327  -32.271  37.962 0.0000000000
38887  -22.374  -33.980  52.546 0.0000000000
120800  -22.737  -34.869  53.086 0.0000000000
121221  -51.438  -27.267  38.046 0.0000000000
45921  -51.426  -26.582  37.709 0.0000000000
45903  -51.394  -26.119  38.096 0.0000000000
49498  -52.740  -22.134  37.518 0.0000000000
50401  -52.712  -21.658  37.673 0.0000000000
50400  -52.608  -21.224  37.376 0.0000000000
55081  -48.419  -16.188  40.992 0.0000000000
129766  -49.508  -16.256  41.573 0.0000000000
56196  -49.239  -15.794  41.156 0.0000000000
61380  -52.619  -9.919  30.260 0.0000000000
59249  -55.112  -12.633  34.066 0.0000000000
60377  -54.397  -11.948  33.451 0.0000000000
59227  -54.605  -13.329  34.387 0.0000000000
40012  -50.279  -31.656  40.066 0.0000000000
40938  -50.634  -31.142  40.076 0.0000000000
41898  -50.180  -30.591  40.873 0.0000000000
43899  -48.892  -28.552  41.233 0.0000000000
44932  -48.876  -27.841  41.341 0.0000000000
44923  -48.973  -27.114  41.476 0.0000000000
44931  -48.707  -27.259  41.280 0.0000000000
36786  -26.652  -36.184  51.195 0.0000000000
135232  -39.374  -31.063  44.431 0.0000000000
40893  -39.435  -32.062  44.656 0.0000000000
40894  -39.951  -32.102  44.510 0.0000000000
40910  -41.697  -30.963  43.749 0.0000000000
40909  -40.720  -31.414  43.974 0.0000000000
40911  -42.391  -31.423  43.451 0.0000000000
40966  -46.445  -32.079  39.215 0.0000000000
127265  -47.851  -33.275  40.709 0.0000000000
124797  -47.752  -33.995  40.939 0.0000000000
39093  -48.392  -34.097  40.557 0.0000000000
40011  -49.693  -32.020  40.274 0.0000000000
39079  -49.230  -32.905  40.192 0.0000000000
40026  -50.341  -31.926  39.681 0.0000000000
37892  -23.586  -34.726  50.775 0.0000000000
37880  -23.042  -34.368  51.329 0.0000000000
48580  -50.797  -23.242  40.869 0.0000000000
125989  -51.251  -23.520  40.212 0.0000000000
49461  -50.550  -22.781  41.232 0.0000000000
51257  -49.921  -20.653  41.683 0.0000000000
136734  -51.514  -21.582  40.523 0.0000000000
129767  -51.264  -21.210  40.696 0.0000000000
50371  -51.921  -21.167  40.421 0.0000000000
51267  -51.675  -20.482  40.641 0.0000000000
57224  -51.155  -14.144  40.073 0.0000000000
57226  -52.671  -15.008  39.416 0.0000000000
55121  -52.725  -16.029  39.014 0.0000000000
55139  -53.245  -15.926  38.344 0.0000000000
61374  -54.574  -9.967  31.956 0.0000000000
62331  -55.672  -9.783  32.546 0.0000000000
60379  -56.272  -11.922  33.599 0.0000000000
41952  -47.437  -30.514  38.473 0.0000000000
58190  -49.822  -14.213  35.855 0.0000000000
121983  -54.336  -8.040  29.029 0.0000000000
63270  -54.355  -8.479  29.818 0.0000000000
133706  -55.160  -8.336  30.366 0.0000000000
63256  -57.040  -8.279  31.641 0.0000000000
133842  -56.505  -8.545  31.861 0.0000000000
131157  -57.705  -9.353  31.827 0.0000000000
61383  -57.737  -9.758  31.361 0.0000000000
62339  -57.889  -8.778  31.159 0.0000000000
66082  -57.809  -4.974  29.293 0.0000000000
66075  -58.231  -5.514  29.719 0.0000000000
65158  -59.051  -5.908  29.109 0.0000000000
65157  -58.744  -6.196  29.474 0.0000000000
41991  -48.985  -30.999  35.168 0.0000000000
41992  -49.543  -30.344  35.617 0.0000000000
41985  -50.157  -30.528  36.550 0.0000000000
138637  -51.479  -29.688  38.130 0.0000000000
42916  -51.600  -29.313  37.942 0.0000000000
43940  -51.496  -28.684  38.094 0.0000000000
44961  -51.478  -28.100  38.021 0.0000000000
43928  -51.386  -28.597  38.337 0.0000000000
119770  -50.871  -29.986  39.973 0.0000000000
41911  -51.115  -29.903  39.101 0.0000000000
43902  -50.834  -28.391  40.005 0.0000000000
45850  -49.834  -25.891  40.932 0.0000000000
44933  -50.644  -27.488  40.100 0.0000000000
128485  -50.712  -26.644  39.941 0.0000000000
128095  -50.595  -24.600  40.494 0.0000000000
129406  -50.181  -24.404  41.044 0.0000000000
48572  -48.669  -22.921  42.022 0.0000000000
48574  -49.032  -23.505  42.149 0.0000000000
33629  -22.928  -37.807  51.326 0.0000000000
33616  -24.060  -38.030  52.345 0.0000000000
35751  -25.530  -36.513  53.135 0.0000000000
32545  -27.290  -39.466  52.093 0.0000000000
32556  -27.497  -39.987  51.645 0.0000000000
123153  -28.047  -40.186  51.395 0.0000000000
119815  -27.796  -35.865  51.175 0.0000000000
35762  -29.498  -35.980  52.393 0.0000000000
117418  -28.936  -36.579  52.530 0.0000000000
34683  -29.504  -36.704  52.281 0.0000000000
33633  -29.466  -38.214  51.581 0.0000000000
33644  -29.806  -38.711  51.027 0.0000000000
32567  -30.043  -39.152  50.373 0.0000000000
124115  -31.584  -38.514  49.601 0.0000000000
33657  -32.435  -38.141  49.331 0.0000000000
138789  -33.873  -37.027  48.509 0.0000000000
133007  -33.472  -37.034  48.905 0.0000000000
135275  -33.584  -37.805  48.614 0.0000000000
33658  -33.040  -38.206  48.850 0.0000000000
33670  -33.991  -38.587  48.120 0.0000000000
33684  -35.960  -38.367  46.920 0.0000000000
33698  -35.791  -39.176  46.586 0.0000000000
37945  -37.978  -34.677  45.953 0.0000000000
38947  -37.740  -34.574  45.789 0.0000000000
129402  -37.973  -37.032  46.226 0.0000000000
34734  -38.208  -38.189  45.942 0.0000000000
35829  -40.185  -36.566  44.724 0.0000000000
34754  -39.914  -37.347  44.334 0.0000000000
35839  -40.118  -36.563  43.980 0.0000000000
39019  -40.361  -33.038  43.906 0.0000000000
37962  -40.337  -33.878  44.289 0.0000000000
42819  -42.181  -29.018  43.549 0.0000000000
117632  -42.814  -29.214  43.129 0.0000000000
40913  -44.402  -31.105  43.145 0.0000000000
116540  -43.720  -30.777  43.387 0.0000000000
131659  -44.105  -31.691  43.283 0.0000000000
39973  -43.163  -31.917  43.258 0.0000000000
39991  -46.137  -32.974  42.489 0.0000000000
36894  -45.725  -35.085  42.109 0.0000000000
37980  -45.056  -34.332  42.559 0.0000000000
121611  -43.366  -34.602  41.504 0.0000000000
116968  -44.315  -34.978  41.569 0.0000000000
35889  -45.031  -36.364  40.097 0.0000000000
35911  -46.636  -36.378  39.027 0.0000000000
36969  -46.803  -35.840  37.801 0.0000000000
38034  -48.759  -35.030  39.875 0.0000000000
36950  -48.470  -35.431  39.491 0.0000000000
36951  -48.986  -35.125  39.276 0.0000000000
39137  -48.942  -34.201  37.351 0.0000000000
38056  -48.668  -34.942  37.872 0.0000000000
38062  -48.298  -34.589  36.887 0.0000000000
38061  -47.588  -34.865  36.562 0.0000000000
39148  -47.959  -34.248  35.948 0.0000000000
41001  -49.701  -31.887  36.334 0.0000000000
40092  -49.214  -32.129  35.738 0.0000000000
140520  -49.157  -31.572  35.441 0.0000000000
35748  -22.818  -35.776  52.882 0.0000000000
35760  -22.453  -36.213  52.684 0.0000000000
34677  -21.961  -36.598  52.191 0.0000000000
132605  -52.047  -23.932  38.590 0.0000000000
138773  -51.896  -24.421  38.231 0.0000000000
47702  -52.105  -24.181  37.928 0.0000000000
53115  -47.846  -18.339  42.229 0.0000000000
54088  -49.945  -17.641  41.618 0.0000000000
53129  -50.156  -18.430  41.596 0.0000000000
53130  -51.267  -19.450  40.600 0.0000000000
53142  -51.612  -19.369  40.447 0.0000000000
56199  -51.272  -15.859  40.971 0.0000000000
130306  -51.101  -18.427  39.985 0.0000000000
52196  -51.994  -19.021  39.469 0.0000000000
52208  -51.645  -19.211  38.634 0.0000000000
58204  -51.109  -13.980  34.869 0.0000000000
61364  -54.113  -10.675  32.304 0.0000000000
136468  -52.949  -11.635  32.358 0.0000000000
60392  -52.484  -12.136  32.583 0.0000000000
60391  -51.715  -12.099  32.231 0.0000000000
59269  -52.005  -12.595  32.769 0.0000000000
59268  -51.261  -12.639  32.676 0.0000000000
58206  -52.447  -13.661  34.419 0.0000000000
58194  -54.026  -14.409  35.749 0.0000000000
41897  -49.793  -30.788  40.864 0.0000000000
124294  -48.935  -29.290  41.098 0.0000000000
41864  -39.658  -30.146  44.237 0.0000000000
41865  -40.396  -30.226  44.171 0.0000000000
131941  -41.306  -29.976  44.037 0.0000000000
41866  -41.936  -30.194  43.886 0.0000000000
40040  -47.310  -32.405  39.635 0.0000000000
40952  -47.994  -32.187  40.086 0.0000000000
40025  -48.319  -32.555  40.419 0.0000000000
136355  -48.552  -32.952  40.477 0.0000000000
39078  -48.694  -33.337  40.413 0.0000000000
40935  -48.969  -32.042  40.450 0.0000000000
40936  -49.564  -31.609  40.529 0.0000000000
50362  -49.526  -22.242  41.829 0.0000000000
50363  -50.252  -22.338  41.462 0.0000000000
128764  -49.316  -21.447  41.995 0.0000000000
51256  -49.076  -20.690  42.232 0.0000000000
58160  -51.150  -13.899  38.462 0.0000000000
58151  -51.593  -13.934  39.290 0.0000000000
58161  -51.985  -13.899  38.654 0.0000000000
57238  -52.897  -14.642  38.742 0.0000000000
56228  -53.163  -15.262  38.633 0.0000000000
56245  -53.302  -15.748  38.337 0.0000000000
117511  -53.527  -15.462  37.836 0.0000000000
56256  -53.932  -15.722  37.071 0.0000000000
61367  -57.087  -10.642  32.882 0.0000000000
60395  -56.955  -11.465  32.851 0.0000000000
63271  -55.583  -7.791  29.930 0.0000000000
63264  -56.943  -7.764  31.118 0.0000000000
64212  -57.415  -8.005  31.092 0.0000000000
134154  -57.853  -8.321  30.943 0.0000000000
64221  -57.936  -7.543  30.574 0.0000000000
65149  -58.245  -6.886  30.168 0.0000000000
67084  -58.933  -4.375  29.212 0.0000000000
136898  -58.774  -5.133  29.414 0.0000000000
67079  -59.110  -4.795  29.200 0.0000000000
66083  -59.315  -5.046  28.851 0.0000000000
65163  -59.325  -5.809  28.491 0.0000000000
41002  -50.012  -31.401  36.642 0.0000000000
41973  -51.456  -29.891  38.083 0.0000000000
41954  -51.361  -29.873  38.281 0.0000000000
133998  -49.356  -27.389  41.314 0.0000000000
44924  -49.967  -27.453  40.896 0.0000000000
128506  -49.594  -26.690  41.167 0.0000000000
45849  -49.286  -25.975  41.510 0.0000000000
125538  -49.589  -25.042  41.405 0.0000000000
47661  -49.217  -24.544  41.898 0.0000000000
140505  -48.770  -23.694  42.046 0.0000000000
49464  -48.184  -22.563  41.802 0.0000000000
34663  -23.367  -36.506  52.655 0.0000000000
33621  -28.162  -38.272  52.253 0.0000000000
34684  -30.098  -36.353  52.056 0.0000000000
35769  -30.731  -36.053  51.608 0.0000000000
34695  -30.534  -36.924  51.488 0.0000000000
34704  -30.876  -37.466  50.827 0.0000000000
33645  -30.488  -38.342  50.604 0.0000000000
34705  -31.600  -37.155  50.392 0.0000000000
34706  -32.362  -37.025  49.792 0.0000000000
34726  -34.655  -38.282  47.685 0.0000000000
125473  -34.870  -37.131  47.638 0.0000000000
34728  -36.003  -37.411  47.058 0.0000000000
39957  -38.790  -32.853  44.930 0.0000000000
38973  -38.391  -33.798  45.228 0.0000000000
36844  -38.246  -35.138  46.140 0.0000000000
141265  -39.014  -36.663  45.825 0.0000000000
36870  -40.345  -35.773  44.465 0.0000000000
39047  -40.212  -33.092  42.690 0.0000000000
39986  -40.419  -32.880  42.066 0.0000000000
39073  -40.133  -33.105  41.349 0.0000000000
38012  -41.949  -34.512  40.617 0.0000000000
36907  -42.776  -34.844  40.956 0.0000000000
42833  -44.189  -30.002  42.737 0.0000000000
42820  -43.428  -29.815  43.166 0.0000000000
41886  -44.598  -30.645  42.763 0.0000000000
37982  -46.458  -34.577  41.980 0.0000000000
121309  -45.153  -35.381  41.585 0.0000000000
36910  -46.074  -35.812  41.453 0.0000000000
136701  -45.878  -36.243  40.595 0.0000000000
35900  -46.638  -36.381  39.801 0.0000000000
38036  -49.539  -34.081  39.034 0.0000000000
38046  -49.278  -34.741  38.786 0.0000000000
39123  -49.581  -33.967  38.503 0.0000000000
39138  -49.449  -33.711  37.807 0.0000000000
39150  -49.136  -33.347  36.940 0.0000000000
40992  -49.959  -32.025  37.078 0.0000000000
38882  -22.070  -34.088  53.295 0.0000000000
122411  -52.416  -22.330  38.631 0.0000000000
48616  -52.387  -23.400  37.579 0.0000000000
49486  -52.590  -22.607  37.835 0.0000000000
55067  -47.676  -17.195  41.638 0.0000000000
55055  -48.319  -17.297  41.754 0.0000000000
55056  -48.986  -16.965  41.747 0.0000000000
54101  -49.820  -16.715  41.615 0.0000000000
54102  -50.507  -17.082  41.302 0.0000000000
55082  -51.371  -16.382  40.435 0.0000000000
60393  -53.725  -11.396  32.656 0.0000000000
58207  -54.168  -13.984  34.841 0.0000000000
138961  -57.289  -6.315  29.962 0.0000000000
67090  -57.587  -4.459  28.507 0.0000000000
122473  -58.346  -4.436  29.215 0.0000000000
68053  -58.547  -3.861  28.909 0.0000000000
40969  -51.027  -31.196  39.091 0.0000000000
119182  -49.852  -30.008  41.135 0.0000000000
42848  -49.905  -29.045  41.155 0.0000000000
43888  -49.701  -28.102  41.142 0.0000000000
45860  -48.758  -26.275  41.503 0.0000000000
37871  -23.638  -34.786  52.526 0.0000000000
37872  -24.223  -35.181  52.617 0.0000000000
36762  -24.992  -35.473  52.447 0.0000000000
116822  -25.940  -35.978  52.464 0.0000000000
36763  -26.885  -36.270  52.328 0.0000000000
36764  -27.793  -35.966  52.429 0.0000000000
39958  -39.192  -32.844  44.962 0.0000000000
38975  -39.339  -33.498  45.211 0.0000000000
38976  -39.815  -33.584  45.212 0.0000000000
37954  -40.219  -34.220  44.906 0.0000000000
130769  -40.109  -32.828  44.754 0.0000000000
140805  -40.850  -31.951  43.683 0.0000000000
40950  -45.712  -31.604  40.826 0.0000000000
40933  -45.585  -31.518  41.769 0.0000000000
40008  -46.816  -33.290  41.627 0.0000000000
39077  -47.257  -34.020  41.482 0.0000000000
37999  -47.490  -34.663  41.242 0.0000000000
36913  -47.803  -35.172  40.770 0.0000000000
135127  -47.777  -35.657  40.408 0.0000000000
38013  -48.347  -34.809  40.432 0.0000000000
38014  -48.940  -34.318  40.070 0.0000000000
39094  -49.409  -33.357  39.829 0.0000000000
38015  -49.340  -34.004  39.536 0.0000000000
39110  -49.751  -33.338  39.264 0.0000000000
40041  -50.363  -32.557  39.037 0.0000000000
47683  -51.444  -24.912  39.075 0.0000000000
46797  -51.430  -25.437  38.383 0.0000000000
47684  -51.696  -23.940  39.361 0.0000000000
48587  -51.625  -23.007  39.802 0.0000000000
49465  -51.185  -22.563  40.652 0.0000000000
49466  -51.619  -22.399  40.179 0.0000000000
49471  -51.995  -22.341  39.519 0.0000000000
50382  -52.346  -21.628  39.307 0.0000000000
50377  -52.378  -21.031  39.914 0.0000000000
51283  -52.521  -21.044  39.218 0.0000000000
56210  -49.220  -14.934  39.992 0.0000000000
56211  -49.875  -15.044  40.810 0.0000000000
57206  -50.752  -14.678  40.701 0.0000000000
56213  -51.810  -15.563  40.594 0.0000000000
57225  -52.099  -14.408  39.897 0.0000000000
57208  -52.273  -15.285  40.175 0.0000000000
55083  -52.138  -15.783  40.326 0.0000000000
55099  -52.285  -16.086  39.869 0.0000000000
62335  -54.100  -9.522  31.027 0.0000000000
41929  -48.466  -30.411  39.846 0.0000000000
42882  -48.447  -29.436  39.893 0.0000000000
42881  -48.090  -29.051  39.045 0.0000000000
41909  -45.154  -30.896  40.449 0.0000000000
40053  -46.968  -32.217  39.037 0.0000000000
41928  -47.884  -31.007  39.115 0.0000000000
52157  -46.093  -18.561  42.146 0.0000000000
52159  -47.604  -19.517  42.503 0.0000000000
54083  -46.158  -17.880  42.064 0.0000000000
54100  -46.818  -17.563  41.803 0.0000000000
55080  -47.732  -16.209  40.418 0.0000000000
56209  -48.627  -15.634  40.345 0.0000000000
135453  -48.555  -15.339  39.596 0.0000000000
56226  -48.756  -14.952  39.079 0.0000000000
57222  -49.525  -14.458  39.149 0.0000000000
57235  -49.718  -14.179  38.270 0.0000000000
57248  -49.172  -14.343  37.382 0.0000000000
133185  -50.400  -13.983  38.180 0.0000000000
58172  -50.829  -13.999  37.586 0.0000000000
62344  -53.658  -9.032  30.091 0.0000000000
62337  -56.174  -9.041  32.291 0.0000000000
61368  -57.481  -9.934  32.497 0.0000000000
61382  -57.499  -10.604  31.769 0.0000000000
62348  -58.031  -8.664  30.865 0.0000000000
133756  -57.814  -6.089  29.984 0.0000000000
66070  -58.001  -6.225  30.018 0.0000000000
65150  -58.529  -6.582  29.816 0.0000000000
121355  -50.518  -29.698  36.705 0.0000000000
43951  -51.028  -29.189  37.136 0.0000000000
43952  -51.468  -28.527  37.547 0.0000000000
125968  -51.675  -27.918  37.897 0.0000000000
45889  -51.353  -27.019  38.266 0.0000000000
139979  -51.088  -30.384  39.147 0.0000000000
41931  -51.172  -29.925  38.587 0.0000000000
42866  -51.275  -29.170  39.096 0.0000000000
129813  -51.113  -27.956  39.403 0.0000000000
43916  -51.309  -28.332  38.992 0.0000000000
44948  -51.265  -27.496  38.943 0.0000000000
45888  -51.286  -26.605  38.821 0.0000000000
46796  -51.319  -25.777  38.860 0.0000000000
46785  -51.186  -25.283  39.484 0.0000000000
47663  -50.716  -23.960  40.641 0.0000000000
48576  -49.953  -23.408  41.537 0.0000000000
47662  -49.723  -24.131  41.554 0.0000000000
129573  -49.360  -23.318  41.923 0.0000000000
43927  -48.328  -28.571  39.907 0.0000000000
44938  -48.402  -27.488  40.695 0.0000000000
45874  -48.373  -26.577  40.863 0.0000000000
46784  -48.269  -25.715  40.711 0.0000000000
47682  -48.212  -24.827  40.750 0.0000000000
122488  -48.175  -23.872  40.916 0.0000000000
48586  -48.041  -22.967  41.137 0.0000000000
52174  -46.232  -19.668  42.004 0.0000000000
34703  -22.119  -37.376  50.874 0.0000000000
35750  -24.621  -36.168  52.980 0.0000000000
35761  -28.086  -36.027  52.655 0.0000000000
33622  -29.018  -37.612  52.178 0.0000000000
33632  -28.635  -38.749  51.812 0.0000000000
32558  -28.666  -39.569  51.408 0.0000000000
34716  -33.080  -37.448  49.215 0.0000000000
33683  -35.141  -39.019  47.172 0.0000000000
37933  -35.415  -34.380  47.024 0.0000000000
126425  -37.335  -34.387  45.500 0.0000000000
125174  -36.677  -34.584  46.301 0.0000000000
37934  -36.241  -34.625  46.896 0.0000000000
36829  -36.196  -35.476  47.205 0.0000000000
35801  -36.452  -36.600  47.021 0.0000000000
35814  -37.761  -35.922  46.495 0.0000000000
35813  -37.222  -36.795  46.635 0.0000000000
119051  -40.434  -34.763  44.177 0.0000000000
37978  -39.803  -33.730  42.463 0.0000000000
131101  -40.149  -34.645  43.152 0.0000000000
120821  -39.928  -35.391  42.720 0.0000000000
43876  -41.474  -28.843  43.253 0.0000000000
42807  -41.988  -29.520  43.857 0.0000000000
41867  -42.704  -30.023  43.761 0.0000000000
41877  -43.262  -30.190  43.458 0.0000000000
140263  -43.146  -30.484  43.566 0.0000000000
39988  -42.928  -32.638  42.945 0.0000000000
39049  -43.400  -33.362  42.720 0.0000000000
40007  -45.542  -31.960  42.407 0.0000000000
39990  -45.315  -32.375  42.914 0.0000000000
39052  -46.057  -33.758  42.515 0.0000000000
39051  -45.336  -33.598  42.852 0.0000000000
39989  -44.875  -32.711  43.160 0.0000000000
39075  -42.857  -33.909  42.046 0.0000000000
136379  -44.566  -35.405  40.985 0.0000000000
36949  -47.886  -35.754  39.799 0.0000000000
36963  -47.961  -35.659  39.021 0.0000000000
36970  -48.092  -35.529  38.226 0.0000000000
138874  -49.038  -34.897  38.417 0.0000000000
139961  -47.511  -35.654  37.845 0.0000000000
40090  -47.770  -33.081  34.663 0.0000000000
40079  -48.837  -32.992  36.043 0.0000000000
40091  -48.533  -32.655  35.204 0.0000000000
46806  -51.629  -25.025  37.958 0.0000000000
52160  -48.263  -19.362  42.570 0.0000000000
129290  -49.505  -19.900  41.952 0.0000000000
53117  -49.282  -18.290  41.915 0.0000000000
52162  -49.937  -19.100  41.804 0.0000000000
131248  -50.428  -19.843  41.450 0.0000000000
52176  -50.977  -19.996  40.865 0.0000000000
52177  -51.891  -19.887  40.637 0.0000000000
51289  -52.553  -20.627  39.112 0.0000000000
56198  -50.643  -15.682  41.254 0.0000000000
55069  -50.601  -16.248  41.299 0.0000000000
54103  -50.754  -17.517  40.967 0.0000000000
54114  -50.777  -17.454  40.622 0.0000000000
53141  -50.886  -18.602  40.679 0.0000000000
53153  -51.959  -19.124  39.922 0.0000000000
52197  -52.428  -19.855  39.666 0.0000000000
137394  -52.637  -20.841  38.464 0.0000000000
122954  -49.538  -14.180  35.058 0.0000000000
58191  -50.720  -14.145  35.669 0.0000000000
58182  -51.916  -14.212  36.358 0.0000000000
117042  -52.759  -10.350  30.893 0.0000000000
61372  -52.012  -10.940  31.091 0.0000000000
59245  -50.805  -13.238  33.320 0.0000000000
58221  -52.348  -13.309  33.867 0.0000000000
58220  -51.581  -13.638  34.079 0.0000000000
58193  -52.409  -14.133  35.724 0.0000000000
134273  -52.805  -14.199  36.547 0.0000000000
58183  -53.609  -14.478  36.585 0.0000000000
57259  -54.174  -15.403  36.546 0.0000000000
128583  -54.405  -15.032  35.859 0.0000000000
56277  -54.203  -15.684  35.984 0.0000000000
38900  -22.452  -34.266  50.968 0.0000000000
39111  -50.053  -32.558  39.485 0.0000000000
40042  -50.640  -31.851  39.283 0.0000000000
41013  -48.800  -31.849  35.050 0.0000000000
41899  -50.614  -30.690  40.383 0.0000000000
41930  -51.125  -30.649  38.670 0.0000000000
42849  -50.616  -29.153  40.422 0.0000000000
42897  -51.526  -29.235  38.223 0.0000000000
44976  -51.583  -27.116  37.676 0.0000000000
45861  -50.516  -25.939  40.349 0.0000000000
46770  -50.797  -25.230  40.091 0.0000000000
46819  -51.568  -25.654  37.463 0.0000000000
47660  -48.941  -24.209  42.126 0.0000000000
47671  -48.751  -24.741  41.888 0.0000000000
48596  -52.008  -23.116  39.038 0.0000000000
49487  -52.725  -21.942  38.019 0.0000000000
50370  -50.984  -22.017  40.854 0.0000000000
50389  -52.671  -21.505  38.101 0.0000000000
51282  -52.511  -20.472  39.829 0.0000000000
51307  -52.709  -21.246  38.011 0.0000000000
52158  -46.708  -19.138  42.225 0.0000000000
53116  -48.399  -18.611  42.328 0.0000000000
54084  -47.091  -18.127  42.048 0.0000000000
54086  -48.482  -17.799  41.936 0.0000000000
55153  -54.005  -15.958  36.595 0.0000000000
56197  -50.004  -15.613  41.377 0.0000000000
56212  -51.184  -15.295  40.953 0.0000000000
56225  -47.978  -15.765  39.598 0.0000000000
58171  -50.010  -14.093  37.459 0.0000000000
117836  -51.187  -14.191  36.223 0.0000000000
119931  -51.458  -25.661  37.666 0.0000000000
127710  -48.245  -15.455  39.045 0.0000000000
129270  -48.158  -20.898  42.519 0.0000000000
130466  -51.588  -21.908  40.449 0.0000000000
134007  -47.908  -18.863  42.534 0.0000000000
134191  -46.106  -19.084  42.121 0.0000000000
134706  -48.965  -24.842  42.008 0.0000000000
141038  -51.618  -28.007  37.908 0.0000000000
