#!ascii label  , from subject sub-v1s12x0050109_ses-1 vox2ras=TkReg
1060
45042  -40.782  -27.099  32.734 0.0000000000
40085  -24.495  -32.620  35.293 0.0000000000
46826  -31.751  -25.255  36.292 0.0000000000
69018  -45.820  -2.783  22.780 0.0000000000
73869  -51.456  2.311  19.841 0.0000000000
39977  -16.192  -31.682  42.220 0.0000000000
65197  -43.166  -6.376  24.787 0.0000000000
49545  -42.819  -22.228  31.944 0.0000000000
43987  -35.689  -28.233  33.953 0.0000000000
40057  -19.522  -31.543  37.418 0.0000000000
36919  -19.344  -35.590  40.954 0.0000000000
47773  -37.341  -24.674  31.287 0.0000000000
49557  -39.089  -22.302  29.801 0.0000000000
42961  -29.917  -29.100  34.168 0.0000000000
47745  -34.594  -24.607  34.217 0.0000000000
57370  -39.928  -14.357  24.235 0.0000000000
60488  -44.023  -11.735  22.909 0.0000000000
64297  -47.640  -7.527  22.237 0.0000000000
33733  -13.115  -39.146  43.010 0.0000000000
30483  -10.996  -41.756  46.804 0.0000000000
51389  -36.174  -20.190  29.778 0.0000000000
55277  -33.947  -16.741  29.380 0.0000000000
56421  -36.620  -15.276  26.510 0.0000000000
34794  -15.356  -37.258  40.578 0.0000000000
38043  -24.343  -34.786  38.070 0.0000000000
39134  -26.523  -33.570  37.373 0.0000000000
44011  -38.618  -28.472  33.521 0.0000000000
42918  -23.201  -29.402  36.065 0.0000000000
40071  -21.490  -32.257  36.209 0.0000000000
137557  -21.663  -34.658  38.275 0.0000000000
46872  -38.005  -25.207  33.164 0.0000000000
123702  -35.610  -25.509  32.102 0.0000000000
59372  -40.009  -12.085  24.198 0.0000000000
58337  -42.637  -13.204  23.542 0.0000000000
127728  -41.309  -10.735  23.516 0.0000000000
132898  -44.030  -6.731  22.484 0.0000000000
66148  -45.900  -5.374  21.702 0.0000000000
65233  -48.693  -6.123  21.894 0.0000000000
127537  -47.633  -3.590  21.047 0.0000000000
69043  -49.344  -2.108  20.388 0.0000000000
51359  -38.007  -20.603  32.594 0.0000000000
50457  -38.415  -21.151  29.655 0.0000000000
52276  -35.156  -19.976  32.391 0.0000000000
56331  -32.332  -15.645  31.339 0.0000000000
58266  -33.405  -13.716  29.918 0.0000000000
56385  -35.100  -15.505  28.401 0.0000000000
58280  -35.014  -12.940  28.058 0.0000000000
59350  -36.956  -12.905  26.750 0.0000000000
44981  -30.188  -26.792  36.442 0.0000000000
121786  -14.215  -35.719  42.740 0.0000000000
37989  -14.963  -34.359  40.834 0.0000000000
27013  -11.075  -44.025  46.864 0.0000000000
116666  -9.457  -44.578  48.110 0.0000000000
62386  -42.345  -9.256  25.161 0.0000000000
51361  -42.590  -20.545  32.384 0.0000000000
45943  -33.754  -26.823  35.234 0.0000000000
41901  -17.807  -30.555  39.784 0.0000000000
132078  -16.717  -34.056  39.230 0.0000000000
38025  -19.523  -34.206  38.823 0.0000000000
74882  -53.086  2.637  18.227 0.0000000000
46007  -39.151  -26.718  30.862 0.0000000000
47786  -40.744  -24.849  30.308 0.0000000000
48673  -38.484  -23.783  30.176 0.0000000000
42013  -24.829  -29.722  33.471 0.0000000000
41024  -27.094  -31.525  33.949 0.0000000000
45021  -27.982  -28.093  33.523 0.0000000000
46838  -28.919  -24.930  34.974 0.0000000000
47718  -30.697  -23.323  35.022 0.0000000000
49503  -32.785  -22.449  36.297 0.0000000000
47742  -32.669  -24.026  34.081 0.0000000000
135907  -34.108  -26.499  32.637 0.0000000000
46004  -36.225  -26.729  31.179 0.0000000000
55382  -40.805  -16.222  26.005 0.0000000000
63332  -42.177  -8.386  23.013 0.0000000000
62418  -45.337  -9.515  22.435 0.0000000000
69997  -50.768  -0.947  19.880 0.0000000000
31545  -11.735  -40.203  44.919 0.0000000000
28213  -12.225  -43.166  45.701 0.0000000000
48685  -41.228  -22.982  29.864 0.0000000000
51381  -40.865  -20.208  29.751 0.0000000000
53233  -39.048  -18.978  30.594 0.0000000000
53209  -32.989  -18.524  32.238 0.0000000000
53237  -34.411  -18.960  29.437 0.0000000000
53220  -36.660  -17.876  31.235 0.0000000000
56333  -36.617  -16.140  31.181 0.0000000000
56365  -37.345  -15.950  29.549 0.0000000000
122615  -39.023  -16.861  27.655 0.0000000000
56423  -38.245  -15.788  25.668 0.0000000000
59366  -38.503  -12.633  25.612 0.0000000000
117860  -29.587  -32.141  36.721 0.0000000000
35833  -13.357  -36.501  44.493 0.0000000000
33745  -14.145  -38.648  41.862 0.0000000000
35883  -17.930  -36.349  40.618 0.0000000000
25874  -8.542  -45.752  48.112 0.0000000000
39132  -24.354  -33.810  36.772 0.0000000000
38054  -25.774  -33.929  37.917 0.0000000000
39146  -25.648  -33.428  36.393 0.0000000000
45026  -39.618  -27.875  33.017 0.0000000000
41007  -23.019  -31.269  34.848 0.0000000000
41005  -21.801  -30.663  35.722 0.0000000000
40073  -23.186  -32.796  35.837 0.0000000000
39143  -22.909  -33.353  36.412 0.0000000000
60449  -40.415  -11.427  25.783 0.0000000000
60485  -40.466  -11.597  23.971 0.0000000000
61429  -40.966  -10.690  24.749 0.0000000000
68098  -45.438  -3.297  23.302 0.0000000000
67130  -45.076  -4.682  22.350 0.0000000000
68106  -45.576  -3.482  22.450 0.0000000000
120183  -46.828  -4.044  21.331 0.0000000000
69035  -46.596  -2.549  21.653 0.0000000000
123626  -46.981  -2.107  21.426 0.0000000000
51344  -36.617  -20.275  33.158 0.0000000000
58242  -33.796  -13.008  31.458 0.0000000000
58279  -34.324  -13.160  28.657 0.0000000000
59306  -35.267  -11.932  29.149 0.0000000000
60421  -36.012  -11.484  28.803 0.0000000000
45907  -30.905  -25.935  37.271 0.0000000000
44965  -30.669  -26.650  37.325 0.0000000000
45908  -31.411  -26.524  37.812 0.0000000000
39026  -14.688  -33.145  42.291 0.0000000000
39058  -14.943  -32.788  41.517 0.0000000000
71926  -51.539  0.764  19.257 0.0000000000
26999  -10.609  -44.196  47.337 0.0000000000
133108  -43.714  -24.056  33.524 0.0000000000
50444  -42.764  -21.358  32.139 0.0000000000
131462  -34.510  -27.631  34.530 0.0000000000
43971  -35.495  -28.425  35.035 0.0000000000
41956  -20.358  -30.117  37.652 0.0000000000
41915  -19.952  -29.748  39.225 0.0000000000
40943  -18.958  -30.334  40.746 0.0000000000
40971  -18.728  -30.659  38.553 0.0000000000
40030  -17.787  -31.995  39.023 0.0000000000
140293  -18.926  -32.567  38.222 0.0000000000
36942  -22.970  -35.692  39.447 0.0000000000
36941  -22.137  -35.496  39.490 0.0000000000
46016  -37.687  -25.616  30.458 0.0000000000
46917  -38.354  -25.387  30.106 0.0000000000
47785  -37.889  -24.099  30.763 0.0000000000
42938  -25.898  -29.053  34.551 0.0000000000
43983  -26.760  -28.862  33.849 0.0000000000
43969  -27.658  -28.364  35.021 0.0000000000
46822  -28.005  -24.648  36.019 0.0000000000
48618  -28.884  -23.417  36.107 0.0000000000
47716  -29.401  -23.573  35.546 0.0000000000
49491  -30.392  -22.010  36.724 0.0000000000
47732  -34.823  -24.711  35.177 0.0000000000
48631  -33.862  -23.473  35.063 0.0000000000
48641  -32.366  -23.068  34.326 0.0000000000
47743  -33.528  -24.058  34.008 0.0000000000
46867  -33.094  -25.566  33.291 0.0000000000
47759  -34.107  -24.541  33.428 0.0000000000
46888  -36.750  -25.012  31.915 0.0000000000
46901  -35.524  -25.984  31.543 0.0000000000
132212  -36.970  -25.840  30.682 0.0000000000
45052  -37.734  -27.276  31.201 0.0000000000
56432  -40.324  -15.826  25.291 0.0000000000
55358  -41.742  -15.980  26.045 0.0000000000
56447  -41.981  -14.984  24.953 0.0000000000
59386  -43.107  -12.532  23.203 0.0000000000
58338  -43.671  -13.142  23.794 0.0000000000
63313  -42.512  -7.675  24.615 0.0000000000
63321  -41.845  -8.443  23.583 0.0000000000
64284  -42.182  -7.726  23.491 0.0000000000
64295  -45.488  -7.212  21.976 0.0000000000
63335  -45.251  -8.017  22.176 0.0000000000
134119  -46.683  -8.784  22.402 0.0000000000
61460  -47.094  -10.053  22.877 0.0000000000
69989  -50.109  -1.538  20.130 0.0000000000
70921  -49.171  -0.299  20.392 0.0000000000
70932  -50.352  -0.043  19.705 0.0000000000
33703  -12.448  -38.004  45.133 0.0000000000
33702  -12.054  -38.690  45.472 0.0000000000
32636  -12.190  -40.043  44.065 0.0000000000
30501  -13.250  -42.235  44.927 0.0000000000
28193  -13.097  -43.460  47.684 0.0000000000
118371  -39.620  -23.800  29.616 0.0000000000
47804  -41.016  -23.955  30.133 0.0000000000
134597  -39.778  -22.362  29.405 0.0000000000
51380  -37.156  -20.876  30.158 0.0000000000
122921  -39.708  -20.810  29.106 0.0000000000
52308  -38.232  -20.132  29.546 0.0000000000
52298  -39.464  -19.557  29.880 0.0000000000
52296  -37.464  -19.734  29.784 0.0000000000
123883  -32.438  -16.928  33.201 0.0000000000
55256  -32.956  -16.132  29.912 0.0000000000
123864  -33.080  -18.218  29.938 0.0000000000
54214  -34.052  -17.934  29.525 0.0000000000
53229  -35.692  -18.346  29.925 0.0000000000
54202  -35.635  -17.361  30.439 0.0000000000
55233  -36.515  -16.683  31.441 0.0000000000
55279  -35.659  -16.180  29.977 0.0000000000
56407  -35.504  -14.968  27.335 0.0000000000
56386  -35.879  -15.747  28.535 0.0000000000
56409  -37.157  -16.121  27.814 0.0000000000
55306  -38.488  -16.686  28.310 0.0000000000
55328  -37.980  -16.537  27.426 0.0000000000
55355  -38.807  -16.331  25.946 0.0000000000
56422  -37.409  -15.602  26.081 0.0000000000
59322  -38.306  -11.307  27.569 0.0000000000
59351  -37.652  -12.588  26.455 0.0000000000
59337  -38.938  -11.663  27.093 0.0000000000
119875  -28.996  -30.297  33.558 0.0000000000
41009  -28.397  -31.772  34.978 0.0000000000
41026  -29.644  -30.626  34.403 0.0000000000
35865  -14.542  -36.604  41.434 0.0000000000
35854  -14.227  -36.686  42.257 0.0000000000
34780  -14.622  -38.108  41.351 0.0000000000
38023  -18.169  -34.618  39.290 0.0000000000
36935  -16.547  -35.130  39.485 0.0000000000
36918  -18.534  -35.693  40.235 0.0000000000
36943  -23.940  -35.691  39.304 0.0000000000
38029  -25.434  -34.802  39.172 0.0000000000
133080  -26.639  -33.813  39.070 0.0000000000
39117  -27.475  -33.434  38.289 0.0000000000
124189  -37.089  -28.518  33.623 0.0000000000
43973  -36.850  -28.968  34.940 0.0000000000
42900  -22.586  -29.952  36.971 0.0000000000
41976  -21.465  -30.267  36.380 0.0000000000
40070  -20.683  -31.671  36.495 0.0000000000
39128  -20.582  -33.242  37.433 0.0000000000
39129  -21.445  -33.647  37.293 0.0000000000
38042  -23.425  -34.859  37.940 0.0000000000
46889  -37.520  -24.664  32.329 0.0000000000
47774  -37.944  -24.018  31.780 0.0000000000
46856  -35.366  -25.337  34.505 0.0000000000
46869  -34.918  -24.960  33.443 0.0000000000
46871  -37.073  -25.279  32.884 0.0000000000
130371  -39.637  -13.598  24.110 0.0000000000
57381  -41.224  -13.914  23.716 0.0000000000
58335  -40.835  -13.083  23.539 0.0000000000
123278  -41.689  -11.480  23.001 0.0000000000
60495  -42.420  -10.972  22.718 0.0000000000
65217  -43.353  -6.477  22.965 0.0000000000
66136  -44.035  -5.251  22.958 0.0000000000
66147  -45.420  -5.858  21.934 0.0000000000
122042  -46.819  -6.146  21.737 0.0000000000
65222  -48.113  -6.856  22.144 0.0000000000
66149  -47.132  -5.434  21.519 0.0000000000
67143  -48.358  -4.498  21.261 0.0000000000
68118  -48.755  -3.688  21.007 0.0000000000
68127  -48.277  -3.043  20.758 0.0000000000
69987  -48.105  -1.549  20.674 0.0000000000
31586  -13.498  -40.094  42.726 0.0000000000
31571  -13.005  -40.572  43.081 0.0000000000
31561  -14.630  -40.730  44.345 0.0000000000
50442  -38.912  -21.458  31.671 0.0000000000
50458  -38.855  -21.688  29.731 0.0000000000
51371  -38.089  -21.172  31.564 0.0000000000
117102  -36.632  -20.682  31.610 0.0000000000
51369  -35.901  -20.575  30.815 0.0000000000
55205  -32.304  -15.786  33.003 0.0000000000
57300  -32.732  -14.180  32.704 0.0000000000
57317  -32.997  -14.502  30.323 0.0000000000
56362  -33.179  -15.345  29.671 0.0000000000
55304  -34.543  -15.858  28.924 0.0000000000
57327  -33.939  -14.543  28.659 0.0000000000
58288  -34.632  -13.692  27.939 0.0000000000
58289  -35.385  -13.589  27.390 0.0000000000
58302  -36.593  -13.810  26.461 0.0000000000
59334  -35.776  -12.647  27.659 0.0000000000
44992  -29.833  -27.345  35.284 0.0000000000
42940  -30.571  -29.601  35.264 0.0000000000
43957  -30.627  -28.356  36.612 0.0000000000
36884  -14.384  -35.115  42.189 0.0000000000
36898  -15.033  -35.333  40.867 0.0000000000
29356  -10.946  -43.149  46.308 0.0000000000
29348  -10.455  -42.162  47.634 0.0000000000
29347  -10.483  -43.186  47.034 0.0000000000
28180  -9.558  -43.791  47.957 0.0000000000
28179  -8.976  -43.669  48.314 0.0000000000
52267  -41.765  -19.213  32.862 0.0000000000
46827  -32.565  -25.657  36.101 0.0000000000
45910  -32.971  -26.408  37.652 0.0000000000
40926  -18.569  -30.802  41.565 0.0000000000
40923  -16.562  -31.391  40.651 0.0000000000
40015  -15.934  -31.991  40.323 0.0000000000
40029  -17.085  -32.170  39.407 0.0000000000
39102  -18.490  -33.886  38.867 0.0000000000
132988  -19.698  -34.795  39.460 0.0000000000
38039  -20.330  -34.184  38.437 0.0000000000
38026  -20.343  -34.722  39.120 0.0000000000
36902  -20.829  -35.505  41.247 0.0000000000
73870  -51.978  2.604  19.274 0.0000000000
45992  -40.459  -26.840  31.882 0.0000000000
46890  -40.850  -26.147  31.451 0.0000000000
46904  -39.382  -25.901  30.269 0.0000000000
47802  -39.181  -24.340  29.664 0.0000000000
48674  -38.813  -23.009  30.309 0.0000000000
48663  -38.402  -23.456  31.133 0.0000000000
48664  -39.175  -22.864  31.764 0.0000000000
50443  -39.453  -21.761  31.793 0.0000000000
51346  -38.929  -20.556  32.895 0.0000000000
41021  -24.370  -31.100  33.904 0.0000000000
40097  -25.834  -32.059  34.511 0.0000000000
41036  -25.746  -30.808  33.231 0.0000000000
118391  -27.686  -29.326  32.777 0.0000000000
44008  -28.793  -28.237  33.065 0.0000000000
44990  -28.173  -26.800  35.052 0.0000000000
45938  -28.607  -26.677  34.338 0.0000000000
45001  -29.045  -27.149  33.717 0.0000000000
46839  -29.295  -25.064  35.049 0.0000000000
128507  -30.278  -24.413  35.656 0.0000000000
46825  -31.056  -24.843  36.194 0.0000000000
49492  -31.393  -21.920  36.931 0.0000000000
123357  -31.924  -22.176  35.253 0.0000000000
47729  -31.346  -23.269  34.584 0.0000000000
46841  -32.053  -24.927  35.266 0.0000000000
46855  -32.823  -25.662  33.961 0.0000000000
45956  -33.314  -26.299  33.611 0.0000000000
45023  -34.564  -27.223  32.766 0.0000000000
46886  -34.875  -25.827  32.098 0.0000000000
122638  -35.162  -27.121  31.970 0.0000000000
138577  -35.840  -27.663  32.334 0.0000000000
45038  -37.460  -27.876  32.047 0.0000000000
45040  -39.225  -27.602  32.239 0.0000000000
42936  -23.917  -29.145  34.850 0.0000000000
57372  -42.492  -14.440  24.491 0.0000000000
62393  -41.779  -9.177  24.475 0.0000000000
61447  -42.214  -9.990  22.743 0.0000000000
140440  -43.002  -9.773  22.515 0.0000000000
64294  -43.518  -7.511  22.565 0.0000000000
62417  -44.401  -9.388  22.406 0.0000000000
61458  -44.792  -10.203  22.529 0.0000000000
61448  -46.041  -10.947  23.028 0.0000000000
69998  -51.664  -1.332  19.548 0.0000000000
71925  -50.749  0.689  19.569 0.0000000000
134184  -51.010  1.580  19.698 0.0000000000
32606  -11.403  -39.169  46.536 0.0000000000
31544  -11.502  -41.172  44.932 0.0000000000
30509  -12.373  -41.579  44.071 0.0000000000
29373  -12.070  -42.264  44.621 0.0000000000
29364  -11.711  -42.714  45.283 0.0000000000
28203  -12.022  -43.545  46.210 0.0000000000
46906  -41.231  -25.347  31.129 0.0000000000
48675  -41.840  -23.408  30.763 0.0000000000
139766  -42.134  -22.803  30.975 0.0000000000
49567  -39.640  -21.641  29.257 0.0000000000
50467  -41.056  -21.591  29.513 0.0000000000
50452  -42.367  -21.560  31.431 0.0000000000
51372  -41.614  -19.939  31.159 0.0000000000
52287  -40.944  -19.377  31.169 0.0000000000
53223  -39.362  -18.691  31.561 0.0000000000
53210  -33.710  -19.171  32.674 0.0000000000
52285  -34.033  -20.015  30.759 0.0000000000
54191  -32.340  -17.361  31.448 0.0000000000
52284  -33.462  -19.478  30.470 0.0000000000
122787  -34.876  -19.778  29.467 0.0000000000
53239  -36.111  -19.238  29.636 0.0000000000
53221  -37.558  -18.306  31.383 0.0000000000
56363  -35.379  -15.909  29.092 0.0000000000
56350  -37.040  -15.878  30.581 0.0000000000
137077  -40.376  -16.868  27.252 0.0000000000
55380  -39.528  -16.127  25.605 0.0000000000
56431  -39.510  -15.516  25.079 0.0000000000
58303  -37.252  -13.499  26.101 0.0000000000
57361  -38.254  -14.435  25.151 0.0000000000
58324  -38.998  -13.543  24.557 0.0000000000
121985  -39.376  -12.742  24.477 0.0000000000
59354  -39.874  -11.684  26.151 0.0000000000
118709  -27.020  -32.778  35.740 0.0000000000
40060  -28.088  -32.919  37.008 0.0000000000
41011  -30.530  -31.096  35.697 0.0000000000
34757  -13.364  -37.435  43.695 0.0000000000
35834  -13.780  -35.748  44.190 0.0000000000
34758  -13.874  -37.094  42.927 0.0000000000
33744  -13.577  -38.965  42.377 0.0000000000
32670  -14.835  -39.665  42.263 0.0000000000
39098  -15.500  -33.574  39.927 0.0000000000
36934  -15.771  -35.101  39.833 0.0000000000
35866  -16.587  -37.197  40.570 0.0000000000
25866  -9.428  -46.055  49.067 0.0000000000
25875  -8.903  -45.649  48.468 0.0000000000
127517  -8.318  -43.889  47.850 0.0000000000
45976  -41.453  -26.775  33.085 0.0000000000
39145  -24.447  -33.302  36.035 0.0000000000
124479  -25.039  -33.554  36.522 0.0000000000
39153  -25.224  -33.201  35.841 0.0000000000
45027  -40.379  -27.664  33.228 0.0000000000
41008  -23.946  -31.701  34.608 0.0000000000
40084  -23.541  -32.256  35.277 0.0000000000
39144  -23.705  -33.387  36.249 0.0000000000
60463  -40.949  -10.884  25.467 0.0000000000
68107  -46.103  -3.041  21.978 0.0000000000
69028  -46.236  -2.346  22.318 0.0000000000
59288  -35.083  -11.951  30.139 0.0000000000
46811  -31.511  -25.702  37.110 0.0000000000
39028  -16.491  -31.670  43.239 0.0000000000
39027  -15.370  -32.231  42.540 0.0000000000
39976  -15.473  -32.151  41.632 0.0000000000
71929  -52.332  0.756  18.920 0.0000000000
72886  -51.862  1.675  19.124 0.0000000000
49546  -43.395  -22.565  32.836 0.0000000000
50445  -43.181  -21.779  32.592 0.0000000000
45004  -34.998  -27.945  34.302 0.0000000000
40987  -19.662  -30.576  37.564 0.0000000000
41934  -20.365  -29.759  38.561 0.0000000000
41933  -19.614  -30.036  38.385 0.0000000000
41914  -19.090  -30.020  39.230 0.0000000000
40045  -19.008  -31.705  37.984 0.0000000000
47800  -37.684  -24.816  30.498 0.0000000000
43968  -26.943  -28.880  34.780 0.0000000000
139268  -28.705  -23.379  37.454 0.0000000000
47705  -28.342  -23.846  36.627 0.0000000000
48609  -28.872  -23.099  36.768 0.0000000000
48619  -29.530  -22.757  36.259 0.0000000000
47719  -34.393  -24.042  35.622 0.0000000000
47731  -34.273  -24.083  34.780 0.0000000000
48643  -33.810  -23.752  34.493 0.0000000000
47744  -34.085  -24.152  34.165 0.0000000000
46903  -36.706  -25.357  31.106 0.0000000000
56445  -40.156  -15.115  24.624 0.0000000000
56446  -41.079  -15.245  24.807 0.0000000000
139870  -43.435  -11.992  22.947 0.0000000000
128268  -44.011  -12.360  23.289 0.0000000000
128106  -44.705  -11.583  23.006 0.0000000000
64274  -42.970  -7.170  25.036 0.0000000000
64273  -42.451  -7.063  24.158 0.0000000000
64296  -46.924  -7.456  22.121 0.0000000000
123810  -46.244  -7.913  22.121 0.0000000000
117438  -47.153  -8.133  22.317 0.0000000000
63337  -47.491  -8.860  22.512 0.0000000000
71918  -49.305  0.524  20.585 0.0000000000
33719  -12.944  -38.389  44.032 0.0000000000
33718  -12.326  -38.978  44.514 0.0000000000
33732  -12.609  -39.473  43.536 0.0000000000
48683  -39.544  -23.079  29.626 0.0000000000
51379  -36.221  -20.514  30.026 0.0000000000
51390  -38.181  -20.670  29.638 0.0000000000
123241  -37.252  -20.447  29.879 0.0000000000
122170  -33.274  -16.856  29.660 0.0000000000
118334  -34.484  -17.146  29.608 0.0000000000
55257  -35.214  -16.867  30.007 0.0000000000
55278  -34.833  -16.437  29.415 0.0000000000
129339  -36.166  -15.411  27.131 0.0000000000
56408  -36.394  -15.784  27.751 0.0000000000
120156  -37.054  -15.945  26.925 0.0000000000
55354  -37.989  -16.285  26.385 0.0000000000
42002  -29.524  -29.650  33.669 0.0000000000
34793  -14.796  -37.356  40.942 0.0000000000
34781  -15.233  -37.963  40.897 0.0000000000
33757  -15.931  -38.230  41.309 0.0000000000
36937  -18.641  -35.085  39.714 0.0000000000
36936  -18.027  -35.234  39.621 0.0000000000
31524  -11.148  -40.739  46.899 0.0000000000
118775  -43.182  -24.419  32.969 0.0000000000
38028  -24.627  -35.156  38.818 0.0000000000
36944  -24.912  -35.442  39.646 0.0000000000
38044  -25.171  -34.520  38.373 0.0000000000
38045  -25.955  -34.171  38.728 0.0000000000
39116  -26.615  -33.674  38.298 0.0000000000
138117  -27.025  -33.580  38.742 0.0000000000
44010  -37.821  -28.530  33.564 0.0000000000
42901  -23.078  -29.688  36.636 0.0000000000
42917  -22.571  -29.704  36.352 0.0000000000
40997  -21.931  -31.691  35.689 0.0000000000
40996  -21.248  -31.142  36.090 0.0000000000
41975  -20.756  -30.555  36.730 0.0000000000
40059  -21.039  -32.763  36.822 0.0000000000
39142  -22.007  -33.263  36.679 0.0000000000
38052  -23.968  -34.383  37.365 0.0000000000
38051  -23.262  -34.341  37.321 0.0000000000
36960  -23.934  -35.283  38.521 0.0000000000
47760  -38.390  -24.364  32.806 0.0000000000
46857  -36.051  -25.864  34.294 0.0000000000
46859  -37.752  -25.982  33.752 0.0000000000
58325  -40.073  -12.921  23.849 0.0000000000
59383  -40.532  -12.235  23.643 0.0000000000
60474  -40.861  -10.976  24.107 0.0000000000
60486  -40.914  -11.519  23.508 0.0000000000
129958  -41.765  -10.607  22.979 0.0000000000
66127  -44.025  -4.883  23.722 0.0000000000
67140  -45.690  -4.683  21.859 0.0000000000
131647  -45.357  -5.219  22.016 0.0000000000
128656  -46.093  -6.080  21.679 0.0000000000
136767  -46.474  -5.571  21.592 0.0000000000
67142  -47.386  -4.611  21.315 0.0000000000
68126  -47.784  -2.741  20.806 0.0000000000
69979  -47.061  -1.433  21.572 0.0000000000
69986  -47.532  -1.984  20.918 0.0000000000
132717  -38.708  -20.958  32.255 0.0000000000
51356  -35.918  -20.143  32.861 0.0000000000
51357  -36.412  -20.420  32.430 0.0000000000
116911  -35.836  -20.362  31.874 0.0000000000
58254  -33.211  -13.666  30.950 0.0000000000
57322  -33.418  -14.533  29.361 0.0000000000
56383  -33.730  -15.302  28.975 0.0000000000
58278  -33.751  -13.795  29.019 0.0000000000
59318  -34.869  -12.504  28.684 0.0000000000
57337  -35.022  -14.347  27.557 0.0000000000
60432  -36.717  -11.348  28.574 0.0000000000
127150  -30.357  -28.222  35.768 0.0000000000
129444  -30.310  -27.666  36.290 0.0000000000
44966  -31.021  -27.414  37.850 0.0000000000
43945  -30.984  -28.293  37.511 0.0000000000
129002  -14.620  -33.703  41.465 0.0000000000
37970  -14.322  -34.072  42.371 0.0000000000
37988  -14.617  -34.682  41.511 0.0000000000
36897  -14.646  -35.671  41.439 0.0000000000
28202  -11.380  -43.521  46.332 0.0000000000
28201  -10.802  -43.675  46.813 0.0000000000
26985  -10.318  -44.844  48.060 0.0000000000
131924  -9.994  -44.294  47.761 0.0000000000
51362  -43.150  -21.114  32.815 0.0000000000
51349  -43.089  -20.439  33.151 0.0000000000
139612  -42.547  -19.750  33.039 0.0000000000
52278  -42.011  -19.847  32.180 0.0000000000
125235  -33.278  -26.217  35.692 0.0000000000
40942  -17.903  -30.504  40.680 0.0000000000
40925  -17.688  -30.939  41.486 0.0000000000
40941  -17.184  -30.966  40.196 0.0000000000
40940  -16.630  -31.585  39.922 0.0000000000
40955  -17.359  -31.255  39.585 0.0000000000
39113  -18.385  -32.860  38.590 0.0000000000
39101  -17.722  -33.042  39.011 0.0000000000
38024  -18.984  -34.660  39.350 0.0000000000
38040  -21.015  -34.112  37.922 0.0000000000
39115  -20.262  -33.643  37.936 0.0000000000
120503  -21.720  -35.589  40.087 0.0000000000
36940  -21.196  -35.231  39.477 0.0000000000
36939  -20.289  -35.135  39.882 0.0000000000
45991  -39.654  -27.115  31.592 0.0000000000
46008  -40.072  -26.526  30.990 0.0000000000
47801  -38.312  -24.529  30.046 0.0000000000
131021  -39.019  -25.121  29.775 0.0000000000
129681  -39.048  -23.608  29.728 0.0000000000
47775  -38.761  -23.583  32.336 0.0000000000
48655  -39.480  -23.265  32.776 0.0000000000
49544  -40.325  -22.135  32.759 0.0000000000
49543  -39.783  -22.191  32.089 0.0000000000
49551  -39.038  -22.297  31.112 0.0000000000
51360  -39.399  -21.155  32.372 0.0000000000
42000  -24.142  -30.140  33.738 0.0000000000
41035  -24.887  -30.558  33.394 0.0000000000
42014  -25.375  -30.087  33.071 0.0000000000
44006  -27.474  -28.617  33.292 0.0000000000
117841  -26.923  -29.372  32.835 0.0000000000
42975  -27.533  -28.838  32.889 0.0000000000
42976  -28.272  -28.843  32.845 0.0000000000
44007  -28.194  -28.264  33.128 0.0000000000
46837  -28.390  -25.019  35.251 0.0000000000
45939  -28.206  -25.807  35.077 0.0000000000
46853  -28.764  -25.676  34.710 0.0000000000
45955  -28.949  -26.461  34.229 0.0000000000
45940  -29.049  -25.666  34.628 0.0000000000
44991  -29.213  -26.603  34.367 0.0000000000
47717  -30.067  -23.399  35.397 0.0000000000
131070  -30.662  -24.188  35.422 0.0000000000
48621  -33.573  -23.180  36.632 0.0000000000
136836  -32.921  -22.809  37.118 0.0000000000
49493  -32.246  -22.245  37.040 0.0000000000
49502  -32.035  -22.003  36.139 0.0000000000
49516  -32.509  -22.291  35.520 0.0000000000
49514  -31.897  -22.639  34.531 0.0000000000
47741  -31.997  -23.305  34.226 0.0000000000
47730  -31.847  -24.070  34.375 0.0000000000
46854  -32.441  -24.872  34.276 0.0000000000
45974  -33.538  -26.109  32.875 0.0000000000
45975  -33.936  -26.795  33.270 0.0000000000
125622  -35.226  -25.258  32.677 0.0000000000
46003  -35.627  -26.534  31.441 0.0000000000
45990  -35.075  -26.377  31.712 0.0000000000
45050  -35.994  -27.199  31.703 0.0000000000
45025  -36.586  -27.820  32.218 0.0000000000
45051  -36.760  -27.334  31.400 0.0000000000
46006  -38.364  -26.837  30.851 0.0000000000
45053  -38.767  -27.281  31.422 0.0000000000
42937  -24.731  -29.007  34.923 0.0000000000
42957  -24.316  -29.363  34.147 0.0000000000
55331  -41.268  -16.638  26.967 0.0000000000
56434  -42.342  -15.433  25.557 0.0000000000
56424  -42.686  -15.803  26.224 0.0000000000
57382  -42.123  -13.924  23.820 0.0000000000
61430  -41.768  -9.715  25.000 0.0000000000
62402  -41.851  -9.122  23.148 0.0000000000
62415  -42.514  -9.122  22.692 0.0000000000
63336  -45.800  -8.779  22.289 0.0000000000
124277  -44.887  -8.730  22.320 0.0000000000
61459  -45.702  -10.291  22.647 0.0000000000
135252  -46.432  -10.372  22.826 0.0000000000
61450  -47.849  -10.418  23.380 0.0000000000
127312  -49.809  -2.798  20.671 0.0000000000
69990  -51.102  -1.999  20.037 0.0000000000
71919  -50.005  0.824  20.054 0.0000000000
125226  -12.027  -39.437  44.959 0.0000000000
129940  -11.686  -38.660  46.137 0.0000000000
32622  -11.720  -39.360  45.709 0.0000000000
31534  -11.428  -40.256  45.999 0.0000000000
30518  -13.041  -41.331  43.543 0.0000000000
30511  -13.519  -41.679  44.273 0.0000000000
29366  -12.806  -42.750  45.566 0.0000000000
29374  -12.547  -42.457  44.834 0.0000000000
29365  -12.123  -42.835  45.175 0.0000000000
29372  -11.525  -42.076  44.988 0.0000000000
28212  -11.786  -43.190  45.672 0.0000000000
140627  -12.379  -43.924  47.491 0.0000000000
46905  -40.429  -25.703  30.584 0.0000000000
47787  -41.562  -24.440  30.932 0.0000000000
49558  -41.849  -22.559  30.546 0.0000000000
50450  -38.447  -21.582  30.688 0.0000000000
50465  -39.139  -21.134  29.253 0.0000000000
51392  -40.376  -20.438  29.325 0.0000000000
50466  -40.421  -21.198  29.194 0.0000000000
51393  -41.045  -20.797  29.538 0.0000000000
50459  -41.539  -21.230  30.070 0.0000000000
51382  -41.387  -20.424  30.227 0.0000000000
51383  -41.927  -20.872  30.970 0.0000000000
52286  -40.123  -19.231  30.669 0.0000000000
53224  -40.390  -18.844  31.904 0.0000000000
129865  -33.292  -18.554  33.200 0.0000000000
52275  -34.270  -19.793  31.945 0.0000000000
52274  -33.536  -19.330  31.524 0.0000000000
56315  -32.244  -15.977  32.005 0.0000000000
55204  -32.259  -16.698  32.228 0.0000000000
55232  -32.257  -16.491  31.373 0.0000000000
53236  -33.653  -18.780  29.634 0.0000000000
53228  -33.107  -18.865  30.159 0.0000000000
52294  -33.614  -19.474  29.828 0.0000000000
52295  -33.930  -20.063  29.905 0.0000000000
52306  -35.703  -19.803  29.558 0.0000000000
53238  -35.263  -19.097  29.507 0.0000000000
132182  -35.982  -17.825  30.725 0.0000000000
53230  -36.452  -18.596  30.193 0.0000000000
54195  -37.828  -18.085  32.119 0.0000000000
56384  -34.392  -15.203  28.515 0.0000000000
56387  -36.767  -15.909  28.674 0.0000000000
55307  -39.388  -16.918  28.666 0.0000000000
124017  -39.903  -17.030  27.840 0.0000000000
131385  -40.781  -16.978  27.899 0.0000000000
55330  -39.634  -16.861  27.027 0.0000000000
55379  -38.956  -15.824  25.458 0.0000000000
56430  -38.701  -15.142  25.122 0.0000000000
58304  -37.876  -13.080  25.762 0.0000000000
58315  -38.328  -13.582  25.094 0.0000000000
56443  -38.792  -14.295  24.744 0.0000000000
58316  -38.760  -12.941  24.927 0.0000000000
41023  -26.223  -31.533  33.830 0.0000000000
40087  -26.382  -32.502  35.198 0.0000000000
127858  -27.055  -32.301  35.173 0.0000000000
40089  -29.189  -31.858  35.720 0.0000000000
117687  -28.320  -32.200  35.807 0.0000000000
40077  -28.627  -32.407  36.487 0.0000000000
39136  -28.217  -33.085  37.826 0.0000000000
40061  -28.840  -32.585  37.337 0.0000000000
41990  -30.801  -30.397  35.686 0.0000000000
41012  -31.004  -31.006  36.102 0.0000000000
34745  -12.961  -37.238  44.874 0.0000000000
128148  -14.059  -35.434  43.497 0.0000000000
34770  -14.133  -37.687  42.003 0.0000000000
34769  -13.662  -38.026  42.577 0.0000000000
32669  -14.031  -39.520  42.196 0.0000000000
32683  -14.664  -39.121  41.781 0.0000000000
39099  -16.061  -33.352  39.510 0.0000000000
40014  -15.496  -32.748  40.012 0.0000000000
36917  -17.421  -35.757  39.813 0.0000000000
36916  -16.344  -35.925  39.762 0.0000000000
35881  -16.082  -36.651  40.075 0.0000000000
35882  -17.008  -36.561  40.235 0.0000000000
73879  -52.450  2.204  18.612 0.0000000000
24766  -8.879  -46.120  48.668 0.0000000000
26983  -8.551  -44.875  47.779 0.0000000000
38053  -24.885  -34.148  37.513 0.0000000000
139521  -24.969  -33.805  36.989 0.0000000000
39133  -25.583  -33.704  37.064 0.0000000000
117588  -26.194  -33.452  36.647 0.0000000000
44021  -38.860  -28.069  32.865 0.0000000000
41988  -22.877  -30.188  34.799 0.0000000000
42934  -22.636  -29.692  35.583 0.0000000000
127225  -22.587  -30.717  35.002 0.0000000000
41006  -22.342  -31.126  35.273 0.0000000000
40072  -22.350  -32.623  35.993 0.0000000000
39131  -23.489  -33.902  36.834 0.0000000000
116592  -38.489  -25.662  33.724 0.0000000000
59368  -39.733  -11.909  25.059 0.0000000000
132668  -40.402  -11.357  24.699 0.0000000000
61437  -41.342  -10.045  24.272 0.0000000000
134812  -44.580  -4.330  23.447 0.0000000000
68097  -44.984  -3.992  22.856 0.0000000000
129224  -45.415  -4.091  22.234 0.0000000000
67141  -46.471  -4.810  21.493 0.0000000000
68116  -46.077  -3.927  21.737 0.0000000000
68117  -46.717  -3.309  21.433 0.0000000000
69036  -47.188  -2.729  21.154 0.0000000000
69972  -46.610  -1.876  21.959 0.0000000000
51358  -37.051  -20.577  32.542 0.0000000000
133350  -36.824  -20.088  33.881 0.0000000000
52266  -36.111  -19.974  33.751 0.0000000000
52265  -35.274  -19.863  33.490 0.0000000000
58255  -33.835  -13.048  30.504 0.0000000000
58267  -33.971  -13.098  29.568 0.0000000000
59305  -34.569  -12.478  29.359 0.0000000000
59319  -35.501  -12.203  28.373 0.0000000000
60408  -35.925  -11.379  29.679 0.0000000000
45924  -30.349  -25.880  36.611 0.0000000000
44953  -31.648  -27.269  38.241 0.0000000000
128936  -52.021  0.092  19.080 0.0000000000
70943  -52.739  -0.098  18.851 0.0000000000
27000  -11.111  -44.455  47.460 0.0000000000
25876  -9.626  -45.425  48.600 0.0000000000
45957  -33.897  -27.039  34.305 0.0000000000
44993  -34.355  -27.500  35.323 0.0000000000
127449  -34.846  -28.007  34.981 0.0000000000
43959  -35.762  -28.636  36.094 0.0000000000
41935  -21.152  -29.913  38.188 0.0000000000
41916  -20.743  -29.826  39.105 0.0000000000
40957  -20.342  -30.099  39.939 0.0000000000
41903  -19.447  -30.057  39.936 0.0000000000
41902  -18.561  -30.192  39.941 0.0000000000
40956  -18.003  -30.985  39.083 0.0000000000
40044  -18.407  -31.780  38.507 0.0000000000
39114  -19.142  -33.381  38.416 0.0000000000
36958  -22.543  -35.350  38.945 0.0000000000
36957  -21.848  -35.107  38.839 0.0000000000
36922  -22.488  -35.814  40.199 0.0000000000
46017  -38.443  -26.196  30.447 0.0000000000
42958  -25.127  -29.133  33.898 0.0000000000
42973  -25.583  -29.515  33.241 0.0000000000
42959  -26.011  -29.114  33.525 0.0000000000
43984  -27.517  -28.466  34.084 0.0000000000
121396  -27.861  -25.399  36.539 0.0000000000
47715  -28.696  -24.180  35.594 0.0000000000
46823  -29.448  -24.414  35.296 0.0000000000
48620  -30.490  -22.522  35.767 0.0000000000
48622  -33.921  -23.485  35.864 0.0000000000
48630  -33.258  -22.812  35.444 0.0000000000
48642  -33.147  -23.298  34.519 0.0000000000
46866  -32.759  -24.986  33.662 0.0000000000
47758  -33.255  -24.688  33.422 0.0000000000
46868  -33.653  -25.282  32.856 0.0000000000
46885  -34.081  -25.904  32.415 0.0000000000
46887  -36.109  -25.510  31.591 0.0000000000
46902  -36.195  -26.033  31.040 0.0000000000
128723  -36.834  -26.614  30.847 0.0000000000
46005  -37.645  -26.421  30.645 0.0000000000
56433  -41.113  -15.763  25.480 0.0000000000
137528  -41.651  -15.492  25.357 0.0000000000
62385  -42.276  -8.428  24.728 0.0000000000
136965  -41.991  -7.905  24.112 0.0000000000
63333  -42.603  -7.766  22.938 0.0000000000
128147  -44.574  -7.320  22.237 0.0000000000
130245  -46.318  -9.614  22.543 0.0000000000
62419  -47.095  -9.389  22.621 0.0000000000
62403  -47.867  -9.586  22.811 0.0000000000
125075  -48.678  -1.597  20.438 0.0000000000
69988  -49.248  -1.168  20.246 0.0000000000
70922  -49.878  -0.658  20.020 0.0000000000
70931  -49.717  0.062  20.099 0.0000000000
28204  -12.650  -43.192  46.288 0.0000000000
47803  -40.148  -24.310  29.724 0.0000000000
48684  -40.328  -23.518  29.609 0.0000000000
48695  -40.381  -22.739  29.467 0.0000000000
50456  -37.808  -20.919  29.910 0.0000000000
51391  -38.946  -20.489  29.302 0.0000000000
126229  -39.665  -20.100  29.329 0.0000000000
52299  -40.300  -19.811  29.759 0.0000000000
52309  -38.989  -19.912  29.522 0.0000000000
52297  -38.432  -19.434  29.967 0.0000000000
121912  -32.785  -17.867  33.212 0.0000000000
55255  -32.469  -16.232  30.611 0.0000000000
54200  -32.445  -17.071  30.660 0.0000000000
137217  -32.776  -16.765  30.108 0.0000000000
54213  -33.487  -17.711  29.667 0.0000000000
54215  -34.870  -17.922  29.750 0.0000000000
54203  -36.153  -17.171  31.233 0.0000000000
55258  -35.952  -16.564  30.790 0.0000000000
121168  -35.638  -15.418  27.798 0.0000000000
55305  -37.687  -16.295  28.515 0.0000000000
55329  -38.786  -16.727  26.723 0.0000000000
59336  -37.472  -11.978  27.130 0.0000000000
124583  -38.138  -11.852  26.843 0.0000000000
59352  -38.358  -12.243  26.316 0.0000000000
42001  -28.204  -30.681  33.410 0.0000000000
40099  -27.484  -31.901  34.730 0.0000000000
41025  -28.797  -31.109  34.158 0.0000000000
120084  -29.233  -31.374  34.871 0.0000000000
130052  -14.414  -35.987  42.023 0.0000000000
135735  -14.439  -37.334  41.526 0.0000000000
33755  -14.625  -38.665  41.575 0.0000000000
33756  -15.146  -38.672  41.410 0.0000000000
129311  -17.563  -33.983  39.077 0.0000000000
138613  -16.623  -34.601  39.339 0.0000000000
38022  -17.300  -34.802  39.346 0.0000000000
47778  -43.345  -23.562  32.892 0.0000000000
48666  -42.912  -23.199  32.190 0.0000000000
117715  -24.360  -35.948  40.241 0.0000000000
36924  -25.243  -35.682  40.485 0.0000000000
38006  -25.790  -34.999  40.028 0.0000000000
38007  -26.350  -34.770  40.550 0.0000000000
38030  -26.172  -34.375  39.474 0.0000000000
44009  -36.310  -28.216  33.118 0.0000000000
43988  -36.600  -28.589  34.135 0.0000000000
41958  -21.930  -30.055  37.484 0.0000000000
41977  -22.010  -29.928  35.949 0.0000000000
42899  -21.975  -29.975  36.724 0.0000000000
41957  -21.252  -30.068  37.213 0.0000000000
40988  -20.004  -31.006  36.910 0.0000000000
40058  -20.165  -32.231  37.025 0.0000000000
38049  -21.892  -34.344  37.722 0.0000000000
119109  -22.153  -33.950  37.241 0.0000000000
38041  -22.471  -34.921  38.267 0.0000000000
36959  -23.235  -35.357  38.720 0.0000000000
116963  -35.680  -25.452  33.535 0.0000000000
139145  -35.901  -25.334  32.838 0.0000000000
46858  -36.600  -25.708  33.626 0.0000000000
46870  -36.300  -25.319  32.458 0.0000000000
57371  -40.727  -14.544  24.176 0.0000000000
57380  -40.386  -13.781  23.829 0.0000000000
58336  -41.691  -13.174  23.439 0.0000000000
59384  -41.257  -12.319  23.303 0.0000000000
59385  -42.148  -12.445  23.124 0.0000000000
60487  -42.665  -11.819  22.862 0.0000000000
60496  -43.303  -11.353  22.702 0.0000000000
65208  -42.946  -6.265  23.795 0.0000000000
66113  -43.499  -5.565  24.364 0.0000000000
66135  -43.552  -5.671  23.389 0.0000000000
65218  -44.044  -5.983  22.687 0.0000000000
67129  -44.437  -4.664  22.901 0.0000000000
66137  -44.712  -5.438  22.390 0.0000000000
65219  -44.821  -6.438  22.170 0.0000000000
65231  -45.641  -6.522  21.848 0.0000000000
65220  -46.355  -6.894  21.866 0.0000000000
65221  -47.250  -6.822  22.007 0.0000000000
65232  -47.673  -6.099  21.857 0.0000000000
66150  -48.036  -5.324  21.592 0.0000000000
66151  -48.989  -5.259  21.566 0.0000000000
68128  -49.054  -2.921  20.746 0.0000000000
69042  -48.374  -2.303  20.574 0.0000000000
32668  -13.453  -39.600  42.576 0.0000000000
32653  -12.962  -39.941  42.853 0.0000000000
31572  -13.644  -40.708  43.071 0.0000000000
129264  -13.901  -41.151  43.724 0.0000000000
50451  -38.891  -21.904  30.843 0.0000000000
50449  -37.865  -21.196  30.424 0.0000000000
51370  -37.280  -20.982  31.011 0.0000000000
117645  -36.633  -20.748  30.631 0.0000000000
130091  -32.401  -14.899  32.567 0.0000000000
56316  -32.322  -15.341  32.107 0.0000000000
58241  -33.253  -13.616  31.963 0.0000000000
56332  -32.676  -14.595  31.562 0.0000000000
56348  -32.653  -15.386  30.530 0.0000000000
55276  -33.522  -16.087  29.324 0.0000000000
55303  -33.994  -15.830  28.984 0.0000000000
57328  -34.485  -14.442  28.115 0.0000000000
56406  -35.003  -14.998  27.911 0.0000000000
57338  -35.525  -14.381  27.134 0.0000000000
56420  -35.966  -14.839  26.822 0.0000000000
57352  -36.409  -14.555  26.483 0.0000000000
57351  -35.952  -14.063  26.807 0.0000000000
58290  -36.188  -13.218  27.039 0.0000000000
59335  -36.630  -12.329  27.408 0.0000000000
59320  -36.286  -11.895  28.090 0.0000000000
59321  -37.220  -11.436  27.934 0.0000000000
59307  -38.020  -10.930  28.310 0.0000000000
43986  -29.680  -28.361  33.950 0.0000000000
138037  -30.252  -29.315  34.706 0.0000000000
43970  -30.167  -28.580  34.843 0.0000000000
42923  -30.695  -29.000  35.874 0.0000000000
43944  -30.546  -27.542  37.113 0.0000000000
133083  -14.196  -34.800  43.047 0.0000000000
39005  -14.544  -33.359  42.966 0.0000000000
35879  -14.993  -36.429  40.761 0.0000000000
36901  -20.028  -35.486  41.560 0.0000000000
30491  -11.183  -42.501  45.832 0.0000000000
125823  -10.745  -42.608  46.633 0.0000000000
29337  -10.067  -43.072  47.931 0.0000000000
28191  -10.227  -43.800  47.409 0.0000000000
29336  -9.393  -42.814  48.394 0.0000000000
62387  -43.162  -9.580  25.536 0.0000000000
64261  -42.955  -7.928  25.143 0.0000000000
64262  -43.425  -7.510  25.481 0.0000000000
65183  -43.642  -6.744  25.787 0.0000000000
53214  -40.944  -18.771  32.803 0.0000000000
45925  -32.367  -25.879  37.077 0.0000000000
45926  -33.178  -26.214  36.784 0.0000000000
125291  -36.167  -28.642  34.715 0.0000000000
39996  -18.176  -31.508  42.259 0.0000000000
39995  -16.892  -31.256  41.711 0.0000000000
39994  -15.942  -31.754  41.192 0.0000000000
40028  -16.255  -32.413  39.681 0.0000000000
39100  -16.901  -33.167  39.231 0.0000000000
36938  -19.386  -35.210  40.060 0.0000000000
39127  -19.647  -32.820  37.773 0.0000000000
124841  -19.784  -33.671  38.263 0.0000000000
38027  -21.062  -34.700  38.661 0.0000000000
36920  -20.136  -35.386  40.695 0.0000000000
45993  -41.166  -26.491  32.307 0.0000000000
46918  -39.869  -25.114  29.850 0.0000000000
48665  -39.960  -22.659  32.714 0.0000000000
117525  -39.115  -20.398  33.771 0.0000000000
40096  -24.901  -31.964  34.532 0.0000000000
41022  -25.307  -31.410  33.829 0.0000000000
41037  -26.683  -30.907  33.240 0.0000000000
42974  -26.250  -29.336  33.000 0.0000000000
42015  -26.210  -29.997  32.846 0.0000000000
41038  -27.478  -31.009  33.416 0.0000000000
42017  -28.397  -29.722  32.955 0.0000000000
42960  -28.976  -29.114  32.993 0.0000000000
136855  -29.405  -28.695  33.419 0.0000000000
124453  -28.046  -27.756  35.192 0.0000000000
118662  -28.079  -27.651  34.282 0.0000000000
45000  -28.528  -27.600  33.560 0.0000000000
45022  -28.840  -27.611  33.396 0.0000000000
43985  -29.220  -27.860  33.455 0.0000000000
45002  -29.525  -27.608  34.139 0.0000000000
45941  -29.590  -25.945  35.399 0.0000000000
46824  -29.981  -25.058  35.796 0.0000000000
46810  -30.763  -25.296  36.541 0.0000000000
49479  -30.739  -22.131  37.707 0.0000000000
49501  -31.262  -22.082  35.993 0.0000000000
48629  -31.316  -22.556  35.171 0.0000000000
49515  -32.518  -22.558  34.796 0.0000000000
46840  -31.223  -24.372  35.267 0.0000000000
46842  -32.700  -25.615  34.962 0.0000000000
45942  -33.266  -26.307  34.592 0.0000000000
45003  -34.457  -27.450  33.756 0.0000000000
125524  -34.991  -27.767  33.506 0.0000000000
125537  -34.453  -25.188  32.696 0.0000000000
45989  -34.578  -26.505  32.166 0.0000000000
45024  -35.358  -27.782  32.864 0.0000000000
44019  -37.228  -28.262  32.886 0.0000000000
44020  -38.071  -28.240  32.798 0.0000000000
45039  -38.365  -27.799  32.062 0.0000000000
45041  -40.040  -27.386  32.442 0.0000000000
42902  -23.721  -29.590  36.511 0.0000000000
42919  -24.007  -29.200  35.700 0.0000000000
42935  -23.300  -29.410  35.199 0.0000000000
42956  -23.600  -29.740  34.391 0.0000000000
41020  -23.562  -30.688  34.235 0.0000000000
55332  -42.263  -16.324  26.823 0.0000000000
122696  -41.601  -14.545  24.264 0.0000000000
57362  -42.799  -14.898  25.138 0.0000000000
58326  -43.021  -13.803  24.155 0.0000000000
131400  -41.454  -10.281  25.183 0.0000000000
62401  -41.603  -9.163  23.798 0.0000000000
61446  -41.623  -9.928  23.388 0.0000000000
61456  -43.143  -10.527  22.534 0.0000000000
60497  -44.164  -10.945  22.630 0.0000000000
133389  -42.686  -7.046  23.262 0.0000000000
134049  -42.985  -8.407  22.639 0.0000000000
126135  -44.437  -8.035  22.292 0.0000000000
63334  -43.947  -8.554  22.381 0.0000000000
62416  -43.446  -9.212  22.467 0.0000000000
61457  -43.842  -10.023  22.465 0.0000000000
70933  -51.310  -0.217  19.395 0.0000000000
72880  -50.932  2.220  20.274 0.0000000000
31533  -11.248  -41.457  45.840 0.0000000000
32652  -12.607  -40.226  43.317 0.0000000000
31570  -12.496  -40.870  43.589 0.0000000000
31559  -11.943  -40.999  44.199 0.0000000000
30510  -12.749  -41.987  44.268 0.0000000000
30508  -11.863  -41.710  44.454 0.0000000000
28211  -11.384  -43.058  45.819 0.0000000000
27001  -11.725  -43.959  46.942 0.0000000000
28192  -12.514  -43.609  46.891 0.0000000000
48676  -42.429  -22.972  31.445 0.0000000000
49552  -42.273  -22.299  31.174 0.0000000000
49568  -40.389  -21.986  29.333 0.0000000000
49569  -40.966  -22.293  29.562 0.0000000000
131635  -41.479  -22.080  29.966 0.0000000000
117606  -42.367  -20.939  31.713 0.0000000000
51373  -42.106  -20.423  31.678 0.0000000000
52300  -40.946  -19.777  30.366 0.0000000000
52277  -41.326  -19.298  31.986 0.0000000000
52264  -34.486  -19.553  33.101 0.0000000000
53203  -33.830  -18.921  33.822 0.0000000000
51368  -34.962  -20.282  31.090 0.0000000000
51378  -35.186  -20.501  30.056 0.0000000000
54183  -32.476  -17.605  32.331 0.0000000000
54192  -32.551  -18.106  31.531 0.0000000000
53219  -32.894  -18.792  31.073 0.0000000000
51387  -34.609  -20.206  29.684 0.0000000000
51388  -35.386  -20.223  29.699 0.0000000000
52307  -36.575  -19.860  29.725 0.0000000000
53240  -36.817  -19.319  29.862 0.0000000000
53231  -37.384  -18.852  30.340 0.0000000000
53232  -38.185  -18.843  30.685 0.0000000000
53222  -38.415  -18.554  31.457 0.0000000000
53212  -39.402  -18.383  32.588 0.0000000000
54193  -36.732  -17.051  31.987 0.0000000000
56349  -36.284  -15.985  30.532 0.0000000000
56364  -36.328  -15.864  29.632 0.0000000000
55357  -40.286  -16.640  26.527 0.0000000000
55356  -39.511  -16.583  26.233 0.0000000000
55381  -40.086  -16.336  25.883 0.0000000000
56444  -39.390  -14.790  24.638 0.0000000000
57353  -37.051  -14.613  25.995 0.0000000000
56429  -37.811  -15.006  25.451 0.0000000000
58314  -37.685  -14.048  25.492 0.0000000000
57369  -39.319  -14.121  24.388 0.0000000000
59367  -39.152  -12.324  25.449 0.0000000000
40086  -25.505  -32.626  35.202 0.0000000000
40075  -26.158  -33.129  35.899 0.0000000000
39147  -26.979  -33.254  36.547 0.0000000000
40088  -27.670  -32.280  35.476 0.0000000000
40076  -27.752  -32.728  36.270 0.0000000000
39135  -27.436  -33.315  37.362 0.0000000000
41989  -30.297  -30.577  35.108 0.0000000000
41010  -29.927  -31.267  35.224 0.0000000000
40998  -30.089  -31.652  36.019 0.0000000000
40078  -31.100  -31.983  36.872 0.0000000000
136283  -30.389  -31.883  36.613 0.0000000000
40047  -29.718  -32.635  38.453 0.0000000000
45909  -32.211  -26.315  37.746 0.0000000000
45893  -32.077  -26.822  38.230 0.0000000000
35842  -13.677  -36.583  43.739 0.0000000000
35843  -14.022  -36.223  43.277 0.0000000000
125341  -13.301  -38.383  43.095 0.0000000000
32654  -14.223  -40.185  42.659 0.0000000000
39993  -15.323  -32.395  40.799 0.0000000000
39082  -15.042  -33.338  40.616 0.0000000000
38005  -15.386  -34.265  40.181 0.0000000000
38021  -15.988  -34.309  39.512 0.0000000000
126678  -15.308  -34.988  40.381 0.0000000000
36915  -15.486  -35.904  40.188 0.0000000000
35880  -15.525  -36.703  40.347 0.0000000000
34795  -15.886  -37.137  40.389 0.0000000000
36899  -18.634  -35.964  41.213 0.0000000000
35867  -17.448  -37.006  41.003 0.0000000000
34782  -15.977  -37.683  40.718 0.0000000000
72893  -52.564  1.415  18.653 0.0000000000
25867  -10.168  -46.033  49.423 0.0000000000
26984  -8.975  -44.773  48.105 0.0000000000
28178  -8.640  -43.869  48.077 0.0000000000
25873  -8.150  -45.405  47.477 0.0000000000
26998  -7.601  -44.680  47.130 0.0000000000
26982  -8.028  -44.341  47.515 0.0000000000
38050  -22.660  -34.437  37.554 0.0000000000
39130  -22.747  -33.918  36.985 0.0000000000
40062  -29.647  -32.418  37.660 0.0000000000
40074  -23.879  -32.916  35.722 0.0000000000
40083  -22.723  -32.002  35.461 0.0000000000
40098  -26.681  -31.987  34.587 0.0000000000
40924  -17.189  -30.971  40.928 0.0000000000
40972  -19.231  -30.808  37.910 0.0000000000
41913  -18.398  -30.383  39.304 0.0000000000
41987  -22.327  -30.322  35.352 0.0000000000
42003  -30.167  -29.879  34.598 0.0000000000
42016  -27.364  -30.163  32.869 0.0000000000
44005  -26.757  -28.936  33.036 0.0000000000
45973  -28.863  -27.119  33.762 0.0000000000
49559  -41.911  -21.764  30.690 0.0000000000
51377  -34.461  -20.343  30.141 0.0000000000
52305  -34.123  -19.683  29.562 0.0000000000
53213  -40.113  -18.491  32.882 0.0000000000
53218  -32.601  -18.043  30.629 0.0000000000
54201  -32.877  -17.472  30.018 0.0000000000
63320  -41.760  -8.565  24.116 0.0000000000
119289  -30.764  -31.512  36.290 0.0000000000
120086  -27.935  -31.389  34.091 0.0000000000
122118  -34.148  -13.908  28.410 0.0000000000
123604  -43.597  -8.225  25.530 0.0000000000
125221  -27.952  -25.337  35.709 0.0000000000
133206  -13.081  -43.201  46.943 0.0000000000
135161  -30.368  -32.185  37.194 0.0000000000
135450  -37.393  -20.862  31.897 0.0000000000
137638  -37.207  -25.186  30.725 0.0000000000
138204  -28.623  -27.889  33.237 0.0000000000
138370  -29.020  -29.693  33.220 0.0000000000
138870  -27.575  -33.109  36.786 0.0000000000
139362  -30.481  -30.123  35.156 0.0000000000
140026  -27.027  -33.492  37.828 0.0000000000
