#!ascii label  , from subject sub-v1s12x0050109_ses-1 vox2ras=TkReg
2113
45795  -42.000  -25.762  46.147 0.0000000000
119013  -50.990  -7.585  32.054 0.0000000000
140291  -40.064  -11.201  42.947 0.0000000000
37969  -10.872  -34.046  42.972 0.0000000000
40872  -25.496  -28.849  46.867 0.0000000000
46713  -8.454  -24.677  46.747 0.0000000000
46645  -5.058  -25.493  53.850 0.0000000000
61315  -45.359  -10.055  38.936 0.0000000000
49473  -6.008  -22.731  39.708 0.0000000000
33623  -7.744  -38.360  51.065 0.0000000000
51280  -42.036  -20.835  39.727 0.0000000000
46733  -37.076  -25.322  44.566 0.0000000000
41847  -34.051  -28.286  47.646 0.0000000000
66068  -53.026  -4.457  30.581 0.0000000000
59160  -43.623  -11.695  40.216 0.0000000000
128045  -21.834  -33.248  43.461 0.0000000000
135743  -9.739  -18.534  42.089 0.0000000000
42800  -6.547  -29.925  44.521 0.0000000000
43903  -7.358  -29.388  41.080 0.0000000000
117081  -8.329  -33.404  38.526 0.0000000000
41765  -11.063  -31.088  54.216 0.0000000000
39896  -7.594  -32.284  55.547 0.0000000000
59061  -35.908  -12.809  45.657 0.0000000000
43800  -29.893  -27.071  50.748 0.0000000000
41882  -28.495  -29.051  43.265 0.0000000000
47593  -6.428  -25.187  50.018 0.0000000000
40865  -6.545  -30.623  48.091 0.0000000000
63230  -48.288  -8.462  34.868 0.0000000000
43819  -13.379  -28.559  48.927 0.0000000000
43834  -18.006  -29.093  47.727 0.0000000000
47649  -7.693  -23.615  42.423 0.0000000000
44962  -8.526  -27.982  36.786 0.0000000000
44756  -6.457  -26.975  56.666 0.0000000000
135568  -5.850  -31.542  52.246 0.0000000000
36815  -7.318  -36.404  47.247 0.0000000000
49444  -43.377  -22.889  45.696 0.0000000000
135822  -42.856  -25.740  43.571 0.0000000000
126040  -44.053  -23.190  42.458 0.0000000000
139386  -39.898  -26.946  44.751 0.0000000000
45842  -39.633  -26.210  42.682 0.0000000000
44890  -38.896  -27.637  46.545 0.0000000000
65140  -52.678  -6.255  31.328 0.0000000000
64225  -47.836  -7.142  30.182 0.0000000000
64235  -50.196  -6.463  28.460 0.0000000000
66079  -51.651  -5.948  27.944 0.0000000000
59135  -42.509  -11.135  41.454 0.0000000000
135208  -37.155  -10.990  41.493 0.0000000000
61294  -39.133  -9.909  40.063 0.0000000000
60301  -41.366  -10.170  39.119 0.0000000000
117086  -7.205  -32.380  43.566 0.0000000000
39021  -6.872  -32.497  41.744 0.0000000000
38003  -10.831  -33.860  40.520 0.0000000000
35927  -11.361  -36.916  36.541 0.0000000000
117574  -11.282  -36.730  39.596 0.0000000000
125927  -12.492  -32.835  52.781 0.0000000000
122576  -10.840  -34.683  54.794 0.0000000000
140327  -37.214  -14.755  45.753 0.0000000000
53111  -40.458  -19.446  43.300 0.0000000000
139573  -39.321  -19.436  41.257 0.0000000000
55053  -38.559  -16.991  42.735 0.0000000000
57182  -37.335  -14.819  42.602 0.0000000000
44813  -31.332  -26.847  52.576 0.0000000000
43874  -32.471  -26.867  44.232 0.0000000000
41861  -31.494  -27.716  45.529 0.0000000000
69941  -52.547  -1.336  27.666 0.0000000000
71856  -53.559  0.890  28.119 0.0000000000
47577  -5.879  -25.332  51.700 0.0000000000
43827  -5.248  -27.436  48.549 0.0000000000
43806  -4.840  -27.733  50.099 0.0000000000
62290  -46.816  -8.537  36.457 0.0000000000
59200  -43.622  -11.682  36.404 0.0000000000
131134  -44.392  -10.409  34.509 0.0000000000
133599  -45.169  -9.263  32.635 0.0000000000
45731  -12.421  -26.934  50.583 0.0000000000
46682  -14.773  -25.768  48.668 0.0000000000
119584  -8.965  -21.796  46.268 0.0000000000
50337  -9.562  -21.791  44.321 0.0000000000
130636  -8.644  -23.717  43.976 0.0000000000
40986  -6.522  -31.398  37.712 0.0000000000
43930  -8.402  -29.167  38.707 0.0000000000
41014  -7.422  -31.147  36.291 0.0000000000
118759  -8.514  -27.046  56.692 0.0000000000
35730  -7.309  -35.525  54.013 0.0000000000
39907  -5.855  -32.452  54.592 0.0000000000
37874  -6.908  -34.972  51.667 0.0000000000
37899  -7.779  -34.620  49.799 0.0000000000
35777  -7.510  -37.320  48.908 0.0000000000
52156  -42.618  -20.712  43.303 0.0000000000
42737  -34.158  -29.033  51.006 0.0000000000
118013  -36.712  -28.897  49.091 0.0000000000
43868  -35.796  -27.043  46.031 0.0000000000
68957  -54.002  -2.412  30.688 0.0000000000
67094  -52.035  -3.328  27.453 0.0000000000
59162  -44.739  -11.322  39.654 0.0000000000
59188  -42.199  -11.304  37.385 0.0000000000
131116  -24.800  -30.570  42.819 0.0000000000
39953  -23.606  -30.618  45.170 0.0000000000
124931  -6.836  -20.209  40.860 0.0000000000
44896  -7.643  -27.618  45.749 0.0000000000
45826  -9.577  -26.674  43.730 0.0000000000
42822  -6.866  -29.654  42.727 0.0000000000
124503  -6.031  -31.983  40.014 0.0000000000
38059  -8.767  -33.117  37.287 0.0000000000
43781  -9.665  -28.442  53.593 0.0000000000
42710  -8.344  -29.192  55.423 0.0000000000
40833  -9.383  -32.193  55.580 0.0000000000
35715  -8.997  -35.430  54.974 0.0000000000
60211  -38.124  -11.148  44.261 0.0000000000
58105  -35.769  -13.255  41.983 0.0000000000
137985  -27.870  -28.027  49.250 0.0000000000
41829  -32.763  -28.092  48.423 0.0000000000
117166  -29.942  -27.931  46.954 0.0000000000
40890  -26.789  -29.529  44.959 0.0000000000
50281  -8.878  -22.226  48.483 0.0000000000
117328  -8.515  -22.758  49.805 0.0000000000
47611  -7.240  -24.909  48.871 0.0000000000
45782  -6.431  -27.365  47.413 0.0000000000
119919  -6.296  -29.930  45.875 0.0000000000
39952  -7.313  -32.361  46.064 0.0000000000
63242  -49.703  -8.476  33.446 0.0000000000
63261  -46.306  -8.480  31.222 0.0000000000
44816  -10.862  -27.667  52.258 0.0000000000
41782  -11.810  -30.032  51.849 0.0000000000
40852  -15.329  -32.135  51.256 0.0000000000
43837  -22.016  -27.920  46.180 0.0000000000
45802  -19.458  -26.300  44.804 0.0000000000
46715  -16.303  -25.243  45.997 0.0000000000
43833  -15.435  -28.593  48.153 0.0000000000
40856  -16.817  -32.448  50.601 0.0000000000
53097  -12.046  -19.237  43.932 0.0000000000
50356  -8.146  -21.415  42.265 0.0000000000
48578  -5.819  -23.117  41.048 0.0000000000
44927  -9.745  -26.621  41.429 0.0000000000
45876  -8.615  -25.744  39.005 0.0000000000
46807  -7.655  -24.519  38.574 0.0000000000
45691  -5.078  -26.024  56.313 0.0000000000
42704  -6.074  -29.570  55.719 0.0000000000
42712  -5.387  -29.582  55.218 0.0000000000
137386  -5.405  -28.898  53.026 0.0000000000
40857  -6.417  -31.281  50.423 0.0000000000
38917  -8.654  -33.613  47.991 0.0000000000
35832  -8.745  -35.863  44.405 0.0000000000
31516  -6.913  -40.271  48.040 0.0000000000
32621  -6.060  -39.082  45.688 0.0000000000
34790  -8.724  -37.785  41.082 0.0000000000
47630  -42.791  -24.199  45.722 0.0000000000
47620  -42.337  -24.450  47.208 0.0000000000
45810  -42.432  -25.539  44.844 0.0000000000
135251  -42.962  -24.360  44.550 0.0000000000
44902  -41.544  -26.780  45.368 0.0000000000
45823  -41.585  -26.706  44.451 0.0000000000
125150  -41.431  -26.332  46.540 0.0000000000
44892  -40.609  -27.262  46.461 0.0000000000
65139  -51.852  -6.616  31.210 0.0000000000
64208  -49.185  -6.833  31.369 0.0000000000
64227  -49.142  -6.398  29.547 0.0000000000
65146  -50.550  -6.245  30.678 0.0000000000
127391  -51.521  -5.840  29.934 0.0000000000
60254  -40.862  -11.265  42.524 0.0000000000
59120  -42.114  -12.120  42.922 0.0000000000
60214  -41.112  -11.962  44.148 0.0000000000
61292  -37.477  -10.583  40.767 0.0000000000
60272  -39.758  -10.521  41.400 0.0000000000
123548  -40.437  -10.270  40.678 0.0000000000
39004  -9.935  -33.363  43.723 0.0000000000
39056  -8.529  -33.131  41.860 0.0000000000
123398  -11.038  -34.200  41.469 0.0000000000
36914  -11.575  -35.078  40.161 0.0000000000
35864  -10.953  -35.327  40.998 0.0000000000
36760  -13.400  -34.327  51.630 0.0000000000
134177  -12.220  -35.474  52.176 0.0000000000
116686  -40.278  -17.193  44.676 0.0000000000
54072  -39.565  -17.965  43.711 0.0000000000
56183  -39.658  -16.562  44.378 0.0000000000
56173  -38.737  -15.426  44.326 0.0000000000
69921  -53.514  -1.001  28.642 0.0000000000
70878  -52.695  -0.508  27.664 0.0000000000
127492  -54.453  0.629  28.871 0.0000000000
47570  -5.827  -25.235  52.604 0.0000000000
124270  -5.154  -26.407  51.111 0.0000000000
45715  -5.029  -26.579  51.978 0.0000000000
62275  -46.411  -8.959  37.422 0.0000000000
62260  -47.989  -8.801  38.868 0.0000000000
59201  -44.127  -11.385  36.987 0.0000000000
59225  -43.874  -11.396  34.968 0.0000000000
134824  -44.848  -9.846  36.986 0.0000000000
62289  -45.522  -9.000  36.614 0.0000000000
45749  -15.612  -25.769  50.310 0.0000000000
46683  -16.433  -25.490  49.261 0.0000000000
126591  -26.142  -26.816  48.672 0.0000000000
43823  -25.210  -27.507  47.917 0.0000000000
128922  -5.768  -21.289  39.704 0.0000000000
131873  -8.209  -22.271  46.796 0.0000000000
141281  -8.647  -22.944  45.409 0.0000000000
129862  -8.806  -23.608  44.997 0.0000000000
39151  -7.780  -32.397  36.858 0.0000000000
41003  -7.125  -31.381  36.522 0.0000000000
40093  -8.314  -31.898  36.370 0.0000000000
119933  -10.730  -27.492  57.934 0.0000000000
44780  -10.035  -27.335  55.998 0.0000000000
34670  -7.674  -37.158  52.244 0.0000000000
126249  -6.990  -35.677  52.935 0.0000000000
133627  -7.412  -36.276  51.764 0.0000000000
125400  -7.644  -36.098  50.414 0.0000000000
34707  -7.531  -37.934  49.493 0.0000000000
50354  -43.567  -21.367  43.663 0.0000000000
50358  -44.082  -21.776  42.510 0.0000000000
51230  -42.683  -20.715  44.205 0.0000000000
53093  -41.797  -19.204  45.161 0.0000000000
45806  -38.076  -26.708  45.472 0.0000000000
43862  -36.860  -27.870  46.236 0.0000000000
45818  -36.576  -26.046  45.112 0.0000000000
44917  -34.832  -25.717  45.061 0.0000000000
67077  -53.253  -3.664  30.479 0.0000000000
67082  -52.204  -4.698  29.055 0.0000000000
120807  -52.098  -4.184  27.565 0.0000000000
67083  -52.412  -3.881  29.139 0.0000000000
68051  -52.526  -2.960  28.799 0.0000000000
116896  -44.292  -11.646  39.817 0.0000000000
59147  -45.141  -11.713  40.949 0.0000000000
59137  -44.742  -12.365  41.601 0.0000000000
59144  -42.990  -11.216  39.981 0.0000000000
59173  -41.691  -10.641  37.829 0.0000000000
59175  -42.887  -11.559  38.672 0.0000000000
138539  -43.704  -11.781  38.113 0.0000000000
53104  -8.252  -18.131  41.666 0.0000000000
52164  -7.440  -19.429  40.942 0.0000000000
52165  -8.390  -19.545  41.278 0.0000000000
44903  -7.034  -28.487  45.449 0.0000000000
44910  -7.436  -28.581  44.426 0.0000000000
42808  -6.755  -29.872  43.279 0.0000000000
38016  -7.392  -33.053  40.068 0.0000000000
39053  -6.745  -32.701  40.960 0.0000000000
38037  -7.388  -33.105  39.147 0.0000000000
129936  -7.068  -33.017  38.056 0.0000000000
36965  -8.801  -33.416  37.578 0.0000000000
36966  -9.742  -34.166  37.019 0.0000000000
42715  -9.614  -29.162  53.467 0.0000000000
41763  -9.487  -30.142  54.672 0.0000000000
40841  -10.595  -31.512  54.821 0.0000000000
136349  -10.272  -36.603  54.108 0.0000000000
35717  -9.872  -35.675  55.163 0.0000000000
33586  -9.802  -36.554  54.369 0.0000000000
34652  -8.915  -36.491  54.122 0.0000000000
60209  -36.504  -11.889  44.768 0.0000000000
57171  -35.942  -14.197  44.454 0.0000000000
58106  -36.213  -13.876  42.465 0.0000000000
59095  -35.601  -13.120  44.002 0.0000000000
59096  -36.000  -11.970  43.278 0.0000000000
44823  -28.587  -26.568  51.484 0.0000000000
44836  -27.799  -26.976  51.120 0.0000000000
42732  -28.496  -27.632  50.287 0.0000000000
41830  -34.660  -28.932  48.818 0.0000000000
133964  -33.795  -29.026  50.012 0.0000000000
119890  -33.595  -28.334  48.024 0.0000000000
41871  -29.105  -28.482  43.911 0.0000000000
41844  -30.422  -28.078  46.336 0.0000000000
41851  -29.114  -28.387  44.995 0.0000000000
41842  -28.673  -28.554  45.635 0.0000000000
40906  -27.878  -30.138  43.779 0.0000000000
40916  -27.027  -30.465  42.588 0.0000000000
49387  -6.681  -24.007  51.242 0.0000000000
138821  -7.570  -24.081  49.587 0.0000000000
49412  -8.113  -23.408  49.069 0.0000000000
47603  -7.114  -24.980  49.163 0.0000000000
45775  -7.020  -26.125  47.837 0.0000000000
46702  -6.437  -26.160  48.654 0.0000000000
42776  -5.906  -29.303  48.433 0.0000000000
125576  -5.965  -28.880  46.976 0.0000000000
138102  -6.225  -30.253  47.005 0.0000000000
120521  -6.457  -31.264  45.990 0.0000000000
40883  -6.686  -31.375  46.717 0.0000000000
118524  -48.925  -8.575  34.107 0.0000000000
62321  -50.545  -9.151  34.588 0.0000000000
62293  -50.299  -9.426  35.994 0.0000000000
137643  -46.896  -8.157  33.932 0.0000000000
62330  -45.605  -8.871  32.253 0.0000000000
63240  -46.923  -8.059  33.188 0.0000000000
64199  -48.412  -7.624  32.422 0.0000000000
45702  -13.304  -26.399  52.780 0.0000000000
44849  -12.495  -27.907  49.313 0.0000000000
44842  -11.697  -28.270  50.712 0.0000000000
42740  -12.487  -29.168  50.343 0.0000000000
41777  -13.632  -31.170  52.117 0.0000000000
42729  -14.003  -29.982  51.008 0.0000000000
38961  -22.620  -31.699  44.933 0.0000000000
40869  -22.992  -29.635  46.102 0.0000000000
40877  -22.348  -30.320  46.387 0.0000000000
133207  -18.939  -29.657  47.470 0.0000000000
43848  -20.084  -28.219  46.672 0.0000000000
44884  -18.564  -27.404  46.026 0.0000000000
123104  -17.802  -25.531  45.039 0.0000000000
134874  -16.872  -27.316  45.907 0.0000000000
44881  -15.307  -27.160  45.992 0.0000000000
122780  -16.761  -28.383  47.365 0.0000000000
39923  -17.208  -32.428  50.186 0.0000000000
51216  -12.539  -20.548  44.839 0.0000000000
48564  -7.859  -22.924  43.321 0.0000000000
133090  -8.383  -21.763  43.017 0.0000000000
49452  -7.190  -22.918  42.401 0.0000000000
49455  -6.424  -22.544  41.801 0.0000000000
47652  -6.700  -23.460  41.286 0.0000000000
43880  -8.651  -28.234  41.989 0.0000000000
44913  -9.760  -26.969  42.872 0.0000000000
43905  -9.210  -28.050  40.392 0.0000000000
43942  -8.724  -28.496  37.341 0.0000000000
45877  -9.168  -26.734  38.812 0.0000000000
139317  -8.446  -26.654  37.730 0.0000000000
46799  -7.774  -24.783  38.819 0.0000000000
45904  -8.079  -25.985  37.234 0.0000000000
129822  -8.155  -25.781  36.107 0.0000000000
44755  -5.884  -26.796  56.733 0.0000000000
40831  -7.999  -31.365  55.731 0.0000000000
42706  -7.622  -29.730  55.794 0.0000000000
40830  -7.336  -31.355  55.689 0.0000000000
40844  -5.688  -31.867  54.098 0.0000000000
130389  -5.592  -31.169  54.806 0.0000000000
124465  -5.589  -30.996  53.952 0.0000000000
127278  -5.387  -29.377  54.394 0.0000000000
117018  -5.660  -30.784  52.170 0.0000000000
41781  -5.668  -30.233  51.322 0.0000000000
40854  -6.103  -31.236  51.366 0.0000000000
36800  -7.927  -35.276  48.506 0.0000000000
37913  -8.124  -34.436  49.105 0.0000000000
37924  -8.364  -34.629  47.921 0.0000000000
37936  -8.855  -34.250  46.579 0.0000000000
122258  -7.897  -35.755  46.024 0.0000000000
30490  -6.493  -41.498  46.884 0.0000000000
131408  -6.333  -40.000  46.969 0.0000000000
50333  -43.257  -21.208  45.412 0.0000000000
45858  -42.337  -25.753  41.717 0.0000000000
46768  -42.838  -24.733  41.600 0.0000000000
46744  -43.517  -24.888  42.980 0.0000000000
127176  -43.520  -22.609  44.549 0.0000000000
45820  -38.454  -26.227  44.702 0.0000000000
45833  -39.454  -26.276  43.535 0.0000000000
137124  -41.262  -26.308  42.443 0.0000000000
44900  -39.593  -27.489  45.950 0.0000000000
66061  -53.109  -5.129  30.937 0.0000000000
63278  -49.161  -8.162  27.637 0.0000000000
64254  -50.335  -7.115  26.823 0.0000000000
65176  -51.189  -6.157  26.559 0.0000000000
65160  -50.986  -6.023  28.521 0.0000000000
66072  -51.741  -5.602  29.290 0.0000000000
59145  -43.087  -11.342  40.937 0.0000000000
58108  -43.857  -12.987  42.305 0.0000000000
58094  -43.469  -12.659  42.782 0.0000000000
59099  -43.464  -12.888  44.036 0.0000000000
120713  -35.518  -11.960  40.088 0.0000000000
60299  -36.269  -10.958  39.312 0.0000000000
61300  -37.589  -9.992  39.343 0.0000000000
61313  -38.420  -9.703  38.774 0.0000000000
61323  -39.448  -9.753  37.220 0.0000000000
60300  -40.391  -9.783  38.916 0.0000000000
129569  -41.469  -10.494  40.582 0.0000000000
40895  -6.674  -30.950  44.403 0.0000000000
118728  -6.708  -30.877  42.857 0.0000000000
39001  -7.146  -32.394  42.771 0.0000000000
37984  -7.873  -33.208  41.115 0.0000000000
38019  -10.352  -33.755  39.370 0.0000000000
36967  -10.723  -34.813  36.854 0.0000000000
36955  -11.838  -34.985  38.462 0.0000000000
35902  -12.102  -36.905  38.132 0.0000000000
41766  -11.749  -31.601  53.863 0.0000000000
39904  -11.030  -32.819  54.747 0.0000000000
37845  -11.476  -33.841  54.286 0.0000000000
58081  -35.790  -13.593  45.474 0.0000000000
134400  -41.122  -20.301  42.156 0.0000000000
51271  -40.697  -20.374  40.181 0.0000000000
53126  -39.602  -19.163  42.506 0.0000000000
54097  -38.737  -18.355  42.257 0.0000000000
55063  -37.965  -17.052  42.062 0.0000000000
131502  -38.118  -15.556  42.607 0.0000000000
57163  -37.148  -14.726  44.274 0.0000000000
43788  -31.175  -27.024  51.406 0.0000000000
42804  -33.595  -27.014  46.072 0.0000000000
41855  -32.705  -27.668  46.804 0.0000000000
42813  -32.251  -27.183  44.696 0.0000000000
42825  -29.878  -27.465  43.481 0.0000000000
70889  -51.792  -0.925  26.801 0.0000000000
141053  -52.078  0.432  26.959 0.0000000000
72824  -52.333  1.457  26.837 0.0000000000
73810  -53.111  2.597  26.939 0.0000000000
47587  -6.141  -25.238  50.462 0.0000000000
46691  -5.987  -26.167  49.348 0.0000000000
45757  -5.542  -26.485  49.461 0.0000000000
43816  -4.976  -27.582  49.195 0.0000000000
42757  -5.612  -29.149  49.394 0.0000000000
63221  -47.668  -8.346  35.681 0.0000000000
117410  -48.509  -8.619  37.443 0.0000000000
128626  -43.629  -11.685  32.997 0.0000000000
60375  -44.055  -11.064  32.919 0.0000000000
60389  -44.870  -11.129  32.143 0.0000000000
131616  -44.617  -9.767  33.848 0.0000000000
62306  -45.736  -8.508  34.946 0.0000000000
45718  -14.021  -26.198  52.126 0.0000000000
118472  -14.910  -26.176  51.593 0.0000000000
45748  -14.019  -25.972  50.088 0.0000000000
44857  -12.980  -27.481  48.177 0.0000000000
38921  -19.960  -33.115  47.109 0.0000000000
41802  -17.846  -30.770  48.114 0.0000000000
50309  -10.654  -21.742  45.896 0.0000000000
50323  -11.371  -21.463  45.052 0.0000000000
50322  -9.255  -21.864  45.334 0.0000000000
49450  -8.383  -22.826  44.020 0.0000000000
48567  -8.052  -23.424  43.260 0.0000000000
123327  -6.935  -30.472  39.555 0.0000000000
138598  -7.889  -29.510  39.921 0.0000000000
42884  -7.742  -30.187  38.374 0.0000000000
116756  -7.867  -29.922  37.254 0.0000000000
42933  -7.762  -29.819  36.542 0.0000000000
44751  -11.344  -27.573  58.831 0.0000000000
44749  -9.371  -26.946  58.591 0.0000000000
44758  -8.068  -26.838  56.851 0.0000000000
37842  -7.381  -34.431  54.944 0.0000000000
39903  -6.581  -32.420  55.206 0.0000000000
135472  -6.649  -34.187  54.217 0.0000000000
135240  -6.334  -33.598  53.489 0.0000000000
39917  -6.260  -33.002  52.785 0.0000000000
38895  -6.911  -33.343  50.937 0.0000000000
37885  -7.084  -34.365  50.946 0.0000000000
122069  -7.757  -35.557  49.900 0.0000000000
35793  -7.100  -37.110  47.548 0.0000000000
50379  -43.178  -21.785  39.767 0.0000000000
48585  -43.639  -23.289  40.964 0.0000000000
50373  -43.676  -21.472  41.329 0.0000000000
51261  -42.370  -20.803  41.617 0.0000000000
53112  -41.461  -19.959  43.678 0.0000000000
54073  -41.034  -18.760  44.650 0.0000000000
42787  -35.634  -28.840  47.748 0.0000000000
43851  -37.768  -28.645  47.200 0.0000000000
43855  -36.315  -28.296  46.628 0.0000000000
42798  -35.029  -27.820  46.889 0.0000000000
140106  -34.324  -26.448  45.709 0.0000000000
67104  -51.614  -4.414  26.462 0.0000000000
68985  -52.368  -2.022  27.773 0.0000000000
68979  -53.292  -1.743  28.932 0.0000000000
60317  -44.771  -10.897  38.786 0.0000000000
60305  -46.257  -10.074  40.287 0.0000000000
60290  -46.009  -10.729  40.752 0.0000000000
60325  -40.080  -10.015  36.735 0.0000000000
59199  -43.318  -11.821  36.794 0.0000000000
122448  -43.919  -11.637  37.361 0.0000000000
39963  -25.078  -29.780  44.645 0.0000000000
40880  -24.380  -29.554  45.898 0.0000000000
38990  -23.949  -30.827  43.708 0.0000000000
39012  -22.760  -31.917  43.193 0.0000000000
51270  -6.069  -20.316  40.390 0.0000000000
50372  -5.131  -21.750  40.505 0.0000000000
46722  -8.390  -25.670  46.540 0.0000000000
45798  -9.055  -25.710  45.526 0.0000000000
45811  -8.630  -26.911  45.310 0.0000000000
43871  -7.630  -28.776  43.496 0.0000000000
43889  -7.206  -29.265  42.145 0.0000000000
41879  -6.557  -30.911  42.172 0.0000000000
41888  -6.435  -30.815  41.565 0.0000000000
126851  -6.421  -30.747  40.218 0.0000000000
40043  -6.414  -32.181  38.353 0.0000000000
44779  -9.170  -27.598  55.707 0.0000000000
139635  -8.921  -28.789  54.972 0.0000000000
41757  -8.626  -30.991  55.759 0.0000000000
39892  -8.498  -32.408  55.605 0.0000000000
125774  -10.155  -33.195  55.137 0.0000000000
38858  -9.026  -33.608  55.485 0.0000000000
37837  -8.418  -34.234  55.361 0.0000000000
35722  -8.262  -35.553  54.583 0.0000000000
34657  -8.076  -36.966  53.343 0.0000000000
32536  -7.898  -38.735  51.146 0.0000000000
117124  -38.953  -11.140  43.936 0.0000000000
60213  -40.365  -11.571  44.366 0.0000000000
119572  -38.882  -11.009  44.832 0.0000000000
51278  -40.611  -20.454  39.264 0.0000000000
128454  -35.529  -12.642  40.463 0.0000000000
60252  -37.468  -11.239  42.984 0.0000000000
139120  -27.086  -26.832  49.831 0.0000000000
41805  -26.863  -28.191  48.165 0.0000000000
43790  -32.638  -28.143  52.063 0.0000000000
42722  -32.053  -27.976  51.127 0.0000000000
42751  -30.954  -27.620  49.459 0.0000000000
117691  -31.735  -28.018  47.546 0.0000000000
118761  -31.260  -28.032  47.806 0.0000000000
41808  -30.082  -28.120  48.297 0.0000000000
41825  -28.900  -28.253  47.932 0.0000000000
41833  -27.389  -28.508  46.892 0.0000000000
40886  -26.630  -28.745  46.321 0.0000000000
40896  -25.978  -29.981  43.628 0.0000000000
74816  -53.401  3.412  26.545 0.0000000000
74830  -53.838  4.070  26.023 0.0000000000
75789  -54.381  4.558  25.479 0.0000000000
50294  -8.729  -21.872  47.172 0.0000000000
127527  -8.104  -22.578  47.276 0.0000000000
127967  -8.703  -22.586  49.083 0.0000000000
49425  -8.114  -23.216  48.533 0.0000000000
46704  -7.820  -25.062  47.830 0.0000000000
45784  -7.467  -26.434  46.946 0.0000000000
44879  -6.762  -27.730  46.778 0.0000000000
44894  -6.791  -28.339  46.175 0.0000000000
44864  -5.851  -27.646  47.568 0.0000000000
43854  -6.043  -28.299  46.885 0.0000000000
119816  -6.396  -30.201  45.029 0.0000000000
39950  -6.768  -31.461  44.825 0.0000000000
38979  -7.717  -32.613  44.198 0.0000000000
38981  -10.232  -33.680  44.479 0.0000000000
63253  -50.197  -7.977  32.563 0.0000000000
126702  -46.080  -10.741  31.263 0.0000000000
61379  -46.470  -9.823  30.375 0.0000000000
62342  -46.816  -9.116  30.043 0.0000000000
64216  -47.547  -7.301  30.943 0.0000000000
64200  -49.288  -7.457  32.120 0.0000000000
43784  -10.212  -28.164  52.773 0.0000000000
137057  -10.298  -28.774  52.324 0.0000000000
45716  -12.256  -26.642  51.467 0.0000000000
43795  -11.209  -28.666  51.326 0.0000000000
41775  -11.516  -30.488  52.561 0.0000000000
39913  -13.643  -32.653  51.945 0.0000000000
139269  -23.875  -27.865  46.797 0.0000000000
45778  -22.973  -26.735  46.766 0.0000000000
45805  -22.221  -25.656  45.100 0.0000000000
42779  -20.597  -29.003  46.546 0.0000000000
45790  -20.859  -26.808  45.630 0.0000000000
47645  -20.722  -24.813  44.414 0.0000000000
47624  -19.237  -24.312  45.867 0.0000000000
47622  -17.777  -24.671  46.569 0.0000000000
46695  -17.419  -25.127  48.078 0.0000000000
46694  -15.453  -25.515  47.679 0.0000000000
45776  -13.878  -26.931  47.082 0.0000000000
43831  -13.725  -28.420  48.322 0.0000000000
41800  -17.016  -30.534  49.126 0.0000000000
42761  -15.846  -29.490  49.577 0.0000000000
42743  -15.430  -29.825  50.291 0.0000000000
41780  -15.692  -31.907  50.915 0.0000000000
53096  -10.902  -18.241  43.155 0.0000000000
50349  -10.840  -21.007  43.375 0.0000000000
51233  -10.304  -20.626  42.698 0.0000000000
52166  -9.197  -19.658  41.545 0.0000000000
51244  -7.762  -21.003  41.733 0.0000000000
50364  -5.654  -22.098  41.279 0.0000000000
48588  -5.333  -22.841  40.323 0.0000000000
46729  -9.413  -25.266  44.358 0.0000000000
46737  -9.436  -25.240  43.249 0.0000000000
46746  -8.066  -24.544  41.736 0.0000000000
44934  -9.387  -27.512  39.500 0.0000000000
45862  -9.287  -26.214  39.700 0.0000000000
46760  -7.860  -24.655  41.085 0.0000000000
46772  -7.333  -24.269  40.254 0.0000000000
47685  -6.632  -23.593  39.814 0.0000000000
47695  -7.048  -23.929  39.111 0.0000000000
47704  -8.173  -24.712  37.384 0.0000000000
44778  -8.368  -27.855  55.848 0.0000000000
43753  -7.193  -28.779  55.913 0.0000000000
43742  -6.305  -27.863  56.319 0.0000000000
40836  -6.323  -31.521  55.232 0.0000000000
41758  -5.688  -29.981  55.418 0.0000000000
121564  -5.280  -28.098  56.154 0.0000000000
43749  -5.003  -28.208  55.853 0.0000000000
44785  -4.885  -27.264  54.453 0.0000000000
45700  -4.763  -26.558  53.640 0.0000000000
43793  -5.047  -28.686  51.396 0.0000000000
41790  -5.580  -30.003  50.269 0.0000000000
40861  -6.463  -30.575  49.029 0.0000000000
39922  -7.391  -32.779  50.018 0.0000000000
39925  -7.172  -31.910  49.282 0.0000000000
39928  -7.331  -31.827  48.279 0.0000000000
134784  -7.943  -32.772  46.611 0.0000000000
37947  -9.481  -34.150  45.691 0.0000000000
36860  -9.893  -34.791  44.439 0.0000000000
133758  -7.728  -40.041  50.346 0.0000000000
31508  -7.116  -40.526  48.878 0.0000000000
32568  -7.253  -39.790  48.981 0.0000000000
33659  -7.071  -39.115  48.276 0.0000000000
118903  -6.482  -38.497  47.412 0.0000000000
34729  -6.440  -37.694  46.150 0.0000000000
33731  -6.543  -38.776  44.086 0.0000000000
34743  -6.982  -37.788  44.586 0.0000000000
35840  -7.857  -36.821  43.852 0.0000000000
35852  -8.792  -36.528  42.705 0.0000000000
35853  -9.767  -35.885  42.343 0.0000000000
34801  -9.850  -37.913  39.848 0.0000000000
33769  -10.625  -38.747  39.029 0.0000000000
46720  -42.458  -24.973  45.953 0.0000000000
47629  -42.655  -24.403  46.337 0.0000000000
46711  -42.287  -25.155  46.639 0.0000000000
46728  -42.303  -25.439  45.556 0.0000000000
46721  -42.604  -24.730  45.207 0.0000000000
45794  -41.616  -26.383  45.928 0.0000000000
117666  -42.125  -26.369  44.776 0.0000000000
45781  -41.764  -25.747  46.930 0.0000000000
64210  -51.742  -7.247  31.802 0.0000000000
64202  -52.504  -7.410  32.452 0.0000000000
64201  -51.701  -7.743  32.361 0.0000000000
64209  -50.113  -7.192  31.778 0.0000000000
65137  -49.951  -6.480  31.059 0.0000000000
65138  -50.933  -6.831  31.313 0.0000000000
60236  -41.365  -11.774  43.235 0.0000000000
60235  -40.595  -11.474  43.479 0.0000000000
60253  -39.116  -11.089  42.926 0.0000000000
61274  -38.969  -10.733  41.966 0.0000000000
121015  -39.914  -11.009  42.172 0.0000000000
39025  -10.385  -33.587  42.929 0.0000000000
126892  -10.914  -34.290  42.319 0.0000000000
36896  -10.770  -35.048  41.953 0.0000000000
35755  -12.772  -35.076  51.482 0.0000000000
129285  -5.303  -25.512  53.149 0.0000000000
116729  -5.206  -26.197  51.924 0.0000000000
122741  -4.962  -26.314  52.697 0.0000000000
61325  -46.083  -9.397  38.265 0.0000000000
62259  -47.099  -9.123  38.588 0.0000000000
137262  -46.325  -9.513  39.023 0.0000000000
139715  -44.826  -10.560  38.497 0.0000000000
60336  -44.484  -10.722  37.101 0.0000000000
61324  -44.960  -10.073  38.016 0.0000000000
62274  -45.524  -9.404  37.529 0.0000000000
124087  -18.038  -25.612  50.027 0.0000000000
46671  -17.033  -25.678  50.106 0.0000000000
46684  -17.446  -25.308  49.096 0.0000000000
42767  -26.082  -27.918  47.988 0.0000000000
141147  -25.643  -27.191  48.198 0.0000000000
41803  -25.287  -28.291  47.476 0.0000000000
125630  -5.627  -21.948  39.748 0.0000000000
50383  -6.397  -21.542  39.526 0.0000000000
48553  -8.408  -23.204  46.434 0.0000000000
47631  -8.655  -23.659  46.075 0.0000000000
40082  -7.678  -32.058  36.506 0.0000000000
35763  -7.557  -36.805  51.804 0.0000000000
34685  -7.647  -37.491  51.434 0.0000000000
128179  -7.600  -36.733  50.906 0.0000000000
34697  -7.645  -37.700  50.509 0.0000000000
51231  -43.027  -21.040  44.269 0.0000000000
134798  -43.261  -21.100  43.715 0.0000000000
122717  -42.633  -20.563  44.790 0.0000000000
52140  -42.309  -20.067  45.030 0.0000000000
45819  -37.523  -26.023  44.984 0.0000000000
44908  -36.992  -26.767  45.335 0.0000000000
67073  -53.769  -4.103  31.142 0.0000000000
67076  -52.456  -4.561  29.782 0.0000000000
131302  -52.689  -3.942  30.046 0.0000000000
59161  -44.012  -11.873  40.479 0.0000000000
59146  -44.532  -11.920  40.754 0.0000000000
58140  -44.197  -12.275  41.244 0.0000000000
126661  -43.505  -11.629  40.463 0.0000000000
59158  -42.745  -11.176  39.136 0.0000000000
59159  -43.330  -11.583  39.468 0.0000000000
116713  -43.702  -11.725  39.561 0.0000000000
53095  -9.930  -17.925  42.742 0.0000000000
53105  -9.074  -18.067  42.147 0.0000000000
53120  -9.001  -18.775  41.546 0.0000000000
43869  -6.804  -29.503  44.288 0.0000000000
116867  -6.596  -30.079  43.845 0.0000000000
38017  -7.880  -33.237  39.276 0.0000000000
36952  -8.073  -33.151  38.122 0.0000000000
36953  -8.865  -33.648  37.865 0.0000000000
41769  -10.454  -30.401  53.579 0.0000000000
41764  -10.198  -30.675  54.392 0.0000000000
33587  -10.049  -36.622  54.325 0.0000000000
120534  -35.991  -12.426  45.030 0.0000000000
60188  -37.361  -11.477  45.909 0.0000000000
128579  -36.533  -12.076  45.629 0.0000000000
50378  -42.601  -21.409  39.364 0.0000000000
59077  -35.876  -12.331  44.198 0.0000000000
43787  -30.339  -26.738  51.261 0.0000000000
43786  -29.413  -26.757  51.192 0.0000000000
43799  -28.934  -27.220  50.793 0.0000000000
42733  -29.344  -27.541  50.215 0.0000000000
41838  -34.380  -28.679  48.188 0.0000000000
119247  -33.951  -28.621  48.620 0.0000000000
136092  -29.613  -28.139  44.676 0.0000000000
41870  -28.651  -29.032  43.723 0.0000000000
41858  -28.505  -29.530  43.948 0.0000000000
41869  -28.320  -29.564  43.403 0.0000000000
40917  -27.750  -30.060  42.991 0.0000000000
41881  -28.042  -29.473  42.756 0.0000000000
48517  -7.142  -24.220  50.317 0.0000000000
48524  -7.010  -24.768  49.873 0.0000000000
48535  -6.886  -25.066  49.533 0.0000000000
47602  -6.481  -25.499  49.539 0.0000000000
47610  -6.660  -25.518  49.070 0.0000000000
46692  -6.274  -25.915  49.245 0.0000000000
41832  -6.195  -30.018  47.646 0.0000000000
40875  -6.494  -30.722  47.120 0.0000000000
63223  -49.208  -8.879  35.017 0.0000000000
63229  -47.305  -8.246  34.698 0.0000000000
63241  -47.847  -8.228  33.832 0.0000000000
43818  -12.827  -28.260  49.067 0.0000000000
43809  -12.340  -28.456  49.950 0.0000000000
42758  -12.927  -28.850  49.599 0.0000000000
42741  -13.366  -29.441  50.240 0.0000000000
38987  -22.246  -33.034  44.191 0.0000000000
39947  -22.422  -31.433  45.591 0.0000000000
38960  -21.979  -32.880  45.521 0.0000000000
43835  -18.756  -29.035  47.421 0.0000000000
43847  -19.235  -28.644  47.118 0.0000000000
44870  -18.189  -28.000  46.798 0.0000000000
44883  -17.541  -27.360  45.934 0.0000000000
43845  -17.733  -28.492  47.381 0.0000000000
44869  -17.040  -27.852  46.517 0.0000000000
51217  -12.917  -20.234  45.401 0.0000000000
48566  -7.610  -23.228  42.818 0.0000000000
49453  -7.688  -22.696  43.084 0.0000000000
48570  -7.213  -23.332  41.985 0.0000000000
47653  -7.388  -23.778  41.611 0.0000000000
43890  -7.899  -28.755  41.538 0.0000000000
43891  -8.787  -28.282  41.111 0.0000000000
126570  -8.290  -28.768  40.587 0.0000000000
134910  -8.626  -27.585  37.123 0.0000000000
45905  -8.459  -26.843  37.419 0.0000000000
44963  -8.254  -26.796  36.818 0.0000000000
44979  -8.192  -26.790  36.275 0.0000000000
44978  -8.200  -28.119  36.312 0.0000000000
44747  -8.037  -26.401  57.543 0.0000000000
39891  -8.015  -31.959  55.640 0.0000000000
39916  -5.862  -32.164  52.977 0.0000000000
40849  -5.621  -31.297  53.053 0.0000000000
41773  -5.494  -30.343  53.112 0.0000000000
36816  -7.783  -35.624  47.696 0.0000000000
128258  -7.649  -35.742  47.114 0.0000000000
36831  -8.155  -35.343  46.650 0.0000000000
35804  -7.316  -36.241  46.516 0.0000000000
29363  -6.540  -42.506  46.143 0.0000000000
29355  -6.665  -42.338  46.981 0.0000000000
137871  -6.437  -41.969  46.546 0.0000000000
49445  -43.495  -21.984  45.517 0.0000000000
45845  -42.448  -26.020  42.489 0.0000000000
45846  -42.836  -25.448  42.135 0.0000000000
124650  -43.163  -25.326  43.333 0.0000000000
48563  -43.201  -23.181  45.031 0.0000000000
47640  -43.144  -23.746  44.594 0.0000000000
133351  -43.401  -22.525  45.178 0.0000000000
49449  -43.494  -22.012  44.786 0.0000000000
45821  -39.279  -26.482  44.354 0.0000000000
120255  -40.081  -26.656  44.090 0.0000000000
45835  -41.660  -26.520  43.630 0.0000000000
117127  -41.046  -26.405  43.083 0.0000000000
45844  -41.786  -26.337  42.843 0.0000000000
117692  -41.833  -26.176  42.076 0.0000000000
45808  -40.186  -27.328  45.458 0.0000000000
128239  -40.319  -27.512  46.077 0.0000000000
45807  -39.187  -26.914  45.209 0.0000000000
66060  -52.584  -5.624  30.715 0.0000000000
139506  -53.152  -5.662  31.276 0.0000000000
65141  -53.556  -6.007  31.890 0.0000000000
63268  -47.392  -7.649  30.121 0.0000000000
63276  -48.045  -8.789  28.897 0.0000000000
63269  -47.972  -7.652  29.445 0.0000000000
128471  -49.457  -6.627  28.850 0.0000000000
140629  -49.046  -7.704  28.353 0.0000000000
64234  -49.523  -7.223  28.148 0.0000000000
64241  -49.812  -7.583  27.258 0.0000000000
64242  -50.296  -6.934  27.576 0.0000000000
120511  -50.870  -6.340  27.811 0.0000000000
133547  -52.015  -6.025  30.627 0.0000000000
66067  -52.074  -5.531  30.037 0.0000000000
59136  -43.096  -11.730  41.765 0.0000000000
59121  -42.944  -12.163  42.520 0.0000000000
59097  -41.927  -12.329  43.851 0.0000000000
59098  -42.854  -12.610  43.420 0.0000000000
59079  -42.600  -12.724  44.477 0.0000000000
60286  -36.602  -11.085  40.826 0.0000000000
61293  -38.457  -10.161  40.617 0.0000000000
124988  -37.734  -10.143  40.111 0.0000000000
61301  -38.438  -9.876  39.708 0.0000000000
61302  -39.342  -9.702  39.261 0.0000000000
60287  -40.003  -9.852  39.929 0.0000000000
60274  -41.838  -10.745  41.212 0.0000000000
60289  -42.450  -10.814  40.611 0.0000000000
38977  -7.241  -32.108  43.645 0.0000000000
39966  -7.074  -31.805  43.053 0.0000000000
39002  -7.297  -32.629  43.103 0.0000000000
118540  -10.437  -33.545  41.331 0.0000000000
37985  -9.196  -33.295  41.180 0.0000000000
38002  -9.793  -33.439  40.338 0.0000000000
38020  -11.284  -34.273  38.869 0.0000000000
38004  -11.359  -34.299  39.858 0.0000000000
35891  -11.881  -35.745  39.599 0.0000000000
36933  -12.228  -35.530  38.979 0.0000000000
35892  -12.096  -36.361  38.972 0.0000000000
34813  -11.860  -37.860  38.083 0.0000000000
34803  -11.574  -37.294  38.911 0.0000000000
133049  -12.265  -32.504  53.105 0.0000000000
39906  -11.642  -33.180  54.339 0.0000000000
38868  -11.817  -33.450  54.071 0.0000000000
57153  -36.246  -14.299  46.070 0.0000000000
52154  -41.214  -20.229  42.890 0.0000000000
53127  -40.445  -19.915  42.440 0.0000000000
124109  -39.152  -17.319  43.423 0.0000000000
54082  -39.380  -18.439  43.089 0.0000000000
55064  -38.564  -17.676  42.544 0.0000000000
54096  -38.227  -17.595  41.996 0.0000000000
56195  -37.878  -16.413  42.072 0.0000000000
56189  -38.454  -16.097  42.750 0.0000000000
57164  -37.958  -15.064  44.604 0.0000000000
44812  -30.678  -26.420  52.148 0.0000000000
44826  -31.289  -26.935  51.893 0.0000000000
43865  -33.048  -26.828  45.208 0.0000000000
42803  -32.714  -27.193  45.532 0.0000000000
68992  -52.006  -1.922  27.213 0.0000000000
69952  -51.771  -1.717  26.834 0.0000000000
69940  -52.178  -1.124  27.221 0.0000000000
70868  -53.254  0.026  28.095 0.0000000000
70877  -52.213  -0.109  27.212 0.0000000000
71869  -52.900  0.436  27.683 0.0000000000
71868  -52.496  0.899  27.207 0.0000000000
122361  -53.242  1.339  27.658 0.0000000000
47586  -5.868  -25.482  50.847 0.0000000000
47592  -5.969  -25.654  50.195 0.0000000000
46668  -5.581  -25.995  50.579 0.0000000000
44841  -4.872  -26.999  50.562 0.0000000000
44848  -4.962  -26.931  49.670 0.0000000000
43817  -5.141  -28.456  49.681 0.0000000000
63216  -48.062  -8.534  36.601 0.0000000000
62291  -47.487  -8.703  37.352 0.0000000000
119573  -43.316  -11.743  35.348 0.0000000000
60349  -44.244  -10.971  35.363 0.0000000000
60361  -44.112  -11.023  34.177 0.0000000000
61357  -44.384  -10.517  33.406 0.0000000000
122581  -45.164  -8.984  35.461 0.0000000000
62307  -45.914  -8.583  35.817 0.0000000000
63220  -46.652  -8.346  35.364 0.0000000000
45734  -15.685  -25.998  51.107 0.0000000000
46669  -15.612  -25.626  49.463 0.0000000000
45760  -14.820  -25.813  49.748 0.0000000000
45759  -13.943  -26.066  49.097 0.0000000000
45758  -13.132  -26.666  48.606 0.0000000000
45767  -13.804  -26.328  48.033 0.0000000000
39936  -19.678  -32.701  47.714 0.0000000000
38920  -19.231  -33.265  47.346 0.0000000000
117154  -9.702  -21.771  45.841 0.0000000000
48560  -8.687  -23.181  45.165 0.0000000000
49446  -8.653  -22.781  45.135 0.0000000000
130711  -8.470  -23.028  44.291 0.0000000000
135656  -8.070  -23.153  43.493 0.0000000000
41932  -6.797  -30.910  38.176 0.0000000000
117296  -7.166  -30.597  38.691 0.0000000000
41974  -7.151  -30.888  36.933 0.0000000000
41986  -7.331  -30.728  36.597 0.0000000000
119898  -7.456  -30.354  37.012 0.0000000000
41993  -7.574  -30.471  36.313 0.0000000000
41015  -8.024  -31.086  36.058 0.0000000000
44760  -9.768  -27.144  57.805 0.0000000000
44759  -8.903  -26.904  57.599 0.0000000000
36736  -7.266  -34.955  54.518 0.0000000000
37849  -6.936  -34.352  54.570 0.0000000000
125030  -6.812  -34.849  54.118 0.0000000000
36759  -6.745  -35.000  52.727 0.0000000000
37857  -6.606  -34.420  53.648 0.0000000000
124215  -6.640  -33.948  52.642 0.0000000000
137918  -6.745  -34.498  52.171 0.0000000000
132986  -6.803  -34.026  51.692 0.0000000000
117057  -7.719  -36.519  49.495 0.0000000000
35785  -7.555  -36.833  48.426 0.0000000000
129453  -7.189  -37.480  48.134 0.0000000000
49482  -42.852  -22.714  39.030 0.0000000000
49475  -43.362  -22.771  39.964 0.0000000000
121026  -43.739  -23.963  42.013 0.0000000000
47669  -43.397  -23.878  41.365 0.0000000000
48579  -43.964  -23.284  41.672 0.0000000000
51252  -43.271  -20.935  42.776 0.0000000000
50357  -43.801  -21.345  42.232 0.0000000000
51262  -43.185  -21.000  41.898 0.0000000000
51274  -42.982  -21.089  40.997 0.0000000000
51251  -42.582  -20.746  42.503 0.0000000000
52172  -41.831  -20.537  42.288 0.0000000000
52155  -41.999  -20.482  43.124 0.0000000000
53103  -41.604  -19.562  44.541 0.0000000000
116846  -38.978  -26.108  42.074 0.0000000000
42773  -36.184  -29.092  49.602 0.0000000000
41815  -36.023  -29.110  49.096 0.0000000000
42783  -36.469  -28.969  48.633 0.0000000000
43857  -38.532  -28.257  47.270 0.0000000000
44897  -36.521  -27.247  45.790 0.0000000000
134251  -36.188  -27.724  46.151 0.0000000000
42799  -35.625  -28.280  46.840 0.0000000000
43861  -35.482  -27.638  46.436 0.0000000000
43860  -34.574  -27.159  46.458 0.0000000000
43867  -34.949  -26.822  46.187 0.0000000000
44916  -33.976  -25.890  45.102 0.0000000000
65167  -51.321  -6.212  27.288 0.0000000000
66105  -51.121  -5.734  25.943 0.0000000000
66087  -51.682  -5.699  27.145 0.0000000000
67093  -51.891  -3.876  27.010 0.0000000000
68064  -51.792  -3.097  26.998 0.0000000000
68065  -51.979  -2.581  27.349 0.0000000000
68057  -52.293  -2.731  27.950 0.0000000000
68043  -53.397  -2.865  30.190 0.0000000000
68052  -53.030  -2.472  29.327 0.0000000000
68966  -53.567  -2.022  29.839 0.0000000000
60303  -45.020  -11.002  39.539 0.0000000000
60304  -45.643  -10.630  40.036 0.0000000000
59163  -45.323  -11.180  40.322 0.0000000000
59138  -45.465  -11.873  41.661 0.0000000000
138349  -45.989  -11.237  41.620 0.0000000000
58109  -44.361  -12.879  42.693 0.0000000000
60314  -40.232  -9.846  37.765 0.0000000000
60315  -41.121  -10.116  38.288 0.0000000000
59197  -42.194  -11.386  36.300 0.0000000000
59189  -42.849  -11.694  37.063 0.0000000000
59177  -44.001  -11.730  38.839 0.0000000000
59191  -44.142  -11.565  37.938 0.0000000000
59178  -44.431  -11.350  38.844 0.0000000000
59192  -44.242  -11.362  37.995 0.0000000000
39962  -24.413  -30.155  44.091 0.0000000000
39967  -24.557  -30.264  43.341 0.0000000000
39036  -23.319  -31.728  42.626 0.0000000000
129413  -7.056  -18.672  40.929 0.0000000000
52163  -6.397  -19.353  40.465 0.0000000000
51269  -5.505  -20.917  40.168 0.0000000000
51258  -5.729  -21.276  40.825 0.0000000000
45797  -8.104  -26.648  46.198 0.0000000000
43878  -7.093  -29.162  43.035 0.0000000000
43879  -7.746  -28.756  42.518 0.0000000000
42835  -6.864  -29.829  41.882 0.0000000000
40914  -6.735  -31.468  42.389 0.0000000000
120087  -6.617  -31.985  41.787 0.0000000000
40013  -6.319  -32.355  40.448 0.0000000000
40939  -6.049  -31.785  40.698 0.0000000000
42850  -6.527  -30.530  40.988 0.0000000000
121223  -6.055  -31.364  40.052 0.0000000000
40954  -6.175  -31.751  39.297 0.0000000000
38048  -8.080  -32.978  37.773 0.0000000000
39126  -7.155  -32.867  37.463 0.0000000000
35914  -11.230  -35.868  36.536 0.0000000000
35913  -10.689  -35.572  36.105 0.0000000000
35926  -10.731  -36.495  36.000 0.0000000000
43773  -9.381  -28.056  54.658 0.0000000000
42713  -9.247  -29.103  54.278 0.0000000000
40837  -9.254  -31.450  55.618 0.0000000000
41760  -9.122  -30.546  55.399 0.0000000000
40832  -8.638  -31.633  55.733 0.0000000000
39898  -9.003  -32.266  55.662 0.0000000000
39900  -10.600  -32.845  54.914 0.0000000000
38864  -10.479  -33.692  54.981 0.0000000000
35716  -9.479  -35.629  55.068 0.0000000000
36721  -9.499  -34.981  55.285 0.0000000000
122205  -8.907  -34.611  55.331 0.0000000000
136142  -8.781  -34.063  55.440 0.0000000000
36720  -8.627  -34.855  55.181 0.0000000000
36728  -8.446  -35.180  54.935 0.0000000000
35723  -8.853  -35.721  54.670 0.0000000000
33600  -8.967  -37.709  52.989 0.0000000000
33591  -8.680  -37.032  53.569 0.0000000000
33599  -8.442  -37.661  52.807 0.0000000000
33598  -7.938  -37.464  52.560 0.0000000000
60233  -38.178  -11.120  43.374 0.0000000000
52183  -40.091  -19.963  40.900 0.0000000000
52192  -39.985  -20.072  39.930 0.0000000000
58123  -36.328  -14.001  41.512 0.0000000000
58122  -35.816  -13.418  40.939 0.0000000000
60232  -37.389  -11.329  43.702 0.0000000000
117811  -36.730  -11.529  43.109 0.0000000000
42731  -28.033  -27.582  50.211 0.0000000000
43796  -27.451  -27.004  50.257 0.0000000000
42748  -27.706  -27.726  49.611 0.0000000000
42747  -27.336  -27.673  49.198 0.0000000000
42769  -27.383  -27.957  48.941 0.0000000000
41811  -33.206  -28.298  49.062 0.0000000000
41789  -33.386  -28.703  50.332 0.0000000000
42753  -32.746  -28.185  50.042 0.0000000000
42752  -31.946  -27.755  49.689 0.0000000000
41795  -31.619  -27.840  48.880 0.0000000000
42795  -32.308  -27.464  45.962 0.0000000000
41845  -32.203  -27.894  47.213 0.0000000000
41854  -31.832  -27.750  46.419 0.0000000000
117306  -30.851  -27.953  47.240 0.0000000000
41836  -30.344  -27.959  47.655 0.0000000000
41827  -30.706  -28.052  47.992 0.0000000000
41826  -29.784  -28.084  47.992 0.0000000000
118737  -29.209  -28.211  48.387 0.0000000000
41835  -29.444  -28.096  47.476 0.0000000000
40891  -27.655  -28.900  45.339 0.0000000000
129336  -28.114  -28.548  46.335 0.0000000000
40887  -27.238  -28.654  46.108 0.0000000000
119460  -26.628  -29.020  45.664 0.0000000000
131476  -25.911  -29.644  44.372 0.0000000000
40897  -26.912  -30.187  44.264 0.0000000000
40929  -26.877  -30.424  41.749 0.0000000000
40915  -26.314  -30.781  42.151 0.0000000000
72826  -53.569  2.184  27.582 0.0000000000
73811  -53.811  3.043  27.393 0.0000000000
75778  -54.590  4.372  26.395 0.0000000000
50282  -9.595  -22.143  48.540 0.0000000000
130703  -8.456  -22.083  47.918 0.0000000000
50306  -8.088  -22.118  47.400 0.0000000000
50293  -8.240  -22.306  48.005 0.0000000000
49389  -8.224  -23.155  50.412 0.0000000000
48545  -7.864  -24.012  48.616 0.0000000000
135825  -8.031  -23.106  47.950 0.0000000000
47612  -7.760  -24.422  48.267 0.0000000000
45774  -6.381  -26.811  47.940 0.0000000000
45783  -6.759  -26.996  47.246 0.0000000000
125736  -6.334  -27.873  47.014 0.0000000000
45764  -5.818  -26.603  48.880 0.0000000000
44856  -5.686  -27.100  48.277 0.0000000000
121887  -6.095  -29.725  46.806 0.0000000000
125788  -6.217  -29.057  46.295 0.0000000000
121127  -6.323  -30.718  44.921 0.0000000000
41849  -6.288  -30.700  45.556 0.0000000000
39943  -6.754  -31.862  46.194 0.0000000000
39951  -6.945  -31.910  45.191 0.0000000000
38950  -7.613  -32.367  45.243 0.0000000000
38980  -9.285  -33.096  44.494 0.0000000000
121709  -8.749  -32.827  45.308 0.0000000000
63243  -50.686  -8.525  33.335 0.0000000000
63231  -50.345  -8.893  33.906 0.0000000000
118215  -40.929  -11.952  45.071 0.0000000000
61363  -45.143  -10.521  32.172 0.0000000000
60390  -45.640  -11.035  31.828 0.0000000000
61370  -45.303  -9.698  32.136 0.0000000000
63255  -46.218  -8.368  31.912 0.0000000000
62334  -45.730  -9.206  31.496 0.0000000000
62341  -46.112  -9.045  30.680 0.0000000000
63262  -46.814  -8.181  30.565 0.0000000000
137013  -46.924  -7.754  31.579 0.0000000000
63252  -49.280  -7.985  32.747 0.0000000000
44798  -10.698  -27.547  53.053 0.0000000000
43794  -10.673  -28.394  51.932 0.0000000000
138379  -13.479  -26.060  51.631 0.0000000000
45717  -13.003  -26.153  51.968 0.0000000000
45732  -12.978  -26.179  51.176 0.0000000000
43808  -11.795  -28.913  50.737 0.0000000000
42726  -11.364  -29.297  51.418 0.0000000000
42720  -11.032  -29.731  52.126 0.0000000000
41771  -12.052  -31.275  52.997 0.0000000000
41776  -12.413  -30.733  52.375 0.0000000000
41778  -14.363  -31.174  51.806 0.0000000000
40850  -13.766  -31.704  52.136 0.0000000000
40848  -14.799  -32.194  51.529 0.0000000000
37859  -14.629  -33.250  51.265 0.0000000000
38878  -14.999  -32.940  51.120 0.0000000000
135515  -23.843  -30.115  45.507 0.0000000000
41822  -24.628  -28.747  46.862 0.0000000000
40870  -23.979  -29.238  46.179 0.0000000000
126462  -22.828  -28.495  46.113 0.0000000000
141183  -22.973  -27.454  46.344 0.0000000000
43850  -22.227  -27.378  46.351 0.0000000000
45792  -22.612  -26.166  45.963 0.0000000000
44888  -22.159  -26.901  46.456 0.0000000000
39933  -21.546  -30.448  46.886 0.0000000000
129842  -20.606  -29.471  46.888 0.0000000000
44885  -19.530  -27.287  46.139 0.0000000000
126933  -20.167  -27.653  46.578 0.0000000000
45789  -19.878  -26.770  45.444 0.0000000000
45816  -20.616  -25.852  44.455 0.0000000000
45815  -19.891  -25.875  44.470 0.0000000000
138714  -20.075  -24.360  45.002 0.0000000000
47643  -19.198  -24.797  44.797 0.0000000000
46724  -17.143  -25.180  45.464 0.0000000000
47633  -17.780  -24.696  45.684 0.0000000000
46716  -17.087  -24.812  46.035 0.0000000000
47604  -17.945  -24.828  47.563 0.0000000000
46707  -16.957  -24.989  47.018 0.0000000000
117934  -16.482  -25.302  48.120 0.0000000000
46706  -15.936  -25.356  46.929 0.0000000000
44867  -14.891  -27.756  46.588 0.0000000000
44880  -14.600  -27.103  46.482 0.0000000000
43843  -14.585  -28.235  47.308 0.0000000000
43842  -13.777  -28.164  47.601 0.0000000000
43832  -14.443  -28.514  48.188 0.0000000000
40863  -17.733  -31.583  48.805 0.0000000000
129989  -17.147  -29.987  48.664 0.0000000000
41801  -17.279  -31.139  49.137 0.0000000000
38897  -17.504  -32.983  50.720 0.0000000000
41793  -16.854  -31.111  49.767 0.0000000000
41792  -16.421  -30.927  50.202 0.0000000000
41791  -15.808  -30.593  50.591 0.0000000000
41786  -15.480  -31.062  51.142 0.0000000000
40855  -16.375  -32.450  50.722 0.0000000000
53087  -12.343  -18.863  44.671 0.0000000000
53086  -11.771  -18.378  44.375 0.0000000000
141086  -11.494  -18.581  43.645 0.0000000000
52141  -11.338  -19.196  43.034 0.0000000000
50338  -11.138  -21.319  44.169 0.0000000000
141049  -10.348  -21.492  44.011 0.0000000000
51232  -9.183  -21.176  42.564 0.0000000000
51246  -9.731  -20.213  41.960 0.0000000000
51245  -8.642  -20.528  41.695 0.0000000000
125947  -5.867  -22.721  41.392 0.0000000000
50365  -6.411  -21.703  41.625 0.0000000000
49462  -5.246  -22.535  40.980 0.0000000000
48582  -5.800  -23.192  40.458 0.0000000000
45812  -9.344  -26.248  44.553 0.0000000000
45813  -9.636  -25.889  43.831 0.0000000000
45838  -9.843  -26.464  42.289 0.0000000000
46748  -9.618  -25.767  42.367 0.0000000000
46736  -8.530  -24.477  42.682 0.0000000000
46762  -9.336  -25.685  41.470 0.0000000000
116513  -8.371  -29.029  39.269 0.0000000000
43904  -8.832  -28.596  39.646 0.0000000000
135821  -8.449  -25.243  39.813 0.0000000000
46774  -8.633  -25.281  40.633 0.0000000000
124407  -7.821  -24.692  40.424 0.0000000000
46759  -7.425  -24.284  40.794 0.0000000000
46773  -7.844  -24.805  39.546 0.0000000000
136551  -8.019  -25.203  37.945 0.0000000000
46771  -7.125  -24.120  39.758 0.0000000000
46798  -7.209  -24.135  39.258 0.0000000000
47703  -7.601  -24.298  38.353 0.0000000000
46808  -8.043  -25.195  37.541 0.0000000000
45694  -4.813  -26.434  55.567 0.0000000000
43764  -8.658  -28.259  55.377 0.0000000000
43763  -7.906  -28.605  55.746 0.0000000000
42705  -6.819  -29.723  55.836 0.0000000000
43752  -6.407  -28.799  55.954 0.0000000000
39908  -6.185  -32.856  54.914 0.0000000000
39902  -6.029  -32.023  54.937 0.0000000000
41762  -5.606  -30.352  55.249 0.0000000000
42709  -5.547  -29.520  55.491 0.0000000000
42703  -5.649  -29.447  55.575 0.0000000000
43750  -5.429  -28.784  55.750 0.0000000000
43762  -5.303  -28.836  55.562 0.0000000000
43780  -5.381  -28.751  53.814 0.0000000000
43771  -5.193  -27.993  54.139 0.0000000000
44797  -4.967  -27.303  53.564 0.0000000000
43779  -5.256  -28.039  53.032 0.0000000000
43782  -4.955  -27.905  51.958 0.0000000000
43783  -5.241  -28.749  52.278 0.0000000000
133238  -6.024  -30.669  50.656 0.0000000000
42739  -5.284  -29.401  50.886 0.0000000000
135185  -6.129  -30.639  49.878 0.0000000000
38901  -7.455  -33.913  50.295 0.0000000000
134217  -6.813  -32.547  50.651 0.0000000000
38909  -8.439  -33.434  48.763 0.0000000000
39929  -7.930  -32.538  49.033 0.0000000000
39935  -8.111  -32.556  47.940 0.0000000000
39934  -7.028  -31.938  47.232 0.0000000000
38929  -8.318  -33.080  47.252 0.0000000000
36832  -8.797  -35.022  46.000 0.0000000000
36847  -9.386  -34.947  45.236 0.0000000000
36848  -10.069  -34.126  44.937 0.0000000000
30472  -6.953  -40.879  48.072 0.0000000000
119496  -7.116  -41.267  48.566 0.0000000000
127954  -7.407  -40.204  49.623 0.0000000000
32580  -6.938  -39.815  48.184 0.0000000000
124145  -6.123  -39.895  46.059 0.0000000000
33671  -6.321  -39.165  47.209 0.0000000000
32605  -6.070  -39.165  46.498 0.0000000000
118067  -6.204  -38.435  46.767 0.0000000000
133617  -6.073  -38.507  46.108 0.0000000000
33717  -6.630  -38.277  44.678 0.0000000000
34755  -6.937  -38.139  43.941 0.0000000000
34744  -7.306  -37.412  44.242 0.0000000000
34756  -7.456  -37.660  43.501 0.0000000000
34767  -7.680  -37.845  42.601 0.0000000000
34778  -8.290  -37.595  41.727 0.0000000000
35862  -8.936  -36.764  41.983 0.0000000000
34779  -9.152  -37.117  41.282 0.0000000000
48562  -43.042  -23.519  45.560 0.0000000000
49443  -43.180  -22.946  46.362 0.0000000000
48558  -42.723  -23.677  46.735 0.0000000000
48552  -42.319  -23.530  47.573 0.0000000000
45824  -42.525  -26.002  44.148 0.0000000000
46735  -43.236  -24.905  43.895 0.0000000000
47647  -42.778  -24.937  44.536 0.0000000000
47639  -42.921  -23.923  45.150 0.0000000000
44909  -40.780  -27.025  44.819 0.0000000000
136541  -42.098  -26.447  44.089 0.0000000000
44877  -40.392  -27.189  47.263 0.0000000000
44878  -40.942  -26.837  46.894 0.0000000000
44901  -40.824  -27.248  45.757 0.0000000000
46701  -41.583  -25.618  47.762 0.0000000000
64211  -52.391  -6.902  31.737 0.0000000000
64217  -48.337  -6.804  30.748 0.0000000000
64226  -48.408  -6.801  29.835 0.0000000000
64218  -49.074  -6.417  30.482 0.0000000000
65145  -49.853  -6.115  30.189 0.0000000000
65152  -49.930  -6.172  29.302 0.0000000000
125315  -50.559  -6.039  29.066 0.0000000000
65153  -50.680  -5.966  29.871 0.0000000000
65147  -51.276  -6.212  30.644 0.0000000000
60255  -41.685  -11.166  41.879 0.0000000000
120162  -42.338  -11.655  42.166 0.0000000000
131892  -41.658  -11.606  42.517 0.0000000000
59078  -41.747  -12.351  44.849 0.0000000000
61284  -38.078  -10.697  41.493 0.0000000000
136222  -38.938  -10.342  41.277 0.0000000000
61285  -39.457  -10.094  40.705 0.0000000000
60273  -40.799  -10.835  41.479 0.0000000000
39003  -8.443  -32.927  43.516 0.0000000000
39024  -9.234  -33.137  42.775 0.0000000000
39057  -9.951  -33.281  42.053 0.0000000000
37987  -11.233  -34.473  40.607 0.0000000000
35878  -11.106  -36.107  40.271 0.0000000000
38872  -13.204  -33.339  52.148 0.0000000000
37851  -12.618  -33.779  52.674 0.0000000000
36749  -12.918  -34.148  52.319 0.0000000000
35764  -12.406  -35.838  50.910 0.0000000000
136123  -40.287  -18.696  43.941 0.0000000000
55045  -39.645  -17.345  44.018 0.0000000000
55044  -39.041  -16.716  43.454 0.0000000000
56182  -38.914  -15.913  43.694 0.0000000000
56165  -38.701  -15.297  45.159 0.0000000000
44814  -32.438  -27.002  53.055 0.0000000000
44914  -32.095  -26.875  43.650 0.0000000000
69931  -53.108  -0.803  28.078 0.0000000000
133273  -53.533  -0.317  28.487 0.0000000000
119553  -54.914  0.501  29.385 0.0000000000
46660  -5.500  -25.878  51.388 0.0000000000
44831  -4.920  -27.097  51.519 0.0000000000
135108  -47.034  -9.035  37.956 0.0000000000
59213  -43.642  -11.588  35.480 0.0000000000
122089  -44.254  -11.095  36.305 0.0000000000
134551  -44.440  -10.247  35.416 0.0000000000
61344  -44.733  -9.636  35.988 0.0000000000
45750  -16.345  -25.868  50.625 0.0000000000
46670  -16.222  -25.642  49.992 0.0000000000
117766  -15.665  -25.518  48.593 0.0000000000
45753  -26.373  -26.327  49.708 0.0000000000
51277  -5.752  -20.782  39.916 0.0000000000
51284  -6.336  -20.846  39.592 0.0000000000
50307  -8.484  -21.953  46.688 0.0000000000
50320  -8.593  -22.383  45.997 0.0000000000
49436  -8.480  -22.658  46.218 0.0000000000
40068  -6.839  -32.033  36.790 0.0000000000
40995  -6.786  -31.351  36.984 0.0000000000
40081  -7.253  -31.911  36.495 0.0000000000
134100  -8.037  -31.650  36.220 0.0000000000
117159  -10.255  -27.289  56.984 0.0000000000
44770  -9.280  -27.167  56.726 0.0000000000
35738  -7.277  -35.949  53.340 0.0000000000
35753  -7.363  -36.328  52.543 0.0000000000
36767  -7.081  -35.715  52.187 0.0000000000
117107  -7.369  -35.843  51.287 0.0000000000
122243  -7.627  -37.107  49.897 0.0000000000
131416  -43.917  -22.349  43.382 0.0000000000
49454  -44.105  -22.391  42.810 0.0000000000
121313  -43.924  -21.772  43.223 0.0000000000
51243  -43.728  -21.258  43.079 0.0000000000
51242  -43.053  -20.950  43.521 0.0000000000
52145  -42.090  -20.315  43.881 0.0000000000
53094  -42.097  -20.086  44.597 0.0000000000
45855  -39.845  -26.213  41.827 0.0000000000
124893  -38.222  -27.345  46.040 0.0000000000
44889  -37.862  -28.003  46.536 0.0000000000
44898  -37.417  -27.297  45.875 0.0000000000
130909  -36.204  -26.655  45.481 0.0000000000
44907  -35.137  -26.356  45.609 0.0000000000
45817  -35.676  -25.956  45.166 0.0000000000
68032  -53.898  -3.305  30.978 0.0000000000
66080  -51.942  -5.338  28.611 0.0000000000
66088  -51.974  -5.125  27.740 0.0000000000
132263  -52.185  -4.485  28.335 0.0000000000
67089  -52.285  -3.562  28.173 0.0000000000
68042  -52.836  -3.254  29.705 0.0000000000
117356  -44.837  -11.518  40.297 0.0000000000
131426  -45.269  -12.364  42.223 0.0000000000
60316  -42.054  -10.484  38.744 0.0000000000
59174  -42.446  -11.168  38.289 0.0000000000
126273  -42.814  -11.598  37.834 0.0000000000
59190  -43.317  -11.767  37.772 0.0000000000
59176  -43.477  -11.746  38.694 0.0000000000
40003  -24.976  -31.939  41.460 0.0000000000
53119  -7.510  -18.214  41.359 0.0000000000
131051  -8.007  -18.749  41.212 0.0000000000
51259  -7.698  -20.268  41.317 0.0000000000
44904  -7.263  -28.249  45.149 0.0000000000
43864  -7.060  -28.805  44.749 0.0000000000
43870  -7.095  -29.119  43.922 0.0000000000
42809  -6.896  -29.482  43.463 0.0000000000
37983  -7.301  -33.111  40.866 0.0000000000
39081  -7.065  -32.960  40.646 0.0000000000
39097  -7.064  -32.946  39.767 0.0000000000
39096  -6.748  -32.828  39.408 0.0000000000
130927  -7.002  -33.092  38.870 0.0000000000
131118  -7.440  -33.052  38.415 0.0000000000
36971  -9.594  -33.897  36.798 0.0000000000
36972  -10.360  -34.680  36.198 0.0000000000
41768  -9.783  -29.861  53.884 0.0000000000
41761  -9.818  -31.041  55.124 0.0000000000
40838  -10.004  -31.916  55.282 0.0000000000
35727  -10.749  -35.945  54.560 0.0000000000
36723  -10.487  -34.817  55.082 0.0000000000
35726  -10.104  -36.126  54.997 0.0000000000
35725  -9.811  -36.122  54.969 0.0000000000
34644  -9.683  -36.293  54.704 0.0000000000
34643  -9.194  -36.160  54.511 0.0000000000
34653  -9.390  -36.497  54.268 0.0000000000
32523  -9.315  -37.601  53.018 0.0000000000
60210  -37.291  -11.446  44.524 0.0000000000
60189  -38.008  -11.141  45.234 0.0000000000
139353  -37.130  -11.577  45.216 0.0000000000
53138  -38.637  -18.683  41.014 0.0000000000
57172  -36.416  -14.367  43.850 0.0000000000
136411  -36.133  -13.994  43.240 0.0000000000
123594  -35.782  -13.296  43.062 0.0000000000
140795  -35.718  -12.583  43.412 0.0000000000
59119  -35.720  -12.400  42.500 0.0000000000
60231  -36.577  -11.707  43.937 0.0000000000
44837  -28.137  -27.018  51.200 0.0000000000
43798  -28.252  -27.324  50.815 0.0000000000
123268  -28.131  -27.883  49.736 0.0000000000
41798  -34.979  -29.421  50.032 0.0000000000
42754  -33.951  -29.117  50.463 0.0000000000
117958  -34.222  -28.916  49.255 0.0000000000
118758  -33.589  -28.479  48.886 0.0000000000
117307  -33.161  -28.195  48.358 0.0000000000
41860  -30.601  -27.911  45.079 0.0000000000
41853  -31.045  -28.001  45.971 0.0000000000
41852  -29.792  -28.198  45.498 0.0000000000
41843  -29.522  -28.310  46.050 0.0000000000
117458  -29.086  -28.309  46.683 0.0000000000
41850  -28.425  -28.891  44.608 0.0000000000
40898  -27.800  -29.683  44.513 0.0000000000
40905  -27.005  -30.423  43.413 0.0000000000
41880  -27.437  -29.907  42.261 0.0000000000
71884  -51.424  0.694  26.358 0.0000000000
49399  -7.817  -23.536  49.844 0.0000000000
50268  -8.342  -22.876  49.228 0.0000000000
48536  -7.615  -24.273  49.174 0.0000000000
46703  -7.064  -25.411  48.560 0.0000000000
43828  -5.372  -28.271  48.697 0.0000000000
118194  -5.461  -27.673  48.069 0.0000000000
134341  -5.748  -28.415  47.696 0.0000000000
42786  -5.968  -29.277  47.509 0.0000000000
41841  -6.313  -30.553  46.415 0.0000000000
141160  -6.510  -31.046  46.523 0.0000000000
62320  -49.773  -8.975  34.334 0.0000000000
62309  -50.017  -9.259  35.184 0.0000000000
63248  -45.469  -8.643  32.972 0.0000000000
63249  -46.147  -8.281  32.667 0.0000000000
126620  -46.879  -7.890  32.395 0.0000000000
63250  -47.525  -7.599  32.253 0.0000000000
63251  -47.739  -7.944  32.880 0.0000000000
124297  -48.682  -8.166  33.234 0.0000000000
45701  -12.294  -26.579  52.396 0.0000000000
45746  -12.597  -27.228  49.734 0.0000000000
44843  -12.110  -27.789  50.109 0.0000000000
42727  -12.123  -29.553  51.102 0.0000000000
41783  -12.665  -30.253  51.666 0.0000000000
42728  -12.990  -29.808  50.958 0.0000000000
41784  -13.620  -30.534  51.643 0.0000000000
41785  -14.444  -30.544  51.441 0.0000000000
38938  -23.003  -31.139  45.107 0.0000000000
40878  -23.305  -29.994  45.959 0.0000000000
39940  -22.934  -30.553  45.635 0.0000000000
140423  -22.822  -30.212  46.101 0.0000000000
42780  -21.779  -28.398  46.190 0.0000000000
41818  -20.067  -30.021  47.359 0.0000000000
138895  -19.540  -29.002  46.995 0.0000000000
44871  -19.246  -27.987  46.813 0.0000000000
45788  -18.943  -26.724  45.351 0.0000000000
45801  -18.580  -26.006  44.800 0.0000000000
45787  -17.847  -26.531  45.297 0.0000000000
45800  -17.121  -25.864  45.261 0.0000000000
45799  -16.424  -25.802  45.587 0.0000000000
46714  -15.773  -25.856  45.807 0.0000000000
44882  -16.215  -27.236  45.891 0.0000000000
44868  -15.915  -27.821  46.488 0.0000000000
121520  -16.488  -28.742  48.139 0.0000000000
39924  -17.506  -32.158  49.491 0.0000000000
132772  -16.951  -33.996  50.179 0.0000000000
38896  -17.105  -33.512  50.868 0.0000000000
51225  -12.269  -20.150  44.070 0.0000000000
116635  -8.369  -22.355  43.707 0.0000000000
117046  -8.978  -21.792  43.609 0.0000000000
126457  -7.740  -22.123  42.754 0.0000000000
50355  -7.302  -21.646  42.055 0.0000000000
50347  -7.064  -22.368  42.303 0.0000000000
48569  -6.523  -23.045  41.620 0.0000000000
47664  -6.391  -23.499  40.751 0.0000000000
44912  -9.261  -27.552  43.471 0.0000000000
44919  -9.377  -27.617  42.478 0.0000000000
44926  -9.424  -27.561  41.383 0.0000000000
43929  -8.371  -29.392  38.181 0.0000000000
43931  -8.893  -28.403  38.420 0.0000000000
44950  -8.926  -28.187  37.815 0.0000000000
45891  -8.735  -26.458  38.131 0.0000000000
46786  -8.216  -25.431  38.632 0.0000000000
45890  -8.275  -25.875  37.854 0.0000000000
45922  -8.071  -25.984  36.666 0.0000000000
41756  -8.037  -30.810  55.792 0.0000000000
41755  -7.399  -30.588  55.806 0.0000000000
123918  -6.574  -30.442  55.668 0.0000000000
39912  -5.871  -32.904  53.859 0.0000000000
40840  -5.770  -31.750  54.766 0.0000000000
41767  -5.441  -30.231  54.433 0.0000000000
42714  -5.433  -29.514  53.551 0.0000000000
42717  -5.433  -29.499  52.622 0.0000000000
42724  -5.346  -29.454  51.767 0.0000000000
122967  -5.530  -30.058  52.176 0.0000000000
37912  -7.875  -35.253  49.277 0.0000000000
38902  -7.957  -33.580  49.563 0.0000000000
127323  -8.406  -34.282  48.485 0.0000000000
37925  -8.627  -33.949  47.327 0.0000000000
37935  -8.253  -34.932  47.273 0.0000000000
36846  -8.336  -35.805  45.363 0.0000000000
117308  -6.747  -41.775  47.377 0.0000000000
31523  -6.700  -40.468  47.554 0.0000000000
134649  -6.629  -39.790  47.628 0.0000000000
138756  -6.500  -40.796  47.084 0.0000000000
31532  -6.257  -40.747  46.446 0.0000000000
31543  -6.129  -40.619  45.522 0.0000000000
33743  -7.277  -38.565  42.478 0.0000000000
45872  -42.147  -25.549  41.103 0.0000000000
45873  -42.186  -25.132  40.935 0.0000000000
45847  -42.724  -25.116  41.730 0.0000000000
47659  -43.430  -24.596  42.177 0.0000000000
134179  -43.904  -23.993  42.904 0.0000000000
47648  -43.446  -24.112  43.851 0.0000000000
48568  -43.737  -23.448  43.596 0.0000000000
129809  -43.762  -22.760  43.827 0.0000000000
49451  -43.722  -21.985  43.974 0.0000000000
51223  -43.112  -21.186  44.819 0.0000000000
46734  -37.922  -25.598  44.239 0.0000000000
45832  -38.694  -25.995  43.856 0.0000000000
45822  -40.898  -26.676  43.884 0.0000000000
45834  -40.242  -26.433  43.277 0.0000000000
45843  -40.509  -26.299  42.399 0.0000000000
45857  -41.770  -26.054  41.233 0.0000000000
43858  -39.223  -27.830  47.311 0.0000000000
44891  -39.856  -27.505  46.780 0.0000000000
44899  -38.800  -27.186  45.839 0.0000000000
66069  -53.604  -4.710  31.203 0.0000000000
66062  -53.852  -5.308  31.638 0.0000000000
64233  -48.791  -7.146  28.942 0.0000000000
136238  -48.813  -8.644  26.853 0.0000000000
63294  -49.445  -8.088  26.924 0.0000000000
65175  -50.670  -6.645  26.487 0.0000000000
65154  -51.211  -5.877  29.206 0.0000000000
140240  -51.572  -5.815  28.677 0.0000000000
66073  -52.162  -5.174  29.477 0.0000000000
66074  -52.572  -5.091  30.232 0.0000000000
58139  -43.845  -12.092  41.157 0.0000000000
58125  -43.620  -11.949  41.390 0.0000000000
58107  -43.518  -12.439  42.055 0.0000000000
58095  -43.958  -12.852  43.186 0.0000000000
140553  -43.481  -12.756  43.372 0.0000000000
61291  -36.944  -10.561  39.946 0.0000000000
61312  -37.489  -9.884  38.366 0.0000000000
61322  -38.470  -9.684  37.615 0.0000000000
61314  -39.421  -9.626  38.233 0.0000000000
60302  -42.106  -10.565  39.715 0.0000000000
41857  -6.498  -30.360  44.412 0.0000000000
41868  -6.698  -30.573  43.640 0.0000000000
40903  -6.874  -31.182  43.371 0.0000000000
39975  -6.931  -32.077  42.301 0.0000000000
39023  -7.753  -32.881  42.463 0.0000000000
39055  -7.336  -33.030  41.515 0.0000000000
39054  -7.049  -32.905  41.279 0.0000000000
38001  -8.158  -33.307  40.302 0.0000000000
38018  -8.893  -33.508  39.318 0.0000000000
38038  -9.249  -33.747  38.393 0.0000000000
36954  -9.802  -34.129  37.600 0.0000000000
135449  -10.316  -34.035  38.361 0.0000000000
117816  -11.002  -34.438  37.825 0.0000000000
36968  -11.533  -35.337  37.456 0.0000000000
36932  -11.945  -34.893  39.376 0.0000000000
36956  -12.070  -35.903  38.244 0.0000000000
35915  -11.781  -36.391  37.308 0.0000000000
34822  -11.848  -37.415  37.242 0.0000000000
41770  -11.261  -30.848  53.337 0.0000000000
40842  -11.329  -31.931  54.572 0.0000000000
117261  -11.327  -32.582  54.664 0.0000000000
126676  -11.245  -33.238  54.566 0.0000000000
37844  -11.057  -33.994  54.588 0.0000000000
36740  -12.087  -34.148  53.290 0.0000000000
36739  -11.590  -34.659  53.870 0.0000000000
36738  -11.173  -35.350  54.336 0.0000000000
34647  -10.655  -36.463  53.776 0.0000000000
117976  -36.412  -12.457  46.385 0.0000000000
58076  -36.111  -13.329  46.425 0.0000000000
51260  -41.474  -20.552  41.396 0.0000000000
51272  -41.414  -20.586  40.430 0.0000000000
52184  -40.831  -20.372  40.933 0.0000000000
119526  -40.610  -20.178  41.649 0.0000000000
52171  -39.796  -19.688  41.817 0.0000000000
53125  -38.963  -18.961  41.826 0.0000000000
124309  -38.344  -18.010  41.619 0.0000000000
55075  -37.760  -17.172  41.374 0.0000000000
56208  -37.535  -16.507  41.386 0.0000000000
56188  -37.785  -15.787  42.107 0.0000000000
57174  -37.962  -15.130  43.031 0.0000000000
56181  -38.441  -15.585  43.105 0.0000000000
126651  -37.764  -14.967  43.815 0.0000000000
57173  -37.237  -14.717  43.426 0.0000000000
57162  -36.445  -14.496  44.717 0.0000000000
44825  -30.591  -26.536  51.721 0.0000000000
42797  -34.133  -27.475  46.723 0.0000000000
41856  -33.656  -27.761  47.100 0.0000000000
42796  -33.189  -27.379  46.375 0.0000000000
42802  -31.919  -27.455  45.083 0.0000000000
43873  -31.797  -27.090  43.993 0.0000000000
42812  -31.419  -27.343  44.320 0.0000000000
42801  -31.009  -27.650  44.656 0.0000000000
42810  -29.411  -27.972  43.722 0.0000000000
41883  -28.870  -28.591  43.586 0.0000000000
42823  -28.680  -28.599  43.115 0.0000000000
70888  -51.340  -0.732  26.397 0.0000000000
70876  -51.676  0.018  26.726 0.0000000000
71867  -51.977  0.859  26.745 0.0000000000
72838  -51.787  1.608  26.380 0.0000000000
72825  -52.853  1.788  27.193 0.0000000000
71857  -54.283  1.181  28.510 0.0000000000
122141  -6.419  -24.707  50.666 0.0000000000
139014  -6.218  -25.502  49.959 0.0000000000
46681  -6.133  -25.790  49.679 0.0000000000
44855  -5.340  -26.953  48.941 0.0000000000
45745  -5.277  -26.443  50.197 0.0000000000
41816  -6.231  -30.091  48.532 0.0000000000
63222  -48.659  -8.643  35.815 0.0000000000
62292  -49.071  -8.719  36.660 0.0000000000
62276  -47.850  -8.719  38.107 0.0000000000
59224  -43.465  -11.608  34.731 0.0000000000
59243  -43.270  -11.659  33.840 0.0000000000
130305  -44.633  -10.661  32.617 0.0000000000
61362  -44.811  -10.001  32.791 0.0000000000
130286  -44.613  -9.603  34.947 0.0000000000
126583  -44.981  -8.869  34.325 0.0000000000
63238  -45.344  -8.589  33.637 0.0000000000
63228  -46.375  -8.260  34.441 0.0000000000
45733  -13.905  -25.924  51.117 0.0000000000
116853  -14.847  -25.911  50.682 0.0000000000
45747  -13.171  -26.415  50.245 0.0000000000
136618  -12.962  -26.766  49.382 0.0000000000
44850  -12.721  -27.336  48.913 0.0000000000
43829  -12.802  -27.885  48.662 0.0000000000
39010  -20.970  -33.383  43.145 0.0000000000
132931  -21.136  -33.438  44.863 0.0000000000
133306  -20.792  -33.179  46.063 0.0000000000
38934  -20.664  -32.898  46.660 0.0000000000
39937  -20.413  -32.362  47.271 0.0000000000
116775  -19.842  -31.682  47.702 0.0000000000
41817  -18.932  -30.246  47.645 0.0000000000
42764  -18.259  -30.113  47.774 0.0000000000
40864  -18.375  -31.048  47.955 0.0000000000
39930  -18.547  -32.697  48.460 0.0000000000
50310  -11.806  -21.547  45.957 0.0000000000
134855  -12.165  -21.208  45.119 0.0000000000
117523  -10.269  -21.683  44.934 0.0000000000
50336  -8.934  -22.130  44.641 0.0000000000
50321  -8.877  -21.952  45.917 0.0000000000
50335  -8.703  -22.510  44.904 0.0000000000
42868  -7.379  -29.748  40.332 0.0000000000
133088  -7.929  -29.266  40.128 0.0000000000
42867  -7.397  -30.070  39.694 0.0000000000
43917  -7.898  -29.869  38.942 0.0000000000
41955  -6.981  -30.891  37.418 0.0000000000
42898  -7.410  -30.477  37.806 0.0000000000
43941  -8.404  -29.199  37.289 0.0000000000
125058  -8.337  -28.945  36.879 0.0000000000
44750  -10.303  -27.212  58.708 0.0000000000
44748  -8.675  -26.585  58.180 0.0000000000
44757  -7.203  -26.978  56.659 0.0000000000
37843  -7.391  -33.794  55.210 0.0000000000
38860  -7.283  -32.927  55.413 0.0000000000
130259  -6.798  -33.262  55.148 0.0000000000
38870  -6.520  -33.599  54.633 0.0000000000
36747  -6.874  -35.276  53.515 0.0000000000
38877  -6.280  -33.649  54.121 0.0000000000
38889  -6.578  -33.188  51.843 0.0000000000
129964  -6.246  -32.246  51.886 0.0000000000
117100  -7.496  -34.768  50.368 0.0000000000
36779  -7.384  -35.268  50.753 0.0000000000
125686  -7.765  -36.021  48.930 0.0000000000
36799  -7.591  -36.302  48.010 0.0000000000
35803  -6.816  -36.971  46.775 0.0000000000
50386  -42.823  -22.076  39.098 0.0000000000
51273  -42.842  -21.106  40.099 0.0000000000
46783  -42.551  -24.418  40.999 0.0000000000
48594  -43.213  -23.227  40.338 0.0000000000
49456  -44.172  -22.461  42.071 0.0000000000
49463  -44.069  -22.560  41.250 0.0000000000
49469  -43.764  -22.645  40.525 0.0000000000
130050  -43.482  -21.574  40.471 0.0000000000
131244  -42.175  -20.821  40.703 0.0000000000
53102  -40.953  -19.377  44.113 0.0000000000
55046  -40.429  -17.980  44.536 0.0000000000
138684  -35.042  -29.340  50.349 0.0000000000
41839  -35.135  -28.908  48.297 0.0000000000
41848  -34.861  -28.613  47.696 0.0000000000
42789  -37.487  -28.821  47.818 0.0000000000
43856  -37.158  -28.394  46.752 0.0000000000
42794  -36.928  -28.752  47.195 0.0000000000
42788  -36.541  -28.962  47.885 0.0000000000
42793  -36.065  -28.730  47.178 0.0000000000
42792  -35.319  -28.452  47.241 0.0000000000
42791  -34.566  -28.061  47.251 0.0000000000
43866  -33.991  -26.733  45.921 0.0000000000
140087  -33.607  -26.456  45.374 0.0000000000
66094  -51.847  -4.784  27.054 0.0000000000
119146  -51.337  -3.988  25.894 0.0000000000
68058  -52.681  -2.188  28.484 0.0000000000
68986  -52.906  -1.508  28.227 0.0000000000
69911  -53.858  -1.227  29.456 0.0000000000
61303  -46.053  -9.869  39.674 0.0000000000
60318  -45.307  -10.540  39.473 0.0000000000
59148  -45.597  -11.347  41.062 0.0000000000
58127  -44.164  -12.869  41.872 0.0000000000
123361  -44.728  -12.721  42.437 0.0000000000
59212  -43.186  -11.723  35.902 0.0000000000
118574  -43.681  -11.789  37.382 0.0000000000
60327  -44.517  -10.938  37.936 0.0000000000
40881  -25.597  -29.029  46.547 0.0000000000
139934  -25.057  -29.271  46.389 0.0000000000
40884  -24.910  -29.547  45.924 0.0000000000
39954  -24.221  -30.360  44.938 0.0000000000
38963  -23.869  -30.775  44.355 0.0000000000
39037  -24.138  -31.112  42.923 0.0000000000
39013  -23.388  -31.428  43.381 0.0000000000
38989  -23.366  -31.254  44.075 0.0000000000
38988  -22.755  -31.693  44.370 0.0000000000
39011  -22.512  -32.745  43.334 0.0000000000
39033  -21.661  -33.243  42.535 0.0000000000
122161  -5.276  -21.388  39.974 0.0000000000
135207  -5.054  -21.951  40.047 0.0000000000
46723  -8.856  -24.899  45.963 0.0000000000
44906  -9.019  -27.264  44.412 0.0000000000
44905  -8.023  -27.867  44.914 0.0000000000
44911  -8.383  -28.140  44.020 0.0000000000
44918  -8.599  -28.274  43.020 0.0000000000
120538  -6.702  -30.414  42.889 0.0000000000
42821  -6.719  -30.128  42.433 0.0000000000
40922  -6.338  -31.486  41.517 0.0000000000
42834  -6.634  -30.338  41.702 0.0000000000
42851  -6.835  -30.004  41.082 0.0000000000
127950  -6.833  -30.216  40.367 0.0000000000
41912  -6.457  -31.019  39.211 0.0000000000
40970  -6.383  -31.413  38.526 0.0000000000
39112  -6.703  -32.806  38.609 0.0000000000
39125  -6.792  -32.764  37.677 0.0000000000
39140  -6.919  -32.637  36.964 0.0000000000
39141  -7.340  -32.629  37.136 0.0000000000
42711  -8.994  -29.609  55.109 0.0000000000
41759  -8.379  -30.149  55.624 0.0000000000
39897  -8.170  -32.681  55.551 0.0000000000
40839  -10.764  -32.362  54.924 0.0000000000
40834  -10.065  -32.587  55.208 0.0000000000
39899  -9.485  -32.781  55.422 0.0000000000
38863  -9.989  -33.768  55.297 0.0000000000
130942  -9.671  -33.334  55.347 0.0000000000
39894  -9.280  -33.158  55.457 0.0000000000
38857  -8.751  -32.983  55.526 0.0000000000
38862  -8.397  -33.498  55.476 0.0000000000
137814  -7.841  -33.021  55.480 0.0000000000
37836  -7.986  -34.481  55.198 0.0000000000
36727  -7.828  -35.014  54.815 0.0000000000
36737  -7.706  -35.397  54.441 0.0000000000
34642  -8.618  -36.039  54.341 0.0000000000
34651  -8.334  -36.439  53.942 0.0000000000
35739  -7.754  -36.238  53.688 0.0000000000
34656  -7.657  -36.688  53.023 0.0000000000
33608  -7.856  -37.960  51.789 0.0000000000
60234  -39.782  -11.297  43.697 0.0000000000
60212  -39.639  -11.254  44.578 0.0000000000
131096  -38.848  -10.900  45.633 0.0000000000
51279  -41.254  -20.622  39.712 0.0000000000
51286  -41.434  -20.881  39.043 0.0000000000
52203  -39.903  -20.055  39.181 0.0000000000
126004  -35.753  -11.745  40.923 0.0000000000
60270  -36.319  -11.435  41.645 0.0000000000
60251  -36.159  -11.701  42.445 0.0000000000
131887  -37.012  -11.211  42.298 0.0000000000
60271  -38.043  -11.000  42.421 0.0000000000
45742  -27.567  -26.650  51.248 0.0000000000
44835  -27.094  -26.641  50.522 0.0000000000
44834  -26.732  -26.420  50.343 0.0000000000
43810  -26.754  -27.138  49.008 0.0000000000
42768  -26.859  -28.050  48.391 0.0000000000
41824  -26.097  -28.457  47.423 0.0000000000
44827  -31.987  -27.456  52.356 0.0000000000
42736  -33.410  -28.765  50.941 0.0000000000
42723  -32.679  -28.376  51.345 0.0000000000
43789  -31.779  -27.580  51.615 0.0000000000
133378  -31.617  -27.500  51.121 0.0000000000
43801  -31.017  -27.225  50.799 0.0000000000
42734  -30.404  -27.397  50.148 0.0000000000
41846  -33.143  -27.928  47.547 0.0000000000
41837  -32.649  -28.044  47.871 0.0000000000
117544  -32.196  -28.133  48.034 0.0000000000
118192  -31.338  -27.925  46.831 0.0000000000
41828  -31.722  -28.116  48.094 0.0000000000
41809  -31.132  -28.022  48.260 0.0000000000
42771  -30.487  -27.970  48.784 0.0000000000
42750  -29.894  -27.781  49.489 0.0000000000
42770  -29.486  -28.173  48.858 0.0000000000
133712  -28.779  -28.229  48.860 0.0000000000
41807  -28.327  -28.312  48.450 0.0000000000
41834  -28.518  -28.374  47.247 0.0000000000
116918  -27.958  -28.430  47.743 0.0000000000
133168  -27.442  -28.344  48.063 0.0000000000
40874  -27.118  -28.427  47.364 0.0000000000
40882  -26.392  -28.695  46.761 0.0000000000
40885  -25.825  -29.239  46.049 0.0000000000
40889  -25.863  -29.446  45.188 0.0000000000
39968  -25.136  -29.771  43.789 0.0000000000
131493  -25.282  -30.099  43.105 0.0000000000
40904  -26.199  -30.529  42.965 0.0000000000
39984  -25.513  -30.752  42.572 0.0000000000
73825  -52.595  3.023  26.110 0.0000000000
74829  -53.135  3.768  25.597 0.0000000000
75804  -54.955  5.038  25.047 0.0000000000
50296  -10.318  -21.901  47.620 0.0000000000
50280  -8.572  -22.418  48.496 0.0000000000
49413  -8.306  -22.684  48.481 0.0000000000
49426  -8.128  -22.534  47.947 0.0000000000
48546  -8.044  -23.376  47.699 0.0000000000
47621  -8.194  -23.945  47.240 0.0000000000
46712  -7.877  -25.643  47.297 0.0000000000
45796  -7.226  -27.289  46.505 0.0000000000
44895  -7.094  -28.052  45.970 0.0000000000
43863  -6.823  -28.861  45.353 0.0000000000
128858  -6.122  -26.327  48.946 0.0000000000
45765  -6.073  -26.724  48.444 0.0000000000
119140  -6.103  -27.224  47.794 0.0000000000
43859  -6.498  -28.624  46.208 0.0000000000
126005  -6.550  -29.425  45.317 0.0000000000
39961  -7.140  -31.811  44.373 0.0000000000
39942  -6.608  -31.531  45.488 0.0000000000
38978  -7.230  -32.153  44.295 0.0000000000
37963  -10.691  -33.815  43.767 0.0000000000
64193  -52.059  -8.058  32.983 0.0000000000
63244  -51.211  -8.133  32.749 0.0000000000
131025  -46.035  -11.565  31.171 0.0000000000
60412  -46.452  -11.170  30.538 0.0000000000
125056  -45.877  -9.881  30.964 0.0000000000
61378  -46.313  -10.427  30.665 0.0000000000
61387  -46.891  -10.686  30.086 0.0000000000
61388  -47.200  -10.104  29.686 0.0000000000
61398  -47.495  -10.362  28.736 0.0000000000
62351  -47.521  -9.399  29.292 0.0000000000
130904  -47.322  -8.383  29.707 0.0000000000
64206  -47.723  -7.339  31.804 0.0000000000
64207  -48.400  -7.096  31.634 0.0000000000
42718  -9.861  -28.913  52.854 0.0000000000
42716  -10.013  -29.645  53.087 0.0000000000
41774  -10.685  -30.129  52.789 0.0000000000
44817  -11.521  -27.142  51.834 0.0000000000
44833  -11.792  -27.465  50.966 0.0000000000
44832  -11.184  -27.925  51.430 0.0000000000
42725  -10.696  -29.057  51.827 0.0000000000
40845  -12.198  -31.979  53.171 0.0000000000
131513  -13.118  -30.840  52.159 0.0000000000
40846  -12.968  -32.096  52.480 0.0000000000
134780  -12.995  -32.492  52.391 0.0000000000
37858  -13.550  -33.577  51.810 0.0000000000
36768  -13.683  -34.443  51.056 0.0000000000
42765  -24.470  -27.952  47.426 0.0000000000
44859  -23.946  -27.341  47.620 0.0000000000
41821  -23.712  -28.800  46.294 0.0000000000
43838  -23.803  -27.592  47.074 0.0000000000
44875  -23.406  -27.179  47.318 0.0000000000
46726  -22.580  -25.025  45.192 0.0000000000
39946  -21.931  -31.823  46.157 0.0000000000
41820  -21.657  -29.105  46.491 0.0000000000
43849  -21.147  -27.783  46.380 0.0000000000
44872  -20.765  -27.755  46.563 0.0000000000
44887  -21.362  -26.959  46.203 0.0000000000
45804  -21.300  -26.106  44.792 0.0000000000
138238  -21.703  -25.514  44.675 0.0000000000
47637  -21.702  -24.390  44.996 0.0000000000
47626  -21.212  -24.071  45.660 0.0000000000
47625  -20.172  -24.213  45.642 0.0000000000
47634  -18.615  -24.601  45.261 0.0000000000
47623  -18.472  -24.445  46.151 0.0000000000
117996  -18.774  -24.715  47.958 0.0000000000
140947  -15.110  -25.634  48.137 0.0000000000
46705  -15.098  -25.790  46.734 0.0000000000
45777  -14.573  -26.425  46.665 0.0000000000
45766  -13.269  -26.988  47.748 0.0000000000
43830  -13.180  -28.090  48.222 0.0000000000
42778  -17.539  -29.649  48.088 0.0000000000
42777  -17.030  -29.384  48.487 0.0000000000
43822  -16.204  -29.085  48.883 0.0000000000
40860  -17.273  -31.806  49.552 0.0000000000
42762  -16.652  -29.892  49.244 0.0000000000
42760  -14.842  -29.230  49.665 0.0000000000
42759  -13.810  -29.091  49.587 0.0000000000
42742  -14.411  -29.616  50.324 0.0000000000
118673  -14.937  -30.875  51.474 0.0000000000
38890  -16.650  -33.421  51.533 0.0000000000
38883  -16.493  -33.342  51.400 0.0000000000
38879  -16.300  -33.193  51.410 0.0000000000
53106  -10.517  -18.764  42.433 0.0000000000
50339  -11.983  -20.992  44.389 0.0000000000
51224  -11.610  -20.615  43.666 0.0000000000
50348  -9.867  -21.356  43.404 0.0000000000
51234  -11.192  -20.173  42.983 0.0000000000
51247  -10.593  -19.692  42.397 0.0000000000
52147  -9.882  -19.238  41.871 0.0000000000
50366  -6.985  -20.958  41.498 0.0000000000
131349  -6.291  -20.873  41.092 0.0000000000
49467  -5.038  -22.443  40.413 0.0000000000
49472  -5.333  -22.509  40.039 0.0000000000
47632  -8.799  -24.190  45.760 0.0000000000
47642  -9.132  -24.439  44.969 0.0000000000
47651  -9.001  -24.404  43.741 0.0000000000
47650  -8.244  -24.021  42.961 0.0000000000
47654  -7.868  -24.093  42.053 0.0000000000
44935  -9.581  -27.080  40.456 0.0000000000
44940  -9.101  -27.860  38.594 0.0000000000
45863  -9.448  -26.206  40.670 0.0000000000
46761  -8.410  -24.989  41.404 0.0000000000
46745  -7.604  -24.234  41.319 0.0000000000
47665  -7.083  -23.844  41.003 0.0000000000
139093  -6.969  -23.891  40.180 0.0000000000
47673  -6.513  -23.563  40.241 0.0000000000
138307  -6.119  -23.348  40.153 0.0000000000
48589  -5.855  -23.109  40.037 0.0000000000
48597  -6.547  -23.351  39.557 0.0000000000
48607  -7.101  -23.632  38.892 0.0000000000
48608  -7.688  -23.909  38.065 0.0000000000
47714  -8.375  -25.125  36.408 0.0000000000
46821  -8.200  -25.306  36.546 0.0000000000
134895  -4.661  -25.971  54.145 0.0000000000
44769  -8.595  -27.411  56.238 0.0000000000
44768  -7.850  -27.709  56.153 0.0000000000
44767  -7.087  -27.873  56.285 0.0000000000
39895  -6.965  -31.924  55.482 0.0000000000
40829  -6.637  -31.144  55.523 0.0000000000
40835  -6.012  -30.633  55.361 0.0000000000
128908  -5.837  -31.204  54.996 0.0000000000
41754  -5.909  -30.024  55.546 0.0000000000
43751  -5.840  -28.784  56.090 0.0000000000
44766  -5.706  -27.668  56.421 0.0000000000
132835  -5.287  -27.322  56.499 0.0000000000
44765  -4.963  -26.927  56.209 0.0000000000
43772  -5.274  -28.771  54.798 0.0000000000
43761  -4.925  -27.912  54.988 0.0000000000
44777  -4.848  -27.354  55.492 0.0000000000
45697  -4.736  -26.586  54.679 0.0000000000
122388  -4.883  -25.914  53.343 0.0000000000
44815  -4.937  -27.060  52.637 0.0000000000
43792  -4.859  -27.832  51.004 0.0000000000
43807  -5.005  -28.600  50.530 0.0000000000
137980  -5.560  -29.642  49.823 0.0000000000
41799  -5.878  -29.956  49.358 0.0000000000
39919  -6.612  -32.652  51.243 0.0000000000
40858  -6.473  -31.998  50.928 0.0000000000
40862  -6.812  -31.970  50.130 0.0000000000
132129  -6.683  -31.242  49.557 0.0000000000
40866  -6.855  -31.219  48.637 0.0000000000
40876  -6.838  -31.267  47.641 0.0000000000
39944  -7.457  -32.426  46.872 0.0000000000
38930  -8.549  -33.324  46.644 0.0000000000
38951  -8.292  -32.735  46.039 0.0000000000
38953  -9.666  -33.497  45.201 0.0000000000
37955  -10.521  -34.083  44.341 0.0000000000
36872  -10.456  -34.511  43.645 0.0000000000
32547  -7.824  -39.243  50.694 0.0000000000
30463  -7.303  -41.016  49.336 0.0000000000
31497  -7.493  -40.549  49.774 0.0000000000
32559  -7.529  -39.564  49.892 0.0000000000
33635  -7.639  -38.631  50.177 0.0000000000
33647  -7.412  -38.884  49.178 0.0000000000
126673  -7.151  -38.152  48.466 0.0000000000
125637  -6.672  -39.178  47.718 0.0000000000
134193  -6.783  -38.579  47.873 0.0000000000
34717  -6.793  -37.914  47.733 0.0000000000
34723  -6.562  -37.741  47.066 0.0000000000
122900  -6.085  -39.747  45.157 0.0000000000
117213  -6.314  -38.944  44.885 0.0000000000
33701  -6.305  -38.345  45.451 0.0000000000
120560  -6.706  -37.762  45.238 0.0000000000
35817  -6.882  -36.915  46.123 0.0000000000
35818  -7.382  -36.540  45.603 0.0000000000
35831  -7.718  -36.631  44.710 0.0000000000
35851  -8.029  -37.069  43.064 0.0000000000
35841  -8.672  -36.287  43.458 0.0000000000
36871  -9.534  -35.481  43.822 0.0000000000
36882  -9.613  -35.651  43.106 0.0000000000
36883  -10.589  -34.814  42.746 0.0000000000
35863  -9.941  -36.185  41.576 0.0000000000
35877  -10.086  -36.619  40.812 0.0000000000
33773  -11.386  -38.813  38.095 0.0000000000
30482  -6.751  -41.176  47.475 0.0000000000
33592  -9.004  -36.875  53.781 0.0000000000
34645  -9.976  -36.383  54.777 0.0000000000
34646  -10.301  -36.313  54.644 0.0000000000
34766  -7.099  -38.339  43.145 0.0000000000
34768  -8.253  -37.164  42.386 0.0000000000
35718  -10.290  -35.514  55.106 0.0000000000
35724  -9.407  -35.941  54.824 0.0000000000
35731  -7.985  -35.893  54.208 0.0000000000
35732  -11.024  -36.014  54.132 0.0000000000
35733  -11.476  -35.356  53.640 0.0000000000
35742  -12.569  -34.807  52.266 0.0000000000
35830  -7.157  -37.252  44.990 0.0000000000
36722  -10.055  -34.963  55.285 0.0000000000
36724  -10.640  -35.270  54.932 0.0000000000
36729  -10.876  -35.326  54.696 0.0000000000
36730  -11.218  -34.549  54.451 0.0000000000
36748  -12.024  -34.678  53.028 0.0000000000
37835  -9.270  -34.219  55.412 0.0000000000
37838  -9.795  -34.321  55.361 0.0000000000
37839  -10.261  -34.293  55.202 0.0000000000
37840  -10.686  -34.164  54.878 0.0000000000
37850  -11.972  -33.779  53.654 0.0000000000
37865  -13.988  -33.739  51.454 0.0000000000
37866  -14.995  -33.233  50.954 0.0000000000
37867  -15.874  -33.104  51.103 0.0000000000
37876  -16.061  -33.446  51.318 0.0000000000
37887  -16.170  -33.979  50.803 0.0000000000
37901  -16.310  -34.125  49.755 0.0000000000
37986  -10.732  -33.786  42.217 0.0000000000
38047  -7.491  -32.936  37.880 0.0000000000
38859  -9.537  -33.717  55.403 0.0000000000
38861  -7.877  -33.686  55.391 0.0000000000
38866  -7.021  -33.902  54.962 0.0000000000
38867  -11.329  -33.476  54.467 0.0000000000
38869  -6.009  -33.130  54.490 0.0000000000
38871  -12.274  -33.433  53.033 0.0000000000
38873  -13.959  -32.955  51.725 0.0000000000
38891  -17.212  -33.071  51.505 0.0000000000
38898  -17.618  -32.773  49.755 0.0000000000
38910  -17.858  -33.707  48.834 0.0000000000
38936  -21.998  -32.345  45.767 0.0000000000
38937  -22.593  -31.463  45.245 0.0000000000
38952  -9.083  -33.369  45.959 0.0000000000
38962  -23.349  -31.106  44.741 0.0000000000
38986  -21.656  -33.328  44.327 0.0000000000
39022  -7.080  -32.760  42.101 0.0000000000
39063  -23.321  -32.215  41.920 0.0000000000
39080  -6.730  -32.732  40.195 0.0000000000
39893  -8.963  -32.587  55.587 0.0000000000
39905  -11.471  -32.955  54.554 0.0000000000
39909  -12.065  -32.882  54.016 0.0000000000
39910  -12.130  -33.153  53.547 0.0000000000
39911  -12.872  -33.083  52.428 0.0000000000
39914  -14.677  -32.697  51.446 0.0000000000
39915  -15.496  -32.712  50.967 0.0000000000
39918  -16.422  -32.888  51.218 0.0000000000
39920  -16.804  -33.244  51.316 0.0000000000
39921  -16.973  -32.771  51.499 0.0000000000
39926  -17.914  -32.374  48.941 0.0000000000
39927  -18.642  -31.779  48.232 0.0000000000
39938  -21.823  -31.128  46.609 0.0000000000
39939  -22.513  -30.770  46.012 0.0000000000
39941  -23.609  -30.060  45.668 0.0000000000
39948  -23.092  -30.760  45.360 0.0000000000
39949  -24.258  -29.981  45.445 0.0000000000
39955  -24.989  -29.718  45.439 0.0000000000
39960  -7.073  -31.538  43.953 0.0000000000
39983  -24.841  -31.228  42.341 0.0000000000
39992  -6.417  -32.197  41.199 0.0000000000
40027  -6.392  -32.420  39.511 0.0000000000
40056  -6.595  -32.108  37.306 0.0000000000
40069  -7.257  -32.328  36.705 0.0000000000
40828  -8.532  -32.002  55.689 0.0000000000
40843  -11.859  -32.412  54.180 0.0000000000
40847  -13.836  -32.188  52.042 0.0000000000
40851  -14.589  -31.834  51.768 0.0000000000
40853  -15.903  -32.516  50.765 0.0000000000
40859  -16.954  -31.803  49.938 0.0000000000
40867  -19.378  -30.820  47.706 0.0000000000
40871  -24.860  -29.157  46.528 0.0000000000
40873  -26.203  -28.627  47.092 0.0000000000
40879  -24.165  -29.467  46.062 0.0000000000
40888  -6.403  -31.167  45.222 0.0000000000
41004  -7.519  -31.617  36.375 0.0000000000
41779  -15.101  -31.502  51.466 0.0000000000
41787  -16.016  -31.497  50.578 0.0000000000
41788  -16.559  -31.742  50.303 0.0000000000
41794  -28.244  -28.163  49.127 0.0000000000
41796  -32.679  -28.034  49.246 0.0000000000
41797  -33.381  -28.542  49.705 0.0000000000
41804  -25.918  -28.131  47.765 0.0000000000
41806  -27.693  -28.197  48.708 0.0000000000
41810  -32.269  -28.042  48.504 0.0000000000
41812  -33.816  -28.813  49.502 0.0000000000
41813  -34.841  -29.227  49.480 0.0000000000
41819  -21.147  -29.859  47.005 0.0000000000
41823  -25.287  -28.700  47.133 0.0000000000
41831  -35.351  -29.117  48.975 0.0000000000
41840  -35.863  -29.007  48.440 0.0000000000
41859  -28.896  -28.828  44.092 0.0000000000
41872  -29.902  -27.789  44.274 0.0000000000
41900  -6.206  -31.096  40.855 0.0000000000
42719  -10.350  -29.373  52.453 0.0000000000
42721  -31.955  -27.767  50.531 0.0000000000
42730  -15.023  -30.235  51.066 0.0000000000
42735  -32.691  -28.313  50.703 0.0000000000
42738  -35.002  -29.124  50.825 0.0000000000
42744  -16.197  -30.198  49.960 0.0000000000
42745  -16.642  -30.533  49.655 0.0000000000
42746  -26.718  -27.479  48.736 0.0000000000
42749  -28.839  -27.992  49.539 0.0000000000
42755  -34.577  -29.286  50.430 0.0000000000
42763  -17.523  -30.316  48.286 0.0000000000
42766  -25.255  -27.885  47.713 0.0000000000
42781  -23.837  -28.162  46.542 0.0000000000
42782  -24.565  -28.369  47.149 0.0000000000
42784  -37.258  -28.835  48.558 0.0000000000
42811  -30.361  -27.437  43.981 0.0000000000
43785  -28.680  -26.922  51.188 0.0000000000
43797  -27.794  -27.211  50.677 0.0000000000
43811  -27.168  -27.138  49.560 0.0000000000
43812  -27.605  -27.352  49.957 0.0000000000
43820  -14.212  -28.765  48.949 0.0000000000
43824  -25.992  -27.362  48.235 0.0000000000
43836  -20.769  -28.352  46.419 0.0000000000
43844  -15.655  -28.308  47.289 0.0000000000
43846  -18.601  -28.608  47.321 0.0000000000
43918  -7.895  -29.646  39.546 0.0000000000
43954  -7.979  -29.457  36.847 0.0000000000
43966  -8.141  -28.939  36.125 0.0000000000
44822  -28.095  -26.629  51.467 0.0000000000
44824  -29.732  -26.319  51.611 0.0000000000
44844  -26.618  -26.528  49.605 0.0000000000
44858  -23.287  -27.341  46.819 0.0000000000
44865  -13.474  -27.615  47.554 0.0000000000
44866  -14.042  -27.725  46.908 0.0000000000
44873  -21.598  -27.480  46.476 0.0000000000
44874  -22.666  -27.275  46.635 0.0000000000
44886  -20.859  -27.357  46.456 0.0000000000
44893  -41.170  -26.871  46.160 0.0000000000
44920  -9.797  -27.108  42.091 0.0000000000
44951  -8.795  -27.301  37.868 0.0000000000
45779  -23.598  -26.427  47.286 0.0000000000
45785  -15.164  -26.357  46.067 0.0000000000
45786  -16.771  -26.647  45.535 0.0000000000
45791  -21.823  -26.495  45.607 0.0000000000
45803  -20.339  -26.371  44.799 0.0000000000
45809  -42.043  -26.107  45.480 0.0000000000
45814  -18.619  -25.194  44.792 0.0000000000
45825  -42.900  -25.407  44.073 0.0000000000
45827  -9.806  -26.143  43.088 0.0000000000
45836  -42.376  -26.186  43.376 0.0000000000
45837  -42.936  -25.682  42.913 0.0000000000
45856  -40.520  -26.298  41.626 0.0000000000
45859  -42.476  -25.303  41.508 0.0000000000
46639  -4.990  -25.486  54.678 0.0000000000
46680  -5.769  -26.060  49.897 0.0000000000
46693  -14.563  -25.967  47.500 0.0000000000
46710  -42.025  -25.195  47.292 0.0000000000
46725  -21.980  -24.979  44.711 0.0000000000
46730  -19.503  -25.244  44.551 0.0000000000
46731  -20.313  -25.298  44.369 0.0000000000
46732  -21.185  -25.310  44.368 0.0000000000
46743  -43.168  -25.300  42.673 0.0000000000
46747  -8.943  -25.011  42.166 0.0000000000
46755  -43.120  -25.080  42.168 0.0000000000
46767  -42.456  -24.922  41.300 0.0000000000
46782  -42.314  -24.648  40.594 0.0000000000
47578  -6.140  -24.962  51.181 0.0000000000
47635  -19.501  -24.435  45.122 0.0000000000
47636  -20.746  -24.365  44.860 0.0000000000
47638  -22.445  -24.606  45.308 0.0000000000
47641  -8.490  -23.251  44.119 0.0000000000
47644  -19.986  -24.716  44.653 0.0000000000
47646  -21.311  -24.728  44.542 0.0000000000
47674  -6.960  -23.849  40.542 0.0000000000
48559  -43.052  -23.649  46.021 0.0000000000
48565  -43.465  -23.297  44.267 0.0000000000
48571  -43.991  -23.010  43.160 0.0000000000
48577  -5.309  -22.862  40.647 0.0000000000
49468  -43.613  -22.205  40.169 0.0000000000
49474  -43.170  -22.440  39.610 0.0000000000
50334  -43.328  -21.559  44.994 0.0000000000
50346  -43.390  -21.478  44.393 0.0000000000
50367  -44.123  -21.859  41.678 0.0000000000
50374  -44.008  -21.998  40.815 0.0000000000
51235  -11.749  -19.835  43.491 0.0000000000
52146  -42.526  -20.617  43.917 0.0000000000
54061  -41.159  -18.122  45.176 0.0000000000
55054  -38.944  -17.705  43.120 0.0000000000
57148  -37.140  -14.696  46.364 0.0000000000
57154  -36.808  -14.637  45.757 0.0000000000
58093  -35.790  -13.843  43.861 0.0000000000
58126  -43.827  -12.580  41.790 0.0000000000
59214  -43.963  -11.440  35.909 0.0000000000
59244  -43.691  -11.377  33.967 0.0000000000
61371  -45.585  -10.243  31.661 0.0000000000
62327  -44.934  -9.130  33.295 0.0000000000
63227  -45.625  -8.424  34.164 0.0000000000
63239  -46.058  -8.248  33.549 0.0000000000
65166  -50.878  -6.668  27.066 0.0000000000
117720  -7.336  -30.556  37.251 0.0000000000
118928  -22.081  -29.745  46.518 0.0000000000
119127  -34.309  -29.259  49.918 0.0000000000
119893  -30.325  -28.074  45.513 0.0000000000
120433  -15.578  -25.661  46.198 0.0000000000
120492  -29.146  -26.544  51.419 0.0000000000
120893  -31.298  -27.494  50.138 0.0000000000
122226  -22.366  -32.552  44.822 0.0000000000
122552  -15.849  -26.481  45.722 0.0000000000
123136  -21.018  -33.469  44.039 0.0000000000
123163  -9.085  -35.136  55.182 0.0000000000
123235  -27.546  -26.966  50.803 0.0000000000
123638  -23.099  -27.810  46.216 0.0000000000
123743  -18.264  -29.625  47.669 0.0000000000
124267  -17.913  -24.973  45.137 0.0000000000
124696  -22.537  -32.200  43.926 0.0000000000
124939  -7.997  -29.961  37.724 0.0000000000
125428  -7.792  -33.146  38.656 0.0000000000
125972  -44.458  -10.474  36.209 0.0000000000
126524  -5.386  -29.244  50.122 0.0000000000
126534  -43.204  -24.331  41.659 0.0000000000
127107  -22.286  -32.203  45.342 0.0000000000
131079  -22.879  -31.652  43.767 0.0000000000
131876  -38.385  -15.308  43.717 0.0000000000
132002  -20.258  -27.120  46.192 0.0000000000
132674  -22.664  -29.149  46.233 0.0000000000
133960  -11.659  -34.142  54.012 0.0000000000
134890  -13.436  -26.361  49.492 0.0000000000
134963  -10.520  -35.843  54.858 0.0000000000
135031  -19.756  -29.576  47.167 0.0000000000
135182  -19.184  -25.739  44.594 0.0000000000
135414  -6.613  -30.551  42.135 0.0000000000
135538  -42.859  -24.249  41.275 0.0000000000
135740  -26.748  -28.366  47.626 0.0000000000
136343  -24.623  -29.038  46.587 0.0000000000
136791  -5.334  -25.766  52.417 0.0000000000
137767  -13.969  -33.173  51.677 0.0000000000
137829  -7.665  -36.620  50.166 0.0000000000
138255  -18.868  -29.348  47.402 0.0000000000
138363  -9.743  -26.095  41.870 0.0000000000
138502  -17.341  -28.906  47.966 0.0000000000
138510  -44.382  -11.487  39.225 0.0000000000
138728  -24.313  -29.759  45.658 0.0000000000
139103  -10.578  -36.290  54.348 0.0000000000
139969  -7.468  -30.292  39.078 0.0000000000
140357  -17.207  -32.731  51.041 0.0000000000
140470  -17.487  -29.299  48.039 0.0000000000
141032  -32.157  -28.057  51.530 0.0000000000
141206  -4.962  -27.669  56.141 0.0000000000
141251  -6.856  -37.221  45.609 0.0000000000
