#!ascii label  , from subject sub-v1s12x0050109_ses-1 vox2ras=TkReg
1194
35778  -12.702  -35.750  49.496 0.0000000000
45947  -39.618  -26.436  35.308 0.0000000000
52241  -35.575  -19.667  35.411 0.0000000000
45851  -31.163  -26.336  42.029 0.0000000000
60464  -41.960  -10.819  25.824 0.0000000000
125762  -35.302  -11.816  31.057 0.0000000000
118943  -41.745  -25.767  40.496 0.0000000000
46790  -35.918  -24.916  39.618 0.0000000000
61406  -47.432  -10.466  27.712 0.0000000000
65188  -49.821  -6.324  25.603 0.0000000000
69002  -51.210  -2.114  26.019 0.0000000000
59157  -35.574  -13.420  38.806 0.0000000000
56300  -32.881  -14.804  34.442 0.0000000000
61334  -38.192  -9.746  36.538 0.0000000000
59220  -41.047  -11.125  34.304 0.0000000000
40960  -24.485  -31.888  38.635 0.0000000000
32533  -10.120  -37.866  52.431 0.0000000000
51324  -40.508  -20.696  35.309 0.0000000000
128859  -37.434  -17.093  40.639 0.0000000000
42939  -27.244  -28.941  35.706 0.0000000000
129548  -29.523  -22.638  37.609 0.0000000000
71917  -48.598  0.156  20.985 0.0000000000
73823  -51.460  2.174  25.667 0.0000000000
59323  -40.085  -11.173  28.268 0.0000000000
58246  -44.845  -12.895  30.830 0.0000000000
37938  -15.064  -33.923  46.301 0.0000000000
28166  -8.790  -41.877  48.535 0.0000000000
136238  -48.813  -8.644  26.853 0.0000000000
60312  -35.843  -10.993  38.141 0.0000000000
41935  -21.152  -29.913  38.188 0.0000000000
34686  -11.321  -37.085  51.037 0.0000000000
48655  -39.480  -23.265  32.776 0.0000000000
48645  -41.411  -23.335  34.632 0.0000000000
44952  -28.522  -27.481  38.878 0.0000000000
121396  -27.861  -25.399  36.539 0.0000000000
47675  -30.777  -24.490  39.955 0.0000000000
45913  -37.758  -26.960  37.180 0.0000000000
47708  -35.124  -24.552  37.193 0.0000000000
45958  -36.630  -26.083  34.624 0.0000000000
125837  -29.364  -27.605  42.480 0.0000000000
42869  -27.302  -28.558  40.056 0.0000000000
67112  -44.720  -4.392  24.348 0.0000000000
69979  -47.061  -1.433  21.572 0.0000000000
129618  -51.174  -0.026  26.342 0.0000000000
59236  -33.943  -12.576  33.106 0.0000000000
124602  -37.462  -10.827  29.702 0.0000000000
59264  -42.952  -12.248  32.683 0.0000000000
39031  -19.530  -33.092  43.083 0.0000000000
38956  -18.761  -33.403  45.741 0.0000000000
127683  -18.124  -33.921  48.191 0.0000000000
38982  -15.645  -32.526  44.645 0.0000000000
118496  -9.969  -42.112  48.493 0.0000000000
45914  -40.973  -26.410  37.906 0.0000000000
48623  -42.383  -23.504  37.122 0.0000000000
48604  -42.923  -23.239  39.716 0.0000000000
45840  -33.922  -25.453  43.373 0.0000000000
47667  -34.687  -23.633  41.771 0.0000000000
46766  -36.816  -24.678  41.601 0.0000000000
45880  -38.789  -26.546  39.514 0.0000000000
60453  -44.440  -11.400  26.560 0.0000000000
63291  -45.026  -8.618  26.135 0.0000000000
65185  -46.167  -5.927  26.077 0.0000000000
67115  -47.229  -3.718  25.354 0.0000000000
69011  -48.027  -2.242  24.999 0.0000000000
67103  -50.646  -4.406  25.518 0.0000000000
55143  -35.250  -15.869  37.583 0.0000000000
54167  -33.482  -17.361  35.213 0.0000000000
58189  -34.908  -14.437  36.980 0.0000000000
60343  -34.769  -11.495  35.731 0.0000000000
60356  -36.319  -10.618  34.133 0.0000000000
124674  -38.862  -10.539  32.916 0.0000000000
60347  -39.841  -10.379  35.007 0.0000000000
40001  -23.214  -32.320  41.304 0.0000000000
40944  -20.328  -30.960  40.617 0.0000000000
74858  -52.010  3.877  21.431 0.0000000000
32529  -8.691  -38.436  52.196 0.0000000000
50434  -40.110  -21.612  32.609 0.0000000000
51321  -37.819  -20.231  35.302 0.0000000000
51302  -41.067  -21.021  37.464 0.0000000000
52219  -38.950  -20.058  37.747 0.0000000000
130098  -36.357  -18.001  38.243 0.0000000000
57233  -36.228  -15.484  39.356 0.0000000000
48601  -33.280  -23.313  38.578 0.0000000000
40948  -26.739  -30.495  40.833 0.0000000000
41962  -26.192  -30.049  37.396 0.0000000000
70901  -48.840  -0.039  24.053 0.0000000000
71896  -49.778  1.345  24.079 0.0000000000
73848  -50.757  3.027  22.434 0.0000000000
74828  -52.489  3.502  25.098 0.0000000000
132200  -11.990  -36.764  46.454 0.0000000000
32592  -11.161  -38.825  47.398 0.0000000000
138569  -40.564  -11.740  27.056 0.0000000000
119794  -40.891  -10.834  31.118 0.0000000000
58269  -42.023  -12.042  29.615 0.0000000000
59342  -43.736  -12.755  27.350 0.0000000000
60425  -46.661  -11.425  29.606 0.0000000000
139834  -13.922  -34.346  48.188 0.0000000000
31509  -10.405  -39.913  48.815 0.0000000000
30452  -9.152  -40.138  50.094 0.0000000000
30449  -7.605  -40.829  49.912 0.0000000000
35764  -12.406  -35.838  50.910 0.0000000000
119253  -38.550  -26.087  34.157 0.0000000000
47746  -39.638  -24.667  34.127 0.0000000000
47733  -40.783  -25.044  35.057 0.0000000000
45864  -29.567  -26.403  40.580 0.0000000000
45878  -29.052  -25.930  39.690 0.0000000000
46777  -31.424  -25.186  40.899 0.0000000000
45930  -38.201  -26.988  36.279 0.0000000000
45929  -37.354  -26.667  36.239 0.0000000000
45945  -37.798  -26.619  35.430 0.0000000000
46859  -37.752  -25.982  33.752 0.0000000000
44921  -31.949  -26.780  43.241 0.0000000000
127017  -31.476  -26.950  43.469 0.0000000000
44928  -30.307  -26.948  42.135 0.0000000000
43919  -28.448  -27.699  40.635 0.0000000000
69029  -46.483  -1.846  22.684 0.0000000000
51332  -36.403  -19.998  34.703 0.0000000000
52254  -35.449  -19.791  34.455 0.0000000000
59257  -34.348  -12.508  32.035 0.0000000000
59287  -34.355  -12.569  30.110 0.0000000000
60409  -36.726  -11.104  30.204 0.0000000000
39979  -18.335  -32.038  42.947 0.0000000000
39009  -19.068  -33.214  43.948 0.0000000000
39008  -17.753  -32.434  44.431 0.0000000000
127181  -16.793  -32.390  45.000 0.0000000000
119018  -15.574  -32.190  43.629 0.0000000000
45900  -41.666  -25.988  39.133 0.0000000000
46803  -42.474  -25.125  38.700 0.0000000000
46793  -42.385  -24.507  39.770 0.0000000000
46739  -35.807  -24.851  44.140 0.0000000000
46751  -36.196  -24.326  43.282 0.0000000000
46752  -37.136  -24.689  43.062 0.0000000000
117297  -40.961  -26.323  41.086 0.0000000000
128607  -39.217  -26.184  41.190 0.0000000000
132798  -40.161  -26.538  40.137 0.0000000000
44945  -40.172  -26.651  38.814 0.0000000000
61404  -45.729  -10.892  26.711 0.0000000000
62374  -44.683  -9.481  26.032 0.0000000000
61416  -46.160  -10.256  26.549 0.0000000000
64252  -49.183  -7.891  26.314 0.0000000000
63308  -47.282  -7.892  26.061 0.0000000000
65186  -47.241  -6.048  25.544 0.0000000000
66101  -46.553  -5.133  25.804 0.0000000000
66102  -48.008  -5.548  25.119 0.0000000000
67117  -49.122  -3.911  25.251 0.0000000000
133328  -49.541  -5.456  25.343 0.0000000000
57246  -35.827  -14.926  38.063 0.0000000000
56270  -34.965  -15.032  37.214 0.0000000000
58169  -35.624  -13.930  37.947 0.0000000000
61332  -36.365  -10.059  37.117 0.0000000000
60331  -34.913  -11.398  36.699 0.0000000000
61341  -36.338  -10.122  36.242 0.0000000000
124637  -35.136  -11.277  34.666 0.0000000000
117752  -36.805  -10.311  34.665 0.0000000000
60358  -38.739  -10.146  34.275 0.0000000000
60324  -39.284  -9.849  36.255 0.0000000000
40020  -25.269  -32.195  40.319 0.0000000000
40002  -24.074  -32.205  41.406 0.0000000000
40959  -23.490  -31.865  39.056 0.0000000000
120564  -21.116  -30.461  39.567 0.0000000000
120022  -53.147  4.502  22.345 0.0000000000
75814  -53.834  5.019  21.723 0.0000000000
32531  -9.419  -38.254  52.322 0.0000000000
49535  -40.656  -22.463  33.378 0.0000000000
49544  -40.325  -22.135  32.759 0.0000000000
51348  -40.400  -21.226  33.453 0.0000000000
117525  -39.115  -20.398  33.771 0.0000000000
51323  -39.634  -20.349  35.433 0.0000000000
49481  -42.429  -22.421  38.344 0.0000000000
121943  -42.093  -22.336  37.407 0.0000000000
51286  -41.434  -20.881  39.043 0.0000000000
53138  -38.637  -18.683  41.014 0.0000000000
52191  -39.261  -19.693  39.639 0.0000000000
53147  -37.892  -18.581  39.791 0.0000000000
52200  -37.648  -19.288  38.208 0.0000000000
53156  -37.186  -18.080  39.397 0.0000000000
55112  -36.225  -16.501  38.908 0.0000000000
56224  -36.609  -16.149  39.869 0.0000000000
47706  -28.383  -24.161  37.773 0.0000000000
122324  -35.088  -24.041  40.294 0.0000000000
48584  -33.733  -23.639  40.100 0.0000000000
47691  -35.351  -24.332  39.392 0.0000000000
47707  -34.414  -23.914  36.665 0.0000000000
41880  -27.437  -29.907  42.261 0.0000000000
118596  -27.776  -28.541  38.161 0.0000000000
41963  -26.803  -29.587  38.027 0.0000000000
42903  -26.712  -29.576  37.059 0.0000000000
42920  -24.864  -29.223  35.813 0.0000000000
69013  -49.680  -2.292  25.197 0.0000000000
128470  -49.145  -1.584  24.919 0.0000000000
69959  -49.951  -1.483  25.260 0.0000000000
71884  -51.424  0.694  26.358 0.0000000000
71890  -50.537  1.070  25.323 0.0000000000
72847  -50.845  1.935  25.115 0.0000000000
73840  -50.290  2.452  22.765 0.0000000000
73835  -51.322  2.667  24.840 0.0000000000
140265  -51.861  3.484  23.862 0.0000000000
73824  -51.937  2.892  25.419 0.0000000000
56281  -33.130  -15.672  34.959 0.0000000000
53193  -33.187  -18.104  33.964 0.0000000000
59353  -39.412  -11.773  26.599 0.0000000000
59338  -39.964  -11.427  27.551 0.0000000000
59238  -40.183  -10.820  33.528 0.0000000000
59259  -39.215  -10.529  32.223 0.0000000000
59261  -41.194  -10.938  33.041 0.0000000000
58234  -43.371  -12.391  31.806 0.0000000000
58258  -42.673  -12.343  31.033 0.0000000000
58259  -43.159  -12.547  30.414 0.0000000000
133521  -42.534  -12.921  28.566 0.0000000000
58272  -44.496  -13.278  29.425 0.0000000000
59329  -45.519  -12.531  28.442 0.0000000000
59294  -45.499  -12.830  30.103 0.0000000000
37928  -16.811  -34.128  47.847 0.0000000000
37915  -16.505  -34.113  48.755 0.0000000000
37900  -15.420  -34.050  49.184 0.0000000000
133717  -14.432  -34.217  46.973 0.0000000000
35806  -13.016  -35.423  46.369 0.0000000000
36849  -13.525  -34.971  45.843 0.0000000000
31525  -11.146  -39.733  47.084 0.0000000000
32581  -10.777  -39.268  48.646 0.0000000000
31517  -10.624  -40.054  48.252 0.0000000000
28167  -9.085  -42.534  48.511 0.0000000000
29318  -9.413  -40.892  49.127 0.0000000000
29316  -8.793  -41.112  49.428 0.0000000000
123040  -8.356  -40.241  50.449 0.0000000000
29315  -8.379  -41.267  49.505 0.0000000000
46742  -38.195  -25.504  43.325 0.0000000000
130904  -47.322  -8.383  29.707 0.0000000000
62366  -47.824  -9.791  27.352 0.0000000000
63277  -48.601  -8.140  28.529 0.0000000000
59156  -35.310  -12.432  38.725 0.0000000000
41959  -23.301  -30.086  37.098 0.0000000000
41937  -23.008  -30.520  37.780 0.0000000000
35740  -11.259  -36.072  53.328 0.0000000000
34671  -10.661  -37.402  51.843 0.0000000000
47761  -39.323  -24.000  33.368 0.0000000000
48644  -40.864  -23.286  33.857 0.0000000000
50428  -41.267  -21.891  34.664 0.0000000000
56194  -37.424  -15.944  41.411 0.0000000000
43943  -28.367  -28.144  37.657 0.0000000000
44980  -28.324  -27.502  35.963 0.0000000000
45892  -28.328  -26.632  38.027 0.0000000000
47686  -28.686  -24.561  38.707 0.0000000000
48598  -29.883  -23.372  38.662 0.0000000000
46802  -36.644  -25.727  38.637 0.0000000000
46801  -35.904  -25.139  38.682 0.0000000000
46813  -36.297  -25.724  37.054 0.0000000000
46829  -36.065  -25.612  36.175 0.0000000000
46858  -36.600  -25.708  33.626 0.0000000000
42823  -28.680  -28.599  43.115 0.0000000000
41906  -27.752  -28.857  41.906 0.0000000000
42853  -27.921  -28.307  41.671 0.0000000000
43933  -28.108  -27.803  39.719 0.0000000000
66113  -43.499  -5.565  24.364 0.0000000000
70913  -47.976  -0.317  21.441 0.0000000000
69952  -51.771  -1.717  26.834 0.0000000000
69950  -51.007  -1.305  26.028 0.0000000000
57286  -32.689  -13.984  33.746 0.0000000000
59321  -37.220  -11.436  27.934 0.0000000000
59308  -38.270  -10.744  29.128 0.0000000000
119574  -42.425  -11.626  34.937 0.0000000000
59240  -42.030  -11.675  33.406 0.0000000000
59223  -43.048  -11.767  34.490 0.0000000000
120069  -20.274  -33.273  42.894 0.0000000000
38958  -20.512  -33.388  45.489 0.0000000000
39931  -19.129  -32.392  48.033 0.0000000000
38919  -18.585  -33.648  47.644 0.0000000000
37950  -17.141  -33.867  46.172 0.0000000000
37948  -14.941  -33.687  45.463 0.0000000000
37964  -14.067  -34.656  44.070 0.0000000000
137831  -14.330  -33.914  43.441 0.0000000000
45932  -40.173  -26.695  36.528 0.0000000000
46847  -41.104  -25.448  35.739 0.0000000000
46832  -42.103  -25.071  36.868 0.0000000000
47710  -42.571  -23.592  38.162 0.0000000000
45853  -32.886  -25.530  42.656 0.0000000000
46764  -32.518  -25.192  41.864 0.0000000000
47656  -34.592  -23.902  42.472 0.0000000000
47668  -35.414  -23.679  42.010 0.0000000000
46780  -36.798  -25.066  40.713 0.0000000000
46754  -38.241  -25.616  42.324 0.0000000000
45867  -37.968  -25.760  40.811 0.0000000000
46792  -37.186  -25.909  39.416 0.0000000000
45897  -38.525  -26.878  38.531 0.0000000000
44971  -39.497  -27.010  37.490 0.0000000000
45828  -33.430  -25.970  43.981 0.0000000000
61413  -42.975  -10.836  25.972 0.0000000000
61431  -42.427  -10.111  25.488 0.0000000000
62373  -43.981  -9.998  25.784 0.0000000000
123604  -43.597  -8.225  25.530 0.0000000000
120037  -43.993  -7.664  25.858 0.0000000000
63293  -46.860  -8.655  26.316 0.0000000000
64264  -45.491  -6.754  26.325 0.0000000000
129802  -44.476  -6.154  26.332 0.0000000000
66115  -45.115  -4.629  25.334 0.0000000000
67113  -45.456  -3.944  24.871 0.0000000000
68088  -46.626  -2.958  24.699 0.0000000000
69010  -47.199  -2.307  24.502 0.0000000000
68089  -47.625  -2.974  25.186 0.0000000000
68091  -49.442  -3.061  25.269 0.0000000000
68076  -50.808  -3.477  25.518 0.0000000000
66093  -51.456  -5.326  26.481 0.0000000000
68078  -51.664  -2.868  26.653 0.0000000000
54151  -34.941  -17.514  36.946 0.0000000000
133816  -34.484  -18.697  35.499 0.0000000000
54161  -34.491  -16.892  36.664 0.0000000000
121142  -34.526  -15.463  36.729 0.0000000000
139316  -33.896  -14.844  35.909 0.0000000000
59185  -34.855  -12.589  37.376 0.0000000000
59208  -34.324  -12.690  35.959 0.0000000000
58201  -33.451  -13.340  34.791 0.0000000000
59218  -33.808  -12.423  34.329 0.0000000000
59237  -34.662  -11.810  33.498 0.0000000000
60385  -36.415  -10.995  32.542 0.0000000000
138057  -36.797  -10.948  31.906 0.0000000000
60371  -37.356  -10.463  33.576 0.0000000000
122883  -39.204  -10.379  34.005 0.0000000000
60360  -40.377  -10.810  34.657 0.0000000000
59187  -41.437  -10.843  36.814 0.0000000000
59210  -41.957  -11.393  35.298 0.0000000000
39034  -22.405  -33.091  42.622 0.0000000000
40958  -21.887  -31.262  39.312 0.0000000000
40017  -21.719  -32.175  40.604 0.0000000000
39060  -21.429  -33.041  41.780 0.0000000000
119839  -19.823  -32.157  41.811 0.0000000000
51333  -37.461  -20.184  34.375 0.0000000000
52242  -36.344  -20.051  35.781 0.0000000000
48633  -42.145  -23.485  35.993 0.0000000000
140914  -41.572  -22.177  35.859 0.0000000000
122835  -40.674  -20.843  36.105 0.0000000000
51301  -40.370  -20.515  37.700 0.0000000000
117940  -40.033  -20.508  36.191 0.0000000000
52232  -38.328  -20.067  37.057 0.0000000000
139597  -36.925  -19.586  37.220 0.0000000000
52216  -36.227  -19.158  37.249 0.0000000000
54144  -35.749  -17.463  37.832 0.0000000000
129864  -35.857  -15.619  38.470 0.0000000000
58150  -36.110  -14.534  39.371 0.0000000000
57205  -36.886  -15.534  40.803 0.0000000000
58124  -36.354  -14.424  40.497 0.0000000000
137052  -32.780  -24.126  40.776 0.0000000000
48591  -32.344  -23.566  39.587 0.0000000000
134700  -31.924  -22.916  38.373 0.0000000000
47697  -34.597  -24.001  37.762 0.0000000000
48611  -33.417  -23.239  37.662 0.0000000000
40004  -25.694  -31.319  41.836 0.0000000000
133735  -26.030  -31.662  38.967 0.0000000000
41918  -26.846  -29.789  39.690 0.0000000000
40977  -26.336  -31.110  38.500 0.0000000000
40989  -24.914  -30.877  37.443 0.0000000000
41978  -24.617  -29.581  36.430 0.0000000000
135313  -47.301  -1.267  23.499 0.0000000000
70900  -48.168  -0.415  23.498 0.0000000000
70908  -48.521  0.342  22.987 0.0000000000
70886  -50.307  0.099  25.399 0.0000000000
71895  -49.205  0.852  23.560 0.0000000000
122987  -48.964  1.089  22.453 0.0000000000
72869  -49.407  1.752  21.855 0.0000000000
73847  -50.330  2.690  21.861 0.0000000000
73856  -50.830  3.058  21.431 0.0000000000
74851  -51.348  3.528  21.976 0.0000000000
74846  -52.302  3.803  23.428 0.0000000000
130720  -11.953  -36.527  47.459 0.0000000000
34718  -11.829  -37.115  48.787 0.0000000000
33673  -11.608  -37.423  47.088 0.0000000000
131527  -34.218  -18.857  34.773 0.0000000000
59355  -41.001  -11.722  26.740 0.0000000000
60400  -38.535  -10.519  31.294 0.0000000000
59289  -39.269  -10.476  30.531 0.0000000000
117797  -40.645  -11.113  29.713 0.0000000000
59277  -42.048  -11.639  31.795 0.0000000000
58256  -42.096  -11.657  30.362 0.0000000000
59310  -40.746  -11.519  28.992 0.0000000000
59325  -41.402  -12.261  28.278 0.0000000000
59341  -42.496  -12.671  27.328 0.0000000000
59357  -43.127  -12.280  26.825 0.0000000000
60440  -44.139  -12.116  26.868 0.0000000000
59344  -45.451  -12.016  27.580 0.0000000000
61397  -47.150  -10.942  29.189 0.0000000000
138274  -14.358  -33.929  50.766 0.0000000000
137845  -14.843  -33.800  50.307 0.0000000000
122112  -13.197  -35.108  49.159 0.0000000000
125425  -12.406  -35.893  46.855 0.0000000000
138199  -12.735  -36.727  45.408 0.0000000000
33648  -11.436  -37.738  48.975 0.0000000000
32561  -10.768  -38.254  49.978 0.0000000000
31477  -9.914  -38.658  50.908 0.0000000000
30465  -10.027  -40.502  48.794 0.0000000000
31498  -9.421  -39.856  50.022 0.0000000000
125661  -9.255  -39.334  51.189 0.0000000000
31474  -8.825  -39.610  51.140 0.0000000000
31473  -8.486  -39.615  51.016 0.0000000000
28164  -7.765  -42.311  48.081 0.0000000000
29326  -7.476  -41.490  48.697 0.0000000000
35765  -13.108  -35.045  50.641 0.0000000000
35770  -12.653  -35.788  50.176 0.0000000000
45961  -39.038  -26.298  34.701 0.0000000000
46861  -40.006  -25.233  34.703 0.0000000000
46845  -39.675  -25.899  34.825 0.0000000000
45865  -30.300  -26.385  41.397 0.0000000000
136520  -30.203  -25.763  40.665 0.0000000000
45866  -30.941  -25.746  41.160 0.0000000000
45946  -38.766  -26.773  35.488 0.0000000000
45960  -38.213  -26.384  34.663 0.0000000000
44930  -31.604  -26.513  42.795 0.0000000000
44929  -30.883  -26.795  42.618 0.0000000000
44937  -29.638  -27.067  41.484 0.0000000000
69028  -46.236  -2.346  22.318 0.0000000000
52266  -36.111  -19.974  33.751 0.0000000000
59273  -35.119  -11.978  31.788 0.0000000000
59272  -34.521  -12.402  31.013 0.0000000000
59288  -35.083  -11.951  30.139 0.0000000000
60408  -35.925  -11.379  29.679 0.0000000000
130739  -35.942  -11.390  30.651 0.0000000000
39978  -17.375  -31.553  42.753 0.0000000000
39029  -17.813  -32.060  43.608 0.0000000000
39028  -16.491  -31.670  43.239 0.0000000000
39007  -16.713  -32.024  44.176 0.0000000000
45884  -41.819  -25.606  39.762 0.0000000000
120474  -42.115  -25.559  39.041 0.0000000000
45885  -42.108  -25.034  39.977 0.0000000000
45831  -36.136  -25.349  44.688 0.0000000000
46740  -36.678  -24.820  43.952 0.0000000000
46741  -37.482  -25.121  43.679 0.0000000000
45871  -41.380  -26.165  40.570 0.0000000000
118415  -40.771  -26.418  40.348 0.0000000000
45883  -41.334  -26.139  39.790 0.0000000000
45882  -40.553  -26.507  39.562 0.0000000000
61405  -46.652  -10.880  27.127 0.0000000000
61417  -47.039  -10.156  26.894 0.0000000000
64268  -49.533  -7.183  25.905 0.0000000000
64267  -48.711  -7.263  25.772 0.0000000000
65187  -48.257  -6.441  25.313 0.0000000000
66103  -48.884  -5.906  25.217 0.0000000000
58170  -35.709  -14.435  38.076 0.0000000000
57245  -35.533  -14.496  37.735 0.0000000000
61321  -37.307  -9.872  37.391 0.0000000000
61333  -37.100  -9.924  36.585 0.0000000000
60344  -36.568  -10.212  35.372 0.0000000000
61342  -37.460  -9.917  35.795 0.0000000000
61343  -38.609  -9.868  35.556 0.0000000000
136416  -25.335  -32.064  39.228 0.0000000000
131017  -24.373  -32.206  39.800 0.0000000000
75807  -53.451  4.480  23.302 0.0000000000
75810  -54.000  4.938  22.722 0.0000000000
33588  -10.024  -37.006  53.604 0.0000000000
33594  -9.871  -36.957  53.695 0.0000000000
33593  -9.530  -36.934  53.723 0.0000000000
32532  -9.757  -38.078  52.351 0.0000000000
50427  -40.972  -21.693  33.890 0.0000000000
51336  -40.566  -20.900  34.300 0.0000000000
133586  -40.049  -20.450  34.701 0.0000000000
50385  -42.311  -21.762  38.650 0.0000000000
51280  -42.036  -20.835  39.727 0.0000000000
54111  -37.938  -17.744  40.926 0.0000000000
53137  -38.091  -18.307  40.454 0.0000000000
54120  -37.418  -17.664  40.141 0.0000000000
55090  -36.787  -16.702  39.906 0.0000000000
55074  -37.209  -16.560  40.676 0.0000000000
43955  -28.109  -28.471  36.047 0.0000000000
47679  -35.704  -24.404  40.286 0.0000000000
42905  -28.068  -28.610  37.171 0.0000000000
42904  -27.319  -29.035  37.664 0.0000000000
42922  -27.400  -29.061  36.675 0.0000000000
42921  -26.525  -29.360  36.152 0.0000000000
134428  -50.305  -2.275  25.372 0.0000000000
122211  -50.669  -1.814  25.614 0.0000000000
72838  -51.787  1.608  26.380 0.0000000000
72837  -51.136  1.313  25.827 0.0000000000
72855  -50.747  2.417  24.261 0.0000000000
55185  -32.606  -16.291  34.102 0.0000000000
56299  -32.574  -15.445  34.082 0.0000000000
59322  -38.306  -11.307  27.569 0.0000000000
124583  -38.138  -11.852  26.843 0.0000000000
119505  -39.298  -11.303  27.740 0.0000000000
59239  -41.029  -11.005  33.709 0.0000000000
59278  -44.217  -12.299  31.466 0.0000000000
133093  -43.562  -12.602  30.733 0.0000000000
58260  -44.156  -13.052  30.327 0.0000000000
58271  -43.580  -13.077  29.540 0.0000000000
59293  -44.925  -13.226  30.062 0.0000000000
59295  -45.533  -12.304  30.917 0.0000000000
37927  -16.212  -34.033  46.607 0.0000000000
37926  -15.393  -34.093  47.173 0.0000000000
37914  -15.650  -34.119  48.086 0.0000000000
36833  -14.112  -34.329  46.325 0.0000000000
37937  -14.224  -34.262  45.652 0.0000000000
130222  -10.923  -40.203  47.616 0.0000000000
129808  -9.078  -41.543  48.849 0.0000000000
60285  -36.139  -11.343  40.077 0.0000000000
35754  -12.035  -35.958  51.667 0.0000000000
35741  -11.840  -35.382  52.825 0.0000000000
34659  -11.604  -36.097  52.458 0.0000000000
34658  -10.785  -36.728  52.754 0.0000000000
46873  -38.867  -24.945  33.570 0.0000000000
47747  -40.444  -24.511  34.504 0.0000000000
47762  -40.145  -23.923  33.991 0.0000000000
132228  -40.892  -23.913  34.284 0.0000000000
49526  -41.211  -22.508  34.187 0.0000000000
132225  -28.466  -27.609  38.076 0.0000000000
44941  -28.601  -26.500  39.098 0.0000000000
46789  -30.002  -24.837  39.808 0.0000000000
46788  -29.165  -25.075  39.423 0.0000000000
47687  -29.422  -24.209  39.120 0.0000000000
47688  -30.365  -24.010  39.386 0.0000000000
45912  -37.301  -26.558  37.712 0.0000000000
45895  -36.753  -26.094  37.801 0.0000000000
120488  -36.980  -26.430  37.022 0.0000000000
45944  -36.961  -26.347  35.380 0.0000000000
45928  -36.595  -26.191  36.177 0.0000000000
46844  -36.145  -25.893  35.266 0.0000000000
46857  -36.051  -25.864  34.294 0.0000000000
43882  -30.495  -27.118  43.247 0.0000000000
43872  -30.905  -27.166  43.739 0.0000000000
43881  -29.618  -27.563  43.050 0.0000000000
42824  -29.163  -28.058  43.370 0.0000000000
42837  -28.933  -28.056  42.876 0.0000000000
42836  -28.333  -28.519  42.457 0.0000000000
42854  -28.605  -28.024  42.167 0.0000000000
44942  -28.713  -27.389  39.765 0.0000000000
43932  -28.057  -28.082  38.730 0.0000000000
66127  -44.025  -4.883  23.722 0.0000000000
58231  -33.073  -13.290  32.931 0.0000000000
57300  -32.732  -14.180  32.704 0.0000000000
58241  -33.253  -13.616  31.963 0.0000000000
60422  -36.699  -11.136  29.290 0.0000000000
60423  -37.353  -10.998  28.801 0.0000000000
59307  -38.020  -10.930  28.310 0.0000000000
117146  -42.913  -11.761  35.081 0.0000000000
128626  -43.629  -11.685  32.997 0.0000000000
125162  -20.086  -33.428  43.730 0.0000000000
38984  -18.925  -33.397  44.882 0.0000000000
38957  -19.609  -33.459  45.397 0.0000000000
38933  -19.252  -33.363  46.173 0.0000000000
38912  -19.073  -33.091  48.060 0.0000000000
38932  -18.660  -33.513  46.683 0.0000000000
138069  -16.152  -32.703  45.274 0.0000000000
38954  -16.726  -33.127  45.652 0.0000000000
37958  -15.616  -33.181  45.377 0.0000000000
37949  -15.999  -33.679  45.909 0.0000000000
37957  -14.685  -33.547  44.543 0.0000000000
39006  -14.835  -32.964  43.756 0.0000000000
45933  -40.877  -26.428  37.028 0.0000000000
46831  -41.450  -25.730  36.647 0.0000000000
45915  -41.521  -26.081  37.593 0.0000000000
47700  -42.737  -23.722  39.419 0.0000000000
46816  -42.613  -24.472  38.456 0.0000000000
48603  -42.871  -23.385  39.060 0.0000000000
139085  -33.436  -25.571  42.982 0.0000000000
46749  -33.739  -24.816  42.679 0.0000000000
46750  -34.554  -24.581  43.062 0.0000000000
129800  -36.802  -24.502  42.438 0.0000000000
47658  -36.164  -24.071  42.257 0.0000000000
47680  -36.080  -24.436  41.122 0.0000000000
45841  -38.855  -25.937  42.963 0.0000000000
45868  -38.600  -26.169  40.547 0.0000000000
45854  -38.452  -25.931  41.420 0.0000000000
46781  -37.403  -25.539  40.313 0.0000000000
45879  -37.907  -26.182  39.971 0.0000000000
116749  -37.873  -26.546  39.005 0.0000000000
44959  -40.442  -26.568  38.201 0.0000000000
44958  -39.814  -26.874  38.113 0.0000000000
44972  -40.203  -26.738  37.415 0.0000000000
44984  -39.543  -27.007  36.793 0.0000000000
45829  -34.360  -25.571  44.281 0.0000000000
45839  -33.139  -25.988  43.236 0.0000000000
61414  -43.877  -10.783  26.059 0.0000000000
61432  -43.314  -10.269  25.758 0.0000000000
63305  -44.301  -8.490  25.837 0.0000000000
120036  -44.618  -7.941  26.031 0.0000000000
134169  -48.210  -9.281  26.962 0.0000000000
62377  -47.422  -9.409  26.704 0.0000000000
123585  -47.867  -8.717  26.479 0.0000000000
64265  -46.678  -6.928  25.901 0.0000000000
63307  -46.231  -7.781  26.097 0.0000000000
65184  -45.261  -5.784  26.348 0.0000000000
66099  -44.719  -5.309  25.933 0.0000000000
66100  -45.638  -5.109  26.009 0.0000000000
66117  -46.860  -4.409  25.561 0.0000000000
66116  -45.981  -4.398  25.577 0.0000000000
67114  -46.297  -3.700  25.195 0.0000000000
68087  -45.767  -3.357  24.324 0.0000000000
67102  -49.750  -4.660  25.342 0.0000000000
68075  -50.012  -3.760  25.319 0.0000000000
68092  -50.208  -2.930  25.344 0.0000000000
67105  -51.684  -3.540  26.512 0.0000000000
54152  -35.273  -16.929  37.505 0.0000000000
55142  -34.899  -16.454  37.211 0.0000000000
140380  -34.761  -14.767  36.926 0.0000000000
56269  -34.443  -14.778  36.520 0.0000000000
56268  -33.845  -15.397  35.984 0.0000000000
135068  -35.743  -11.419  38.705 0.0000000000
59171  -35.232  -12.063  38.245 0.0000000000
60322  -35.221  -11.478  37.590 0.0000000000
59195  -34.579  -12.467  36.644 0.0000000000
58202  -33.783  -13.011  35.399 0.0000000000
59219  -34.260  -12.009  35.080 0.0000000000
60355  -35.417  -11.194  33.778 0.0000000000
60369  -35.585  -11.367  33.005 0.0000000000
60370  -36.395  -10.811  33.313 0.0000000000
121738  -37.130  -10.625  33.011 0.0000000000
60346  -39.093  -10.093  34.833 0.0000000000
60359  -39.613  -10.511  34.373 0.0000000000
60348  -40.525  -10.662  35.364 0.0000000000
59196  -41.300  -10.988  35.794 0.0000000000
59198  -42.916  -11.699  36.315 0.0000000000
39063  -23.321  -32.215  41.920 0.0000000000
39035  -22.785  -32.443  42.547 0.0000000000
126327  -22.634  -32.773  41.582 0.0000000000
41936  -22.090  -30.229  38.059 0.0000000000
40973  -22.566  -31.112  38.565 0.0000000000
41917  -21.524  -30.308  38.812 0.0000000000
40957  -20.342  -30.099  39.939 0.0000000000
40945  -21.467  -31.459  40.007 0.0000000000
40016  -20.986  -31.700  40.567 0.0000000000
39999  -21.194  -32.409  41.159 0.0000000000
39998  -20.423  -31.883  41.159 0.0000000000
39059  -20.621  -32.673  41.725 0.0000000000
40927  -19.610  -31.009  41.336 0.0000000000
33609  -8.055  -38.041  51.961 0.0000000000
49543  -39.783  -22.191  32.089 0.0000000000
51360  -39.399  -21.155  32.372 0.0000000000
51334  -38.433  -20.295  34.529 0.0000000000
134324  -37.039  -20.122  35.239 0.0000000000
52243  -37.169  -20.210  36.014 0.0000000000
47722  -42.241  -24.295  36.426 0.0000000000
47734  -41.930  -24.320  35.556 0.0000000000
50397  -41.590  -21.700  37.197 0.0000000000
50409  -41.833  -22.231  36.554 0.0000000000
50408  -41.324  -21.711  36.244 0.0000000000
51313  -41.056  -21.194  36.579 0.0000000000
52202  -39.306  -19.900  38.685 0.0000000000
51300  -39.744  -20.151  37.941 0.0000000000
51311  -39.679  -20.361  37.121 0.0000000000
139546  -39.009  -20.207  37.069 0.0000000000
129669  -37.034  -18.489  38.638 0.0000000000
52217  -37.557  -19.685  37.496 0.0000000000
53171  -36.850  -18.993  37.846 0.0000000000
53170  -36.141  -18.409  37.702 0.0000000000
56241  -36.221  -15.905  39.150 0.0000000000
56240  -35.886  -15.122  38.548 0.0000000000
57232  -36.106  -14.949  39.130 0.0000000000
57183  -37.678  -15.298  42.266 0.0000000000
139712  -37.277  -15.004  41.914 0.0000000000
58122  -35.816  -13.418  40.939 0.0000000000
128423  -28.116  -26.184  37.021 0.0000000000
45923  -27.970  -26.214  35.995 0.0000000000
47666  -32.992  -24.431  41.422 0.0000000000
46778  -32.188  -24.785  40.992 0.0000000000
47678  -33.448  -23.853  40.917 0.0000000000
48592  -33.143  -23.428  39.465 0.0000000000
48583  -32.965  -23.700  40.226 0.0000000000
48600  -31.717  -23.249  38.984 0.0000000000
126127  -32.509  -23.227  38.824 0.0000000000
46812  -35.738  -25.116  37.627 0.0000000000
47698  -35.251  -24.506  38.258 0.0000000000
40928  -26.425  -31.090  41.254 0.0000000000
40946  -26.016  -31.813  39.819 0.0000000000
40947  -26.470  -31.219  40.296 0.0000000000
42852  -27.393  -28.652  41.036 0.0000000000
41905  -27.274  -29.265  41.281 0.0000000000
41919  -27.071  -29.205  40.348 0.0000000000
41940  -26.512  -30.305  38.259 0.0000000000
41939  -25.877  -30.797  37.668 0.0000000000
41961  -25.278  -30.200  37.021 0.0000000000
41960  -24.296  -30.174  36.953 0.0000000000
69020  -46.826  -1.773  23.574 0.0000000000
69021  -47.594  -1.688  24.255 0.0000000000
69958  -48.579  -0.901  24.390 0.0000000000
70888  -51.340  -0.732  26.397 0.0000000000
69949  -50.456  -0.942  25.610 0.0000000000
70887  -50.813  -0.441  26.008 0.0000000000
71889  -50.088  0.905  24.822 0.0000000000
72863  -49.659  1.764  22.961 0.0000000000
130121  -50.764  2.760  23.369 0.0000000000
73855  -50.513  2.575  20.917 0.0000000000
74841  -52.412  3.728  24.234 0.0000000000
74847  -52.928  4.114  23.818 0.0000000000
74842  -53.014  4.013  24.672 0.0000000000
33686  -11.876  -37.823  46.090 0.0000000000
53185  -33.952  -18.107  35.454 0.0000000000
53194  -33.580  -18.192  34.672 0.0000000000
120214  -38.235  -10.619  32.328 0.0000000000
60399  -37.509  -10.741  31.665 0.0000000000
59275  -40.277  -10.642  32.149 0.0000000000
59274  -39.758  -10.485  31.313 0.0000000000
59290  -40.191  -10.674  30.408 0.0000000000
139948  -40.832  -10.994  30.373 0.0000000000
59241  -42.473  -11.897  33.304 0.0000000000
59263  -42.172  -11.795  32.823 0.0000000000
58232  -42.352  -12.060  32.033 0.0000000000
120977  -42.543  -12.145  30.384 0.0000000000
58257  -42.386  -12.030  31.207 0.0000000000
58268  -41.458  -11.609  29.647 0.0000000000
58281  -41.361  -12.030  29.006 0.0000000000
119983  -41.935  -12.470  28.877 0.0000000000
59326  -43.022  -13.157  27.829 0.0000000000
58291  -42.113  -12.775  28.024 0.0000000000
141020  -43.115  -12.829  27.277 0.0000000000
60424  -46.229  -12.074  28.986 0.0000000000
60433  -46.035  -11.993  28.156 0.0000000000
60434  -46.591  -11.571  28.562 0.0000000000
36802  -14.623  -34.115  48.582 0.0000000000
37886  -15.577  -34.018  49.952 0.0000000000
36790  -14.382  -34.156  49.304 0.0000000000
36780  -14.138  -34.293  49.886 0.0000000000
36801  -13.750  -34.470  48.865 0.0000000000
35787  -13.116  -34.937  48.241 0.0000000000
35795  -12.991  -35.155  47.237 0.0000000000
131923  -13.079  -35.702  45.690 0.0000000000
35819  -13.010  -36.347  45.253 0.0000000000
33660  -11.495  -37.712  48.380 0.0000000000
32570  -10.988  -38.424  49.129 0.0000000000
32569  -10.547  -39.128  49.354 0.0000000000
32549  -10.228  -38.515  50.676 0.0000000000
32560  -10.250  -38.986  49.983 0.0000000000
29348  -10.455  -42.162  47.634 0.0000000000
30473  -10.170  -41.223  48.368 0.0000000000
30453  -9.201  -40.341  49.712 0.0000000000
30454  -9.617  -40.412  49.244 0.0000000000
30441  -9.106  -39.950  50.444 0.0000000000
31487  -9.386  -39.491  50.670 0.0000000000
31486  -9.108  -39.709  50.884 0.0000000000
31475  -9.060  -39.571  51.162 0.0000000000
30440  -8.791  -40.008  50.722 0.0000000000
30450  -7.841  -40.922  50.034 0.0000000000
31485  -8.526  -39.878  50.751 0.0000000000
31484  -8.068  -39.823  50.671 0.0000000000
32548  -7.856  -39.385  50.947 0.0000000000
28176  -7.495  -42.732  47.660 0.0000000000
34687  -11.830  -36.508  51.141 0.0000000000
46860  -39.208  -25.571  34.242 0.0000000000
47748  -41.265  -24.266  34.896 0.0000000000
124922  -29.066  -26.749  39.911 0.0000000000
141236  -30.133  -25.332  40.235 0.0000000000
46776  -30.708  -25.141  40.453 0.0000000000
45959  -37.337  -26.218  34.587 0.0000000000
44914  -32.095  -26.875  43.650 0.0000000000
43883  -31.154  -26.857  43.027 0.0000000000
43892  -30.171  -27.154  42.712 0.0000000000
43906  -29.012  -27.617  41.624 0.0000000000
140724  -29.734  -27.366  42.125 0.0000000000
44936  -29.085  -27.248  40.672 0.0000000000
67121  -45.131  -3.874  23.830 0.0000000000
69973  -46.916  -1.303  22.567 0.0000000000
51345  -37.370  -20.321  33.371 0.0000000000
128894  -33.722  -12.975  32.274 0.0000000000
58242  -33.796  -13.008  31.458 0.0000000000
58255  -33.835  -13.048  30.504 0.0000000000
39030  -18.812  -32.593  43.395 0.0000000000
131622  -18.444  -32.656  43.978 0.0000000000
128046  -18.377  -32.995  44.576 0.0000000000
117804  -18.257  -33.257  45.392 0.0000000000
138053  -14.926  -32.722  43.044 0.0000000000
126868  -41.621  -26.080  38.430 0.0000000000
45916  -42.058  -25.711  38.148 0.0000000000
45901  -42.480  -24.949  39.291 0.0000000000
47693  -42.674  -23.641  40.025 0.0000000000
46738  -35.029  -24.854  43.714 0.0000000000
45855  -39.845  -26.213  41.827 0.0000000000
45870  -40.144  -26.361  40.943 0.0000000000
45869  -39.459  -26.408  40.304 0.0000000000
45881  -39.778  -26.643  39.510 0.0000000000
45899  -41.000  -26.326  38.816 0.0000000000
45830  -35.250  -25.419  44.532 0.0000000000
61403  -45.249  -11.435  26.905 0.0000000000
61415  -44.755  -10.597  26.345 0.0000000000
133452  -45.355  -10.156  26.392 0.0000000000
62375  -45.592  -9.436  26.278 0.0000000000
64251  -48.334  -8.024  26.132 0.0000000000
64266  -47.740  -7.124  25.710 0.0000000000
137185  -47.299  -5.145  25.515 0.0000000000
66118  -47.740  -4.608  25.382 0.0000000000
67116  -48.179  -3.865  25.355 0.0000000000
67101  -48.734  -4.876  25.218 0.0000000000
56260  -35.485  -15.385  37.798 0.0000000000
56259  -35.315  -15.152  37.564 0.0000000000
57254  -35.507  -14.880  37.754 0.0000000000
57253  -35.293  -14.732  37.468 0.0000000000
58178  -35.238  -14.224  37.316 0.0000000000
61320  -36.530  -10.220  38.039 0.0000000000
60323  -35.867  -10.526  37.572 0.0000000000
60332  -35.554  -10.534  36.864 0.0000000000
119619  -35.514  -10.667  35.965 0.0000000000
128650  -35.743  -10.725  35.067 0.0000000000
60357  -37.617  -10.209  34.154 0.0000000000
60345  -37.880  -9.960  34.863 0.0000000000
60333  -39.408  -10.034  35.424 0.0000000000
39982  -24.054  -31.665  42.087 0.0000000000
134435  -24.573  -32.269  40.745 0.0000000000
40019  -23.956  -32.277  40.707 0.0000000000
40032  -23.238  -32.124  40.170 0.0000000000
125268  -19.747  -30.368  40.554 0.0000000000
75812  -52.580  4.285  21.734 0.0000000000
75816  -52.508  4.283  21.078 0.0000000000
75813  -53.086  4.640  21.355 0.0000000000
117283  -53.675  4.939  20.751 0.0000000000
32530  -8.761  -38.471  52.306 0.0000000000
48656  -40.071  -23.281  33.396 0.0000000000
48665  -39.960  -22.659  32.714 0.0000000000
50435  -40.578  -21.836  33.157 0.0000000000
51347  -39.763  -20.833  33.092 0.0000000000
123149  -39.921  -20.594  33.959 0.0000000000
51335  -39.309  -20.331  34.632 0.0000000000
128823  -38.724  -20.261  35.409 0.0000000000
48613  -42.394  -22.933  37.697 0.0000000000
49504  -42.224  -22.824  36.733 0.0000000000
130943  -41.993  -21.979  37.974 0.0000000000
50384  -41.662  -21.344  38.214 0.0000000000
52182  -39.289  -19.563  40.508 0.0000000000
53148  -38.567  -19.074  40.171 0.0000000000
52190  -38.538  -19.332  39.302 0.0000000000
52201  -38.409  -19.591  38.465 0.0000000000
53157  -37.788  -18.883  38.988 0.0000000000
54135  -36.570  -17.533  38.876 0.0000000000
54136  -36.813  -17.266  39.495 0.0000000000
57181  -36.712  -14.342  42.958 0.0000000000
46809  -27.956  -24.739  37.118 0.0000000000
117226  -34.363  -23.735  40.879 0.0000000000
121191  -34.551  -23.843  39.786 0.0000000000
48593  -33.903  -23.549  39.194 0.0000000000
47720  -34.975  -24.627  36.186 0.0000000000
42886  -27.484  -28.541  39.100 0.0000000000
41942  -27.068  -29.123  39.453 0.0000000000
42885  -27.186  -29.026  38.594 0.0000000000
41979  -25.685  -29.666  36.454 0.0000000000
116668  -25.627  -29.207  35.559 0.0000000000
69012  -48.908  -2.309  25.095 0.0000000000
69957  -48.357  -1.631  24.662 0.0000000000
123838  -49.346  -0.715  24.787 0.0000000000
71883  -50.857  0.430  25.930 0.0000000000
72846  -50.344  1.652  24.552 0.0000000000
72854  -50.240  2.104  23.668 0.0000000000
74845  -51.466  3.403  23.090 0.0000000000
73841  -51.286  3.067  24.004 0.0000000000
73836  -51.869  3.275  24.570 0.0000000000
34730  -12.379  -37.108  45.625 0.0000000000
55168  -33.549  -16.373  35.600 0.0000000000
54166  -33.196  -17.550  34.556 0.0000000000
55167  -33.052  -16.747  34.816 0.0000000000
54175  -32.790  -17.280  34.037 0.0000000000
59339  -40.750  -11.825  27.575 0.0000000000
60388  -39.170  -10.502  33.545 0.0000000000
59260  -39.686  -10.682  32.959 0.0000000000
141077  -40.554  -10.767  32.844 0.0000000000
59276  -41.358  -10.984  32.110 0.0000000000
58233  -42.734  -12.411  31.963 0.0000000000
58244  -43.048  -12.486  31.240 0.0000000000
58270  -42.644  -12.611  29.462 0.0000000000
58282  -43.255  -13.176  28.718 0.0000000000
59327  -43.967  -13.144  28.091 0.0000000000
59343  -44.708  -12.563  27.638 0.0000000000
59328  -44.738  -13.088  28.561 0.0000000000
59312  -45.785  -12.544  29.332 0.0000000000
59313  -46.192  -12.078  30.115 0.0000000000
132274  -17.459  -34.074  48.421 0.0000000000
37916  -17.195  -34.015  49.317 0.0000000000
37901  -16.310  -34.125  49.755 0.0000000000
36818  -14.633  -34.146  47.739 0.0000000000
36817  -13.725  -34.495  47.502 0.0000000000
125358  -13.593  -34.717  46.714 0.0000000000
35820  -13.387  -35.690  45.082 0.0000000000
32582  -11.141  -38.473  48.313 0.0000000000
31518  -10.916  -39.416  47.908 0.0000000000
29336  -9.393  -42.814  48.394 0.0000000000
29328  -9.369  -41.700  48.722 0.0000000000
29317  -9.098  -40.867  49.391 0.0000000000
137782  -8.922  -40.633  49.719 0.0000000000
129797  -8.725  -40.240  50.365 0.0000000000
30451  -8.540  -40.661  50.008 0.0000000000
29314  -7.762  -41.215  49.489 0.0000000000
46734  -37.922  -25.598  44.239 0.0000000000
117155  -41.155  -26.264  41.816 0.0000000000
62351  -47.521  -9.399  29.292 0.0000000000
62358  -47.896  -9.742  28.297 0.0000000000
62359  -48.459  -9.054  27.758 0.0000000000
64253  -49.780  -7.505  26.543 0.0000000000
65174  -50.225  -6.936  26.121 0.0000000000
65189  -50.684  -6.291  25.936 0.0000000000
59143  -35.437  -12.648  39.499 0.0000000000
60298  -35.605  -11.735  39.359 0.0000000000
60313  -36.259  -10.693  38.657 0.0000000000
61311  -36.792  -10.248  38.983 0.0000000000
61312  -37.489  -9.884  38.366 0.0000000000
139814  -38.912  -9.708  36.877 0.0000000000
41938  -23.952  -30.745  37.494 0.0000000000
40974  -23.653  -31.332  38.161 0.0000000000
132932  -22.573  -30.167  37.465 0.0000000000
33595  -10.242  -36.950  53.346 0.0000000000
33610  -10.121  -37.854  52.262 0.0000000000
50418  -41.055  -21.247  34.838 0.0000000000
56208  -37.535  -16.507  41.386 0.0000000000
43956  -28.444  -28.088  36.766 0.0000000000
44964  -28.506  -27.269  37.035 0.0000000000
45906  -28.070  -25.611  37.561 0.0000000000
46787  -28.573  -25.465  38.963 0.0000000000
133487  -28.310  -25.827  38.390 0.0000000000
46800  -28.211  -25.042  38.149 0.0000000000
47696  -28.962  -23.612  38.332 0.0000000000
123860  -30.424  -22.717  38.324 0.0000000000
46791  -36.493  -25.332  39.418 0.0000000000
123904  -36.275  -25.548  37.948 0.0000000000
46828  -35.624  -25.141  36.662 0.0000000000
46843  -35.489  -25.258  35.686 0.0000000000
41891  -28.178  -29.000  42.634 0.0000000000
42870  -27.730  -28.060  40.637 0.0000000000
131990  -28.251  -27.893  41.409 0.0000000000
42887  -27.654  -28.149  39.651 0.0000000000
69951  -51.484  -1.554  26.432 0.0000000000
70889  -51.792  -0.925  26.801 0.0000000000
73809  -52.438  2.154  26.635 0.0000000000
57285  -32.474  -14.813  33.478 0.0000000000
119170  -39.089  -10.950  28.461 0.0000000000
59221  -41.856  -11.483  34.502 0.0000000000
129443  -41.650  -11.408  33.837 0.0000000000
59222  -42.559  -11.714  34.245 0.0000000000
59242  -42.897  -11.901  33.609 0.0000000000
134431  -43.251  -12.001  33.104 0.0000000000
59265  -43.649  -12.136  32.334 0.0000000000
119016  -44.385  -11.813  32.054 0.0000000000
59280  -45.288  -11.706  31.612 0.0000000000
38985  -19.586  -33.467  44.529 0.0000000000
119454  -20.020  -33.319  46.271 0.0000000000
38911  -18.454  -33.403  48.398 0.0000000000
116570  -18.034  -33.567  46.067 0.0000000000
38931  -17.857  -33.899  46.737 0.0000000000
38918  -17.797  -34.059  47.570 0.0000000000
37939  -17.052  -34.099  47.019 0.0000000000
37956  -14.280  -34.193  44.917 0.0000000000
134867  -8.826  -43.045  48.377 0.0000000000
45948  -40.105  -26.480  35.831 0.0000000000
46846  -40.319  -25.831  35.342 0.0000000000
46830  -40.683  -26.138  36.171 0.0000000000
47709  -42.377  -24.321  37.467 0.0000000000
46815  -42.273  -25.097  37.832 0.0000000000
139842  -42.423  -23.284  37.670 0.0000000000
49494  -42.656  -22.984  38.465 0.0000000000
47681  -42.886  -23.778  40.782 0.0000000000
45852  -32.026  -25.902  42.390 0.0000000000
46763  -31.709  -25.510  41.618 0.0000000000
46765  -33.182  -24.803  42.094 0.0000000000
47655  -33.786  -23.885  41.899 0.0000000000
47657  -35.359  -24.030  42.865 0.0000000000
119548  -35.248  -23.942  41.064 0.0000000000
46779  -36.268  -25.004  40.205 0.0000000000
46753  -37.731  -25.152  42.908 0.0000000000
117920  -37.455  -25.041  42.136 0.0000000000
133951  -37.948  -25.500  41.547 0.0000000000
134012  -37.456  -25.194  41.144 0.0000000000
135278  -36.850  -25.361  40.006 0.0000000000
45896  -37.241  -26.335  38.443 0.0000000000
118402  -37.821  -26.800  38.118 0.0000000000
128820  -38.354  -27.043  37.796 0.0000000000
44970  -38.741  -27.108  37.114 0.0000000000
45931  -39.549  -26.865  36.002 0.0000000000
43875  -33.121  -26.444  44.568 0.0000000000
44915  -32.619  -26.533  43.647 0.0000000000
44922  -32.365  -26.268  43.002 0.0000000000
60451  -42.550  -11.514  26.345 0.0000000000
62388  -43.807  -9.091  25.650 0.0000000000
63304  -43.003  -8.730  25.339 0.0000000000
62376  -46.497  -9.461  26.443 0.0000000000
63292  -45.902  -8.636  26.191 0.0000000000
63306  -45.279  -7.815  26.210 0.0000000000
64263  -44.510  -7.148  26.261 0.0000000000
65183  -43.642  -6.744  25.787 0.0000000000
65198  -43.842  -5.753  25.498 0.0000000000
66114  -44.214  -4.963  24.929 0.0000000000
68099  -45.955  -2.723  23.738 0.0000000000
69019  -46.214  -2.216  23.179 0.0000000000
69009  -46.523  -2.344  23.982 0.0000000000
68090  -48.575  -3.051  25.285 0.0000000000
69001  -50.802  -2.632  25.587 0.0000000000
66104  -50.456  -5.454  25.596 0.0000000000
126332  -51.167  -4.927  25.899 0.0000000000
119146  -51.337  -3.988  25.894 0.0000000000
68077  -51.363  -3.006  26.060 0.0000000000
68079  -51.753  -2.470  26.938 0.0000000000
53177  -35.113  -18.446  36.564 0.0000000000
130860  -34.985  -19.012  35.894 0.0000000000
53186  -34.508  -18.019  36.214 0.0000000000
54160  -33.895  -17.166  36.024 0.0000000000
55157  -34.827  -15.676  37.145 0.0000000000
55156  -34.128  -16.176  36.362 0.0000000000
120344  -33.536  -14.867  35.266 0.0000000000
59172  -35.452  -13.243  38.254 0.0000000000
58168  -35.333  -13.746  37.582 0.0000000000
58177  -34.936  -13.419  37.181 0.0000000000
58188  -34.698  -13.585  36.744 0.0000000000
57263  -34.316  -13.850  36.216 0.0000000000
56282  -33.825  -14.191  35.557 0.0000000000
57274  -33.228  -14.086  34.657 0.0000000000
58216  -33.013  -13.089  33.980 0.0000000000
137106  -34.612  -11.690  34.258 0.0000000000
59258  -34.880  -11.976  32.615 0.0000000000
60384  -35.607  -11.520  32.341 0.0000000000
60398  -35.986  -11.354  31.656 0.0000000000
60386  -37.355  -10.693  32.460 0.0000000000
60387  -38.087  -10.541  33.129 0.0000000000
60372  -38.415  -10.286  33.776 0.0000000000
60373  -39.665  -10.662  33.958 0.0000000000
60374  -40.265  -10.879  34.096 0.0000000000
61323  -39.448  -9.753  37.220 0.0000000000
60325  -40.080  -10.015  36.735 0.0000000000
60334  -39.989  -10.150  35.778 0.0000000000
60326  -40.881  -10.207  37.266 0.0000000000
60335  -40.683  -10.420  36.254 0.0000000000
59209  -41.142  -11.172  34.966 0.0000000000
59211  -42.661  -11.621  35.601 0.0000000000
121870  -22.665  -31.745  39.375 0.0000000000
40031  -22.227  -31.948  39.994 0.0000000000
40018  -22.526  -32.319  40.871 0.0000000000
40000  -21.985  -32.697  41.321 0.0000000000
39032  -20.826  -33.186  42.345 0.0000000000
39981  -20.034  -32.899  42.338 0.0000000000
39980  -19.176  -32.315  42.594 0.0000000000
39997  -19.119  -31.546  42.000 0.0000000000
117153  -38.223  -20.350  33.594 0.0000000000
133861  -41.734  -23.718  35.237 0.0000000000
49517  -41.888  -22.703  35.930 0.0000000000
48632  -41.789  -23.116  35.370 0.0000000000
49527  -41.511  -22.471  35.142 0.0000000000
50419  -41.287  -21.740  35.404 0.0000000000
51325  -41.031  -21.153  35.724 0.0000000000
119045  -40.896  -20.752  38.354 0.0000000000
51285  -40.170  -20.258  38.502 0.0000000000
51312  -40.500  -20.748  36.853 0.0000000000
51310  -39.076  -20.266  36.343 0.0000000000
51322  -38.091  -20.201  36.151 0.0000000000
52218  -38.180  -19.805  37.799 0.0000000000
52231  -37.441  -20.002  36.772 0.0000000000
52230  -36.587  -19.844  36.625 0.0000000000
52229  -35.681  -19.323  36.447 0.0000000000
133637  -35.564  -18.200  37.207 0.0000000000
55128  -35.507  -16.325  37.867 0.0000000000
54145  -35.880  -16.937  38.349 0.0000000000
55129  -35.698  -15.893  38.147 0.0000000000
56252  -35.745  -15.062  38.163 0.0000000000
121873  -35.780  -14.686  38.360 0.0000000000
58149  -35.838  -13.928  39.026 0.0000000000
56207  -37.038  -16.018  40.718 0.0000000000
57221  -36.510  -15.525  40.025 0.0000000000
57192  -36.856  -14.815  41.358 0.0000000000
57204  -36.758  -15.029  40.998 0.0000000000
57220  -36.460  -15.031  40.122 0.0000000000
58138  -35.785  -13.656  39.720 0.0000000000
47676  -31.452  -24.589  40.393 0.0000000000
47677  -32.207  -24.094  40.272 0.0000000000
47689  -31.392  -23.886  39.666 0.0000000000
48590  -30.837  -23.276  38.943 0.0000000000
48599  -31.213  -22.675  38.398 0.0000000000
47690  -34.606  -23.946  38.774 0.0000000000
48602  -34.025  -23.524  38.260 0.0000000000
48612  -34.056  -23.553  37.401 0.0000000000
48610  -32.547  -22.942  37.900 0.0000000000
49480  -31.681  -22.332  37.785 0.0000000000
40021  -25.913  -31.767  40.855 0.0000000000
41890  -27.642  -29.388  42.078 0.0000000000
41904  -26.901  -29.831  40.578 0.0000000000
40962  -26.739  -30.535  39.925 0.0000000000
41941  -26.832  -29.675  38.903 0.0000000000
40978  -26.703  -30.461  39.100 0.0000000000
40961  -26.506  -31.196  39.387 0.0000000000
40976  -25.430  -31.552  38.199 0.0000000000
40975  -24.502  -31.373  37.892 0.0000000000
42902  -23.721  -29.590  36.511 0.0000000000
69964  -47.882  -1.084  23.941 0.0000000000
69963  -47.505  -0.756  22.980 0.0000000000
70907  -47.907  -0.174  22.425 0.0000000000
71904  -48.382  0.425  21.904 0.0000000000
70894  -49.925  -0.559  25.206 0.0000000000
70893  -49.634  0.286  24.600 0.0000000000
71909  -48.966  0.960  21.398 0.0000000000
72878  -49.542  1.464  20.853 0.0000000000
72864  -49.929  2.266  22.190 0.0000000000
72870  -49.907  2.254  21.305 0.0000000000
74857  -51.474  3.355  20.960 0.0000000000
74852  -52.224  3.948  22.461 0.0000000000
74853  -52.838  4.137  23.074 0.0000000000
75802  -53.579  4.414  24.188 0.0000000000
35786  -12.606  -35.746  48.737 0.0000000000
34709  -12.264  -36.460  49.167 0.0000000000
34719  -12.139  -36.475  48.383 0.0000000000
34724  -11.696  -37.208  48.003 0.0000000000
33672  -11.414  -38.010  47.698 0.0000000000
33685  -11.451  -38.311  46.828 0.0000000000
32606  -11.403  -39.169  46.536 0.0000000000
53195  -34.840  -19.357  35.069 0.0000000000
52253  -34.659  -19.467  34.139 0.0000000000
55205  -32.304  -15.786  33.003 0.0000000000
60450  -41.465  -11.400  26.262 0.0000000000
125036  -36.749  -11.048  31.142 0.0000000000
60410  -37.524  -10.744  30.698 0.0000000000
60411  -38.401  -10.540  30.134 0.0000000000
121266  -39.446  -10.653  29.567 0.0000000000
59309  -40.072  -10.968  28.931 0.0000000000
117355  -41.713  -11.364  33.229 0.0000000000
59262  -41.890  -11.463  32.508 0.0000000000
59292  -41.816  -11.374  31.149 0.0000000000
59291  -41.406  -11.242  30.353 0.0000000000
59324  -40.785  -11.734  28.302 0.0000000000
59340  -41.528  -12.264  27.444 0.0000000000
59356  -42.052  -12.096  26.809 0.0000000000
60452  -43.556  -11.508  26.381 0.0000000000
60441  -44.843  -11.911  27.072 0.0000000000
60442  -46.145  -11.529  27.494 0.0000000000
122929  -47.061  -11.119  28.107 0.0000000000
131025  -46.035  -11.565  31.171 0.0000000000
35771  -13.330  -34.992  49.908 0.0000000000
37875  -15.106  -33.476  50.765 0.0000000000
35794  -12.506  -35.784  47.838 0.0000000000
35805  -12.623  -36.255  45.938 0.0000000000
36861  -13.733  -34.880  44.963 0.0000000000
35834  -13.780  -35.748  44.190 0.0000000000
34698  -12.355  -36.414  49.771 0.0000000000
34708  -11.855  -37.102  49.588 0.0000000000
33636  -11.382  -37.449  50.273 0.0000000000
133935  -11.299  -37.767  49.597 0.0000000000
32550  -10.760  -37.776  50.887 0.0000000000
33624  -10.211  -38.142  51.518 0.0000000000
32539  -9.964  -38.097  52.001 0.0000000000
30474  -10.692  -40.955  47.785 0.0000000000
123002  -10.351  -40.522  48.386 0.0000000000
30464  -9.746  -41.168  48.724 0.0000000000
31499  -9.981  -39.750  49.471 0.0000000000
31488  -9.938  -39.099  50.294 0.0000000000
132734  -9.735  -38.369  51.930 0.0000000000
31468  -9.423  -38.790  51.679 0.0000000000
31467  -8.955  -39.157  51.884 0.0000000000
32538  -8.816  -39.142  51.647 0.0000000000
30434  -8.792  -39.943  50.745 0.0000000000
32537  -8.394  -39.037  51.470 0.0000000000
28165  -8.429  -42.863  48.069 0.0000000000
127517  -8.318  -43.889  47.850 0.0000000000
29327  -8.096  -41.743  48.658 0.0000000000
30463  -7.303  -41.016  49.336 0.0000000000
30439  -7.863  -40.454  50.304 0.0000000000
31476  -9.469  -38.849  51.489 0.0000000000
32524  -9.678  -37.536  53.013 0.0000000000
32525  -9.904  -37.524  52.984 0.0000000000
33601  -10.033  -37.506  52.904 0.0000000000
33611  -10.308  -37.357  52.646 0.0000000000
33703  -12.448  -38.004  45.133 0.0000000000
34672  -11.362  -36.680  51.825 0.0000000000
36769  -14.268  -33.908  51.049 0.0000000000
38903  -17.525  -33.444  49.848 0.0000000000
38904  -18.058  -33.088  49.067 0.0000000000
38955  -17.605  -33.345  45.785 0.0000000000
38983  -17.647  -32.834  45.183 0.0000000000
39061  -22.253  -33.125  41.961 0.0000000000
39062  -22.899  -32.965  41.993 0.0000000000
41889  -27.127  -29.871  41.481 0.0000000000
44957  -39.051  -27.062  37.983 0.0000000000
45898  -39.365  -26.840  38.748 0.0000000000
46775  -29.659  -25.555  40.048 0.0000000000
46794  -42.478  -24.109  40.301 0.0000000000
46804  -42.723  -24.580  39.153 0.0000000000
46814  -41.924  -25.608  37.376 0.0000000000
47692  -42.600  -24.110  39.559 0.0000000000
47699  -42.895  -24.065  39.003 0.0000000000
47721  -41.902  -25.036  35.976 0.0000000000
49483  -43.067  -22.929  39.504 0.0000000000
51287  -42.055  -21.225  38.993 0.0000000000
57191  -36.803  -14.486  42.098 0.0000000000
57193  -37.281  -15.399  41.528 0.0000000000
58158  -35.755  -14.022  38.312 0.0000000000
58159  -35.850  -14.480  38.579 0.0000000000
58243  -42.623  -12.312  31.505 0.0000000000
58245  -43.881  -12.522  31.002 0.0000000000
58283  -44.042  -13.249  28.842 0.0000000000
59186  -35.206  -12.949  37.919 0.0000000000
59279  -44.908  -12.312  31.377 0.0000000000
59311  -45.241  -13.045  29.273 0.0000000000
60299  -36.269  -10.958  39.312 0.0000000000
69003  -51.591  -2.270  26.558 0.0000000000
119590  -20.319  -33.507  44.692 0.0000000000
120206  -14.859  -33.918  49.715 0.0000000000
123225  -13.897  -34.384  50.430 0.0000000000
126713  -49.048  -6.639  25.528 0.0000000000
132268  -42.516  -12.114  32.540 0.0000000000
132652  -12.022  -36.654  50.414 0.0000000000
134996  -41.457  -24.861  35.394 0.0000000000
137202  -52.000  2.417  26.113 0.0000000000
137224  -38.959  -27.049  36.314 0.0000000000
137612  -19.393  -33.317  46.732 0.0000000000
137797  -16.251  -34.113  47.337 0.0000000000
137942  -13.704  -34.576  49.475 0.0000000000
138070  -18.276  -33.813  47.147 0.0000000000
138271  -51.744  -2.110  26.866 0.0000000000
138920  -41.946  -25.373  40.504 0.0000000000
139114  -42.123  -11.672  33.858 0.0000000000
140052  -26.435  -29.130  35.382 0.0000000000
140521  -20.845  -30.918  40.131 0.0000000000
140527  -34.620  -16.077  36.875 0.0000000000
