#!ascii label  , from subject sub-v1s12x0050109_ses-1 vox2ras=TkReg
887
72419  -23.097  0.321  -24.943 0.5555555820
126268  -23.615  0.851  -25.666 0.6666666865
73404  -23.651  1.543  -25.917 0.7777777910
73405  -24.178  1.670  -26.359 0.7777777910
75357  -23.919  3.061  -26.696 0.8888888955
75377  -26.721  3.338  -27.837 0.8888888955
71452  -22.646  0.142  -24.303 0.5555555820
72418  -22.701  0.867  -24.738 0.5555555820
73389  -23.215  1.497  -25.517 0.6666666865
74373  -23.262  2.070  -25.758 0.8888888955
74393  -24.912  1.959  -26.761 0.8888888955
74409  -24.810  2.725  -27.070 0.8888888955
76403  -25.290  4.156  -27.684 1.0000000000
76422  -26.656  4.798  -28.218 1.0000000000
130953  -22.607  1.909  -24.946 0.7777777910
75355  -22.790  3.503  -25.942 1.0000000000
76385  -22.692  4.300  -26.147 1.0000000000
75356  -23.265  3.691  -26.465 1.0000000000
76401  -23.942  4.855  -27.332 1.0000000000
76386  -23.267  4.485  -26.751 1.0000000000
76402  -24.854  4.901  -27.774 1.0000000000
77404  -23.578  5.704  -27.319 1.0000000000
77405  -24.365  5.647  -27.713 1.0000000000
77423  -25.210  5.664  -28.148 1.0000000000
77424  -26.246  5.746  -28.412 1.0000000000
78389  -24.608  6.470  -28.099 1.0000000000
78390  -25.478  6.459  -28.443 1.0000000000
78392  -27.112  6.392  -28.582 1.0000000000
79346  -26.371  7.563  -28.862 1.0000000000
79347  -27.189  7.378  -28.563 0.7777777910
77380  -22.234  5.111  -25.773 0.8888888955
77392  -22.703  5.085  -26.477 1.0000000000
78374  -23.917  6.265  -27.657 1.0000000000
77403  -22.843  5.804  -26.861 1.0000000000
78373  -23.149  6.537  -27.326 1.0000000000
79344  -24.479  7.388  -28.422 1.0000000000
79345  -25.487  7.296  -28.722 1.0000000000
79359  -25.737  7.993  -29.089 1.0000000000
80289  -26.705  8.275  -28.746 1.0000000000
81278  -26.877  9.078  -28.619 1.0000000000
81279  -27.507  9.380  -28.195 0.7777777910
80291  -28.045  8.976  -27.742 0.7777777910
78364  -21.445  6.975  -25.768 0.5555555820
132800  -21.734  8.961  -27.195 0.7777777910
139240  -21.924  7.835  -26.899 0.8888888955
79343  -23.560  7.720  -28.002 1.0000000000
78388  -23.838  6.958  -27.825 1.0000000000
122382  -23.163  8.366  -28.043 0.8888888955
80288  -23.996  8.357  -28.616 1.0000000000
79358  -24.955  8.099  -28.989 1.0000000000
80307  -25.546  8.768  -29.369 1.0000000000
80308  -26.283  8.955  -29.170 0.8888888955
81293  -25.828  9.662  -29.478 1.0000000000
81294  -26.481  9.728  -29.014 0.8888888955
82261  -28.055  10.744  -27.871 0.7777777910
82246  -28.637  10.352  -27.430 0.6666666865
81224  -21.164  8.795  -25.919 0.4444444478
80272  -21.469  8.661  -26.662 0.7777777910
81259  -21.355  9.426  -26.671 0.6666666865
81275  -22.091  10.233  -27.973 0.7777777910
81276  -22.605  9.595  -28.164 0.8888888955
81277  -23.480  9.698  -28.760 0.8888888955
80306  -24.602  8.920  -29.227 1.0000000000
82274  -24.531  10.418  -29.611 1.0000000000
82275  -25.294  10.423  -29.688 1.0000000000
82276  -26.124  10.542  -29.337 1.0000000000
121463  -26.639  11.096  -28.872 0.7777777910
82260  -27.417  11.122  -28.452 0.7777777910
121688  -28.705  11.185  -27.693 0.5555555820
83159  -27.751  11.933  -28.509 0.7777777910
138679  -28.726  11.870  -27.930 0.6666666865
134633  -21.527  10.967  -27.306 0.6666666865
82231  -21.176  10.048  -26.421 0.6666666865
82245  -21.881  10.941  -27.788 0.7777777910
82258  -22.955  10.366  -28.587 0.8888888955
82273  -23.761  10.401  -29.189 0.8888888955
133467  -23.289  11.116  -28.982 1.0000000000
117115  -24.032  11.154  -29.504 1.0000000000
122228  -24.822  11.265  -29.809 1.0000000000
135990  -25.526  11.099  -29.616 0.8888888955
83158  -26.858  11.940  -28.805 0.8888888955
84116  -26.015  12.383  -29.323 0.8888888955
84102  -26.696  12.984  -28.852 0.7777777910
84103  -27.598  12.692  -28.588 0.7777777910
84104  -28.400  12.450  -28.305 0.7777777910
119546  -29.023  12.622  -27.785 0.6666666865
83144  -21.117  11.652  -27.168 0.6666666865
129499  -21.063  11.021  -26.642 0.5555555820
83157  -21.702  11.805  -27.810 0.7777777910
125662  -22.295  12.078  -28.445 0.8888888955
83171  -23.512  11.832  -29.274 0.8888888955
84113  -23.667  12.579  -29.382 1.0000000000
83172  -24.226  11.916  -29.644 1.0000000000
84115  -25.177  12.773  -29.659 1.0000000000
83173  -25.393  11.839  -29.677 0.8888888955
85090  -27.307  13.726  -28.294 0.7777777910
85078  -27.883  14.486  -28.131 0.7777777910
84094  -28.964  13.472  -28.049 0.6666666865
85080  -29.449  13.986  -28.871 0.5555555820
84105  -29.726  13.468  -28.241 0.5555555820
84093  -21.214  12.671  -27.769 0.7777777910
84092  -20.749  12.713  -27.218 0.6666666865
84100  -21.740  12.649  -28.251 0.8888888955
85099  -23.877  13.230  -29.478 1.0000000000
85100  -24.495  13.431  -29.585 1.0000000000
85102  -25.865  13.339  -29.232 0.8888888955
86035  -26.241  14.922  -28.708 0.8888888955
86027  -28.354  15.114  -29.136 0.7777777910
86026  -27.477  15.319  -28.495 0.7777777910
86017  -28.792  15.653  -29.460 0.5555555820
86028  -29.472  14.734  -29.659 0.5555555820
115883  -20.463  14.371  -25.241 0.4444444478
85070  -20.576  13.521  -27.200 0.5555555820
85088  -22.158  13.845  -28.839 0.7777777910
85098  -23.034  13.394  -29.250 1.0000000000
125270  -23.779  14.075  -29.602 1.0000000000
86045  -25.014  14.629  -29.467 0.8888888955
86034  -25.522  15.202  -29.088 0.8888888955
86046  -25.717  14.302  -29.140 0.8888888955
86025  -26.652  15.503  -28.415 0.8888888955
86937  -27.896  15.821  -28.881 0.6666666865
116609  -22.727  16.140  -28.420 0.6666666865
86024  -21.956  14.834  -28.092 0.6666666865
86943  -23.264  15.824  -28.579 0.7777777910
86956  -24.786  15.404  -29.235 0.8888888955
86944  -24.310  15.967  -28.596 0.7777777910
86945  -25.156  15.909  -28.604 0.7777777910
86935  -25.539  16.523  -28.753 0.7777777910
86946  -25.889  15.736  -28.455 0.8888888955
117337  -26.145  16.443  -28.384 0.7777777910
86936  -26.194  16.148  -28.189 0.7777777910
133566  -26.954  15.975  -28.287 0.6666666865
116347  -26.120  16.730  -27.945 0.6666666865
132474  -26.896  16.697  -27.311 0.6666666865
86926  -27.490  16.362  -28.076 0.6666666865
115905  -26.767  17.609  -26.165 0.6666666865
116410  -27.280  17.151  -26.545 0.5555555820
88707  -28.548  17.185  -27.263 0.5555555820
86927  -28.408  16.359  -28.758 0.4444444478
116558  -28.135  17.263  -26.353 0.5555555820
116258  -22.036  17.025  -28.608 0.3333333433
115887  -22.197  16.726  -28.509 0.3333333433
116399  -22.706  16.719  -28.657 0.5555555820
115890  -23.495  16.398  -28.624 0.6666666865
137433  -23.257  17.225  -29.040 0.5555555820
116319  -23.859  17.040  -29.070 0.7777777910
132498  -24.916  17.003  -29.264 0.7777777910
124218  -25.632  17.867  -29.294 0.6666666865
115892  -25.682  17.001  -29.010 0.6666666865
115896  -26.055  17.423  -29.046 0.6666666865
115899  -26.163  17.295  -27.874 0.6666666865
117116  -26.297  17.763  -27.181 0.6666666865
116831  -27.803  17.676  -25.811 0.5555555820
116464  -28.494  18.433  -25.159 0.5555555820
116415  -27.275  18.344  -25.499 0.6666666865
135960  -22.699  17.801  -29.050 0.4444444478
116174  -22.120  16.239  -27.126 0.4444444478
115889  -22.584  17.325  -28.830 0.4444444478
115893  -24.154  17.857  -29.266 0.6666666865
116215  -24.844  17.399  -29.367 0.6666666865
115895  -26.313  18.085  -28.728 0.6666666865
116478  -26.470  18.486  -27.643 0.6666666865
116276  -26.605  19.149  -25.614 0.6666666865
115914  -27.740  19.177  -24.892 0.5555555820
115897  -22.337  18.121  -28.796 0.4444444478
116257  -24.961  18.593  -29.423 0.6666666865
115891  -25.824  18.467  -29.333 0.6666666865
116380  -25.934  19.094  -29.300 0.6666666865
115909  -26.481  19.280  -27.154 0.6666666865
74391  -23.602  2.325  -26.216 0.8888888955
74372  -22.779  2.278  -25.338 1.0000000000
122477  -23.245  3.020  -26.261 1.0000000000
75374  -23.876  3.958  -27.045 1.0000000000
76421  -25.738  4.875  -28.078 1.0000000000
140302  -21.244  9.354  -26.346 0.5555555820
83174  -26.096  11.471  -29.312 0.8888888955
83131  -20.719  11.878  -26.708 0.5555555820
86923  -20.762  14.531  -26.101 0.5555555820
85087  -21.399  13.468  -28.342 0.7777777910
127897  -24.539  14.131  -29.589 1.0000000000
86036  -27.000  14.640  -28.278 0.8888888955
115884  -20.885  14.534  -25.534 0.2222222239
116459  -24.544  16.434  -28.939 0.7777777910
132894  -28.205  16.831  -27.999 0.4444444478
116306  -24.667  19.191  -29.204 0.6666666865
82214  -21.061  10.141  -26.108 0.4444444478
83115  -20.866  11.042  -26.300 0.4444444478
89543  -29.342  18.928  -24.991 0.5555555820
89549  -29.343  18.390  -25.663 0.5555555820
115900  -22.090  17.606  -28.646 0.2222222239
90371  -28.864  19.385  -24.716 0.5555555820
70480  -23.524  -0.992  -24.673 0.5555555820
70491  -23.776  -0.518  -25.146 0.5555555820
72436  -23.598  0.127  -25.376 0.6666666865
123829  -24.005  0.318  -25.797 0.5555555820
71476  -24.617  0.343  -26.009 0.5555555820
73420  -26.523  2.079  -27.169 0.7777777910
136870  -26.389  2.712  -27.514 0.8888888955
70479  -22.760  -0.864  -24.089 0.5555555820
73406  -24.938  1.093  -26.433 0.6666666865
73419  -25.767  1.590  -26.865 0.6666666865
74410  -25.683  2.347  -27.244 0.8888888955
75378  -27.557  3.528  -27.836 0.7777777910
76423  -27.397  4.687  -28.236 0.8888888955
71438  -22.326  -0.345  -23.548 0.4444444478
72404  -22.102  0.923  -23.609 0.5555555820
77425  -27.241  5.412  -28.362 1.0000000000
74350  -22.112  2.242  -23.940 0.2222222239
74362  -22.327  2.925  -24.747 0.6666666865
78393  -27.814  6.707  -28.218 0.8888888955
79348  -27.896  7.531  -27.983 0.6666666865
80290  -27.485  8.391  -28.254 0.7777777910
76362  -21.908  4.473  -24.803 0.5555555820
81262  -28.589  9.451  -27.293 0.6666666865
77379  -21.660  5.981  -24.965 0.4444444478
83145  -29.284  11.753  -27.484 0.5555555820
129035  -21.000  7.518  -25.170 0.2222222239
81203  -21.162  8.987  -25.814 0.4444444478
134581  -20.516  11.820  -24.527 0.3333333433
85093  -30.778  13.746  -28.906 0.5555555820
116599  -20.506  13.519  -26.929 0.4444444478
86038  -31.318  14.345  -30.066 0.4444444478
134879  -20.610  14.133  -23.994 0.3333333433
86938  -29.761  15.264  -29.707 0.5555555820
86928  -29.124  16.230  -29.144 0.4444444478
116531  -22.526  15.779  -27.228 0.3333333433
115888  -22.704  16.048  -28.258 0.4444444478
88700  -28.962  17.707  -26.452 0.4444444478
121098  -29.756  19.109  -25.332 0.2222222239
116365  -23.451  18.403  -29.110 0.6666666865
116463  -26.444  18.861  -28.701 0.6666666865
116391  -26.337  19.627  -28.351 0.6666666865
132395  -26.476  20.264  -27.266 0.6666666865
115917  -26.673  20.619  -25.329 0.6666666865
116497  -26.456  20.021  -25.998 0.6666666865
125504  -27.035  19.961  -24.991 0.6666666865
91201  -28.149  20.123  -24.632 0.4444444478
90373  -29.679  19.612  -24.852 0.3333333433
115901  -23.490  19.067  -28.930 0.5555555820
72435  -23.162  0.831  -25.272 0.6666666865
71453  -23.267  -0.281  -24.789 0.5555555820
72448  -24.104  0.927  -26.065 0.7777777910
75375  -24.652  3.557  -27.279 1.0000000000
74392  -24.232  2.331  -26.616 0.8888888955
75376  -25.683  3.257  -27.549 1.0000000000
124282  -22.282  0.398  -23.729 0.5555555820
72417  -22.306  0.919  -24.121 0.5555555820
73388  -22.771  1.490  -25.082 0.5555555820
119121  -26.205  4.061  -27.968 1.0000000000
126971  -24.517  4.277  -27.430 1.0000000000
76404  -27.112  4.053  -28.140 1.0000000000
74361  -22.263  2.232  -24.290 0.5555555820
73375  -22.429  1.526  -24.482 0.6666666865
74390  -22.983  2.719  -25.861 1.0000000000
75340  -22.550  3.239  -25.374 0.8888888955
76372  -22.327  4.226  -25.410 0.8888888955
129960  -23.251  5.164  -26.970 1.0000000000
78391  -26.272  6.737  -28.667 1.0000000000
138719  -25.005  6.903  -28.427 1.0000000000
140230  -26.780  7.003  -28.754 1.0000000000
77391  -22.228  5.912  -26.201 1.0000000000
77390  -21.781  6.144  -25.522 0.5555555820
76371  -21.870  5.192  -25.142 0.6666666865
78372  -22.325  6.593  -26.716 0.8888888955
79334  -23.135  7.280  -27.570 1.0000000000
140843  -27.014  9.764  -28.522 0.8888888955
81280  -28.008  9.880  -27.689 0.6666666865
78353  -21.211  6.932  -25.095 0.5555555820
78354  -21.350  6.778  -25.275 0.5555555820
79309  -21.233  7.434  -25.671 0.6666666865
79323  -21.331  7.739  -26.149 0.6666666865
78365  -21.694  6.794  -26.128 0.7777777910
79324  -21.759  7.392  -26.546 0.7777777910
79332  -21.471  7.989  -26.462 0.7777777910
81260  -21.576  9.143  -27.057 0.6666666865
81261  -21.829  9.479  -27.450 0.8888888955
80273  -21.894  8.383  -27.085 0.8888888955
80286  -22.362  8.831  -27.645 0.8888888955
79333  -22.446  7.247  -27.134 0.8888888955
79342  -22.617  7.958  -27.483 1.0000000000
80287  -23.255  8.992  -28.377 0.8888888955
80305  -23.937  9.127  -28.881 1.0000000000
82259  -26.822  10.413  -28.680 0.8888888955
121661  -27.488  10.219  -28.238 0.7777777910
83160  -28.201  11.556  -28.160 0.6666666865
82247  -29.250  10.801  -27.203 0.5555555820
81245  -21.357  8.814  -26.447 0.5555555820
80200  -20.591  8.642  -24.315 0.3333333433
129769  -20.948  8.017  -25.492 0.3333333433
80258  -21.215  8.504  -26.096 0.4444444478
79322  -21.143  7.902  -25.882 0.6666666865
125915  -21.542  10.032  -27.243 0.6666666865
81291  -24.226  9.684  -29.289 1.0000000000
82257  -22.491  11.149  -28.392 0.8888888955
119688  -24.812  12.077  -29.828 1.0000000000
85091  -28.208  13.485  -28.245 0.7777777910
82199  -20.925  10.626  -26.067 0.4444444478
84112  -22.935  12.461  -28.992 0.8888888955
84114  -24.389  12.659  -29.636 1.0000000000
85079  -28.763  14.262  -28.487 0.6666666865
85092  -30.315  14.122  -29.708 0.5555555820
84085  -20.580  12.755  -26.774 0.5555555820
84101  -22.201  13.012  -28.752 0.8888888955
85101  -25.145  13.757  -29.492 1.0000000000
85089  -26.475  13.971  -28.567 0.8888888955
136612  -20.549  14.051  -27.253 0.5555555820
85086  -20.893  14.076  -28.132 0.5555555820
127496  -22.890  14.485  -29.239 1.0000000000
86954  -23.239  15.253  -29.101 0.7777777910
137454  -22.227  14.535  -28.635 0.7777777910
86044  -24.281  14.819  -29.594 0.8888888955
86043  -23.598  14.882  -29.515 0.7777777910
86934  -22.426  15.580  -28.259 0.5555555820
86942  -22.598  15.150  -28.636 0.7777777910
86023  -21.160  14.463  -27.856 0.7777777910
115886  -21.504  14.721  -27.712 0.6666666865
86955  -24.009  15.571  -29.072 0.7777777910
137886  -26.660  16.338  -27.922 0.6666666865
116225  -26.261  16.946  -26.870 0.6666666865
115903  -27.705  16.783  -27.108 0.5555555820
87805  -28.889  16.894  -28.296 0.4444444478
89548  -28.561  17.824  -25.787 0.5555555820
116260  -22.287  16.943  -28.688 0.5555555820
116423  -26.393  18.430  -26.425 0.6666666865
84077  -20.619  11.846  -26.379 0.4444444478
118672  -21.425  14.804  -26.584 0.3333333433
82200  -21.121  9.590  -25.902 0.4444444478
83114  -20.721  11.328  -26.159 0.4444444478
91202  -29.198  20.322  -24.580 0.3333333433
134287  -22.251  -1.257  -23.186 0.4444444478
70465  -22.649  -1.647  -23.567 0.5555555820
77426  -27.916  5.862  -28.298 0.7777777910
122263  -28.121  8.209  -27.746 0.6666666865
75330  -22.203  3.768  -24.957 0.7777777910
123295  -21.031  7.971  -25.671 0.3333333433
79308  -21.142  7.487  -25.464 0.3333333433
78319  -20.760  6.908  -23.579 0.1111111119
79274  -20.405  8.189  -24.021 0.1111111119
83102  -20.834  10.535  -24.787 0.4444444478
83101  -20.089  12.413  -24.450 0.3333333433
85058  -19.997  13.424  -25.230 0.3333333433
133447  -22.215  15.073  -27.053 0.3333333433
116419  -27.376  20.816  -24.780 0.6666666865
92069  -28.400  21.067  -24.544 0.4444444478
71467  -26.898  -0.265  -25.057 0.4444444478
71440  -28.591  -0.534  -23.558 0.2222222239
70481  -24.569  -1.792  -24.857 0.4444444478
70482  -25.391  -1.659  -24.902 0.4444444478
71465  -24.379  -0.409  -25.552 0.4444444478
70493  -25.315  -0.867  -25.393 0.4444444478
71466  -26.161  -0.449  -25.465 0.4444444478
72438  -26.784  0.232  -25.539 0.4444444478
72421  -28.323  0.611  -24.528 0.2222222239
72449  -25.361  0.452  -26.203 0.4444444478
72437  -26.062  0.234  -26.033 0.4444444478
72451  -26.693  0.813  -26.112 0.4444444478
73376  -28.444  1.350  -24.843 0.1111111119
134930  -29.708  1.700  -23.837 0.1111111119
73391  -27.922  1.414  -25.529 0.3333333433
72450  -25.924  0.873  -26.485 0.4444444478
73408  -27.321  1.396  -26.163 0.3333333433
73409  -27.941  2.004  -26.131 0.3333333433
74363  -29.108  1.930  -24.579 0.2222222239
73407  -26.615  1.413  -26.671 0.4444444478
122538  -29.016  3.313  -25.872 0.2222222239
75343  -30.376  3.985  -25.137 0.1111111119
74395  -27.932  2.647  -26.754 0.3333333433
75358  -28.544  3.415  -26.694 0.3333333433
75379  -28.250  3.837  -27.612 0.5555555820
76406  -28.485  4.634  -27.831 0.6666666865
77408  -29.077  5.166  -27.316 0.4444444478
77406  -27.973  5.022  -28.217 0.6666666865
78366  -29.609  6.696  -26.863 0.3333333433
77407  -28.577  5.466  -27.949 0.6666666865
78376  -28.923  6.811  -27.442 0.5555555820
78375  -28.312  6.976  -27.760 0.5555555820
79336  -29.245  7.356  -27.081 0.5555555820
122831  -29.172  8.083  -26.919 0.3333333433
80275  -29.151  8.974  -26.839 0.4444444478
81263  -29.170  9.905  -26.934 0.5555555820
115915  -25.663  19.789  -28.880 0.5555555820
116190  -26.448  21.143  -27.353 0.5555555820
116238  -26.508  20.870  -26.185 0.5555555820
92937  -26.799  22.213  -25.491 0.5555555820
70494  -25.973  -1.111  -25.080 0.4444444478
71456  -28.114  -0.160  -24.254 0.2222222239
74374  -28.508  2.043  -25.346 0.2222222239
75341  -28.535  2.689  -25.997 0.2222222239
74375  -29.252  2.763  -25.181 0.1111111119
76387  -28.864  4.315  -27.019 0.4444444478
75359  -29.265  3.976  -26.200 0.3333333433
80260  -29.831  8.452  -26.599 0.3333333433
83146  -29.856  12.215  -27.054 0.4444444478
132298  -25.791  21.380  -28.095 0.5555555820
77394  -30.011  5.503  -26.166 0.2222222239
116404  -26.716  21.431  -25.253 0.5555555820
68575  -25.331  -2.955  -24.103 0.4444444478
69529  -25.907  -2.348  -24.159 0.4444444478
70467  -26.840  -1.968  -23.874 0.4444444478
71439  -27.868  -0.903  -23.922 0.2222222239
71423  -29.040  -0.949  -22.898 0.1111111119
128781  -23.897  -1.755  -24.607 0.4444444478
69528  -25.022  -2.481  -24.575 0.4444444478
73377  -29.037  1.092  -24.178 0.1111111119
71441  -29.318  -0.174  -23.141 0.1111111119
74364  -29.855  2.478  -24.338 0.1111111119
75332  -30.792  3.629  -24.523 0.1111111119
76374  -30.641  4.715  -25.461 0.1111111119
77381  -30.725  5.581  -25.749 0.2222222239
119709  -30.348  7.082  -26.346 0.1111111119
78367  -30.196  6.227  -26.256 0.2222222239
80261  -30.407  8.833  -26.147 0.2222222239
81246  -29.815  9.383  -26.557 0.3333333433
83135  -29.840  11.284  -26.828 0.4444444478
135492  -30.361  12.737  -26.871 0.3333333433
126232  -29.525  12.675  -27.531 0.4444444478
84095  -30.103  13.211  -27.512 0.3333333433
86015  -22.124  15.193  -27.975 0.4444444478
86037  -30.635  14.820  -30.406 0.4444444478
88708  -29.436  17.464  -27.434 0.3333333433
135024  -22.501  18.933  -28.646 0.4444444478
92068  -27.508  21.658  -24.740 0.5555555820
115910  -24.359  20.149  -28.724 0.5555555820
116498  -25.182  20.466  -28.541 0.5555555820
132456  -26.355  21.949  -27.456 0.5555555820
116250  -24.743  21.176  -28.290 0.5555555820
70492  -24.140  -1.065  -25.026 0.4444444478
139328  -24.720  -1.186  -25.207 0.4444444478
74411  -27.224  2.744  -27.386 0.6666666865
76405  -27.860  4.227  -28.127 0.6666666865
79335  -28.594  7.635  -27.430 0.5555555820
80274  -28.592  8.550  -27.293 0.5555555820
74394  -27.290  2.008  -26.769 0.3333333433
71454  -26.638  -0.845  -24.806 0.4444444478
71455  -27.376  -0.535  -24.548 0.4444444478
72405  -28.834  0.273  -23.827 0.1111111119
119783  -25.287  -0.160  -25.841 0.4444444478
72420  -27.531  0.242  -24.927 0.4444444478
72439  -27.923  0.889  -25.079 0.4444444478
73390  -27.366  0.832  -25.567 0.4444444478
75342  -29.670  3.601  -25.482 0.1111111119
76373  -29.948  4.364  -25.747 0.1111111119
74412  -27.917  3.209  -27.319 0.3333333433
77393  -29.593  5.753  -26.745 0.3333333433
76388  -29.554  4.872  -26.429 0.3333333433
128391  -29.118  6.007  -27.484 0.4444444478
130124  -28.467  6.275  -27.904 0.5555555820
79325  -29.795  7.589  -26.684 0.3333333433
82232  -29.815  10.350  -26.604 0.4444444478
132383  -26.172  20.456  -28.188 0.5555555820
132384  -26.542  21.708  -26.334 0.5555555820
70483  -26.314  -1.539  -24.526 0.4444444478
70484  -27.148  -1.268  -24.260 0.4444444478
75331  -30.100  3.225  -24.807 0.1111111119
132457  -24.724  22.057  -27.953 0.5555555820
76389  -30.190  5.001  -25.898 0.2222222239
70468  -27.633  -1.642  -23.614 0.4444444478
69527  -24.338  -2.529  -24.449 0.4444444478
69515  -23.626  -2.484  -24.118 0.4444444478
72406  -29.658  0.768  -23.353 0.1111111119
64743  -27.658  -7.648  -20.379 0.1111111119
65712  -24.980  -6.605  -21.915 0.3333333433
65714  -26.461  -6.583  -21.084 0.2222222239
65692  -27.228  -6.831  -20.590 0.2222222239
65693  -28.195  -6.916  -20.439 0.1111111119
66663  -22.845  -5.320  -22.509 0.3333333433
65720  -23.658  -6.059  -22.578 0.3333333433
64775  -24.044  -6.777  -22.335 0.3333333433
66666  -25.148  -5.636  -22.287 0.3333333433
66667  -26.057  -5.364  -21.959 0.3333333433
66655  -26.566  -5.753  -21.387 0.2222222239
135688  -26.671  -5.115  -21.641 0.2222222239
65715  -27.059  -6.067  -20.882 0.2222222239
66640  -27.916  -6.037  -20.719 0.1111111119
66656  -27.347  -5.311  -21.200 0.2222222239
68532  -22.199  -3.799  -22.042 0.2222222239
67601  -22.522  -4.359  -22.332 0.2222222239
66664  -23.560  -5.259  -22.931 0.3333333433
66665  -24.286  -5.495  -22.801 0.3333333433
68559  -22.535  -2.994  -22.950 0.2222222239
67612  -22.805  -3.831  -23.029 0.3333333433
118456  -23.265  -3.196  -23.547 0.3333333433
67613  -23.644  -4.058  -23.446 0.3333333433
68560  -24.462  -3.847  -23.671 0.3333333433
137819  -23.636  -4.691  -23.214 0.3333333433
68547  -26.060  -4.154  -22.707 0.3333333433
68561  -25.215  -3.533  -23.706 0.3333333433
68562  -26.556  -3.464  -22.988 0.3333333433
67605  -26.801  -3.990  -22.227 0.3333333433
68533  -27.544  -3.889  -21.778 0.1111111119
69513  -22.272  -2.169  -22.821 0.2222222239
69514  -22.891  -2.381  -23.553 0.3333333433
69516  -25.909  -3.129  -23.620 0.3333333433
68548  -27.305  -3.345  -22.360 0.3333333433
70453  -22.031  -1.774  -22.513 0.3333333433
70466  -23.216  -1.676  -24.146 0.3333333433
68574  -24.698  -3.133  -24.179 0.3333333433
69517  -26.654  -2.728  -23.507 0.3333333433
69518  -27.379  -2.357  -23.283 0.3333333433
81247  -30.444  9.820  -26.137 0.2222222239
82233  -30.589  10.853  -26.265 0.2222222239
65713  -25.839  -6.127  -21.679 0.3333333433
68546  -22.291  -3.474  -22.381 0.3333333433
67602  -23.115  -4.626  -22.994 0.3333333433
135458  -24.852  -4.969  -22.785 0.3333333433
67603  -25.611  -4.825  -22.487 0.3333333433
67604  -26.385  -4.666  -22.124 0.3333333433
63798  -27.135  -8.384  -20.368 0.1111111119
63799  -28.057  -8.467  -20.340 0.1111111119
64774  -23.301  -6.825  -22.277 0.3333333433
64760  -24.411  -7.402  -21.898 0.3333333433
64761  -25.294  -7.421  -21.517 0.3333333433
120591  -25.750  -6.823  -21.431 0.3333333433
138546  -26.663  -7.100  -20.751 0.3333333433
63800  -29.016  -8.553  -20.331 0.1111111119
137875  -23.249  -5.711  -22.640 0.3333333433
65694  -28.722  -6.246  -20.464 0.1111111119
66657  -28.339  -5.197  -20.902 0.1111111119
68545  -21.915  -3.145  -22.032 0.2222222239
121342  -27.894  -4.553  -21.382 0.1111111119
68549  -28.139  -3.187  -21.864 0.1111111119
68558  -22.066  -2.827  -22.354 0.2222222239
69501  -27.728  -2.663  -22.545 0.1111111119
69519  -28.061  -1.976  -22.912 0.1111111119
121018  -21.976  -1.624  -22.434 0.1111111119
83136  -30.453  11.801  -26.603 0.2222222239
85094  -31.559  13.945  -28.959 0.2222222239
121424  -22.137  0.217  -23.344 0.2222222239
123764  -28.582  -7.723  -20.349 0.1111111119
64742  -26.845  -7.606  -20.534 0.1111111119
65721  -24.402  -6.123  -22.419 0.3333333433
66654  -22.437  -5.037  -21.850 0.2222222239
65719  -22.968  -6.145  -22.393 0.2222222239
67591  -27.076  -4.551  -21.665 0.1111111119
68573  -24.001  -3.278  -24.037 0.3333333433
67614  -24.216  -4.713  -23.268 0.3333333433
67615  -25.169  -4.260  -23.149 0.3333333433
121575  -25.782  -3.707  -23.230 0.3333333433
133906  -28.254  -3.946  -21.552 0.1111111119
69500  -21.915  -2.498  -22.208 0.2222222239
68563  -27.163  -2.961  -22.999 0.3333333433
64762  -26.152  -7.423  -21.035 0.2222222239
140252  -23.655  -7.360  -22.124 0.3333333433
64759  -23.034  -7.582  -22.013 0.2222222239
65711  -22.590  -5.827  -21.788 0.2222222239
83137  -31.002  11.525  -26.200 0.1111111119
83123  -31.533  11.773  -25.758 0.1111111119
84089  -30.883  12.518  -26.419 0.1111111119
84081  -31.379  12.915  -25.877 0.1111111119
85081  -30.956  13.541  -27.552 0.1111111119
126087  -31.217  13.469  -26.765 0.1111111119
125382  -29.974  15.694  -28.982 0.2222222239
85073  -31.935  14.088  -27.861 0.1111111119
88717  -30.173  17.207  -27.802 0.1111111119
87815  -29.596  16.649  -28.282 0.2222222239
89557  -29.718  18.203  -26.667 0.1111111119
87825  -30.372  16.374  -28.335 0.1111111119
116474  -24.796  19.829  -28.880 0.4444444478
116216  -22.711  20.778  -28.208 0.4444444478
115913  -23.750  20.225  -28.663 0.4444444478
89550  -29.970  18.965  -26.136 0.1111111119
129333  -28.389  22.087  -24.591 0.3333333433
91205  -29.941  20.485  -24.920 0.1111111119
90374  -30.128  19.785  -25.575 0.1111111119
91206  -30.299  20.647  -25.584 0.1111111119
132382  -25.722  22.169  -27.863 0.4444444478
132329  -25.165  22.899  -27.836 0.4444444478
92972  -25.503  23.467  -27.842 0.4444444478
92963  -26.397  23.082  -27.394 0.4444444478
132330  -26.719  22.477  -26.696 0.4444444478
92954  -27.146  22.859  -25.647 0.4444444478
93756  -27.678  23.210  -25.087 0.4444444478
92939  -28.286  23.021  -24.703 0.2222222239
93758  -28.868  23.464  -24.731 0.2222222239
92940  -29.174  22.747  -24.655 0.2222222239
92955  -29.957  22.858  -25.188 0.2222222239
129965  -29.851  22.076  -25.011 0.2222222239
96798  -30.849  27.498  -26.266 0.1111111119
96018  -30.718  26.347  -25.850 0.1111111119
92957  -30.872  22.862  -25.548 0.1111111119
132358  -22.618  21.601  -27.513 0.4444444478
92950  -22.714  22.379  -26.844 0.4444444478
92969  -23.490  22.320  -27.675 0.4444444478
93785  -26.109  23.905  -27.544 0.4444444478
93786  -27.285  23.775  -26.969 0.4444444478
93767  -27.043  23.139  -26.755 0.4444444478
93768  -27.638  23.408  -25.912 0.4444444478
94562  -26.280  25.489  -27.607 0.3333333433
93769  -28.126  23.985  -26.513 0.3333333433
94548  -29.161  24.852  -26.424 0.1111111119
94534  -29.685  24.310  -25.489 0.1111111119
93770  -29.408  23.617  -24.936 0.2222222239
94535  -30.598  24.514  -25.414 0.1111111119
132342  -22.052  21.764  -26.510 0.2222222239
92970  -24.275  23.287  -27.666 0.3333333433
93800  -24.404  24.345  -28.063 0.3333333433
94545  -26.391  24.704  -27.445 0.3333333433
136786  -27.626  24.272  -27.046 0.4444444478
95293  -26.968  25.685  -27.318 0.2222222239
95294  -28.182  25.420  -26.937 0.2222222239
95295  -29.335  25.950  -26.453 0.1111111119
96028  -28.222  26.616  -26.864 0.1111111119
124677  -29.225  27.081  -26.784 0.1111111119
96017  -30.140  25.939  -25.911 0.1111111119
97624  -30.234  27.630  -26.984 0.1111111119
96029  -30.119  26.753  -26.419 0.1111111119
93799  -23.431  22.898  -27.120 0.3333333433
138331  -24.314  24.055  -27.748 0.3333333433
94530  -24.141  24.005  -26.731 0.3333333433
94543  -24.330  24.304  -27.938 0.3333333433
122958  -24.670  24.803  -28.124 0.3333333433
94561  -25.209  24.873  -28.157 0.3333333433
95311  -26.125  26.285  -27.987 0.2222222239
96027  -27.139  26.365  -27.387 0.2222222239
96819  -27.324  27.172  -27.636 0.1111111119
96808  -29.160  27.906  -27.492 0.1111111119
98430  -30.174  29.146  -24.326 0.1111111119
92936  -24.167  23.002  -24.006 0.1111111119
93766  -24.044  23.730  -25.236 0.1111111119
94531  -24.718  24.508  -26.387 0.2222222239
95281  -24.854  25.642  -27.224 0.2222222239
94544  -24.553  24.792  -27.739 0.3333333433
96025  -25.156  26.289  -27.665 0.2222222239
95310  -25.230  25.580  -28.055 0.3333333433
96026  -25.400  26.810  -27.726 0.2222222239
96041  -25.741  26.987  -27.990 0.1111111119
97631  -26.244  28.196  -28.227 0.1111111119
96818  -26.381  27.554  -28.026 0.1111111119
134567  -27.558  28.081  -27.905 0.1111111119
138525  -28.311  27.388  -27.270 0.1111111119
122713  -28.773  28.512  -27.686 0.1111111119
97611  -28.923  29.055  -27.375 0.1111111119
97613  -30.350  28.194  -26.396 0.1111111119
96791  -30.985  27.758  -25.487 0.1111111119
96792  -31.732  27.545  -24.970 0.1111111119
93755  -24.887  23.539  -23.837 0.1111111119
94521  -25.581  24.321  -23.484 0.1111111119
94525  -25.362  24.138  -24.970 0.1111111119
94526  -26.114  24.767  -24.690 0.1111111119
96008  -26.053  26.534  -25.023 0.1111111119
96016  -25.193  26.779  -26.139 0.1111111119
96015  -24.927  26.545  -26.866 0.2222222239
127060  -25.613  28.033  -27.424 0.1111111119
96797  -25.293  27.218  -27.145 0.1111111119
97610  -25.602  28.994  -27.913 0.1111111119
97621  -26.437  28.800  -28.341 0.1111111119
98447  -25.925  29.233  -28.507 0.1111111119
97622  -27.645  28.915  -27.900 0.1111111119
94522  -26.188  25.037  -23.113 0.1111111119
95998  -26.721  26.486  -23.935 0.1111111119
96780  -26.356  27.203  -24.410 0.1111111119
96790  -25.537  27.527  -25.840 0.1111111119
130731  -25.987  28.079  -24.919 0.1111111119
95999  -27.179  26.524  -23.185 0.1111111119
131899  -26.947  27.031  -23.624 0.1111111119
82234  -31.322  10.955  -25.809 0.1111111119
84082  -32.073  12.327  -25.260 0.1111111119
86039  -31.980  14.474  -29.277 0.1111111119
86048  -31.620  14.855  -30.107 0.1111111119
88709  -30.078  17.906  -27.340 0.1111111119
115912  -23.416  20.635  -28.502 0.4444444478
140790  -27.000  21.991  -24.989 0.4444444478
92070  -29.421  21.437  -24.636 0.2222222239
92075  -30.182  21.311  -25.211 0.1111111119
90379  -30.368  19.552  -26.633 0.1111111119
116156  -26.080  22.652  -27.666 0.4444444478
93771  -30.302  23.669  -25.333 0.2222222239
95282  -29.946  25.183  -25.794 0.1111111119
95283  -30.700  25.428  -25.574 0.1111111119
94536  -31.605  24.841  -25.464 0.1111111119
96807  -25.673  27.649  -28.057 0.1111111119
95276  -26.502  25.662  -24.325 0.1111111119
134213  -25.643  28.367  -26.378 0.1111111119
98439  -25.926  29.921  -28.594 0.1111111119
97583  -26.318  28.689  -24.201 0.1111111119
131299  -27.377  27.170  -23.071 0.1111111119
123515  -32.659  11.928  -24.688 0.1111111119
83124  -32.164  11.477  -25.157 0.1111111119
86047  -31.347  14.888  -30.626 0.2222222239
89558  -30.314  18.646  -27.163 0.1111111119
132419  -22.413  19.949  -28.316 0.4444444478
116416  -23.621  21.384  -28.250 0.4444444478
92971  -24.690  23.879  -28.044 0.4444444478
94547  -28.393  24.487  -26.891 0.2222222239
94514  -25.296  24.828  -22.258 0.1111111119
94515  -25.625  25.056  -21.940 0.1111111119
81248  -31.084  10.178  -25.717 0.1111111119
122907  -31.809  11.042  -25.437 0.1111111119
84073  -33.197  12.364  -24.139 0.1111111119
83107  -32.603  11.267  -24.644 0.1111111119
85053  -32.482  13.710  -24.658 0.1111111119
85065  -31.625  13.907  -26.282 0.1111111119
85052  -31.874  14.170  -25.277 0.1111111119
86018  -32.383  14.596  -27.116 0.1111111119
86949  -32.107  15.007  -29.168 0.1111111119
86029  -32.342  14.728  -28.193 0.1111111119
122344  -31.412  15.419  -28.719 0.1111111119
87826  -31.032  16.241  -28.325 0.1111111119
88718  -30.580  17.887  -27.911 0.1111111119
138857  -23.037  19.511  -28.717 0.4444444478
92076  -30.607  21.280  -26.075 0.1111111119
91211  -30.709  20.167  -27.156 0.1111111119
116163  -21.936  20.726  -27.311 0.4444444478
93787  -31.927  22.880  -25.856 0.1111111119
93773  -32.288  23.924  -25.637 0.1111111119
132633  -22.365  22.504  -26.094 0.2222222239
93783  -22.951  22.986  -26.316 0.2222222239
93765  -23.278  23.520  -25.839 0.2222222239
95285  -32.077  25.809  -25.784 0.1111111119
92953  -23.278  23.181  -24.940 0.1111111119
96799  -31.514  27.456  -26.021 0.1111111119
96793  -32.541  27.606  -24.645 0.1111111119
92928  -24.199  23.595  -22.929 0.1111111119
117444  -24.831  24.963  -21.613 0.1111111119
97600  -31.200  27.909  -24.290 0.1111111119
93745  -25.471  24.824  -21.321 0.1111111119
94516  -26.270  24.943  -21.961 0.1111111119
122438  -26.297  30.544  -28.418 0.1111111119
99369  -27.635  30.365  -27.029 0.1111111119
98428  -28.807  29.806  -25.710 0.1111111119
98415  -29.573  29.886  -24.416 0.1111111119
95267  -26.491  25.159  -22.494 0.1111111119
95268  -27.183  25.811  -22.770 0.1111111119
97597  -25.756  28.949  -25.904 0.1111111119
125840  -25.534  30.705  -27.413 0.1111111119
96781  -26.761  27.772  -23.636 0.1111111119
86947  -30.775  15.128  -30.292 0.1111111119
85066  -31.920  13.284  -25.258 0.1111111119
120281  -30.772  15.459  -28.976 0.1111111119
88727  -30.847  17.116  -28.237 0.1111111119
91208  -30.472  20.386  -26.311 0.1111111119
94533  -28.874  24.268  -26.017 0.2222222239
93757  -28.347  23.731  -25.166 0.2222222239
94527  -29.052  24.001  -24.958 0.1111111119
92956  -30.456  22.064  -25.501 0.1111111119
134308  -31.333  27.214  -26.301 0.1111111119
95284  -31.330  25.833  -25.625 0.1111111119
96030  -30.797  27.108  -26.373 0.1111111119
96019  -31.519  26.696  -26.147 0.1111111119
92964  -31.113  22.117  -26.092 0.1111111119
93772  -31.312  23.737  -25.466 0.2222222239
94546  -27.371  24.932  -27.172 0.3333333433
93784  -23.828  23.539  -27.088 0.3333333433
96042  -26.403  26.920  -27.934 0.1111111119
97612  -29.718  28.769  -26.730 0.1111111119
97598  -29.970  28.834  -25.935 0.1111111119
98442  -29.282  29.240  -26.367 0.1111111119
97599  -30.387  28.455  -24.968 0.1111111119
98429  -29.581  29.140  -25.128 0.1111111119
92927  -23.826  23.101  -22.852 0.1111111119
94532  -25.524  24.820  -25.846 0.1111111119
95309  -25.045  25.573  -27.910 0.3333333433
96040  -25.364  26.326  -27.899 0.2222222239
97620  -25.808  28.519  -28.310 0.1111111119
98441  -28.201  29.614  -27.071 0.1111111119
93751  -24.610  24.363  -22.349 0.1111111119
137161  -25.595  25.721  -25.773 0.1111111119
121488  -25.931  30.635  -28.288 0.1111111119
98448  -26.455  29.500  -28.393 0.1111111119
98440  -26.859  29.969  -28.265 0.1111111119
98449  -27.658  29.451  -27.780 0.1111111119
95272  -26.786  25.766  -23.182 0.1111111119
98427  -25.629  29.931  -27.410 0.1111111119
82221  -31.701  10.386  -25.371 0.1111111119
86948  -31.488  15.120  -30.100 0.1111111119
94537  -32.612  24.868  -25.805 0.1111111119
84072  -32.559  12.783  -24.657 0.1111111119
96020  -32.235  26.552  -26.338 0.1111111119
92935  -23.613  22.463  -23.986 0.1111111119
96031  -31.995  27.131  -26.351 0.1111111119
93750  -23.919  23.966  -22.099 0.1111111119
140578  -26.860  30.962  -27.796 0.1111111119
124862  -24.759  -8.135  -21.591 0.2222222239
76344  -21.770  4.572  -24.437 0.2222222239
77370  -21.562  5.602  -24.497 0.2222222239
73374  -22.131  1.559  -23.946 0.3333333433
75329  -22.045  3.754  -24.479 0.3333333433
131170  -21.667  5.345  -24.671 0.3333333433
115911  -21.893  18.581  -28.176 0.2222222239
116255  -21.844  21.068  -26.162 0.1111111119
116188  -21.513  14.631  -26.069 0.1111111119
119739  -22.160  2.992  -24.204 0.2222222239
140801  -22.149  14.691  -26.349 0.1111111119
116312  -23.247  16.533  -26.411 0.1111111119
115906  -22.422  18.504  -25.661 0.1111111119
116196  -23.967  20.014  -25.100 0.1111111119
115907  -22.239  21.425  -25.314 0.1111111119
116462  -22.261  22.066  -25.525 0.1111111119
116143  -22.060  16.843  -26.286 0.1111111119
72389  -22.062  0.856  -23.478 0.2222222239
130851  -22.064  3.121  -23.898 0.2222222239
132312  -21.876  17.570  -26.425 0.1111111119
80201  -20.709  8.541  -23.755 0.1111111119
81182  -20.831  9.279  -24.323 0.3333333433
132341  -21.878  19.569  -27.726 0.3333333433
132469  -21.828  20.167  -26.764 0.3333333433
75318  -22.005  3.607  -24.227 0.2222222239
116876  -21.856  19.521  -27.132 0.1111111119
115908  -21.842  20.429  -26.320 0.1111111119
140456  -22.496  17.666  -25.769 0.1111111119
116519  -23.501  18.305  -25.451 0.1111111119
129875  -24.261  -8.862  -21.638 0.1111111119
63818  -25.880  -8.843  -21.036 0.1111111119
62855  -22.917  -9.217  -21.292 0.1111111119
63815  -22.909  -8.339  -21.645 0.1111111119
64773  -22.698  -6.807  -21.733 0.1111111119
65710  -22.367  -6.296  -21.112 0.1111111119
128570  -21.343  5.707  -23.149 0.1111111119
138575  -21.625  5.035  -23.347 0.1111111119
115882  -19.930  12.916  -23.571 0.2222222239
85047  -19.969  14.191  -24.529 0.2222222239
85036  -20.678  13.070  -23.480 0.2222222239
84067  -21.400  12.580  -24.729 0.2222222239
77351  -21.420  6.175  -24.603 0.1111111119
77369  -21.461  6.230  -24.761 0.1111111119
63817  -25.140  -8.893  -21.371 0.1111111119
121592  -25.614  -8.162  -21.221 0.1111111119
138830  -22.300  -7.744  -20.869 0.1111111119
64757  -22.301  -7.139  -20.894 0.1111111119
117832  -22.510  -6.071  -20.803 0.1111111119
66653  -22.395  -5.346  -21.242 0.1111111119
67590  -22.346  -4.432  -21.637 0.1111111119
68531  -22.353  -3.772  -21.715 0.1111111119
128132  -22.362  0.018  -22.227 0.1111111119
73346  -22.086  1.662  -22.947 0.1111111119
120272  -21.841  5.246  -22.945 0.1111111119
84056  -20.940  12.625  -23.945 0.2222222239
84078  -22.115  12.669  -25.710 0.2222222239
85060  -22.027  13.546  -25.948 0.1111111119
63797  -26.367  -8.266  -20.753 0.1111111119
62857  -24.641  -9.638  -21.468 0.1111111119
85048  -21.269  13.484  -25.162 0.2222222239
85059  -21.664  14.268  -25.840 0.1111111119
83088  -20.628  12.140  -24.208 0.2222222239
78338  -21.253  6.684  -24.867 0.1111111119
69476  -22.244  -3.236  -21.769 0.1111111119
69487  -21.926  -2.778  -22.043 0.1111111119
124461  -22.063  0.123  -22.578 0.1111111119
63816  -23.758  -8.090  -21.853 0.1111111119
76323  -22.009  4.316  -23.113 0.1111111119
75298  -22.191  3.436  -23.071 0.1111111119
130109  -23.476  -8.826  -21.666 0.1111111119
62856  -23.784  -9.529  -21.590 0.1111111119
63814  -22.410  -8.353  -20.862 0.1111111119
64758  -22.576  -7.687  -21.381 0.1111111119
72380  -22.893  0.410  -22.001 0.1111111119
65691  -22.356  -6.645  -20.646 0.1111111119
71410  -22.591  -0.532  -21.757 0.1111111119
118233  -22.766  13.250  -26.247 0.1111111119
82186  -21.244  10.968  -24.619 0.1111111119
86007  -22.989  14.938  -26.695 0.1111111119
132365  -22.790  16.012  -27.106 0.1111111119
73363  -22.064  1.408  -23.642 0.1111111119
79360  -26.165  8.315  -29.114 1.0000000000
80221  -21.106  8.350  -25.791 0.3333333433
80243  -21.122  8.285  -25.864 0.4444444478
80259  -21.286  8.307  -26.232 0.6666666865
81244  -21.221  9.057  -26.145 0.5555555820
81292  -24.997  9.618  -29.613 1.0000000000
82244  -21.301  10.456  -26.863 0.6666666865
83087  -20.313  12.453  -24.051 0.2222222239
83089  -21.046  11.997  -24.231 0.2222222239
83170  -22.916  11.751  -28.810 0.8888888955
84055  -20.536  12.770  -23.711 0.2222222239
84066  -19.777  13.054  -24.092 0.2222222239
84076  -19.919  12.768  -24.811 0.3333333433
85029  -20.324  13.530  -23.244 0.2222222239
85037  -20.812  13.264  -23.794 0.2222222239
85046  -19.776  13.673  -23.694 0.2222222239
85057  -19.748  13.478  -24.391 0.3333333433
85077  -20.798  13.500  -27.774 0.5555555820
86014  -20.864  14.394  -27.535 0.5555555820
86022  -20.662  14.123  -27.627 0.5555555820
86033  -21.532  14.236  -28.358 0.5555555820
92938  -27.408  22.512  -24.897 0.4444444478
93801  -24.832  24.367  -28.212 0.3333333433
97623  -29.642  28.384  -27.238 0.1111111119
115902  -23.877  19.694  -28.849 0.5555555820
115916  -24.177  20.660  -28.526 0.5555555820
116477  -21.144  14.437  -24.865 0.2222222239
116504  -20.453  14.322  -24.579 0.3333333433
117499  -20.875  11.309  -24.557 0.3333333433
118020  -21.160  9.439  -25.822 0.5555555820
124351  -23.096  20.145  -28.632 0.4444444478
134065  -20.107  14.250  -23.746 0.2222222239
137964  -20.449  11.582  -24.853 0.4444444478
140921  -22.086  11.509  -28.108 0.7777777910
