#!ascii label  , from subject sub-v1s12x0050109_ses-1 vox2ras=TkReg
338
81293  -25.828  9.662  -29.478 0.0000000000
77392  -22.703  5.085  -26.477 0.0000000000
77407  -28.577  5.466  -27.949 0.0000000000
72450  -25.924  0.873  -26.485 0.0000000000
132382  -25.722  22.169  -27.863 0.0000000000
115905  -26.767  17.609  -26.165 0.0000000000
127496  -22.890  14.485  -29.239 0.0000000000
69528  -25.022  -2.481  -24.575 0.0000000000
75357  -23.919  3.061  -26.696 0.0000000000
72435  -23.162  0.831  -25.272 0.0000000000
132395  -26.476  20.264  -27.266 0.0000000000
124218  -25.632  17.867  -29.294 0.0000000000
81261  -21.829  9.479  -27.450 0.0000000000
83144  -21.117  11.652  -27.168 0.0000000000
83172  -24.226  11.916  -29.644 0.0000000000
86035  -26.241  14.922  -28.708 0.0000000000
83158  -26.858  11.940  -28.805 0.0000000000
82261  -28.055  10.744  -27.871 0.0000000000
78364  -21.445  6.975  -25.768 0.0000000000
78388  -23.838  6.958  -27.825 0.0000000000
79347  -27.189  7.378  -28.563 0.0000000000
76421  -25.738  4.875  -28.078 0.0000000000
75377  -26.721  3.338  -27.837 0.0000000000
73409  -27.941  2.004  -26.131 0.0000000000
116609  -22.727  16.140  -28.420 0.0000000000
86935  -25.539  16.523  -28.753 0.0000000000
86926  -27.490  16.362  -28.076 0.0000000000
71453  -23.267  -0.281  -24.789 0.0000000000
70493  -25.315  -0.867  -25.393 0.0000000000
74372  -22.779  2.278  -25.338 0.0000000000
72417  -22.306  0.919  -24.121 0.0000000000
116257  -24.961  18.593  -29.423 0.0000000000
115889  -22.584  17.325  -28.830 0.0000000000
81277  -23.480  9.698  -28.760 0.0000000000
82258  -22.955  10.366  -28.587 0.0000000000
82274  -24.531  10.418  -29.611 0.0000000000
83173  -25.393  11.839  -29.677 0.0000000000
82276  -26.124  10.542  -29.337 0.0000000000
82260  -27.417  11.122  -28.452 0.0000000000
81294  -26.481  9.728  -29.014 0.0000000000
77391  -22.228  5.912  -26.201 0.0000000000
79333  -22.446  7.247  -27.134 0.0000000000
77404  -23.578  5.704  -27.319 0.0000000000
78389  -24.608  6.470  -28.099 0.0000000000
76401  -23.942  4.855  -27.332 0.0000000000
74393  -24.912  1.959  -26.761 0.0000000000
75376  -25.683  3.257  -27.549 0.0000000000
73420  -26.523  2.079  -27.169 0.0000000000
74395  -27.932  2.647  -26.754 0.0000000000
73407  -26.615  1.413  -26.671 0.0000000000
116416  -23.621  21.384  -28.250 0.0000000000
92950  -22.714  22.379  -26.844 0.0000000000
132329  -25.165  22.899  -27.836 0.0000000000
94561  -25.209  24.873  -28.157 0.0000000000
132330  -26.719  22.477  -26.696 0.0000000000
115909  -26.481  19.280  -27.154 0.0000000000
85087  -21.399  13.468  -28.342 0.0000000000
85086  -20.893  14.076  -28.132 0.0000000000
86942  -22.598  15.150  -28.636 0.0000000000
116459  -24.544  16.434  -28.939 0.0000000000
86956  -24.786  15.404  -29.235 0.0000000000
85078  -27.883  14.486  -28.131 0.0000000000
86026  -27.477  15.319  -28.495 0.0000000000
86017  -28.792  15.653  -29.460 0.0000000000
78393  -27.814  6.707  -28.218 0.0000000000
122263  -28.121  8.209  -27.746 0.0000000000
69515  -23.626  -2.484  -24.118 0.0000000000
128781  -23.897  -1.755  -24.607 0.0000000000
70491  -23.776  -0.518  -25.146 0.0000000000
70482  -25.391  -1.659  -24.902 0.0000000000
76372  -22.327  4.226  -25.410 0.0000000000
75356  -23.265  3.691  -26.465 0.0000000000
74390  -22.983  2.719  -25.861 0.0000000000
73404  -23.651  1.543  -25.917 0.0000000000
72448  -24.104  0.927  -26.065 0.0000000000
116498  -25.182  20.466  -28.541 0.0000000000
116190  -26.448  21.143  -27.353 0.0000000000
115915  -25.663  19.789  -28.880 0.0000000000
116463  -26.444  18.861  -28.701 0.0000000000
115895  -26.313  18.085  -28.728 0.0000000000
81245  -21.357  8.814  -26.447 0.0000000000
125915  -21.542  10.032  -27.243 0.0000000000
125662  -22.295  12.078  -28.445 0.0000000000
85099  -23.877  13.230  -29.478 0.0000000000
86045  -25.014  14.629  -29.467 0.0000000000
84115  -25.177  12.773  -29.659 0.0000000000
84102  -26.696  12.984  -28.852 0.0000000000
85091  -28.208  13.485  -28.245 0.0000000000
84104  -28.400  12.450  -28.305 0.0000000000
69516  -25.909  -3.129  -23.620 0.0000000000
69529  -25.907  -2.348  -24.159 0.0000000000
79332  -21.471  7.989  -26.462 0.0000000000
122382  -23.163  8.366  -28.043 0.0000000000
79358  -24.955  8.099  -28.989 0.0000000000
80308  -26.283  8.955  -29.170 0.0000000000
79345  -25.487  7.296  -28.722 0.0000000000
78391  -26.272  6.737  -28.667 0.0000000000
77425  -27.241  5.412  -28.362 0.0000000000
126971  -24.517  4.277  -27.430 0.0000000000
119121  -26.205  4.061  -27.968 0.0000000000
76405  -27.860  4.227  -28.127 0.0000000000
75379  -28.250  3.837  -27.612 0.0000000000
122538  -29.016  3.313  -25.872 0.0000000000
92937  -26.799  22.213  -25.491 0.0000000000
116319  -23.859  17.040  -29.070 0.0000000000
115896  -26.055  17.423  -29.046 0.0000000000
116347  -26.120  16.730  -27.945 0.0000000000
86946  -25.889  15.736  -28.455 0.0000000000
137886  -26.660  16.338  -27.922 0.0000000000
116410  -27.280  17.151  -26.545 0.0000000000
81279  -27.507  9.380  -28.195 0.0000000000
81262  -28.589  9.451  -27.293 0.0000000000
124282  -22.282  0.398  -23.729 0.0000000000
72419  -23.097  0.321  -24.943 0.0000000000
123829  -24.005  0.318  -25.797 0.0000000000
72449  -25.361  0.452  -26.203 0.0000000000
70494  -25.973  -1.111  -25.080 0.0000000000
71466  -26.161  -0.449  -25.465 0.0000000000
72451  -26.693  0.813  -26.112 0.0000000000
81291  -24.226  9.684  -29.289 0.0000000000
82275  -25.294  10.423  -29.688 0.0000000000
135990  -25.526  11.099  -29.616 0.0000000000
82259  -26.822  10.413  -28.680 0.0000000000
77380  -22.234  5.111  -25.773 0.0000000000
77403  -22.843  5.804  -26.861 0.0000000000
129960  -23.251  5.164  -26.970 0.0000000000
73419  -25.767  1.590  -26.865 0.0000000000
74410  -25.683  2.347  -27.244 0.0000000000
132457  -24.724  22.057  -27.953 0.0000000000
92972  -25.503  23.467  -27.842 0.0000000000
92963  -26.397  23.082  -27.394 0.0000000000
132456  -26.355  21.949  -27.456 0.0000000000
116423  -26.393  18.430  -26.425 0.0000000000
116276  -26.605  19.149  -25.614 0.0000000000
116415  -27.275  18.344  -25.499 0.0000000000
85088  -22.158  13.845  -28.839 0.0000000000
137454  -22.227  14.535  -28.635 0.0000000000
86954  -23.239  15.253  -29.101 0.0000000000
86955  -24.009  15.571  -29.072 0.0000000000
86043  -23.598  14.882  -29.515 0.0000000000
86027  -28.354  15.114  -29.136 0.0000000000
77426  -27.916  5.862  -28.298 0.0000000000
78375  -28.312  6.976  -27.760 0.0000000000
130124  -28.467  6.275  -27.904 0.0000000000
68574  -24.698  -3.133  -24.179 0.0000000000
69527  -24.338  -2.529  -24.449 0.0000000000
70481  -24.569  -1.792  -24.857 0.0000000000
75340  -22.550  3.239  -25.374 0.0000000000
75355  -22.790  3.503  -25.942 0.0000000000
73389  -23.215  1.497  -25.517 0.0000000000
74373  -23.262  2.070  -25.758 0.0000000000
126268  -23.615  0.851  -25.666 0.0000000000
115910  -24.359  20.149  -28.724 0.0000000000
116474  -24.796  19.829  -28.880 0.0000000000
115891  -25.824  18.467  -29.333 0.0000000000
116380  -25.934  19.094  -29.300 0.0000000000
81260  -21.576  9.143  -27.057 0.0000000000
133467  -23.289  11.116  -28.982 0.0000000000
82257  -22.491  11.149  -28.392 0.0000000000
83171  -23.512  11.832  -29.274 0.0000000000
84112  -22.935  12.461  -28.992 0.0000000000
84113  -23.667  12.579  -29.382 0.0000000000
85100  -24.495  13.431  -29.585 0.0000000000
84114  -24.389  12.659  -29.636 0.0000000000
84116  -26.015  12.383  -29.323 0.0000000000
85090  -27.307  13.726  -28.294 0.0000000000
84103  -27.598  12.692  -28.588 0.0000000000
83159  -27.751  11.933  -28.509 0.0000000000
83160  -28.201  11.556  -28.160 0.0000000000
82246  -28.637  10.352  -27.430 0.0000000000
68562  -26.556  -3.464  -22.988 0.0000000000
79309  -21.233  7.434  -25.671 0.0000000000
79322  -21.143  7.902  -25.882 0.0000000000
79323  -21.331  7.739  -26.149 0.0000000000
79334  -23.135  7.280  -27.570 0.0000000000
79342  -22.617  7.958  -27.483 0.0000000000
79343  -23.560  7.720  -28.002 0.0000000000
80288  -23.996  8.357  -28.616 0.0000000000
79344  -24.479  7.388  -28.422 0.0000000000
77423  -25.210  5.664  -28.148 0.0000000000
78390  -25.478  6.459  -28.443 0.0000000000
77424  -26.246  5.746  -28.412 0.0000000000
75374  -23.876  3.958  -27.045 0.0000000000
75375  -24.652  3.557  -27.279 0.0000000000
76404  -27.112  4.053  -28.140 0.0000000000
75378  -27.557  3.528  -27.836 0.0000000000
75341  -28.535  2.689  -25.997 0.0000000000
132384  -26.542  21.708  -26.334 0.0000000000
116238  -26.508  20.870  -26.185 0.0000000000
129499  -21.063  11.021  -26.642 0.0000000000
115888  -22.704  16.048  -28.258 0.0000000000
116399  -22.706  16.719  -28.657 0.0000000000
115890  -23.495  16.398  -28.624 0.0000000000
132498  -24.916  17.003  -29.264 0.0000000000
115892  -25.682  17.001  -29.010 0.0000000000
86046  -25.717  14.302  -29.140 0.0000000000
86034  -25.522  15.202  -29.088 0.0000000000
133566  -26.954  15.975  -28.287 0.0000000000
132474  -26.896  16.697  -27.311 0.0000000000
115903  -27.705  16.783  -27.108 0.0000000000
88707  -28.548  17.185  -27.263 0.0000000000
80289  -26.705  8.275  -28.746 0.0000000000
81278  -26.877  9.078  -28.619 0.0000000000
80291  -28.045  8.976  -27.742 0.0000000000
70479  -22.760  -0.864  -24.089 0.0000000000
71452  -22.646  0.142  -24.303 0.0000000000
71465  -24.379  -0.409  -25.552 0.0000000000
71476  -24.617  0.343  -26.009 0.0000000000
119783  -25.287  -0.160  -25.841 0.0000000000
70483  -26.314  -1.539  -24.526 0.0000000000
72438  -26.784  0.232  -25.539 0.0000000000
130953  -22.607  1.909  -24.946 0.0000000000
73388  -22.771  1.490  -25.082 0.0000000000
72418  -22.701  0.867  -24.738 0.0000000000
116306  -24.667  19.191  -29.204 0.0000000000
116365  -23.451  18.403  -29.110 0.0000000000
115893  -24.154  17.857  -29.266 0.0000000000
81276  -22.605  9.595  -28.164 0.0000000000
81275  -22.091  10.233  -27.973 0.0000000000
82273  -23.761  10.401  -29.189 0.0000000000
117115  -24.032  11.154  -29.504 0.0000000000
119688  -24.812  12.077  -29.828 0.0000000000
122228  -24.822  11.265  -29.809 0.0000000000
83174  -26.096  11.471  -29.312 0.0000000000
121463  -26.639  11.096  -28.872 0.0000000000
121661  -27.488  10.219  -28.238 0.0000000000
77390  -21.781  6.144  -25.522 0.0000000000
78365  -21.694  6.794  -26.128 0.0000000000
79324  -21.759  7.392  -26.546 0.0000000000
78372  -22.325  6.593  -26.716 0.0000000000
78373  -23.149  6.537  -27.326 0.0000000000
78374  -23.917  6.265  -27.657 0.0000000000
77405  -24.365  5.647  -27.713 0.0000000000
76402  -24.854  4.901  -27.774 0.0000000000
74392  -24.232  2.331  -26.616 0.0000000000
74409  -24.810  2.725  -27.070 0.0000000000
136870  -26.389  2.712  -27.514 0.0000000000
74411  -27.224  2.744  -27.386 0.0000000000
74394  -27.290  2.008  -26.769 0.0000000000
73408  -27.321  1.396  -26.163 0.0000000000
116216  -22.711  20.778  -28.208 0.0000000000
92969  -23.490  22.320  -27.675 0.0000000000
92971  -24.690  23.879  -28.044 0.0000000000
93767  -27.043  23.139  -26.755 0.0000000000
116497  -26.456  20.021  -25.998 0.0000000000
115917  -26.673  20.619  -25.329 0.0000000000
136612  -20.549  14.051  -27.253 0.0000000000
86023  -21.160  14.463  -27.856 0.0000000000
86024  -21.956  14.834  -28.092 0.0000000000
86943  -23.264  15.824  -28.579 0.0000000000
86944  -24.310  15.967  -28.596 0.0000000000
86945  -25.156  15.909  -28.604 0.0000000000
86036  -27.000  14.640  -28.278 0.0000000000
86025  -26.652  15.503  -28.415 0.0000000000
86937  -27.896  15.821  -28.881 0.0000000000
86927  -28.408  16.359  -28.758 0.0000000000
79348  -27.896  7.531  -27.983 0.0000000000
79335  -28.594  7.635  -27.430 0.0000000000
70466  -23.216  -1.676  -24.146 0.0000000000
70480  -23.524  -0.992  -24.673 0.0000000000
70492  -24.140  -1.065  -25.026 0.0000000000
139328  -24.720  -1.186  -25.207 0.0000000000
76385  -22.692  4.300  -26.147 0.0000000000
76386  -23.267  4.485  -26.751 0.0000000000
122477  -23.245  3.020  -26.261 0.0000000000
74391  -23.602  2.325  -26.216 0.0000000000
73405  -24.178  1.670  -26.359 0.0000000000
73406  -24.938  1.093  -26.433 0.0000000000
115912  -23.416  20.635  -28.502 0.0000000000
116250  -24.743  21.176  -28.290 0.0000000000
132298  -25.791  21.380  -28.095 0.0000000000
132383  -26.172  20.456  -28.188 0.0000000000
116391  -26.337  19.627  -28.351 0.0000000000
116478  -26.470  18.486  -27.643 0.0000000000
117116  -26.297  17.763  -27.181 0.0000000000
134633  -21.527  10.967  -27.306 0.0000000000
82245  -21.881  10.941  -27.788 0.0000000000
83157  -21.702  11.805  -27.810 0.0000000000
84100  -21.740  12.649  -28.251 0.0000000000
84101  -22.201  13.012  -28.752 0.0000000000
85098  -23.034  13.394  -29.250 0.0000000000
125270  -23.779  14.075  -29.602 0.0000000000
127897  -24.539  14.131  -29.589 0.0000000000
85101  -25.145  13.757  -29.492 0.0000000000
85102  -25.865  13.339  -29.232 0.0000000000
85089  -26.475  13.971  -28.567 0.0000000000
85079  -28.763  14.262  -28.487 0.0000000000
84094  -28.964  13.472  -28.049 0.0000000000
68575  -25.331  -2.955  -24.103 0.0000000000
80272  -21.469  8.661  -26.662 0.0000000000
132800  -21.734  8.961  -27.195 0.0000000000
139240  -21.924  7.835  -26.899 0.0000000000
80273  -21.894  8.383  -27.085 0.0000000000
80286  -22.362  8.831  -27.645 0.0000000000
80287  -23.255  8.992  -28.377 0.0000000000
80305  -23.937  9.127  -28.881 0.0000000000
80306  -24.602  8.920  -29.227 0.0000000000
80307  -25.546  8.768  -29.369 0.0000000000
79359  -25.737  7.993  -29.089 0.0000000000
79346  -26.371  7.563  -28.862 0.0000000000
138719  -25.005  6.903  -28.427 0.0000000000
140230  -26.780  7.003  -28.754 0.0000000000
78392  -27.112  6.392  -28.582 0.0000000000
76403  -25.290  4.156  -27.684 0.0000000000
76422  -26.656  4.798  -28.218 0.0000000000
76423  -27.397  4.687  -28.236 0.0000000000
77406  -27.973  5.022  -28.217 0.0000000000
76406  -28.485  4.634  -27.831 0.0000000000
76387  -28.864  4.315  -27.019 0.0000000000
74412  -27.917  3.209  -27.319 0.0000000000
75358  -28.544  3.415  -26.694 0.0000000000
116404  -26.716  21.431  -25.253 0.0000000000
116260  -22.287  16.943  -28.688 0.0000000000
137433  -23.257  17.225  -29.040 0.0000000000
116215  -24.844  17.399  -29.367 0.0000000000
115899  -26.163  17.295  -27.874 0.0000000000
116225  -26.261  16.946  -26.870 0.0000000000
86044  -24.281  14.819  -29.594 0.0000000000
86936  -26.194  16.148  -28.189 0.0000000000
117337  -26.145  16.443  -28.384 0.0000000000
116831  -27.803  17.676  -25.811 0.0000000000
140843  -27.014  9.764  -28.522 0.0000000000
80290  -27.485  8.391  -28.254 0.0000000000
81280  -28.008  9.880  -27.689 0.0000000000
72436  -23.598  0.127  -25.376 0.0000000000
71454  -26.638  -0.845  -24.806 0.0000000000
72437  -26.062  0.234  -26.033 0.0000000000
79308  -21.142  7.487  -25.464 0.0000000000
79360  -26.165  8.315  -29.114 0.0000000000
80259  -21.286  8.307  -26.232 0.0000000000
81292  -24.997  9.618  -29.613 0.0000000000
83170  -22.916  11.751  -28.810 0.0000000000
86022  -20.662  14.123  -27.627 0.0000000000
86033  -21.532  14.236  -28.358 0.0000000000
93801  -24.832  24.367  -28.212 0.0000000000
115902  -23.877  19.694  -28.849 0.0000000000
115916  -24.177  20.660  -28.526 0.0000000000
140921  -22.086  11.509  -28.108 0.0000000000
