#!ascii label  , from subject sub-v1s12x0050109_ses-1 vox2ras=TkReg
658
26911  -45.833  -44.619  -35.821 0.5000000000
26909  -44.321  -45.577  -34.801 0.8000000119
28093  -42.832  -45.107  -33.323 0.8000000119
26891  -43.383  -45.420  -33.618 0.8000000119
26899  -44.002  -45.053  -34.105 0.8000000119
26924  -46.269  -45.019  -36.770 0.5000000000
26901  -45.324  -44.539  -35.082 0.5000000000
26900  -44.690  -44.795  -34.645 0.6000000238
28091  -41.051  -44.467  -33.523 0.6999999881
28100  -42.486  -44.181  -34.114 0.6999999881
28101  -44.122  -44.102  -34.420 0.8000000119
28102  -45.025  -43.837  -34.736 0.6999999881
26925  -47.128  -45.061  -36.973 0.6000000238
28127  -46.581  -44.217  -36.437 0.5000000000
28117  -46.230  -43.565  -35.934 0.6000000238
26887  -39.536  -44.620  -33.265 0.6999999881
28103  -45.743  -43.693  -35.251 0.6000000238
29261  -46.068  -42.704  -35.630 0.6000000238
28090  -40.045  -44.218  -33.941 0.6999999881
28080  -40.576  -44.920  -32.755 0.6999999881
29260  -45.224  -42.776  -35.041 0.6000000238
30416  -46.151  -42.417  -35.312 0.6000000238
122273  -43.149  -43.278  -34.618 0.8000000119
29259  -44.135  -43.118  -34.694 0.8000000119
29284  -48.241  -43.240  -36.577 0.4000000060
29280  -47.273  -42.739  -36.142 0.6000000238
28089  -39.187  -44.254  -34.540 0.6999999881
127571  -46.660  -42.529  -35.830 0.6000000238
125841  -39.715  -43.769  -34.900 0.6999999881
28098  -40.490  -43.725  -34.616 0.6999999881
28099  -41.462  -43.872  -34.304 0.6999999881
29279  -44.424  -42.416  -34.724 0.6999999881
30398  -43.677  -42.066  -34.465 0.5000000000
29258  -41.767  -43.074  -35.124 0.6000000238
29277  -42.335  -42.314  -35.166 0.6000000238
29278  -43.347  -42.328  -34.818 0.6000000238
31452  -42.969  -41.823  -34.590 0.6000000238
30413  -42.658  -42.157  -35.167 0.6000000238
31442  -43.068  -41.761  -34.389 0.5000000000
29286  -49.922  -43.460  -36.643 0.4000000060
28096  -37.922  -44.796  -35.400 0.6999999881
29281  -47.834  -42.561  -36.119 0.6000000238
30401  -47.451  -42.350  -35.777 0.6000000238
29257  -40.188  -43.238  -35.479 0.6999999881
29275  -40.818  -42.690  -35.572 0.6999999881
30399  -45.647  -42.089  -34.877 0.5000000000
118003  -44.787  -42.063  -34.308 0.6000000238
29276  -41.496  -42.286  -35.516 0.6999999881
30412  -41.849  -41.645  -35.279 0.6000000238
30382  -43.834  -41.995  -34.194 0.5000000000
131027  -44.541  -42.099  -33.911 0.5000000000
31453  -42.369  -41.500  -34.747 0.5000000000
26907  -35.754  -45.220  -36.164 0.6000000238
28113  -35.918  -44.997  -36.156 0.6000000238
29287  -50.737  -43.672  -36.297 0.5000000000
121467  -50.498  -43.394  -35.725 0.5000000000
28114  -37.318  -44.808  -35.556 0.6999999881
26897  -37.335  -45.052  -35.550 0.6999999881
30402  -48.517  -42.617  -36.026 0.5000000000
29262  -48.219  -42.613  -35.316 0.5000000000
29248  -49.125  -43.212  -34.497 0.4000000060
28097  -38.497  -44.453  -35.095 0.6999999881
30385  -47.141  -42.340  -35.035 0.5000000000
136858  -39.114  -43.814  -35.281 0.6999999881
139368  -39.607  -43.540  -35.351 0.6999999881
29246  -46.915  -42.765  -33.912 0.5000000000
30410  -40.044  -42.562  -35.625 0.6999999881
30411  -40.919  -41.952  -35.581 0.6000000238
30383  -45.393  -42.161  -34.011 0.5000000000
31439  -41.148  -41.331  -34.579 0.5000000000
31440  -41.889  -41.409  -34.199 0.5000000000
31441  -42.531  -41.416  -33.991 0.5000000000
30372  -43.930  -42.197  -33.541 0.5000000000
30381  -43.238  -41.772  -33.917 0.5000000000
30357  -43.845  -42.767  -32.565 0.3000000119
29249  -50.275  -43.618  -34.055 0.3000000119
28126  -34.880  -45.223  -36.444 0.6000000238
26921  -35.409  -45.151  -36.313 0.6000000238
29264  -50.143  -43.379  -34.982 0.4000000060
29247  -47.931  -43.110  -34.142 0.5000000000
28115  -38.350  -44.220  -35.317 0.6999999881
28116  -38.883  -43.472  -35.335 0.6999999881
29245  -46.169  -42.547  -33.693 0.5000000000
30395  -39.631  -42.363  -35.382 0.5000000000
29232  -45.746  -42.939  -32.982 0.5000000000
30396  -40.372  -41.768  -35.300 0.5000000000
30373  -44.778  -42.540  -33.003 0.3000000119
29213  -44.387  -43.551  -31.945 0.4000000060
30380  -42.509  -41.782  -33.474 0.5000000000
30371  -43.259  -42.221  -33.056 0.4000000060
28111  -34.616  -44.746  -36.331 0.6000000238
28112  -35.328  -44.837  -36.253 0.6000000238
29271  -35.879  -44.428  -35.667 0.6000000238
119921  -36.496  -44.875  -35.892 0.6000000238
29272  -36.794  -44.453  -35.412 0.6000000238
29234  -47.465  -43.549  -33.027 0.3000000119
29273  -37.880  -43.983  -35.347 0.6000000238
28082  -46.908  -44.015  -32.282 0.3000000119
29256  -38.204  -43.487  -34.941 0.6000000238
30409  -39.352  -42.860  -35.615 0.6999999881
29233  -46.583  -43.330  -32.945 0.3000000119
30394  -38.953  -42.817  -35.141 0.6000000238
28066  -45.811  -44.209  -31.654 0.3000000119
28081  -46.124  -43.929  -32.296 0.3000000119
30377  -39.393  -42.439  -34.551 0.5000000000
30378  -40.204  -41.901  -34.362 0.5000000000
29196  -44.243  -43.836  -30.745 0.3000000119
29214  -45.291  -43.718  -32.243 0.3000000119
122623  -40.871  -41.818  -33.700 0.5000000000
30379  -41.590  -41.701  -33.568 0.5000000000
29212  -43.574  -43.337  -31.448 0.3000000119
30368  -40.295  -42.407  -33.108 0.5000000000
127796  -42.636  -42.454  -32.400 0.4000000060
30356  -43.213  -42.732  -32.196 0.3000000119
129359  -34.246  -44.111  -35.892 0.5000000000
29252  -34.919  -44.001  -35.677 0.6000000238
29253  -35.415  -43.462  -34.937 0.5000000000
29255  -37.055  -43.869  -34.511 0.6000000238
28054  -46.122  -44.259  -30.901 0.3000000119
29180  -44.963  -43.871  -29.782 0.3000000119
29197  -45.154  -44.192  -31.041 0.3000000119
30376  -38.525  -43.074  -34.194 0.6000000238
135176  -39.687  -42.476  -33.581 0.5000000000
30369  -41.057  -42.374  -32.580 0.5000000000
30370  -41.909  -42.282  -32.591 0.4000000060
30355  -41.949  -42.770  -31.533 0.4000000060
30392  -34.694  -42.926  -34.944 0.5000000000
29241  -35.651  -43.101  -33.994 0.5000000000
29254  -36.187  -43.733  -34.755 0.5000000000
29242  -36.298  -43.362  -33.636 0.5000000000
29181  -46.496  -43.230  -29.465 0.3000000119
29244  -37.571  -43.517  -33.771 0.6000000238
29231  -38.021  -43.272  -32.947 0.6000000238
30367  -38.962  -42.891  -33.310 0.5000000000
30334  -42.790  -42.985  -31.463 0.4000000060
30332  -41.558  -43.031  -30.566 0.4000000060
30393  -35.057  -42.641  -34.317 0.5000000000
30375  -35.710  -42.780  -32.922 0.5000000000
31405  -47.678  -41.601  -29.593 0.4000000060
31404  -46.808  -41.458  -29.093 0.4000000060
29243  -36.821  -43.548  -33.370 0.5000000000
29230  -37.085  -43.463  -32.628 0.5000000000
30300  -46.387  -42.385  -28.813 0.4000000060
29163  -45.651  -43.264  -28.974 0.3000000119
29229  -36.399  -43.214  -32.650 0.4000000060
29162  -44.701  -43.416  -29.027 0.3000000119
130510  -38.502  -43.195  -32.071 0.4000000060
126544  -39.477  -42.807  -32.467 0.4000000060
30354  -40.844  -42.792  -31.112 0.4000000060
31437  -34.948  -41.779  -34.011 0.5000000000
120996  -35.283  -42.283  -33.632 0.5000000000
130949  -47.166  -40.675  -29.734 0.4000000060
31388  -46.072  -41.445  -28.567 0.4000000060
127580  -45.745  -42.383  -28.296 0.4000000060
30366  -36.051  -42.744  -32.120 0.4000000060
29211  -37.521  -43.289  -31.860 0.4000000060
30299  -45.056  -42.906  -28.320 0.4000000060
30352  -39.032  -43.098  -31.132 0.4000000060
30353  -40.115  -42.708  -31.814 0.4000000060
123223  -39.817  -42.984  -30.767 0.4000000060
30315  -41.862  -43.280  -29.630 0.4000000060
120113  -40.873  -43.042  -29.884 0.4000000060
31436  -34.951  -40.995  -33.809 0.5000000000
126832  -35.254  -41.430  -33.584 0.4000000060
32475  -46.813  -39.852  -30.039 0.4000000060
32468  -46.289  -40.457  -29.122 0.4000000060
31438  -35.533  -41.646  -33.063 0.5000000000
31434  -35.740  -41.980  -32.201 0.4000000060
29210  -36.650  -43.046  -31.776 0.4000000060
30280  -44.535  -42.585  -27.737 0.4000000060
30351  -37.185  -42.949  -31.210 0.4000000060
128728  -37.938  -43.091  -31.089 0.4000000060
32505  -35.579  -40.662  -33.413 0.4000000060
32496  -36.193  -40.827  -32.744 0.5000000000
124788  -45.592  -40.680  -28.360 0.4000000060
32492  -36.309  -41.361  -31.761 0.4000000060
31429  -36.234  -42.269  -31.568 0.4000000060
32493  -36.800  -40.842  -31.222 0.4000000060
31430  -36.644  -41.746  -31.051 0.4000000060
30328  -37.317  -42.339  -30.653 0.4000000060
30330  -39.105  -42.847  -30.108 0.4000000060
120426  -41.046  -43.126  -28.891 0.4000000060
30331  -39.970  -42.979  -30.011 0.4000000060
33580  -36.196  -39.922  -33.175 0.4000000060
33570  -36.694  -40.018  -32.802 0.4000000060
32497  -36.805  -40.418  -32.198 0.4000000060
32483  -37.168  -41.311  -30.524 0.4000000060
29176  -41.908  -43.471  -28.430 0.4000000060
31417  -37.773  -41.815  -29.949 0.4000000060
30312  -38.540  -42.235  -29.600 0.4000000060
30313  -39.328  -42.556  -29.386 0.4000000060
33571  -37.186  -39.643  -32.484 0.4000000060
33562  -37.430  -39.954  -31.704 0.4000000060
32494  -37.330  -40.492  -30.782 0.4000000060
132116  -37.973  -39.789  -30.750 0.4000000060
32484  -37.672  -40.755  -30.043 0.4000000060
31402  -38.329  -41.252  -29.397 0.4000000060
30296  -40.343  -42.750  -28.275 0.3000000119
31403  -39.003  -41.863  -29.105 0.4000000060
30314  -40.114  -42.888  -29.150 0.4000000060
34631  -37.429  -38.816  -32.503 0.4000000060
33572  -37.729  -39.276  -32.262 0.4000000060
123623  -38.131  -38.065  -32.452 0.4000000060
33563  -38.188  -39.299  -31.851 0.4000000060
33547  -38.320  -40.171  -29.719 0.4000000060
30297  -41.221  -43.184  -27.897 0.4000000060
130963  -38.978  -41.167  -29.037 0.4000000060
30295  -39.593  -42.303  -28.665 0.5000000000
31386  -39.815  -42.008  -27.719 0.4000000060
35709  -38.704  -37.487  -32.641 0.4000000060
34633  -38.861  -38.290  -32.487 0.4000000060
34632  -38.243  -38.771  -32.345 0.4000000060
35710  -39.517  -37.819  -32.711 0.4000000060
34621  -38.754  -38.816  -32.092 0.4000000060
123158  -38.762  -40.564  -29.192 0.4000000060
31385  -39.359  -41.510  -28.531 0.5000000000
138306  -38.567  -36.960  -32.621 0.4000000060
136150  -39.205  -36.890  -32.854 0.4000000060
32474  -39.196  -40.591  -28.718 0.4000000060
36713  -39.195  -36.153  -32.668 0.4000000060
36716  -40.085  -36.454  -32.937 0.4000000060
33537  -39.345  -39.856  -28.344 0.5000000000
38850  -39.531  -34.234  -30.889 0.4000000060
37827  -38.797  -35.752  -31.875 0.4000000060
38853  -40.028  -34.765  -31.680 0.4000000060
37828  -39.849  -35.533  -32.364 0.4000000060
37829  -40.891  -34.971  -32.400 0.4000000060
37832  -41.227  -35.963  -32.810 0.5000000000
37824  -39.157  -35.006  -31.341 0.4000000060
140064  -41.468  -42.593  -31.966 0.5000000000
122269  -45.549  -45.223  -36.296 0.5000000000
26890  -42.992  -45.803  -33.059 0.8000000119
26889  -42.377  -45.630  -32.707 0.8000000119
26888  -41.588  -45.341  -32.543 0.6999999881
26926  -47.875  -45.091  -37.268 0.5000000000
26932  -48.614  -45.296  -37.263 0.5000000000
26886  -38.548  -44.700  -33.839 0.6999999881
28130  -49.409  -43.773  -36.978 0.4000000060
28129  -48.532  -44.324  -37.047 0.4000000060
26908  -36.522  -45.072  -35.926 0.6999999881
26914  -50.999  -44.029  -36.438 0.4000000060
28104  -51.303  -44.027  -35.144 0.4000000060
26920  -35.144  -45.394  -36.344 0.6000000238
29250  -51.230  -43.992  -34.028 0.4000000060
131979  -33.874  -44.570  -36.294 0.6000000238
29270  -33.575  -43.698  -35.719 0.5000000000
30408  -34.144  -43.231  -35.391 0.5000000000
127276  -34.599  -42.186  -34.386 0.5000000000
33579  -35.456  -39.697  -33.344 0.4000000060
34636  -36.071  -39.137  -33.128 0.4000000060
34630  -36.626  -38.651  -32.679 0.4000000060
35700  -37.929  -37.236  -32.421 0.4000000060
36712  -38.426  -36.486  -32.356 0.4000000060
25806  -43.756  -45.809  -34.188 0.8000000119
28094  -43.348  -44.614  -34.033 0.8000000119
28128  -47.478  -43.912  -36.640 0.5000000000
28092  -42.052  -44.796  -33.283 0.6999999881
127709  -40.882  -43.263  -35.201 0.6999999881
131362  -45.435  -42.490  -35.016 0.6999999881
30400  -46.579  -42.271  -35.373 0.6000000238
30415  -44.806  -42.321  -34.696 0.6000000238
30414  -43.503  -42.169  -34.610 0.6000000238
30384  -46.247  -42.155  -34.627 0.5000000000
29265  -51.014  -43.734  -35.049 0.5000000000
29263  -49.365  -43.001  -35.560 0.5000000000
29235  -48.688  -43.610  -33.267 0.3000000119
30333  -42.313  -43.191  -30.618 0.4000000060
30329  -38.227  -42.690  -30.300 0.4000000060
34637  -36.671  -39.356  -32.823 0.4000000060
20613  -34.410  -51.464  -39.407 0.4000000060
20614  -34.760  -51.069  -39.459 0.4000000060
21599  -35.819  -50.445  -38.850 0.4000000060
21612  -36.237  -50.228  -39.433 0.4000000060
20604  -35.510  -50.974  -38.268 0.4000000060
118002  -36.350  -50.469  -38.073 0.4000000060
21600  -36.533  -49.973  -38.857 0.4000000060
22633  -37.471  -49.327  -37.991 0.4000000060
23698  -38.689  -48.362  -38.824 0.5000000000
20596  -35.900  -51.123  -37.445 0.4000000060
21588  -36.984  -50.063  -37.602 0.4000000060
22634  -37.897  -49.053  -37.115 0.5000000000
122119  -38.217  -48.639  -38.004 0.5000000000
23694  -38.692  -48.525  -37.090 0.6000000238
20584  -36.167  -51.232  -36.614 0.4000000060
21587  -36.581  -50.609  -37.072 0.4000000060
21578  -37.001  -50.224  -36.373 0.4000000060
26934  -49.844  -44.463  -37.139 0.3000000119
26913  -50.501  -44.708  -36.220 0.4000000060
122032  -51.103  -44.444  -33.995 0.3000000119
24736  -39.772  -47.720  -38.200 0.5000000000
26930  -46.218  -45.640  -38.378 0.5000000000
130954  -47.778  -45.854  -37.756 0.4000000060
21551  -36.770  -50.645  -34.776 0.4000000060
22623  -38.210  -48.914  -36.408 0.5000000000
20554  -36.396  -51.332  -35.059 0.4000000060
21577  -36.544  -50.809  -36.308 0.4000000060
23695  -39.485  -47.989  -37.333 0.6000000238
24737  -40.251  -47.601  -37.546 0.6000000238
24738  -41.039  -47.256  -37.833 0.6999999881
131693  -46.724  -45.463  -37.749 0.5000000000
24742  -40.511  -47.414  -38.423 0.6999999881
25835  -42.819  -46.353  -38.353 0.6999999881
26929  -45.115  -45.470  -37.818 0.6999999881
24739  -41.838  -46.650  -38.009 0.6999999881
25831  -43.384  -45.980  -37.668 0.6999999881
123429  -37.626  -49.463  -36.144 0.5000000000
121699  -38.785  -48.637  -36.117 0.6000000238
23690  -39.295  -48.293  -36.581 0.6000000238
23691  -40.031  -47.939  -36.548 0.6000000238
21552  -37.154  -49.955  -34.533 0.4000000060
22612  -37.619  -49.432  -35.074 0.5000000000
23684  -39.493  -48.376  -35.796 0.6000000238
24731  -40.815  -47.522  -36.923 0.6000000238
24733  -42.059  -46.856  -36.998 0.6000000238
25830  -42.560  -46.451  -37.593 0.6999999881
119169  -45.769  -45.282  -37.299 0.6000000238
22586  -38.110  -49.222  -33.643 0.6000000238
23652  -38.675  -48.812  -33.626 0.6000000238
23669  -38.983  -48.699  -34.373 0.6999999881
23670  -39.687  -48.428  -34.727 0.6000000238
23685  -40.247  -48.125  -35.522 0.6000000238
24721  -41.457  -47.386  -36.243 0.6000000238
22599  -37.639  -49.528  -34.144 0.5000000000
22613  -38.172  -48.967  -35.585 0.6000000238
24722  -42.337  -47.035  -35.967 0.6000000238
25826  -42.878  -46.555  -36.746 0.6999999881
25827  -43.807  -46.155  -36.428 0.6999999881
26922  -44.193  -45.652  -37.398 0.6999999881
23635  -39.065  -48.464  -32.721 0.6000000238
23653  -39.453  -48.494  -33.646 0.6999999881
23654  -40.261  -48.226  -33.772 0.6999999881
124522  -41.035  -47.808  -35.180 0.6000000238
26910  -45.077  -45.320  -35.469 0.5000000000
25814  -43.132  -46.652  -35.641 0.6999999881
26923  -44.808  -45.562  -36.578 0.6000000238
24679  -41.300  -47.219  -32.344 0.6999999881
25795  -42.261  -46.841  -33.082 0.6999999881
24695  -40.003  -48.145  -32.602 0.6999999881
24697  -41.610  -47.371  -33.264 0.6000000238
24698  -42.170  -47.207  -34.009 0.5000000000
24708  -40.961  -47.872  -34.054 0.6999999881
132740  -41.531  -47.580  -34.341 0.6000000238
24710  -42.656  -47.016  -34.805 0.6999999881
25815  -43.822  -46.209  -35.191 0.5000000000
24709  -41.873  -47.410  -35.116 0.6000000238
25816  -44.390  -45.877  -35.679 0.6000000238
26877  -41.868  -46.063  -32.080 0.6999999881
25785  -42.433  -46.210  -32.671 0.6999999881
25805  -43.298  -46.451  -34.471 0.6000000238
25797  -43.348  -46.004  -33.627 0.6999999881
136948  -47.396  -45.596  -37.785 0.5000000000
21598  -35.181  -50.845  -38.941 0.4000000060
20572  -36.295  -51.292  -35.866 0.4000000060
140784  -37.013  -50.187  -37.029 0.4000000060
21567  -37.137  -50.050  -35.427 0.4000000060
25832  -44.337  -45.626  -38.312 0.6999999881
126210  -40.701  -47.751  -36.097 0.6000000238
22600  -38.259  -49.023  -34.551 0.6999999881
23671  -40.455  -48.155  -34.667 0.6000000238
24696  -40.796  -47.714  -32.995 0.6999999881
25784  -41.841  -46.711  -32.413 0.6000000238
21540  -36.985  -50.142  -33.040 0.4000000060
22566  -38.280  -48.908  -32.620 0.5000000000
24677  -39.903  -47.669  -31.746 0.6000000238
21539  -36.586  -51.003  -32.996 0.4000000060
21518  -36.935  -50.423  -31.986 0.5000000000
21519  -37.308  -49.831  -32.240 0.5000000000
23634  -38.754  -48.306  -31.802 0.5000000000
24676  -39.119  -47.679  -31.544 0.5000000000
119981  -38.814  -47.006  -31.216 0.5000000000
140477  -39.416  -48.141  -32.014 0.5000000000
24678  -40.663  -47.446  -31.992 0.6000000238
24660  -40.323  -46.923  -31.433 0.5000000000
24659  -39.545  -47.199  -31.422 0.5000000000
26863  -40.137  -46.065  -31.428 0.6999999881
25766  -39.418  -46.510  -31.276 0.6000000238
26875  -39.958  -45.260  -32.053 0.6000000238
21501  -36.807  -50.500  -30.755 0.5000000000
22564  -37.219  -49.706  -31.140 0.5000000000
23616  -37.588  -48.162  -30.719 0.5000000000
120269  -38.031  -46.738  -30.836 0.5000000000
23633  -38.080  -48.577  -31.422 0.5000000000
26876  -41.020  -45.812  -31.720 0.6000000238
25765  -38.528  -46.156  -31.195 0.6000000238
26862  -39.066  -45.580  -31.685 0.5000000000
140241  -39.043  -44.930  -32.575 0.6000000238
125243  -36.775  -49.803  -30.249 0.5000000000
23590  -36.928  -48.557  -30.477 0.5000000000
24639  -36.297  -47.919  -30.632 0.5000000000
24658  -37.476  -47.359  -30.632 0.5000000000
25764  -37.079  -46.540  -31.010 0.5000000000
130923  -37.642  -45.988  -31.406 0.5000000000
26874  -38.314  -45.156  -32.543 0.6000000238
127030  -36.244  -50.629  -29.832 0.5000000000
22526  -36.615  -49.197  -30.342 0.5000000000
23615  -35.469  -48.095  -30.785 0.5000000000
24655  -34.875  -47.644  -31.306 0.5000000000
24675  -34.867  -47.043  -31.930 0.6000000238
24656  -35.652  -47.191  -31.114 0.4000000060
134990  -34.303  -47.080  -32.667 0.4000000060
25780  -35.686  -46.476  -31.993 0.5000000000
25763  -36.287  -46.602  -31.285 0.5000000000
24657  -36.601  -47.189  -30.736 0.4000000060
24694  -34.164  -46.789  -33.691 0.4000000060
138838  -34.792  -46.463  -33.872 0.5000000000
118624  -35.991  -46.040  -33.118 0.5000000000
25802  -33.760  -46.593  -34.868 0.4000000060
25781  -36.673  -45.978  -31.973 0.6000000238
25782  -37.548  -45.522  -32.360 0.6000000238
26885  -37.726  -45.152  -33.638 0.6000000238
26898  -37.970  -45.043  -35.029 0.6000000238
25779  -34.984  -46.509  -33.015 0.5000000000
25803  -34.627  -46.385  -34.671 0.5000000000
25793  -35.438  -46.151  -34.288 0.5000000000
25824  -33.977  -45.883  -36.401 0.4000000060
25812  -34.355  -46.171  -35.772 0.5000000000
25794  -36.399  -45.716  -34.422 0.6000000238
119447  -37.234  -45.308  -34.745 0.6000000238
121394  -35.222  -46.041  -35.559 0.5000000000
28110  -33.397  -44.958  -36.573 0.3000000119
131427  -33.200  -45.597  -36.711 0.4000000060
26919  -33.491  -45.786  -36.610 0.4000000060
25825  -34.414  -45.548  -36.458 0.5000000000
25804  -35.971  -45.751  -35.406 0.5000000000
26896  -36.673  -45.336  -35.482 0.6000000238
31449  -34.357  -41.411  -34.160 0.3000000119
137356  -33.633  -41.433  -34.291 0.3000000119
119544  -33.972  -42.232  -34.659 0.4000000060
33578  -34.593  -39.466  -33.259 0.3000000119
34635  -35.247  -38.956  -33.034 0.3000000119
35707  -36.372  -37.933  -32.294 0.3000000119
35708  -37.275  -38.014  -32.396 0.3000000119
35699  -36.936  -37.323  -32.022 0.3000000119
36711  -37.451  -36.659  -31.823 0.3000000119
37826  -37.957  -36.064  -31.339 0.3000000119
28125  -34.045  -45.298  -36.540 0.5000000000
32504  -34.840  -40.230  -33.572 0.3000000119
25783  -41.201  -46.639  -31.723 0.5000000000
22565  -37.714  -49.263  -31.899 0.5000000000
26884  -36.924  -45.609  -33.349 0.6000000238
26931  -47.058  -46.060  -38.402 0.3000000119
25836  -43.763  -46.116  -38.720 0.6000000238
26935  -45.468  -45.744  -38.828 0.6000000238
25799  -48.500  -46.057  -34.065 0.3000000119
25808  -48.669  -45.964  -35.199 0.3000000119
25818  -48.860  -45.814  -36.447 0.3000000119
26912  -49.668  -45.448  -35.826 0.3000000119
25817  -48.010  -46.383  -35.733 0.3000000119
25829  -48.806  -45.560  -37.152 0.3000000119
26927  -49.688  -45.093  -36.863 0.3000000119
25837  -44.782  -46.095  -39.144 0.6000000238
26936  -46.453  -46.195  -39.026 0.5000000000
25788  -48.477  -46.299  -33.082 0.3000000119
26892  -49.380  -45.666  -33.650 0.3000000119
26902  -49.517  -45.594  -34.685 0.3000000119
26903  -50.518  -44.984  -35.278 0.3000000119
25828  -48.127  -46.286  -37.049 0.3000000119
25834  -48.153  -45.871  -37.485 0.3000000119
25839  -46.934  -46.785  -38.887 0.4000000060
130601  -36.828  -50.478  -33.894 0.4000000060
25770  -48.349  -46.285  -32.211 0.3000000119
26878  -49.292  -45.784  -32.704 0.3000000119
26866  -50.206  -45.410  -32.336 0.3000000119
26893  -50.459  -45.118  -34.302 0.3000000119
22653  -37.650  -49.354  -40.289 0.5000000000
22654  -38.437  -49.121  -40.618 0.5000000000
21611  -35.529  -50.612  -39.666 0.4000000060
21622  -36.380  -50.291  -40.210 0.4000000060
21624  -37.986  -49.676  -41.077 0.5000000000
123194  -41.118  -47.907  -39.883 0.5000000000
23709  -39.701  -48.364  -40.392 0.5000000000
22649  -38.070  -48.830  -39.873 0.5000000000
22650  -38.840  -48.613  -40.169 0.5000000000
21613  -36.939  -49.761  -39.705 0.4000000060
23704  -42.111  -48.044  -40.062 0.6000000238
24749  -41.506  -47.429  -39.430 0.6000000238
24748  -40.718  -47.476  -39.167 0.5000000000
23700  -40.067  -47.820  -39.672 0.5000000000
22641  -37.203  -49.468  -38.883 0.3000000119
22642  -37.882  -48.803  -38.954 0.4000000060
23703  -39.189  -48.235  -39.585 0.5000000000
129079  -43.223  -47.295  -39.744 0.6000000238
127345  -41.795  -47.031  -39.234 0.6000000238
24743  -41.329  -47.024  -38.757 0.6000000238
23699  -39.433  -47.908  -38.889 0.4000000060
133104  -40.060  -47.578  -38.896 0.5000000000
25841  -45.201  -46.881  -39.690 0.6000000238
24735  -47.172  -46.896  -36.840 0.3000000119
24747  -46.758  -47.520  -39.234 0.4000000060
24744  -42.307  -46.746  -39.062 0.6000000238
24725  -47.462  -46.747  -36.060 0.3000000119
25807  -47.879  -46.572  -34.572 0.3000000119
25833  -47.349  -46.477  -37.987 0.3000000119
137404  -46.573  -46.829  -39.366 0.5000000000
24745  -43.439  -46.692  -39.239 0.6000000238
24750  -42.308  -47.392  -39.629 0.6000000238
24741  -46.800  -47.353  -38.599 0.3000000119
23706  -43.838  -47.887  -39.996 0.5000000000
24754  -44.547  -48.201  -39.822 0.5000000000
24751  -44.336  -47.336  -39.788 0.5000000000
23708  -45.815  -48.326  -39.474 0.4000000060
24752  -45.535  -47.899  -39.841 0.5000000000
22652  -44.204  -48.953  -39.808 0.5000000000
23713  -43.741  -48.647  -40.153 0.5000000000
23701  -45.303  -48.646  -39.232 0.4000000060
23702  -46.052  -48.450  -39.103 0.4000000060
24746  -46.603  -48.071  -38.919 0.4000000060
25842  -46.231  -47.308  -39.714 0.5000000000
23705  -43.077  -48.006  -40.141 0.5000000000
16643  -36.390  -56.478  -44.280 0.3000000119
14594  -36.449  -56.957  -44.571 0.3000000119
16632  -37.616  -56.288  -42.983 0.3000000119
16615  -38.341  -55.670  -42.990 0.3000000119
16633  -39.175  -55.651  -43.031 0.4000000060
16631  -36.822  -56.188  -43.380 0.3000000119
16613  -36.477  -55.297  -42.808 0.3000000119
137265  -39.863  -55.597  -42.859 0.4000000060
17724  -38.928  -54.837  -43.193 0.4000000060
17713  -37.875  -54.789  -42.785 0.3000000119
17712  -36.906  -54.546  -42.488 0.3000000119
17726  -40.733  -55.452  -42.790 0.4000000060
18688  -40.874  -54.802  -43.124 0.4000000060
133329  -38.145  -54.026  -42.796 0.4000000060
18673  -36.381  -53.422  -42.347 0.4000000060
18674  -37.915  -53.073  -42.645 0.4000000060
18647  -41.240  -53.315  -41.153 0.3000000119
17703  -41.631  -54.222  -42.207 0.4000000060
125127  -41.578  -53.511  -42.429 0.4000000060
19654  -40.683  -53.810  -43.298 0.4000000060
19651  -39.619  -52.289  -43.015 0.4000000060
19650  -38.715  -52.598  -42.889 0.4000000060
119864  -36.942  -52.653  -42.322 0.4000000060
20617  -42.238  -51.162  -40.251 0.3000000119
19639  -41.881  -53.001  -41.943 0.4000000060
20650  -42.096  -51.612  -42.382 0.4000000060
19653  -41.707  -52.504  -42.515 0.4000000060
20649  -40.686  -52.109  -42.988 0.4000000060
21634  -40.494  -51.110  -42.488 0.4000000060
20648  -39.683  -51.506  -42.572 0.4000000060
119895  -39.674  -50.984  -42.254 0.4000000060
20647  -38.767  -51.679  -42.532 0.4000000060
19649  -37.683  -51.900  -42.391 0.4000000060
20633  -42.539  -51.278  -41.419 0.4000000060
20646  -42.470  -51.332  -41.892 0.4000000060
21631  -40.785  -50.324  -42.030 0.4000000060
21630  -39.605  -50.407  -41.860 0.4000000060
20643  -38.071  -50.992  -42.043 0.4000000060
19637  -36.501  -51.683  -42.055 0.4000000060
127609  -42.602  -50.571  -41.997 0.4000000060
21632  -41.933  -50.312  -42.228 0.4000000060
22660  -39.983  -49.546  -41.494 0.4000000060
21628  -37.551  -50.353  -41.440 0.4000000060
21625  -38.950  -49.641  -41.262 0.4000000060
22662  -42.328  -49.771  -41.730 0.4000000060
22657  -41.441  -48.953  -41.202 0.4000000060
23710  -40.693  -48.325  -40.510 0.4000000060
139828  -42.336  -49.185  -41.130 0.4000000060
23712  -42.885  -48.868  -40.643 0.4000000060
23696  -45.210  -48.655  -38.510 0.3000000119
22655  -39.344  -48.961  -40.877 0.4000000060
23697  -45.900  -48.235  -38.261 0.3000000119
23711  -41.791  -48.512  -40.599 0.4000000060
17725  -40.013  -55.230  -43.158 0.4000000060
18687  -39.873  -54.297  -43.335 0.4000000060
18676  -39.669  -53.224  -43.270 0.4000000060
18675  -38.840  -53.658  -43.128 0.4000000060
19624  -41.933  -52.710  -41.571 0.4000000060
19638  -41.754  -53.620  -41.831 0.4000000060
20616  -41.390  -51.854  -39.985 0.3000000119
141083  -40.390  -52.895  -43.248 0.4000000060
20618  -42.615  -51.089  -40.960 0.3000000119
20632  -42.242  -51.816  -41.079 0.4000000060
19640  -42.133  -52.079  -41.992 0.4000000060
21635  -41.584  -50.959  -42.512 0.4000000060
21633  -42.660  -50.749  -41.530 0.4000000060
22661  -41.138  -49.600  -41.648 0.4000000060
21629  -38.501  -50.303  -41.648 0.4000000060
22656  -40.330  -48.827  -41.121 0.4000000060
22658  -42.897  -49.754  -41.174 0.4000000060
17692  -39.777  -54.928  -40.864 0.3000000119
15617  -39.308  -56.891  -41.379 0.3000000119
14574  -38.890  -56.798  -41.707 0.3000000119
15618  -39.368  -55.833  -41.795 0.3000000119
16603  -40.848  -55.405  -42.083 0.3000000119
15632  -38.916  -56.147  -42.072 0.3000000119
16616  -40.471  -55.503  -42.291 0.3000000119
17701  -40.780  -54.926  -41.684 0.3000000119
17702  -41.409  -54.975  -42.208 0.3000000119
18658  -41.445  -54.309  -41.807 0.3000000119
21615  -42.893  -50.550  -40.340 0.3000000119
21616  -43.121  -50.109  -40.495 0.3000000119
22651  -43.765  -49.633  -39.933 0.3000000119
22645  -44.547  -49.078  -39.450 0.3000000119
21627  -42.886  -50.248  -41.086 0.3000000119
14585  -38.559  -56.913  -41.762 0.3000000119
16614  -37.436  -55.593  -42.906 0.3000000119
16635  -39.790  -55.656  -42.429 0.3000000119
17714  -41.289  -54.927  -42.555 0.4000000060
18677  -41.383  -54.197  -42.842 0.4000000060
19652  -41.244  -53.193  -43.078 0.4000000060
20644  -39.019  -50.952  -42.154 0.4000000060
20645  -42.229  -51.994  -41.670 0.4000000060
21566  -36.673  -50.707  -35.629 0.4000000060
21626  -42.753  -50.703  -41.051 0.4000000060
21636  -42.289  -50.957  -42.305 0.4000000060
22547  -37.067  -49.238  -30.522 0.5000000000
22548  -37.459  -48.898  -30.984 0.5000000000
22585  -37.574  -49.552  -33.092 0.4000000060
22648  -37.530  -49.204  -39.551 0.4000000060
22659  -43.391  -49.575  -40.480 0.4000000060
23589  -36.155  -48.712  -30.416 0.5000000000
23617  -38.341  -47.722  -30.992 0.5000000000
23683  -38.875  -48.675  -35.204 0.6000000238
23707  -45.096  -48.450  -39.552 0.4000000060
24640  -36.999  -47.831  -30.535 0.5000000000
24732  -41.433  -47.148  -37.224 0.6000000238
24753  -46.376  -48.102  -39.488 0.5000000000
25796  -42.809  -46.537  -33.581 0.5000000000
25811  -33.442  -46.389  -35.980 0.4000000060
25813  -34.831  -45.739  -36.262 0.6000000238
25838  -45.858  -46.390  -39.466 0.5000000000
25840  -44.291  -46.572  -39.372 0.6000000238
26861  -38.193  -45.608  -31.741 0.5000000000
26864  -40.760  -46.389  -31.441 0.6000000238
26906  -35.536  -45.574  -36.044 0.6000000238
26928  -50.370  -44.355  -36.811 0.4000000060
26933  -49.286  -45.039  -37.210 0.3000000119
28067  -46.469  -44.229  -31.647 0.3000000119
28118  -46.686  -43.097  -36.122 0.6000000238
28119  -51.303  -43.893  -35.951 0.4000000060
28124  -32.656  -44.999  -36.639 0.3000000119
28131  -50.404  -43.898  -36.867 0.4000000060
28132  -49.244  -44.621  -37.202 0.3000000119
29274  -39.526  -43.311  -35.608 0.6999999881
29282  -49.669  -43.179  -36.196 0.5000000000
29283  -51.166  -43.752  -35.721 0.5000000000
29285  -48.910  -43.075  -36.420 0.4000000060
30397  -41.239  -41.336  -35.311 0.5000000000
30417  -46.994  -42.397  -35.784 0.6000000238
31450  -42.010  -41.230  -34.844 0.5000000000
31451  -42.547  -41.536  -34.558 0.5000000000
32512  -34.372  -40.679  -33.821 0.3000000119
117398  -39.050  -48.200  -38.055 0.5000000000
119050  -47.067  -42.388  -29.333 0.3000000119
119071  -40.275  -37.387  -32.959 0.4000000060
120117  -37.361  -49.736  -37.051 0.4000000060
121801  -36.935  -49.878  -38.298 0.4000000060
122196  -41.124  -55.262  -42.428 0.3000000119
122586  -36.098  -45.358  -35.898 0.5000000000
123307  -45.866  -43.940  -29.941 0.3000000119
126683  -37.335  -53.764  -42.486 0.4000000060
135152  -36.758  -42.479  -31.195 0.4000000060
135269  -41.400  -51.646  -42.716 0.4000000060
135921  -41.607  -52.470  -40.867 0.3000000119
136102  -38.505  -48.528  -39.491 0.5000000000
136557  -37.171  -49.891  -33.770 0.4000000060
136735  -42.780  -50.277  -41.591 0.3000000119
139083  -39.828  -41.971  -35.047 0.5000000000
