#!ascii label  , from subject sub-v1s12x0050109_ses-1 vox2ras=TkReg
1675
126413  -29.303  -38.772  -31.027 0.5000000000
33543  -29.742  -38.637  -30.471 0.4000000060
33544  -30.441  -38.867  -30.094 0.6000000238
34601  -30.159  -38.057  -30.081 0.6000000238
36705  -30.321  -37.314  -30.296 0.6000000238
35685  -30.217  -37.682  -30.105 0.5000000000
36693  -31.077  -36.439  -30.396 0.6000000238
34602  -30.342  -38.140  -29.927 0.6999999881
34603  -31.030  -38.357  -29.563 0.6999999881
36681  -30.456  -36.815  -29.223 0.6999999881
36691  -30.416  -36.986  -29.714 0.6999999881
36683  -30.704  -36.016  -29.725 0.6999999881
37819  -32.538  -35.700  -30.351 0.5000000000
37818  -31.497  -35.735  -30.191 0.6999999881
36694  -31.994  -36.444  -30.575 0.5000000000
27951  -29.549  -44.491  -22.945 0.5000000000
35672  -30.523  -37.164  -29.264 0.6999999881
36682  -30.450  -36.476  -29.308 0.6999999881
36676  -30.840  -36.083  -28.557 0.6999999881
37803  -30.582  -35.833  -29.005 0.6999999881
126182  -30.565  -36.290  -28.894 0.6999999881
37794  -30.892  -35.674  -28.524 0.6999999881
37805  -31.960  -34.952  -30.015 0.6000000238
141056  -35.078  -40.139  -27.327 0.6999999881
123740  -34.446  -38.939  -27.366 0.6999999881
34594  -31.313  -37.818  -29.009 0.6999999881
128311  -32.119  -37.940  -28.556 0.6999999881
27950  -28.921  -44.726  -23.412 0.6000000238
26759  -27.394  -44.887  -23.814 0.4000000060
120864  -30.750  -37.174  -28.917 0.6999999881
37804  -31.082  -35.329  -29.468 0.6999999881
38837  -32.323  -34.265  -29.606 0.6999999881
38826  -31.703  -33.926  -28.911 0.6999999881
38838  -33.853  -34.389  -29.360 0.6000000238
125458  -35.614  -39.843  -26.109 0.6999999881
33510  -35.324  -40.201  -26.810 0.6999999881
33526  -33.964  -39.345  -27.812 0.6999999881
130193  -35.165  -39.448  -26.955 0.6999999881
33511  -35.568  -38.897  -26.247 0.6999999881
29070  -30.457  -43.675  -22.273 0.6000000238
34583  -34.218  -38.083  -27.161 0.6999999881
138319  -32.259  -37.423  -28.246 0.6999999881
34582  -33.569  -38.531  -27.793 0.6999999881
34568  -34.972  -38.508  -26.780 0.6999999881
34569  -35.484  -38.015  -26.236 0.6999999881
27989  -27.496  -43.994  -24.799 0.5000000000
27970  -27.848  -44.385  -24.294 0.5000000000
37786  -31.020  -35.421  -28.063 0.6999999881
35663  -31.084  -36.619  -28.554 0.6999999881
35648  -34.790  -37.649  -26.664 0.6999999881
27969  -27.067  -44.543  -24.391 0.4000000060
37795  -30.923  -35.154  -28.646 0.6999999881
133302  -31.959  -36.745  -28.093 0.6999999881
35664  -33.439  -37.475  -27.522 0.6999999881
35647  -34.137  -37.327  -27.000 0.6999999881
27987  -26.008  -44.054  -25.222 0.4000000060
36657  -31.454  -35.450  -27.724 0.6999999881
36659  -33.646  -36.590  -27.036 0.6999999881
37773  -34.183  -35.989  -26.530 0.6999999881
38836  -31.432  -34.620  -29.192 0.6999999881
37787  -30.940  -34.829  -27.988 0.6999999881
122135  -32.875  -35.255  -26.786 0.6999999881
121123  -33.468  -35.817  -26.807 0.6999999881
39869  -32.600  -33.670  -29.147 0.6999999881
38810  -32.040  -34.595  -26.630 0.6999999881
39871  -34.275  -33.779  -28.838 0.6000000238
39857  -32.967  -33.040  -28.788 0.6999999881
39856  -31.969  -33.223  -28.539 0.6999999881
123687  -34.980  -32.473  -27.939 0.5000000000
38820  -36.880  -34.388  -26.985 0.4000000060
39845  -36.296  -33.681  -26.995 0.5000000000
34556  -35.955  -38.384  -25.650 0.6999999881
30209  -30.905  -42.416  -21.790 0.6000000238
36671  -32.794  -36.674  -27.581 0.6999999881
118981  -29.240  -43.866  -23.696 0.5000000000
35649  -35.339  -37.118  -26.211 0.6999999881
138770  -31.231  -34.422  -27.541 0.6999999881
36670  -32.059  -36.012  -27.671 0.6999999881
123246  -31.368  -33.731  -28.266 0.6999999881
38809  -31.445  -34.079  -27.003 0.6999999881
130866  -34.129  -31.634  -28.048 0.6999999881
39870  -33.503  -33.668  -29.102 0.6999999881
40797  -34.245  -32.358  -28.248 0.6999999881
39858  -33.892  -33.039  -28.696 0.6999999881
41732  -34.675  -31.843  -27.981 0.6999999881
31285  -34.511  -41.393  -21.118 0.6999999881
32380  -35.458  -40.709  -21.986 0.6999999881
33457  -35.824  -40.023  -22.302 0.8000000119
34513  -36.449  -38.549  -22.593 0.8000000119
31284  -33.674  -41.737  -20.846 0.6000000238
32339  -34.349  -40.630  -20.630 0.6000000238
32357  -35.031  -40.694  -21.178 0.6000000238
33467  -36.325  -39.070  -23.283 0.8000000119
31273  -33.176  -41.074  -20.540 0.6000000238
32356  -32.287  -40.729  -20.730 0.6000000238
34557  -36.232  -37.889  -25.012 0.6999999881
31282  -31.666  -42.071  -21.360 0.6000000238
31283  -32.605  -41.755  -20.894 0.6000000238
30229  -29.943  -42.635  -23.328 0.6000000238
124985  -30.522  -41.982  -22.356 0.6000000238
35629  -35.923  -37.525  -25.672 0.6999999881
29106  -29.158  -43.437  -24.604 0.5000000000
29092  -29.733  -42.953  -24.143 0.6000000238
35630  -36.253  -37.168  -25.104 0.6999999881
36641  -35.027  -36.214  -26.128 0.6999999881
38819  -31.229  -34.018  -27.718 0.6999999881
37770  -31.346  -34.809  -27.464 0.6999999881
37772  -33.688  -35.275  -26.423 0.6999999881
41731  -33.435  -31.591  -28.138 0.8000000119
40796  -33.362  -32.315  -28.423 0.6999999881
39844  -31.432  -33.348  -27.152 0.6999999881
38811  -33.060  -34.660  -26.262 0.6999999881
42672  -33.734  -30.915  -27.915 0.8000000119
40794  -31.783  -32.677  -28.076 0.6999999881
40798  -35.731  -32.460  -27.398 0.5000000000
40787  -37.342  -32.781  -26.562 0.5000000000
41720  -36.573  -32.184  -26.775 0.5000000000
39847  -37.951  -33.246  -27.061 0.4000000060
33410  -34.915  -39.906  -20.603 0.6000000238
33435  -35.848  -39.433  -21.680 0.6999999881
34496  -36.192  -38.770  -21.758 0.8000000119
32338  -33.652  -40.609  -20.424 0.6000000238
35571  -36.694  -37.750  -22.740 0.8000000119
34529  -36.523  -38.311  -23.414 0.8000000119
35594  -36.645  -37.531  -23.640 0.8000000119
121165  -31.613  -41.122  -21.233 0.6000000238
31306  -30.878  -41.423  -21.851 0.6000000238
35613  -36.489  -37.349  -24.446 0.8000000119
29121  -29.119  -43.129  -25.495 0.6000000238
121980  -30.272  -42.189  -24.059 0.6000000238
31305  -30.572  -41.326  -22.804 0.6000000238
36631  -36.447  -36.505  -24.684 0.6999999881
29105  -28.293  -43.657  -24.901 0.5000000000
37751  -35.446  -35.643  -25.541 0.6999999881
37731  -35.948  -35.146  -25.038 0.6999999881
29118  -26.693  -43.690  -25.777 0.5000000000
29120  -28.385  -43.295  -25.756 0.5000000000
37750  -34.547  -35.269  -25.982 0.6999999881
40795  -32.422  -32.494  -28.355 0.8000000119
40785  -31.553  -32.612  -27.456 0.6999999881
39835  -31.503  -33.459  -26.370 0.6999999881
38791  -32.413  -34.017  -25.847 0.6999999881
41717  -31.968  -32.060  -27.855 0.6999999881
40786  -36.471  -33.015  -26.809 0.5000000000
33409  -33.803  -39.855  -20.233 0.6999999881
119645  -34.476  -39.108  -20.085 0.6999999881
33411  -35.292  -39.105  -20.452 0.6999999881
35541  -36.219  -38.338  -20.949 0.8000000119
120962  -36.622  -37.593  -20.906 0.8000000119
32337  -32.928  -40.260  -20.391 0.6999999881
35540  -35.927  -37.831  -20.158 0.8000000119
36590  -36.846  -37.233  -21.892 0.8000000119
124838  -32.159  -39.922  -20.654 0.6000000238
125032  -36.889  -36.810  -23.012 0.8000000119
134256  -31.132  -40.626  -21.731 0.6000000238
36621  -36.819  -36.139  -23.848 0.6999999881
30252  -29.862  -42.900  -25.234 0.6000000238
31320  -30.611  -41.416  -23.827 0.6000000238
37732  -36.472  -35.598  -24.529 0.8000000119
37721  -36.926  -35.242  -23.831 0.6999999881
119057  -29.745  -42.654  -26.012 0.6000000238
38776  -36.393  -34.779  -24.424 0.8000000119
127777  -27.318  -43.471  -26.379 0.4000000060
37749  -33.833  -34.743  -26.015 0.6999999881
38793  -34.287  -34.453  -25.533 0.6999999881
38775  -35.690  -34.364  -24.799 0.6999999881
29143  -25.362  -43.602  -27.940 0.4000000060
39819  -33.947  -33.725  -25.213 0.6999999881
38794  -35.129  -34.807  -25.328 0.6999999881
41730  -32.673  -31.754  -28.114 0.8000000119
38792  -33.436  -34.191  -25.694 0.6999999881
39816  -31.782  -33.573  -25.859 0.6999999881
42673  -34.670  -30.982  -27.925 0.8000000119
41719  -35.484  -30.835  -27.622 0.5000000000
41721  -37.528  -31.783  -26.519 0.5000000000
40788  -38.180  -32.413  -26.937 0.4000000060
34472  -34.036  -38.160  -19.981 0.6000000238
35539  -34.948  -37.572  -19.785 0.6999999881
124384  -37.057  -36.828  -20.943 0.8000000119
135075  -32.705  -39.290  -20.379 0.6999999881
33433  -31.914  -39.321  -21.089 0.6999999881
117329  -37.138  -36.361  -21.976 0.8000000119
126935  -31.249  -39.978  -22.132 0.6000000238
136163  -37.316  -36.025  -21.001 0.8000000119
32391  -31.230  -39.909  -23.133 0.6000000238
37690  -37.370  -35.449  -22.003 0.8000000119
37705  -37.131  -35.796  -22.966 0.8000000119
134495  -30.223  -42.457  -25.673 0.6000000238
31327  -30.702  -41.653  -24.821 0.6000000238
138622  -36.761  -34.491  -23.810 0.8000000119
38774  -34.813  -34.017  -25.003 0.8000000119
39799  -35.424  -33.559  -24.550 0.8000000119
29135  -28.836  -42.750  -26.393 0.5000000000
119705  -33.946  -32.537  -24.658 0.8000000119
29145  -27.574  -43.163  -27.374 0.4000000060
42660  -33.192  -30.235  -27.572 0.8000000119
41718  -32.242  -31.330  -27.583 0.8000000119
41711  -31.669  -31.833  -27.026 0.8000000119
41696  -31.663  -32.121  -26.123 0.8000000119
39818  -33.103  -33.519  -25.409 0.6999999881
42661  -34.064  -30.061  -27.752 0.8000000119
40777  -31.462  -32.705  -26.610 0.8000000119
39817  -32.310  -33.255  -25.507 0.6999999881
139252  -31.855  -31.472  -26.413 0.8000000119
43694  -34.373  -29.160  -27.600 0.8000000119
41712  -32.067  -31.014  -26.892 0.8000000119
42663  -36.216  -30.740  -27.136 0.6000000238
137935  -35.740  -30.153  -27.372 0.6000000238
42664  -37.260  -30.655  -26.505 0.5000000000
36558  -36.648  -36.205  -19.701 0.6999999881
118719  -37.145  -36.411  -20.269 0.6999999881
33432  -31.614  -39.477  -21.813 0.6000000238
34494  -32.969  -38.310  -20.318 0.6000000238
35561  -33.274  -37.469  -20.369 0.6000000238
33456  -31.950  -38.789  -22.007 0.6000000238
32400  -30.945  -40.728  -24.543 0.6000000238
117105  -31.628  -39.201  -22.766 0.6000000238
127228  -37.425  -35.226  -21.034 0.6999999881
31336  -30.499  -41.904  -25.610 0.5000000000
38763  -37.210  -34.756  -22.987 0.8000000119
31346  -29.406  -41.449  -26.662 0.3000000119
39783  -36.018  -33.034  -24.003 0.8000000119
132673  -35.192  -32.865  -24.383 0.8000000119
40722  -35.377  -32.222  -24.105 0.8000000119
41681  -33.397  -31.313  -24.736 0.8000000119
42659  -32.525  -30.549  -27.319 0.8000000119
40759  -32.322  -32.365  -25.466 0.8000000119
40738  -33.236  -32.229  -24.903 0.8000000119
39797  -33.592  -33.010  -24.993 0.6999999881
41697  -32.127  -31.563  -25.807 0.8000000119
124054  -32.155  -30.911  -26.181 0.8000000119
42662  -35.036  -29.933  -27.662 0.6999999881
43696  -36.371  -29.913  -26.925 0.6000000238
42665  -38.816  -30.808  -26.846 0.3000000119
35538  -34.045  -37.181  -19.984 0.6000000238
36557  -35.461  -36.080  -19.501 0.6999999881
37658  -36.114  -35.423  -19.381 0.6999999881
37659  -36.944  -35.412  -19.571 0.6999999881
34541  -28.334  -38.363  -24.530 0.5000000000
34493  -32.284  -38.495  -21.096 0.6000000238
35560  -32.637  -37.629  -21.129 0.6000000238
138924  -37.444  -35.090  -20.363 0.6999999881
33494  -30.750  -39.868  -25.097 0.5000000000
33465  -31.403  -39.246  -23.616 0.5000000000
34512  -32.153  -37.881  -22.153 0.6000000238
38738  -37.453  -34.575  -20.788 0.6999999881
32428  -29.318  -40.664  -26.552 0.3000000119
32412  -30.534  -40.836  -25.436 0.5000000000
39760  -37.389  -33.792  -21.277 0.8000000119
40706  -36.875  -32.525  -22.613 0.8000000119
39771  -37.150  -33.506  -22.416 0.8000000119
41666  -34.725  -31.640  -24.218 0.8999999762
129475  -36.156  -32.128  -23.467 0.8999999762
134105  -28.813  -42.202  -27.136 0.4000000060
41682  -34.141  -31.084  -24.366 0.8999999762
40739  -34.598  -32.384  -24.416 0.8999999762
41667  -35.443  -31.437  -23.812 0.8999999762
43693  -33.508  -29.278  -27.297 0.8000000119
41680  -32.699  -31.545  -25.206 0.8000000119
40760  -32.903  -32.886  -25.219 0.8000000119
43695  -35.093  -29.028  -27.567 0.6999999881
125368  -35.686  -29.371  -27.309 0.6000000238
44706  -37.553  -28.983  -26.149 0.6000000238
43683  -37.937  -29.866  -26.216 0.6000000238
36572  -33.876  -36.346  -20.095 0.6000000238
37672  -34.432  -35.805  -19.732 0.6000000238
36589  -33.434  -36.768  -20.443 0.6000000238
36588  -32.923  -36.837  -21.072 0.6000000238
120419  -37.023  -34.193  -19.311 0.8000000119
33479  -30.800  -38.942  -24.862 0.6000000238
34528  -31.502  -38.416  -23.600 0.5000000000
36604  -32.358  -36.944  -21.895 0.6000000238
38717  -37.341  -34.747  -19.825 0.6999999881
40677  -37.422  -33.196  -20.517 0.8000000119
33493  -29.488  -39.444  -25.821 0.4000000060
31335  -29.954  -41.241  -26.061 0.4000000060
40693  -37.267  -32.919  -21.637 0.8000000119
42609  -35.475  -30.660  -23.596 0.8000000119
41647  -36.692  -31.674  -22.769 0.8000000119
42624  -33.642  -30.310  -24.655 0.8999999762
42608  -34.846  -30.893  -24.037 0.8000000119
41668  -36.124  -31.185  -23.328 0.8000000119
42625  -34.372  -30.415  -24.225 0.8000000119
42652  -32.373  -30.166  -26.565 0.8000000119
43659  -33.024  -29.747  -25.341 0.8000000119
43692  -33.079  -29.021  -26.735 0.8000000119
42623  -32.893  -30.728  -25.157 0.8000000119
42641  -32.512  -30.374  -25.776 0.8000000119
124738  -35.513  -28.355  -27.277 0.6999999881
44705  -36.459  -28.884  -26.746 0.6999999881
125484  -37.202  -27.013  -26.133 0.6000000238
45616  -37.968  -27.380  -25.746 0.6000000238
46549  -38.762  -26.980  -26.040 0.6000000238
37689  -33.113  -36.103  -20.787 0.6000000238
39726  -35.057  -33.887  -18.980 0.8000000119
38702  -35.638  -34.636  -19.202 0.6999999881
36618  -29.561  -36.604  -23.329 0.5000000000
134681  -31.922  -37.232  -22.581 0.5000000000
129160  -37.351  -33.825  -19.736 0.8000000119
133831  -37.486  -34.052  -20.369 0.6999999881
35592  -30.484  -37.383  -24.036 0.5000000000
35570  -31.727  -37.734  -23.053 0.5000000000
39728  -36.979  -33.518  -19.154 0.8000000119
39729  -37.284  -33.014  -19.614 0.8000000119
35612  -29.806  -37.607  -24.373 0.5000000000
40678  -37.426  -32.235  -20.200 0.8000000119
40694  -37.351  -32.428  -21.068 0.8000000119
42574  -37.592  -30.857  -21.199 0.8000000119
41632  -37.094  -32.069  -21.888 0.8000000119
41648  -37.200  -31.139  -22.115 0.8000000119
41633  -37.403  -31.689  -21.137 0.8000000119
124727  -34.898  -30.172  -23.824 0.8000000119
119504  -36.701  -30.927  -22.879 0.8000000119
141240  -32.842  -28.645  -26.059 0.8000000119
43660  -33.578  -29.252  -24.828 0.8000000119
44704  -33.920  -28.376  -27.437 0.8000000119
44703  -33.321  -28.369  -26.925 0.8000000119
124739  -34.728  -28.341  -27.572 0.6999999881
119234  -36.414  -27.167  -26.630 0.6999999881
45628  -35.077  -27.559  -27.542 0.6999999881
45629  -35.689  -27.392  -27.166 0.6999999881
46558  -35.958  -26.552  -27.070 0.6999999881
38700  -33.060  -34.270  -19.731 0.8000000119
37656  -33.961  -34.877  -19.666 0.6000000238
39725  -33.904  -33.873  -19.215 0.6000000238
39770  -28.970  -33.145  -22.191 0.6000000238
38750  -29.540  -34.773  -22.476 0.5000000000
37688  -32.371  -35.695  -21.215 0.6000000238
37670  -32.787  -35.298  -20.599 0.6000000238
39727  -36.224  -33.913  -19.015 0.8000000119
40721  -28.111  -32.197  -23.260 0.6000000238
40691  -29.584  -32.749  -21.545 0.6000000238
136928  -30.711  -34.969  -21.873 0.5000000000
37703  -31.221  -35.831  -22.144 0.5000000000
43619  -28.447  -29.512  -23.025 0.5000000000
42588  -28.545  -30.632  -22.700 0.5000000000
41646  -28.928  -31.578  -22.246 0.6000000238
36601  -30.031  -36.151  -22.885 0.5000000000
40663  -36.953  -32.876  -19.073 0.8000000119
42589  -28.840  -29.982  -22.241 0.5000000000
36603  -31.679  -36.580  -22.421 0.5000000000
43637  -28.120  -29.344  -23.937 0.4000000060
36620  -31.352  -37.037  -23.030 0.5000000000
41619  -37.552  -31.289  -20.317 0.6999999881
43640  -36.697  -29.537  -22.947 0.8000000119
42591  -37.586  -30.316  -21.897 0.8000000119
43661  -34.332  -29.573  -24.240 0.8000000119
130144  -35.465  -30.005  -23.493 0.8000000119
43621  -37.454  -29.646  -22.366 0.8000000119
42610  -36.214  -30.297  -23.204 0.8000000119
44656  -36.301  -28.661  -23.201 0.8000000119
46556  -33.375  -26.894  -26.813 0.8999999762
44693  -32.963  -28.374  -26.286 0.8999999762
119126  -33.190  -28.873  -25.258 0.8000000119
123546  -32.915  -28.915  -25.739 1.0000000000
44676  -33.323  -28.359  -24.893 0.8000000119
45627  -34.316  -27.610  -27.523 0.8000000119
123983  -34.673  -26.882  -27.576 0.6999999881
39724  -32.836  -33.450  -19.374 0.8000000119
39715  -34.463  -33.121  -18.723 0.8000000119
40653  -34.961  -32.452  -18.456 0.8000000119
41630  -29.485  -31.857  -21.544 0.6000000238
39741  -32.191  -33.867  -19.848 0.6000000238
39716  -35.507  -33.160  -18.707 0.8000000119
40654  -35.875  -32.437  -18.538 0.8000000119
40705  -29.144  -32.346  -22.001 0.6000000238
39758  -30.204  -33.209  -21.067 0.6000000238
38714  -31.651  -34.209  -20.419 0.6000000238
40655  -36.629  -32.337  -18.809 0.8000000119
41602  -36.997  -31.603  -18.969 0.6999999881
42572  -29.275  -30.794  -21.762 0.5000000000
39739  -30.733  -32.765  -20.314 0.6000000238
38737  -31.999  -34.943  -20.859 0.6000000238
44631  -28.529  -28.646  -22.854 0.4000000060
118717  -29.346  -29.062  -21.661 0.4000000060
43607  -29.306  -29.807  -21.653 0.4000000060
42573  -29.806  -30.333  -21.032 0.4000000060
41603  -37.367  -31.658  -19.608 0.6999999881
44632  -28.970  -28.330  -22.032 0.4000000060
44618  -29.663  -28.549  -21.200 0.4000000060
41617  -30.483  -31.763  -20.329 0.4000000060
127705  -37.914  -30.211  -21.211 0.6999999881
44608  -29.828  -27.901  -20.896 0.4000000060
43595  -30.804  -29.148  -20.187 0.5000000000
43622  -37.980  -29.652  -21.658 0.6999999881
127016  -29.328  -27.731  -21.443 0.3000000119
44609  -30.292  -28.415  -20.568 0.5000000000
43638  -35.083  -29.454  -23.696 0.8000000119
44655  -35.408  -28.755  -23.551 0.8000000119
44634  -37.822  -28.355  -22.368 0.8000000119
44633  -37.210  -28.893  -22.705 0.8000000119
45625  -33.164  -27.620  -26.502 0.8000000119
44688  -32.872  -28.173  -25.817 1.0000000000
45605  -33.105  -27.588  -24.940 0.8000000119
121103  -33.612  -27.903  -24.609 0.8000000119
44677  -33.994  -28.606  -24.496 0.8000000119
44654  -34.691  -28.741  -23.974 0.8000000119
137100  -35.028  -28.188  -23.800 0.8000000119
45615  -32.969  -27.601  -25.988 1.0000000000
45592  -34.329  -27.868  -24.174 0.8000000119
45626  -33.598  -27.620  -27.130 0.8000000119
46537  -33.069  -27.125  -25.291 0.8000000119
45606  -33.723  -27.239  -24.617 0.8000000119
46557  -33.904  -26.906  -27.322 0.8999999762
126759  -34.985  -26.183  -27.597 0.6999999881
127756  -35.572  -26.146  -27.392 0.6999999881
48399  -35.822  -24.875  -27.611 0.6999999881
47473  -36.218  -25.645  -27.260 0.6999999881
125844  -36.911  -26.237  -26.588 0.6999999881
47474  -37.932  -25.676  -26.613 0.6000000238
133398  -37.082  -25.394  -26.871 0.6999999881
47475  -38.842  -25.172  -27.119 0.6000000238
131393  -37.786  -24.902  -27.044 0.6000000238
40662  -33.448  -32.927  -18.861 0.8000000119
40652  -33.991  -32.330  -18.443 0.8000000119
40692  -30.033  -32.281  -20.911 0.5000000000
41601  -32.327  -31.812  -18.899 0.8000000119
41586  -32.953  -31.311  -18.545 0.8000000119
40651  -33.080  -32.125  -18.528 0.8000000119
41589  -35.405  -31.894  -18.368 0.8000000119
41618  -30.879  -31.339  -19.863 0.5000000000
40661  -32.538  -32.631  -19.057 0.8000000119
41590  -36.219  -31.595  -18.464 0.6999999881
43608  -29.767  -29.446  -21.128 0.4000000060
42556  -30.453  -30.760  -20.342 0.5000000000
40660  -31.764  -32.305  -19.376 0.6999999881
135089  -31.362  -32.743  -19.783 0.6999999881
42529  -36.008  -30.684  -18.292 0.6999999881
42530  -36.881  -30.811  -18.589 0.6999999881
42531  -37.390  -30.012  -18.817 0.6999999881
42545  -37.464  -30.801  -19.435 0.6999999881
43596  -38.007  -29.744  -19.678 0.6999999881
44611  -38.410  -28.952  -20.253 0.6999999881
44610  -30.949  -28.202  -20.060 0.5000000000
44619  -38.300  -28.832  -21.402 0.6999999881
46483  -30.040  -26.888  -20.122 0.4000000060
45551  -30.849  -27.382  -19.603 0.4000000060
134764  -36.341  -27.893  -23.321 0.8000000119
122311  -35.663  -28.060  -23.527 0.8000000119
46529  -35.348  -26.723  -23.806 0.8000000119
46530  -36.283  -26.591  -23.536 0.6999999881
46538  -33.333  -26.860  -25.023 0.8000000119
45593  -35.102  -27.519  -23.815 0.8000000119
129405  -33.265  -26.098  -26.646 0.8999999762
128142  -33.524  -26.213  -27.138 0.8999999762
46548  -33.193  -26.915  -26.250 0.8999999762
126266  -33.227  -26.037  -26.186 0.8000000119
140411  -33.286  -25.898  -25.794 0.8000000119
125180  -33.524  -26.124  -25.321 0.8000000119
47470  -33.765  -25.681  -27.364 0.8999999762
47469  -33.234  -25.462  -27.076 0.8000000119
125832  -34.215  -26.219  -27.468 0.8999999762
47471  -34.500  -25.452  -27.573 0.8000000119
45618  -39.264  -27.656  -26.451 0.4000000060
126758  -35.082  -24.943  -27.672 0.8000000119
131407  -35.234  -24.264  -27.638 0.6999999881
48400  -36.784  -24.709  -27.327 0.6999999881
49265  -38.266  -22.964  -27.567 0.5000000000
41587  -33.677  -31.572  -18.334 0.6999999881
42526  -32.988  -30.419  -18.733 0.6999999881
42528  -35.108  -30.519  -18.238 0.6999999881
43577  -32.189  -29.185  -19.244 0.6000000238
136502  -33.611  -30.809  -18.370 0.6999999881
43560  -36.594  -29.991  -18.349 0.6999999881
126944  -37.104  -29.382  -18.438 0.6999999881
44594  -37.741  -29.191  -18.885 0.6999999881
137286  -38.216  -28.928  -19.448 0.6999999881
136983  -31.437  -28.016  -19.498 0.5000000000
44612  -38.518  -28.078  -20.681 0.6999999881
47387  -30.096  -25.725  -19.173 0.3000000119
46472  -30.407  -26.516  -19.344 0.3000000119
45541  -31.555  -27.532  -18.921 0.5000000000
45594  -35.918  -27.348  -23.559 0.6999999881
45574  -37.762  -27.345  -22.723 0.6999999881
45552  -38.541  -27.179  -21.039 0.6999999881
46473  -31.146  -26.815  -18.831 0.4000000060
124074  -36.806  -27.308  -23.299 0.6999999881
46509  -37.179  -26.541  -23.137 0.6999999881
47445  -35.711  -25.909  -23.761 0.6999999881
119774  -33.243  -26.644  -25.428 0.8000000119
46539  -33.982  -26.306  -24.757 0.8000000119
46528  -34.478  -26.947  -24.162 0.8000000119
48396  -32.935  -24.681  -27.124 0.8000000119
47464  -32.955  -25.103  -26.609 0.8999999762
121356  -33.640  -25.031  -27.414 0.8999999762
48398  -34.386  -24.592  -27.593 0.8000000119
50141  -34.898  -22.756  -27.269 0.8000000119
48401  -37.641  -24.278  -27.277 0.6999999881
123302  -37.993  -23.651  -27.331 0.6000000238
137365  -35.516  -23.459  -27.493 0.6999999881
124018  -36.152  -24.083  -27.634 0.6999999881
51060  -34.923  -21.314  -26.668 0.6999999881
141036  -34.128  -31.121  -18.258 0.6999999881
130396  -33.434  -28.046  -18.128 0.6000000238
44568  -33.441  -28.804  -18.399 0.6000000238
125369  -34.326  -29.053  -18.104 0.6999999881
121518  -35.192  -29.116  -18.022 0.6999999881
43559  -35.646  -29.867  -18.179 0.6999999881
44593  -32.047  -28.291  -18.983 0.5000000000
121176  -32.278  -30.063  -19.175 0.6000000238
44570  -35.525  -28.391  -17.944 0.6999999881
44571  -36.235  -29.079  -18.171 0.6999999881
44567  -32.692  -28.785  -18.819 0.6000000238
46471  -29.737  -26.092  -19.873 0.3000000119
45523  -33.854  -27.536  -17.841 0.6000000238
125731  -38.022  -28.390  -18.921 0.6999999881
46456  -31.594  -26.323  -18.266 0.4000000060
45521  -31.760  -27.014  -18.422 0.5000000000
45522  -33.034  -27.465  -18.103 0.6000000238
45543  -38.277  -27.580  -19.127 0.6999999881
135605  -38.531  -26.456  -21.346 0.6999999881
46484  -38.656  -26.453  -20.402 0.6999999881
128748  -38.392  -26.863  -22.006 0.6999999881
47379  -31.396  -25.447  -18.261 0.3000000119
136955  -37.357  -25.868  -22.863 0.6999999881
48371  -34.412  -25.203  -24.547 0.8000000119
47453  -34.772  -26.048  -24.092 0.8000000119
47444  -35.229  -25.212  -23.898 0.6999999881
139775  -35.960  -25.221  -23.576 0.6999999881
47430  -37.129  -25.161  -22.780 0.6999999881
47451  -33.393  -25.164  -25.545 0.8000000119
141095  -33.030  -25.267  -26.158 0.8000000119
130266  -33.064  -25.007  -25.936 0.8000000119
48370  -33.807  -24.735  -25.117 0.8000000119
119405  -32.698  -23.931  -27.163 0.8000000119
49236  -32.045  -22.937  -25.803 0.8000000119
49237  -32.790  -23.632  -25.495 0.8000000119
50114  -32.803  -22.684  -25.248 0.8000000119
130537  -32.655  -21.897  -25.229 0.8000000119
50144  -37.879  -22.488  -27.185 0.6000000238
50143  -36.900  -22.640  -27.094 0.6999999881
51071  -34.335  -22.053  -26.941 0.8000000119
50142  -35.925  -22.738  -27.087 0.6000000238
51981  -34.398  -20.556  -26.582 0.6999999881
51982  -35.364  -20.646  -26.250 0.6000000238
51061  -35.923  -21.447  -26.130 0.6000000238
44569  -34.080  -28.290  -17.916 0.6000000238
126604  -36.339  -28.281  -18.026 0.6999999881
44572  -37.212  -28.558  -18.305 0.6999999881
46459  -34.399  -26.874  -17.723 0.6000000238
45526  -36.815  -27.733  -17.942 0.6999999881
45527  -37.652  -27.715  -18.419 0.6999999881
134482  -32.224  -25.767  -17.908 0.4000000060
46457  -32.471  -26.713  -18.053 0.4000000060
121002  -36.352  -27.023  -17.653 0.6999999881
46458  -33.483  -26.780  -17.867 0.5000000000
46437  -34.025  -26.125  -17.773 0.5000000000
46474  -38.469  -26.741  -19.374 0.6999999881
45544  -38.586  -27.393  -20.029 0.6999999881
124894  -32.048  -24.867  -17.903 0.3000000119
48298  -32.936  -25.147  -17.788 0.4000000060
49163  -31.951  -23.992  -17.871 0.3000000119
49154  -32.594  -23.550  -17.613 0.3000000119
124971  -38.389  -26.029  -21.976 0.6999999881
46494  -38.563  -25.741  -21.151 0.6999999881
48345  -37.601  -24.742  -22.220 0.6999999881
48334  -38.054  -24.332  -21.623 0.6999999881
48361  -36.131  -24.034  -22.947 0.6999999881
128260  -36.426  -24.819  -23.169 0.6999999881
49202  -37.810  -23.527  -21.526 0.6999999881
48344  -36.842  -24.364  -22.569 0.6999999881
49201  -37.133  -23.137  -21.860 0.6999999881
134203  -33.257  -24.377  -25.440 0.8000000119
48360  -35.732  -24.550  -23.544 0.6999999881
49212  -36.591  -23.540  -22.380 0.6999999881
50089  -36.441  -22.581  -22.244 0.6999999881
48387  -32.575  -24.431  -26.248 0.8000000119
48369  -32.820  -24.376  -25.797 0.8000000119
49238  -33.591  -23.899  -25.076 0.8000000119
49239  -34.342  -24.136  -24.616 0.8000000119
49224  -34.939  -23.458  -24.087 0.8000000119
50088  -35.733  -22.330  -22.775 0.8000000119
51021  -36.064  -21.111  -22.258 0.6999999881
49255  -32.161  -23.517  -26.380 0.8000000119
117448  -33.351  -23.224  -25.033 0.8000000119
50101  -34.272  -22.040  -24.480 0.8000000119
51032  -35.226  -22.014  -23.304 0.8000000119
129687  -32.515  -24.156  -26.753 0.8000000119
49254  -31.912  -22.878  -26.453 0.8000000119
50113  -32.108  -22.250  -25.616 0.8000000119
51044  -33.396  -21.946  -24.842 0.8000000119
51954  -34.549  -20.515  -23.732 0.8000000119
50139  -32.562  -22.833  -27.100 0.8000000119
50124  -31.527  -22.079  -25.956 0.8000000119
51043  -33.056  -21.084  -24.913 0.8000000119
51030  -33.948  -21.312  -24.592 0.8000000119
128123  -34.249  -19.853  -23.611 0.8000000119
126451  -32.357  -22.076  -26.835 0.8000000119
51964  -32.304  -20.593  -25.292 0.8000000119
51070  -33.182  -22.072  -27.083 0.8000000119
51075  -38.128  -21.755  -27.340 0.5000000000
51062  -36.977  -21.388  -25.971 0.6000000238
51058  -32.662  -21.412  -26.783 0.8000000119
51980  -33.259  -20.601  -26.654 0.8000000119
51074  -37.401  -22.027  -26.693 0.6000000238
51972  -35.680  -20.075  -25.856 0.6000000238
51983  -36.277  -20.714  -25.711 0.6000000238
45524  -34.824  -27.744  -17.740 0.6999999881
46439  -35.942  -26.151  -17.450 0.6999999881
46461  -36.831  -26.504  -17.594 0.6999999881
119706  -37.261  -27.064  -17.936 0.6999999881
46438  -34.885  -26.157  -17.682 0.5000000000
46440  -36.918  -25.811  -17.467 0.6999999881
48287  -33.660  -24.538  -17.589 0.4000000060
47367  -34.400  -24.990  -17.651 0.5000000000
46463  -38.297  -25.990  -18.701 0.6999999881
120284  -38.649  -26.022  -19.631 0.6999999881
134954  -33.958  -23.708  -17.362 0.3000000119
48288  -34.516  -24.340  -17.530 0.5000000000
47382  -38.353  -24.914  -18.466 0.6999999881
128388  -38.777  -24.842  -20.092 0.6999999881
124126  -31.936  -23.209  -17.762 0.3000000119
129169  -33.627  -22.104  -17.265 0.3000000119
48322  -38.648  -24.069  -20.235 0.6999999881
50961  -33.071  -21.297  -17.416 0.3000000119
49203  -38.179  -23.055  -21.064 0.6999999881
49225  -35.529  -23.736  -23.483 0.8000000119
49211  -35.924  -23.185  -22.823 0.6999999881
119924  -37.686  -22.849  -21.486 0.6999999881
140096  -36.053  -21.840  -22.370 0.6999999881
51007  -36.675  -21.680  -21.997 0.6999999881
50116  -34.154  -23.135  -24.596 0.8000000119
50103  -35.362  -22.876  -23.381 0.6999999881
51020  -35.530  -21.484  -22.710 0.8000000119
49248  -32.231  -23.655  -25.991 0.8000000119
51942  -35.402  -20.488  -22.583 0.8000000119
49247  -31.782  -22.897  -26.124 0.8000000119
122870  -34.516  -21.165  -24.168 0.8000000119
51941  -34.739  -20.155  -23.092 0.8000000119
50131  -31.635  -22.213  -26.165 0.8000000119
50138  -31.914  -22.349  -26.552 0.8000000119
51042  -31.924  -21.445  -25.562 0.8000000119
51952  -33.036  -19.959  -24.684 0.8000000119
52851  -33.216  -19.083  -24.160 0.8000000119
52839  -34.459  -19.482  -23.106 0.8000000119
51057  -31.860  -21.590  -26.546 0.8000000119
126358  -31.165  -20.815  -26.151 0.8000000119
52862  -32.074  -19.866  -25.305 0.8000000119
53812  -33.975  -18.227  -23.322 0.8000000119
46460  -35.370  -26.939  -17.620 0.6000000238
48297  -32.736  -24.322  -17.715 0.3000000119
47366  -33.776  -25.396  -17.726 0.5000000000
139677  -34.864  -24.768  -17.632 0.5000000000
47369  -36.160  -25.188  -17.352 0.6999999881
47381  -37.791  -25.519  -17.804 0.6999999881
48289  -35.406  -24.441  -17.485 0.6000000238
47370  -37.129  -24.988  -17.391 0.6999999881
48299  -38.171  -24.131  -17.877 0.6999999881
50034  -32.733  -22.217  -17.400 0.3000000119
127398  -34.255  -22.847  -17.290 0.3000000119
48291  -37.444  -24.195  -17.440 0.6999999881
123766  -32.127  -21.580  -17.631 0.3000000119
128604  -34.413  -20.952  -17.298 0.3000000119
48300  -38.512  -24.028  -18.666 0.6999999881
130951  -38.654  -23.845  -19.448 0.6999999881
53756  -32.924  -19.051  -17.774 0.3000000119
52781  -33.310  -19.715  -17.623 0.3000000119
122878  -34.028  -20.126  -17.473 0.3000000119
52782  -34.638  -19.553  -17.390 0.3000000119
123690  -32.145  -17.847  -18.078 0.3000000119
52840  -34.998  -19.552  -22.713 0.8000000119
53797  -34.511  -18.865  -22.924 0.8000000119
51056  -31.290  -21.419  -26.017 0.8000000119
51050  -31.234  -21.253  -25.937 0.8000000119
51962  -30.768  -20.233  -25.925 0.8000000119
52861  -31.167  -19.760  -25.659 0.8000000119
53809  -31.883  -18.620  -24.890 0.8000000119
53810  -32.603  -18.505  -24.289 0.8000000119
53811  -33.259  -18.380  -23.761 0.8000000119
51979  -32.030  -20.741  -26.637 0.8000000119
125917  -31.156  -18.927  -25.497 0.8000000119
52877  -32.721  -19.778  -26.584 0.8000000119
52878  -33.942  -19.809  -26.606 0.6000000238
49157  -36.916  -23.476  -17.343 0.6000000238
134227  -37.855  -24.768  -17.693 0.6999999881
50963  -34.616  -21.872  -17.289 0.4000000060
130628  -36.843  -21.854  -17.390 0.6000000238
49158  -37.773  -23.427  -17.607 0.6999999881
49164  -38.324  -23.386  -18.133 0.6999999881
49165  -38.552  -23.311  -18.979 0.6999999881
49174  -38.671  -23.298  -19.874 0.6999999881
130449  -35.050  -18.023  -17.531 0.3000000119
51886  -37.040  -20.234  -17.435 0.4000000060
50972  -38.308  -21.897  -18.113 0.6000000238
50982  -38.663  -21.261  -19.630 0.6999999881
50068  -38.517  -22.610  -20.388 0.6999999881
50077  -38.085  -22.180  -21.222 0.6999999881
140033  -38.514  -21.047  -20.465 0.6999999881
51928  -37.862  -20.590  -21.496 0.6999999881
51031  -34.927  -21.094  -23.256 0.8000000119
52852  -33.875  -19.066  -23.458 0.8000000119
54831  -34.814  -18.059  -22.936 0.8000000119
52850  -32.487  -19.182  -24.738 0.8000000119
54842  -33.252  -17.545  -23.768 0.8000000119
52888  -30.765  -19.317  -26.312 0.8000000119
52866  -30.586  -19.499  -25.945 0.8000000119
53818  -31.078  -18.056  -25.134 0.8000000119
118664  -31.967  -17.983  -24.459 0.8000000119
124392  -31.850  -19.352  -26.511 0.8000000119
128795  -33.786  -18.971  -26.523 0.6000000238
53835  -32.761  -18.848  -26.487 0.6999999881
54868  -32.525  -18.000  -26.382 0.6999999881
49156  -35.882  -23.539  -17.424 0.6000000238
50036  -36.348  -22.690  -17.414 0.6000000238
50037  -37.333  -22.667  -17.468 0.6000000238
133052  -35.139  -20.298  -17.288 0.3000000119
50044  -38.063  -22.657  -17.820 0.6000000238
52783  -35.455  -19.393  -17.402 0.3000000119
51885  -36.197  -19.960  -17.459 0.3000000119
50965  -37.359  -21.051  -17.507 0.5000000000
140295  -36.827  -19.699  -17.443 0.3000000119
52785  -37.463  -19.452  -17.545 0.5000000000
130756  -38.477  -21.161  -18.584 0.6999999881
54794  -33.933  -16.679  -18.201 0.3000000119
54777  -35.488  -17.375  -17.658 0.3000000119
128284  -38.403  -18.826  -18.432 0.4000000060
51917  -38.636  -20.481  -20.057 0.6999999881
139474  -34.031  -15.980  -18.419 0.3000000119
52815  -38.484  -19.914  -20.474 0.6000000238
53784  -37.710  -19.035  -21.740 0.6000000238
52828  -38.184  -19.688  -21.232 0.6000000238
52826  -36.653  -19.955  -22.124 0.8000000119
52827  -37.442  -19.875  -21.848 0.6999999881
134994  -37.854  -18.331  -21.680 0.6000000238
52841  -35.870  -19.551  -22.309 0.8000000119
53800  -37.160  -18.370  -22.016 0.6999999881
53798  -35.261  -18.775  -22.581 0.8000000119
54833  -35.954  -17.673  -22.588 0.6999999881
54834  -36.702  -17.553  -22.312 0.6999999881
130485  -35.498  -18.118  -22.616 0.8000000119
55972  -35.785  -17.066  -22.927 0.6999999881
138953  -36.235  -17.238  -22.613 0.6999999881
54843  -34.210  -17.445  -23.437 0.8000000119
54844  -35.026  -17.257  -23.207 0.8000000119
55987  -35.982  -16.414  -23.192 0.6999999881
51970  -30.745  -20.165  -25.982 0.8000000119
52874  -30.618  -19.506  -26.074 0.8000000119
119377  -32.653  -17.945  -23.983 0.8000000119
55985  -34.542  -16.705  -23.672 0.8000000119
53817  -30.551  -18.546  -25.753 0.8000000119
54840  -31.378  -17.399  -24.608 0.8000000119
55983  -32.709  -16.740  -24.180 0.8000000119
139551  -30.540  -18.995  -26.129 0.8000000119
54839  -30.733  -17.368  -24.948 0.8000000119
55982  -31.729  -16.727  -24.416 0.8000000119
130813  -31.124  -19.563  -26.457 0.8000000119
53850  -30.742  -18.679  -26.330 0.8000000119
54867  -31.425  -18.283  -26.441 0.6999999881
52879  -34.746  -18.854  -26.185 0.6000000238
53838  -34.990  -18.027  -25.737 0.6000000238
132547  -31.976  -18.710  -26.461 0.8000000119
128430  -32.736  -16.985  -26.356 0.6999999881
131183  -38.106  -21.103  -17.862 0.5000000000
53743  -35.641  -18.597  -17.484 0.3000000119
51895  -38.353  -20.347  -18.243 0.5000000000
51903  -38.629  -20.430  -19.103 0.6000000238
54778  -36.327  -17.498  -17.612 0.3000000119
52796  -38.529  -19.606  -18.721 0.5000000000
52804  -38.620  -19.729  -19.666 0.6000000238
55936  -35.724  -16.124  -18.121 0.3000000119
55911  -37.040  -16.899  -17.753 0.3000000119
53765  -38.580  -18.786  -19.338 0.6000000238
126313  -38.486  -19.158  -20.409 0.6000000238
131540  -33.665  -15.413  -18.663 0.3000000119
56922  -35.306  -15.408  -18.417 0.3000000119
54795  -37.928  -17.186  -18.030 0.3000000119
56921  -34.428  -15.396  -18.559 0.3000000119
53785  -38.223  -18.700  -21.194 0.6000000238
56934  -33.195  -14.750  -19.029 0.3000000119
54821  -37.577  -17.660  -21.864 0.6999999881
56964  -33.174  -16.065  -24.359 0.8000000119
56966  -34.959  -16.049  -24.011 0.6999999881
56967  -35.691  -15.917  -23.622 0.6999999881
56965  -34.109  -16.101  -24.231 0.6999999881
56978  -32.737  -15.342  -24.678 0.6999999881
54850  -30.355  -17.645  -25.625 0.8000000119
55993  -30.237  -16.802  -25.344 0.6999999881
55981  -30.806  -16.784  -24.757 0.8000000119
57886  -31.938  -15.264  -24.730 0.6000000238
56002  -36.315  -17.234  -25.642 0.6000000238
54866  -30.630  -17.819  -26.266 0.6999999881
56013  -30.747  -16.720  -26.364 0.6999999881
122553  -30.213  -17.103  -26.071 0.6999999881
54869  -33.455  -17.486  -26.213 0.6999999881
54870  -34.078  -17.103  -25.970 0.6999999881
127999  -31.646  -17.391  -26.426 0.6999999881
58908  -30.173  -13.238  -26.961 0.5000000000
58909  -31.319  -13.465  -27.394 0.5000000000
118657  -38.565  -17.231  -20.011 0.6000000238
54808  -38.490  -18.101  -20.349 0.6000000238
55964  -38.333  -16.433  -21.151 0.6000000238
55974  -37.342  -16.832  -22.100 0.6999999881
134420  -37.972  -16.253  -21.841 0.6999999881
55973  -36.538  -16.680  -22.678 0.6999999881
58836  -31.554  -13.132  -20.185 0.3000000119
56982  -36.041  -15.384  -23.795 0.6999999881
127232  -37.329  -15.890  -22.524 0.6999999881
56968  -36.470  -15.793  -23.218 0.6999999881
56977  -31.300  -15.577  -24.752 0.6999999881
56980  -34.576  -15.392  -24.479 0.6999999881
56981  -35.415  -15.387  -24.206 0.6000000238
56979  -33.656  -15.379  -24.592 0.6999999881
54856  -30.222  -17.710  -25.964 0.6999999881
56000  -29.976  -16.818  -25.817 0.6999999881
56976  -30.307  -16.094  -25.065 0.6999999881
57896  -31.199  -14.811  -25.076 0.6000000238
55999  -29.584  -15.917  -25.877 0.6999999881
54871  -34.784  -17.191  -25.753 0.6000000238
56001  -35.621  -17.058  -25.624 0.5000000000
56014  -32.002  -16.460  -26.508 0.6999999881
57003  -31.474  -15.805  -26.567 0.6999999881
132149  -32.122  -15.199  -26.844 0.6999999881
140335  -32.692  -14.863  -27.070 0.6000000238
56937  -38.565  -15.797  -19.945 0.4000000060
55951  -38.532  -16.502  -20.329 0.5000000000
117251  -38.463  -15.782  -20.754 0.5000000000
55975  -38.122  -15.435  -22.029 0.6000000238
58837  -32.331  -12.939  -20.208 0.3000000119
138153  -37.067  -15.253  -23.073 0.6999999881
57887  -36.602  -14.998  -23.616 0.6000000238
57888  -37.299  -14.609  -23.335 0.6000000238
57901  -36.021  -14.812  -24.268 0.6000000238
57897  -32.268  -14.690  -24.988 0.6000000238
57900  -35.135  -14.642  -24.789 0.6000000238
55992  -29.719  -16.038  -25.633 0.6999999881
57898  -33.198  -14.719  -24.994 0.6000000238
56975  -29.703  -15.336  -25.532 0.6999999881
58869  -30.579  -13.923  -25.421 0.6000000238
57002  -30.322  -15.711  -26.402 0.6999999881
57004  -32.866  -15.418  -26.802 0.6999999881
131831  -34.116  -15.821  -26.524 0.6000000238
57006  -34.859  -15.495  -26.552 0.5000000000
57023  -34.087  -15.186  -26.914 0.6000000238
131985  -34.707  -14.721  -27.120 0.5000000000
57927  -30.653  -14.152  -27.007 0.6000000238
57022  -33.369  -14.976  -27.039 0.5000000000
57928  -31.931  -14.387  -27.208 0.5000000000
57929  -32.987  -14.346  -27.352 0.5000000000
126639  -33.931  -14.425  -27.355 0.5000000000
58910  -32.437  -13.591  -27.501 0.5000000000
59994  -31.926  -12.813  -27.603 0.5000000000
57859  -38.453  -15.065  -19.797 0.4000000060
57857  -36.405  -13.922  -18.880 0.4000000060
56949  -38.452  -15.040  -21.290 0.6000000238
59904  -32.480  -12.394  -20.454 0.3000000119
60969  -32.921  -12.008  -20.585 0.3000000119
59882  -34.583  -12.832  -19.810 0.3000000119
56955  -37.659  -14.962  -22.626 0.6000000238
127325  -32.606  -11.402  -20.672 0.3000000119
57902  -36.856  -14.236  -24.150 0.6000000238
125480  -35.262  -13.875  -25.218 0.5000000000
129450  -33.652  -14.059  -25.319 0.6000000238
58871  -32.737  -14.009  -25.324 0.6000000238
58873  -34.521  -14.034  -25.286 0.6000000238
58870  -31.705  -14.004  -25.341 0.6000000238
59941  -33.257  -13.265  -25.697 0.6000000238
56989  -29.225  -15.076  -25.884 0.6999999881
59939  -31.069  -13.246  -25.649 0.6000000238
57020  -29.990  -14.798  -26.540 0.6999999881
122588  -30.925  -12.603  -27.440 0.5000000000
57858  -37.422  -13.995  -19.029 0.4000000060
57861  -38.487  -14.364  -20.608 0.4000000060
123622  -38.234  -14.271  -19.577 0.4000000060
58825  -37.804  -13.347  -19.628 0.4000000060
57872  -38.500  -14.192  -21.524 0.4000000060
57878  -38.312  -14.572  -22.127 0.4000000060
129199  -33.417  -11.453  -20.595 0.3000000119
59906  -34.664  -12.193  -20.209 0.4000000060
57877  -37.940  -14.198  -22.841 0.4000000060
61924  -33.967  -10.762  -20.507 0.3000000119
130187  -35.105  -11.427  -20.400 0.4000000060
121294  -37.616  -13.910  -23.577 0.6000000238
118482  -35.969  -14.044  -24.778 0.5000000000
58884  -34.873  -13.231  -25.643 0.5000000000
58872  -34.075  -13.508  -25.589 0.6000000238
59958  -35.564  -12.524  -25.789 0.5000000000
59940  -32.168  -13.269  -25.636 0.6000000238
59955  -32.574  -12.535  -26.003 0.6000000238
58882  -29.005  -13.627  -25.909 0.6000000238
139627  -30.470  -12.632  -25.873 0.6000000238
58907  -29.304  -13.415  -26.379 0.5000000000
128370  -29.764  -12.814  -26.573 0.5000000000
122911  -30.219  -12.464  -27.035 0.5000000000
59993  -30.634  -11.730  -27.279 0.5000000000
61054  -31.434  -11.158  -27.544 0.5000000000
58839  -38.326  -13.468  -20.356 0.4000000060
58848  -38.472  -13.348  -21.291 0.4000000060
128065  -38.324  -12.775  -20.801 0.4000000060
120735  -38.436  -12.841  -22.106 0.4000000060
58863  -38.387  -12.862  -23.016 0.4000000060
61923  -33.111  -10.725  -20.627 0.3000000119
59943  -37.570  -12.869  -24.398 0.4000000060
58862  -37.989  -13.227  -23.743 0.5000000000
62840  -32.743  -9.978  -20.534 0.3000000119
59942  -36.397  -12.524  -25.407 0.4000000060
59957  -34.756  -12.377  -26.060 0.5000000000
61000  -36.091  -11.880  -25.810 0.4000000060
139524  -33.410  -12.517  -26.076 0.6000000238
58883  -34.069  -12.854  -25.934 0.5000000000
123832  -35.342  -11.743  -26.068 0.5000000000
59954  -31.479  -12.572  -25.966 0.6000000238
61017  -33.107  -11.730  -26.255 0.5000000000
59956  -34.013  -12.121  -26.259 0.5000000000
59991  -29.419  -12.928  -26.203 0.5000000000
59953  -29.769  -12.536  -25.975 0.6000000238
61016  -31.911  -11.778  -26.219 0.6000000238
61015  -31.000  -12.006  -26.290 0.6000000238
59992  -30.035  -12.255  -26.653 0.5000000000
61044  -30.400  -11.013  -26.956 0.5000000000
125414  -32.183  -10.512  -27.816 0.5000000000
61014  -30.279  -11.959  -26.416 0.5000000000
137478  -30.444  -7.059  -20.343 0.3000000119
123974  -32.266  -7.760  -20.390 0.4000000060
126756  -32.744  -7.100  -20.364 0.4000000060
125679  -32.377  -10.934  -26.213 0.5000000000
65696  -30.476  -6.439  -20.370 0.4000000060
126974  -31.283  -10.899  -26.301 0.5000000000
62901  -33.935  -9.132  -25.350 0.5000000000
62902  -34.745  -9.296  -25.286 0.5000000000
61973  -30.937  -9.915  -26.150 0.5000000000
62900  -33.076  -9.013  -25.479 0.5000000000
61033  -30.460  -11.530  -26.603 0.5000000000
119996  -30.494  -9.948  -26.578 0.6000000238
62933  -31.710  -9.728  -27.689 0.5000000000
127513  -30.442  -10.126  -27.059 0.6000000238
62921  -30.366  -9.182  -27.024 0.5000000000
62932  -30.860  -9.548  -27.360 0.6000000238
137280  -31.358  -9.115  -27.566 0.4000000060
65698  -32.297  -6.390  -20.408 0.4000000060
64745  -34.538  -7.626  -20.394 0.4000000060
61974  -31.891  -10.165  -26.045 0.5000000000
61960  -31.668  -9.493  -25.832 0.5000000000
62899  -30.442  -9.106  -26.347 0.5000000000
63852  -31.339  -8.256  -25.729 0.5000000000
62888  -32.079  -8.811  -25.524 0.5000000000
61990  -30.474  -10.479  -26.799 0.5000000000
62913  -30.349  -9.582  -26.744 0.5000000000
64815  -30.772  -8.041  -27.216 0.4000000060
130027  -30.265  -8.916  -26.668 0.5000000000
63894  -30.728  -8.789  -27.296 0.5000000000
65699  -33.324  -6.373  -20.386 0.4000000060
66643  -31.012  -4.943  -20.548 0.4000000060
130631  -32.498  -9.592  -25.771 0.5000000000
63865  -34.464  -8.480  -24.949 0.4000000060
63862  -30.579  -8.469  -26.039 0.4000000060
64798  -30.622  -7.658  -26.547 0.4000000060
64806  -30.584  -7.803  -26.848 0.5000000000
64816  -31.103  -7.210  -27.204 0.3000000119
63864  -33.552  -8.396  -25.126 0.4000000060
121347  -30.755  -7.871  -26.111 0.4000000060
64807  -30.992  -7.137  -26.823 0.5000000000
65752  -31.241  -6.334  -27.102 0.4000000060
65747  -31.199  -6.378  -26.782 0.4000000060
65732  -31.766  -6.907  -25.740 0.4000000060
66715  -31.810  -5.439  -27.874 0.4000000060
64799  -31.146  -7.131  -26.334 0.4000000060
66707  -31.311  -5.595  -27.101 0.4000000060
66689  -32.822  -5.666  -25.854 0.4000000060
130991  -31.469  -4.938  -27.418 0.4000000060
127833  -31.497  -4.599  -27.857 0.4000000060
137205  -31.535  -4.129  -28.178 0.4000000060
67662  -32.079  -4.540  -28.287 0.4000000060
66688  -32.059  -5.868  -26.161 0.4000000060
66687  -31.462  -5.715  -26.711 0.3000000119
67643  -31.853  -4.517  -26.867 0.4000000060
67632  -33.072  -4.963  -26.065 0.4000000060
129016  -33.649  -5.453  -25.538 0.4000000060
68599  -32.301  -4.005  -26.857 0.3000000119
68598  -31.571  -4.000  -27.399 0.4000000060
67653  -31.432  -4.261  -27.659 0.4000000060
67675  -31.780  -3.728  -28.387 0.4000000060
67631  -32.149  -5.179  -26.482 0.3000000119
138943  -31.498  -3.458  -27.690 0.5000000000
68587  -33.186  -4.257  -26.382 0.4000000060
35674  -31.560  -37.276  -28.569 0.6999999881
33481  -36.035  -39.525  -24.075 0.6999999881
120967  -29.780  -43.496  -22.954 0.6000000238
135728  -35.486  -39.497  -21.031 0.6999999881
36574  -35.761  -36.933  -19.737 0.6999999881
124775  -36.780  -33.810  -23.375 0.8000000119
33492  -28.580  -39.355  -25.599 0.4000000060
118281  -32.823  -29.729  -27.035 0.8000000119
38701  -34.694  -34.506  -19.290 0.6000000238
37720  -29.119  -35.935  -22.918 0.5000000000
42590  -37.026  -30.316  -22.622 0.8000000119
39717  -36.393  -33.063  -18.832 0.8000000119
43620  -28.902  -29.200  -22.252 0.4000000060
39723  -31.969  -33.099  -19.525 0.6000000238
41631  -29.894  -31.308  -20.947 0.5000000000
41600  -31.571  -31.393  -19.434 0.6000000238
117194  -35.338  -31.235  -18.318 0.6999999881
51953  -33.980  -20.474  -24.330 0.8000000119
126589  -37.605  -26.342  -17.903 0.6999999881
51008  -37.527  -21.462  -21.596 0.6999999881
51927  -36.891  -20.731  -21.918 0.6999999881
131148  -37.734  -21.875  -17.624 0.6000000238
51009  -38.207  -21.254  -21.088 0.6999999881
133275  -35.756  -21.881  -17.406 0.6000000238
52795  -38.200  -19.533  -17.973 0.5000000000
55948  -38.526  -16.635  -19.406 0.4000000060
62012  -31.149  -10.335  -27.455 0.5000000000
63863  -32.188  -7.973  -25.326 0.4000000060
35692  -29.941  -37.778  -30.629 0.5000000000
133553  -30.806  -36.989  -30.632 0.5000000000
119662  -31.574  -39.303  -29.638 0.6999999881
37806  -33.152  -34.874  -29.990 0.5000000000
131631  -30.799  -45.091  -22.230 0.5000000000
127043  -33.141  -34.138  -29.531 0.6999999881
134502  -35.853  -39.143  -25.604 0.6999999881
36658  -32.853  -35.931  -27.231 0.6999999881
38790  -31.705  -33.977  -26.227 0.6999999881
39859  -35.444  -33.404  -27.713 0.5000000000
135149  -35.957  -31.532  -27.320 0.5000000000
36642  -35.848  -36.569  -25.543 0.6999999881
140782  -33.822  -31.998  -28.191 0.6999999881
34544  -36.418  -38.111  -24.226 0.8000000119
35562  -36.506  -38.030  -21.809 0.8000000119
32379  -30.873  -40.612  -22.478 0.6000000238
32390  -30.913  -40.630  -23.494 0.6000000238
42671  -32.885  -31.004  -27.873 0.8000000119
129376  -33.540  -38.932  -20.104 0.6999999881
39800  -36.221  -33.980  -24.220 0.8000000119
36575  -36.657  -37.026  -20.181 0.6999999881
33464  -31.168  -39.757  -24.200 0.6000000238
38752  -37.391  -34.482  -21.911 0.8000000119
39798  -34.476  -33.164  -24.710 0.8000000119
43697  -37.121  -29.671  -26.470 0.6000000238
37673  -37.342  -35.661  -20.105 0.6999999881
34511  -31.855  -38.407  -22.776 0.6000000238
43676  -32.651  -29.690  -25.964 0.8000000119
43684  -38.722  -29.984  -26.515 0.4000000060
139253  -28.527  -38.862  -25.053 0.3000000119
33480  -31.195  -38.871  -24.199 0.5000000000
32411  -29.755  -40.307  -25.984 0.5000000000
33509  -29.055  -39.930  -26.318 0.4000000060
37671  -33.542  -35.560  -20.149 0.6000000238
37657  -35.040  -35.241  -19.414 0.6000000238
128586  -32.567  -36.346  -21.403 0.5000000000
33478  -30.157  -39.105  -25.443 0.4000000060
34542  -30.072  -38.324  -25.015 0.5000000000
34527  -30.843  -38.039  -24.448 0.5000000000
43639  -35.838  -29.444  -23.324 0.8000000119
126553  -36.166  -27.946  -26.833 0.6999999881
46560  -38.836  -26.091  -26.471 0.4000000060
36617  -28.681  -36.552  -23.293 0.5000000000
121344  -29.940  -37.061  -23.876 0.5000000000
37704  -32.015  -36.106  -21.832 0.5000000000
36619  -30.499  -36.859  -23.397 0.5000000000
38716  -33.157  -34.915  -20.098 0.6000000238
39769  -29.279  -34.047  -22.332 0.5000000000
38735  -30.004  -34.377  -22.076 0.6000000238
38751  -30.111  -35.018  -22.330 0.5000000000
39757  -29.734  -33.584  -21.759 0.6000000238
37700  -29.163  -35.212  -22.748 0.5000000000
41645  -28.388  -31.525  -22.915 0.6000000238
40704  -28.617  -32.323  -22.536 0.6000000238
37702  -30.457  -35.623  -22.442 0.5000000000
38736  -31.160  -34.576  -21.062 0.6000000238
39759  -30.875  -33.750  -20.647 0.6000000238
36602  -30.879  -36.352  -22.719 0.5000000000
37687  -31.573  -35.353  -21.504 0.5000000000
42558  -37.850  -30.451  -20.420 0.6999999881
45604  -32.951  -27.577  -25.522 0.8999999762
39740  -31.432  -33.423  -20.055 0.6000000238
128689  -31.067  -32.066  -19.782 0.6000000238
127458  -30.177  -29.074  -20.728 0.4000000060
43594  -30.301  -29.809  -20.569 0.4000000060
42557  -31.097  -30.653  -19.732 0.5000000000
121020  -30.786  -30.037  -20.037 0.5000000000
43609  -38.218  -29.681  -20.770 0.6999999881
45550  -30.279  -27.657  -20.369 0.4000000060
44592  -31.522  -28.752  -19.644 0.5000000000
45573  -37.068  -28.088  -23.004 0.6999999881
46544  -33.154  -26.894  -25.774 0.8000000119
123763  -37.060  -23.850  -27.462 0.6999999881
139694  -34.673  -31.010  -18.282 0.6999999881
42544  -32.323  -30.935  -19.063 0.6000000238
45563  -38.313  -27.792  -21.758 0.6999999881
49262  -34.354  -23.646  -27.500 0.8000000119
43557  -33.763  -29.842  -18.395 0.6000000238
43556  -32.921  -29.507  -18.845 0.6000000238
43558  -34.715  -29.814  -18.152 0.6999999881
133355  -31.725  -30.566  -19.396 0.6000000238
42543  -31.462  -29.774  -19.616 0.5000000000
47388  -30.816  -26.035  -18.675 0.3000000119
46510  -37.919  -26.372  -22.589 0.6999999881
48397  -33.477  -24.245  -27.423 0.8999999762
50140  -33.745  -22.803  -27.251 0.8000000119
51072  -35.422  -22.057  -26.779 0.6000000238
49263  -36.484  -23.329  -27.414 0.6000000238
51059  -33.792  -21.331  -26.754 0.8000000119
126824  -32.806  -28.159  -18.473 0.6000000238
135851  -34.775  -28.515  -17.896 0.6999999881
45525  -35.869  -27.683  -17.780 0.6999999881
45542  -32.256  -27.539  -18.461 0.5000000000
47380  -33.151  -25.986  -17.850 0.4000000060
47431  -37.847  -25.556  -22.408 0.6999999881
48359  -35.037  -24.379  -24.047 0.8000000119
140896  -32.114  -22.912  -26.779 0.8000000119
46462  -38.013  -26.925  -18.526 0.6999999881
140197  -34.450  -25.593  -17.727 0.5000000000
47403  -38.739  -25.534  -20.290 0.6999999881
140744  -32.480  -22.892  -17.526 0.3000000119
47418  -38.249  -25.190  -21.770 0.6999999881
48335  -38.558  -24.791  -20.925 0.6999999881
49213  -37.305  -23.943  -22.004 0.6999999881
125093  -38.354  -23.854  -21.036 0.6999999881
50076  -37.258  -22.320  -21.750 0.6999999881
50102  -34.876  -22.540  -24.023 0.8000000119
129101  -34.819  -21.762  -23.901 0.8000000119
136136  -33.248  -23.829  -17.536 0.3000000119
47389  -38.659  -25.312  -19.435 0.6999999881
49155  -33.267  -23.022  -17.367 0.3000000119
123765  -34.867  -23.602  -17.450 0.5000000000
49191  -38.464  -23.371  -20.547 0.6999999881
50996  -38.476  -21.730  -20.473 0.6999999881
48290  -36.487  -24.313  -17.335 0.6000000238
133012  -35.216  -21.189  -17.317 0.3000000119
50054  -38.612  -22.639  -19.398 0.6999999881
120827  -33.901  -19.135  -17.615 0.3000000119
53742  -34.785  -18.810  -17.447 0.3000000119
53836  -33.393  -18.270  -26.363 0.6999999881
50964  -36.234  -20.932  -17.412 0.4000000060
50045  -38.422  -22.645  -18.489 0.6999999881
50973  -38.547  -21.940  -18.954 0.6999999881
129594  -38.649  -22.035  -19.782 0.6999999881
51929  -38.353  -20.500  -20.859 0.6000000238
54832  -35.405  -17.633  -22.827 0.8000000119
55984  -33.654  -16.780  -23.891 0.8000000119
54841  -32.282  -17.381  -24.192 0.8000000119
53837  -34.180  -17.999  -26.100 0.6000000238
52784  -36.488  -19.131  -17.465 0.3000000119
51894  -37.828  -20.286  -17.681 0.5000000000
133905  -38.493  -18.339  -18.799 0.5000000000
53799  -36.168  -18.461  -22.345 0.8000000119
54822  -38.201  -17.849  -21.326 0.6000000238
55986  -35.341  -16.572  -23.444 0.6999999881
56015  -32.897  -16.124  -26.565 0.6999999881
54779  -37.199  -17.725  -17.611 0.3000000119
55909  -35.291  -16.740  -17.857 0.3000000119
57838  -34.022  -14.673  -18.932 0.3000000119
57840  -35.873  -14.651  -18.618 0.3000000119
117668  -38.423  -17.197  -20.816 0.6000000238
55963  -38.031  -17.046  -21.563 0.6000000238
56012  -29.883  -16.343  -26.079 0.6999999881
140306  -38.295  -15.789  -21.444 0.6000000238
57899  -34.114  -14.712  -24.899 0.6000000238
57001  -29.397  -15.310  -26.097 0.6999999881
56017  -35.299  -16.277  -25.955 0.5000000000
56935  -38.434  -15.733  -19.239 0.4000000060
57894  -29.170  -14.419  -25.774 0.6000000238
59938  -29.991  -13.101  -25.618 0.6000000238
58911  -33.420  -13.656  -27.566 0.4000000060
58823  -35.867  -13.278  -19.299 0.4000000060
59905  -33.941  -12.684  -20.031 0.3000000119
58875  -37.397  -13.551  -24.185 0.5000000000
58885  -35.813  -13.285  -25.338 0.5000000000
125808  -29.001  -14.564  -26.032 0.5000000000
58855  -38.387  -13.638  -22.283 0.4000000060
60970  -34.256  -11.504  -20.478 0.4000000060
58874  -36.731  -13.302  -24.765 0.5000000000
59924  -38.484  -12.154  -22.481 0.4000000060
139717  -37.072  -12.467  -24.929 0.4000000060
61018  -34.623  -11.721  -26.221 0.5000000000
131517  -30.603  -10.931  -26.577 0.6000000238
126725  -30.991  -7.070  -20.359 0.3000000119
123973  -33.660  -7.285  -20.356 0.4000000060
140147  -32.728  -10.255  -26.019 0.5000000000
65740  -31.591  -6.395  -26.232 0.4000000060
65741  -32.471  -6.425  -25.611 0.4000000060
68611  -31.444  -3.093  -28.081 0.4000000060
67633  -33.879  -4.667  -25.797 0.4000000060
69568  -31.774  -2.768  -28.351 0.3000000119
29175  -34.435  -43.671  -29.190 0.5000000000
30327  -33.446  -42.991  -30.169 0.5000000000
140083  -34.718  -46.195  -26.039 0.4000000060
28005  -34.953  -45.098  -27.460 0.5000000000
28026  -34.766  -44.775  -28.465 0.5000000000
125511  -34.839  -43.864  -28.598 0.5000000000
30311  -33.941  -43.008  -29.382 0.6000000238
117234  -33.448  -41.794  -29.377 0.6000000238
137003  -35.170  -45.110  -26.463 0.5000000000
26772  -34.973  -45.524  -24.965 0.5000000000
129239  -35.279  -44.178  -26.690 0.5000000000
120222  -35.088  -43.180  -27.947 0.5000000000
26761  -34.566  -45.496  -24.115 0.5000000000
30275  -35.025  -42.255  -27.958 0.6000000238
122104  -34.216  -41.002  -28.298 0.6000000238
31384  -34.445  -41.842  -28.460 0.6000000238
31383  -33.795  -41.445  -28.849 0.6000000238
32465  -33.512  -40.730  -28.710 0.6000000238
32466  -33.952  -40.096  -28.194 0.6000000238
33545  -32.378  -40.119  -29.285 0.6000000238
33535  -32.515  -39.345  -28.881 0.6000000238
137832  -35.003  -43.879  -24.959 0.5000000000
29136  -35.341  -43.149  -26.525 0.5000000000
117230  -35.262  -42.658  -27.238 0.6000000238
141279  -34.379  -44.864  -23.719 0.5000000000
27972  -34.766  -44.607  -24.446 0.5000000000
31364  -34.950  -41.354  -27.907 0.6000000238
26721  -33.185  -45.588  -22.460 0.5000000000
27952  -34.139  -44.516  -23.125 0.5000000000
32451  -34.762  -40.514  -27.814 0.6000000238
33536  -33.319  -39.336  -28.300 0.6000000238
29122  -35.259  -43.610  -25.748 0.5000000000
30264  -35.412  -42.208  -26.408 0.5000000000
123226  -34.493  -44.269  -23.701 0.5000000000
29107  -34.795  -43.595  -24.073 0.5000000000
120244  -35.354  -42.826  -25.816 0.5000000000
31347  -35.267  -41.785  -27.245 0.6000000238
27934  -33.534  -44.729  -22.530 0.5000000000
29093  -34.446  -43.771  -23.153 0.5000000000
32429  -35.236  -40.866  -27.199 0.6000000238
27933  -32.847  -44.822  -21.996 0.5000000000
27926  -33.244  -44.015  -21.911 0.5000000000
128071  -34.628  -39.740  -27.619 0.6000000238
34604  -31.909  -38.560  -29.028 0.6000000238
34595  -32.724  -38.616  -28.420 0.6000000238
30243  -35.084  -42.754  -24.067 0.5000000000
31328  -35.525  -41.374  -24.989 0.5000000000
31337  -35.497  -41.431  -25.897 0.6000000238
32413  -35.602  -40.632  -25.504 0.6000000238
30230  -34.832  -42.900  -23.175 0.5000000000
31348  -35.407  -41.410  -26.630 0.6000000238
32430  -35.457  -40.733  -26.367 0.6000000238
26711  -32.102  -44.736  -21.698 0.5000000000
27932  -30.259  -44.392  -22.442 0.5000000000
34581  -32.850  -37.865  -28.110 0.6000000238
30212  -35.098  -42.085  -22.727 0.5000000000
30231  -35.240  -42.121  -23.601 0.5000000000
31321  -35.509  -41.258  -23.962 0.5000000000
126611  -35.663  -40.577  -24.628 0.6000000238
29071  -33.755  -43.482  -21.998 0.5000000000
27925  -32.570  -44.211  -21.690 0.5000000000
29057  -33.301  -43.203  -21.566 0.6000000238
31308  -35.299  -41.374  -22.397 0.6000000238
127134  -35.377  -41.523  -23.140 0.5000000000
32401  -35.777  -40.328  -23.866 0.5000000000
140329  -35.816  -40.053  -24.397 0.6000000238
30210  -33.993  -42.920  -21.724 0.6000000238
30211  -34.623  -42.579  -22.209 0.6000000238
33495  -35.817  -39.798  -25.032 0.6000000238
30189  -31.742  -42.990  -21.500 0.5000000000
30190  -32.575  -42.698  -21.280 0.5000000000
30191  -33.419  -42.462  -21.212 0.6000000238
30192  -34.237  -42.202  -21.438 0.6000000238
31307  -34.899  -41.860  -21.886 0.6000000238
32392  -35.652  -40.733  -22.979 0.5000000000
34543  -36.101  -38.801  -24.813 0.6000000238
33466  -36.033  -39.843  -23.164 0.6999999881
45630  -37.074  -27.947  -26.115 0.5000000000
47368  -35.151  -25.324  -17.603 0.5000000000
51943  -36.140  -20.379  -22.230 0.6000000238
135407  -34.353  -19.344  -26.464 0.5000000000
53825  -35.459  -18.581  -25.704 0.5000000000
56016  -33.629  -16.496  -26.330 0.5000000000
69545  -31.536  -2.964  -27.845 0.4000000060
69560  -32.099  -2.189  -27.943 0.3000000119
127821  -32.380  -1.486  -27.738 0.3000000119
71488  -32.865  -1.010  -28.322 0.3000000119
25705  -34.277  -46.291  -26.536 0.4000000060
26819  -34.395  -45.552  -28.340 0.5000000000
132583  -34.460  -44.506  -29.217 0.5000000000
31415  -32.601  -41.695  -30.157 0.5000000000
25691  -34.771  -46.239  -25.323 0.4000000060
31416  -33.156  -42.123  -29.918 0.6000000238
31400  -33.151  -41.190  -29.175 0.6000000238
31399  -32.485  -40.969  -29.617 0.5000000000
32472  -31.724  -40.294  -30.006 0.5000000000
25671  -34.236  -46.791  -24.738 0.4000000060
25643  -32.671  -46.341  -22.351 0.5000000000
26739  -33.971  -45.441  -23.236 0.5000000000
26720  -32.396  -45.543  -21.977 0.3000000119
27931  -30.109  -45.237  -22.516 0.4000000060
27949  -28.112  -44.855  -23.609 0.4000000060
121862  -38.516  -29.159  -26.153 0.4000000060
44695  -39.041  -28.430  -26.179 0.4000000060
44694  -38.179  -28.284  -25.793 0.4000000060
50035  -35.276  -22.736  -17.406 0.5000000000
51973  -36.391  -19.819  -25.572 0.5000000000
53826  -36.337  -18.778  -25.562 0.5000000000
54857  -35.795  -17.872  -25.572 0.5000000000
54802  -38.533  -17.747  -19.235 0.4000000060
70503  -32.806  -1.816  -27.681 0.3000000119
71489  -33.139  -0.344  -28.464 0.3000000119
30208  -30.316  -42.777  -22.455 0.5000000000
27924  -31.150  -44.368  -21.940 0.5000000000
29055  -31.866  -43.876  -21.607 0.6000000238
128587  -37.131  -20.428  -25.680 0.5000000000
116881  -31.575  -45.364  -21.919 0.4000000060
136547  -33.594  -42.390  -29.582 0.6000000238
138470  -34.322  -46.042  -26.980 0.4000000060
29147  -35.132  -44.098  -27.775 0.5000000000
30294  -34.587  -42.852  -28.675 0.6000000238
126813  -35.185  -44.682  -25.581 0.5000000000
25672  -34.684  -46.125  -24.581 0.5000000000
30254  -35.152  -42.990  -24.947 0.5000000000
27935  -33.906  -43.966  -22.519 0.5000000000
29072  -34.305  -43.291  -22.441 0.5000000000
69546  -32.267  -2.602  -27.589 0.4000000060
26760  -34.235  -46.262  -23.888 0.4000000060
32482  -31.874  -41.175  -30.365 0.4000000060
25656  -33.498  -46.476  -23.077 0.4000000060
36616  -27.800  -36.382  -23.342 0.4000000060
35590  -28.177  -37.149  -23.502 0.3000000119
35611  -28.714  -37.692  -24.077 0.4000000060
34555  -29.233  -38.720  -25.283 0.4000000060
37718  -27.639  -35.382  -23.370 0.4000000060
129230  -28.339  -35.935  -23.137 0.4000000060
40737  -27.402  -32.792  -24.777 0.4000000060
39781  -27.290  -33.566  -24.027 0.4000000060
38762  -28.135  -34.551  -23.145 0.4000000060
40776  -27.141  -32.005  -26.304 0.3000000119
123512  -27.443  -31.986  -25.045 0.3000000119
42621  -27.577  -30.591  -25.021 0.4000000060
122463  -28.225  -33.044  -22.852 0.4000000060
41695  -27.315  -31.498  -25.572 0.4000000060
41664  -27.697  -31.920  -24.180 0.5000000000
41679  -27.899  -30.868  -24.196 0.4000000060
42607  -28.178  -30.159  -23.654 0.4000000060
41665  -28.049  -31.485  -23.567 0.5000000000
53757  -38.028  -18.723  -17.802 0.3000000119
53758  -38.292  -18.001  -18.332 0.3000000119
54796  -38.362  -17.180  -18.702 0.3000000119
61975  -33.334  -10.758  -26.152 0.4000000060
57842  -37.868  -14.787  -18.790 0.3000000119
128721  -34.045  -11.312  -26.253 0.4000000060
58824  -36.882  -13.247  -19.271 0.3000000119
59883  -35.339  -12.688  -19.745 0.3000000119
61019  -34.898  -11.035  -26.104 0.4000000060
61977  -35.082  -10.123  -25.654 0.3000000119
61976  -34.202  -10.452  -26.010 0.4000000060
135998  -32.809  -8.366  -25.301 0.4000000060
59885  -37.270  -12.641  -19.755 0.3000000119
59886  -38.026  -12.707  -20.218 0.3000000119
59884  -36.316  -12.611  -19.629 0.3000000119
59909  -37.519  -12.044  -20.238 0.3000000119
60973  -37.721  -11.388  -20.611 0.3000000119
59916  -38.390  -12.270  -21.471 0.3000000119
60972  -36.801  -11.425  -20.352 0.3000000119
59932  -38.452  -12.113  -23.289 0.3000000119
60971  -35.904  -11.214  -20.453 0.3000000119
59931  -38.196  -12.463  -23.869 0.3000000119
135827  -34.683  -10.872  -20.484 0.3000000119
62842  -34.719  -9.965  -20.457 0.3000000119
118556  -37.684  -12.008  -24.551 0.3000000119
62841  -33.672  -9.937  -20.454 0.3000000119
127410  -33.239  -9.135  -20.371 0.3000000119
61001  -36.957  -11.603  -25.367 0.3000000119
61962  -36.965  -10.472  -25.192 0.3000000119
61961  -36.026  -9.985  -25.207 0.3000000119
126735  -31.845  -7.077  -20.397 0.3000000119
124271  -35.940  -10.967  -25.727 0.3000000119
66644  -31.819  -5.603  -20.432 0.3000000119
126734  -30.966  -5.773  -20.434 0.3000000119
64800  -32.393  -7.236  -25.327 0.3000000119
60974  -38.199  -11.396  -21.157 0.3000000119
61926  -36.466  -10.465  -20.562 0.3000000119
129785  -37.274  -10.792  -20.603 0.3000000119
60983  -38.392  -11.419  -21.999 0.3000000119
60988  -38.479  -11.417  -22.978 0.3000000119
60993  -38.265  -11.600  -23.872 0.3000000119
61925  -35.436  -10.606  -20.505 0.3000000119
61927  -37.828  -10.685  -20.919 0.3000000119
62859  -38.170  -9.942  -22.013 0.3000000119
127137  -38.351  -10.658  -22.481 0.3000000119
62843  -35.786  -9.700  -20.546 0.3000000119
129209  -37.299  -10.081  -20.773 0.3000000119
61002  -37.697  -11.031  -24.573 0.3000000119
127409  -34.211  -9.067  -20.364 0.3000000119
127408  -35.253  -8.861  -20.439 0.3000000119
63805  -33.726  -8.224  -20.346 0.3000000119
62889  -35.992  -9.232  -24.786 0.3000000119
66645  -32.654  -5.801  -20.419 0.3000000119
132655  -33.254  -5.600  -20.432 0.3000000119
62903  -35.415  -9.491  -25.184 0.3000000119
128320  -32.605  -5.034  -20.456 0.3000000119
64802  -33.913  -7.723  -24.820 0.3000000119
131526  -33.335  -6.121  -25.396 0.3000000119
64801  -33.392  -6.908  -25.039 0.3000000119
61942  -38.187  -10.650  -21.589 0.3000000119
61941  -37.812  -9.964  -21.283 0.3000000119
61946  -38.182  -10.016  -22.802 0.3000000119
127743  -36.113  -8.947  -20.631 0.3000000119
63806  -36.715  -8.715  -20.898 0.3000000119
62845  -37.325  -9.318  -21.029 0.3000000119
133332  -37.730  -9.272  -21.705 0.3000000119
61951  -38.187  -10.593  -23.555 0.3000000119
123762  -35.191  -8.023  -20.437 0.3000000119
61963  -37.499  -10.055  -24.333 0.3000000119
63854  -36.777  -8.326  -24.129 0.3000000119
62890  -37.293  -9.061  -24.089 0.3000000119
132838  -34.533  -6.688  -20.434 0.3000000119
66646  -34.116  -5.774  -20.441 0.3000000119
63866  -35.269  -8.851  -24.902 0.3000000119
129565  -33.613  -4.999  -20.505 0.3000000119
63853  -35.136  -8.210  -24.674 0.3000000119
65742  -34.440  -7.079  -24.724 0.3000000119
62867  -37.872  -9.398  -22.550 0.3000000119
133941  -35.986  -8.120  -20.666 0.3000000119
63819  -36.643  -7.977  -21.200 0.3000000119
63830  -37.452  -8.586  -22.374 0.3000000119
62875  -37.792  -9.680  -23.450 0.3000000119
64764  -37.016  -7.859  -21.868 0.3000000119
64746  -35.409  -7.261  -20.572 0.3000000119
64747  -36.198  -7.290  -20.933 0.3000000119
66647  -34.653  -5.057  -20.627 0.3000000119
67595  -35.105  -4.266  -20.816 0.3000000119
138928  -36.146  -7.852  -24.081 0.3000000119
119512  -35.872  -8.449  -24.419 0.3000000119
67585  -34.051  -4.251  -20.644 0.3000000119
64793  -35.403  -7.481  -24.400 0.3000000119
64792  -34.674  -7.773  -24.706 0.3000000119
65733  -35.119  -6.508  -24.757 0.3000000119
63820  -37.209  -8.612  -21.445 0.3000000119
64777  -37.037  -7.753  -22.747 0.3000000119
63843  -37.216  -8.383  -23.402 0.3000000119
139099  -35.286  -6.609  -20.578 0.3000000119
64763  -36.606  -7.341  -21.494 0.3000000119
65700  -35.243  -5.940  -20.613 0.3000000119
65701  -36.135  -5.838  -21.076 0.3000000119
63842  -36.732  -7.743  -23.598 0.3000000119
68526  -34.443  -3.463  -20.840 0.3000000119
136033  -35.706  -5.077  -20.917 0.3000000119
68525  -33.462  -3.482  -20.806 0.3000000119
67596  -36.144  -4.261  -21.167 0.3000000119
65734  -35.846  -6.611  -24.302 0.3000000119
132953  -35.022  -5.831  -25.140 0.3000000119
66690  -34.213  -6.164  -25.090 0.3000000119
126205  -34.520  -5.273  -25.424 0.3000000119
65716  -36.425  -6.580  -21.405 0.3000000119
64776  -36.754  -7.028  -22.178 0.3000000119
64786  -36.639  -7.126  -23.155 0.3000000119
122017  -36.534  -5.806  -21.648 0.3000000119
65722  -36.637  -6.198  -22.132 0.3000000119
65726  -36.367  -6.571  -23.630 0.3000000119
66658  -36.600  -5.062  -21.479 0.3000000119
66681  -36.309  -5.912  -24.171 0.3000000119
68539  -35.495  -3.451  -21.029 0.3000000119
66680  -35.609  -5.861  -24.701 0.3000000119
68588  -33.996  -3.875  -26.186 0.3000000119
127217  -34.731  -3.552  -26.056 0.3000000119
121909  -34.855  -4.370  -25.681 0.3000000119
136790  -36.573  -6.516  -22.809 0.3000000119
118710  -34.795  -2.666  -21.078 0.3000000119
66668  -36.861  -5.449  -22.149 0.3000000119
66673  -36.549  -5.816  -23.079 0.3000000119
69494  -35.879  -2.645  -21.233 0.3000000119
68540  -36.517  -3.438  -21.375 0.3000000119
136569  -37.127  -4.759  -22.083 0.3000000119
67616  -37.094  -4.973  -22.928 0.3000000119
121843  -36.758  -5.158  -23.964 0.3000000119
67624  -36.575  -4.420  -24.576 0.3000000119
67623  -36.071  -5.160  -24.647 0.3000000119
136918  -35.518  -3.527  -25.594 0.3000000119
67634  -35.750  -4.393  -25.120 0.3000000119
68550  -37.286  -3.328  -21.851 0.3000000119
68564  -37.344  -4.017  -22.609 0.3000000119
68551  -37.465  -3.001  -22.621 0.3000000119
67617  -37.208  -4.313  -23.787 0.3000000119
68576  -37.031  -3.551  -24.569 0.3000000119
68589  -36.317  -3.066  -25.184 0.3000000119
67635  -36.230  -3.768  -25.010 0.3000000119
68600  -33.044  -3.375  -26.855 0.3000000119
68601  -34.135  -3.071  -26.509 0.3000000119
70447  -35.180  -1.780  -21.314 0.3000000119
70448  -36.339  -1.939  -21.476 0.3000000119
69495  -36.838  -2.672  -21.562 0.3000000119
69504  -37.366  -2.543  -21.981 0.3000000119
69505  -37.482  -2.295  -22.578 0.3000000119
68565  -37.431  -3.389  -23.585 0.3000000119
68577  -37.384  -2.876  -24.250 0.3000000119
69537  -35.799  -2.651  -25.795 0.3000000119
69548  -34.461  -2.326  -26.788 0.3000000119
69547  -33.435  -2.473  -27.150 0.3000000119
70449  -37.058  -2.081  -21.727 0.3000000119
33554  -30.824  -39.725  -30.306 0.4000000060
39834  -27.009  -32.909  -26.420 0.3000000119
132944  -28.551  -33.864  -22.747 0.4000000060
37719  -28.535  -35.286  -22.997 0.4000000060
127797  -27.705  -32.868  -23.685 0.4000000060
135121  -28.191  -30.928  -23.382 0.4000000060
59907  -35.814  -11.963  -20.140 0.3000000119
59910  -38.164  -12.084  -20.714 0.3000000119
63804  -32.740  -8.421  -20.357 0.3000000119
135369  -33.036  -7.749  -20.347 0.3000000119
65697  -31.398  -6.393  -20.407 0.3000000119
133828  -34.598  -8.346  -20.383 0.3000000119
129437  -31.793  -4.824  -20.497 0.3000000119
39815  -27.154  -33.222  -25.684 0.4000000060
38789  -26.861  -33.980  -25.436 0.4000000060
131276  -26.927  -34.230  -24.403 0.4000000060
39782  -27.874  -33.724  -23.326 0.4000000060
41710  -27.026  -31.307  -26.035 0.3000000119
41678  -27.595  -31.336  -24.848 0.4000000060
59908  -36.747  -12.125  -20.013 0.3000000119
123464  -36.846  -9.556  -24.801 0.3000000119
62844  -36.666  -9.501  -20.700 0.3000000119
116941  -37.532  -9.024  -23.190 0.3000000119
133757  -35.835  -6.575  -20.793 0.3000000119
64794  -36.224  -7.244  -23.934 0.3000000119
66691  -35.327  -5.163  -25.174 0.3000000119
67606  -37.032  -4.179  -21.657 0.3000000119
68602  -35.024  -2.892  -26.211 0.3000000119
69520  -37.535  -2.422  -23.476 0.3000000119
129951  -26.617  -33.544  -26.615 0.4000000060
137141  -38.214  -30.527  -26.394 0.4000000060
29132  -25.793  -43.646  -27.098 0.3000000119
29117  -25.885  -43.696  -26.030 0.3000000119
29144  -26.746  -43.390  -27.761 0.3000000119
27988  -26.811  -44.003  -24.988 0.3000000119
42640  -27.237  -30.849  -25.559 0.3000000119
42622  -27.873  -29.919  -24.429 0.3000000119
43658  -27.783  -29.212  -24.467 0.3000000119
36630  -26.417  -35.900  -24.556 0.3000000119
38773  -26.799  -35.110  -23.940 0.3000000119
39796  -27.144  -33.547  -24.899 0.3000000119
36615  -26.935  -36.089  -23.659 0.3000000119
123937  -26.548  -34.496  -26.000 0.3000000119
38772  -26.621  -34.859  -25.013 0.3000000119
41722  -38.461  -31.607  -26.901 0.3000000119
25690  -34.182  -46.740  -25.780 0.4000000060
26738  -29.322  -45.344  -22.838 0.4000000060
26787  -34.742  -45.765  -26.698 0.4000000060
27971  -28.631  -44.196  -24.121 0.5000000000
29056  -32.600  -43.527  -21.518 0.6000000238
29119  -27.566  -43.603  -25.545 0.5000000000
29133  -26.675  -43.570  -26.726 0.3000000119
29134  -28.038  -43.183  -26.485 0.5000000000
29142  -24.592  -43.721  -27.781 0.4000000060
29146  -28.353  -42.613  -27.305 0.4000000060
30242  -30.357  -42.413  -25.029 0.6000000238
30244  -35.336  -42.121  -24.507 0.5000000000
30253  -30.056  -42.084  -26.209 0.5000000000
30255  -35.427  -42.171  -25.439 0.6000000238
30263  -29.363  -42.135  -26.666 0.3000000119
31274  -33.918  -41.132  -20.618 0.6000000238
31286  -35.096  -41.238  -21.680 0.6000000238
31401  -34.001  -42.189  -29.081 0.6000000238
32355  -31.556  -40.128  -21.231 0.6000000238
32473  -32.903  -40.626  -29.066 0.6000000238
33434  -35.483  -40.057  -21.445 0.6000000238
33458  -36.165  -39.291  -22.477 0.8000000119
33482  -36.308  -38.770  -23.965 0.6999999881
33546  -33.130  -40.032  -28.762 0.6000000238
34473  -35.119  -38.445  -19.985 0.6999999881
34474  -35.696  -38.546  -20.452 0.8000000119
34495  -35.811  -38.959  -21.024 0.6999999881
34592  -30.454  -37.606  -29.721 0.6999999881
34593  -30.759  -37.734  -29.427 0.6999999881
34609  -29.767  -38.200  -30.578 0.5000000000
35591  -29.158  -37.104  -23.752 0.5000000000
35593  -31.137  -37.523  -23.702 0.5000000000
35673  -30.554  -36.660  -28.901 0.6999999881
35679  -30.464  -37.367  -29.670 0.6999999881
36573  -34.747  -36.685  -19.673 0.6999999881
36660  -34.552  -36.810  -26.627 0.6999999881
36669  -31.320  -36.000  -28.133 0.6999999881
36692  -30.483  -36.674  -30.012 0.6999999881
37701  -29.739  -35.457  -22.629 0.5000000000
37752  -36.104  -35.873  -25.134 0.6999999881
37771  -32.080  -35.304  -27.271 0.6999999881
38703  -36.632  -34.751  -19.325 0.6999999881
38715  -32.465  -34.582  -20.269 0.6000000238
38749  -28.870  -34.619  -22.743 0.4000000060
38761  -27.357  -34.404  -23.627 0.4000000060
38825  -31.139  -34.389  -28.360 0.6999999881
39846  -37.158  -33.648  -26.684 0.5000000000
39855  -31.436  -33.240  -27.867 0.6999999881
40664  -37.175  -32.305  -19.318 0.8000000119
40757  -27.304  -32.413  -25.754 0.3000000119
40758  -31.638  -32.943  -25.852 0.6999999881
41588  -34.572  -31.670  -18.307 0.6999999881
41733  -35.251  -31.685  -27.777 0.5000000000
42527  -34.311  -30.517  -18.266 0.6999999881
42653  -38.105  -31.121  -26.503 0.4000000060
43682  -32.781  -29.215  -26.354 0.8000000119
44595  -38.439  -28.241  -19.708 0.6999999881
44675  -32.975  -28.190  -25.320 0.8000000119
45617  -38.707  -27.744  -25.860 0.6000000238
46559  -37.959  -26.502  -26.106 0.6000000238
47446  -36.605  -25.718  -23.315 0.6999999881
47452  -33.819  -25.537  -25.122 0.8000000119
47472  -35.387  -25.544  -27.566 0.8000000119
48307  -38.674  -24.506  -19.401 0.6999999881
49260  -32.276  -23.384  -26.847 0.8000000119
49261  -33.176  -23.496  -27.331 0.8999999762
49264  -37.429  -23.136  -27.345 0.6999999881
50115  -33.599  -22.616  -24.810 0.8000000119
51069  -31.497  -21.693  -26.229 0.8000000119
51073  -36.410  -22.089  -26.512 0.6000000238
51963  -31.274  -20.639  -25.770 0.8000000119
51971  -30.983  -20.751  -26.030 0.8000000119
52867  -35.559  -19.325  -25.795 0.5000000000
52875  -30.829  -19.924  -26.243 0.8000000119
52876  -31.465  -20.063  -26.468 0.8000000119
53783  -36.845  -19.209  -22.079 0.8000000119
53824  -30.438  -18.895  -25.997 0.8000000119
53833  -30.414  -18.420  -26.077 0.8000000119
53834  -31.238  -19.014  -26.488 0.8000000119
55910  -36.083  -16.790  -17.808 0.3000000119
56962  -31.150  -16.166  -24.653 0.8000000119
56963  -32.116  -15.965  -24.491 0.6000000238
57005  -33.519  -15.643  -26.676 0.6000000238
57019  -29.210  -14.532  -26.248 0.6999999881
57021  -31.115  -15.005  -26.780 0.6999999881
57843  -38.290  -15.078  -19.182 0.4000000060
57895  -30.038  -14.635  -25.394 0.6000000238
57918  -28.850  -14.195  -25.983 0.5000000000
57925  -28.928  -14.034  -26.165 0.5000000000
57926  -29.546  -14.009  -26.588 0.6999999881
58854  -38.128  -13.564  -23.100 0.4000000060
58868  -29.531  -13.739  -25.615 0.6000000238
58896  -28.992  -13.565  -26.039 0.6000000238
59975  -29.284  -13.059  -25.965 0.6000000238
59976  -29.899  -12.437  -26.189 0.5000000000
60008  -31.723  -12.024  -27.644 0.5000000000
61053  -30.691  -10.879  -27.230 0.6000000238
62887  -31.079  -8.999  -25.883 0.5000000000
63861  -30.339  -8.309  -26.471 0.4000000060
63883  -30.379  -8.489  -26.912 0.5000000000
63895  -31.376  -8.465  -27.553 0.4000000060
64791  -31.566  -7.537  -25.703 0.4000000060
67642  -31.415  -4.870  -27.118 0.4000000060
67661  -31.387  -3.758  -28.059 0.4000000060
68586  -32.536  -4.592  -26.525 0.3000000119
68621  -31.609  -3.224  -28.319 0.4000000060
69559  -31.693  -2.626  -28.066 0.3000000119
70515  -32.558  -1.444  -28.003 0.3000000119
70524  -32.498  -1.899  -28.348 0.3000000119
117432  -33.967  -31.882  -24.484 0.8000000119
117755  -30.220  -42.000  -23.111 0.6000000238
118801  -31.899  -46.257  -21.990 0.5000000000
121845  -30.996  -43.353  -21.808 0.6000000238
122058  -30.348  -18.243  -25.934 0.6999999881
122316  -26.132  -43.468  -28.088 0.3000000119
122771  -37.843  -18.028  -17.750 0.3000000119
123457  -36.673  -31.397  -26.767 0.5000000000
124212  -35.336  -26.795  -27.454 0.6999999881
124342  -29.251  -38.109  -24.713 0.5000000000
124850  -30.415  -34.091  -21.383 0.6000000238
125991  -34.451  -16.382  -26.169 0.6000000238
126146  -34.879  -19.777  -26.345 0.5000000000
126565  -38.504  -15.197  -20.452 0.4000000060
127048  -35.051  -45.649  -25.848 0.5000000000
127376  -33.777  -46.871  -23.931 0.4000000060
127617  -37.835  -29.088  -22.149 0.8000000119
127673  -30.516  -15.427  -25.093 0.6999999881
128093  -33.451  -9.847  -25.791 0.4000000060
128319  -33.709  -19.650  -24.033 0.8000000119
128495  -28.275  -28.857  -23.525 0.4000000060
129984  -33.054  -7.746  -25.112 0.3000000119
130362  -36.618  -32.976  -23.226 0.8000000119
130378  -31.385  -3.546  -27.829 0.4000000060
130918  -31.929  -3.374  -27.385 0.5000000000
131154  -36.087  -34.212  -27.304 0.5000000000
131372  -32.433  -31.025  -25.585 0.8000000119
131473  -36.711  -36.870  -23.940 0.8000000119
132061  -32.332  -15.786  -26.637 0.6999999881
132686  -32.957  -41.545  -29.631 0.6000000238
133169  -32.682  -37.246  -27.901 0.6999999881
134345  -25.305  -44.059  -25.486 0.4000000060
134740  -31.826  -19.233  -25.269 0.8000000119
134983  -29.359  -13.143  -25.827 0.6000000238
135134  -36.652  -8.892  -24.495 0.3000000119
135473  -30.169  -39.895  -25.606 0.5000000000
137882  -37.197  -34.124  -22.690 0.8000000119
138666  -35.260  -43.444  -27.246 0.5000000000
139338  -32.601  -23.429  -27.150 0.8000000119
139878  -35.268  -17.542  -25.636 0.5000000000
140129  -35.908  -33.121  -27.227 0.5000000000
140296  -34.287  -9.764  -25.627 0.5000000000
140781  -30.800  -15.832  -24.830 0.6999999881
141203  -31.761  -2.521  -27.926 0.4000000060
141277  -32.327  -12.423  -27.685 0.5000000000
