#!ascii label  , from subject sub-v1s12x0050109_ses-1 vox2ras=TkReg
432
22583  -31.620  -49.913  -34.191 0.6999999881
23668  -31.308  -48.294  -35.452 0.6000000238
135510  -31.867  -48.413  -34.958 0.6000000238
24693  -33.296  -47.260  -34.120 0.4000000060
24603  -30.813  -46.699  -28.569 0.6999999881
24621  -31.293  -47.910  -29.021 0.6999999881
133195  -30.674  -46.044  -29.303 0.6000000238
24638  -31.311  -48.125  -29.998 0.6999999881
25748  -30.580  -46.368  -30.325 0.6000000238
24637  -31.033  -47.413  -30.675 0.6000000238
23611  -30.676  -49.361  -32.048 0.6000000238
25762  -30.263  -46.662  -31.280 0.6000000238
25778  -30.021  -46.919  -32.068 0.5000000000
24673  -30.405  -47.715  -32.935 0.5000000000
24672  -29.717  -46.816  -32.740 0.5000000000
24705  -29.538  -47.286  -34.833 0.6000000238
23666  -30.152  -49.161  -34.886 0.6000000238
24706  -30.030  -48.067  -35.288 0.6000000238
23682  -30.562  -48.340  -35.460 0.6000000238
24718  -31.105  -47.682  -36.105 0.6000000238
25727  -30.836  -45.746  -28.190 0.6000000238
26827  -30.886  -45.692  -29.240 0.6000000238
26843  -30.582  -45.841  -30.199 0.6000000238
129582  -30.197  -45.839  -30.984 0.6000000238
25761  -30.095  -46.086  -31.047 0.6000000238
26872  -29.191  -45.899  -32.538 0.6000000238
118442  -29.056  -46.278  -32.885 0.6000000238
24690  -29.634  -47.031  -33.768 0.6000000238
25792  -28.970  -46.283  -34.128 0.6999999881
25801  -28.988  -46.588  -35.235 0.6000000238
24716  -29.498  -47.342  -35.800 0.6000000238
24719  -31.792  -47.471  -36.000 0.5000000000
24720  -32.577  -46.940  -36.031 0.5000000000
25714  -30.902  -46.151  -27.301 0.6000000238
26801  -31.025  -45.749  -27.471 0.6000000238
26828  -31.217  -45.458  -28.944 0.6000000238
26844  -31.104  -45.535  -29.916 0.6000000238
26860  -30.761  -45.483  -30.820 0.6000000238
28064  -31.291  -44.931  -31.691 0.6000000238
26859  -30.295  -45.404  -31.627 0.6000000238
26858  -29.709  -45.938  -31.656 0.6000000238
26873  -29.753  -45.321  -32.426 0.6000000238
24726  -29.619  -47.102  -36.369 0.6000000238
24727  -30.386  -47.110  -36.589 0.6000000238
24707  -32.921  -47.024  -35.168 0.4000000060
26802  -31.677  -45.981  -27.250 0.6000000238
26816  -31.446  -45.529  -28.078 0.6000000238
126572  -31.856  -45.388  -29.004 0.6000000238
28051  -31.629  -45.080  -30.836 0.6000000238
28065  -32.209  -44.478  -31.531 0.5000000000
118448  -28.120  -45.183  -34.246 0.6000000238
26883  -28.714  -45.588  -33.585 0.6000000238
25800  -28.446  -45.976  -34.812 0.6000000238
25809  -28.275  -46.104  -35.606 0.6000000238
25820  -29.174  -46.614  -36.402 0.6000000238
135801  -31.236  -46.523  -36.795 0.6000000238
24729  -31.872  -46.926  -36.562 0.6000000238
25823  -33.144  -46.108  -36.569 0.4000000060
24730  -32.610  -46.335  -36.654 0.5000000000
25703  -32.550  -46.668  -26.656 0.5000000000
25716  -32.943  -46.302  -27.263 0.6000000238
26817  -32.763  -45.779  -28.679 0.6000000238
26829  -33.017  -45.643  -29.630 0.6000000238
26845  -31.991  -45.253  -29.954 0.5000000000
26846  -33.093  -45.323  -30.315 0.5000000000
28052  -32.643  -44.904  -30.878 0.5000000000
28079  -31.654  -44.117  -32.102 0.6000000238
30349  -31.553  -43.104  -32.155 0.6000000238
29228  -31.068  -43.684  -32.437 0.6999999881
119507  -29.755  -44.354  -33.021 0.6999999881
28077  -29.127  -45.066  -33.305 0.6999999881
30362  -27.811  -42.992  -33.739 0.6000000238
28088  -28.284  -44.745  -34.025 0.6999999881
29240  -27.884  -43.817  -34.219 0.6000000238
28105  -27.699  -44.823  -35.128 0.6000000238
26895  -27.857  -45.417  -34.906 0.6000000238
28120  -28.457  -45.498  -36.267 0.6000000238
28121  -29.410  -45.309  -36.565 0.6000000238
125035  -32.092  -45.970  -36.950 0.5000000000
26918  -32.846  -45.858  -36.818 0.4000000060
25704  -33.543  -46.612  -26.556 0.6000000238
26804  -33.620  -46.073  -28.068 0.6000000238
26818  -33.791  -45.688  -29.015 0.5000000000
26830  -33.826  -45.125  -29.757 0.6000000238
28053  -33.364  -44.616  -30.514 0.5000000000
29192  -32.974  -44.139  -31.193 0.6000000238
30350  -33.025  -43.277  -31.017 0.5000000000
29209  -32.394  -43.485  -31.668 0.5000000000
30365  -30.690  -42.862  -32.476 0.5000000000
29227  -30.320  -43.608  -32.783 0.6000000238
134159  -29.191  -41.485  -31.949 0.5000000000
30364  -29.688  -42.745  -32.760 0.5000000000
29226  -29.489  -43.409  -33.203 0.6000000238
30347  -28.853  -41.956  -32.493 0.4000000060
28076  -28.734  -43.842  -33.754 0.6999999881
30346  -27.994  -41.751  -32.802 0.4000000060
118110  -27.808  -42.428  -33.788 0.5000000000
29251  -27.879  -43.848  -34.565 0.6000000238
30387  -28.269  -42.561  -34.710 0.5000000000
30403  -28.084  -43.374  -34.967 0.6000000238
30404  -28.974  -43.005  -35.361 0.5000000000
28106  -28.593  -44.725  -36.073 0.6000000238
130512  -32.406  -45.699  -36.870 0.5000000000
29266  -28.868  -43.949  -35.525 0.6000000238
28107  -29.722  -44.522  -36.099 0.6000000238
26917  -31.452  -45.796  -36.869 0.6000000238
25717  -33.881  -46.245  -27.168 0.5000000000
28038  -34.365  -45.236  -29.049 0.5000000000
29174  -33.936  -43.984  -29.904 0.5000000000
138893  -32.592  -42.696  -31.261 0.4000000060
119120  -31.924  -42.429  -31.634 0.5000000000
116763  -30.993  -42.169  -31.989 0.5000000000
31428  -31.209  -41.475  -31.177 0.5000000000
32489  -28.124  -40.325  -32.129 0.4000000060
32490  -29.041  -40.704  -31.556 0.4000000060
31426  -28.318  -41.173  -32.221 0.4000000060
32495  -27.849  -40.357  -32.846 0.5000000000
134434  -27.870  -41.734  -33.586 0.5000000000
32498  -28.212  -40.544  -33.457 0.5000000000
31443  -27.895  -42.130  -34.107 0.5000000000
31444  -28.668  -41.757  -34.385 0.5000000000
28109  -31.935  -44.277  -36.076 0.5000000000
28124  -32.656  -44.999  -36.639 0.5000000000
29267  -30.003  -43.734  -35.577 0.6000000238
28108  -30.877  -44.409  -36.012 0.5000000000
31414  -32.229  -41.958  -30.895 0.4000000060
32481  -31.001  -40.595  -30.560 0.5000000000
32491  -30.084  -40.750  -30.973 0.5000000000
32479  -29.410  -40.007  -30.948 0.5000000000
33565  -28.102  -39.835  -32.504 0.4000000060
32507  -28.979  -40.954  -34.073 0.5000000000
30406  -31.375  -42.735  -35.270 0.5000000000
132088  -32.961  -44.213  -36.052 0.3000000119
32499  -29.275  -40.203  -33.716 0.5000000000
30388  -29.412  -42.247  -34.928 0.5000000000
30405  -30.263  -42.842  -35.337 0.5000000000
32480  -30.183  -40.098  -30.625 0.4000000060
33553  -29.823  -39.411  -30.532 0.4000000060
34618  -29.582  -38.152  -31.253 0.4000000060
33561  -29.056  -39.409  -31.423 0.4000000060
33566  -28.784  -39.467  -32.495 0.4000000060
34625  -29.921  -38.512  -32.125 0.4000000060
33574  -29.643  -39.464  -33.216 0.5000000000
129856  -32.474  -42.125  -34.767 0.4000000060
141275  -32.853  -43.314  -35.529 0.4000000060
32508  -30.140  -40.710  -34.256 0.5000000000
30390  -31.658  -42.049  -34.837 0.5000000000
32500  -30.459  -40.034  -33.842 0.5000000000
31446  -30.954  -41.341  -34.591 0.5000000000
30389  -30.614  -42.078  -34.961 0.5000000000
35693  -30.236  -37.474  -31.039 0.4000000060
31447  -32.081  -41.335  -34.439 0.4000000060
33575  -30.933  -39.453  -33.434 0.5000000000
32501  -31.380  -40.061  -33.767 0.5000000000
34619  -30.424  -37.938  -31.772 0.4000000060
32502  -32.974  -40.317  -33.654 0.4000000060
32510  -32.945  -41.022  -34.143 0.3000000119
33567  -30.417  -38.933  -32.829 0.5000000000
131666  -32.125  -40.531  -33.894 0.5000000000
36706  -31.423  -37.091  -30.920 0.4000000060
127319  -33.048  -39.643  -33.295 0.3000000119
34620  -31.433  -37.991  -32.028 0.4000000060
33576  -32.089  -39.700  -33.406 0.5000000000
126468  -31.806  -38.471  -32.527 0.4000000060
33568  -31.482  -38.950  -32.967 0.5000000000
33569  -32.579  -38.934  -32.860 0.5000000000
36694  -31.994  -36.444  -30.575 0.4000000060
33577  -33.655  -39.215  -33.068 0.3000000119
33578  -34.593  -39.466  -33.259 0.3000000119
35694  -31.925  -37.563  -31.584 0.4000000060
34627  -33.416  -38.531  -32.523 0.4000000060
35695  -32.730  -37.666  -31.681 0.4000000060
123012  -32.475  -38.100  -32.234 0.4000000060
37819  -32.538  -35.700  -30.351 0.5000000000
126466  -34.106  -38.257  -32.166 0.3000000119
34634  -34.338  -38.807  -32.752 0.4000000060
35706  -35.484  -37.853  -32.091 0.4000000060
34635  -35.247  -38.956  -33.034 0.4000000060
36707  -32.555  -37.219  -30.987 0.4000000060
137130  -33.924  -37.808  -31.718 0.5000000000
36708  -33.475  -37.132  -30.810 0.5000000000
121872  -33.361  -37.547  -31.398 0.5000000000
35696  -34.160  -37.410  -31.202 0.5000000000
35697  -35.095  -37.408  -31.374 0.4000000060
35698  -36.006  -37.343  -31.692 0.4000000060
34629  -35.826  -38.462  -32.695 0.3000000119
36695  -32.991  -36.534  -30.541 0.5000000000
119621  -33.824  -36.689  -30.406 0.5000000000
36698  -36.153  -36.560  -30.298 0.4000000060
36699  -37.073  -36.335  -30.808 0.3000000119
38839  -34.619  -34.669  -28.829 0.5000000000
36697  -35.211  -36.622  -29.947 0.4000000060
36709  -35.605  -36.938  -30.883 0.4000000060
36710  -36.535  -36.818  -31.305 0.4000000060
35699  -36.936  -37.323  -32.022 0.3000000119
37820  -33.537  -35.940  -30.117 0.5000000000
139200  -34.011  -37.089  -30.708 0.5000000000
130141  -34.605  -36.984  -30.577 0.5000000000
37807  -34.270  -35.504  -29.423 0.5000000000
37821  -36.732  -36.181  -29.682 0.4000000060
37822  -37.634  -35.868  -30.199 0.4000000060
39871  -34.275  -33.779  -28.838 0.5000000000
36711  -37.451  -36.659  -31.823 0.3000000119
37808  -35.276  -35.611  -28.754 0.5000000000
36684  -34.934  -36.206  -29.299 0.5000000000
37810  -37.286  -35.644  -29.169 0.4000000060
118816  -34.644  -33.147  -28.360 0.5000000000
131154  -36.087  -34.212  -27.304 0.5000000000
37811  -38.122  -35.296  -29.666 0.3000000119
39872  -34.959  -33.979  -28.386 0.5000000000
38827  -35.601  -34.435  -27.850 0.5000000000
38840  -35.244  -34.804  -28.346 0.5000000000
23667  -30.749  -49.092  -35.103 0.6000000238
24692  -32.517  -47.853  -34.584 0.5000000000
28078  -30.665  -44.546  -32.352 0.6999999881
25821  -29.948  -46.647  -36.687 0.6000000238
28122  -30.578  -45.184  -36.610 0.6000000238
135447  -27.918  -42.239  -33.378 0.5000000000
137277  -28.055  -44.302  -35.300 0.6000000238
31427  -30.040  -41.479  -31.547 0.5000000000
30363  -28.501  -42.615  -33.221 0.4000000060
29268  -31.136  -43.567  -35.579 0.5000000000
33560  -28.556  -39.663  -31.951 0.4000000060
33573  -28.403  -39.837  -33.092 0.5000000000
33552  -29.218  -39.328  -30.928 0.4000000060
34628  -34.945  -38.361  -32.431 0.4000000060
35707  -36.372  -37.933  -32.294 0.3000000119
37796  -35.946  -35.254  -28.126 0.5000000000
17493  -30.385  -54.475  -29.409 0.5000000000
17495  -32.428  -54.299  -29.022 0.5000000000
17494  -31.459  -54.331  -29.160 0.5000000000
18488  -35.048  -53.016  -29.529 0.5000000000
17514  -34.258  -54.180  -30.450 0.5000000000
17513  -33.520  -54.487  -30.147 0.4000000060
18483  -30.931  -53.831  -29.004 0.5000000000
18485  -32.972  -53.762  -28.852 0.6000000238
18484  -31.991  -53.815  -28.822 0.6000000238
138786  -34.251  -53.668  -29.481 0.5000000000
18486  -33.781  -53.665  -29.188 0.5000000000
20471  -36.258  -51.489  -30.073 0.4000000060
124585  -28.515  -52.176  -29.425 0.6999999881
19435  -29.228  -52.746  -29.400 0.6999999881
19437  -31.294  -53.052  -29.161 0.6999999881
19438  -32.489  -53.103  -28.967 0.5000000000
20450  -35.151  -51.799  -29.494 0.5000000000
19440  -34.621  -52.492  -29.379 0.5000000000
19439  -33.627  -52.970  -29.059 0.5000000000
139256  -35.493  -50.134  -29.807 0.5000000000
20470  -35.818  -51.582  -29.639 0.5000000000
22501  -28.037  -49.943  -29.436 0.5000000000
21460  -27.583  -50.748  -29.617 0.6999999881
21461  -28.313  -50.702  -29.557 0.6999999881
20445  -27.978  -51.495  -29.484 0.6999999881
20446  -28.719  -51.394  -29.582 0.6999999881
121961  -30.170  -53.166  -29.285 0.6000000238
19455  -31.859  -52.443  -29.511 0.6999999881
124624  -31.635  -51.700  -30.397 0.6000000238
20449  -34.418  -51.649  -29.516 0.5000000000
133710  -33.571  -51.641  -29.721 0.6000000238
20448  -32.854  -52.192  -29.524 0.6000000238
21464  -35.160  -50.940  -29.614 0.5000000000
22525  -36.019  -49.590  -30.086 0.5000000000
20447  -29.281  -51.959  -29.587 0.6999999881
20468  -29.330  -51.308  -29.857 0.6999999881
21463  -29.461  -50.674  -29.914 0.6999999881
19454  -30.978  -52.134  -29.850 0.8000000119
20469  -30.623  -51.604  -30.674 0.6999999881
122977  -32.787  -51.458  -30.411 0.6000000238
21482  -33.920  -50.971  -30.127 0.6999999881
20493  -33.021  -51.030  -31.299 0.6000000238
22524  -35.265  -49.602  -30.066 0.6000000238
21500  -34.744  -50.140  -29.983 0.6000000238
23588  -35.366  -48.943  -30.496 0.6000000238
124684  -27.742  -47.764  -28.833 0.5000000000
23542  -28.344  -48.110  -28.456 0.6000000238
23565  -28.533  -49.129  -28.900 0.5000000000
22482  -29.367  -49.330  -28.710 0.6000000238
22502  -28.746  -49.936  -29.294 0.6000000238
21462  -28.968  -50.666  -29.619 0.6999999881
21481  -29.685  -51.151  -30.735 0.6999999881
118788  -29.823  -50.589  -30.383 0.6000000238
19453  -30.043  -51.665  -30.030 0.6999999881
21498  -29.788  -51.089  -31.853 0.6999999881
20491  -30.760  -51.431  -31.571 0.6999999881
22545  -33.688  -49.731  -31.645 0.6999999881
22546  -34.537  -49.437  -30.898 0.6999999881
21499  -33.889  -50.315  -31.036 0.6999999881
22483  -30.101  -49.394  -28.742 0.6000000238
22504  -30.021  -49.926  -29.627 0.6000000238
20490  -30.014  -51.290  -31.325 0.8000000119
130972  -29.903  -50.957  -32.732 0.5000000000
22523  -29.912  -50.626  -31.172 0.6000000238
20515  -30.958  -51.321  -32.499 0.6999999881
22563  -33.138  -49.719  -32.591 0.6999999881
138475  -32.541  -50.583  -32.743 0.6999999881
23614  -34.670  -48.425  -31.170 0.5000000000
23613  -33.826  -48.853  -31.753 0.6999999881
23632  -34.092  -47.771  -31.962 0.5000000000
24601  -27.691  -47.310  -28.156 0.5000000000
24602  -28.606  -47.694  -27.672 0.5000000000
23525  -29.638  -48.003  -27.475 0.6000000238
23543  -29.140  -48.550  -28.153 0.6000000238
23545  -30.781  -48.787  -28.295 0.6000000238
23566  -30.834  -49.192  -29.131 0.6000000238
130734  -31.156  -48.487  -28.794 0.6000000238
22505  -30.680  -49.628  -30.194 0.6000000238
23567  -31.191  -48.687  -29.550 0.6000000238
22581  -30.057  -50.435  -33.493 0.6000000238
22561  -29.945  -50.176  -32.923 0.5000000000
23587  -31.170  -48.881  -30.351 0.5000000000
130128  -31.338  -50.652  -33.682 0.6000000238
22582  -30.638  -50.396  -33.999 0.6000000238
22584  -32.652  -49.317  -33.552 0.6000000238
22562  -32.247  -50.291  -33.396 0.6000000238
23651  -32.897  -48.176  -33.681 0.5000000000
24580  -28.091  -47.356  -27.326 0.5000000000
140642  -31.111  -47.825  -28.125 0.6000000238
23612  -31.191  -48.547  -31.000 0.5000000000
22596  -30.119  -49.892  -34.195 0.4000000060
127036  -29.908  -49.727  -33.659 0.5000000000
23630  -30.309  -49.012  -33.013 0.5000000000
23650  -32.177  -48.894  -34.364 0.6000000238
24561  -28.517  -47.486  -26.598 0.5000000000
24581  -29.086  -47.367  -27.028 0.6000000238
24582  -30.163  -47.452  -26.879 0.6000000238
23526  -30.535  -48.141  -27.623 0.6000000238
131297  -29.924  -49.315  -34.234 0.5000000000
119959  -29.972  -48.762  -33.773 0.4000000060
23504  -28.062  -47.981  -26.091 0.5000000000
132769  -30.847  -46.637  -27.750 0.6000000238
23482  -27.775  -48.951  -25.698 0.5000000000
23505  -28.850  -47.847  -25.884 0.5000000000
137489  -30.179  -47.548  -26.177 0.6000000238
24583  -30.808  -47.254  -27.218 0.6000000238
134442  -27.664  -50.030  -25.463 0.5000000000
23483  -28.581  -48.712  -25.532 0.5000000000
24562  -29.885  -47.900  -25.745 0.5000000000
120738  -30.835  -47.483  -26.530 0.6000000238
124056  -28.370  -49.708  -25.197 0.5000000000
118918  -29.432  -48.567  -25.454 0.5000000000
22428  -28.038  -50.439  -24.719 0.5000000000
25715  -31.132  -46.098  -27.088 0.5000000000
22441  -29.767  -49.263  -24.897 0.5000000000
24541  -30.835  -47.954  -25.796 0.5000000000
21392  -28.006  -50.498  -23.697 0.5000000000
22430  -29.456  -49.552  -24.248 0.5000000000
23484  -30.362  -48.749  -25.135 0.5000000000
24563  -31.498  -47.421  -26.292 0.4000000060
22416  -28.478  -50.045  -23.386 0.5000000000
23467  -30.170  -49.242  -24.294 0.5000000000
23485  -31.293  -48.549  -24.965 0.4000000060
24542  -31.874  -47.999  -25.546 0.4000000060
23453  -29.770  -49.236  -23.417 0.4000000060
23468  -30.800  -48.863  -24.285 0.4000000060
24543  -32.887  -47.773  -25.201 0.4000000060
22597  -30.685  -49.732  -34.621 0.6000000238
24674  -33.620  -47.523  -33.054 0.4000000060
22544  -30.770  -49.604  -31.131 0.6000000238
24564  -32.328  -47.351  -26.123 0.4000000060
25689  -33.268  -47.168  -25.958 0.4000000060
137746  -29.832  -52.403  -29.527 0.6999999881
21517  -33.117  -50.429  -31.967 0.6999999881
21516  -32.222  -51.068  -32.258 0.6999999881
22543  -29.978  -50.561  -32.070 0.6000000238
139640  -30.274  -51.178  -32.739 0.6999999881
21538  -31.640  -50.955  -33.067 0.6999999881
23631  -33.354  -48.514  -32.716 0.6000000238
17496  -33.280  -54.210  -29.212 0.4000000060
17497  -34.018  -54.043  -29.613 0.4000000060
18487  -34.696  -53.618  -29.867 0.5000000000
19436  -30.452  -52.479  -29.550 0.8000000119
19441  -35.421  -52.370  -29.632 0.5000000000
20492  -31.876  -51.404  -31.490 0.6999999881
20514  -30.141  -51.206  -32.268 0.8000000119
21537  -30.553  -50.970  -33.239 0.6999999881
22417  -29.031  -49.633  -23.445 0.5000000000
22429  -28.721  -50.048  -24.268 0.5000000000
22440  -29.124  -49.457  -25.024 0.5000000000
22503  -29.393  -49.940  -29.368 0.6000000238
22598  -31.368  -49.181  -34.862 0.6999999881
23544  -30.004  -48.908  -27.972 0.6000000238
23564  -27.912  -48.441  -29.140 0.5000000000
24620  -30.887  -47.025  -29.586 0.6000000238
24654  -30.903  -47.836  -31.947 0.5000000000
24691  -29.922  -48.281  -34.456 0.6000000238
24717  -30.256  -47.634  -36.111 0.6000000238
24728  -30.975  -47.249  -36.548 0.6000000238
25701  -31.282  -46.946  -26.892 0.5000000000
25702  -31.723  -46.707  -26.769 0.4000000060
25777  -29.589  -46.294  -31.945 0.6000000238
25791  -28.367  -45.622  -34.272 0.6000000238
25810  -28.895  -46.736  -36.085 0.6000000238
25819  -28.516  -46.185  -36.193 0.6000000238
25822  -32.358  -46.277  -36.809 0.5000000000
26803  -32.386  -45.870  -27.820 0.6000000238
26805  -34.377  -45.868  -27.495 0.5000000000
26905  -27.924  -45.541  -35.705 0.6000000238
26915  -29.216  -46.099  -36.585 0.6000000238
26916  -30.294  -45.948  -36.823 0.6000000238
28095  -27.831  -44.609  -34.547 0.6000000238
28123  -31.685  -45.073  -36.652 0.6000000238
29193  -33.389  -43.815  -30.608 0.5000000000
29269  -32.117  -43.445  -35.581 0.5000000000
30326  -32.895  -42.440  -30.618 0.4000000060
30348  -29.956  -42.112  -32.213 0.5000000000
30374  -27.671  -43.174  -34.149 0.5000000000
30386  -27.679  -42.907  -34.385 0.5000000000
30407  -32.298  -42.694  -35.188 0.4000000060
31433  -27.831  -41.021  -32.711 0.5000000000
31435  -27.852  -41.682  -33.224 0.5000000000
31445  -29.807  -41.467  -34.590 0.5000000000
32478  -28.791  -39.880  -31.459 0.4000000060
32506  -28.134  -41.351  -33.765 0.5000000000
32509  -31.218  -40.620  -34.206 0.5000000000
34624  -29.161  -38.998  -31.783 0.4000000060
34626  -30.923  -38.425  -32.434 0.5000000000
35704  -33.337  -37.936  -32.012 0.5000000000
35705  -34.627  -37.822  -31.849 0.4000000060
36696  -34.363  -36.387  -29.848 0.5000000000
121262  -33.852  -52.169  -29.370 0.6000000238
121702  -32.922  -46.029  -36.770 0.4000000060
123697  -29.403  -47.513  -26.267 0.6000000238
123828  -27.786  -41.068  -33.227 0.5000000000
124530  -32.156  -47.664  -35.427 0.6000000238
129147  -34.386  -53.251  -29.359 0.5000000000
134616  -30.094  -47.655  -33.594 0.6000000238
136213  -30.966  -37.500  -31.444 0.4000000060
136946  -28.001  -50.083  -23.030 0.5000000000
137687  -29.554  -39.053  -32.492 0.4000000060
138300  -30.814  -37.261  -31.036 0.4000000060
140222  -29.349  -47.824  -25.796 0.5000000000
141284  -27.908  -44.998  -35.768 0.6000000238
