#!ascii label  , from subject sub-v1s12x0050109_ses-1 vox2ras=TkReg
1747
15621  -15.824  -56.450  -43.636 0.5000000000
12584  -18.393  -59.482  -43.694 0.5000000000
11738  -19.261  -59.880  -42.971 0.5000000000
11748  -19.853  -60.239  -43.807 0.5000000000
16604  -14.693  -55.561  -42.312 0.5000000000
16617  -15.577  -56.032  -43.340 0.5000000000
16606  -16.088  -55.291  -42.825 0.5000000000
16619  -17.373  -55.042  -43.504 0.6000000238
14577  -16.499  -57.153  -43.570 0.5000000000
10885  -20.759  -60.533  -44.589 0.5000000000
12573  -18.058  -58.902  -43.141 0.5000000000
10886  -21.508  -61.306  -44.181 0.5000000000
12574  -18.866  -59.276  -42.699 0.6000000238
10877  -20.597  -61.046  -43.304 0.6000000238
13482  -19.455  -59.039  -42.037 0.6000000238
11739  -19.990  -60.576  -42.572 0.6000000238
10878  -21.389  -61.557  -43.009 0.6999999881
12564  -19.998  -59.769  -41.688 0.6999999881
10868  -20.706  -61.116  -42.284 0.6999999881
129362  -20.779  -60.046  -41.440 0.6999999881
11729  -21.186  -60.707  -41.481 0.6999999881
10869  -21.558  -61.412  -41.998 0.6999999881
121042  -16.012  -54.394  -42.216 0.5000000000
17715  -17.365  -54.565  -43.465 0.6000000238
17695  -17.036  -54.043  -42.672 0.6000000238
18678  -18.555  -53.960  -43.609 0.6000000238
14556  -17.387  -57.562  -43.007 0.5000000000
10887  -22.298  -61.777  -43.869 0.5000000000
10009  -23.037  -61.975  -43.331 0.5000000000
10003  -24.987  -62.673  -42.727 0.6999999881
130665  -23.591  -62.243  -42.806 0.6999999881
10002  -24.040  -62.623  -42.130 0.6999999881
13494  -17.757  -58.257  -42.904 0.6000000238
140156  -18.978  -57.815  -42.235 0.6999999881
9991  -22.805  -62.123  -41.424 0.6999999881
13496  -19.650  -58.017  -41.950 0.6999999881
13483  -20.241  -58.729  -41.506 0.6999999881
9981  -22.935  -62.230  -40.751 0.6999999881
13471  -21.487  -58.857  -40.750 0.6999999881
12554  -21.420  -59.782  -41.060 0.6999999881
11730  -21.912  -61.158  -41.225 0.6999999881
9968  -22.852  -62.080  -39.888 0.6999999881
12555  -21.813  -59.539  -40.370 0.6999999881
12545  -22.117  -59.538  -39.516 0.6999999881
118584  -22.331  -61.220  -39.883 0.6999999881
11705  -22.282  -60.480  -39.182 0.6999999881
132780  -15.784  -54.062  -41.340 0.5000000000
18649  -17.294  -53.423  -41.956 0.6000000238
19625  -17.921  -52.855  -41.339 0.6000000238
136810  -18.000  -53.395  -42.407 0.6000000238
18661  -19.416  -53.164  -42.704 0.6000000238
16620  -18.389  -54.960  -43.749 0.6000000238
18679  -19.405  -53.740  -43.380 0.6000000238
15623  -17.868  -55.675  -43.144 0.6000000238
127450  -25.425  -63.136  -42.046 0.6999999881
15609  -18.543  -56.439  -42.718 0.6999999881
9994  -24.756  -62.811  -41.647 0.6999999881
9102  -25.852  -63.528  -41.327 0.6999999881
9091  -26.305  -63.686  -40.593 0.6999999881
131375  -19.347  -56.164  -42.646 0.6999999881
9089  -24.920  -62.986  -40.370 0.6999999881
119555  -26.675  -63.685  -39.931 0.6999999881
14558  -19.313  -57.091  -42.349 0.6999999881
130998  -20.510  -56.251  -42.012 0.6999999881
9992  -23.405  -62.472  -41.298 0.6999999881
9983  -24.167  -62.854  -40.353 0.6999999881
9090  -25.575  -63.366  -40.477 0.6999999881
120339  -25.976  -63.499  -39.784 0.6999999881
14541  -20.492  -57.716  -41.449 0.6999999881
14560  -20.683  -56.723  -41.476 0.6999999881
9982  -23.455  -62.580  -40.489 0.6999999881
9076  -25.568  -63.324  -38.961 0.6999999881
10851  -23.044  -62.232  -39.019 0.6999999881
9969  -23.576  -62.705  -39.557 0.6999999881
13472  -21.999  -58.397  -39.951 0.6999999881
10850  -22.597  -61.460  -38.875 0.6999999881
9956  -23.532  -62.560  -38.621 0.6999999881
13459  -22.124  -58.776  -38.860 0.6999999881
10839  -23.117  -61.933  -38.295 0.6999999881
12534  -22.315  -59.678  -38.569 0.6999999881
18638  -16.258  -53.871  -40.664 0.5000000000
18639  -17.072  -53.351  -41.040 0.6000000238
19617  -18.414  -52.405  -40.294 0.6000000238
19616  -17.614  -52.927  -40.350 0.5000000000
19618  -19.321  -52.261  -40.511 0.6000000238
17664  -16.224  -54.718  -39.043 0.5000000000
18629  -16.546  -54.128  -39.842 0.5000000000
19626  -19.763  -52.467  -41.355 0.6000000238
20620  -20.611  -51.686  -40.028 0.6000000238
131077  -20.980  -52.683  -42.191 0.6000000238
19627  -20.609  -52.416  -41.500 0.6000000238
17717  -18.918  -54.366  -43.684 0.6000000238
16621  -19.403  -54.990  -43.534 0.6999999881
18680  -20.409  -53.804  -43.216 0.6999999881
16607  -20.634  -55.602  -42.599 0.6999999881
16622  -20.337  -55.022  -43.234 0.6999999881
9063  -27.532  -63.739  -38.664 0.6999999881
15611  -20.998  -55.869  -41.888 0.6999999881
16608  -21.310  -55.332  -42.470 0.6999999881
9077  -26.534  -63.597  -39.014 0.6999999881
9050  -27.729  -63.611  -37.588 0.6999999881
16599  -21.706  -55.428  -41.948 0.6999999881
9061  -25.882  -63.403  -38.096 0.6999999881
9062  -26.753  -63.671  -37.951 0.6999999881
9064  -28.483  -63.744  -38.349 0.6999999881
15596  -21.659  -56.364  -40.548 0.6000000238
9958  -25.027  -63.118  -38.128 0.6999999881
9048  -26.154  -63.359  -37.220 0.6999999881
9037  -27.432  -63.382  -36.466 0.6999999881
121519  -28.227  -63.548  -36.903 0.6999999881
8192  -29.119  -64.083  -37.360 0.6999999881
14526  -21.750  -57.279  -40.209 0.6999999881
9941  -23.639  -62.204  -37.707 0.6999999881
9942  -24.519  -62.642  -37.250 0.6000000238
9035  -25.721  -63.000  -36.490 0.6999999881
9036  -26.496  -63.207  -36.425 0.6999999881
13448  -22.305  -58.134  -38.283 0.6000000238
11691  -22.527  -60.543  -38.266 0.6999999881
11677  -22.830  -60.513  -37.603 0.6999999881
138558  -23.223  -61.727  -37.759 0.6999999881
10828  -24.007  -61.795  -36.751 0.6000000238
9928  -25.462  -62.387  -36.033 0.6000000238
13433  -22.677  -58.245  -37.559 0.6000000238
12520  -22.679  -59.766  -37.678 0.6000000238
10814  -23.688  -60.960  -36.498 0.6000000238
135344  -24.543  -61.137  -36.084 0.5000000000
9927  -24.761  -62.095  -36.327 0.5000000000
10815  -25.305  -61.660  -35.834 0.5000000000
13434  -22.897  -58.927  -37.312 0.6000000238
12507  -23.918  -59.333  -36.406 0.5000000000
11663  -24.173  -60.288  -36.208 0.5000000000
19609  -19.093  -52.112  -39.829 0.6000000238
19600  -18.090  -53.073  -39.124 0.6000000238
20610  -21.074  -51.129  -39.419 0.5000000000
21592  -20.679  -50.846  -38.405 0.6999999881
18630  -17.476  -53.532  -39.645 0.5000000000
17666  -18.377  -54.066  -38.356 0.6000000238
19589  -18.809  -52.614  -38.036 0.6000000238
16561  -17.653  -55.615  -37.847 0.6000000238
17665  -17.781  -54.462  -38.842 0.6000000238
20611  -22.022  -50.950  -39.763 0.4000000060
17647  -18.112  -54.932  -38.202 0.6000000238
20634  -21.927  -51.912  -41.136 0.5000000000
124981  -21.434  -52.354  -41.691 0.6000000238
19642  -21.704  -52.760  -42.482 0.6000000238
16624  -21.679  -54.387  -43.075 0.6999999881
18681  -21.344  -53.809  -43.092 0.6000000238
16609  -21.913  -54.837  -42.740 0.6999999881
15601  -21.809  -55.746  -41.133 0.6000000238
122178  -22.415  -55.190  -41.460 0.6000000238
14512  -21.975  -57.316  -39.394 0.6000000238
9916  -26.660  -62.287  -35.332 0.6000000238
138623  -27.658  -63.054  -35.589 0.6000000238
119244  -28.262  -63.445  -36.077 0.6999999881
9023  -29.011  -63.563  -35.718 0.6999999881
8178  -29.230  -64.214  -36.311 0.6999999881
14498  -22.224  -57.358  -38.542 0.6000000238
9915  -25.954  -62.042  -35.491 0.6000000238
7336  -29.680  -65.005  -36.047 0.6999999881
14487  -23.001  -57.719  -37.188 0.6000000238
10800  -25.343  -60.887  -35.816 0.4000000060
11652  -26.106  -61.105  -35.701 0.4000000060
10802  -26.615  -61.738  -35.322 0.5000000000
9905  -27.287  -62.050  -34.919 0.6000000238
9022  -28.480  -62.985  -35.361 0.6000000238
133317  -30.095  -63.570  -34.378 0.6000000238
13416  -23.823  -58.361  -36.507 0.5000000000
13417  -24.603  -58.586  -36.411 0.5000000000
12508  -24.739  -59.667  -36.130 0.5000000000
11651  -24.798  -60.417  -35.970 0.5000000000
10816  -27.827  -61.058  -35.519 0.4000000060
10804  -28.372  -61.503  -34.894 0.6000000238
20591  -20.314  -51.220  -37.521 0.6000000238
20600  -19.793  -51.403  -38.366 0.6000000238
21593  -21.463  -50.353  -37.977 0.6000000238
18607  -18.864  -53.567  -37.784 0.6000000238
140035  -19.044  -52.940  -37.571 0.5000000000
19572  -19.935  -52.868  -36.783 0.6000000238
18571  -19.746  -53.801  -36.395 0.6000000238
21604  -21.648  -50.554  -38.866 0.6000000238
16552  -18.296  -55.638  -36.717 0.6999999881
17631  -19.244  -54.708  -36.297 0.6000000238
17606  -19.745  -54.483  -35.615 0.6000000238
20622  -22.431  -51.377  -40.609 0.5000000000
21605  -22.617  -50.458  -39.216 0.6000000238
15546  -18.110  -56.461  -36.341 0.6000000238
16538  -19.354  -55.872  -35.278 0.6999999881
20635  -22.828  -51.838  -41.457 0.5000000000
14456  -18.920  -56.831  -35.544 0.6999999881
19629  -23.207  -52.425  -42.243 0.6000000238
14457  -19.915  -57.646  -35.323 0.6000000238
17720  -22.311  -54.252  -42.963 0.6000000238
18664  -22.643  -53.386  -42.883 0.6000000238
18665  -23.756  -53.437  -42.759 0.6000000238
17696  -22.947  -54.561  -42.091 0.6000000238
17687  -22.768  -55.027  -40.690 0.6000000238
17679  -22.751  -54.884  -39.808 0.6000000238
16563  -24.023  -55.580  -37.095 0.6000000238
15574  -22.650  -56.710  -38.058 0.6000000238
16564  -24.793  -55.395  -36.990 0.6000000238
15547  -24.052  -56.881  -36.632 0.6000000238
10795  -28.880  -61.904  -34.633 0.6000000238
9906  -29.388  -62.357  -34.634 0.6000000238
9907  -30.156  -62.810  -34.394 0.6000000238
14472  -24.329  -57.646  -36.488 0.5000000000
13418  -25.137  -58.424  -36.764 0.5000000000
133534  -25.108  -59.141  -36.441 0.5000000000
9024  -31.627  -63.189  -34.474 0.6000000238
10817  -28.862  -60.914  -35.623 0.4000000060
10806  -30.008  -61.616  -34.967 0.6000000238
9919  -30.429  -62.287  -34.577 0.6000000238
20581  -20.605  -51.643  -36.810 0.6000000238
19574  -21.069  -51.739  -36.325 0.5000000000
21574  -21.532  -50.419  -36.360 0.6000000238
22618  -21.794  -49.699  -36.094 0.5000000000
19591  -20.047  -51.992  -37.076 0.6000000238
19551  -21.337  -52.328  -35.647 0.6000000238
21582  -20.863  -50.625  -37.544 0.5000000000
21584  -22.115  -49.962  -37.563 0.5000000000
137810  -22.547  -49.710  -37.847 0.5000000000
123023  -20.355  -53.210  -36.189 0.5000000000
19573  -20.677  -52.438  -36.402 0.6000000238
18572  -20.385  -53.763  -35.567 0.5000000000
21595  -23.258  -50.000  -38.686 0.6000000238
15524  -19.775  -56.702  -34.975 0.6999999881
16520  -19.959  -55.869  -34.611 0.6000000238
15525  -20.550  -56.793  -34.349 0.6000000238
20636  -23.803  -51.875  -41.766 0.5000000000
12488  -20.529  -59.327  -34.517 0.5000000000
13392  -20.901  -58.643  -34.535 0.6999999881
19630  -24.170  -52.534  -42.440 0.5000000000
18666  -24.338  -53.443  -42.404 0.5000000000
120403  -23.079  -54.763  -41.339 0.6000000238
138430  -24.417  -54.006  -38.911 0.6000000238
16587  -22.981  -54.902  -38.832 0.5000000000
17668  -24.905  -54.271  -38.128 0.6000000238
16577  -23.475  -55.219  -37.895 0.6000000238
14488  -25.295  -57.004  -36.875 0.5000000000
11668  -29.024  -60.569  -36.748 0.5000000000
10829  -29.714  -60.805  -36.300 0.5000000000
9931  -31.482  -62.143  -35.908 0.6000000238
9921  -31.864  -62.812  -35.521 0.6000000238
20551  -21.676  -51.773  -35.022 0.6000000238
21563  -21.685  -50.379  -35.633 0.6000000238
19527  -21.550  -52.537  -34.823 0.6000000238
22628  -22.692  -49.347  -37.332 0.5000000000
18573  -21.289  -53.205  -35.015 0.6000000238
18550  -20.932  -53.903  -34.929 0.6999999881
22638  -23.893  -49.524  -38.187 0.6000000238
16501  -20.681  -55.725  -33.938 0.6000000238
16521  -20.192  -55.114  -34.452 0.6000000238
21606  -23.588  -50.406  -39.459 0.6000000238
14428  -21.270  -58.225  -33.921 0.6000000238
136921  -21.195  -57.443  -34.013 0.6000000238
20623  -23.388  -51.325  -40.909 0.5000000000
18667  -25.122  -53.066  -42.415 0.5000000000
12473  -19.421  -59.660  -33.739 0.5000000000
12475  -20.871  -59.026  -33.717 0.6000000238
17689  -24.237  -54.019  -40.765 0.5000000000
17682  -25.266  -53.837  -39.084 0.6000000238
17681  -24.740  -53.823  -39.861 0.5000000000
17651  -25.818  -54.605  -37.857 0.5000000000
17650  -25.052  -54.816  -37.429 0.5000000000
10830  -30.484  -60.927  -37.067 0.6000000238
10819  -31.064  -61.553  -36.443 0.6000000238
130241  -21.726  -51.136  -34.231 0.6000000238
21549  -21.685  -50.124  -34.802 0.5000000000
125988  -21.679  -49.621  -35.471 0.5000000000
118888  -21.692  -52.188  -34.190 0.6999999881
22619  -22.322  -48.973  -36.511 0.5000000000
17565  -21.536  -54.520  -33.669 0.6999999881
118362  -21.664  -53.116  -34.155 0.6000000238
23688  -23.278  -48.577  -36.695 0.5000000000
130764  -21.240  -55.181  -33.619 0.6000000238
22629  -23.585  -49.148  -37.472 0.5000000000
127175  -24.835  -49.578  -38.391 0.6000000238
136889  -22.101  -57.374  -32.807 0.6999999881
21607  -24.689  -50.267  -39.570 0.6000000238
13377  -21.374  -58.457  -33.146 0.6000000238
21619  -25.085  -50.799  -40.594 0.6000000238
13360  -19.401  -58.781  -32.333 0.6999999881
123556  -20.615  -58.908  -32.564 0.6999999881
19631  -25.004  -52.645  -42.386 0.5000000000
20625  -25.437  -51.477  -41.410 0.5000000000
13375  -18.891  -59.112  -33.026 0.6000000238
19632  -25.581  -52.796  -42.197 0.5000000000
13358  -17.412  -58.124  -32.399 0.5000000000
138713  -26.124  -53.203  -41.536 0.6000000238
18652  -25.145  -53.356  -42.104 0.5000000000
13357  -16.491  -58.015  -32.371 0.6000000238
18640  -25.419  -53.527  -41.234 0.5000000000
17669  -25.779  -54.035  -38.520 0.6000000238
16567  -27.096  -54.704  -38.052 0.5000000000
120123  -21.678  -51.784  -33.366 0.6999999881
21535  -21.697  -50.204  -33.918 0.5000000000
22594  -21.651  -49.374  -34.175 0.5000000000
18518  -22.252  -53.669  -32.171 0.8000000119
19506  -21.768  -52.667  -33.442 0.6999999881
23677  -21.997  -48.139  -35.178 0.5000000000
23678  -22.622  -47.977  -35.911 0.5000000000
121414  -22.290  -55.164  -32.498 0.6999999881
17566  -21.863  -54.481  -32.955 0.6999999881
135167  -21.795  -53.336  -33.391 0.8000000119
126171  -21.685  -55.183  -33.085 0.6999999881
23679  -23.770  -47.883  -35.887 0.5000000000
14417  -22.309  -57.662  -32.188 0.6999999881
16503  -22.148  -55.940  -32.799 0.6999999881
22630  -24.590  -49.204  -37.518 0.6000000238
23689  -24.086  -48.488  -36.472 0.5000000000
13340  -19.525  -58.202  -30.839 0.6000000238
13361  -21.315  -58.547  -32.370 0.6000000238
21608  -25.797  -50.340  -39.893 0.6000000238
116875  -18.863  -58.207  -31.347 0.6999999881
120847  -19.890  -58.562  -31.616 0.6999999881
20626  -26.297  -51.767  -41.420 0.6000000238
21620  -26.156  -50.870  -40.843 0.6000000238
13339  -17.863  -57.894  -31.453 0.6000000238
19620  -26.944  -52.284  -41.143 0.6000000238
18641  -26.477  -53.291  -40.890 0.6000000238
133968  -15.370  -58.166  -30.964 0.6000000238
18621  -26.418  -53.650  -39.492 0.6000000238
17670  -26.745  -54.103  -38.561 0.5000000000
19484  -22.067  -52.926  -32.005 0.6000000238
20512  -21.616  -51.536  -32.476 0.5000000000
21514  -21.536  -50.711  -33.094 0.5000000000
23663  -22.298  -47.649  -34.480 0.5000000000
17549  -22.333  -54.402  -32.304 0.8000000119
24715  -23.968  -47.266  -35.146 0.5000000000
15482  -23.084  -56.629  -31.704 0.6999999881
137629  -25.412  -49.415  -37.854 0.6000000238
16496  -13.121  -55.380  -33.240 0.6000000238
13329  -21.150  -58.409  -30.882 0.8000000119
127138  -14.052  -55.740  -33.305 0.6000000238
14402  -18.973  -57.910  -30.237 0.6999999881
14389  -19.731  -57.923  -30.061 0.8000000119
22646  -25.441  -49.791  -38.970 0.6000000238
16440  -12.748  -56.043  -30.079 0.6000000238
14401  -18.216  -57.723  -30.375 0.6000000238
21621  -26.980  -51.189  -40.783 0.6000000238
20627  -27.614  -51.668  -40.355 0.6000000238
15452  -14.897  -57.244  -29.369 0.6000000238
14372  -15.469  -57.689  -29.591 0.6000000238
14386  -16.807  -57.548  -29.730 0.6000000238
18642  -27.069  -52.941  -41.008 0.6000000238
19621  -27.640  -52.551  -40.498 0.6000000238
13338  -17.010  -57.702  -31.509 0.5000000000
18622  -27.638  -53.662  -39.417 0.5000000000
128246  -27.960  -54.138  -38.767 0.5000000000
19464  -21.785  -52.054  -31.762 0.5000000000
117276  -21.521  -50.768  -32.014 0.5000000000
18505  -22.447  -53.513  -31.411 0.6000000238
19465  -22.162  -52.767  -31.179 0.5000000000
16468  -23.302  -55.923  -31.409 0.8000000119
17530  -23.093  -54.710  -31.086 0.6999999881
15483  -23.313  -56.594  -30.842 0.8000000119
14403  -22.405  -57.821  -31.346 0.8000000119
22631  -25.304  -49.240  -37.227 0.6000000238
133973  -24.567  -47.824  -35.411 0.5000000000
17603  -13.639  -54.510  -36.120 0.6000000238
14391  -21.562  -58.068  -30.174 0.8000000119
22611  -25.207  -49.393  -35.931 0.5000000000
16498  -14.550  -55.538  -34.053 0.6999999881
16497  -13.709  -55.490  -34.246 0.6000000238
130593  -19.097  -57.514  -29.714 0.8000000119
22647  -26.354  -50.067  -39.208 0.6000000238
22632  -26.216  -49.682  -37.876 0.6000000238
22622  -25.761  -49.383  -37.219 0.6000000238
16483  -14.778  -55.675  -32.325 0.6000000238
21610  -27.526  -50.818  -40.010 0.6000000238
21609  -26.765  -50.490  -40.115 0.6000000238
21585  -26.856  -50.352  -38.100 0.6000000238
15480  -14.590  -56.222  -30.432 0.6000000238
15454  -16.922  -57.086  -29.244 0.6000000238
14373  -18.053  -57.049  -29.224 0.5000000000
20612  -28.227  -51.345  -39.539 0.6000000238
15453  -15.919  -57.141  -29.283 0.6000000238
18633  -28.355  -52.881  -39.824 0.6000000238
19611  -28.822  -52.130  -39.361 0.6000000238
18634  -28.996  -52.911  -39.034 0.5000000000
17672  -29.226  -54.079  -38.044 0.5000000000
17671  -28.426  -54.532  -38.295 0.5000000000
16581  -28.808  -54.953  -37.867 0.5000000000
17508  -22.885  -54.093  -30.845 0.6000000238
131010  -23.539  -55.997  -30.675 0.6999999881
19524  -14.283  -52.530  -35.413 0.6000000238
18588  -13.918  -53.625  -36.804 0.6000000238
14392  -22.492  -57.816  -30.342 0.8000000119
23681  -24.875  -48.625  -35.712 0.5000000000
18589  -14.400  -53.599  -36.947 0.6000000238
14376  -21.105  -57.566  -29.441 0.8000000119
21564  -25.496  -50.280  -35.579 0.5000000000
16537  -14.783  -55.009  -35.594 0.6999999881
140503  -19.258  -56.957  -29.369 0.8000000119
21576  -26.356  -50.109  -37.169 0.6000000238
21575  -25.639  -49.740  -36.476 0.6000000238
16499  -15.364  -55.376  -33.803 0.8000000119
15472  -18.249  -56.516  -29.585 0.6999999881
21586  -27.389  -50.574  -38.833 0.6000000238
20593  -27.044  -50.929  -37.501 0.6000000238
16484  -15.738  -55.540  -31.994 0.6999999881
16463  -15.275  -55.853  -31.012 0.6999999881
15471  -17.379  -56.728  -29.297 0.6000000238
20601  -28.160  -50.988  -38.900 0.6000000238
20582  -27.159  -51.648  -36.798 0.6000000238
15481  -15.185  -56.320  -30.000 0.6000000238
138252  -28.396  -51.307  -38.427 0.5000000000
19602  -29.157  -52.332  -38.615 0.5000000000
17509  -23.380  -54.790  -30.258 0.6000000238
18495  -23.038  -53.963  -30.030 0.5000000000
118277  -14.620  -52.246  -33.108 0.6000000238
16427  -23.843  -56.033  -29.198 0.6999999881
19503  -14.310  -52.429  -34.024 0.6000000238
14379  -23.352  -57.079  -29.451 0.6999999881
15443  -23.393  -56.671  -28.534 0.6000000238
19549  -14.725  -52.705  -36.516 0.6000000238
20548  -14.819  -52.071  -35.638 0.6000000238
14359  -22.523  -57.314  -28.916 0.6000000238
16426  -21.156  -56.693  -28.924 0.6999999881
17629  -15.261  -53.890  -36.788 0.8000000119
128612  -20.511  -56.306  -29.267 0.6999999881
120916  -20.259  -55.572  -29.681 0.6000000238
17581  -15.672  -54.713  -35.180 0.8000000119
16444  -19.015  -55.841  -30.252 0.8000000119
16467  -19.123  -55.000  -30.925 0.6999999881
16500  -16.131  -55.199  -33.567 0.6999999881
129752  -16.533  -55.317  -32.541 0.6999999881
16485  -17.216  -55.372  -31.872 0.6000000238
16466  -18.400  -55.487  -30.896 0.8000000119
20486  -14.807  -52.053  -31.070 0.6000000238
20532  -14.879  -52.092  -33.696 0.6000000238
20565  -15.404  -51.811  -36.559 0.6999999881
118691  -20.542  -54.965  -29.377 0.6000000238
18590  -15.008  -53.452  -36.948 0.6999999881
18591  -15.694  -53.328  -36.619 0.6999999881
17488  -20.149  -54.658  -29.964 0.6999999881
17529  -19.054  -54.288  -31.203 0.6000000238
17605  -15.837  -54.035  -36.076 0.8000000119
18549  -17.180  -53.407  -34.653 0.6000000238
17583  -17.005  -54.230  -34.055 0.5000000000
17528  -18.607  -54.696  -31.530 0.6999999881
18503  -18.845  -53.770  -31.669 0.6999999881
18493  -19.232  -53.519  -30.357 0.6000000238
17582  -16.353  -54.747  -34.259 0.8000000119
18516  -17.940  -54.034  -32.930 0.6000000238
17527  -17.964  -55.181  -31.804 0.6000000238
20462  -14.617  -51.852  -30.099 0.6000000238
21478  -14.835  -51.342  -30.562 0.6000000238
21533  -14.932  -51.156  -33.596 0.6999999881
128183  -15.042  -51.921  -32.832 0.6000000238
21547  -14.902  -51.373  -34.725 0.6999999881
21559  -15.199  -51.097  -36.112 0.6999999881
20579  -15.695  -51.557  -37.002 0.6999999881
127466  -16.081  -51.831  -36.989 0.6000000238
127486  -19.814  -53.925  -29.880 0.6000000238
136426  -16.953  -52.765  -35.446 0.6000000238
18531  -17.647  -53.721  -33.683 0.6000000238
128165  -19.266  -53.340  -29.609 0.5000000000
18492  -18.902  -52.968  -30.971 0.6000000238
19448  -18.812  -52.831  -29.917 0.5000000000
19428  -18.602  -52.042  -29.420 0.5000000000
19482  -18.568  -52.140  -32.538 0.6000000238
19447  -18.612  -52.113  -30.419 0.5000000000
22478  -14.385  -50.089  -28.291 0.6000000238
118881  -14.549  -50.733  -29.792 0.6000000238
21512  -15.013  -50.915  -32.728 0.6999999881
123577  -15.043  -51.115  -31.299 0.6999999881
22578  -14.625  -49.994  -33.501 0.6999999881
22592  -14.557  -49.864  -34.501 0.6999999881
21560  -15.285  -50.070  -36.540 0.6000000238
121816  -15.859  -50.731  -37.164 0.5000000000
21573  -16.816  -50.891  -36.783 0.6999999881
22607  -17.334  -49.215  -36.526 0.6000000238
19550  -17.248  -52.074  -35.764 0.6000000238
20549  -17.963  -51.757  -35.039 0.6000000238
21548  -18.385  -50.553  -34.678 0.6000000238
19505  -18.431  -52.558  -33.369 0.6000000238
20511  -18.386  -51.206  -32.770 0.5000000000
21513  -18.335  -50.578  -32.180 0.5000000000
21495  -18.354  -50.627  -31.330 0.5000000000
24556  -14.450  -47.880  -25.784 0.6999999881
129236  -13.909  -47.381  -26.630 0.6999999881
25684  -14.724  -47.378  -25.598 0.6999999881
23538  -14.077  -49.381  -28.605 0.6000000238
24574  -13.502  -47.593  -27.361 0.6999999881
25696  -13.762  -46.565  -27.044 0.6999999881
26781  -13.644  -45.583  -27.207 0.6999999881
26797  -14.080  -45.066  -27.329 0.6000000238
125599  -14.199  -49.742  -29.861 0.6999999881
23537  -13.755  -48.655  -28.425 0.6999999881
122417  -13.361  -47.856  -28.211 0.6999999881
25695  -12.832  -46.097  -27.391 0.6999999881
22517  -14.569  -50.095  -30.647 0.6999999881
23558  -13.826  -48.980  -29.367 0.6999999881
25710  -12.589  -46.277  -28.064 0.6999999881
23674  -14.680  -48.645  -35.905 0.6000000238
21571  -15.747  -49.958  -36.997 0.6000000238
23676  -16.842  -48.429  -36.105 0.6000000238
23660  -17.550  -47.953  -35.379 0.6000000238
20566  -17.541  -51.162  -35.971 0.6000000238
22608  -18.050  -49.575  -36.118 0.6000000238
136966  -18.352  -48.326  -34.930 0.6000000238
129091  -18.518  -49.920  -34.155 0.5000000000
119522  -18.615  -49.342  -33.443 0.6000000238
116849  -18.809  -48.651  -32.968 0.6000000238
122522  -18.469  -50.795  -33.680 0.5000000000
135505  -18.448  -50.110  -33.342 0.5000000000
22558  -18.511  -49.306  -32.393 0.5000000000
25697  -14.827  -46.729  -26.249 0.6999999881
26782  -14.835  -45.827  -26.859 0.6000000238
26783  -15.689  -45.600  -26.515 0.6000000238
27997  -14.629  -44.583  -27.175 0.6000000238
29127  -13.711  -43.386  -26.727 0.4000000060
26796  -12.301  -45.337  -27.862 0.6000000238
26780  -12.836  -45.483  -27.334 0.5000000000
27996  -13.175  -44.291  -27.069 0.5000000000
30271  -12.647  -42.720  -27.415 0.4000000060
120504  -13.621  -41.680  -26.616 0.5000000000
22539  -14.655  -49.811  -31.648 0.6999999881
23581  -13.932  -49.003  -30.335 0.8000000119
24595  -12.999  -47.139  -29.766 0.6999999881
26824  -11.972  -45.284  -29.344 0.5000000000
29153  -11.699  -44.006  -28.731 0.4000000060
30284  -12.518  -42.755  -27.942 0.4000000060
125905  -13.099  -42.191  -27.554 0.4000000060
30286  -14.373  -42.146  -28.457 0.4000000060
23605  -14.117  -48.910  -31.193 0.8000000119
23604  -13.929  -48.050  -31.518 0.8000000119
24631  -13.539  -47.332  -30.598 0.8000000119
25744  -13.291  -46.655  -30.267 0.8000000119
26836  -12.516  -45.349  -29.607 0.6000000238
28031  -12.882  -44.535  -29.477 0.5000000000
126645  -13.497  -43.699  -29.301 0.4000000060
30303  -13.870  -42.844  -28.903 0.4000000060
22557  -14.500  -49.481  -32.726 0.6999999881
23642  -14.078  -48.606  -33.979 0.8000000119
24683  -14.117  -47.605  -33.597 0.6999999881
24684  -14.863  -47.167  -33.944 0.5000000000
126975  -13.794  -44.495  -29.674 0.5000000000
28032  -14.506  -44.103  -29.558 0.4000000060
30304  -14.950  -42.872  -29.010 0.4000000060
23658  -14.733  -47.938  -35.514 0.6000000238
23659  -16.089  -47.756  -35.545 0.5000000000
24685  -16.168  -46.890  -34.080 0.5000000000
24686  -17.651  -46.960  -34.131 0.6000000238
23644  -18.200  -47.635  -34.591 0.6000000238
23645  -18.854  -47.721  -33.613 0.6000000238
25685  -15.331  -47.088  -24.751 0.6000000238
26753  -15.399  -46.691  -23.709 0.5000000000
26767  -16.314  -46.073  -25.318 0.5000000000
26784  -16.449  -45.369  -26.198 0.4000000060
27998  -15.753  -44.576  -26.863 0.5000000000
29128  -14.779  -43.551  -26.662 0.5000000000
121773  -14.105  -42.741  -26.398 0.5000000000
30261  -14.101  -41.839  -26.199 0.5000000000
31343  -14.069  -41.094  -26.200 0.5000000000
32405  -14.634  -40.565  -25.787 0.5000000000
31370  -13.827  -41.579  -27.648 0.5000000000
32439  -15.083  -40.403  -26.745 0.5000000000
25753  -13.934  -47.017  -30.871 0.6999999881
25745  -13.901  -46.551  -30.443 0.6000000238
26851  -14.672  -46.490  -30.587 0.5000000000
26838  -14.098  -45.926  -30.096 0.5000000000
31371  -14.901  -41.440  -27.997 0.5000000000
31356  -15.388  -40.816  -27.544 0.5000000000
119173  -14.003  -48.203  -33.057 0.8000000119
24665  -14.182  -47.516  -32.580 0.6999999881
24666  -14.746  -47.147  -32.994 0.6000000238
118611  -15.177  -45.973  -29.950 0.5000000000
28045  -15.717  -45.163  -29.794 0.4000000060
28033  -15.311  -44.473  -29.624 0.5000000000
30287  -15.533  -42.216  -28.603 0.4000000060
30288  -16.632  -42.307  -28.681 0.5000000000
24667  -15.705  -46.843  -33.192 0.5000000000
25756  -16.001  -46.506  -31.711 0.5000000000
26852  -15.603  -46.328  -30.792 0.6000000238
26839  -16.123  -45.778  -30.243 0.5000000000
28046  -16.522  -45.000  -30.047 0.5000000000
29186  -17.139  -44.466  -29.937 0.5000000000
24668  -16.917  -46.554  -33.458 0.5000000000
25757  -16.823  -46.207  -32.141 0.5000000000
26853  -16.451  -46.012  -31.219 0.5000000000
26840  -16.760  -45.241  -30.927 0.5000000000
25774  -17.394  -46.265  -33.163 0.6000000238
27962  -15.209  -45.759  -23.564 0.5000000000
27963  -16.226  -45.675  -23.768 0.5000000000
26755  -16.709  -45.948  -24.397 0.5000000000
26756  -17.323  -45.548  -24.762 0.4000000060
27981  -17.154  -45.201  -25.803 0.4000000060
27945  -15.427  -44.812  -23.457 0.5000000000
27946  -16.463  -44.849  -23.544 0.4000000060
27999  -16.620  -44.535  -26.503 0.5000000000
29129  -15.802  -43.631  -26.525 0.6000000238
29113  -15.955  -42.710  -26.053 0.5000000000
124581  -15.621  -41.673  -25.594 0.5000000000
31332  -15.943  -40.916  -25.323 0.4000000060
140573  -15.081  -40.215  -25.684 0.4000000060
33486  -15.660  -39.859  -25.564 0.4000000060
29088  -16.719  -44.002  -23.153 0.4000000060
27947  -17.468  -44.840  -23.654 0.4000000060
27965  -17.959  -45.187  -24.283 0.4000000060
28000  -17.376  -44.384  -26.120 0.5000000000
29114  -17.142  -43.323  -26.014 0.5000000000
30250  -17.804  -42.836  -25.689 0.5000000000
27966  -18.527  -44.568  -24.235 0.4000000060
29103  -19.025  -44.005  -24.436 0.4000000060
30251  -18.705  -43.523  -25.231 0.5000000000
31334  -18.572  -42.274  -25.338 0.4000000060
31333  -17.217  -41.599  -25.410 0.4000000060
32407  -16.732  -40.562  -25.186 0.4000000060
32395  -17.038  -39.854  -25.003 0.4000000060
30203  -16.248  -42.363  -22.388 0.4000000060
29089  -17.719  -44.027  -23.202 0.4000000060
27948  -18.260  -44.560  -23.713 0.4000000060
130508  -17.382  -41.738  -22.021 0.4000000060
30204  -17.774  -42.537  -22.363 0.4000000060
136454  -18.495  -44.002  -23.238 0.4000000060
29091  -19.613  -43.494  -23.316 0.4000000060
29104  -19.470  -43.696  -23.939 0.5000000000
30239  -19.375  -43.271  -24.694 0.5000000000
31324  -17.724  -40.910  -25.201 0.4000000060
30227  -20.158  -43.096  -23.185 0.4000000060
30241  -20.520  -42.292  -24.240 0.4000000060
122542  -20.067  -41.337  -24.905 0.4000000060
31325  -18.882  -41.235  -25.127 0.4000000060
32396  -18.002  -40.085  -24.881 0.4000000060
32351  -16.519  -40.404  -21.453 0.4000000060
32352  -17.356  -40.382  -21.464 0.3000000119
31301  -18.334  -41.918  -22.098 0.3000000119
31302  -19.488  -42.147  -22.340 0.4000000060
33408  -17.762  -38.633  -21.503 0.4000000060
32353  -18.205  -40.268  -21.752 0.3000000119
32375  -18.806  -41.128  -21.997 0.3000000119
33452  -20.289  -40.331  -22.040 0.5000000000
132561  -21.337  -41.753  -22.769 0.4000000060
31326  -21.036  -41.581  -24.242 0.4000000060
32398  -20.675  -40.793  -24.675 0.4000000060
33472  -19.434  -39.050  -24.631 0.3000000119
33430  -20.821  -39.604  -21.772 0.5000000000
33453  -21.489  -40.533  -22.144 0.5000000000
133157  -21.916  -41.153  -22.688 0.4000000060
32399  -21.533  -40.739  -24.216 0.4000000060
132961  -21.312  -39.796  -24.421 0.3000000119
33427  -17.651  -39.610  -21.403 0.4000000060
35553  -17.404  -37.710  -21.561 0.4000000060
34487  -18.485  -38.634  -21.636 0.4000000060
33429  -19.438  -39.253  -21.749 0.5000000000
124921  -18.087  -37.898  -21.689 0.4000000060
34489  -20.189  -38.611  -21.458 0.5000000000
34490  -21.471  -39.025  -21.362 0.4000000060
33455  -22.748  -39.827  -22.007 0.4000000060
33462  -22.032  -40.032  -23.942 0.3000000119
36586  -20.413  -36.994  -20.647 0.3000000119
35556  -20.913  -38.072  -20.872 0.3000000119
35557  -22.326  -38.517  -20.849 0.3000000119
34471  -17.095  -38.358  -20.972 0.4000000060
36584  -18.241  -36.479  -21.707 0.3000000119
121625  -18.695  -35.716  -21.307 0.4000000060
34510  -23.327  -39.228  -22.048 0.3000000119
37683  -17.282  -35.419  -21.824 0.3000000119
38732  -18.779  -34.077  -21.099 0.3000000119
20608  -19.192  -51.804  -39.077 0.6000000238
20599  -19.150  -51.920  -38.268 0.5000000000
130673  -18.664  -52.905  -32.752 0.6000000238
18532  -18.291  -53.298  -33.217 0.6000000238
11747  -19.191  -59.680  -44.598 0.5000000000
12563  -19.457  -59.661  -42.272 0.6000000238
15608  -17.520  -56.672  -42.901 0.5000000000
11728  -20.264  -60.520  -41.844 0.6999999881
10879  -22.190  -61.792  -42.661 0.6999999881
10870  -22.249  -61.725  -41.697 0.6999999881
13484  -21.037  -58.329  -41.123 0.6999999881
131355  -22.106  -60.988  -40.558 0.6999999881
11717  -21.784  -60.422  -40.800 0.6999999881
18662  -20.963  -53.244  -42.786 0.5000000000
9970  -24.440  -62.986  -39.656 0.6999999881
15600  -21.214  -56.288  -41.144 0.6999999881
15595  -21.355  -57.077  -40.638 0.6999999881
132041  -24.048  -62.918  -38.997 0.6999999881
139125  -22.029  -57.985  -38.971 0.6999999881
20619  -19.745  -51.934  -39.829 0.6000000238
9943  -25.356  -63.116  -37.269 0.6999999881
117215  -22.020  -56.435  -39.821 0.6000000238
14486  -22.619  -57.523  -37.792 0.6000000238
12521  -23.227  -59.526  -36.949 0.5000000000
17630  -18.745  -55.005  -36.894 0.6999999881
15586  -22.205  -56.508  -38.878 0.6000000238
9917  -27.874  -62.485  -35.051 0.6000000238
8154  -29.376  -63.089  -34.856 0.6000000238
15557  -23.256  -56.964  -37.224 0.5000000000
14473  -24.996  -57.675  -36.581 0.5000000000
121472  -29.650  -61.149  -35.462 0.5000000000
17649  -19.135  -54.189  -37.067 0.6000000238
124072  -18.789  -55.632  -36.063 0.6999999881
21618  -23.995  -50.798  -40.324 0.6000000238
17688  -23.374  -54.569  -40.591 0.5000000000
16576  -22.776  -55.826  -38.410 0.5000000000
134912  -23.815  -56.280  -36.908 0.6000000238
15575  -23.299  -56.085  -37.563 0.5000000000
15558  -24.486  -56.134  -36.719 0.5000000000
9920  -31.193  -62.475  -34.855 0.6000000238
10818  -30.321  -61.244  -35.895 0.6000000238
127961  -29.696  -60.616  -37.156 0.5000000000
16502  -21.450  -55.892  -33.352 0.6000000238
23680  -24.536  -48.432  -36.096 0.5000000000
16481  -12.724  -55.400  -31.839 0.6000000238
13326  -14.287  -58.396  -30.154 0.6000000238
18632  -27.378  -53.195  -40.293 0.6000000238
16462  -14.211  -56.021  -31.314 0.6000000238
132252  -20.253  -57.545  -29.661 0.8000000119
121010  -27.664  -50.914  -38.320 0.6000000238
15470  -16.456  -56.798  -29.296 0.6000000238
20602  -28.829  -51.549  -38.839 0.6000000238
16425  -19.619  -55.998  -29.896 0.8000000119
21565  -26.365  -51.441  -36.120 0.6000000238
16443  -17.794  -56.054  -29.965 0.6000000238
16442  -16.913  -56.092  -29.905 0.6999999881
17547  -17.468  -54.830  -32.627 0.6000000238
19525  -17.626  -52.531  -34.810 0.6000000238
18517  -18.533  -53.551  -32.471 0.6999999881
19526  -18.195  -52.167  -34.161 0.6000000238
20487  -18.424  -51.346  -31.853 0.5000000000
23675  -15.478  -48.416  -36.128 0.5000000000
20550  -18.350  -51.367  -34.361 0.6000000238
122365  -18.347  -49.862  -31.705 0.5000000000
23498  -14.131  -48.254  -26.479 0.6999999881
23519  -13.857  -48.429  -27.508 0.6000000238
134087  -13.150  -46.819  -27.367 0.6999999881
122105  -13.372  -48.032  -29.120 0.8000000119
139527  -12.172  -45.854  -29.353 0.6000000238
131353  -15.678  -46.597  -25.314 0.6000000238
29140  -12.144  -43.286  -27.631 0.5000000000
28022  -11.848  -44.436  -27.861 0.5000000000
30305  -16.157  -43.096  -29.190 0.5000000000
26754  -16.198  -46.455  -23.968 0.5000000000
31355  -14.466  -40.900  -27.217 0.5000000000
25754  -14.430  -46.853  -31.203 0.6000000238
25755  -14.992  -46.573  -31.564 0.6000000238
131772  -17.385  -45.921  -32.644 0.5000000000
29087  -15.695  -43.978  -23.143 0.5000000000
30249  -16.603  -42.172  -25.653 0.5000000000
29115  -18.124  -44.092  -25.635 0.6000000238
31300  -16.542  -41.671  -22.045 0.4000000060
135072  -16.979  -42.262  -22.285 0.4000000060
29068  -18.185  -43.415  -22.773 0.4000000060
32374  -17.824  -41.070  -21.814 0.3000000119
30205  -18.789  -42.835  -22.475 0.4000000060
30240  -20.045  -43.129  -23.928 0.5000000000
121674  -19.709  -42.360  -24.885 0.4000000060
138038  -20.094  -42.531  -22.645 0.4000000060
30228  -20.578  -42.650  -23.425 0.4000000060
134189  -19.005  -40.402  -24.891 0.4000000060
33471  -18.418  -39.300  -24.759 0.4000000060
33428  -18.432  -39.391  -21.721 0.3000000119
32354  -19.150  -40.207  -21.969 0.5000000000
32376  -19.902  -41.201  -22.220 0.4000000060
32377  -21.047  -41.288  -22.352 0.4000000060
33473  -20.594  -39.930  -24.673 0.4000000060
137625  -22.462  -39.327  -21.474 0.5000000000
33454  -22.201  -40.455  -22.419 0.4000000060
32378  -22.445  -40.329  -22.714 0.4000000060
34488  -19.012  -38.200  -21.549 0.5000000000
35554  -18.593  -37.313  -21.562 0.5000000000
35555  -19.686  -37.617  -21.195 0.4000000060
34491  -23.138  -39.066  -21.422 0.4000000060
36585  -19.282  -36.539  -21.043 0.4000000060
37684  -18.169  -34.917  -21.486 0.3000000119
37685  -19.103  -34.932  -20.930 0.3000000119
138941  -19.427  -35.649  -20.823 0.3000000119
129469  -31.876  -67.297  -35.019 0.5000000000
5829  -32.511  -67.346  -34.373 0.5000000000
5819  -33.480  -68.058  -33.822 0.5000000000
132893  -32.915  -67.126  -34.073 0.5000000000
5831  -34.007  -67.545  -34.147 0.5000000000
6550  -33.663  -66.883  -34.332 0.5000000000
5838  -35.174  -67.845  -35.377 0.6000000238
6564  -31.371  -67.090  -35.743 0.5000000000
6547  -31.998  -66.430  -34.270 0.5000000000
6548  -32.618  -66.495  -34.130 0.5000000000
134820  -33.316  -66.349  -34.302 0.5000000000
5844  -35.610  -67.612  -36.388 0.6000000238
6558  -33.843  -66.362  -34.868 0.6000000238
5837  -34.416  -67.124  -34.996 0.6000000238
127264  -31.377  -67.186  -36.820 0.4000000060
8234  -29.594  -64.319  -40.530 0.4000000060
123085  -30.112  -64.401  -40.044 0.4000000060
8218  -30.681  -64.916  -40.055 0.5000000000
123558  -31.071  -65.778  -38.740 0.5000000000
6577  -31.371  -66.416  -38.402 0.5000000000
7364  -30.537  -65.731  -37.908 0.5000000000
7363  -29.975  -65.141  -37.730 0.5000000000
6570  -30.738  -66.395  -37.159 0.5000000000
5845  -36.448  -68.037  -36.923 0.6000000238
5846  -37.738  -68.372  -37.392 0.6000000238
6563  -30.836  -66.524  -35.883 0.5000000000
6557  -31.329  -66.477  -34.871 0.5000000000
6546  -31.450  -65.684  -34.108 0.5000000000
6567  -36.011  -67.321  -37.210 0.6000000238
7321  -32.812  -66.050  -34.079 0.5000000000
7338  -33.792  -65.749  -35.528 0.6000000238
6565  -34.524  -66.420  -35.919 0.6000000238
5854  -36.987  -67.584  -37.600 0.6000000238
7340  -34.937  -66.194  -37.012 0.6000000238
6572  -36.469  -67.014  -37.962 0.6000000238
6573  -37.519  -67.155  -38.260 0.6999999881
6571  -35.642  -66.676  -37.547 0.6000000238
6580  -36.967  -66.735  -38.815 0.6999999881
8245  -27.526  -64.035  -41.676 0.6000000238
8232  -28.096  -64.150  -40.953 0.6000000238
9078  -27.369  -63.776  -39.635 0.6000000238
127005  -29.024  -64.313  -41.160 0.5000000000
123569  -29.349  -64.137  -39.708 0.5000000000
8217  -29.187  -64.040  -38.819 0.6000000238
7382  -30.380  -65.161  -38.538 0.5000000000
117922  -30.102  -64.546  -39.255 0.5000000000
8205  -29.619  -64.463  -38.152 0.5000000000
7347  -30.014  -65.535  -36.993 0.5000000000
7346  -29.505  -64.800  -37.116 0.5000000000
7337  -30.227  -65.813  -35.964 0.5000000000
5847  -39.020  -69.064  -37.160 0.6999999881
5856  -39.058  -67.800  -37.564 0.8000000119
128407  -32.109  -65.623  -33.927 0.5000000000
7320  -32.580  -65.321  -34.148 0.5000000000
8169  -33.170  -65.031  -35.206 0.6000000238
5855  -37.962  -67.701  -37.901 0.6999999881
5864  -38.575  -67.116  -38.198 0.6999999881
7339  -34.233  -65.707  -36.546 0.6000000238
7348  -34.586  -65.579  -37.484 0.6000000238
7349  -35.293  -66.055  -37.947 0.6000000238
139659  -35.248  -65.428  -39.172 0.6999999881
7367  -36.521  -66.267  -39.467 0.6999999881
6604  -37.683  -65.983  -40.743 0.6000000238
9115  -27.059  -63.682  -42.649 0.5000000000
9092  -27.205  -63.893  -40.616 0.6000000238
9079  -28.374  -63.845  -39.387 0.6000000238
8204  -29.105  -63.869  -38.055 0.6000000238
7328  -30.211  -65.060  -34.946 0.5000000000
8155  -30.440  -64.299  -34.170 0.6000000238
5848  -39.882  -68.081  -36.853 0.6999999881
7319  -30.900  -65.063  -33.985 0.5000000000
8156  -31.173  -64.385  -33.723 0.5000000000
5857  -40.059  -67.131  -37.414 0.5000000000
6560  -40.732  -66.662  -35.579 0.6000000238
133327  -31.501  -65.030  -33.787 0.6000000238
6574  -39.461  -67.006  -38.004 0.6000000238
8180  -33.361  -64.612  -36.413 0.5000000000
6581  -38.161  -66.652  -39.072 0.6999999881
6582  -39.235  -66.542  -38.673 0.6000000238
8181  -33.930  -65.098  -37.046 0.5000000000
6595  -38.186  -66.104  -39.953 0.6000000238
6605  -38.643  -65.533  -40.532 0.6000000238
8194  -34.279  -64.955  -37.965 0.5000000000
8207  -34.598  -64.982  -38.878 0.6000000238
7386  -36.837  -66.163  -40.672 0.5000000000
8237  -35.624  -65.202  -40.879 0.5000000000
7417  -37.919  -65.337  -42.034 0.5000000000
9114  -26.185  -63.455  -42.378 0.6000000238
9103  -26.666  -63.774  -41.494 0.6000000238
9011  -30.766  -63.603  -33.959 0.5000000000
6568  -40.690  -66.941  -36.593 0.6000000238
9013  -32.128  -63.892  -34.252 0.5000000000
122298  -40.433  -66.455  -37.367 0.5000000000
7368  -39.946  -65.763  -38.605 0.5000000000
8209  -39.912  -65.164  -38.627 0.5000000000
7341  -40.578  -65.798  -36.805 0.5000000000
9053  -33.337  -63.615  -37.955 0.5000000000
6596  -39.129  -65.984  -39.576 0.5000000000
7387  -39.217  -65.189  -40.096 0.5000000000
8206  -34.011  -64.235  -38.550 0.6000000238
9066  -33.558  -63.454  -39.086 0.6000000238
7404  -38.224  -65.455  -41.374 0.5000000000
7405  -38.948  -65.037  -41.047 0.6000000238
9081  -34.113  -64.007  -39.833 0.6000000238
9095  -34.431  -63.977  -40.811 0.5000000000
9025  -32.197  -63.427  -35.143 0.5000000000
130352  -39.631  -64.592  -37.171 0.5000000000
9039  -33.008  -63.845  -36.865 0.5000000000
9052  -32.604  -63.052  -37.405 0.5000000000
120148  -39.433  -64.455  -39.728 0.5000000000
130239  -39.118  -64.075  -37.350 0.5000000000
9041  -38.539  -63.758  -36.722 0.5000000000
9040  -37.652  -63.269  -36.483 0.5000000000
139123  -36.202  -62.435  -35.656 0.5000000000
9065  -32.963  -62.935  -38.320 0.6000000238
9961  -32.947  -62.779  -39.012 0.6000000238
9083  -39.010  -64.180  -40.252 0.5000000000
9080  -33.707  -63.451  -40.227 0.6000000238
9108  -37.922  -63.948  -41.571 0.5000000000
9985  -33.337  -62.830  -40.693 0.5000000000
9995  -33.669  -62.697  -41.689 0.5000000000
10831  -31.386  -61.523  -37.598 0.5000000000
9055  -39.121  -64.011  -38.284 0.5000000000
9054  -38.215  -63.574  -37.531 0.5000000000
9947  -37.322  -63.097  -37.288 0.5000000000
9934  -36.787  -62.650  -36.695 0.5000000000
9959  -31.903  -61.860  -38.291 0.5000000000
10841  -31.431  -61.410  -38.650 0.6000000238
9067  -38.161  -63.489  -39.343 0.5000000000
132873  -37.451  -63.193  -38.236 0.5000000000
9946  -36.666  -62.656  -37.595 0.5000000000
117888  -36.062  -62.251  -36.161 0.5000000000
10807  -35.120  -61.568  -35.639 0.5000000000
9972  -32.705  -62.351  -40.258 0.5000000000
9082  -38.241  -63.586  -40.275 0.5000000000
9975  -37.475  -63.068  -39.871 0.5000000000
10840  -30.757  -60.973  -38.224 0.5000000000
9962  -35.972  -62.126  -38.716 0.5000000000
9933  -36.017  -62.184  -37.046 0.5000000000
11669  -34.470  -60.440  -36.370 0.4000000060
9945  -35.994  -62.093  -37.927 0.4000000060
18628  -15.891  -54.421  -39.984 0.4000000060
17580  -13.056  -55.025  -34.482 0.5000000000
20547  -13.400  -52.102  -35.104 0.5000000000
19547  -12.773  -52.466  -35.759 0.5000000000
19462  -14.293  -52.307  -31.230 0.5000000000
19481  -14.182  -52.410  -33.067 0.5000000000
17602  -13.100  -53.958  -35.949 0.5000000000
24538  -14.602  -48.527  -25.356 0.5000000000
24537  -14.725  -47.949  -24.719 0.5000000000
128447  -31.658  -61.980  -36.850 0.5000000000
9932  -32.046  -62.577  -36.615 0.5000000000
6559  -35.002  -67.162  -35.891 0.6000000238
7329  -33.264  -65.800  -34.550 0.6000000238
6566  -35.291  -66.876  -36.668 0.6000000238
7366  -35.677  -65.916  -38.894 0.6999999881
8168  -32.544  -64.575  -34.434 0.5000000000
7365  -34.922  -65.494  -38.377 0.6000000238
7385  -35.982  -65.703  -40.046 0.6000000238
8220  -35.122  -65.032  -39.762 0.6000000238
8179  -32.724  -64.081  -35.490 0.5000000000
8193  -33.654  -64.389  -37.481 0.5000000000
136726  -34.422  -64.476  -39.410 0.6000000238
8219  -34.822  -64.530  -40.330 0.6000000238
7402  -36.484  -65.800  -41.391 0.5000000000
9097  -38.434  -64.147  -41.048 0.5000000000
8222  -39.569  -64.850  -39.554 0.5000000000
8195  -39.678  -64.572  -38.041 0.5000000000
9094  -34.041  -63.346  -41.243 0.5000000000
9944  -32.133  -62.246  -37.616 0.5000000000
118991  -32.544  -62.361  -39.414 0.5000000000
9960  -32.445  -62.374  -38.527 0.5000000000
138151  -37.214  -62.962  -39.049 0.5000000000
126404  -35.357  -61.690  -36.488 0.5000000000
9974  -36.546  -62.489  -39.426 0.4000000060
10832  -34.776  -61.113  -36.954 0.4000000060
5820  -38.845  -66.652  -32.951 0.5000000000
7308  -38.864  -65.971  -33.575 0.6000000238
7323  -39.008  -65.337  -34.295 0.6000000238
7309  -39.600  -65.899  -34.187 0.6000000238
136025  -39.831  -66.959  -34.324 0.4000000060
8160  -38.587  -64.651  -34.841 0.4000000060
8171  -39.040  -64.342  -35.580 0.4000000060
8161  -39.908  -64.877  -35.058 0.5000000000
7324  -40.019  -65.534  -34.623 0.6000000238
124616  -40.587  -65.156  -35.792 0.5000000000
8182  -40.057  -64.903  -36.556 0.4000000060
6551  -40.214  -66.290  -34.672 0.5000000000
121604  -40.924  -65.992  -35.950 0.5000000000
122528  -40.145  -67.295  -35.094 0.6000000238
5168  -39.393  -69.050  -36.330 0.6000000238
5178  -38.369  -69.583  -36.628 0.6000000238
125767  -38.017  -69.299  -37.071 0.6000000238
5177  -37.284  -69.554  -36.564 0.6000000238
118158  -36.936  -68.783  -36.681 0.5000000000
5839  -35.939  -68.410  -36.055 0.5000000000
5166  -35.460  -68.533  -35.233 0.4000000060
5140  -34.210  -68.313  -33.927 0.5000000000
11654  -34.598  -60.853  -35.545 0.3000000119
134743  -32.809  -68.296  -34.300 0.4000000060
139148  -25.938  -51.091  -35.625 0.4000000060
20570  -26.256  -51.731  -35.338 0.4000000060
19575  -26.793  -52.142  -35.920 0.5000000000
126428  -18.661  -48.793  -32.138 0.5000000000
140969  -19.101  -47.558  -33.065 0.5000000000
24649  -19.155  -47.919  -31.669 0.5000000000
120790  -19.405  -46.899  -32.716 0.4000000060
25789  -17.934  -45.797  -33.362 0.4000000060
26825  -20.650  -45.795  -29.737 0.4000000060
28071  -17.761  -44.898  -32.099 0.4000000060
28072  -18.412  -44.495  -32.743 0.4000000060
26881  -19.297  -45.404  -33.366 0.4000000060
28047  -17.068  -44.759  -30.606 0.4000000060
28060  -18.027  -44.363  -31.630 0.4000000060
26856  -20.622  -45.580  -32.123 0.4000000060
28048  -17.630  -44.398  -30.723 0.4000000060
29204  -18.634  -43.791  -32.005 0.4000000060
116776  -21.969  -44.115  -32.357 0.4000000060
121164  -17.261  -43.689  -29.494 0.4000000060
29169  -18.262  -43.660  -29.745 0.4000000060
30306  -17.127  -42.943  -29.025 0.4000000060
118179  -17.927  -43.112  -29.159 0.4000000060
32421  -15.684  -39.866  -26.254 0.3000000119
139552  -16.042  -40.853  -27.703 0.4000000060
33470  -17.276  -39.129  -24.859 0.3000000119
34550  -16.788  -38.664  -25.179 0.3000000119
32441  -17.084  -40.202  -27.419 0.3000000119
33518  -16.539  -39.593  -26.626 0.3000000119
25747  -20.064  -46.321  -30.203 0.4000000060
25760  -20.076  -46.309  -31.365 0.4000000060
26855  -19.914  -46.187  -32.639 0.4000000060
25759  -19.611  -46.909  -31.701 0.4000000060
26870  -20.436  -45.401  -33.000 0.4000000060
28086  -19.762  -44.635  -33.321 0.4000000060
26842  -21.335  -45.346  -30.347 0.4000000060
26871  -21.255  -44.769  -32.570 0.4000000060
28087  -20.944  -44.058  -33.217 0.4000000060
29220  -19.002  -43.893  -32.724 0.4000000060
8981  -43.655  -63.842  -30.579 0.3000000119
8993  -42.951  -63.038  -30.975 0.3000000119
8120  -44.043  -64.735  -30.423 0.4000000060
8980  -42.637  -63.931  -30.587 0.4000000060
7275  -43.106  -65.830  -30.417 0.3000000119
8119  -43.268  -64.802  -30.435 0.3000000119
8979  -41.753  -63.932  -30.743 0.4000000060
127672  -43.176  -67.014  -30.361 0.3000000119
8118  -42.259  -64.971  -30.359 0.3000000119
8117  -41.098  -64.683  -30.535 0.3000000119
6505  -42.893  -66.758  -30.497 0.3000000119
130999  -41.573  -65.575  -30.171 0.3000000119
7273  -40.686  -65.692  -30.125 0.3000000119
6504  -42.223  -67.206  -30.654 0.3000000119
120096  -41.433  -66.509  -30.112 0.3000000119
7272  -39.710  -65.917  -30.260 0.3000000119
5784  -41.817  -67.917  -31.039 0.3000000119
116852  -41.232  -67.464  -30.615 0.3000000119
6502  -39.619  -66.729  -30.284 0.3000000119
4450  -41.521  -69.541  -29.959 0.3000000119
5111  -41.801  -68.285  -30.871 0.3000000119
5798  -41.041  -68.164  -31.191 0.3000000119
5783  -40.127  -67.481  -30.602 0.3000000119
5782  -39.241  -67.024  -30.666 0.3000000119
4469  -41.213  -68.962  -31.066 0.4000000060
135448  -41.487  -63.221  -31.136 0.3000000119
6507  -44.488  -66.185  -30.068 0.4000000060
8991  -40.989  -63.703  -31.006 0.4000000060
117217  -43.605  -66.396  -30.369 0.3000000119
8133  -40.405  -64.159  -30.900 0.4000000060
5785  -42.489  -67.572  -30.641 0.3000000119
8116  -40.046  -64.948  -30.550 0.4000000060
7271  -38.952  -66.204  -30.538 0.4000000060
5112  -42.496  -68.335  -30.206 0.3000000119
6516  -38.531  -66.524  -31.011 0.4000000060
3849  -41.261  -70.137  -29.485 0.3000000119
4451  -42.123  -69.084  -29.624 0.4000000060
127443  -38.465  -66.633  -31.605 0.4000000060
5796  -39.045  -67.213  -31.427 0.3000000119
3840  -41.705  -70.035  -27.969 0.3000000119
8992  -42.126  -63.147  -31.027 0.3000000119
9858  -41.677  -62.556  -31.634 0.3000000119
140036  -42.081  -62.156  -32.045 0.3000000119
121694  -40.952  -62.909  -31.439 0.3000000119
116955  -40.183  -62.429  -31.767 0.3000000119
6487  -45.511  -66.308  -28.526 0.4000000060
8990  -40.271  -63.426  -31.277 0.3000000119
8989  -39.404  -63.283  -31.396 0.3000000119
6506  -43.996  -66.990  -29.846 0.3000000119
6495  -44.943  -66.683  -29.352 0.4000000060
8132  -39.616  -64.164  -31.001 0.4000000060
116880  -38.654  -64.105  -31.122 0.3000000119
134209  -38.922  -65.161  -30.698 0.4000000060
8130  -37.184  -64.520  -31.549 0.4000000060
5786  -43.192  -67.601  -30.009 0.3000000119
5086  -43.255  -68.129  -27.787 0.3000000119
7284  -38.150  -65.753  -30.901 0.4000000060
7282  -37.053  -65.109  -32.045 0.4000000060
5103  -42.755  -68.755  -29.283 0.3000000119
5084  -42.027  -68.637  -27.446 0.3000000119
126642  -37.329  -65.355  -32.698 0.4000000060
8151  -37.164  -64.771  -33.473 0.5000000000
5085  -42.702  -68.665  -27.798 0.3000000119
6525  -38.157  -66.397  -32.097 0.4000000060
7295  -38.033  -65.966  -32.729 0.4000000060
7322  -37.994  -64.955  -34.144 0.5000000000
3221  -41.285  -70.952  -26.947 0.3000000119
125597  -41.070  -62.301  -31.936 0.3000000119
9879  -41.721  -61.915  -32.350 0.3000000119
5740  -44.579  -67.005  -27.883 0.4000000060
118038  -37.450  -63.223  -31.539 0.4000000060
8997  -36.319  -63.461  -32.333 0.4000000060
5739  -43.867  -67.423  -27.749 0.4000000060
8143  -36.880  -64.780  -32.638 0.4000000060
8150  -36.526  -64.179  -32.947 0.5000000000
9015  -37.141  -63.577  -34.773 0.4000000060
137304  -42.733  -68.170  -27.534 0.3000000119
8159  -37.533  -64.332  -34.436 0.4000000060
8170  -38.022  -63.975  -35.257 0.4000000060
9028  -38.397  -63.723  -35.977 0.4000000060
4433  -41.702  -69.621  -27.476 0.3000000119
3830  -41.520  -70.348  -27.306 0.3000000119
3220  -40.899  -71.077  -26.280 0.3000000119
136847  -39.100  -62.493  -31.673 0.3000000119
8988  -38.446  -63.237  -31.453 0.3000000119
9855  -36.666  -62.953  -31.783 0.3000000119
125740  -43.487  -67.003  -27.435 0.4000000060
9002  -36.169  -63.404  -33.274 0.5000000000
9026  -36.824  -63.028  -35.129 0.4000000060
5737  -42.294  -67.671  -27.401 0.4000000060
9027  -37.511  -63.314  -35.575 0.4000000060
5067  -39.384  -68.769  -26.788 0.3000000119
5083  -41.007  -68.490  -27.227 0.3000000119
5068  -40.389  -69.137  -26.936 0.3000000119
4421  -40.701  -70.187  -26.503 0.3000000119
3207  -40.191  -71.489  -25.725 0.3000000119
3802  -40.322  -70.838  -25.962 0.3000000119
9856  -37.280  -62.351  -31.642 0.3000000119
8996  -35.886  -62.865  -32.771 0.4000000060
9014  -36.319  -63.092  -34.311 0.4000000060
137576  -38.540  -68.493  -26.689 0.3000000119
5066  -37.641  -68.630  -26.449 0.3000000119
4420  -39.758  -69.551  -26.579 0.3000000119
121318  -38.679  -69.418  -26.459 0.3000000119
3817  -39.592  -70.240  -26.180 0.3000000119
123131  -36.966  -69.042  -26.151 0.3000000119
4419  -36.840  -69.722  -26.143 0.3000000119
121490  -37.607  -69.637  -26.155 0.3000000119
3815  -37.347  -70.469  -25.725 0.3000000119
3816  -38.483  -70.459  -25.746 0.3000000119
10788  -35.258  -61.336  -33.398 0.3000000119
9909  -35.688  -62.315  -34.476 0.4000000060
3813  -35.959  -70.560  -26.770 0.3000000119
129210  -36.352  -71.218  -26.498 0.3000000119
11628  -35.983  -60.570  -32.058 0.3000000119
10779  -35.480  -61.039  -32.596 0.3000000119
10797  -35.254  -61.583  -34.234 0.3000000119
11627  -35.530  -60.125  -32.588 0.3000000119
11637  -35.119  -60.488  -33.271 0.3000000119
11636  -34.749  -60.033  -33.965 0.3000000119
24669  -18.438  -46.841  -33.539 0.5000000000
31373  -17.184  -41.665  -28.322 0.5000000000
30289  -17.603  -42.432  -28.742 0.4000000060
25775  -18.610  -46.551  -33.474 0.4000000060
5840  -40.328  -67.869  -36.058 0.6000000238
7330  -40.668  -65.623  -35.182 0.5000000000
128655  -39.270  -64.233  -36.429 0.4000000060
9923  -36.831  -62.705  -35.821 0.4000000060
133225  -36.235  -62.636  -35.142 0.4000000060
126401  -35.326  -61.785  -34.946 0.4000000060
10796  -34.882  -61.215  -34.855 0.3000000119
24632  -18.847  -48.059  -30.728 0.5000000000
25746  -19.506  -46.860  -30.647 0.4000000060
26841  -20.675  -45.757  -30.869 0.4000000060
7276  -43.920  -65.588  -30.444 0.3000000119
4461  -41.682  -68.898  -30.445 0.3000000119
6496  -45.325  -65.861  -29.439 0.4000000060
6515  -37.918  -66.141  -31.475 0.4000000060
6486  -44.969  -66.959  -28.468 0.4000000060
5754  -44.346  -67.435  -28.412 0.3000000119
5104  -43.312  -68.258  -29.326 0.3000000119
8987  -36.847  -63.747  -31.723 0.4000000060
4432  -41.334  -69.510  -27.094 0.3000000119
8158  -36.717  -63.932  -33.871 0.4000000060
3818  -41.392  -70.359  -26.836 0.3000000119
9001  -35.767  -62.660  -33.526 0.4000000060
131088  -40.554  -67.572  -27.296 0.3000000119
3800  -38.854  -71.296  -25.132 0.3000000119
9876  -35.588  -62.046  -32.794 0.3000000119
3814  -36.640  -70.484  -26.173 0.3000000119
5176  -36.362  -69.149  -36.064 0.5000000000
3906  -35.490  -70.502  -35.702 0.5000000000
3917  -36.728  -70.685  -36.304 0.5000000000
4522  -38.402  -69.845  -35.969 0.5000000000
5169  -39.724  -68.394  -35.382 0.4000000060
10852  -30.925  -60.960  -39.192 0.4000000060
6536  -39.462  -66.490  -33.927 0.5000000000
130646  -39.155  -67.337  -32.742 0.3000000119
5119  -40.078  -68.974  -31.948 0.3000000119
5808  -38.823  -66.991  -32.140 0.4000000060
5120  -40.812  -68.756  -31.434 0.3000000119
5797  -40.250  -68.185  -31.427 0.3000000119
122521  -41.149  -67.059  -27.381 0.3000000119
119773  -42.226  -66.180  -27.455 0.3000000119
6476  -42.747  -66.989  -27.392 0.3000000119
132152  -44.687  -65.229  -30.050 0.3000000119
6474  -41.114  -66.119  -27.360 0.3000000119
119473  -43.276  -66.297  -27.352 0.3000000119
6477  -44.251  -66.523  -27.384 0.3000000119
7249  -45.020  -65.675  -27.147 0.3000000119
7250  -45.636  -65.658  -27.676 0.3000000119
8076  -45.742  -64.869  -27.053 0.3000000119
7247  -42.705  -65.409  -27.398 0.3000000119
7248  -43.951  -65.396  -27.177 0.3000000119
8075  -45.000  -64.677  -26.798 0.3000000119
7267  -45.971  -65.452  -28.536 0.3000000119
8102  -45.637  -64.787  -29.480 0.3000000119
8073  -43.051  -64.659  -27.280 0.3000000119
8103  -46.523  -64.618  -28.610 0.3000000119
8092  -46.281  -64.910  -27.656 0.3000000119
140065  -33.695  -68.512  -33.712 0.3000000119
5833  -39.643  -67.713  -34.444 0.5000000000
4523  -39.115  -69.338  -35.362 0.4000000060
4535  -37.434  -70.179  -36.400 0.5000000000
5809  -39.210  -67.714  -32.162 0.3000000119
120545  -22.712  -44.383  -30.497 0.3000000119
28061  -22.012  -44.486  -31.922 0.3000000119
30320  -19.033  -43.392  -30.199 0.3000000119
4520  -35.210  -69.146  -34.797 0.4000000060
3305  -34.786  -71.014  -35.159 0.4000000060
1730  -36.155  -74.246  -31.453 0.4000000060
2182  -35.693  -73.168  -32.659 0.4000000060
3279  -36.398  -72.209  -33.151 0.4000000060
3893  -37.862  -71.043  -34.417 0.4000000060
129904  -38.421  -70.058  -35.147 0.4000000060
125234  -36.426  -71.935  -34.987 0.4000000060
3306  -36.628  -71.342  -35.932 0.4000000060
132264  -37.468  -71.523  -35.248 0.4000000060
1062  -36.152  -75.983  -30.036 0.3000000119
1720  -37.023  -74.131  -31.192 0.4000000060
3264  -36.609  -71.392  -31.790 0.4000000060
3316  -35.621  -71.342  -35.684 0.4000000060
2171  -35.766  -73.517  -31.901 0.4000000060
127543  -36.022  -72.510  -33.574 0.4000000060
1710  -36.796  -74.760  -31.022 0.3000000119
2162  -36.368  -72.955  -31.851 0.4000000060
2709  -36.413  -72.139  -32.297 0.4000000060
3293  -37.331  -71.802  -34.391 0.4000000060
3272  -36.676  -71.413  -32.551 0.4000000060
3879  -37.852  -70.193  -33.417 0.4000000060
1332  -36.803  -75.554  -29.810 0.3000000119
1711  -37.274  -74.305  -30.590 0.3000000119
2695  -37.239  -72.903  -31.077 0.3000000119
2152  -37.409  -73.637  -30.700 0.3000000119
3868  -37.296  -69.878  -31.665 0.3000000119
4498  -38.394  -69.225  -33.252 0.3000000119
130511  -37.222  -70.559  -32.663 0.3000000119
5131  -38.862  -68.641  -32.878 0.3000000119
5142  -39.247  -68.011  -32.988 0.3000000119
117734  -39.359  -67.992  -33.805 0.3000000119
5153  -39.275  -68.536  -34.477 0.3000000119
4510  -38.732  -69.250  -34.297 0.3000000119
3828  -30.787  -70.492  -27.888 0.3000000119
122018  -30.842  -69.851  -28.273 0.3000000119
5719  -36.262  -67.596  -26.564 0.3000000119
5766  -30.387  -67.669  -29.804 0.3000000119
5780  -30.622  -67.984  -30.627 0.3000000119
5769  -32.987  -67.727  -30.236 0.3000000119
5750  -33.612  -67.532  -29.318 0.3000000119
5751  -34.144  -67.931  -28.452 0.3000000119
5752  -34.540  -67.230  -28.017 0.3000000119
136166  -35.101  -67.271  -27.437 0.3000000119
5731  -35.780  -66.890  -27.187 0.3000000119
5767  -30.925  -67.260  -30.096 0.3000000119
6493  -31.833  -66.747  -29.619 0.3000000119
6494  -32.800  -67.008  -29.652 0.3000000119
6483  -33.423  -66.586  -28.944 0.3000000119
6484  -34.307  -66.416  -28.426 0.3000000119
3265  -36.793  -70.959  -31.064 0.3000000119
4438  -30.678  -69.873  -29.579 0.3000000119
5110  -32.926  -68.509  -30.778 0.3000000119
4446  -30.704  -68.672  -30.734 0.3000000119
4437  -30.432  -68.956  -30.112 0.3000000119
5109  -31.910  -68.619  -31.120 0.3000000119
5781  -32.270  -67.967  -30.756 0.3000000119
6482  -31.941  -66.113  -28.970 0.3000000119
1333  -37.263  -75.105  -29.571 0.3000000119
1344  -36.471  -75.339  -30.550 0.3000000119
1345  -37.107  -74.984  -30.310 0.3000000119
2622  -40.008  -72.110  -25.498 0.3000000119
2694  -36.762  -72.001  -31.426 0.3000000119
2720  -35.915  -72.816  -33.205 0.4000000060
2731  -35.755  -72.279  -34.050 0.4000000060
3206  -39.523  -71.769  -25.174 0.3000000119
3280  -37.030  -71.639  -33.503 0.4000000060
3292  -36.626  -72.227  -33.953 0.4000000060
3801  -39.581  -70.997  -25.511 0.3000000119
3860  -36.797  -70.636  -31.691 0.3000000119
3880  -38.251  -70.093  -34.261 0.4000000060
3907  -37.597  -70.711  -35.809 0.4000000060
3916  -36.043  -70.811  -36.174 0.4000000060
4434  -42.268  -69.130  -27.770 0.3000000119
4441  -41.816  -69.693  -28.918 0.4000000060
4456  -31.185  -68.977  -31.120 0.3000000119
4460  -41.246  -69.394  -30.578 0.3000000119
4481  -38.490  -69.013  -32.421 0.3000000119
4496  -33.858  -68.936  -33.668 0.3000000119
4497  -37.808  -69.541  -32.409 0.3000000119
4521  -35.669  -69.555  -35.556 0.5000000000
4534  -36.357  -70.099  -36.233 0.5000000000
5082  -39.977  -68.186  -27.125 0.3000000119
5096  -43.105  -68.552  -28.444 0.3000000119
5100  -30.411  -68.274  -30.286 0.3000000119
5108  -31.356  -67.886  -30.800 0.3000000119
5139  -33.052  -68.235  -33.910 0.5000000000
5141  -39.000  -68.567  -33.586 0.3000000119
5151  -33.246  -68.694  -33.887 0.3000000119
5152  -34.937  -68.421  -34.605 0.4000000060
5167  -35.796  -68.913  -35.476 0.5000000000
5736  -41.479  -67.803  -27.339 0.3000000119
5738  -43.104  -67.604  -27.491 0.3000000119
5753  -43.717  -67.994  -28.404 0.3000000119
5768  -32.018  -67.331  -30.321 0.3000000119
5770  -43.955  -67.685  -29.216 0.3000000119
5771  -44.586  -67.271  -29.107 0.4000000060
5818  -32.969  -67.776  -33.998 0.4000000060
5821  -39.425  -67.281  -33.576 0.3000000119
5830  -33.340  -67.343  -34.008 0.5000000000
5832  -34.590  -67.825  -34.561 0.5000000000
6475  -41.869  -66.905  -27.417 0.3000000119
6478  -45.080  -66.431  -27.748 0.3000000119
6481  -31.006  -66.601  -29.229 0.3000000119
6503  -40.395  -66.717  -30.054 0.3000000119
6549  -33.090  -66.691  -34.089 0.5000000000
6556  -30.758  -65.810  -34.857 0.5000000000
6575  -40.000  -66.388  -38.147 0.6000000238
6579  -36.054  -66.507  -38.443 0.6999999881
6583  -39.689  -66.018  -38.880 0.5000000000
6594  -37.315  -66.321  -39.804 0.6000000238
7274  -42.318  -66.172  -30.280 0.3000000119
7283  -37.486  -65.424  -31.433 0.4000000060
7294  -37.500  -65.812  -32.021 0.4000000060
7307  -37.977  -65.458  -33.504 0.4000000060
7350  -40.240  -65.837  -37.875 0.5000000000
7388  -39.641  -65.471  -39.247 0.5000000000
7418  -38.675  -65.014  -41.757 0.6000000238
8131  -37.923  -64.850  -31.053 0.4000000060
8142  -36.694  -64.338  -32.149 0.4000000060
8157  -31.887  -64.643  -33.791 0.6000000238
8167  -29.657  -64.143  -35.103 0.6000000238
8172  -39.862  -64.647  -35.838 0.4000000060
8177  -28.757  -63.768  -36.667 0.6999999881
8196  -40.041  -65.185  -37.524 0.5000000000
8208  -39.661  -64.465  -38.992 0.5000000000
8221  -39.197  -64.746  -40.356 0.5000000000
8233  -28.711  -64.071  -40.305 0.5000000000
8238  -38.903  -64.807  -41.206 0.6000000238
8253  -38.400  -64.761  -41.985 0.5000000000
9010  -28.674  -62.419  -34.827 0.6000000238
9012  -31.407  -63.755  -33.802 0.5000000000
9021  -26.889  -62.928  -35.728 0.6000000238
9038  -32.415  -63.303  -36.216 0.5000000000
9049  -26.893  -63.488  -37.133 0.6999999881
9051  -28.639  -63.717  -37.526 0.6999999881
9068  -39.125  -63.987  -39.226 0.5000000000
9075  -25.217  -63.204  -39.703 0.6999999881
9093  -27.947  -63.888  -40.177 0.6000000238
9096  -37.745  -63.388  -40.792 0.5000000000
9100  -24.662  -62.844  -40.913 0.6999999881
9101  -25.210  -63.061  -41.109 0.6999999881
9859  -42.422  -62.462  -31.611 0.3000000119
9877  -36.119  -62.551  -32.214 0.4000000060
9908  -30.904  -62.980  -34.096 0.6000000238
9918  -29.668  -62.049  -34.583 0.6000000238
9922  -35.711  -62.160  -35.443 0.5000000000
9929  -26.140  -62.668  -35.803 0.6999999881
9930  -30.769  -61.836  -35.364 0.6000000238
9957  -24.216  -62.822  -38.266 0.6999999881
9963  -36.590  -62.611  -38.474 0.5000000000
9971  -24.737  -63.109  -38.953 0.6999999881
9973  -33.106  -62.886  -39.771 0.6000000238
9988  -36.985  -62.701  -40.470 0.5000000000
9993  -24.068  -62.741  -41.136 0.6999999881
10000  -22.842  -62.017  -42.267 0.6999999881
10001  -23.298  -62.348  -41.959 0.6999999881
10794  -28.055  -61.939  -34.694 0.6000000238
10801  -25.863  -61.501  -35.630 0.5000000000
10803  -27.511  -61.661  -35.028 0.4000000060
10805  -29.230  -61.492  -34.882 0.5000000000
10820  -34.754  -61.187  -36.209 0.3000000119
10827  -23.169  -60.781  -37.091 0.6000000238
10833  -35.398  -61.569  -37.429 0.4000000060
10842  -32.000  -61.872  -39.052 0.5000000000
10861  -22.390  -61.719  -40.758 0.6999999881
11618  -36.555  -60.018  -31.809 0.3000000119
11645  -34.942  -60.833  -34.063 0.3000000119
11662  -23.511  -60.174  -36.612 0.5000000000
11678  -23.072  -60.159  -37.182 0.5000000000
11683  -29.956  -60.630  -37.950 0.5000000000
11718  -22.100  -60.355  -40.072 0.6999999881
11727  -19.746  -60.167  -42.163 0.6000000238
12474  -20.231  -59.556  -33.924 0.6000000238
12565  -20.915  -59.253  -41.299 0.6999999881
13318  -13.857  -58.088  -29.706 0.6000000238
13319  -14.647  -57.982  -29.647 0.6000000238
13327  -15.096  -58.243  -30.062 0.6000000238
13328  -20.270  -58.340  -30.865 0.6000000238
13330  -21.888  -58.233  -30.876 0.8000000119
13337  -16.201  -57.888  -31.312 0.5000000000
13341  -20.821  -58.600  -31.667 0.6000000238
13342  -21.712  -58.322  -31.721 0.8000000119
13359  -18.360  -58.447  -32.315 0.5000000000
13376  -20.004  -59.327  -33.181 0.6000000238
13404  -20.607  -58.991  -35.143 0.5000000000
13495  -18.703  -58.463  -42.418 0.6000000238
13506  -17.435  -58.601  -43.672 0.5000000000
14360  -23.224  -57.151  -28.908 0.6000000238
14371  -14.175  -57.562  -29.508 0.6000000238
14374  -18.867  -57.131  -29.362 0.8000000119
14375  -19.574  -57.244  -29.516 0.8000000119
14377  -22.091  -57.684  -29.511 0.8000000119
14378  -22.899  -57.501  -29.486 0.6000000238
14385  -15.993  -57.977  -30.081 0.6000000238
14387  -17.643  -57.336  -29.557 0.6000000238
14388  -18.473  -57.383  -29.613 0.5000000000
14390  -20.655  -58.061  -30.132 0.8000000119
14393  -23.193  -57.232  -30.160 0.6999999881
14399  -16.694  -57.739  -30.549 0.5000000000
14400  -17.393  -57.644  -30.394 0.6000000238
14404  -22.939  -57.270  -31.054 0.8000000119
14416  -21.798  -58.050  -32.637 0.6000000238
14429  -21.627  -57.583  -33.386 0.6999999881
14442  -20.367  -57.408  -34.869 0.6999999881
14443  -20.929  -57.819  -34.520 0.6999999881
14458  -20.620  -58.198  -35.085 0.6999999881
14471  -23.587  -57.623  -36.717 0.5000000000
14525  -21.457  -57.919  -40.590 0.6999999881
14542  -21.043  -57.376  -41.027 0.6999999881
14557  -18.305  -57.525  -42.571 0.5000000000
14559  -20.204  -57.062  -42.017 0.6999999881
15442  -22.836  -56.854  -28.429 0.6000000238
15455  -18.988  -56.684  -29.542 0.8000000119
15456  -20.383  -57.040  -29.344 0.6999999881
15457  -23.609  -56.627  -29.030 0.6000000238
15469  -15.528  -56.791  -29.438 0.6000000238
15473  -23.556  -56.506  -29.904 0.6999999881
15479  -13.760  -56.241  -30.325 0.6000000238
15491  -22.556  -56.793  -32.451 0.6999999881
15507  -21.238  -56.692  -33.702 0.6000000238
15508  -21.890  -56.720  -33.109 0.6999999881
15548  -24.779  -56.881  -36.632 0.5000000000
15607  -14.867  -56.137  -43.131 0.5000000000
15610  -20.005  -56.246  -42.384 0.6999999881
15620  -15.158  -56.697  -43.862 0.5000000000
15622  -16.740  -55.954  -43.174 0.5000000000
15624  -18.921  -55.608  -43.196 0.6000000238
15625  -19.827  -55.620  -42.989 0.6999999881
16413  -20.831  -55.688  -29.019 0.6000000238
16441  -15.975  -56.210  -30.037 0.6000000238
16445  -19.718  -55.227  -30.342 0.6999999881
16446  -23.626  -55.670  -30.081 0.6999999881
16461  -13.217  -55.850  -31.089 0.6000000238
16464  -16.442  -55.610  -31.136 0.6999999881
16465  -17.473  -55.619  -30.927 0.6000000238
16469  -23.376  -55.360  -30.908 0.6999999881
16482  -13.657  -55.788  -32.274 0.6000000238
16486  -22.870  -55.929  -32.195 0.6999999881
16516  -13.581  -55.123  -35.190 0.6000000238
16517  -14.263  -55.370  -34.936 0.6999999881
16518  -15.085  -55.243  -34.647 0.6999999881
16519  -15.767  -55.107  -34.294 0.8000000119
16536  -14.076  -55.068  -35.724 0.6999999881
16562  -18.243  -55.306  -37.392 0.6999999881
16578  -24.333  -54.866  -37.518 0.6000000238
16586  -22.401  -55.615  -39.314 0.6000000238
16593  -22.199  -55.553  -40.388 0.6000000238
16605  -15.270  -55.630  -42.771 0.5000000000
16618  -16.443  -55.679  -43.182 0.5000000000
16623  -21.198  -54.987  -43.000 0.6999999881
17489  -20.251  -54.363  -29.258 0.6000000238
17507  -19.561  -54.312  -30.626 0.6000000238
17548  -18.255  -54.395  -32.227 0.6999999881
17563  -16.840  -54.815  -33.414 0.5000000000
17564  -17.382  -54.341  -33.335 0.6000000238
17584  -20.240  -54.457  -34.908 0.5000000000
17585  -20.939  -54.646  -34.252 0.6999999881
17604  -14.374  -54.573  -36.392 0.6999999881
17607  -19.737  -55.134  -35.039 0.6000000238
17627  -14.028  -54.084  -36.921 0.6000000238
17628  -14.680  -54.028  -36.967 0.6000000238
17648  -18.670  -54.560  -37.662 0.6999999881
17667  -23.880  -54.485  -38.388 0.6000000238
17677  -16.694  -54.374  -39.441 0.5000000000
17678  -17.415  -54.112  -39.257 0.5000000000
17680  -23.679  -54.311  -39.528 0.5000000000
17697  -23.741  -54.172  -41.712 0.6000000238
17698  -24.598  -53.705  -41.727 0.5000000000
17704  -15.234  -55.010  -42.208 0.5000000000
17705  -16.752  -54.742  -42.963 0.6000000238
17706  -22.632  -54.327  -42.657 0.6000000238
17707  -23.462  -53.947  -42.595 0.6000000238
17716  -18.049  -54.454  -43.714 0.6000000238
17718  -19.881  -54.323  -43.444 0.6000000238
17719  -20.827  -54.390  -43.221 0.6999999881
18478  -23.132  -53.736  -29.336 0.5000000000
18494  -22.567  -53.380  -30.621 0.6000000238
18504  -19.152  -53.740  -31.001 0.6000000238
18533  -21.744  -53.859  -33.608 0.8000000119
18534  -21.945  -53.816  -32.861 0.8000000119
18548  -16.452  -54.125  -35.003 0.8000000119
18551  -21.464  -53.890  -34.338 0.6000000238
18569  -13.447  -53.316  -36.294 0.6000000238
18570  -16.429  -53.373  -35.739 0.6000000238
18592  -20.891  -53.100  -35.728 0.5000000000
18608  -19.363  -53.322  -37.180 0.6000000238
18619  -18.004  -53.706  -39.004 0.6000000238
18620  -18.383  -53.113  -38.509 0.6000000238
18623  -28.887  -53.715  -38.660 0.5000000000
18631  -25.662  -53.562  -40.080 0.6000000238
18648  -16.500  -53.748  -41.664 0.5000000000
18650  -18.701  -52.967  -42.147 0.6000000238
18651  -19.391  -52.768  -41.949 0.6000000238
18653  -25.838  -53.118  -42.019 0.5000000000
18654  -26.474  -52.965  -41.512 0.6000000238
18659  -17.867  -53.900  -43.331 0.6000000238
18660  -18.664  -53.463  -43.086 0.6000000238
18663  -21.912  -53.276  -42.938 0.6000000238
18682  -22.166  -53.799  -43.056 0.6000000238
18683  -22.978  -53.757  -42.918 0.6000000238
19427  -14.290  -52.107  -29.513 0.6000000238
19461  -14.060  -52.340  -32.269 0.5000000000
19463  -18.628  -52.146  -31.449 0.6000000238
19483  -21.797  -52.367  -32.655 0.6999999881
19504  -17.983  -52.977  -33.990 0.6000000238
19507  -21.908  -53.141  -32.765 0.6999999881
19548  -13.617  -53.001  -36.068 0.6000000238
19568  -14.140  -53.310  -36.699 0.6000000238
19569  -15.510  -52.554  -36.778 0.6999999881
19570  -16.367  -52.501  -36.454 0.6000000238
19571  -16.692  -51.598  -36.657 0.6000000238
19590  -19.375  -52.421  -37.480 0.5000000000
19601  -18.570  -52.353  -38.878 0.6000000238
19607  -18.111  -52.625  -39.613 0.6000000238
19608  -18.620  -52.228  -39.488 0.6000000238
19610  -28.216  -52.093  -39.973 0.6000000238
19619  -21.054  -52.004  -40.879 0.6000000238
19628  -22.283  -52.339  -41.983 0.6000000238
19633  -26.143  -52.610  -41.775 0.6000000238
19641  -20.179  -52.858  -42.235 0.6000000238
19643  -22.564  -52.882  -42.661 0.6000000238
19644  -23.469  -53.114  -42.785 0.5000000000
19645  -24.367  -53.044  -42.689 0.5000000000
20440  -18.464  -51.294  -29.974 0.5000000000
20463  -18.458  -51.355  -30.907 0.5000000000
20510  -14.623  -52.198  -32.207 0.6000000238
20531  -13.732  -52.298  -33.980 0.5000000000
20533  -18.414  -51.730  -33.481 0.6000000238
20564  -12.870  -52.120  -35.726 0.5000000000
20567  -18.151  -51.067  -35.135 0.6000000238
20568  -21.509  -51.256  -35.881 0.6000000238
20578  -15.342  -52.396  -36.706 0.6999999881
20580  -16.199  -51.144  -37.151 0.6000000238
20590  -19.659  -51.683  -37.729 0.6000000238
20592  -20.933  -50.940  -36.758 0.6000000238
20594  -28.817  -51.912  -38.038 0.5000000000
20609  -20.107  -51.392  -39.137 0.6000000238
20621  -21.513  -51.486  -40.316 0.4000000060
20624  -24.410  -51.360  -41.185 0.5000000000
20637  -24.796  -51.966  -42.027 0.5000000000
20638  -25.609  -52.226  -41.977 0.6000000238
21494  -15.029  -50.687  -32.035 0.6999999881
21534  -18.376  -50.530  -32.900 0.5000000000
21561  -17.304  -50.180  -36.525 0.6000000238
21562  -18.068  -50.388  -35.644 0.6000000238
21572  -16.320  -50.414  -37.076 0.6999999881
21583  -21.420  -50.324  -37.147 0.6000000238
21594  -22.369  -50.074  -38.324 0.6000000238
21596  -24.158  -49.929  -38.879 0.6000000238
21597  -27.113  -50.425  -39.379 0.6000000238
21617  -22.994  -50.920  -40.024 0.6000000238
22495  -14.280  -49.910  -29.150 0.6999999881
22593  -18.175  -48.783  -35.799 0.6000000238
22595  -25.139  -49.375  -35.210 0.5000000000
22604  -14.782  -49.701  -35.728 0.6000000238
22605  -15.247  -49.238  -36.409 0.6000000238
22606  -16.154  -49.103  -36.623 0.6000000238
22609  -21.610  -49.045  -34.994 0.5000000000
22610  -21.879  -48.830  -35.754 0.5000000000
22617  -16.529  -49.712  -36.849 0.6000000238
22620  -24.672  -48.882  -36.755 0.6000000238
22621  -25.118  -49.013  -36.577 0.5000000000
22627  -22.012  -49.842  -36.816 0.5000000000
22637  -23.018  -49.551  -38.040 0.5000000000
22639  -25.930  -49.623  -38.334 0.6000000238
22640  -26.632  -50.088  -38.641 0.6000000238
23520  -14.182  -49.277  -27.841 0.6000000238
23557  -13.552  -48.093  -30.031 0.8000000119
23580  -13.793  -48.105  -30.861 0.8000000119
23625  -14.044  -47.644  -31.911 0.8000000119
23626  -14.116  -48.451  -32.116 0.8000000119
23643  -14.205  -47.672  -34.646 0.6000000238
23657  -14.224  -48.571  -35.198 0.6000000238
23661  -18.765  -48.413  -34.071 0.6000000238
23693  -24.050  -48.828  -36.983 0.5000000000
24647  -13.913  -47.470  -31.309 0.6999999881
24648  -14.269  -47.256  -31.714 0.6999999881
24650  -19.243  -47.447  -31.093 0.4000000060
24701  -15.351  -47.342  -34.815 0.5000000000
24702  -16.859  -47.302  -34.806 0.6000000238
24703  -23.086  -47.015  -34.607 0.5000000000
24714  -23.230  -47.303  -35.343 0.5000000000
25723  -12.471  -46.545  -29.067 0.6000000238
25724  -12.877  -47.121  -28.133 0.6999999881
25735  -12.507  -46.086  -29.735 0.6000000238
25758  -19.235  -47.417  -32.737 0.5000000000
25771  -14.608  -46.965  -32.148 0.6000000238
25772  -15.316  -46.748  -32.395 0.6000000238
25773  -16.376  -46.555  -32.595 0.5000000000
25776  -19.294  -46.157  -33.332 0.4000000060
25790  -18.670  -45.831  -33.488 0.4000000060
26768  -16.817  -45.701  -25.316 0.4000000060
26812  -11.713  -44.583  -28.997 0.5000000000
26813  -11.787  -44.923  -28.579 0.5000000000
26837  -13.093  -46.028  -30.095 0.6000000238
26854  -17.244  -45.607  -31.825 0.5000000000
26857  -21.363  -45.164  -31.537 0.4000000060
26867  -17.823  -45.289  -32.778 0.4000000060
26868  -18.477  -45.243  -33.305 0.4000000060
26869  -19.802  -45.708  -33.203 0.4000000060
26882  -20.034  -45.218  -33.283 0.4000000060
27964  -17.153  -45.577  -23.947 0.4000000060
27982  -17.816  -45.004  -25.302 0.5000000000
27983  -18.281  -44.723  -24.886 0.4000000060
28011  -11.720  -43.838  -27.973 0.4000000060
28012  -12.163  -44.001  -27.332 0.5000000000
28021  -11.693  -44.303  -28.434 0.5000000000
28030  -12.002  -44.578  -29.303 0.5000000000
28034  -16.243  -44.268  -29.607 0.5000000000
28043  -13.459  -45.241  -29.820 0.5000000000
28044  -14.598  -45.047  -29.819 0.5000000000
28049  -21.994  -44.771  -30.957 0.3000000119
28059  -17.385  -44.823  -31.338 0.4000000060
28073  -19.136  -44.277  -33.133 0.4000000060
28074  -21.457  -44.178  -32.994 0.4000000060
28085  -18.997  -44.797  -33.277 0.4000000060
29067  -17.066  -43.098  -22.691 0.4000000060
29069  -19.063  -43.622  -22.926 0.4000000060
29090  -18.963  -44.078  -23.619 0.4000000060
29116  -18.594  -44.245  -24.916 0.6000000238
29126  -12.784  -43.168  -27.028 0.4000000060
29130  -16.642  -43.726  -26.366 0.5000000000
29154  -11.964  -43.379  -28.326 0.4000000060
29166  -12.841  -43.115  -28.622 0.4000000060
29167  -14.425  -43.387  -29.286 0.4000000060
29168  -15.284  -43.671  -29.405 0.4000000060
29187  -18.369  -43.879  -30.792 0.4000000060
29221  -19.673  -43.770  -33.097 0.4000000060
29222  -20.524  -43.547  -33.096 0.4000000060
29239  -20.340  -44.139  -33.262 0.4000000060
30206  -19.740  -43.026  -22.759 0.4000000060
30207  -20.423  -42.684  -22.913 0.4000000060
30248  -14.879  -41.770  -25.784 0.5000000000
30260  -13.154  -42.313  -27.018 0.5000000000
30262  -14.900  -42.697  -26.231 0.5000000000
30272  -13.431  -41.687  -27.116 0.5000000000
30285  -13.337  -42.350  -28.205 0.4000000060
31281  -16.949  -41.051  -21.717 0.4000000060
31303  -20.569  -42.073  -22.592 0.4000000060
31304  -21.049  -42.268  -23.037 0.4000000060
31318  -21.059  -42.166  -23.619 0.4000000060
31319  -21.610  -41.619  -23.381 0.4000000060
31330  -14.415  -41.144  -25.811 0.5000000000
31331  -14.982  -40.973  -25.495 0.4000000060
31354  -13.838  -41.147  -26.839 0.5000000000
31372  -16.063  -41.443  -28.142 0.5000000000
32389  -22.207  -40.789  -23.286 0.4000000060
32397  -19.728  -40.144  -24.808 0.4000000060
32406  -16.102  -39.817  -25.181 0.4000000060
32420  -14.984  -40.189  -26.000 0.4000000060
32438  -14.415  -40.666  -26.418 0.5000000000
32440  -16.014  -40.272  -27.214 0.4000000060
32458  -16.707  -40.935  -27.786 0.4000000060
33407  -17.107  -39.138  -20.935 0.4000000060
33431  -22.003  -39.888  -21.816 0.5000000000
33487  -16.450  -39.210  -25.206 0.3000000119
33488  -16.844  -38.661  -24.989 0.3000000119
33503  -16.295  -39.327  -25.698 0.3000000119
36583  -17.339  -36.310  -21.823 0.3000000119
117182  -18.378  -49.950  -32.635 0.5000000000
117600  -33.697  -65.229  -36.178 0.6000000238
117774  -15.103  -51.682  -31.989 0.6000000238
119079  -22.884  -55.107  -31.725 0.8000000119
119160  -18.999  -48.139  -32.464 0.5000000000
119558  -14.400  -50.629  -29.002 0.6000000238
119635  -22.654  -54.250  -31.586 0.6000000238
119722  -18.880  -52.543  -41.256 0.6000000238
119810  -37.763  -63.973  -31.316 0.4000000060
119853  -18.835  -52.910  -32.011 0.6000000238
120047  -19.344  -55.154  -35.647 0.6999999881
120059  -38.420  -63.634  -38.511 0.5000000000
120118  -20.195  -52.152  -40.663 0.6000000238
120318  -15.292  -40.305  -25.493 0.4000000060
120571  -12.302  -43.796  -29.078 0.4000000060
120581  -16.197  -57.474  -29.508 0.6000000238
120630  -22.563  -47.465  -35.182 0.5000000000
120706  -22.915  -61.228  -37.849 0.6999999881
121607  -22.761  -57.262  -31.809 0.6999999881
123155  -22.418  -58.922  -38.017 0.6000000238
123536  -15.905  -54.577  -39.347 0.4000000060
123936  -13.512  -42.459  -26.625 0.5000000000
124228  -17.962  -35.772  -21.705 0.3000000119
124758  -21.782  -57.306  -28.991 0.6000000238
124877  -33.979  -67.133  -28.599 0.3000000119
125219  -36.472  -73.719  -31.529 0.4000000060
125941  -17.028  -54.569  -39.112 0.6000000238
126102  -12.703  -44.707  -27.274 0.5000000000
126465  -14.661  -52.213  -34.505 0.6000000238
126912  -26.020  -50.635  -36.258 0.6000000238
127143  -13.139  -54.632  -35.370 0.5000000000
127320  -20.087  -53.366  -42.956 0.5000000000
127758  -14.817  -53.030  -36.890 0.6999999881
128321  -36.157  -72.653  -32.681 0.4000000060
128548  -18.608  -49.058  -34.639 0.6000000238
128837  -12.136  -45.704  -28.776 0.6000000238
129220  -19.433  -47.416  -31.950 0.5000000000
129242  -32.596  -66.427  -29.214 0.3000000119
129364  -35.459  -62.011  -33.674 0.4000000060
129694  -12.883  -47.383  -28.866 0.6999999881
129803  -39.614  -67.994  -31.777 0.3000000119
129812  -23.185  -58.271  -36.933 0.6000000238
129973  -21.719  -50.968  -35.137 0.5000000000
130455  -18.389  -49.703  -35.198 0.6000000238
131121  -15.543  -50.783  -36.908 0.5000000000
131209  -19.832  -56.575  -29.530 0.8000000119
131422  -23.366  -61.475  -37.222 0.6999999881
131538  -39.638  -67.560  -31.087 0.3000000119
131630  -41.414  -70.262  -28.643 0.3000000119
131691  -15.602  -55.458  -32.938 0.6999999881
131952  -15.141  -54.425  -36.337 0.8000000119
132098  -30.301  -68.281  -29.726 0.3000000119
132876  -20.661  -44.665  -33.169 0.4000000060
133223  -12.322  -44.705  -27.477 0.5000000000
133477  -17.808  -44.143  -30.032 0.4000000060
133531  -17.033  -53.603  -40.317 0.5000000000
134644  -16.627  -39.164  -24.991 0.4000000060
134680  -25.115  -62.705  -36.622 0.6000000238
134769  -37.514  -71.087  -33.734 0.4000000060
134776  -14.469  -56.672  -29.657 0.6000000238
135255  -22.316  -54.870  -42.266 0.6999999881
135385  -14.879  -55.557  -33.294 0.6000000238
135660  -13.623  -53.873  -36.582 0.6000000238
135765  -27.915  -51.431  -37.736 0.6000000238
136401  -41.322  -68.430  -31.097 0.3000000119
136641  -36.991  -73.536  -31.280 0.4000000060
136693  -28.494  -53.469  -39.218 0.6000000238
136779  -27.251  -62.550  -35.283 0.6000000238
137702  -25.745  -49.434  -37.664 0.6000000238
138459  -26.567  -50.969  -36.739 0.6000000238
138692  -23.424  -58.862  -36.780 0.6000000238
138839  -23.558  -47.010  -34.940 0.5000000000
138863  -22.300  -40.766  -22.769 0.4000000060
138929  -24.776  -49.819  -38.978 0.6000000238
138950  -20.918  -53.500  -35.333 0.6000000238
138990  -25.440  -49.575  -38.359 0.6000000238
139026  -27.720  -50.782  -39.320 0.6000000238
139077  -31.033  -68.413  -31.020 0.3000000119
139384  -41.698  -67.363  -27.383 0.3000000119
139641  -36.006  -59.848  -32.162 0.3000000119
139656  -17.537  -53.663  -42.653 0.6000000238
139671  -21.611  -51.410  -31.882 0.5000000000
139700  -35.548  -61.932  -35.945 0.5000000000
139747  -37.264  -63.871  -31.485 0.4000000060
139795  -14.694  -58.396  -30.751 0.6000000238
139854  -32.576  -62.618  -37.970 0.5000000000
140028  -16.927  -55.113  -43.276 0.6000000238
140261  -38.093  -70.864  -35.063 0.4000000060
140287  -34.036  -64.017  -39.196 0.6000000238
140350  -35.833  -71.175  -27.135 0.3000000119
140431  -18.331  -50.067  -30.929 0.5000000000
140474  -18.385  -55.960  -30.126 0.8000000119
141218  -22.407  -40.081  -23.247 0.3000000119
