#!ascii label  , from subject sub-v1s12x0050109_ses-1 vox2ras=TkReg
1236
9107  -37.546  -64.159  -42.148 0.5000000000
8252  -37.477  -64.928  -42.270 0.6000000238
11644  -34.640  -60.439  -34.761 0.3000000119
7403  -37.251  -65.879  -41.574 0.5000000000
10843  -34.915  -60.990  -37.784 0.4000000060
11684  -34.574  -60.419  -37.343 0.4000000060
12511  -34.537  -59.711  -36.914 0.4000000060
12489  -34.464  -59.999  -35.469 0.3000000119
11697  -34.795  -60.377  -38.247 0.4000000060
10015  -34.572  -62.296  -44.022 0.5000000000
9129  -35.439  -63.112  -43.478 0.5000000000
8267  -36.887  -64.256  -42.384 0.5000000000
10004  -34.059  -62.563  -42.845 0.6000000238
9104  -34.446  -63.204  -42.324 0.5000000000
8249  -35.723  -64.380  -42.380 0.6000000238
12477  -35.271  -59.541  -33.291 0.3000000119
8236  -35.249  -64.575  -41.443 0.5000000000
11712  -35.371  -60.995  -39.948 0.5000000000
10844  -35.429  -61.441  -38.367 0.5000000000
12476  -35.060  -59.375  -34.103 0.3000000119
9105  -34.840  -63.881  -41.869 0.6000000238
8250  -36.061  -65.249  -41.915 0.5000000000
11711  -35.011  -60.264  -39.693 0.5000000000
11698  -35.110  -60.841  -38.995 0.4000000060
13437  -34.955  -59.141  -37.239 0.4000000060
13406  -35.058  -58.908  -36.037 0.3000000119
12499  -34.832  -59.256  -35.402 0.3000000119
12559  -34.833  -59.579  -40.375 0.4000000060
12536  -34.884  -59.592  -38.540 0.4000000060
127694  -35.127  -59.029  -38.002 0.4000000060
12548  -34.947  -59.538  -39.377 0.4000000060
12590  -32.557  -59.753  -44.617 0.6999999881
11750  -32.965  -60.541  -44.171 0.6999999881
10888  -33.777  -61.009  -44.878 0.6999999881
9106  -36.943  -63.519  -42.436 0.5000000000
12599  -30.855  -59.021  -44.392 0.6999999881
11749  -32.108  -60.256  -43.653 0.6999999881
10880  -33.297  -61.194  -43.784 0.8000000119
10881  -33.686  -61.859  -43.337 0.5000000000
10872  -32.853  -61.459  -42.557 0.6999999881
9997  -37.295  -63.192  -41.591 0.5000000000
11742  -32.303  -60.831  -42.969 0.6999999881
9987  -36.526  -62.287  -41.178 0.4000000060
10864  -35.875  -61.623  -40.425 0.5000000000
12467  -35.816  -59.357  -32.566 0.3000000119
127700  -32.580  -61.684  -41.558 0.6000000238
124285  -35.932  -61.570  -41.373 0.5000000000
13393  -35.576  -58.801  -33.863 0.3000000119
10873  -33.266  -62.081  -42.145 0.5000000000
11724  -35.063  -60.493  -40.570 0.5000000000
12571  -34.393  -59.082  -41.453 0.4000000060
13450  -35.283  -58.792  -38.877 0.4000000060
13438  -35.630  -58.636  -37.461 0.4000000060
13421  -35.400  -58.748  -36.696 0.4000000060
13474  -34.944  -58.564  -40.586 0.3000000119
13462  -35.129  -58.833  -39.793 0.4000000060
14595  -28.409  -56.288  -45.317 0.5000000000
14596  -29.339  -56.715  -45.566 0.6000000238
14597  -30.244  -57.133  -45.787 0.6000000238
13519  -31.516  -58.662  -45.290 0.6000000238
12600  -32.287  -59.183  -45.225 0.6000000238
15627  -28.057  -55.707  -44.132 0.5000000000
15633  -27.737  -56.015  -44.763 0.5000000000
14588  -27.852  -56.681  -45.164 0.6000000238
14590  -29.766  -57.438  -45.354 0.6000000238
13518  -30.364  -58.234  -44.922 0.6999999881
10890  -35.118  -62.189  -44.350 0.6000000238
122283  -39.775  -60.253  -31.642 0.3000000119
14564  -28.290  -56.934  -42.470 0.6999999881
15626  -27.382  -56.545  -44.237 0.6000000238
14587  -27.394  -56.862  -44.657 0.6000000238
14589  -28.637  -57.070  -45.324 0.6000000238
13517  -29.213  -57.892  -44.806 0.6999999881
12588  -30.326  -59.375  -43.595 0.6999999881
10900  -35.086  -61.575  -44.585 0.6000000238
10891  -35.598  -61.944  -44.151 0.6000000238
9996  -36.810  -62.811  -42.155 0.5000000000
15612  -27.038  -56.944  -43.612 0.6000000238
14578  -26.874  -57.314  -43.956 0.6000000238
13516  -27.994  -57.591  -44.839 0.6000000238
12587  -29.266  -59.183  -43.562 0.6999999881
12580  -30.644  -59.945  -42.882 0.6999999881
10874  -35.871  -61.502  -42.386 0.5000000000
12468  -36.415  -59.289  -32.065 0.3000000119
14545  -27.826  -57.289  -41.568 0.6999999881
14563  -27.061  -57.113  -42.750 0.6000000238
12585  -27.293  -58.878  -43.365 0.6000000238
12586  -28.320  -59.148  -43.385 0.6000000238
10871  -32.055  -61.217  -41.906 0.6999999881
11752  -35.370  -61.233  -44.100 0.5000000000
11744  -35.237  -60.748  -42.756 0.5000000000
13507  -26.252  -57.922  -43.328 0.6000000238
12576  -26.934  -59.280  -42.601 0.6000000238
11740  -29.961  -60.142  -42.248 0.6000000238
11734  -31.204  -60.990  -41.215 0.6000000238
140264  -31.996  -61.408  -41.143 0.6000000238
11743  -34.919  -60.430  -43.889 0.5000000000
118298  -35.782  -58.587  -34.729 0.3000000119
121682  -26.218  -57.407  -42.549 0.6999999881
14561  -25.818  -57.787  -42.756 0.6000000238
13499  -26.369  -58.575  -43.128 0.6000000238
12577  -27.996  -59.493  -42.653 0.6000000238
12570  -28.508  -59.979  -42.089 0.5000000000
11732  -29.218  -60.243  -41.776 0.5000000000
10862  -31.726  -61.382  -40.422 0.5000000000
9984  -32.959  -62.240  -41.143 0.5000000000
121203  -34.492  -59.780  -42.516 0.5000000000
14550  -35.795  -57.497  -41.782 0.3000000119
14535  -35.224  -57.877  -41.083 0.3000000119
138251  -35.324  -58.398  -40.072 0.3000000119
13451  -36.050  -58.265  -38.756 0.4000000060
140897  -35.676  -58.560  -38.176 0.4000000060
10863  -32.348  -61.811  -40.717 0.5000000000
14568  -34.464  -57.805  -42.751 0.3000000119
125516  -34.637  -58.295  -41.342 0.3000000119
13463  -35.678  -58.247  -39.615 0.4000000060
15628  -28.947  -55.299  -43.738 0.5000000000
16626  -28.649  -55.388  -44.265 0.5000000000
124310  -29.126  -55.186  -44.503 0.5000000000
16644  -29.641  -55.603  -45.216 0.5000000000
131552  -31.305  -56.360  -41.962 0.5000000000
14566  -30.530  -56.609  -42.305 0.5000000000
15615  -29.670  -55.787  -42.962 0.5000000000
16636  -28.565  -55.620  -44.953 0.5000000000
15636  -30.114  -56.443  -45.775 0.5000000000
14603  -32.050  -57.699  -46.570 0.6000000238
13522  -31.964  -58.221  -46.298 0.6000000238
140664  -29.743  -56.655  -42.512 0.5000000000
12606  -32.402  -58.874  -45.918 0.6000000238
11757  -33.783  -60.215  -45.112 0.8000000119
11623  -41.405  -60.293  -32.443 0.3000000119
137715  -30.444  -57.600  -41.256 0.6000000238
14547  -30.148  -57.233  -41.915 0.6000000238
15614  -28.751  -56.243  -43.146 0.6000000238
13524  -33.607  -58.861  -46.193 0.4000000060
11622  -40.594  -60.187  -31.917 0.3000000119
14546  -29.329  -57.498  -41.445 0.6999999881
12601  -34.435  -60.749  -44.975 0.5000000000
10898  -34.670  -61.296  -44.908 0.6000000238
12460  -38.108  -59.641  -31.431 0.3000000119
13343  -37.679  -58.633  -31.608 0.3000000119
14531  -29.215  -57.735  -40.472 0.6999999881
13512  -34.186  -58.740  -45.034 0.4000000060
126155  -36.941  -58.617  -31.994 0.3000000119
14544  -26.484  -57.278  -41.826 0.6999999881
12592  -34.565  -60.252  -44.671 0.4000000060
139174  -36.002  -58.493  -35.406 0.3000000119
14530  -28.182  -57.473  -40.526 0.6000000238
14529  -26.920  -57.199  -40.775 0.6999999881
12575  -25.904  -59.023  -42.501 0.6000000238
12569  -27.700  -59.889  -41.968 0.5000000000
11731  -28.461  -60.240  -41.464 0.5000000000
13500  -34.185  -58.440  -44.067 0.4000000060
133253  -34.342  -59.493  -43.506 0.4000000060
123527  -36.102  -57.160  -43.794 0.3000000119
14569  -35.455  -57.413  -42.758 0.3000000119
14551  -36.773  -57.449  -41.513 0.3000000119
14537  -36.638  -57.625  -40.745 0.3000000119
13464  -36.542  -58.062  -39.500 0.4000000060
116925  -35.776  -58.570  -36.043 0.3000000119
13485  -25.054  -58.582  -41.680 0.6000000238
12557  -26.813  -60.081  -40.738 0.5000000000
11720  -27.846  -60.422  -40.228 0.5000000000
128413  -29.137  -60.508  -41.018 0.5000000000
11723  -30.493  -60.793  -40.580 0.5000000000
11710  -31.069  -61.002  -40.108 0.6000000238
10854  -32.135  -61.860  -39.892 0.5000000000
14567  -34.324  -57.908  -43.626 0.3000000119
129416  -35.018  -57.501  -43.615 0.3000000119
139869  -25.942  -59.671  -41.135 0.5000000000
118866  -28.891  -60.506  -40.246 0.5000000000
11696  -30.161  -60.671  -38.891 0.5000000000
11695  -29.291  -60.516  -38.646 0.5000000000
15603  -31.929  -55.854  -41.430 0.5000000000
16600  -31.202  -55.073  -42.204 0.5000000000
16627  -29.321  -54.825  -43.935 0.5000000000
17708  -29.946  -54.137  -43.643 0.5000000000
16637  -29.936  -54.776  -44.473 0.5000000000
16645  -30.651  -55.565  -45.388 0.5000000000
15602  -31.775  -56.940  -41.164 0.5000000000
15616  -30.543  -55.522  -42.659 0.5000000000
16646  -31.862  -55.891  -45.912 0.4000000060
14548  -31.026  -57.245  -41.630 0.5000000000
15637  -31.848  -56.974  -46.438 0.4000000060
11630  -42.208  -60.828  -32.895 0.3000000119
116778  -42.949  -60.370  -33.274 0.3000000119
14533  -31.174  -57.657  -40.644 0.6000000238
15641  -32.464  -57.562  -46.702 0.4000000060
13523  -32.873  -58.743  -46.461 0.4000000060
14517  -30.710  -57.937  -39.720 0.6000000238
14532  -30.163  -57.851  -40.566 0.6000000238
12462  -40.084  -59.384  -31.512 0.3000000119
13345  -39.485  -58.542  -31.421 0.3000000119
13520  -34.044  -58.855  -45.782 0.4000000060
14515  -28.808  -57.527  -39.506 0.6000000238
14600  -34.675  -57.618  -45.984 0.4000000060
14591  -34.452  -58.091  -45.370 0.4000000060
13379  -36.289  -58.462  -33.271 0.3000000119
14580  -34.729  -57.678  -44.429 0.3000000119
14581  -35.692  -57.303  -44.592 0.3000000119
16611  -30.300  -54.270  -42.720 0.5000000000
17709  -30.282  -53.728  -42.957 0.5000000000
17721  -30.642  -53.515  -43.456 0.4000000060
17728  -31.451  -54.237  -44.323 0.4000000060
16638  -31.110  -54.883  -44.949 0.4000000060
15597  -32.330  -56.405  -40.542 0.6000000238
16647  -33.260  -55.965  -46.017 0.4000000060
15638  -32.750  -56.822  -46.494 0.4000000060
12463  -40.981  -59.371  -31.738 0.3000000119
126596  -42.146  -60.048  -32.765 0.3000000119
14516  -29.817  -57.937  -39.659 0.6000000238
14604  -33.183  -57.655  -46.809 0.4000000060
13525  -33.433  -58.349  -46.639 0.4000000060
130824  -34.726  -57.065  -46.170 0.4000000060
14601  -35.332  -57.091  -45.619 0.4000000060
14592  -35.184  -57.391  -45.295 0.3000000119
14593  -36.095  -57.079  -45.142 0.3000000119
14514  -27.543  -57.196  -39.715 0.6000000238
16601  -31.623  -54.448  -41.552 0.5000000000
17699  -30.702  -53.578  -42.269 0.5000000000
18655  -30.849  -52.880  -42.194 0.4000000060
18668  -30.609  -53.010  -42.727 0.4000000060
16594  -32.407  -55.200  -40.604 0.5000000000
17722  -31.727  -53.540  -43.709 0.4000000060
14534  -31.989  -57.189  -40.203 0.6000000238
124635  -32.452  -56.753  -39.829 0.6000000238
127272  -32.969  -55.276  -39.786 0.6000000238
17729  -32.651  -54.526  -44.397 0.4000000060
14518  -31.525  -57.630  -39.592 0.6000000238
14519  -32.191  -57.224  -39.377 0.6000000238
16640  -33.703  -55.345  -45.255 0.4000000060
13461  -31.109  -57.956  -38.912 0.6000000238
15639  -33.833  -56.898  -46.484 0.4000000060
16641  -34.951  -55.546  -45.075 0.4000000060
15640  -35.273  -56.722  -45.715 0.4000000060
16642  -35.944  -55.912  -44.806 0.4000000060
13344  -38.547  -58.616  -31.431 0.3000000119
14407  -39.820  -57.658  -31.583 0.3000000119
14503  -30.358  -58.084  -38.911 0.6000000238
15634  -36.251  -56.641  -45.079 0.4000000060
13380  -36.990  -58.053  -33.587 0.3000000119
14405  -38.125  -57.879  -31.697 0.3000000119
14502  -29.581  -57.834  -38.672 0.6000000238
14501  -28.905  -57.271  -38.572 0.6000000238
15579  -29.160  -57.059  -37.785 0.6999999881
14475  -30.200  -57.629  -36.655 0.6999999881
14474  -29.701  -57.344  -37.183 0.6999999881
15549  -29.769  -56.743  -36.470 0.6999999881
15561  -29.054  -55.634  -37.473 0.6000000238
15550  -30.207  -57.244  -35.940 0.6999999881
15538  -30.330  -57.066  -35.072 0.6000000238
15562  -29.423  -56.144  -37.030 0.6999999881
15537  -29.918  -56.333  -35.684 0.6999999881
17700  -31.224  -53.169  -41.638 0.5000000000
18643  -31.763  -52.667  -41.187 0.5000000000
16595  -32.791  -54.279  -40.150 0.5000000000
17690  -31.936  -53.723  -40.862 0.5000000000
18657  -32.188  -52.182  -41.684 0.5000000000
125865  -31.817  -52.392  -42.427 0.4000000060
18685  -32.082  -52.846  -43.157 0.4000000060
15580  -32.861  -56.676  -38.248 0.6000000238
15591  -33.253  -55.875  -39.041 0.6000000238
16589  -33.296  -54.722  -39.330 0.6000000238
17683  -33.212  -53.572  -39.743 0.6000000238
17723  -32.883  -53.901  -43.679 0.4000000060
124349  -31.798  -57.564  -38.760 0.6000000238
134836  -33.299  -55.926  -38.109 0.6000000238
16582  -33.494  -55.122  -38.397 0.6000000238
14504  -31.352  -57.894  -38.125 0.6000000238
131615  -32.143  -57.433  -37.883 0.6000000238
15563  -32.718  -56.999  -37.389 0.6000000238
16554  -33.467  -55.938  -36.569 0.6000000238
119605  -33.811  -55.136  -36.934 0.6000000238
16613  -36.477  -55.297  -42.808 0.4000000060
14490  -31.485  -57.951  -37.233 0.6000000238
14477  -32.253  -57.522  -36.753 0.6000000238
15551  -32.935  -56.799  -36.683 0.6000000238
17632  -33.880  -55.077  -36.052 0.6000000238
16629  -34.882  -55.249  -43.764 0.4000000060
16630  -36.097  -55.808  -43.733 0.4000000060
13436  -30.783  -58.153  -37.638 0.6000000238
14476  -31.497  -57.914  -36.320 0.5000000000
15539  -32.592  -57.165  -36.083 0.6000000238
15540  -33.068  -56.583  -35.884 0.6000000238
17610  -33.834  -55.357  -35.216 0.6000000238
17611  -34.258  -54.638  -35.194 0.6999999881
131764  -29.739  -57.872  -37.837 0.6999999881
13419  -30.821  -58.086  -36.756 0.6000000238
14461  -32.077  -57.600  -35.787 0.6000000238
15528  -32.553  -57.083  -35.335 0.6000000238
17589  -33.899  -55.241  -34.514 0.6000000238
17590  -34.302  -54.574  -34.301 0.6000000238
18537  -35.076  -53.454  -33.462 0.6000000238
15511  -32.537  -56.948  -34.390 0.6000000238
119154  -33.478  -55.827  -33.994 0.6000000238
17570  -33.877  -55.134  -33.638 0.6000000238
17571  -34.378  -54.272  -33.349 0.6000000238
14460  -31.361  -57.775  -35.436 0.6000000238
14446  -32.007  -57.527  -34.886 0.6000000238
15512  -32.879  -56.428  -33.690 0.5000000000
16506  -33.288  -55.818  -33.045 0.6000000238
17552  -34.310  -54.269  -32.322 0.6000000238
137268  -32.284  -57.001  -33.592 0.5000000000
16553  -29.640  -55.608  -36.342 0.6999999881
15526  -30.044  -56.037  -34.845 0.6999999881
15527  -30.295  -56.756  -34.333 0.5000000000
139135  -31.020  -57.190  -33.286 0.6000000238
15494  -32.423  -56.564  -32.851 0.5000000000
138955  -33.341  -55.528  -32.411 0.5000000000
15493  -31.645  -56.748  -32.506 0.6000000238
24688  -23.301  -47.378  -32.986 0.6000000238
23648  -24.446  -47.025  -33.848 0.6000000238
23664  -24.589  -47.343  -34.636 0.6000000238
17691  -32.465  -53.053  -40.492 0.5000000000
18644  -32.448  -52.192  -40.874 0.5000000000
18670  -32.790  -52.391  -42.670 0.5000000000
17654  -33.848  -54.555  -37.732 0.5000000000
17673  -33.629  -54.060  -38.797 0.5000000000
18611  -34.387  -53.169  -37.672 0.5000000000
18686  -33.374  -53.275  -43.234 0.4000000060
18672  -35.347  -53.055  -42.460 0.4000000060
130413  -34.238  -53.936  -37.491 0.5000000000
19578  -34.757  -53.005  -37.000 0.5000000000
16628  -33.802  -54.917  -44.200 0.4000000060
17710  -34.413  -54.128  -43.029 0.4000000060
17711  -35.944  -54.206  -42.485 0.4000000060
17633  -34.417  -54.236  -36.105 0.5000000000
136755  -34.705  -53.545  -36.292 0.5000000000
17655  -34.475  -53.753  -36.902 0.5000000000
18577  -34.810  -53.725  -35.351 0.6000000238
18578  -35.295  -52.974  -35.416 0.6000000238
18554  -34.724  -53.884  -34.315 0.6000000238
18555  -35.327  -53.201  -34.540 0.5000000000
19510  -35.762  -52.986  -33.024 0.4000000060
19511  -36.127  -52.303  -33.585 0.4000000060
18508  -34.815  -53.761  -31.865 0.6000000238
18521  -35.280  -53.362  -32.441 0.6000000238
19487  -35.793  -52.871  -32.110 0.5000000000
130433  -36.031  -52.465  -32.695 0.4000000060
141164  -36.392  -51.659  -33.367 0.4000000060
21518  -36.935  -50.423  -31.986 0.4000000060
16568  -29.500  -54.971  -36.961 0.6999999881
127989  -33.889  -54.665  -31.868 0.6000000238
18509  -35.431  -53.294  -31.411 0.5000000000
20516  -36.497  -51.259  -31.684 0.4000000060
16523  -30.021  -56.089  -34.010 0.6000000238
15484  -32.117  -56.337  -31.971 0.5000000000
16474  -33.348  -55.247  -31.779 0.5000000000
18498  -34.937  -53.774  -30.823 0.5000000000
18499  -35.455  -53.049  -30.246 0.5000000000
19469  -36.271  -51.823  -30.832 0.4000000060
20494  -36.529  -51.152  -30.514 0.4000000060
15492  -30.892  -56.810  -32.770 0.6000000238
17533  -33.029  -55.034  -30.825 0.5000000000
23608  -23.077  -48.575  -31.298 0.6999999881
24670  -23.943  -47.736  -32.400 0.6000000238
24651  -23.774  -48.215  -31.541 0.6999999881
24671  -24.672  -47.660  -32.590 0.6000000238
24634  -24.396  -48.071  -30.914 0.6000000238
23649  -24.924  -47.746  -33.922 0.6000000238
23629  -25.199  -47.854  -32.533 0.6000000238
23609  -25.655  -48.177  -31.698 0.6000000238
23585  -26.049  -47.968  -30.813 0.6000000238
23586  -26.793  -48.224  -30.429 0.6000000238
23665  -25.033  -48.304  -34.767 0.5000000000
118288  -25.317  -49.303  -33.107 0.6000000238
22560  -25.494  -48.653  -32.449 0.6000000238
23610  -26.359  -48.604  -31.092 0.6000000238
21550  -25.402  -50.163  -34.648 0.5000000000
119704  -25.387  -49.815  -33.853 0.5000000000
22541  -25.934  -49.105  -31.754 0.5000000000
22542  -26.344  -49.513  -31.029 0.5000000000
18625  -33.767  -52.884  -39.364 0.4000000060
19612  -33.567  -51.961  -40.063 0.5000000000
19646  -33.347  -51.955  -42.043 0.5000000000
18671  -34.144  -52.801  -42.736 0.4000000060
120391  -25.551  -50.779  -33.940 0.5000000000
21536  -25.320  -50.424  -33.096 0.5000000000
20489  -25.425  -50.905  -31.707 0.5000000000
137209  -26.091  -50.455  -30.766 0.5000000000
19603  -34.057  -52.159  -39.420 0.5000000000
19648  -35.862  -52.266  -42.292 0.4000000060
119864  -36.942  -52.653  -42.322 0.4000000060
20569  -25.783  -51.126  -34.814 0.5000000000
20534  -25.487  -51.360  -33.233 0.5000000000
20513  -25.337  -51.102  -32.403 0.6000000238
19466  -25.565  -51.800  -31.718 0.6000000238
135733  -35.069  -53.841  -42.625 0.4000000060
19528  -26.028  -52.260  -33.993 0.6000000238
19486  -25.982  -52.608  -32.892 0.6000000238
128422  -25.806  -52.447  -32.188 0.6999999881
18596  -35.001  -52.949  -36.160 0.5000000000
19592  -28.045  -52.033  -37.248 0.6000000238
125551  -35.691  -52.531  -35.052 0.5000000000
20554  -36.396  -51.332  -35.059 0.4000000060
18594  -29.126  -53.426  -36.602 0.6000000238
19532  -36.121  -52.044  -34.591 0.4000000060
18595  -29.611  -53.799  -36.879 0.6000000238
17609  -29.561  -54.530  -35.333 0.6000000238
21539  -36.586  -51.003  -32.996 0.4000000060
16504  -29.670  -55.475  -33.727 0.6000000238
131684  -29.761  -55.258  -35.509 0.6999999881
16489  -30.404  -56.124  -32.159 0.6000000238
136347  -30.800  -55.848  -31.363 0.6000000238
16490  -31.256  -56.361  -31.982 0.5000000000
16473  -32.571  -55.654  -31.444 0.5000000000
23583  -22.711  -48.940  -30.717 0.6999999881
24615  -24.147  -48.124  -30.014 0.6999999881
23562  -24.044  -48.224  -29.302 0.6000000238
138034  -24.857  -47.856  -30.342 0.6000000238
24616  -24.839  -47.868  -29.470 0.6000000238
24635  -25.547  -47.774  -30.174 0.6000000238
23563  -27.013  -47.749  -29.682 0.6999999881
22522  -27.460  -48.564  -29.882 0.6000000238
22521  -27.008  -49.054  -30.597 0.6000000238
19613  -34.068  -51.665  -39.806 0.5000000000
19623  -33.667  -51.559  -40.410 0.5000000000
19634  -32.911  -51.798  -41.146 0.5000000000
19635  -33.737  -51.564  -41.365 0.5000000000
130426  -26.595  -50.127  -30.305 0.6000000238
22500  -27.316  -49.815  -29.815 0.5000000000
20639  -34.076  -51.286  -40.715 0.5000000000
19647  -34.630  -51.966  -42.145 0.5000000000
20467  -26.216  -51.898  -30.297 0.6000000238
20466  -25.743  -51.243  -30.953 0.6000000238
21459  -26.855  -50.833  -29.838 0.5000000000
19593  -34.648  -52.256  -37.943 0.5000000000
19576  -27.654  -52.422  -36.464 0.6000000238
19553  -27.295  -52.791  -35.593 0.4000000060
19529  -26.444  -52.663  -34.299 0.6000000238
18519  -26.278  -53.130  -32.286 0.6000000238
19467  -26.017  -52.632  -31.476 0.6000000238
20443  -26.637  -51.592  -29.869 0.6000000238
19579  -35.134  -52.312  -36.961 0.4000000060
20595  -35.266  -51.658  -37.710 0.4000000060
18574  -27.763  -53.416  -35.278 0.5000000000
19530  -27.023  -53.097  -34.745 0.5000000000
18552  -26.767  -53.354  -33.798 0.6000000238
18535  -26.379  -53.125  -33.106 0.6999999881
136316  -26.752  -53.725  -32.035 0.6000000238
18506  -26.508  -53.387  -31.363 0.6000000238
18479  -27.012  -53.357  -29.893 0.6000000238
19554  -35.495  -52.287  -35.989 0.5000000000
18593  -28.163  -53.115  -36.162 0.6000000238
17567  -27.510  -54.074  -33.401 0.6000000238
121973  -27.256  -54.140  -32.341 0.6000000238
17531  -27.798  -54.492  -30.797 0.6000000238
18497  -27.317  -54.025  -30.306 0.6000000238
19433  -27.502  -53.044  -29.487 0.6000000238
19555  -35.989  -51.876  -35.448 0.4000000060
18553  -28.279  -53.805  -34.950 0.5000000000
17587  -28.361  -54.156  -34.251 0.6000000238
17550  -27.889  -54.499  -32.643 0.6000000238
17532  -28.439  -54.928  -31.208 0.6000000238
17492  -28.335  -54.352  -29.722 0.6000000238
18576  -29.460  -53.913  -36.000 0.6000000238
17608  -29.067  -54.097  -35.104 0.6000000238
17588  -29.264  -54.684  -34.264 0.6000000238
135885  -28.617  -54.983  -32.295 0.6000000238
126309  -29.153  -55.350  -31.466 0.6000000238
16488  -29.560  -55.585  -32.398 0.6000000238
16505  -30.069  -56.162  -33.071 0.6000000238
16472  -31.686  -55.830  -31.307 0.5000000000
16451  -32.161  -55.236  -30.626 0.5000000000
22498  -22.347  -49.292  -30.058 0.6999999881
23561  -23.426  -48.491  -29.619 0.6999999881
20442  -21.921  -51.506  -29.312 0.6999999881
22480  -22.509  -49.752  -28.598 0.6999999881
22499  -22.778  -49.035  -29.233 0.6999999881
23540  -23.587  -48.520  -28.842 0.6999999881
23541  -24.416  -48.126  -28.687 0.6000000238
24598  -25.215  -47.667  -28.571 0.6000000238
24600  -26.799  -47.096  -28.279 0.5000000000
24617  -25.749  -47.533  -29.260 0.6999999881
24619  -27.190  -47.441  -28.913 0.5000000000
137641  -27.513  -47.914  -29.363 0.5000000000
135221  -27.919  -49.197  -29.449 0.5000000000
20628  -34.181  -51.247  -39.999 0.4000000060
20640  -35.026  -50.936  -41.147 0.5000000000
19636  -35.425  -51.500  -41.810 0.5000000000
20642  -37.080  -51.043  -41.786 0.4000000060
20603  -34.798  -51.437  -38.661 0.4000000060
20629  -34.817  -50.944  -40.248 0.4000000060
20444  -27.202  -51.586  -29.576 0.6000000238
19432  -26.857  -52.420  -29.707 0.6000000238
130238  -27.690  -52.334  -29.431 0.6000000238
18481  -28.690  -53.989  -29.377 0.6000000238
19434  -28.355  -53.117  -29.333 0.6000000238
16470  -29.619  -55.414  -30.727 0.6000000238
16448  -29.271  -55.133  -30.055 0.6000000238
120479  -29.954  -55.676  -31.500 0.6000000238
18482  -29.497  -54.265  -29.362 0.5000000000
16471  -30.347  -55.548  -30.795 0.6000000238
16449  -30.158  -55.222  -29.993 0.5000000000
17511  -31.813  -54.797  -29.755 0.5000000000
19420  -22.485  -52.269  -28.687 0.6999999881
20421  -22.786  -51.331  -27.801 0.6999999881
21445  -23.068  -49.903  -27.848 0.6999999881
22481  -23.208  -49.076  -28.334 0.6999999881
22465  -23.722  -49.269  -27.564 0.6000000238
23522  -24.113  -48.503  -28.025 0.6999999881
138865  -24.817  -47.928  -28.052 0.4000000060
19421  -23.156  -53.019  -28.160 0.6999999881
19410  -22.873  -52.110  -27.909 0.6999999881
20422  -23.410  -51.784  -27.217 0.6000000238
21433  -23.669  -50.153  -27.188 0.6000000238
24578  -26.262  -47.166  -27.678 0.5000000000
17468  -23.954  -55.349  -27.662 0.6999999881
18465  -24.058  -53.854  -27.620 0.6999999881
24579  -27.185  -47.166  -27.584 0.5000000000
16402  -23.602  -55.905  -27.657 0.6999999881
24601  -27.691  -47.310  -28.156 0.5000000000
16388  -22.500  -55.433  -26.834 0.6000000238
17466  -20.814  -54.586  -27.652 0.6000000238
18464  -20.281  -53.810  -27.394 0.6000000238
19429  -19.023  -52.822  -28.904 0.5000000000
19418  -18.688  -51.972  -28.471 0.5000000000
20630  -35.715  -50.631  -40.669 0.4000000060
20631  -36.622  -50.448  -41.144 0.4000000060
132801  -29.330  -53.536  -29.301 0.6000000238
22466  -24.327  -49.559  -26.958 0.5000000000
118196  -24.384  -48.782  -27.314 0.5000000000
19411  -23.614  -52.846  -27.340 0.6000000238
19402  -24.137  -52.637  -26.654 0.6000000238
20412  -24.063  -51.844  -26.674 0.6000000238
21434  -24.341  -50.525  -26.721 0.6000000238
23502  -25.164  -48.845  -26.825 0.5000000000
23524  -25.692  -47.729  -27.134 0.5000000000
24559  -26.692  -47.542  -27.041 0.5000000000
139010  -24.036  -55.125  -26.994 0.6999999881
117430  -24.175  -54.654  -27.008 0.6000000238
18458  -24.321  -53.670  -26.683 0.6000000238
130679  -24.615  -52.438  -26.162 0.6000000238
137499  -24.907  -52.909  -25.444 0.6000000238
17456  -23.048  -55.168  -26.144 0.6999999881
17443  -23.557  -54.758  -25.511 0.6000000238
18450  -23.019  -54.309  -24.822 0.6000000238
18451  -23.959  -54.341  -24.871 0.6000000238
19393  -24.715  -53.355  -24.947 0.6000000238
17455  -21.932  -54.893  -26.258 0.6000000238
17442  -22.513  -54.619  -25.526 0.6000000238
140973  -22.150  -53.984  -25.133 0.6000000238
18438  -22.366  -53.404  -24.526 0.6000000238
17454  -20.980  -54.342  -26.737 0.6000000238
19401  -20.398  -52.649  -26.098 0.6000000238
19391  -20.930  -52.601  -25.512 0.6000000238
19392  -21.547  -52.529  -24.888 0.6000000238
140109  -19.900  -53.143  -27.213 0.5000000000
19419  -19.063  -52.535  -28.072 0.5000000000
19408  -19.413  -51.942  -26.940 0.5000000000
128983  -20.483  -52.059  -25.809 0.6000000238
20399  -20.982  -51.810  -25.342 0.6000000238
21623  -37.147  -49.902  -40.706 0.4000000060
21479  -18.396  -50.616  -30.506 0.5000000000
20420  -19.118  -51.204  -27.274 0.5000000000
20410  -19.652  -51.218  -26.559 0.6000000238
20411  -20.365  -51.264  -25.894 0.6000000238
133877  -18.379  -49.902  -30.250 0.5000000000
22479  -18.546  -49.721  -28.726 0.5000000000
21430  -18.563  -50.439  -28.380 0.4000000060
21420  -19.415  -50.377  -26.916 0.5000000000
137336  -19.855  -49.890  -26.493 0.6000000238
22450  -25.102  -50.133  -26.601 0.6000000238
22451  -26.292  -48.557  -26.593 0.5000000000
21424  -25.629  -50.955  -26.058 0.6000000238
22439  -26.129  -49.969  -26.300 0.5000000000
24560  -27.634  -47.485  -26.863 0.5000000000
19388  -25.315  -52.739  -24.843 0.6999999881
20402  -26.472  -51.801  -24.907 0.6999999881
19386  -23.871  -53.171  -23.870 0.6000000238
19381  -24.431  -52.575  -23.649 0.6999999881
20388  -22.216  -52.339  -24.276 0.6000000238
19380  -23.476  -52.355  -23.594 0.6999999881
20400  -21.588  -51.602  -24.723 0.6000000238
20375  -23.015  -51.376  -23.663 0.6999999881
118976  -21.082  -50.843  -25.240 0.6000000238
21399  -22.185  -50.347  -24.326 0.6999999881
119049  -18.497  -49.189  -31.688 0.5000000000
23559  -18.508  -49.030  -29.170 0.5000000000
22463  -18.729  -49.757  -27.969 0.4000000060
22448  -19.513  -49.519  -26.922 0.6000000238
21410  -20.930  -49.920  -25.441 0.6000000238
23582  -18.566  -48.686  -30.539 0.5000000000
23539  -18.720  -49.050  -28.346 0.4000000060
127088  -19.394  -48.234  -27.467 0.5000000000
23503  -27.231  -48.256  -26.383 0.5000000000
23481  -26.989  -49.350  -25.974 0.5000000000
21411  -26.409  -51.131  -25.545 0.6000000238
21412  -27.028  -51.273  -24.804 0.5000000000
21413  -27.478  -50.677  -25.022 0.5000000000
19382  -25.285  -52.529  -23.956 0.6999999881
20377  -24.973  -51.934  -23.371 0.6999999881
21389  -23.546  -50.851  -23.550 0.6000000238
131680  -21.508  -50.116  -24.858 0.6999999881
21400  -22.896  -50.437  -23.878 0.6000000238
22449  -20.055  -49.237  -26.390 0.6000000238
22425  -21.449  -49.301  -25.132 0.6000000238
24633  -18.955  -47.418  -30.140 0.5000000000
24597  -19.259  -47.691  -28.161 0.4000000060
23501  -20.308  -48.466  -26.382 0.6000000238
25736  -19.448  -46.830  -29.644 0.4000000060
25725  -19.549  -46.890  -28.671 0.4000000060
25711  -19.771  -46.984  -27.794 0.5000000000
133205  -19.654  -47.594  -27.448 0.5000000000
20391  -26.537  -51.739  -24.166 0.6000000238
21402  -27.530  -50.889  -24.267 0.5000000000
20378  -25.842  -51.909  -23.657 0.6000000238
21401  -27.065  -51.294  -23.818 0.5000000000
21391  -25.428  -51.007  -23.109 0.6000000238
22412  -24.632  -49.985  -23.222 0.6000000238
22413  -25.434  -49.981  -22.957 0.5000000000
129846  -23.347  -48.941  -23.937 0.6000000238
23464  -22.068  -48.828  -24.751 0.6999999881
124666  -22.828  -48.309  -24.413 0.5000000000
23479  -20.902  -48.225  -25.970 0.6000000238
24557  -20.624  -47.615  -26.453 0.5000000000
25737  -19.997  -46.244  -29.175 0.4000000060
25698  -20.712  -46.771  -26.758 0.5000000000
32459  -17.689  -40.946  -28.017 0.4000000060
32442  -18.085  -40.176  -27.613 0.3000000119
31374  -18.297  -41.805  -28.518 0.4000000060
22415  -27.489  -50.411  -22.974 0.5000000000
30290  -18.388  -42.645  -28.865 0.3000000119
31391  -19.133  -42.459  -28.892 0.4000000060
121979  -24.987  -49.113  -23.095 0.5000000000
22414  -26.847  -50.036  -22.602 0.5000000000
29188  -19.081  -43.286  -31.315 0.3000000119
30308  -19.658  -42.780  -29.767 0.4000000060
23450  -24.557  -48.222  -23.476 0.5000000000
29206  -19.970  -43.164  -32.592 0.3000000119
23465  -22.206  -48.082  -24.962 0.6000000238
24539  -21.301  -47.605  -25.880 0.6999999881
24518  -22.659  -47.418  -24.892 0.6000000238
26798  -20.685  -45.802  -27.852 0.5000000000
25699  -21.339  -46.403  -26.468 0.5000000000
25713  -20.925  -46.016  -27.057 0.4000000060
25700  -21.995  -46.085  -26.099 0.4000000060
33504  -16.992  -38.930  -26.034 0.3000000119
33519  -17.481  -39.464  -26.940 0.3000000119
32443  -19.041  -40.131  -27.752 0.3000000119
32460  -18.682  -40.897  -28.151 0.3000000119
31375  -19.322  -41.586  -28.569 0.4000000060
118549  -25.983  -49.310  -22.741 0.5000000000
122740  -20.160  -42.444  -30.830 0.4000000060
31392  -19.949  -42.094  -29.127 0.4000000060
23451  -25.398  -48.283  -23.012 0.5000000000
30341  -20.733  -42.801  -32.441 0.4000000060
122037  -21.331  -42.270  -31.846 0.4000000060
23466  -23.715  -48.196  -23.950 0.5000000000
24505  -25.022  -47.427  -23.423 0.5000000000
29223  -21.325  -43.582  -32.985 0.4000000060
24519  -23.404  -47.423  -24.405 0.5000000000
25687  -22.447  -46.601  -25.431 0.5000000000
25667  -23.183  -46.640  -24.855 0.5000000000
26826  -21.240  -45.319  -29.287 0.3000000119
28023  -21.835  -44.914  -28.883 0.4000000060
26800  -21.922  -44.923  -27.111 0.4000000060
26769  -22.627  -45.687  -25.744 0.4000000060
34551  -17.152  -38.255  -25.021 0.3000000119
33520  -18.449  -39.434  -27.165 0.3000000119
32444  -19.923  -40.000  -27.980 0.4000000060
31376  -20.166  -41.364  -28.695 0.4000000060
23439  -29.223  -49.059  -22.741 0.4000000060
31393  -20.724  -41.832  -29.268 0.4000000060
23438  -28.554  -48.654  -22.484 0.4000000060
30322  -21.028  -42.079  -30.899 0.4000000060
31409  -21.151  -41.999  -29.982 0.4000000060
23452  -26.290  -48.231  -22.701 0.4000000060
31423  -22.362  -41.842  -31.200 0.4000000060
24520  -24.189  -47.399  -23.908 0.5000000000
30360  -21.740  -42.992  -32.374 0.4000000060
28062  -22.670  -44.072  -31.953 0.3000000119
123853  -23.909  -46.611  -24.352 0.5000000000
28024  -22.458  -44.498  -28.607 0.3000000119
33505  -17.845  -38.754  -26.402 0.3000000119
33506  -18.783  -38.700  -26.699 0.3000000119
33521  -19.371  -39.371  -27.411 0.3000000119
33531  -20.813  -39.979  -28.012 0.4000000060
32463  -21.331  -40.683  -28.271 0.4000000060
32464  -22.174  -40.810  -28.064 0.3000000119
31377  -20.999  -41.295  -28.711 0.4000000060
139664  -30.912  -48.750  -23.653 0.4000000060
24521  -32.136  -48.285  -24.597 0.4000000060
31395  -22.347  -41.490  -29.684 0.4000000060
130611  -27.965  -48.157  -22.437 0.4000000060
24506  -25.766  -47.521  -23.030 0.4000000060
30342  -22.310  -42.379  -31.811 0.3000000119
28075  -22.577  -43.735  -32.065 0.3000000119
29225  -23.187  -43.314  -31.832 0.3000000119
119977  -23.530  -43.935  -30.641 0.3000000119
27984  -22.878  -44.894  -26.023 0.4000000060
35625  -18.769  -37.567  -25.418 0.3000000119
33522  -20.258  -39.281  -27.687 0.4000000060
33523  -21.133  -39.185  -28.013 0.4000000060
33532  -21.663  -39.915  -28.023 0.4000000060
24544  -33.670  -47.249  -25.247 0.4000000060
24508  -32.136  -48.111  -23.541 0.4000000060
116640  -22.708  -41.391  -28.812 0.4000000060
124925  -29.308  -48.318  -22.379 0.4000000060
31411  -22.909  -41.590  -30.667 0.4000000060
25637  -27.746  -47.260  -22.556 0.4000000060
132954  -29.233  -47.646  -22.313 0.4000000060
137724  -23.618  -41.690  -31.116 0.3000000119
24507  -26.601  -47.140  -22.824 0.4000000060
29208  -24.373  -43.008  -31.269 0.3000000119
25669  -24.700  -46.615  -23.866 0.5000000000
28063  -23.071  -43.723  -31.770 0.3000000119
29170  -24.151  -43.645  -30.265 0.3000000119
133680  -24.452  -45.875  -24.332 0.5000000000
28015  -23.223  -44.186  -27.384 0.3000000119
26771  -23.831  -45.006  -25.172 0.4000000060
28013  -21.797  -44.822  -27.969 0.4000000060
138342  -19.475  -37.452  -26.396 0.3000000119
32445  -22.825  -40.788  -27.621 0.3000000119
31357  -23.023  -41.276  -27.913 0.3000000119
24523  -33.485  -47.373  -24.484 0.4000000060
31396  -23.350  -41.368  -29.883 0.3000000119
24495  -30.949  -47.923  -22.360 0.4000000060
24510  -33.210  -47.266  -23.575 0.3000000119
31412  -23.780  -41.417  -30.697 0.3000000119
25638  -28.688  -47.023  -22.492 0.4000000060
24494  -29.974  -47.840  -22.284 0.4000000060
30324  -25.005  -42.549  -30.875 0.3000000119
29191  -25.442  -42.829  -30.350 0.3000000119
26734  -25.876  -45.722  -23.608 0.4000000060
29155  -24.076  -43.735  -29.169 0.3000000119
29141  -23.976  -43.827  -28.084 0.3000000119
28002  -23.354  -44.336  -26.503 0.3000000119
27986  -24.463  -44.410  -25.425 0.3000000119
129510  -23.780  -41.368  -27.804 0.3000000119
31358  -24.258  -41.325  -27.282 0.3000000119
117799  -23.841  -41.363  -28.909 0.3000000119
25655  -32.742  -47.091  -22.768 0.3000000119
25640  -30.494  -47.057  -22.232 0.4000000060
25642  -32.172  -46.918  -22.244 0.4000000060
136419  -26.010  -42.528  -29.988 0.3000000119
25654  -28.060  -46.258  -22.712 0.4000000060
25639  -29.557  -46.986  -22.379 0.4000000060
29171  -24.997  -43.421  -29.977 0.3000000119
29156  -24.969  -43.535  -28.804 0.3000000119
26758  -25.640  -45.162  -24.101 0.3000000119
28004  -25.015  -43.772  -26.161 0.3000000119
30310  -26.469  -42.041  -29.656 0.3000000119
29172  -25.757  -43.114  -29.701 0.3000000119
26719  -28.987  -46.168  -22.638 0.3000000119
139234  -30.905  -46.038  -22.226 0.3000000119
29157  -25.963  -43.327  -28.857 0.3000000119
26735  -26.564  -45.152  -23.756 0.3000000119
29131  -24.784  -43.750  -27.042 0.3000000119
27967  -25.236  -44.599  -24.758 0.3000000119
30293  -28.101  -41.839  -28.454 0.3000000119
31362  -28.447  -41.371  -27.927 0.3000000119
29158  -26.728  -43.109  -28.727 0.3000000119
26737  -28.461  -45.460  -23.027 0.3000000119
30273  -28.077  -42.425  -28.198 0.3000000119
30274  -28.607  -41.984  -27.927 0.3000000119
28001  -22.618  -44.609  -26.784 0.4000000060
28037  -23.214  -44.139  -29.551 0.3000000119
28025  -23.210  -44.139  -28.377 0.3000000119
10899  -34.771  -61.771  -44.611 0.6000000238
10006  -36.032  -63.070  -43.435 0.5000000000
9117  -35.899  -63.687  -42.992 0.5000000000
9116  -35.238  -63.588  -42.817 0.5000000000
10007  -36.508  -62.866  -42.985 0.5000000000
10855  -35.730  -61.700  -39.414 0.5000000000
12607  -33.135  -59.303  -45.746 0.6999999881
12589  -31.371  -59.729  -43.787 0.6999999881
9986  -36.304  -62.144  -40.146 0.4000000060
119174  -31.543  -60.782  -42.175 0.6999999881
11736  -35.361  -60.894  -41.493 0.5000000000
13394  -36.350  -58.357  -34.137 0.3000000119
11735  -34.690  -60.093  -41.432 0.5000000000
13487  -34.237  -58.333  -42.065 0.3000000119
14598  -31.164  -57.262  -46.181 0.6000000238
13521  -30.894  -57.787  -45.663 0.6000000238
129742  -30.971  -56.345  -46.035 0.5000000000
15613  -27.644  -56.427  -43.638 0.6000000238
13511  -29.802  -58.744  -44.261 0.6999999881
12461  -39.144  -59.471  -31.388 0.3000000119
13508  -26.830  -58.098  -43.804 0.6000000238
128140  -28.510  -58.887  -43.877 0.6000000238
12579  -29.885  -59.657  -42.934 0.6999999881
11751  -34.969  -60.966  -44.766 0.5000000000
10882  -35.833  -61.648  -43.438 0.6000000238
135552  -36.268  -62.119  -43.053 0.5000000000
12578  -29.065  -59.683  -42.615 0.6000000238
117420  -30.809  -60.479  -42.091 0.6999999881
12568  -26.610  -59.671  -41.726 0.5000000000
11733  -30.076  -60.589  -41.325 0.5000000000
13407  -36.647  -58.455  -35.039 0.3000000119
14528  -25.881  -57.376  -41.075 0.6000000238
11722  -29.754  -60.609  -40.426 0.5000000000
14520  -36.146  -57.766  -40.159 0.3000000119
12608  -33.723  -59.286  -45.635 0.5000000000
120568  -36.734  -58.654  -35.906 0.3000000119
11709  -29.524  -60.549  -39.563 0.5000000000
16639  -32.371  -55.105  -45.208 0.4000000060
13346  -40.425  -58.466  -31.496 0.3000000119
129430  -30.235  -58.039  -37.370 0.6999999881
13405  -30.990  -57.999  -36.054 0.6000000238
14445  -31.331  -57.561  -34.554 0.6000000238
15564  -33.185  -56.344  -37.414 0.6000000238
18626  -34.197  -52.573  -38.577 0.5000000000
130470  -33.821  -54.336  -43.530 0.4000000060
122560  -34.128  -54.474  -36.861 0.5000000000
16524  -33.501  -55.849  -34.780 0.6000000238
122149  -35.660  -52.957  -33.791 0.4000000060
138969  -29.600  -54.489  -36.341 0.6000000238
16522  -29.783  -55.229  -34.623 0.6999999881
116708  -25.174  -48.180  -33.175 0.6000000238
18635  -33.013  -52.453  -40.236 0.4000000060
20535  -36.506  -51.390  -34.060 0.4000000060
17534  -33.723  -54.639  -31.094 0.4000000060
138576  -29.680  -54.193  -37.071 0.6000000238
24652  -24.607  -47.888  -31.812 0.6000000238
21515  -25.357  -49.987  -32.244 0.6000000238
124883  -34.539  -51.355  -41.475 0.5000000000
20552  -25.776  -51.639  -34.002 0.5000000000
137579  -26.302  -51.047  -30.286 0.6000000238
20553  -26.141  -51.993  -34.580 0.4000000060
17569  -29.174  -55.188  -33.217 0.5000000000
20583  -35.603  -51.704  -36.810 0.5000000000
120421  -27.814  -54.542  -31.768 0.6000000238
17568  -28.460  -54.613  -33.362 0.5000000000
17467  -21.349  -55.226  -27.831 0.6000000238
20430  -18.454  -51.123  -28.977 0.5000000000
21422  -24.573  -51.506  -26.425 0.5000000000
17444  -24.210  -54.303  -25.857 0.6000000238
18452  -24.377  -53.885  -25.139 0.6000000238
134717  -25.951  -52.042  -25.428 0.6000000238
18457  -21.435  -53.997  -25.845 0.6000000238
119836  -18.442  -49.354  -30.914 0.5000000000
122487  -26.967  -50.447  -25.568 0.5000000000
22427  -22.659  -49.448  -24.212 0.6000000238
24596  -18.802  -48.323  -28.756 0.5000000000
23480  -21.512  -48.364  -25.389 0.6000000238
116600  -26.158  -50.447  -22.872 0.5000000000
26814  -20.601  -45.742  -28.746 0.3000000119
22404  -27.577  -49.702  -22.664 0.4000000060
23436  -26.944  -49.071  -22.526 0.4000000060
26799  -21.310  -45.359  -27.486 0.4000000060
28035  -21.953  -44.956  -29.869 0.3000000119
25668  -23.691  -45.781  -24.840 0.5000000000
23440  -30.113  -48.616  -22.623 0.4000000060
34564  -18.216  -38.132  -25.811 0.3000000119
31425  -23.812  -42.200  -31.426 0.3000000119
25652  -26.533  -46.054  -23.204 0.4000000060
27985  -23.597  -44.612  -25.742 0.3000000119
124796  -24.269  -41.672  -31.078 0.3000000119
26757  -24.385  -45.113  -24.737 0.4000000060
35642  -19.899  -37.068  -26.549 0.3000000119
30325  -25.638  -42.101  -30.331 0.3000000119
26736  -27.451  -45.542  -23.204 0.4000000060
30291  -27.115  -42.418  -29.108 0.3000000119
11653  -26.929  -61.212  -35.611 0.5000000000
11667  -28.164  -60.668  -36.482 0.5000000000
11681  -28.435  -60.506  -37.349 0.5000000000
11682  -29.132  -60.512  -37.707 0.4000000060
11664  -25.739  -60.411  -35.974 0.5000000000
11665  -26.465  -60.634  -36.141 0.5000000000
11666  -27.254  -60.754  -36.380 0.5000000000
11680  -27.524  -60.485  -37.472 0.5000000000
11694  -28.273  -60.462  -38.345 0.5000000000
11708  -28.583  -60.488  -39.387 0.4000000060
12498  -25.186  -60.209  -35.946 0.4000000060
12510  -26.034  -60.037  -36.579 0.5000000000
11693  -27.292  -60.379  -38.486 0.5000000000
11707  -27.579  -60.411  -39.263 0.4000000060
121683  -25.500  -59.291  -36.941 0.5000000000
12523  -26.051  -59.871  -37.557 0.5000000000
11679  -26.677  -60.348  -37.049 0.5000000000
12522  -25.489  -59.174  -38.035 0.5000000000
11692  -26.654  -60.196  -38.089 0.5000000000
12535  -25.906  -59.797  -38.599 0.5000000000
12547  -25.741  -59.640  -39.448 0.5000000000
124396  -25.973  -59.810  -40.219 0.4000000060
12546  -25.303  -59.090  -39.106 0.5000000000
12556  -25.170  -59.133  -40.064 0.5000000000
12566  -25.259  -59.209  -40.999 0.5000000000
16565  -25.417  -55.270  -37.277 0.5000000000
13435  -25.317  -58.368  -37.459 0.5000000000
130421  -25.277  -57.722  -36.977 0.5000000000
14499  -25.494  -57.416  -37.763 0.5000000000
122221  -25.287  -58.268  -38.590 0.5000000000
129411  -25.479  -57.599  -39.063 0.5000000000
13460  -25.099  -58.294  -39.712 0.5000000000
13473  -24.991  -58.394  -40.746 0.5000000000
15560  -25.668  -55.740  -37.338 0.5000000000
16566  -26.136  -55.198  -37.593 0.5000000000
16567  -27.096  -54.704  -38.052 0.5000000000
14500  -25.823  -56.850  -38.301 0.5000000000
15578  -27.268  -55.927  -38.109 0.5000000000
16580  -27.838  -55.195  -38.025 0.5000000000
139152  -25.817  -57.173  -39.256 0.5000000000
15587  -26.364  -56.638  -38.650 0.5000000000
15588  -27.155  -56.712  -38.847 0.5000000000
14513  -26.323  -57.086  -39.827 0.5000000000
134731  -25.468  -57.674  -40.238 0.5000000000
14527  -25.304  -57.901  -41.409 0.5000000000
18624  -29.232  -53.219  -38.198 0.5000000000
17652  -29.376  -54.486  -37.458 0.6000000238
139330  -27.954  -56.371  -38.347 0.5000000000
15589  -28.150  -57.003  -38.795 0.5000000000
130104  -28.638  -56.548  -38.112 0.5000000000
121185  -29.187  -52.641  -37.930 0.5000000000
18609  -29.298  -53.258  -37.425 0.5000000000
23662  -21.785  -48.477  -34.374 0.5000000000
24687  -22.752  -47.364  -33.736 0.6000000238
22579  -21.581  -49.546  -33.253 0.5000000000
23646  -21.819  -48.659  -33.053 0.5000000000
121004  -22.424  -47.934  -32.951 0.6000000238
23627  -22.130  -48.653  -32.305 0.6000000238
126184  -21.489  -49.929  -32.379 0.5000000000
22519  -21.680  -49.912  -31.072 0.6000000238
20488  -21.606  -51.225  -31.240 0.5000000000
22520  -22.104  -49.383  -30.884 0.6000000238
22497  -21.810  -49.837  -30.262 0.6000000238
19449  -21.855  -52.017  -30.813 0.5000000000
20464  -21.670  -51.301  -30.274 0.6000000238
125472  -22.058  -49.762  -29.413 0.6000000238
18477  -22.652  -53.233  -29.815 0.5000000000
19430  -22.282  -52.470  -29.518 0.5000000000
122086  -23.715  -55.310  -29.467 0.5000000000
16415  -23.755  -56.089  -28.390 0.6000000238
16414  -21.535  -55.924  -28.302 0.6000000238
15441  -22.048  -56.836  -28.508 0.5000000000
18473  -23.536  -53.840  -28.574 0.6000000238
19431  -22.788  -53.118  -28.984 0.5000000000
15433  -23.231  -56.384  -28.008 0.5000000000
18476  -19.681  -53.628  -29.005 0.6000000238
17479  -20.829  -54.947  -28.588 0.6000000238
18471  -19.607  -53.243  -28.035 0.6000000238
140840  -37.047  -58.740  -36.469 0.3000000119
13453  -38.581  -59.525  -37.778 0.3000000119
13452  -37.036  -58.358  -38.763 0.3000000119
135095  -40.654  -60.583  -38.403 0.3000000119
13439  -36.494  -58.461  -37.855 0.3000000119
13422  -36.320  -58.543  -36.787 0.3000000119
11719  -26.954  -60.210  -39.921 0.4000000060
126560  -23.649  -46.927  -33.784 0.5000000000
11706  -26.542  -60.156  -39.162 0.5000000000
15559  -25.219  -56.075  -36.838 0.5000000000
15576  -25.604  -56.443  -37.362 0.5000000000
16579  -26.880  -55.320  -37.804 0.5000000000
15577  -26.229  -55.967  -37.752 0.5000000000
123059  -28.347  -55.771  -38.009 0.5000000000
13440  -37.490  -58.892  -37.082 0.3000000119
13466  -38.764  -59.260  -40.306 0.3000000119
12537  -39.623  -60.117  -38.655 0.3000000119
118776  -37.545  -58.739  -38.037 0.3000000119
118171  -38.320  -59.111  -38.958 0.3000000119
127538  -39.493  -59.941  -39.734 0.3000000119
118801  -31.899  -46.257  -21.990 0.3000000119
7416  -36.927  -65.561  -42.082 0.5000000000
8251  -36.559  -64.855  -42.281 0.6000000238
8266  -36.295  -64.204  -42.626 0.6000000238
9118  -36.388  -63.596  -42.778 0.5000000000
10005  -34.803  -63.026  -43.389 0.5000000000
10016  -35.064  -62.702  -43.938 0.6000000238
10017  -35.556  -62.569  -43.892 0.6000000238
10018  -36.058  -62.373  -43.623 0.5000000000
10853  -31.558  -61.380  -39.544 0.6000000238
10875  -36.410  -62.174  -42.234 0.5000000000
10889  -34.204  -61.513  -44.616 0.6999999881
11721  -28.414  -60.420  -40.824 0.5000000000
11741  -31.447  -60.342  -42.889 0.6999999881
11758  -34.221  -61.063  -45.101 0.6000000238
12464  -41.807  -59.333  -32.062 0.3000000119
12509  -25.410  -59.756  -36.219 0.4000000060
12524  -34.683  -59.699  -37.727 0.4000000060
12558  -27.659  -60.179  -41.159 0.5000000000
12567  -25.522  -59.208  -41.819 0.5000000000
12591  -34.217  -59.259  -44.424 0.4000000060
13362  -36.322  -58.732  -32.559 0.3000000119
13378  -35.747  -58.889  -33.050 0.3000000119
13420  -34.842  -59.177  -36.602 0.4000000060
13449  -30.752  -58.134  -38.341 0.6000000238
13475  -35.514  -57.995  -40.358 0.3000000119
13486  -25.401  -58.669  -42.245 0.6000000238
13497  -25.351  -58.110  -42.218 0.6000000238
13498  -25.744  -58.342  -42.716 0.6000000238
13501  -34.086  -58.507  -43.158 0.3000000119
13509  -27.779  -58.440  -44.085 0.6000000238
13510  -28.747  -58.497  -44.279 0.6000000238
13515  -27.315  -57.619  -44.303 0.6000000238
14430  -31.176  -57.361  -33.795 0.6000000238
14431  -31.896  -57.441  -34.021 0.5000000000
14432  -37.557  -57.672  -33.138 0.3000000119
14444  -30.718  -57.274  -34.362 0.6000000238
14459  -30.691  -57.633  -35.599 0.6999999881
14489  -30.213  -58.142  -38.125 0.6999999881
14505  -32.384  -57.169  -38.696 0.6000000238
14521  -37.053  -57.899  -40.276 0.3000000119
14536  -35.936  -57.578  -40.872 0.3000000119
14543  -25.719  -57.584  -42.036 0.5000000000
14549  -34.831  -57.768  -41.886 0.3000000119
14562  -26.479  -57.407  -43.200 0.6000000238
14565  -29.313  -57.017  -42.296 0.6999999881
14579  -34.314  -58.108  -44.418 0.4000000060
14599  -32.626  -58.151  -46.797 0.4000000060
14602  -35.826  -56.828  -45.388 0.4000000060
15432  -22.437  -56.325  -27.971 0.5000000000
15509  -30.566  -56.926  -33.605 0.5000000000
15510  -31.615  -57.143  -33.211 0.6000000238
15529  -33.041  -56.448  -35.052 0.6000000238
15590  -32.733  -56.686  -39.189 0.6000000238
15635  -29.129  -56.098  -45.434 0.5000000000
16389  -23.551  -55.504  -26.953 0.6999999881
16401  -22.924  -55.951  -27.413 0.5000000000
16428  -29.618  -54.825  -29.651 0.6000000238
16447  -28.492  -54.778  -30.268 0.6000000238
16450  -31.131  -55.356  -30.480 0.5000000000
16487  -28.957  -55.211  -30.690 0.6000000238
16491  -32.886  -55.934  -32.216 0.5000000000
16539  -33.496  -55.897  -35.584 0.6000000238
16569  -33.554  -55.528  -37.507 0.6000000238
16588  -32.820  -56.104  -39.857 0.6000000238
16610  -29.784  -54.625  -43.361 0.5000000000
16612  -35.470  -54.862  -42.919 0.4000000060
16625  -28.208  -55.636  -44.543 0.5000000000
16648  -34.580  -56.222  -45.853 0.4000000060
16649  -35.580  -56.291  -45.377 0.4000000060
17457  -23.913  -54.975  -26.389 0.6000000238
17480  -24.069  -54.682  -28.081 0.6999999881
17490  -23.599  -54.528  -29.209 0.5000000000
17491  -27.885  -54.357  -30.067 0.6000000238
17510  -30.979  -54.856  -29.703 0.5000000000
17512  -32.713  -54.687  -29.893 0.5000000000
17535  -34.345  -54.237  -31.409 0.4000000060
17551  -33.771  -54.987  -32.638 0.6000000238
17586  -27.552  -53.684  -34.410 0.6000000238
17653  -29.491  -53.799  -37.530 0.5000000000
17727  -30.488  -54.173  -44.124 0.5000000000
18439  -23.423  -53.740  -24.303 0.6000000238
18440  -24.188  -53.659  -24.517 0.6000000238
18448  -20.881  -53.215  -25.799 0.6000000238
18449  -21.515  -53.306  -25.253 0.6000000238
18456  -20.468  -53.420  -26.513 0.6000000238
18463  -19.437  -52.584  -27.435 0.5000000000
18472  -20.222  -54.090  -28.326 0.6000000238
18480  -27.805  -53.801  -29.589 0.6000000238
18496  -26.809  -53.591  -30.625 0.6000000238
18507  -27.103  -54.073  -31.301 0.6000000238
18520  -34.712  -53.766  -32.705 0.6000000238
18536  -26.776  -53.644  -32.847 0.6999999881
18575  -28.706  -53.628  -35.694 0.6000000238
18610  -34.030  -53.521  -38.263 0.5000000000
18656  -31.355  -52.543  -41.927 0.5000000000
18669  -31.187  -52.630  -42.624 0.4000000060
18684  -31.138  -52.923  -43.172 0.4000000060
19385  -22.973  -52.948  -23.861 0.6000000238
19387  -24.638  -53.049  -24.257 0.6000000238
19400  -19.961  -51.966  -26.298 0.6000000238
19407  -18.947  -51.943  -27.655 0.5000000000
19409  -19.874  -52.627  -26.723 0.6000000238
19450  -22.216  -52.661  -30.345 0.5000000000
19451  -25.867  -52.114  -30.934 0.6000000238
19452  -26.393  -52.806  -30.538 0.6000000238
19456  -35.971  -52.196  -30.150 0.5000000000
19468  -35.872  -52.598  -31.081 0.4000000060
19485  -25.567  -51.938  -32.633 0.6999999881
19488  -36.062  -52.107  -31.879 0.4000000060
19508  -25.789  -52.126  -33.413 0.6000000238
19509  -26.213  -52.712  -33.599 0.6000000238
19531  -35.798  -52.636  -34.316 0.4000000060
19552  -26.640  -52.418  -35.064 0.6000000238
19577  -28.644  -52.705  -37.170 0.6000000238
19604  -34.366  -51.891  -38.988 0.5000000000
19622  -33.059  -51.795  -40.603 0.5000000000
20376  -23.966  -51.709  -23.419 0.6000000238
20379  -26.359  -51.280  -23.381 0.6000000238
20389  -22.744  -52.099  -23.798 0.6000000238
20390  -26.006  -52.242  -24.487 0.6999999881
20401  -25.175  -52.302  -25.752 0.5000000000
20413  -25.273  -51.572  -26.038 0.6000000238
20419  -18.653  -51.214  -28.025 0.5000000000
20431  -22.326  -51.393  -28.408 0.6999999881
20441  -21.710  -50.533  -29.742 0.6000000238
20465  -21.912  -52.009  -30.042 0.5000000000
20571  -35.906  -51.690  -36.138 0.5000000000
20641  -36.062  -51.011  -41.485 0.5000000000
21390  -24.367  -50.913  -23.312 0.6000000238
21398  -21.685  -50.828  -24.631 0.6999999881
21409  -20.357  -49.835  -26.019 0.6000000238
21421  -20.015  -50.505  -26.268 0.6000000238
21423  -24.968  -50.928  -26.408 0.6000000238
21431  -18.864  -50.473  -27.636 0.4000000060
21432  -23.140  -50.785  -27.467 0.6999999881
21443  -18.460  -50.312  -29.048 0.5000000000
21444  -22.555  -50.603  -28.131 0.6999999881
21458  -22.002  -50.547  -28.860 0.6999999881
21480  -21.599  -50.517  -30.630 0.5000000000
21496  -21.527  -50.067  -31.692 0.6000000238
21497  -25.718  -50.210  -31.405 0.5000000000
21622  -36.380  -50.291  -40.210 0.4000000060
22411  -23.607  -49.906  -23.627 0.6000000238
22426  -21.928  -49.582  -24.611 0.6999999881
22438  -20.740  -49.033  -25.759 0.6000000238
22464  -19.113  -49.840  -27.400 0.4000000060
22496  -18.440  -49.762  -29.483 0.5000000000
22518  -18.410  -49.151  -30.007 0.5000000000
22540  -21.784  -49.395  -31.753 0.6000000238
22559  -21.661  -49.206  -32.532 0.5000000000
22580  -25.178  -48.758  -33.880 0.6000000238
23437  -27.774  -48.891  -22.484 0.4000000060
23449  -24.106  -49.023  -23.530 0.5000000000
23454  -30.464  -48.916  -23.500 0.4000000060
23455  -30.917  -48.553  -22.993 0.4000000060
23469  -31.418  -48.553  -23.857 0.4000000060
23500  -19.667  -48.725  -26.893 0.6000000238
23521  -19.122  -49.077  -27.556 0.5000000000
23523  -24.869  -48.067  -27.446 0.4000000060
23560  -22.907  -48.844  -30.012 0.6999999881
23584  -23.480  -48.485  -30.582 0.6999999881
23606  -18.714  -48.604  -31.410 0.5000000000
23607  -22.423  -48.827  -31.502 0.6999999881
23628  -24.809  -47.489  -33.208 0.6000000238
23647  -22.037  -48.083  -33.700 0.5000000000
24492  -27.200  -48.114  -22.515 0.4000000060
24493  -28.583  -47.861  -22.347 0.4000000060
24496  -31.980  -47.625  -22.612 0.4000000060
24509  -32.612  -47.623  -23.286 0.3000000119
24522  -32.799  -47.824  -24.130 0.4000000060
24540  -21.961  -47.488  -25.388 0.6000000238
24558  -21.135  -47.060  -26.281 0.5000000000
24575  -19.902  -47.948  -26.899 0.5000000000
24576  -20.116  -47.205  -27.082 0.5000000000
24577  -25.449  -47.482  -27.803 0.5000000000
24599  -25.987  -47.210  -28.390 0.5000000000
24613  -18.624  -48.283  -29.771 0.5000000000
24614  -19.031  -47.528  -29.170 0.4000000060
24618  -26.490  -47.381  -29.063 0.6999999881
24636  -26.320  -47.754  -29.932 0.6000000238
24653  -25.112  -47.846  -31.995 0.6000000238
24689  -24.186  -47.211  -33.140 0.6000000238
24704  -23.946  -46.854  -34.515 0.5000000000
25641  -31.442  -47.038  -22.139 0.4000000060
25651  -25.643  -46.605  -23.382 0.5000000000
25653  -27.249  -46.408  -22.832 0.4000000060
25670  -25.179  -45.858  -23.906 0.5000000000
25686  -21.671  -46.861  -25.881 0.5000000000
25688  -23.041  -46.011  -25.257 0.4000000060
25712  -20.345  -46.484  -27.432 0.5000000000
25726  -20.083  -46.292  -28.240 0.4000000060
26770  -23.261  -45.325  -25.440 0.4000000060
26785  -21.597  -45.650  -26.744 0.4000000060
26786  -22.251  -45.278  -26.399 0.4000000060
26815  -21.185  -45.252  -28.342 0.4000000060
27968  -26.206  -44.555  -24.507 0.3000000119
28003  -24.132  -44.032  -26.270 0.3000000119
28014  -22.486  -44.486  -27.662 0.4000000060
28016  -23.951  -43.887  -27.129 0.3000000119
28036  -22.411  -44.567  -29.445 0.3000000119
28050  -23.248  -43.929  -31.436 0.3000000119
29159  -27.400  -42.832  -28.410 0.3000000119
29173  -26.438  -42.741  -29.453 0.3000000119
29189  -23.989  -43.509  -31.046 0.3000000119
29190  -24.773  -43.188  -30.752 0.3000000119
29205  -19.291  -43.332  -32.330 0.3000000119
29207  -23.605  -43.396  -31.486 0.3000000119
29224  -21.935  -43.711  -32.519 0.3000000119
30292  -27.707  -42.188  -28.748 0.3000000119
30307  -18.815  -43.146  -29.305 0.3000000119
30309  -20.482  -42.287  -29.941 0.4000000060
30321  -19.545  -42.899  -30.766 0.3000000119
30323  -21.752  -41.936  -31.327 0.4000000060
30340  -19.820  -42.732  -31.742 0.3000000119
30343  -23.195  -42.684  -31.766 0.3000000119
30344  -23.840  -42.847  -31.578 0.3000000119
30345  -24.447  -42.355  -31.219 0.3000000119
30361  -22.543  -43.188  -32.119 0.4000000060
31363  -28.880  -41.628  -27.314 0.3000000119
31378  -21.831  -41.274  -28.785 0.4000000060
31382  -27.311  -41.804  -28.910 0.3000000119
31394  -21.500  -41.639  -29.451 0.4000000060
31397  -24.459  -41.376  -30.335 0.3000000119
31398  -25.913  -41.596  -29.835 0.3000000119
31410  -21.855  -41.734  -30.501 0.4000000060
31413  -24.957  -41.876  -30.828 0.3000000119
31424  -23.063  -42.008  -31.430 0.3000000119
32461  -19.601  -40.767  -28.259 0.3000000119
32462  -20.467  -40.681  -28.309 0.4000000060
34563  -17.412  -38.386  -25.447 0.3000000119
34565  -19.083  -37.864  -26.292 0.3000000119
117257  -25.309  -41.602  -30.282 0.3000000119
117361  -43.059  -61.151  -33.103 0.3000000119
118106  -29.907  -46.122  -22.478 0.3000000119
118890  -36.294  -51.823  -32.732 0.4000000060
119043  -30.609  -57.771  -36.205 0.6000000238
119185  -27.884  -41.463  -28.393 0.3000000119
119554  -23.914  -55.416  -28.627 0.5000000000
119960  -24.948  -45.295  -24.328 0.4000000060
120032  -26.902  -50.773  -23.112 0.5000000000
120424  -34.595  -59.533  -36.126 0.4000000060
120475  -22.273  -51.335  -24.191 0.6999999881
122559  -28.952  -54.659  -29.630 0.6000000238
122584  -35.387  -58.756  -35.379 0.3000000119
122827  -24.585  -53.388  -25.802 0.6000000238
122986  -33.391  -51.593  -40.777 0.5000000000
123384  -30.831  -57.543  -34.982 0.6000000238
123474  -22.595  -44.319  -31.495 0.3000000119
126093  -34.059  -59.693  -45.174 0.4000000060
126356  -25.257  -47.869  -31.121 0.6000000238
127191  -23.798  -51.064  -26.913 0.6000000238
128334  -30.351  -60.713  -39.786 0.5000000000
128443  -27.415  -50.821  -23.545 0.5000000000
129763  -21.551  -50.482  -31.319 0.5000000000
129993  -21.538  -55.071  -27.092 0.6000000238
130078  -18.424  -50.500  -29.701 0.5000000000
130133  -21.699  -48.807  -33.698 0.5000000000
130736  -34.124  -58.988  -42.421 0.3000000119
131056  -34.015  -57.695  -46.480 0.4000000060
131469  -34.884  -60.134  -38.971 0.4000000060
131516  -37.466  -58.047  -31.954 0.3000000119
133624  -28.397  -49.497  -22.798 0.4000000060
133724  -30.076  -53.868  -29.218 0.6000000238
133746  -31.710  -59.292  -44.643 0.6000000238
134630  -35.495  -61.109  -40.725 0.5000000000
135261  -35.155  -59.001  -34.691 0.3000000119
135602  -31.517  -48.216  -22.942 0.4000000060
135606  -22.043  -55.680  -27.524 0.6000000238
135663  -25.219  -49.305  -34.478 0.5000000000
136384  -22.956  -48.094  -32.122 0.6999999881
136845  -34.093  -58.344  -46.218 0.4000000060
136873  -18.991  -48.458  -28.024 0.4000000060
137116  -34.733  -59.645  -34.724 0.3000000119
137835  -27.631  -56.060  -44.270 0.6000000238
138333  -33.111  -56.302  -34.367 0.6000000238
138427  -34.549  -54.212  -34.799 0.6999999881
138804  -35.019  -60.905  -38.348 0.4000000060
139559  -20.537  -50.466  -25.764 0.6000000238
139675  -28.694  -57.572  -41.013 0.6999999881
139897  -20.556  -42.309  -31.610 0.4000000060
140665  -22.580  -50.853  -24.014 0.6999999881
140922  -30.359  -55.980  -45.667 0.5000000000
140931  -29.598  -55.621  -33.102 0.6000000238
