#!ascii label  , from subject sub-v1s12x0050109_ses-1 vox2ras=TkReg
611
17477  -53.776  -54.601  -27.866 0.0000000000
23594  -52.027  -48.416  -30.316 0.0000000000
131127  -52.128  -52.009  -22.313 0.0000000000
22533  -55.780  -49.015  -31.779 0.0000000000
120763  -58.117  -46.899  -24.038 0.0000000000
16343  -49.722  -55.752  -22.667 0.0000000000
20361  -45.090  -51.501  -21.117 0.0000000000
19314  -43.528  -52.246  -14.234 0.0000000000
22393  -50.697  -49.904  -20.183 0.0000000000
23456  -54.620  -48.788  -23.081 0.0000000000
24480  -53.749  -47.983  -20.872 0.0000000000
17409  -46.688  -53.711  -22.526 0.0000000000
133315  -47.040  -53.799  -18.581 0.0000000000
23334  -41.944  -48.619  -13.062 0.0000000000
130201  -41.971  -48.720  -16.355 0.0000000000
17542  -53.257  -54.027  -31.271 0.0000000000
24664  -55.394  -47.288  -32.250 0.0000000000
20559  -52.823  -50.137  -36.322 0.0000000000
20540  -50.561  -51.133  -33.947 0.0000000000
19398  -52.244  -52.142  -25.974 0.0000000000
20457  -53.308  -51.313  -29.197 0.0000000000
122295  -56.956  -47.988  -27.335 0.0000000000
25722  -57.566  -45.616  -28.876 0.0000000000
19394  -48.644  -52.598  -25.496 0.0000000000
122545  -47.707  -51.079  -22.879 0.0000000000
22378  -47.567  -49.150  -19.665 0.0000000000
18372  -46.750  -53.512  -15.314 0.0000000000
19330  -44.438  -51.484  -17.196 0.0000000000
23391  -43.899  -48.501  -18.133 0.0000000000
25595  -46.441  -46.092  -18.544 0.0000000000
137473  -53.877  -52.137  -33.845 0.0000000000
126280  -50.773  -47.829  -26.120 0.0000000000
22508  -49.556  -49.632  -29.297 0.0000000000
20498  -45.661  -51.775  -31.154 0.0000000000
23423  -50.236  -48.113  -20.147 0.0000000000
23425  -51.915  -48.799  -20.501 0.0000000000
17504  -53.938  -54.284  -29.720 0.0000000000
23619  -53.629  -47.936  -32.030 0.0000000000
136977  -52.711  -49.175  -32.726 0.0000000000
22550  -51.860  -49.445  -31.883 0.0000000000
20521  -49.836  -51.387  -33.143 0.0000000000
140722  -50.423  -50.536  -31.588 0.0000000000
121215  -52.170  -51.527  -24.660 0.0000000000
22431  -52.670  -50.061  -24.243 0.0000000000
118276  -56.639  -48.419  -23.589 0.0000000000
23474  -55.800  -48.323  -24.524 0.0000000000
128146  -57.336  -47.714  -25.370 0.0000000000
24591  -58.228  -46.392  -28.287 0.0000000000
25694  -58.429  -45.818  -26.054 0.0000000000
17461  -49.914  -53.867  -26.326 0.0000000000
16366  -49.003  -54.618  -24.826 0.0000000000
18412  -45.700  -52.986  -21.617 0.0000000000
20380  -46.463  -52.014  -23.325 0.0000000000
21382  -46.257  -50.897  -22.492 0.0000000000
21374  -47.757  -50.307  -21.520 0.0000000000
126085  -45.910  -50.194  -21.265 0.0000000000
19315  -45.128  -52.947  -14.545 0.0000000000
19318  -45.367  -52.563  -15.840 0.0000000000
20328  -43.537  -51.424  -15.889 0.0000000000
25567  -42.351  -46.215  -16.667 0.0000000000
23390  -43.175  -48.833  -17.601 0.0000000000
116634  -43.752  -46.970  -17.490 0.0000000000
24451  -45.388  -47.480  -18.189 0.0000000000
21474  -53.740  -50.317  -30.411 0.0000000000
20504  -54.141  -51.437  -32.069 0.0000000000
21525  -54.720  -50.393  -33.034 0.0000000000
19587  -52.093  -52.091  -37.830 0.0000000000
24548  -48.887  -48.120  -24.917 0.0000000000
23547  -49.967  -48.823  -28.138 0.0000000000
20455  -46.019  -51.265  -29.773 0.0000000000
20365  -51.428  -51.873  -21.073 0.0000000000
21394  -53.213  -50.196  -22.759 0.0000000000
21378  -53.279  -50.620  -20.850 0.0000000000
22401  -54.556  -49.043  -21.449 0.0000000000
23432  -56.537  -48.174  -21.856 0.0000000000
130432  -48.360  -55.057  -22.529 0.0000000000
17395  -46.707  -54.103  -20.867 0.0000000000
18401  -45.696  -53.235  -19.973 0.0000000000
21323  -41.732  -50.352  -13.390 0.0000000000
21332  -42.175  -50.556  -15.182 0.0000000000
23358  -41.537  -48.269  -14.350 0.0000000000
25555  -41.808  -46.265  -15.427 0.0000000000
27860  -42.888  -43.941  -16.105 0.0000000000
23597  -56.332  -48.151  -32.240 0.0000000000
126833  -55.136  -49.386  -33.856 0.0000000000
22590  -54.019  -48.726  -34.537 0.0000000000
21556  -52.237  -50.022  -35.410 0.0000000000
20557  -50.200  -51.394  -36.053 0.0000000000
19539  -48.156  -51.950  -35.224 0.0000000000
19518  -47.912  -51.983  -34.110 0.0000000000
135661  -46.570  -52.182  -33.267 0.0000000000
19413  -53.105  -52.671  -26.696 0.0000000000
19422  -54.236  -52.432  -27.840 0.0000000000
22489  -52.440  -50.034  -28.063 0.0000000000
23551  -54.066  -49.185  -28.192 0.0000000000
23493  -53.631  -48.604  -24.997 0.0000000000
23516  -54.708  -48.448  -26.621 0.0000000000
23553  -56.436  -48.302  -29.158 0.0000000000
24627  -57.313  -47.113  -30.275 0.0000000000
25742  -56.665  -46.620  -30.703 0.0000000000
24624  -54.348  -46.924  -30.066 0.0000000000
18466  -51.261  -53.472  -27.080 0.0000000000
137483  -50.630  -52.237  -25.713 0.0000000000
20395  -50.656  -51.951  -24.480 0.0000000000
18441  -47.595  -52.986  -24.355 0.0000000000
20382  -48.483  -51.671  -24.003 0.0000000000
20370  -49.609  -51.532  -22.530 0.0000000000
21376  -50.046  -51.218  -20.916 0.0000000000
134276  -49.070  -49.684  -20.080 0.0000000000
117942  -48.203  -47.707  -19.173 0.0000000000
18388  -47.216  -53.453  -17.134 0.0000000000
19332  -45.909  -52.574  -17.910 0.0000000000
20350  -44.273  -51.452  -19.335 0.0000000000
21341  -42.678  -50.223  -16.641 0.0000000000
21351  -43.702  -50.449  -18.259 0.0000000000
22375  -44.207  -50.271  -19.534 0.0000000000
23407  -45.266  -48.757  -19.165 0.0000000000
24461  -47.283  -47.929  -18.838 0.0000000000
124672  -53.832  -52.618  -30.170 0.0000000000
18526  -53.480  -53.221  -32.545 0.0000000000
20560  -53.847  -50.440  -35.579 0.0000000000
18583  -52.637  -52.781  -36.137 0.0000000000
26794  -57.377  -44.610  -27.027 0.0000000000
25720  -55.202  -46.209  -27.576 0.0000000000
23572  -52.434  -47.843  -29.629 0.0000000000
23549  -51.562  -48.032  -28.708 0.0000000000
22510  -51.181  -48.884  -30.018 0.0000000000
20480  -49.075  -51.236  -31.139 0.0000000000
20518  -47.008  -51.788  -32.013 0.0000000000
24464  -49.649  -47.257  -20.002 0.0000000000
16437  -53.668  -55.295  -29.436 0.0000000000
17486  -54.182  -54.492  -28.632 0.0000000000
22531  -52.601  -48.415  -31.213 0.0000000000
22530  -51.730  -49.027  -31.001 0.0000000000
21505  -51.043  -50.130  -31.869 0.0000000000
21488  -51.123  -49.703  -31.213 0.0000000000
20397  -52.219  -51.598  -23.787 0.0000000000
132025  -52.505  -51.258  -23.876 0.0000000000
133229  -57.340  -48.192  -23.146 0.0000000000
23475  -56.756  -48.163  -24.625 0.0000000000
24534  -58.045  -46.880  -25.109 0.0000000000
24552  -58.119  -46.881  -26.247 0.0000000000
16355  -50.418  -56.095  -23.230 0.0000000000
16354  -49.601  -55.654  -23.547 0.0000000000
134553  -49.513  -55.352  -24.309 0.0000000000
16353  -48.887  -55.112  -23.893 0.0000000000
19364  -45.311  -52.238  -21.338 0.0000000000
19372  -45.661  -52.253  -22.182 0.0000000000
20367  -45.477  -51.601  -21.883 0.0000000000
133246  -45.919  -50.645  -21.961 0.0000000000
21365  -45.199  -50.427  -21.000 0.0000000000
19306  -43.214  -52.286  -13.408 0.0000000000
117964  -43.853  -52.751  -13.029 0.0000000000
133469  -43.910  -52.587  -13.749 0.0000000000
19307  -44.673  -52.981  -13.681 0.0000000000
122108  -44.322  -52.599  -14.386 0.0000000000
117095  -44.715  -52.520  -15.195 0.0000000000
20324  -43.260  -51.748  -14.952 0.0000000000
26650  -42.789  -45.538  -16.856 0.0000000000
25586  -43.110  -46.187  -17.226 0.0000000000
123073  -44.411  -45.827  -17.667 0.0000000000
26670  -44.387  -44.847  -17.688 0.0000000000
126987  -54.498  -49.721  -30.836 0.0000000000
21506  -54.423  -50.564  -32.037 0.0000000000
22532  -54.825  -49.784  -31.826 0.0000000000
22485  -48.366  -49.469  -28.163 0.0000000000
21451  -47.190  -50.309  -28.821 0.0000000000
21450  -46.395  -50.494  -28.505 0.0000000000
21368  -51.385  -50.686  -20.406 0.0000000000
21377  -52.958  -51.354  -21.013 0.0000000000
120116  -52.549  -50.698  -20.519 0.0000000000
23426  -52.872  -49.043  -20.618 0.0000000000
22397  -54.020  -49.332  -21.117 0.0000000000
23428  -54.512  -48.693  -21.164 0.0000000000
136537  -55.399  -48.627  -21.748 0.0000000000
23429  -55.282  -48.330  -21.413 0.0000000000
18407  -45.955  -53.465  -20.778 0.0000000000
118509  -46.327  -53.422  -19.117 0.0000000000
21306  -41.969  -50.117  -12.588 0.0000000000
22318  -41.680  -49.480  -13.125 0.0000000000
21322  -41.530  -49.703  -14.004 0.0000000000
119298  -41.771  -48.184  -13.667 0.0000000000
26630  -42.138  -45.391  -15.632 0.0000000000
17558  -52.554  -54.619  -32.445 0.0000000000
23621  -55.967  -47.823  -32.927 0.0000000000
23639  -55.346  -48.119  -33.386 0.0000000000
23638  -54.329  -47.993  -33.187 0.0000000000
20523  -51.511  -50.454  -34.061 0.0000000000
21523  -52.192  -49.652  -33.814 0.0000000000
116687  -51.276  -50.731  -35.005 0.0000000000
119284  -50.393  -51.193  -34.904 0.0000000000
19540  -49.099  -51.638  -35.583 0.0000000000
118642  -49.187  -51.525  -32.498 0.0000000000
124528  -48.410  -51.819  -33.513 0.0000000000
19497  -47.804  -51.967  -33.177 0.0000000000
19517  -47.157  -52.137  -33.702 0.0000000000
19496  -47.106  -52.031  -32.808 0.0000000000
19405  -52.873  -52.202  -26.236 0.0000000000
120898  -53.420  -52.104  -26.720 0.0000000000
22490  -53.088  -49.741  -28.587 0.0000000000
23532  -53.724  -48.936  -27.127 0.0000000000
131003  -53.760  -49.399  -22.746 0.0000000000
139440  -53.754  -49.041  -23.349 0.0000000000
23473  -54.634  -48.462  -24.274 0.0000000000
121818  -55.600  -48.257  -26.293 0.0000000000
23517  -55.830  -48.301  -27.214 0.0000000000
23534  -55.780  -48.458  -28.098 0.0000000000
24589  -56.708  -48.157  -28.156 0.0000000000
23575  -57.198  -47.715  -29.960 0.0000000000
25733  -57.361  -46.084  -29.650 0.0000000000
25732  -56.733  -45.958  -29.383 0.0000000000
25741  -56.055  -46.366  -29.975 0.0000000000
24607  -55.052  -46.611  -29.716 0.0000000000
18459  -48.954  -52.856  -26.197 0.0000000000
19403  -49.508  -52.761  -26.308 0.0000000000
19396  -49.964  -52.425  -26.018 0.0000000000
20404  -50.115  -52.025  -25.321 0.0000000000
20403  -49.203  -52.196  -25.471 0.0000000000
122088  -47.688  -54.499  -22.865 0.0000000000
17421  -47.657  -53.900  -23.786 0.0000000000
18420  -47.049  -53.805  -23.107 0.0000000000
20369  -46.842  -51.350  -23.059 0.0000000000
20392  -47.740  -51.923  -24.164 0.0000000000
119541  -47.694  -51.520  -23.485 0.0000000000
20383  -49.404  -51.542  -23.556 0.0000000000
20362  -49.028  -51.265  -22.056 0.0000000000
20363  -49.813  -51.516  -21.614 0.0000000000
22391  -47.228  -49.562  -20.244 0.0000000000
125194  -48.538  -50.157  -20.720 0.0000000000
22392  -48.115  -49.546  -20.215 0.0000000000
127924  -48.409  -49.089  -19.677 0.0000000000
23409  -47.871  -48.524  -19.313 0.0000000000
18380  -46.848  -53.259  -16.252 0.0000000000
19325  -45.092  -52.138  -16.689 0.0000000000
124443  -45.734  -52.410  -17.222 0.0000000000
19331  -45.105  -51.957  -17.797 0.0000000000
19335  -44.554  -51.862  -18.810 0.0000000000
125932  -44.418  -51.383  -18.005 0.0000000000
22347  -42.129  -49.959  -15.830 0.0000000000
21334  -42.575  -50.531  -15.884 0.0000000000
22356  -42.224  -49.413  -16.487 0.0000000000
22367  -43.386  -49.757  -17.941 0.0000000000
23395  -43.711  -49.276  -18.404 0.0000000000
22369  -43.777  -50.017  -18.782 0.0000000000
22370  -44.126  -49.453  -19.137 0.0000000000
23406  -44.752  -49.142  -19.419 0.0000000000
23396  -44.514  -48.705  -18.810 0.0000000000
25594  -45.747  -46.054  -18.238 0.0000000000
23398  -46.299  -47.836  -18.549 0.0000000000
24462  -47.745  -46.972  -18.928 0.0000000000
20435  -53.900  -51.947  -28.505 0.0000000000
19442  -54.332  -52.688  -28.867 0.0000000000
20458  -53.740  -51.942  -29.579 0.0000000000
19498  -53.911  -52.268  -33.131 0.0000000000
19475  -53.841  -52.320  -32.244 0.0000000000
18543  -53.437  -53.041  -33.407 0.0000000000
18542  -52.805  -53.668  -33.990 0.0000000000
19519  -53.535  -52.496  -34.369 0.0000000000
22591  -53.960  -48.970  -35.265 0.0000000000
21545  -54.303  -50.026  -34.872 0.0000000000
20577  -53.396  -49.930  -36.232 0.0000000000
18618  -51.358  -52.906  -38.303 0.0000000000
19588  -52.614  -51.754  -37.035 0.0000000000
26778  -57.580  -44.418  -26.367 0.0000000000
28010  -56.585  -44.009  -26.293 0.0000000000
25719  -54.241  -46.678  -28.002 0.0000000000
24588  -53.352  -47.157  -28.266 0.0000000000
22487  -49.557  -49.238  -28.575 0.0000000000
23531  -51.169  -48.172  -27.927 0.0000000000
22488  -50.177  -49.031  -28.903 0.0000000000
23570  -50.824  -48.693  -29.270 0.0000000000
22509  -50.408  -49.305  -29.674 0.0000000000
21472  -49.969  -49.980  -30.158 0.0000000000
21471  -49.125  -50.263  -29.931 0.0000000000
20477  -46.371  -51.463  -30.743 0.0000000000
20478  -47.310  -51.287  -30.855 0.0000000000
20499  -46.331  -51.790  -31.588 0.0000000000
130571  -49.902  -49.128  -20.041 0.0000000000
22394  -51.688  -49.835  -20.330 0.0000000000
23424  -50.908  -48.956  -20.269 0.0000000000
24478  -51.906  -47.745  -20.632 0.0000000000
24381  -42.356  -47.853  -13.401 0.0000000000
25523  -43.598  -46.773  -13.619 0.0000000000
17522  -53.315  -54.523  -30.731 0.0000000000
23596  -54.179  -47.463  -31.632 0.0000000000
22551  -52.953  -48.716  -32.169 0.0000000000
22570  -51.924  -49.617  -32.760 0.0000000000
21522  -51.251  -50.302  -32.887 0.0000000000
20539  -49.722  -51.465  -34.027 0.0000000000
20522  -50.554  -50.917  -33.033 0.0000000000
20503  -49.866  -51.190  -32.309 0.0000000000
20502  -49.321  -51.346  -31.811 0.0000000000
20405  -51.928  -51.896  -25.354 0.0000000000
21403  -52.395  -51.236  -24.906 0.0000000000
22442  -52.477  -50.329  -25.087 0.0000000000
22443  -52.837  -49.322  -25.609 0.0000000000
23457  -55.963  -48.645  -22.800 0.0000000000
121940  -55.556  -48.526  -23.616 0.0000000000
24569  -57.291  -47.702  -26.527 0.0000000000
131080  -57.748  -47.426  -27.498 0.0000000000
24570  -58.167  -46.914  -27.183 0.0000000000
127746  -58.408  -45.679  -27.338 0.0000000000
26811  -58.156  -45.346  -28.400 0.0000000000
17450  -49.449  -54.333  -25.678 0.0000000000
18453  -48.595  -53.169  -25.706 0.0000000000
18413  -46.247  -53.365  -22.181 0.0000000000
18419  -46.483  -52.938  -23.099 0.0000000000
19373  -46.011  -52.286  -22.824 0.0000000000
20368  -45.942  -51.608  -22.679 0.0000000000
21383  -47.214  -50.716  -22.418 0.0000000000
21373  -46.621  -50.380  -21.852 0.0000000000
124523  -46.913  -49.883  -21.081 0.0000000000
22390  -46.234  -49.614  -20.470 0.0000000000
18365  -45.512  -53.234  -14.023 0.0000000000
18366  -45.998  -53.278  -14.742 0.0000000000
19319  -46.086  -53.055  -15.638 0.0000000000
134260  -45.475  -52.898  -15.196 0.0000000000
19317  -44.705  -52.186  -15.919 0.0000000000
20335  -44.272  -51.719  -16.330 0.0000000000
24425  -42.219  -47.192  -16.637 0.0000000000
23389  -42.416  -48.768  -16.949 0.0000000000
24442  -42.639  -47.955  -17.115 0.0000000000
24443  -43.404  -47.866  -17.495 0.0000000000
24444  -44.120  -47.759  -17.738 0.0000000000
24450  -44.691  -48.012  -18.152 0.0000000000
24445  -44.615  -47.234  -17.793 0.0000000000
25588  -45.138  -46.508  -17.918 0.0000000000
26677  -45.934  -45.304  -18.387 0.0000000000
20481  -53.424  -51.047  -30.063 0.0000000000
20482  -53.789  -51.557  -30.900 0.0000000000
21489  -53.943  -50.685  -31.035 0.0000000000
20524  -54.317  -51.332  -33.050 0.0000000000
20576  -52.931  -50.654  -36.866 0.0000000000
23511  -48.573  -48.638  -26.267 0.0000000000
23512  -49.443  -48.511  -26.465 0.0000000000
23513  -50.286  -48.317  -26.714 0.0000000000
23529  -49.718  -48.702  -27.307 0.0000000000
22474  -49.127  -49.119  -27.921 0.0000000000
22507  -48.705  -49.984  -29.241 0.0000000000
21470  -48.287  -50.442  -29.771 0.0000000000
20456  -46.906  -50.966  -30.122 0.0000000000
20476  -45.403  -51.625  -30.358 0.0000000000
21393  -52.962  -51.101  -22.875 0.0000000000
21385  -52.949  -51.518  -21.971 0.0000000000
21386  -53.358  -50.818  -21.393 0.0000000000
22405  -53.729  -49.955  -21.887 0.0000000000
21369  -53.081  -50.363  -20.595 0.0000000000
22400  -53.743  -49.816  -21.260 0.0000000000
23441  -55.289  -48.815  -22.192 0.0000000000
23442  -56.199  -48.490  -22.165 0.0000000000
119090  -56.832  -48.437  -22.682 0.0000000000
23444  -57.362  -48.050  -22.554 0.0000000000
16342  -48.938  -55.387  -23.020 0.0000000000
17403  -47.339  -54.489  -21.454 0.0000000000
17396  -47.572  -54.588  -20.591 0.0000000000
17402  -46.705  -53.970  -21.797 0.0000000000
136882  -46.237  -53.593  -21.443 0.0000000000
18406  -45.355  -52.819  -20.696 0.0000000000
19355  -44.869  -52.064  -20.447 0.0000000000
20304  -42.566  -51.680  -12.981 0.0000000000
20315  -42.116  -51.149  -13.678 0.0000000000
20323  -42.401  -51.199  -14.595 0.0000000000
124315  -41.807  -50.532  -14.304 0.0000000000
22335  -41.673  -49.858  -14.963 0.0000000000
23366  -41.499  -48.341  -15.182 0.0000000000
24404  -41.833  -47.481  -14.138 0.0000000000
24403  -41.513  -47.740  -14.821 0.0000000000
24424  -41.715  -47.421  -16.122 0.0000000000
25554  -41.771  -46.609  -16.180 0.0000000000
26649  -42.323  -45.342  -16.301 0.0000000000
120888  -42.905  -44.701  -16.636 0.0000000000
23573  -56.272  -48.487  -31.206 0.0000000000
21507  -55.244  -49.575  -33.023 0.0000000000
22552  -55.831  -48.697  -32.901 0.0000000000
22572  -54.819  -48.667  -34.156 0.0000000000
21557  -53.231  -49.491  -35.568 0.0000000000
140384  -50.359  -51.469  -37.308 0.0000000000
20538  -48.840  -51.707  -34.336 0.0000000000
19538  -47.105  -52.194  -34.939 0.0000000000
19537  -46.038  -52.348  -35.244 0.0000000000
119922  -45.528  -52.378  -34.358 0.0000000000
121627  -53.382  -53.169  -27.035 0.0000000000
18474  -54.315  -53.773  -27.926 0.0000000000
19414  -53.779  -52.521  -27.069 0.0000000000
20424  -53.663  -51.859  -27.534 0.0000000000
20434  -53.152  -51.285  -28.432 0.0000000000
21439  -52.609  -50.730  -27.499 0.0000000000
21453  -52.680  -50.575  -28.309 0.0000000000
22511  -52.796  -50.108  -28.719 0.0000000000
22491  -54.305  -49.411  -29.215 0.0000000000
22513  -54.974  -49.263  -30.459 0.0000000000
22418  -52.814  -50.510  -23.601 0.0000000000
22432  -52.941  -49.334  -24.595 0.0000000000
23494  -54.839  -48.299  -25.481 0.0000000000
23533  -54.843  -48.631  -27.606 0.0000000000
117566  -55.235  -48.746  -28.568 0.0000000000
23552  -55.624  -48.808  -29.741 0.0000000000
23574  -56.787  -48.110  -30.497 0.0000000000
23598  -56.756  -47.669  -31.466 0.0000000000
24626  -56.500  -47.056  -31.471 0.0000000000
24609  -57.915  -46.853  -29.138 0.0000000000
25743  -57.158  -46.527  -30.324 0.0000000000
24645  -55.835  -46.971  -31.784 0.0000000000
24644  -54.803  -47.020  -31.218 0.0000000000
24623  -53.614  -47.430  -30.408 0.0000000000
18468  -52.908  -53.739  -27.234 0.0000000000
19412  -52.385  -53.224  -26.897 0.0000000000
19404  -52.368  -52.590  -26.450 0.0000000000
18461  -50.370  -53.466  -26.742 0.0000000000
123589  -50.418  -52.876  -26.640 0.0000000000
19397  -51.299  -52.362  -26.146 0.0000000000
125674  -51.139  -52.120  -25.215 0.0000000000
20396  -51.667  -51.891  -24.289 0.0000000000
119874  -51.061  -52.097  -23.554 0.0000000000
17422  -48.277  -54.775  -23.389 0.0000000000
17433  -48.003  -53.570  -24.502 0.0000000000
18442  -48.181  -53.001  -25.016 0.0000000000
19383  -47.179  -52.380  -23.882 0.0000000000
19389  -47.994  -52.436  -24.623 0.0000000000
20393  -48.496  -52.054  -24.819 0.0000000000
20394  -49.424  -51.796  -24.592 0.0000000000
20384  -50.343  -51.814  -23.031 0.0000000000
121310  -51.234  -52.175  -22.620 0.0000000000
20372  -51.360  -52.122  -21.726 0.0000000000
21367  -50.405  -50.668  -20.421 0.0000000000
21375  -48.998  -50.881  -21.317 0.0000000000
21366  -49.485  -50.504  -20.555 0.0000000000
116549  -49.909  -50.009  -20.192 0.0000000000
23411  -49.424  -48.243  -19.761 0.0000000000
19326  -45.967  -52.714  -16.451 0.0000000000
18387  -46.443  -52.905  -17.149 0.0000000000
18395  -45.961  -52.862  -18.593 0.0000000000
18394  -45.559  -52.794  -19.266 0.0000000000
19347  -44.607  -52.036  -19.634 0.0000000000
126075  -44.464  -51.619  -19.933 0.0000000000
20327  -42.811  -51.080  -15.478 0.0000000000
21335  -43.064  -50.866  -16.289 0.0000000000
134688  -43.268  -50.675  -16.968 0.0000000000
22366  -42.783  -49.581  -17.217 0.0000000000
21349  -43.220  -50.275  -17.469 0.0000000000
20339  -43.800  -50.887  -17.620 0.0000000000
21357  -44.009  -50.756  -19.086 0.0000000000
128487  -44.280  -51.020  -19.818 0.0000000000
21364  -44.669  -50.461  -20.383 0.0000000000
22389  -45.279  -49.858  -20.578 0.0000000000
126364  -45.524  -49.239  -19.800 0.0000000000
22377  -46.661  -49.194  -19.667 0.0000000000
23397  -45.420  -48.252  -18.612 0.0000000000
23408  -46.146  -48.631  -19.079 0.0000000000
118042  -47.065  -48.714  -19.141 0.0000000000
18489  -54.444  -53.578  -28.751 0.0000000000
120210  -54.194  -53.320  -29.588 0.0000000000
18500  -53.685  -53.549  -30.546 0.0000000000
19459  -53.771  -52.348  -31.280 0.0000000000
18511  -53.528  -53.212  -31.535 0.0000000000
18510  -53.079  -54.031  -32.047 0.0000000000
18525  -53.012  -54.037  -32.945 0.0000000000
120317  -54.880  -50.237  -34.045 0.0000000000
127966  -54.046  -51.350  -34.682 0.0000000000
19565  -53.466  -50.700  -36.197 0.0000000000
19564  -53.171  -51.583  -36.293 0.0000000000
19541  -53.031  -52.698  -35.156 0.0000000000
24477  -51.270  -47.096  -20.560 0.0000000000
24482  -55.695  -47.563  -21.257 0.0000000000
24485  -57.151  -47.780  -21.986 0.0000000000
25663  -58.018  -46.739  -23.221 0.0000000000
133216  -58.184  -46.128  -24.120 0.0000000000
26779  -58.194  -45.028  -25.751 0.0000000000
135202  -57.866  -44.645  -26.991 0.0000000000
26810  -57.645  -45.022  -28.005 0.0000000000
26793  -56.403  -44.539  -26.607 0.0000000000
26809  -56.914  -44.968  -27.376 0.0000000000
25721  -56.573  -45.625  -28.189 0.0000000000
24606  -54.188  -46.785  -29.012 0.0000000000
116629  -53.339  -47.311  -29.288 0.0000000000
23514  -51.140  -47.937  -27.056 0.0000000000
24586  -51.817  -47.780  -27.784 0.0000000000
24587  -52.633  -47.367  -27.579 0.0000000000
23550  -52.476  -47.584  -28.537 0.0000000000
23571  -51.492  -48.346  -29.477 0.0000000000
22529  -50.759  -49.517  -30.505 0.0000000000
21503  -49.884  -50.942  -31.467 0.0000000000
20501  -48.529  -51.546  -31.839 0.0000000000
20479  -48.199  -51.280  -30.999 0.0000000000
20519  -47.756  -51.782  -32.343 0.0000000000
19495  -46.276  -52.061  -32.479 0.0000000000
17410  -47.183  -54.272  -22.303 0.0000000000
17434  -48.431  -53.755  -25.007 0.0000000000
17449  -48.836  -53.863  -25.529 0.0000000000
18402  -46.416  -53.812  -20.022 0.0000000000
18418  -45.960  -52.771  -22.413 0.0000000000
18430  -47.098  -53.179  -23.738 0.0000000000
18454  -49.076  -53.454  -26.135 0.0000000000
18460  -49.608  -53.129  -26.516 0.0000000000
18469  -53.735  -53.756  -27.431 0.0000000000
18603  -52.350  -52.767  -37.072 0.0000000000
19336  -45.336  -52.372  -18.628 0.0000000000
19348  -45.121  -52.574  -19.910 0.0000000000
19395  -49.134  -52.538  -26.026 0.0000000000
19516  -45.846  -52.249  -33.375 0.0000000000
19542  -53.608  -51.561  -35.401 0.0000000000
20316  -42.758  -51.779  -13.969 0.0000000000
20325  -44.056  -52.009  -15.542 0.0000000000
20334  -43.741  -51.142  -16.715 0.0000000000
20341  -44.092  -51.110  -18.579 0.0000000000
20356  -44.665  -51.269  -20.468 0.0000000000
20357  -50.962  -51.398  -20.717 0.0000000000
20358  -51.966  -51.394  -20.780 0.0000000000
20360  -44.964  -50.879  -20.952 0.0000000000
20364  -50.659  -51.833  -21.252 0.0000000000
20371  -50.484  -52.000  -22.056 0.0000000000
20373  -52.221  -51.858  -21.420 0.0000000000
20381  -47.121  -51.835  -23.615 0.0000000000
20385  -51.863  -51.894  -23.241 0.0000000000
20386  -52.526  -51.590  -22.987 0.0000000000
20500  -47.630  -51.559  -31.550 0.0000000000
20541  -54.410  -51.290  -33.961 0.0000000000
20589  -52.323  -51.241  -37.397 0.0000000000
21372  -45.367  -50.864  -21.572 0.0000000000
21381  -45.727  -51.093  -22.202 0.0000000000
21384  -48.223  -50.840  -22.236 0.0000000000
21468  -46.618  -50.757  -29.283 0.0000000000
21473  -53.090  -50.597  -29.250 0.0000000000
21486  -49.550  -50.679  -30.655 0.0000000000
21487  -50.400  -50.280  -31.018 0.0000000000
21504  -50.464  -50.690  -32.155 0.0000000000
21558  -53.703  -49.577  -35.559 0.0000000000
22334  -41.486  -49.043  -14.663 0.0000000000
22346  -41.725  -49.100  -15.674 0.0000000000
22376  -44.657  -49.700  -19.897 0.0000000000
22395  -52.642  -49.838  -20.476 0.0000000000
22396  -53.429  -49.857  -20.748 0.0000000000
22406  -54.548  -49.179  -21.712 0.0000000000
22419  -53.187  -49.546  -23.610 0.0000000000
22420  -54.464  -49.275  -22.189 0.0000000000
22473  -48.424  -49.165  -27.551 0.0000000000
22486  -48.945  -49.547  -28.650 0.0000000000
22512  -53.573  -49.903  -29.638 0.0000000000
22573  -55.337  -48.752  -33.625 0.0000000000
23333  -41.561  -48.865  -13.747 0.0000000000
23373  -41.677  -48.212  -15.938 0.0000000000
23374  -42.086  -48.045  -16.535 0.0000000000
23410  -48.675  -48.366  -19.454 0.0000000000
23427  -53.678  -48.968  -20.826 0.0000000000
23431  -55.983  -48.161  -21.609 0.0000000000
23443  -56.885  -48.257  -22.210 0.0000000000
23458  -57.787  -47.600  -23.178 0.0000000000
23472  -53.682  -48.794  -23.973 0.0000000000
23491  -49.133  -48.320  -25.629 0.0000000000
23530  -50.510  -48.422  -27.606 0.0000000000
23548  -50.748  -48.484  -28.513 0.0000000000
23595  -53.003  -47.913  -30.832 0.0000000000
23599  -57.103  -47.527  -30.714 0.0000000000
23620  -54.916  -47.575  -32.845 0.0000000000
23622  -56.290  -47.495  -32.205 0.0000000000
24405  -42.628  -47.027  -13.760 0.0000000000
24413  -41.536  -47.618  -15.481 0.0000000000
24414  -41.619  -47.065  -14.982 0.0000000000
24452  -45.997  -46.834  -18.327 0.0000000000
24453  -46.841  -46.974  -18.685 0.0000000000
24484  -56.525  -47.662  -21.588 0.0000000000
24486  -57.411  -47.258  -22.137 0.0000000000
24497  -57.646  -47.437  -22.534 0.0000000000
24533  -57.517  -47.802  -24.129 0.0000000000
24590  -57.651  -47.554  -28.254 0.0000000000
24608  -57.511  -47.229  -29.650 0.0000000000
24625  -55.615  -46.688  -30.793 0.0000000000
24628  -57.527  -46.585  -29.715 0.0000000000
24646  -57.054  -47.033  -30.960 0.0000000000
25585  -42.844  -47.035  -17.160 0.0000000000
25680  -58.307  -45.998  -24.946 0.0000000000
25731  -55.421  -46.380  -28.798 0.0000000000
25734  -57.981  -45.977  -29.160 0.0000000000
26629  -41.888  -45.882  -16.114 0.0000000000
26795  -58.035  -44.879  -27.538 0.0000000000
27842  -42.473  -44.633  -15.853 0.0000000000
118189  -48.573  -51.263  -23.011 0.0000000000
118232  -50.178  -51.724  -23.881 0.0000000000
118234  -48.329  -54.338  -24.244 0.0000000000
119218  -58.216  -44.911  -26.783 0.0000000000
120536  -42.094  -50.910  -12.869 0.0000000000
120944  -49.072  -51.634  -33.340 0.0000000000
122440  -47.736  -49.841  -20.773 0.0000000000
122492  -54.750  -49.149  -34.663 0.0000000000
122600  -45.006  -52.319  -19.284 0.0000000000
123878  -52.452  -48.290  -20.639 0.0000000000
124535  -46.395  -52.286  -34.112 0.0000000000
127180  -51.502  -52.897  -26.768 0.0000000000
128557  -45.252  -51.972  -31.432 0.0000000000
128568  -53.068  -48.378  -20.718 0.0000000000
130243  -54.123  -53.095  -27.412 0.0000000000
132964  -52.573  -50.777  -24.345 0.0000000000
133649  -56.867  -46.270  -30.091 0.0000000000
134728  -53.284  -50.828  -22.107 0.0000000000
136782  -43.957  -52.249  -14.875 0.0000000000
136825  -54.495  -53.079  -28.084 0.0000000000
137361  -53.038  -51.286  -27.728 0.0000000000
137415  -43.957  -48.969  -18.711 0.0000000000
137691  -44.371  -46.542  -17.640 0.0000000000
138661  -53.711  -52.924  -30.867 0.0000000000
139002  -45.796  -44.712  -18.369 0.0000000000
139069  -56.064  -48.370  -21.860 0.0000000000
139315  -49.116  -48.943  -19.698 0.0000000000
139714  -54.976  -48.706  -21.503 0.0000000000
139831  -46.726  -48.310  -18.847 0.0000000000
140277  -42.332  -50.638  -12.304 0.0000000000
140863  -54.834  -48.321  -33.742 0.0000000000
140899  -54.802  -49.062  -28.885 0.0000000000
141011  -41.589  -46.965  -15.673 0.0000000000
141102  -46.933  -51.562  -31.352 0.0000000000
141106  -51.135  -48.363  -28.995 0.0000000000
