#!ascii label  , from subject sub-v1s12x0050109_ses-1 vox2ras=TkReg
304
74365  -30.582  2.928  -24.133 0.0000000000
77407  -28.577  5.466  -27.949 0.0000000000
115905  -26.767  17.609  -26.165 0.0000000000
86028  -29.472  14.734  -29.659 0.0000000000
83135  -29.840  11.284  -26.828 0.0000000000
79296  -32.492  7.497  -24.677 0.0000000000
132395  -26.476  20.264  -27.266 0.0000000000
84105  -29.726  13.468  -28.241 0.0000000000
82261  -28.055  10.744  -27.871 0.0000000000
75359  -29.265  3.976  -26.200 0.0000000000
119709  -30.348  7.082  -26.346 0.0000000000
76375  -31.304  5.109  -25.165 0.0000000000
70468  -27.633  -1.642  -23.614 0.0000000000
73409  -27.941  2.004  -26.131 0.0000000000
96040  -25.364  26.326  -27.899 0.0000000000
94546  -27.371  24.932  -27.172 0.0000000000
93756  -27.678  23.210  -25.087 0.0000000000
92069  -28.400  21.067  -24.544 0.0000000000
89549  -29.343  18.390  -25.663 0.0000000000
86926  -27.490  16.362  -28.076 0.0000000000
88717  -30.173  17.207  -27.802 0.0000000000
86048  -31.620  14.855  -30.107 0.0000000000
126087  -31.217  13.469  -26.765 0.0000000000
83124  -32.164  11.477  -25.157 0.0000000000
122831  -29.172  8.083  -26.919 0.0000000000
124982  -30.991  9.267  -25.653 0.0000000000
82260  -27.417  11.122  -28.452 0.0000000000
81294  -26.481  9.728  -29.014 0.0000000000
75342  -29.670  3.601  -25.482 0.0000000000
76374  -30.641  4.715  -25.461 0.0000000000
75332  -30.792  3.629  -24.523 0.0000000000
66657  -28.339  -5.197  -20.902 0.0000000000
133906  -28.254  -3.946  -21.552 0.0000000000
68549  -28.139  -3.187  -21.864 0.0000000000
74395  -27.932  2.647  -26.754 0.0000000000
73407  -26.615  1.413  -26.671 0.0000000000
93769  -28.126  23.985  -26.513 0.0000000000
115909  -26.481  19.280  -27.154 0.0000000000
116419  -27.376  20.816  -24.780 0.0000000000
115914  -27.740  19.177  -24.892 0.0000000000
90373  -29.679  19.612  -24.852 0.0000000000
116464  -28.494  18.433  -25.159 0.0000000000
86017  -28.792  15.653  -29.460 0.0000000000
87805  -28.889  16.894  -28.296 0.0000000000
86938  -29.761  15.264  -29.707 0.0000000000
120281  -30.772  15.459  -28.976 0.0000000000
86037  -30.635  14.820  -30.406 0.0000000000
83146  -29.856  12.215  -27.054 0.0000000000
85081  -30.956  13.541  -27.552 0.0000000000
84089  -30.883  12.518  -26.419 0.0000000000
84081  -31.379  12.915  -25.877 0.0000000000
83137  -31.002  11.525  -26.200 0.0000000000
78393  -27.814  6.707  -28.218 0.0000000000
122263  -28.121  8.209  -27.746 0.0000000000
78375  -28.312  6.976  -27.760 0.0000000000
79310  -31.380  7.384  -25.583 0.0000000000
139411  -31.005  8.222  -25.684 0.0000000000
139187  -31.603  7.976  -25.318 0.0000000000
81231  -32.117  9.674  -24.930 0.0000000000
80229  -32.582  8.276  -24.449 0.0000000000
70469  -28.355  -1.292  -23.279 0.0000000000
71455  -27.376  -0.535  -24.548 0.0000000000
71440  -28.591  -0.534  -23.558 0.0000000000
72421  -28.323  0.611  -24.528 0.0000000000
85091  -28.208  13.485  -28.245 0.0000000000
85080  -29.449  13.986  -28.871 0.0000000000
84104  -28.400  12.450  -28.305 0.0000000000
138679  -28.726  11.870  -27.930 0.0000000000
82247  -29.250  10.801  -27.203 0.0000000000
77408  -29.077  5.166  -27.316 0.0000000000
128391  -29.118  6.007  -27.484 0.0000000000
77394  -30.011  5.503  -26.166 0.0000000000
77381  -30.725  5.581  -25.749 0.0000000000
77383  -32.006  6.237  -24.983 0.0000000000
69519  -28.061  -1.976  -22.912 0.0000000000
76405  -27.860  4.227  -28.127 0.0000000000
75379  -28.250  3.837  -27.612 0.0000000000
122538  -29.016  3.313  -25.872 0.0000000000
74375  -29.252  2.763  -25.181 0.0000000000
97631  -26.244  28.196  -28.227 0.0000000000
122958  -24.670  24.803  -28.124 0.0000000000
95311  -26.125  26.285  -27.987 0.0000000000
95294  -28.182  25.420  -26.937 0.0000000000
94548  -29.161  24.852  -26.424 0.0000000000
94527  -29.052  24.001  -24.958 0.0000000000
92937  -26.799  22.213  -25.491 0.0000000000
129333  -28.389  22.087  -24.591 0.0000000000
92955  -29.957  22.858  -25.188 0.0000000000
92075  -30.182  21.311  -25.211 0.0000000000
91206  -30.299  20.647  -25.584 0.0000000000
90379  -30.368  19.552  -26.633 0.0000000000
116410  -27.280  17.151  -26.545 0.0000000000
88700  -28.962  17.707  -26.452 0.0000000000
89557  -29.718  18.203  -26.667 0.0000000000
88718  -30.580  17.887  -27.911 0.0000000000
88727  -30.847  17.116  -28.237 0.0000000000
86939  -32.200  15.204  -27.898 0.0000000000
86038  -31.318  14.345  -30.066 0.0000000000
86039  -31.980  14.474  -29.277 0.0000000000
81279  -27.507  9.380  -28.195 0.0000000000
81262  -28.589  9.451  -27.293 0.0000000000
81263  -29.170  9.905  -26.934 0.0000000000
79325  -29.795  7.589  -26.684 0.0000000000
80261  -30.407  8.833  -26.147 0.0000000000
81247  -30.444  9.820  -26.137 0.0000000000
82221  -31.701  10.386  -25.371 0.0000000000
122323  -32.821  10.816  -24.361 0.0000000000
72439  -27.923  0.889  -25.079 0.0000000000
73376  -28.444  1.350  -24.843 0.0000000000
134930  -29.708  1.700  -23.837 0.0000000000
75331  -30.100  3.225  -24.807 0.0000000000
75343  -30.376  3.985  -25.137 0.0000000000
139915  -28.894  -4.950  -20.809 0.0000000000
121342  -27.894  -4.553  -21.382 0.0000000000
67592  -28.768  -4.463  -21.197 0.0000000000
116423  -26.393  18.430  -26.425 0.0000000000
116276  -26.605  19.149  -25.614 0.0000000000
116415  -27.275  18.344  -25.499 0.0000000000
86027  -28.354  15.114  -29.136 0.0000000000
135492  -30.361  12.737  -26.871 0.0000000000
83136  -30.453  11.801  -26.603 0.0000000000
77426  -27.916  5.862  -28.298 0.0000000000
130124  -28.467  6.275  -27.904 0.0000000000
79311  -31.959  7.405  -25.185 0.0000000000
80244  -32.067  8.121  -24.957 0.0000000000
79297  -33.017  7.680  -24.075 0.0000000000
84103  -27.598  12.692  -28.588 0.0000000000
83159  -27.751  11.933  -28.509 0.0000000000
83160  -28.201  11.556  -28.160 0.0000000000
121688  -28.705  11.185  -27.693 0.0000000000
82246  -28.637  10.352  -27.430 0.0000000000
76387  -28.864  4.315  -27.019 0.0000000000
76388  -29.554  4.872  -26.429 0.0000000000
77382  -31.477  5.964  -25.327 0.0000000000
77371  -32.005  5.501  -24.732 0.0000000000
66656  -27.347  -5.311  -21.200 0.0000000000
65715  -27.059  -6.067  -20.882 0.0000000000
69502  -28.495  -2.368  -22.221 0.0000000000
70454  -28.779  -1.646  -22.569 0.0000000000
75341  -28.535  2.689  -25.997 0.0000000000
74374  -28.508  2.043  -25.346 0.0000000000
96026  -25.400  26.810  -27.726 0.0000000000
96807  -25.673  27.649  -28.057 0.0000000000
96041  -25.741  26.987  -27.990 0.0000000000
96818  -26.381  27.554  -28.026 0.0000000000
94545  -26.391  24.704  -27.445 0.0000000000
94561  -25.209  24.873  -28.157 0.0000000000
94562  -26.280  25.489  -27.607 0.0000000000
96027  -27.139  26.365  -27.387 0.0000000000
95293  -26.968  25.685  -27.318 0.0000000000
96028  -28.222  26.616  -26.864 0.0000000000
93768  -27.638  23.408  -25.912 0.0000000000
94533  -28.874  24.268  -26.017 0.0000000000
94534  -29.685  24.310  -25.489 0.0000000000
93757  -28.347  23.731  -25.166 0.0000000000
116238  -26.508  20.870  -26.185 0.0000000000
92068  -27.508  21.658  -24.740 0.0000000000
92940  -29.174  22.747  -24.655 0.0000000000
92070  -29.421  21.437  -24.636 0.0000000000
129965  -29.851  22.076  -25.011 0.0000000000
121098  -29.756  19.109  -25.332 0.0000000000
90374  -30.128  19.785  -25.575 0.0000000000
89550  -29.970  18.965  -26.136 0.0000000000
115903  -27.705  16.783  -27.108 0.0000000000
116558  -28.135  17.263  -26.353 0.0000000000
88707  -28.548  17.185  -27.263 0.0000000000
87815  -29.596  16.649  -28.282 0.0000000000
88708  -29.436  17.464  -27.434 0.0000000000
88709  -30.078  17.906  -27.340 0.0000000000
86948  -31.488  15.120  -30.100 0.0000000000
122344  -31.412  15.419  -28.719 0.0000000000
128163  -31.739  15.518  -28.233 0.0000000000
86949  -32.107  15.007  -29.168 0.0000000000
85092  -30.315  14.122  -29.708 0.0000000000
85093  -30.778  13.746  -28.906 0.0000000000
85094  -31.559  13.945  -28.959 0.0000000000
85073  -31.935  14.088  -27.861 0.0000000000
86029  -32.342  14.728  -28.193 0.0000000000
86018  -32.383  14.596  -27.116 0.0000000000
84082  -32.073  12.327  -25.260 0.0000000000
123515  -32.659  11.928  -24.688 0.0000000000
81278  -26.877  9.078  -28.619 0.0000000000
80274  -28.592  8.550  -27.293 0.0000000000
80291  -28.045  8.976  -27.742 0.0000000000
80275  -29.151  8.974  -26.839 0.0000000000
78366  -29.609  6.696  -26.863 0.0000000000
136308  -30.392  7.919  -26.261 0.0000000000
81248  -31.084  10.178  -25.717 0.0000000000
137101  -31.538  9.681  -25.383 0.0000000000
82206  -32.763  10.102  -24.345 0.0000000000
82222  -32.254  10.684  -24.911 0.0000000000
72406  -29.658  0.768  -23.353 0.0000000000
73377  -29.037  1.092  -24.178 0.0000000000
82259  -26.822  10.413  -28.680 0.0000000000
121661  -27.488  10.219  -28.238 0.0000000000
76373  -29.948  4.364  -25.747 0.0000000000
76363  -31.038  4.354  -24.846 0.0000000000
76364  -31.714  4.670  -24.545 0.0000000000
75333  -31.431  3.967  -24.271 0.0000000000
122267  -31.770  3.641  -23.785 0.0000000000
68548  -27.305  -3.345  -22.360 0.0000000000
68534  -28.913  -3.681  -21.522 0.0000000000
74411  -27.224  2.744  -27.386 0.0000000000
73420  -26.523  2.079  -27.169 0.0000000000
74394  -27.290  2.008  -26.769 0.0000000000
73408  -27.321  1.396  -26.163 0.0000000000
96025  -25.156  26.289  -27.665 0.0000000000
93785  -26.109  23.905  -27.544 0.0000000000
136786  -27.626  24.272  -27.046 0.0000000000
93786  -27.285  23.775  -26.969 0.0000000000
93767  -27.043  23.139  -26.755 0.0000000000
92954  -27.146  22.859  -25.647 0.0000000000
115917  -26.673  20.619  -25.329 0.0000000000
116497  -26.456  20.021  -25.998 0.0000000000
125504  -27.035  19.961  -24.991 0.0000000000
91201  -28.149  20.123  -24.632 0.0000000000
91202  -29.198  20.322  -24.580 0.0000000000
90371  -28.864  19.385  -24.716 0.0000000000
89543  -29.342  18.928  -24.991 0.0000000000
86927  -28.408  16.359  -28.758 0.0000000000
132894  -28.205  16.831  -27.999 0.0000000000
86928  -29.124  16.230  -29.144 0.0000000000
87825  -30.372  16.374  -28.335 0.0000000000
125382  -29.974  15.694  -28.982 0.0000000000
86947  -30.775  15.128  -30.292 0.0000000000
86047  -31.347  14.888  -30.626 0.0000000000
126232  -29.525  12.675  -27.531 0.0000000000
84095  -30.103  13.211  -27.512 0.0000000000
83123  -31.533  11.773  -25.758 0.0000000000
79347  -27.189  7.378  -28.563 0.0000000000
79348  -27.896  7.531  -27.983 0.0000000000
79335  -28.594  7.635  -27.430 0.0000000000
78355  -30.999  6.631  -25.835 0.0000000000
79326  -30.835  7.431  -25.944 0.0000000000
81230  -31.659  8.824  -25.255 0.0000000000
122611  -32.207  8.812  -24.779 0.0000000000
81212  -32.752  9.147  -24.253 0.0000000000
124798  -33.406  9.000  -23.733 0.0000000000
80230  -33.104  8.429  -23.880 0.0000000000
70484  -27.148  -1.268  -24.260 0.0000000000
71439  -27.868  -0.903  -23.922 0.0000000000
71456  -28.114  -0.160  -24.254 0.0000000000
72405  -28.834  0.273  -23.827 0.0000000000
85078  -27.883  14.486  -28.131 0.0000000000
85079  -28.763  14.262  -28.487 0.0000000000
84094  -28.964  13.472  -28.049 0.0000000000
119546  -29.023  12.622  -27.785 0.0000000000
83145  -29.284  11.753  -27.484 0.0000000000
77393  -29.593  5.753  -26.745 0.0000000000
78367  -30.196  6.227  -26.256 0.0000000000
76389  -30.190  5.001  -25.898 0.0000000000
123508  -31.721  6.739  -25.348 0.0000000000
78344  -32.308  6.802  -24.886 0.0000000000
78345  -33.019  6.789  -24.266 0.0000000000
77372  -32.534  6.132  -24.563 0.0000000000
76365  -32.422  4.887  -24.214 0.0000000000
65692  -27.228  -6.831  -20.590 0.0000000000
69518  -27.379  -2.357  -23.283 0.0000000000
69501  -27.728  -2.663  -22.545 0.0000000000
77406  -27.973  5.022  -28.217 0.0000000000
76406  -28.485  4.634  -27.831 0.0000000000
74412  -27.917  3.209  -27.319 0.0000000000
75358  -28.544  3.415  -26.694 0.0000000000
74364  -29.855  2.478  -24.338 0.0000000000
96797  -25.293  27.218  -27.145 0.0000000000
94544  -24.553  24.792  -27.739 0.0000000000
95309  -25.045  25.573  -27.910 0.0000000000
95310  -25.230  25.580  -28.055 0.0000000000
96042  -26.403  26.920  -27.934 0.0000000000
96819  -27.324  27.172  -27.636 0.0000000000
94547  -28.393  24.487  -26.891 0.0000000000
95295  -29.335  25.950  -26.453 0.0000000000
95282  -29.946  25.183  -25.794 0.0000000000
94535  -30.598  24.514  -25.414 0.0000000000
116404  -26.716  21.431  -25.253 0.0000000000
140790  -27.000  21.991  -24.989 0.0000000000
92939  -28.286  23.021  -24.703 0.0000000000
93758  -28.868  23.464  -24.731 0.0000000000
93770  -29.408  23.617  -24.936 0.0000000000
93771  -30.302  23.669  -25.333 0.0000000000
92956  -30.456  22.064  -25.501 0.0000000000
91205  -29.941  20.485  -24.920 0.0000000000
116225  -26.261  16.946  -26.870 0.0000000000
116831  -27.803  17.676  -25.811 0.0000000000
89548  -28.561  17.824  -25.787 0.0000000000
89558  -30.314  18.646  -27.163 0.0000000000
87826  -31.032  16.241  -28.325 0.0000000000
134957  -32.101  16.761  -28.103 0.0000000000
87816  -31.841  16.119  -27.673 0.0000000000
85065  -31.625  13.907  -26.282 0.0000000000
140843  -27.014  9.764  -28.522 0.0000000000
80290  -27.485  8.391  -28.254 0.0000000000
81280  -28.008  9.880  -27.689 0.0000000000
82232  -29.815  10.350  -26.604 0.0000000000
78376  -28.923  6.811  -27.442 0.0000000000
79336  -29.245  7.356  -27.081 0.0000000000
80260  -29.831  8.452  -26.599 0.0000000000
81246  -29.815  9.383  -26.557 0.0000000000
82233  -30.589  10.853  -26.265 0.0000000000
82234  -31.322  10.955  -25.809 0.0000000000
122907  -31.809  11.042  -25.437 0.0000000000
73391  -27.922  1.414  -25.529 0.0000000000
74363  -29.108  1.930  -24.579 0.0000000000
92938  -27.408  22.512  -24.897 0.0000000000
