#!ascii label  , from subject sub-v1s12x0050109_ses-1 vox2ras=TkReg
798
65692  -27.228  -6.831  -20.590 0.4285714328
66656  -27.347  -5.311  -21.200 0.2857142985
66657  -28.339  -5.197  -20.902 0.4285714328
67592  -28.768  -4.463  -21.197 0.4285714328
68533  -27.544  -3.889  -21.778 0.2857142985
133906  -28.254  -3.946  -21.552 0.4285714328
68534  -28.913  -3.681  -21.522 0.4285714328
69501  -27.728  -2.663  -22.545 0.4285714328
69502  -28.495  -2.368  -22.221 0.4285714328
69519  -28.061  -1.976  -22.912 0.4285714328
70469  -28.355  -1.292  -23.279 0.4285714328
71455  -27.376  -0.535  -24.548 0.5714285970
71439  -27.868  -0.903  -23.922 0.5714285970
71440  -28.591  -0.534  -23.558 0.4285714328
71441  -29.318  -0.174  -23.141 0.2857142985
71456  -28.114  -0.160  -24.254 0.7142857313
72405  -28.834  0.273  -23.827 0.7142857313
73377  -29.037  1.092  -24.178 0.7142857313
134930  -29.708  1.700  -23.837 0.4285714328
72421  -28.323  0.611  -24.528 0.7142857313
72406  -29.658  0.768  -23.353 0.5714285970
74364  -29.855  2.478  -24.338 0.5714285970
73376  -28.444  1.350  -24.843 0.5714285970
74365  -30.582  2.928  -24.133 0.5714285970
74363  -29.108  1.930  -24.579 0.5714285970
75343  -30.376  3.985  -25.137 0.5714285970
76363  -31.038  4.354  -24.846 0.5714285970
122538  -29.016  3.313  -25.872 0.7142857313
76374  -30.641  4.715  -25.461 0.7142857313
76375  -31.304  5.109  -25.165 0.5714285970
75342  -29.670  3.601  -25.482 0.5714285970
74395  -27.932  2.647  -26.754 0.5714285970
76373  -29.948  4.364  -25.747 0.8571428657
77371  -32.005  5.501  -24.732 0.5714285970
75359  -29.265  3.976  -26.200 0.7142857313
76387  -28.864  4.315  -27.019 0.5714285970
78355  -30.999  6.631  -25.835 0.7142857313
77383  -32.006  6.237  -24.983 0.5714285970
76389  -30.190  5.001  -25.898 0.7142857313
77381  -30.725  5.581  -25.749 0.7142857313
79310  -31.380  7.384  -25.583 0.5714285970
79311  -31.959  7.405  -25.185 0.5714285970
77394  -30.011  5.503  -26.166 0.5714285970
78367  -30.196  6.227  -26.256 0.7142857313
139411  -31.005  8.222  -25.684 0.7142857313
119709  -30.348  7.082  -26.346 0.7142857313
79326  -30.835  7.431  -25.944 0.7142857313
124982  -30.991  9.267  -25.653 0.7142857313
81230  -31.659  8.824  -25.255 0.5714285970
136308  -30.392  7.919  -26.261 0.7142857313
128391  -29.118  6.007  -27.484 0.5714285970
137101  -31.538  9.681  -25.383 0.5714285970
82221  -31.701  10.386  -25.371 0.5714285970
80260  -29.831  8.452  -26.599 0.8571428657
79325  -29.795  7.589  -26.684 0.8571428657
81248  -31.084  10.178  -25.717 0.7142857313
81247  -30.444  9.820  -26.137 0.7142857313
80261  -30.407  8.833  -26.147 0.8571428657
83136  -30.453  11.801  -26.603 0.8571428657
83137  -31.002  11.525  -26.200 0.5714285970
82233  -30.589  10.853  -26.265 0.8571428657
82232  -29.815  10.350  -26.604 0.8571428657
81246  -29.815  9.383  -26.557 0.8571428657
84095  -30.103  13.211  -27.512 0.8571428657
85081  -30.956  13.541  -27.552 0.8571428657
86038  -31.318  14.345  -30.066 0.8571428657
83135  -29.840  11.284  -26.828 0.8571428657
84105  -29.726  13.468  -28.241 1.0000000000
85093  -30.778  13.746  -28.906 1.0000000000
83146  -29.856  12.215  -27.054 0.8571428657
85092  -30.315  14.122  -29.708 1.0000000000
86028  -29.472  14.734  -29.659 1.0000000000
86017  -28.792  15.653  -29.460 0.7142857313
85080  -29.449  13.986  -28.871 1.0000000000
86938  -29.761  15.264  -29.707 1.0000000000
89548  -28.561  17.824  -25.787 1.0000000000
116831  -27.803  17.676  -25.811 0.8571428657
115914  -27.740  19.177  -24.892 0.8571428657
116464  -28.494  18.433  -25.159 1.0000000000
92939  -28.286  23.021  -24.703 0.8571428657
92068  -27.508  21.658  -24.740 0.8571428657
92069  -28.400  21.067  -24.544 1.0000000000
93769  -28.126  23.985  -26.513 0.8571428657
94533  -28.874  24.268  -26.017 0.8571428657
94547  -28.393  24.487  -26.891 0.7142857313
93786  -27.285  23.775  -26.969 0.5714285970
95293  -26.968  25.685  -27.318 0.7142857313
96028  -28.222  26.616  -26.864 0.5714285970
95310  -25.230  25.580  -28.055 0.5714285970
94545  -26.391  24.704  -27.445 0.5714285970
95309  -25.045  25.573  -27.910 0.4285714328
96041  -25.741  26.987  -27.990 0.4285714328
96818  -26.381  27.554  -28.026 0.4285714328
137161  -25.595  25.721  -25.773 0.2857142985
96015  -24.927  26.545  -26.866 0.2857142985
96008  -26.053  26.534  -25.023 0.2857142985
67591  -27.076  -4.551  -21.665 0.2857142985
75331  -30.100  3.225  -24.807 0.5714285970
77382  -31.477  5.964  -25.327 0.5714285970
82234  -31.322  10.955  -25.809 0.5714285970
84089  -30.883  12.518  -26.419 0.8571428657
135492  -30.361  12.737  -26.871 0.8571428657
86927  -28.408  16.359  -28.758 0.8571428657
95999  -27.179  26.524  -23.185 0.1428571492
67604  -26.385  -4.666  -22.124 0.2857142985
67605  -26.801  -3.990  -22.227 0.2857142985
68549  -28.139  -3.187  -21.864 0.4285714328
70454  -28.779  -1.646  -22.569 0.4285714328
68563  -27.163  -2.961  -22.999 0.2857142985
70468  -27.633  -1.642  -23.614 0.4285714328
68548  -27.305  -3.345  -22.360 0.4285714328
72420  -27.531  0.242  -24.927 0.2857142985
74374  -28.508  2.043  -25.346 0.5714285970
122267  -31.770  3.641  -23.785 0.4285714328
75341  -28.535  2.689  -25.997 0.7142857313
75332  -30.792  3.629  -24.523 0.7142857313
75333  -31.431  3.967  -24.271 0.4285714328
75358  -28.544  3.415  -26.694 0.5714285970
80244  -32.067  8.121  -24.957 0.5714285970
78344  -32.308  6.802  -24.886 0.5714285970
139187  -31.603  7.976  -25.318 0.5714285970
77393  -29.593  5.753  -26.745 0.8571428657
119546  -29.023  12.622  -27.785 1.0000000000
86926  -27.490  16.362  -28.076 0.7142857313
132894  -28.205  16.831  -27.999 1.0000000000
87805  -28.889  16.894  -28.296 1.0000000000
116558  -28.135  17.263  -26.353 0.7142857313
88707  -28.548  17.185  -27.263 1.0000000000
115903  -27.705  16.783  -27.108 0.7142857313
140790  -27.000  21.991  -24.989 0.8571428657
91201  -28.149  20.123  -24.632 1.0000000000
90371  -28.864  19.385  -24.716 1.0000000000
96040  -25.364  26.326  -27.899 0.7142857313
93785  -26.109  23.905  -27.544 0.5714285970
94562  -26.280  25.489  -27.607 0.7142857313
96027  -27.139  26.365  -27.387 0.7142857313
122958  -24.670  24.803  -28.124 0.4285714328
96797  -25.293  27.218  -27.145 0.2857142985
96807  -25.673  27.649  -28.057 0.4285714328
96819  -27.324  27.172  -27.636 0.4285714328
97631  -26.244  28.196  -28.227 0.4285714328
72439  -27.923  0.889  -25.079 0.4285714328
73391  -27.922  1.414  -25.529 0.4285714328
96026  -25.400  26.810  -27.726 0.4285714328
95311  -26.125  26.285  -27.987 0.7142857313
96016  -25.193  26.779  -26.139 0.2857142985
65715  -27.059  -6.067  -20.882 0.4285714328
135688  -26.671  -5.115  -21.641 0.2857142985
66655  -26.566  -5.753  -21.387 0.2857142985
139915  -28.894  -4.950  -20.809 0.4285714328
121342  -27.894  -4.553  -21.382 0.4285714328
69518  -27.379  -2.357  -23.283 0.2857142985
70484  -27.148  -1.268  -24.260 0.4285714328
74375  -29.252  2.763  -25.181 0.5714285970
76364  -31.714  4.670  -24.545 0.5714285970
76388  -29.554  4.872  -26.429 0.5714285970
123508  -31.721  6.739  -25.348 0.5714285970
77408  -29.077  5.166  -27.316 0.7142857313
78366  -29.609  6.696  -26.863 0.8571428657
81263  -29.170  9.905  -26.934 0.8571428657
126232  -29.525  12.675  -27.531 1.0000000000
93756  -27.678  23.210  -25.087 0.8571428657
93768  -27.638  23.408  -25.912 0.8571428657
136786  -27.626  24.272  -27.046 0.7142857313
95294  -28.182  25.420  -26.937 0.7142857313
94546  -27.371  24.932  -27.172 0.5714285970
94561  -25.209  24.873  -28.157 0.5714285970
94544  -24.553  24.792  -27.739 0.4285714328
96025  -25.156  26.289  -27.665 0.4285714328
94526  -26.114  24.767  -24.690 0.2857142985
95276  -26.502  25.662  -24.325 0.2857142985
95272  -26.786  25.766  -23.182 0.1428571492
96042  -26.403  26.920  -27.934 0.5714285970
140578  -26.860  30.962  -27.796 0.2857142985
99368  -25.649  31.394  -27.847 0.1428571492
98447  -25.925  29.233  -28.507 0.2857142985
121488  -25.931  30.635  -28.288 0.1428571492
134213  -25.643  28.367  -26.378 0.1428571492
97610  -25.602  28.994  -27.913 0.1428571492
98441  -28.201  29.614  -27.071 0.2857142985
98440  -26.859  29.969  -28.265 0.2857142985
96792  -31.732  27.545  -24.970 0.2857142985
97598  -29.970  28.834  -25.935 0.2857142985
125840  -25.534  30.705  -27.413 0.1428571492
97621  -26.437  28.800  -28.341 0.2857142985
97624  -30.234  27.630  -26.984 0.2857142985
98448  -26.455  29.500  -28.393 0.2857142985
95284  -31.330  25.833  -25.625 0.1428571492
97612  -29.718  28.769  -26.730 0.2857142985
98427  -25.629  29.931  -27.410 0.1428571492
122713  -28.773  28.512  -27.686 0.2857142985
97622  -27.645  28.915  -27.900 0.2857142985
135622  -33.002  24.116  -26.001 0.1428571492
94537  -32.612  24.868  -25.805 0.1428571492
96030  -30.797  27.108  -26.373 0.4285714328
92956  -30.456  22.064  -25.501 0.2857142985
94534  -29.685  24.310  -25.489 0.4285714328
95295  -29.335  25.950  -26.453 0.2857142985
92079  -31.172  21.444  -26.778 0.1428571492
93772  -31.312  23.737  -25.466 0.2857142985
93770  -29.408  23.617  -24.936 0.5714285970
94548  -29.161  24.852  -26.424 0.7142857313
91211  -30.709  20.167  -27.156 0.1428571492
92076  -30.607  21.280  -26.075 0.1428571492
129965  -29.851  22.076  -25.011 0.4285714328
89565  -30.815  18.585  -28.017 0.2857142985
90379  -30.368  19.552  -26.633 0.7142857313
93758  -28.868  23.464  -24.731 0.7142857313
89543  -29.342  18.928  -24.991 0.8571428657
90374  -30.128  19.785  -25.575 0.8571428657
92070  -29.421  21.437  -24.636 0.5714285970
89574  -31.295  18.001  -28.702 0.2857142985
92937  -26.799  22.213  -25.491 0.5714285970
88728  -31.546  17.227  -28.488 0.1428571492
89558  -30.314  18.646  -27.163 0.7142857313
87827  -31.560  16.402  -28.174 0.1428571492
83159  -27.751  11.933  -28.509 0.5714285970
84094  -28.964  13.472  -28.049 0.8571428657
85079  -28.763  14.262  -28.487 0.8571428657
85091  -28.208  13.485  -28.245 0.4285714328
86027  -28.354  15.114  -29.136 0.5714285970
88700  -28.962  17.707  -26.452 0.8571428657
87815  -29.596  16.649  -28.282 0.8571428657
88717  -30.173  17.207  -27.802 0.8571428657
89557  -29.718  18.203  -26.667 0.8571428657
91202  -29.198  20.322  -24.580 0.8571428657
87816  -31.841  16.119  -27.673 0.4285714328
88727  -30.847  17.116  -28.237 0.7142857313
88709  -30.078  17.906  -27.340 0.7142857313
121463  -26.639  11.096  -28.872 0.2857142985
84104  -28.400  12.450  -28.305 0.5714285970
86928  -29.124  16.230  -29.144 0.8571428657
88708  -29.436  17.464  -27.434 0.8571428657
122344  -31.412  15.419  -28.719 0.4285714328
120281  -30.772  15.459  -28.976 0.8571428657
86939  -32.200  15.204  -27.898 0.4285714328
78375  -28.312  6.976  -27.760 0.7142857313
79347  -27.189  7.378  -28.563 0.4285714328
80274  -28.592  8.550  -27.293 0.8571428657
80291  -28.045  8.976  -27.742 0.5714285970
121661  -27.488  10.219  -28.238 0.5714285970
81294  -26.481  9.728  -29.014 0.4285714328
82246  -28.637  10.352  -27.430 0.8571428657
82261  -28.055  10.744  -27.871 0.5714285970
82260  -27.417  11.122  -28.452 0.5714285970
83145  -29.284  11.753  -27.484 0.8571428657
138679  -28.726  11.870  -27.930 0.7142857313
83160  -28.201  11.556  -28.160 0.5714285970
85094  -31.559  13.945  -28.959 0.7142857313
86047  -31.347  14.888  -30.626 0.7142857313
86947  -30.775  15.128  -30.292 0.8571428657
86012  -31.656  14.692  -25.945 0.2857142985
86029  -32.342  14.728  -28.193 0.4285714328
77407  -28.577  5.466  -27.949 0.4285714328
78393  -27.814  6.707  -28.218 0.4285714328
122831  -29.172  8.083  -26.919 0.7142857313
80275  -29.151  8.974  -26.839 0.7142857313
82247  -29.250  10.801  -27.203 0.8571428657
126087  -31.217  13.469  -26.765 0.7142857313
85065  -31.625  13.907  -26.282 0.2857142985
76405  -27.860  4.227  -28.127 0.5714285970
130124  -28.467  6.275  -27.904 0.5714285970
83123  -31.533  11.773  -25.758 0.4285714328
84081  -31.379  12.915  -25.877 0.4285714328
73409  -27.941  2.004  -26.131 0.5714285970
77372  -32.534  6.132  -24.563 0.4285714328
79296  -32.492  7.497  -24.677 0.4285714328
82222  -32.254  10.684  -24.911 0.4285714328
122323  -32.821  10.816  -24.361 0.4285714328
122907  -31.809  11.042  -25.437 0.4285714328
71424  -29.735  -0.681  -22.482 0.1428571492
122611  -32.207  8.812  -24.779 0.4285714328
82206  -32.763  10.102  -24.345 0.4285714328
72391  -30.498  0.801  -22.771 0.1428571492
74351  -31.117  2.649  -23.528 0.2857142985
77360  -33.784  5.516  -23.465 0.2857142985
78330  -34.638  6.938  -22.905 0.2857142985
119171  -33.760  6.366  -23.503 0.2857142985
76365  -32.422  4.887  -24.214 0.4285714328
79280  -33.478  7.937  -23.568 0.2857142985
78345  -33.019  6.789  -24.266 0.2857142985
134134  -32.654  5.507  -24.308 0.2857142985
79297  -33.017  7.680  -24.075 0.4285714328
71425  -30.532  -0.531  -22.197 0.1428571492
72390  -30.060  0.084  -22.665 0.1428571492
71423  -29.040  -0.949  -22.898 0.1428571492
73350  -30.916  1.341  -22.797 0.2857142985
73366  -31.007  1.950  -23.107 0.2857142985
75308  -32.979  3.094  -22.813 0.2857142985
76352  -33.735  4.661  -23.259 0.2857142985
76351  -32.850  4.391  -23.638 0.2857142985
75319  -32.449  3.577  -23.419 0.2857142985
77359  -33.107  5.140  -23.848 0.2857142985
117452  -30.879  0.147  -22.355 0.1428571492
73353  -32.926  1.440  -22.264 0.2857142985
72392  -31.283  0.810  -22.453 0.2857142985
74337  -31.810  2.306  -22.959 0.2857142985
73351  -31.561  1.516  -22.648 0.2857142985
134153  -32.334  2.872  -23.034 0.2857142985
69503  -29.340  -2.076  -21.935 0.1428571492
70455  -30.218  -1.302  -21.946 0.1428571492
65693  -28.195  -6.916  -20.439 0.2857142985
69488  -29.058  -2.896  -21.743 0.2857142985
65694  -28.722  -6.246  -20.464 0.1428571492
64742  -26.845  -7.606  -20.534 0.2857142985
63798  -27.135  -8.384  -20.368 0.1428571492
72393  -32.187  0.901  -22.212 0.2857142985
124798  -33.406  9.000  -23.733 0.2857142985
122263  -28.121  8.209  -27.746 0.7142857313
81212  -32.752  9.147  -24.253 0.4285714328
85066  -31.920  13.284  -25.258 0.2857142985
85052  -31.874  14.170  -25.277 0.2857142985
86018  -32.383  14.596  -27.116 0.5714285970
125504  -27.035  19.961  -24.991 0.7142857313
86048  -31.620  14.855  -30.107 0.7142857313
89549  -29.343  18.390  -25.663 0.8571428657
93767  -27.043  23.139  -26.755 0.4285714328
92954  -27.146  22.859  -25.647 0.5714285970
129333  -28.389  22.087  -24.591 0.7142857313
86929  -32.388  15.073  -27.212 0.2857142985
88718  -30.580  17.887  -27.911 0.5714285970
138525  -28.311  27.388  -27.270 0.2857142985
92955  -29.957  22.858  -25.188 0.4285714328
127677  -26.059  29.526  -24.993 0.1428571492
96018  -30.718  26.347  -25.850 0.2857142985
94536  -31.605  24.841  -25.464 0.1428571492
98428  -28.807  29.806  -25.710 0.2857142985
137173  -28.511  -5.734  -20.644 0.1428571492
67581  -29.415  -4.788  -20.772 0.1428571492
131042  -31.247  -0.419  -22.028 0.1428571492
71426  -31.690  0.116  -22.085 0.1428571492
73364  -30.401  2.233  -23.652 0.2857142985
76335  -34.569  4.622  -22.717 0.2857142985
74366  -31.222  3.324  -23.931 0.2857142985
76353  -34.363  5.167  -23.057 0.2857142985
76406  -28.485  4.634  -27.831 0.5714285970
75334  -32.087  4.206  -23.960 0.2857142985
78392  -27.112  6.392  -28.582 0.2857142985
80209  -33.788  8.506  -23.429 0.2857142985
81189  -34.092  9.197  -23.305 0.2857142985
79335  -28.594  7.635  -27.430 0.7142857313
81278  -26.877  9.078  -28.619 0.4285714328
80290  -27.485  8.391  -28.254 0.5714285970
83158  -26.858  11.940  -28.805 0.2857142985
82259  -26.822  10.413  -28.680 0.5714285970
81213  -33.419  9.688  -23.754 0.2857142985
81280  -28.008  9.880  -27.689 0.7142857313
123515  -32.659  11.928  -24.688 0.4285714328
83124  -32.164  11.477  -25.157 0.4285714328
84072  -32.559  12.783  -24.657 0.1428571492
85053  -32.482  13.710  -24.658 0.1428571492
85073  -31.935  14.088  -27.861 0.5714285970
86919  -32.224  15.061  -26.543 0.2857142985
86949  -32.107  15.007  -29.168 0.5714285970
87826  -31.032  16.241  -28.325 0.7142857313
121098  -29.756  19.109  -25.332 0.8571428657
88719  -32.576  17.349  -27.958 0.2857142985
88729  -32.262  17.405  -28.628 0.1428571492
127060  -25.613  28.033  -27.424 0.2857142985
134957  -32.101  16.761  -28.103 0.4285714328
88737  -32.317  17.872  -28.997 0.1428571492
91206  -30.299  20.647  -25.584 0.5714285970
90387  -31.414  19.043  -28.268 0.1428571492
90386  -30.729  19.343  -27.566 0.1428571492
91209  -30.796  20.826  -26.793 0.1428571492
97597  -25.756  28.949  -25.904 0.1428571492
92075  -30.182  21.311  -25.211 0.5714285970
92964  -31.113  22.117  -26.092 0.1428571492
96017  -30.140  25.939  -25.911 0.2857142985
94535  -30.598  24.514  -25.414 0.2857142985
92957  -30.872  22.862  -25.548 0.2857142985
93787  -31.927  22.880  -25.856 0.1428571492
93788  -32.770  23.416  -26.203 0.1428571492
93773  -32.288  23.924  -25.637 0.1428571492
134308  -31.333  27.214  -26.301 0.2857142985
96799  -31.514  27.456  -26.021 0.2857142985
96031  -31.995  27.131  -26.351 0.1428571492
96020  -32.235  26.552  -26.338 0.1428571492
119975  -34.678  5.879  -22.967 0.2857142985
86911  -31.534  15.535  -25.487 0.2857142985
95297  -33.619  25.433  -27.043 0.1428571492
96793  -32.541  27.606  -24.645 0.2857142985
65714  -26.461  -6.583  -21.084 0.2857142985
66640  -27.916  -6.037  -20.719 0.2857142985
67593  -29.523  -4.102  -21.165 0.1428571492
68535  -29.639  -3.413  -21.429 0.1428571492
73365  -30.341  1.491  -23.223 0.2857142985
78376  -28.923  6.811  -27.442 0.5714285970
79336  -29.245  7.356  -27.081 0.7142857313
86037  -30.635  14.820  -30.406 0.8571428657
93757  -28.347  23.731  -25.166 0.7142857313
124677  -29.225  27.081  -26.784 0.2857142985
134567  -27.558  28.081  -27.905 0.2857142985
137281  -29.467  -1.375  -22.281 0.1428571492
74352  -31.766  3.071  -23.434 0.2857142985
80229  -32.582  8.276  -24.449 0.4285714328
90373  -29.679  19.612  -24.852 0.8571428657
97620  -25.808  28.519  -28.310 0.2857142985
122438  -26.297  30.544  -28.418 0.2857142985
99358  -26.113  31.277  -28.274 0.1428571492
98439  -25.926  29.921  -28.594 0.2857142985
99369  -27.635  30.365  -27.029 0.2857142985
98449  -27.658  29.451  -27.780 0.2857142985
96798  -30.849  27.498  -26.266 0.2857142985
98442  -29.282  29.240  -26.367 0.2857142985
97613  -30.350  28.194  -26.396 0.2857142985
96029  -30.119  26.753  -26.419 0.2857142985
97611  -28.923  29.055  -27.375 0.2857142985
95283  -30.700  25.428  -25.574 0.2857142985
96019  -31.519  26.696  -26.147 0.1428571492
95285  -32.077  25.809  -25.784 0.1428571492
96808  -29.160  27.906  -27.492 0.2857142985
94549  -33.311  24.769  -26.516 0.1428571492
95296  -32.785  25.844  -26.586 0.1428571492
94527  -29.052  24.001  -24.958 0.5714285970
95282  -29.946  25.183  -25.794 0.5714285970
92965  -31.898  22.029  -26.560 0.1428571492
91208  -30.472  20.386  -26.311 0.1428571492
93771  -30.302  23.669  -25.333 0.4285714328
92940  -29.174  22.747  -24.655 0.7142857313
89550  -29.970  18.965  -26.136 0.7142857313
91205  -29.941  20.485  -24.920 0.7142857313
85078  -27.883  14.486  -28.131 0.4285714328
84103  -27.598  12.692  -28.588 0.4285714328
125382  -29.974  15.694  -28.982 0.8571428657
87825  -30.372  16.374  -28.335 0.8571428657
128163  -31.739  15.518  -28.233 0.5714285970
86948  -31.488  15.120  -30.100 0.7142857313
77426  -27.916  5.862  -28.298 0.5714285970
79348  -27.896  7.531  -27.983 0.4285714328
81262  -28.589  9.451  -27.293 0.7142857313
81279  -27.507  9.380  -28.195 0.4285714328
140843  -27.014  9.764  -28.522 0.4285714328
80308  -26.283  8.955  -29.170 0.2857142985
121688  -28.705  11.185  -27.693 0.8571428657
86039  -31.980  14.474  -29.277 0.5714285970
77406  -27.973  5.022  -28.217 0.5714285970
84082  -32.073  12.327  -25.260 0.4285714328
81231  -32.117  9.674  -24.930 0.4285714328
77373  -33.166  5.902  -24.046 0.2857142985
78329  -33.595  7.234  -23.517 0.2857142985
80230  -33.104  8.429  -23.880 0.4285714328
71413  -31.113  -1.078  -21.817 0.1428571492
75320  -33.324  3.820  -23.099 0.2857142985
73352  -32.247  1.693  -22.525 0.2857142985
74338  -32.740  2.291  -22.595 0.2857142985
64743  -27.658  -7.648  -20.379 0.1428571492
65695  -29.554  -6.277  -20.377 0.1428571492
67582  -30.162  -4.488  -20.756 0.1428571492
130731  -25.987  28.079  -24.919 0.1428571492
115917  -26.673  20.619  -25.329 0.5714285970
116423  -26.393  18.430  -26.425 0.4285714328
115909  -26.481  19.280  -27.154 0.4285714328
116497  -26.456  20.021  -25.998 0.5714285970
115905  -26.767  17.609  -26.165 0.4285714328
116276  -26.605  19.149  -25.614 0.5714285970
116419  -27.376  20.816  -24.780 0.4285714328
116410  -27.280  17.151  -26.545 0.4285714328
116225  -26.261  16.946  -26.870 0.4285714328
116415  -27.275  18.344  -25.499 0.5714285970
79282  -35.861  7.202  -22.494 0.1428571492
79281  -34.137  7.835  -23.075 0.1428571492
80210  -34.588  8.561  -22.886 0.1428571492
71454  -26.638  -0.845  -24.806 0.2857142985
135674  -38.058  6.355  -22.905 0.1428571492
78332  -36.667  6.705  -22.381 0.1428571492
125654  -37.556  7.067  -22.644 0.1428571492
79283  -36.765  7.396  -22.418 0.1428571492
79285  -37.950  7.820  -23.382 0.1428571492
77341  -35.089  5.174  -22.619 0.1428571492
77343  -36.517  5.915  -22.308 0.1428571492
77363  -38.417  5.919  -23.575 0.1428571492
78315  -37.480  6.217  -22.438 0.1428571492
78378  -38.314  6.285  -26.942 0.1428571492
78356  -38.511  6.599  -25.415 0.1428571492
78368  -38.412  6.963  -26.238 0.1428571492
70467  -26.840  -1.968  -23.874 0.2857142985
69529  -25.907  -2.348  -24.159 0.2857142985
74340  -34.209  2.563  -22.044 0.1428571492
129934  -34.602  3.358  -22.170 0.1428571492
123016  -34.969  4.050  -22.265 0.1428571492
75309  -33.750  3.256  -22.531 0.1428571492
140925  -37.417  4.775  -22.055 0.1428571492
76337  -36.992  4.180  -21.834 0.1428571492
130664  -38.480  5.088  -23.413 0.1428571492
77342  -36.240  5.028  -22.093 0.1428571492
77374  -38.578  5.232  -24.500 0.1428571492
130467  -38.442  4.924  -26.301 0.1428571492
77409  -38.196  5.598  -27.498 0.1428571492
127512  -38.427  6.216  -26.148 0.1428571492
69516  -25.909  -3.129  -23.620 0.2857142985
124947  -33.544  1.966  -22.214 0.1428571492
124008  -34.893  2.158  -21.479 0.1428571492
74341  -35.177  2.764  -21.626 0.1428571492
75310  -35.534  3.456  -21.792 0.1428571492
130247  -37.976  4.177  -22.310 0.1428571492
76336  -35.889  4.164  -21.878 0.1428571492
76355  -38.593  4.417  -24.086 0.1428571492
76376  -38.521  4.787  -25.465 0.1428571492
76366  -38.563  4.471  -24.869 0.1428571492
78395  -37.514  6.404  -28.487 0.1428571492
78377  -37.991  6.348  -27.763 0.1428571492
73354  -34.256  1.775  -21.589 0.1428571492
119580  -33.649  1.247  -21.734 0.1428571492
74342  -36.245  2.744  -21.672 0.1428571492
74353  -38.177  2.734  -22.619 0.1428571492
120837  -38.498  2.883  -23.516 0.1428571492
75311  -36.601  3.444  -21.774 0.1428571492
75322  -38.559  3.651  -23.777 0.1428571492
77410  -38.326  4.905  -27.137 0.1428571492
124699  -38.506  4.170  -25.417 0.1428571492
77430  -37.674  5.645  -28.306 0.1428571492
76407  -37.997  4.844  -27.967 0.1428571492
123376  -33.923  0.458  -21.444 0.1428571492
73356  -36.634  1.452  -21.768 0.1428571492
118948  -36.036  1.244  -21.577 0.1428571492
72395  -34.535  1.003  -21.349 0.1428571492
127643  -36.909  2.039  -21.874 0.1428571492
124715  -35.878  1.997  -21.542 0.1428571492
74367  -38.459  2.359  -24.310 0.1428571492
74354  -38.405  1.997  -23.304 0.1428571492
74376  -38.447  2.793  -25.268 0.1428571492
75344  -38.443  3.590  -25.787 0.1428571492
136195  -38.533  3.084  -24.348 0.1428571492
76390  -38.378  4.378  -26.765 0.1428571492
75335  -38.547  3.741  -24.807 0.1428571492
71432  -37.446  -0.183  -22.440 0.1428571492
138429  -36.186  0.163  -21.649 0.1428571492
72396  -35.600  0.653  -21.484 0.1428571492
72408  -38.297  1.270  -23.565 0.1428571492
72398  -37.747  0.605  -22.612 0.1428571492
73379  -38.331  1.563  -24.257 0.1428571492
75360  -38.327  3.683  -26.737 0.1428571492
73411  -38.189  2.071  -26.051 0.1428571492
73357  -37.394  1.331  -22.196 0.1428571492
129906  -37.843  2.001  -22.390 0.1428571492
75312  -37.645  3.437  -22.153 0.1428571492
76334  -34.133  3.980  -22.679 0.1428571492
77395  -38.390  5.586  -26.625 0.1428571492
77384  -38.504  5.656  -25.568 0.1428571492
122993  -36.225  7.958  -22.421 0.1428571492
68562  -26.556  -3.464  -22.988 0.2857142985
139786  -38.120  3.536  -27.334 0.1428571492
75396  -37.526  4.057  -28.191 0.1428571492
77429  -37.067  5.588  -28.841 0.1428571492
78409  -36.284  6.394  -29.476 0.1428571492
117819  -37.706  7.117  -28.007 0.1428571492
79338  -38.173  7.039  -27.190 0.1428571492
79298  -38.463  7.265  -24.522 0.1428571492
117406  -38.271  7.700  -26.623 0.1428571492
80211  -35.585  8.623  -22.480 0.1428571492
116238  -26.508  20.870  -26.185 0.4285714328
96801  -33.126  27.681  -25.520 0.1428571492
116404  -26.716  21.431  -25.253 0.4285714328
69517  -26.654  -2.728  -23.507 0.2857142985
96782  -32.124  27.555  -23.835 0.1428571492
74339  -33.432  2.633  -22.461 0.1428571492
72394  -33.082  0.667  -21.820 0.1428571492
82207  -33.407  10.558  -23.787 0.1428571492
78331  -35.653  6.382  -22.567 0.1428571492
128159  -35.140  7.848  -22.597 0.1428571492
77362  -38.137  5.685  -22.749 0.1428571492
78333  -38.218  6.810  -23.536 0.1428571492
126476  -35.314  4.615  -22.343 0.1428571492
77361  -35.606  5.677  -22.512 0.1428571492
77344  -37.401  5.448  -22.244 0.1428571492
78346  -38.533  6.252  -24.519 0.1428571492
136012  -38.124  4.925  -22.554 0.1428571492
76354  -38.486  4.292  -23.115 0.1428571492
75321  -38.387  3.513  -22.846 0.1428571492
130967  -38.440  4.258  -26.100 0.1428571492
73355  -35.191  1.485  -21.392 0.1428571492
74343  -37.284  2.720  -22.015 0.1428571492
73392  -38.315  1.855  -25.126 0.1428571492
74397  -38.306  2.882  -26.366 0.1428571492
73367  -38.133  1.292  -22.838 0.1428571492
63818  -25.880  -8.843  -21.036 0.1428571492
64762  -26.152  -7.423  -21.035 0.1428571492
124862  -24.759  -8.135  -21.591 0.1428571492
138546  -26.663  -7.100  -20.751 0.1428571492
120591  -25.750  -6.823  -21.431 0.1428571492
65713  -25.839  -6.127  -21.679 0.1428571492
66667  -26.057  -5.364  -21.959 0.1428571492
66666  -25.148  -5.636  -22.287 0.1428571492
67603  -25.611  -4.825  -22.487 0.1428571492
68547  -26.060  -4.154  -22.707 0.1428571492
135458  -24.852  -4.969  -22.785 0.1428571492
121575  -25.782  -3.707  -23.230 0.1428571492
68560  -24.462  -3.847  -23.671 0.1428571492
68574  -24.698  -3.133  -24.179 0.1428571492
68575  -25.331  -2.955  -24.103 0.1428571492
70482  -25.391  -1.659  -24.902 0.2857142985
70483  -26.314  -1.539  -24.526 0.1428571492
70494  -25.973  -1.111  -25.080 0.1428571492
71467  -26.898  -0.265  -25.057 0.1428571492
72438  -26.784  0.232  -25.539 0.2857142985
74411  -27.224  2.744  -27.386 0.4285714328
75379  -28.250  3.837  -27.612 0.4285714328
86026  -27.477  15.319  -28.495 0.2857142985
86937  -27.896  15.821  -28.881 0.2857142985
116463  -26.444  18.861  -28.701 0.2857142985
132395  -26.476  20.264  -27.266 0.4285714328
65712  -24.980  -6.605  -21.915 0.1428571492
69528  -25.022  -2.481  -24.575 0.1428571492
70481  -24.569  -1.792  -24.857 0.1428571492
70493  -25.315  -0.867  -25.393 0.2857142985
71466  -26.161  -0.449  -25.465 0.2857142985
72437  -26.062  0.234  -26.033 0.2857142985
73390  -27.366  0.832  -25.567 0.2857142985
73408  -27.321  1.396  -26.163 0.4285714328
74394  -27.290  2.008  -26.769 0.4285714328
136870  -26.389  2.712  -27.514 0.2857142985
85090  -27.307  13.726  -28.294 0.2857142985
86036  -27.000  14.640  -28.278 0.2857142985
86025  -26.652  15.503  -28.415 0.2857142985
133566  -26.954  15.975  -28.287 0.2857142985
132474  -26.896  16.697  -27.311 0.2857142985
115899  -26.163  17.295  -27.874 0.2857142985
115896  -26.055  17.423  -29.046 0.2857142985
116478  -26.470  18.486  -27.643 0.2857142985
72451  -26.693  0.813  -26.112 0.2857142985
85089  -26.475  13.971  -28.567 0.2857142985
86936  -26.194  16.148  -28.189 0.2857142985
116347  -26.120  16.730  -27.945 0.2857142985
137886  -26.660  16.338  -27.922 0.2857142985
86946  -25.889  15.736  -28.455 0.2857142985
117337  -26.145  16.443  -28.384 0.2857142985
74412  -27.917  3.209  -27.319 0.4285714328
117116  -26.297  17.763  -27.181 0.2857142985
68561  -25.215  -3.533  -23.706 0.1428571492
121592  -25.614  -8.162  -21.221 0.1428571492
67615  -25.169  -4.260  -23.149 0.1428571492
67614  -24.216  -4.713  -23.268 0.1428571492
73420  -26.523  2.079  -27.169 0.4285714328
115895  -26.313  18.085  -28.728 0.2857142985
73407  -26.615  1.413  -26.671 0.4285714328
86935  -25.539  16.523  -28.753 0.2857142985
76404  -27.112  4.053  -28.140 0.2857142985
75378  -27.557  3.528  -27.836 0.2857142985
100222  -30.197  31.787  -23.091 0.1428571492
100223  -30.805  31.231  -22.789 0.1428571492
99346  -30.034  30.336  -23.584 0.1428571492
97585  -30.734  28.644  -23.777 0.1428571492
97600  -31.200  27.909  -24.290 0.1428571492
129944  -30.745  32.015  -22.889 0.1428571492
98430  -30.174  29.146  -24.326 0.1428571492
99344  -28.561  30.633  -25.121 0.1428571492
101111  -27.476  32.831  -24.916 0.1428571492
76423  -27.397  4.687  -28.236 0.2857142985
77425  -27.241  5.412  -28.362 0.2857142985
97587  -32.453  28.092  -23.109 0.1428571492
99333  -31.896  30.335  -22.691 0.1428571492
96791  -30.985  27.758  -25.487 0.1428571492
98416  -30.444  29.590  -23.496 0.1428571492
97573  -31.021  28.971  -22.861 0.1428571492
97599  -30.387  28.455  -24.968 0.1428571492
100237  -28.801  31.424  -24.166 0.1428571492
129931  -27.517  32.059  -25.383 0.1428571492
100255  -27.994  31.446  -25.229 0.1428571492
100254  -26.986  31.573  -27.025 0.1428571492
100266  -26.258  32.008  -28.069 0.1428571492
99359  -27.655  30.973  -26.387 0.1428571492
98429  -29.581  29.140  -25.128 0.1428571492
100239  -30.075  31.010  -23.231 0.1428571492
101083  -29.642  32.357  -23.275 0.1428571492
99332  -31.149  30.379  -22.654 0.1428571492
98415  -29.573  29.886  -24.416 0.1428571492
99345  -29.419  30.781  -23.928 0.1428571492
101084  -30.329  32.545  -23.023 0.1428571492
98407  -31.447  29.578  -22.665 0.1428571492
86046  -25.717  14.302  -29.140 0.1428571492
86035  -26.241  14.922  -28.708 0.1428571492
115892  -25.682  17.001  -29.010 0.1428571492
116319  -23.859  17.040  -29.070 0.1428571492
116215  -24.844  17.399  -29.367 0.1428571492
84102  -26.696  12.984  -28.852 0.1428571492
115893  -24.154  17.857  -29.266 0.1428571492
116257  -24.961  18.593  -29.423 0.1428571492
116306  -24.667  19.191  -29.204 0.2857142985
80289  -26.705  8.275  -28.746 0.2857142985
83174  -26.096  11.471  -29.312 0.1428571492
85102  -25.865  13.339  -29.232 0.1428571492
87806  -32.139  16.027  -26.877 0.1428571492
86034  -25.522  15.202  -29.088 0.1428571492
116391  -26.337  19.627  -28.351 0.1428571492
116380  -25.934  19.094  -29.300 0.1428571492
116474  -24.796  19.829  -28.880 0.2857142985
132298  -25.791  21.380  -28.095 0.2857142985
138331  -24.314  24.055  -27.748 0.2857142985
93783  -22.951  22.986  -26.316 0.2857142985
94543  -24.330  24.304  -27.938 0.2857142985
96790  -25.537  27.527  -25.840 0.1428571492
94514  -25.296  24.828  -22.258 0.1428571492
116190  -26.448  21.143  -27.353 0.2857142985
116498  -25.182  20.466  -28.541 0.2857142985
132456  -26.355  21.949  -27.456 0.2857142985
92963  -26.397  23.082  -27.394 0.2857142985
132329  -25.165  22.899  -27.836 0.2857142985
92969  -23.490  22.320  -27.675 0.2857142985
92970  -24.275  23.287  -27.666 0.2857142985
93799  -23.431  22.898  -27.120 0.2857142985
95281  -24.854  25.642  -27.224 0.1428571492
93765  -23.278  23.520  -25.839 0.2857142985
95998  -26.721  26.486  -23.935 0.1428571492
92950  -22.714  22.379  -26.844 0.1428571492
132342  -22.052  21.764  -26.510 0.1428571492
115901  -23.490  19.067  -28.930 0.2857142985
94531  -24.718  24.508  -26.387 0.1428571492
94530  -24.141  24.005  -26.731 0.2857142985
94525  -25.362  24.138  -24.970 0.1428571492
93766  -24.044  23.730  -25.236 0.1428571492
135960  -22.699  17.801  -29.050 0.2857142985
92953  -23.278  23.181  -24.940 0.1428571492
92936  -24.167  23.002  -24.006 0.1428571492
116174  -22.120  16.239  -27.126 0.1428571492
87817  -32.361  16.690  -27.418 0.1428571492
86001  -31.478  14.963  -25.059 0.1428571492
82276  -26.124  10.542  -29.337 0.1428571492
84115  -25.177  12.773  -29.659 0.1428571492
87807  -32.755  16.776  -26.574 0.1428571492
86044  -24.281  14.819  -29.594 0.1428571492
86956  -24.786  15.404  -29.235 0.1428571492
86945  -25.156  15.909  -28.604 0.1428571492
124218  -25.632  17.867  -29.294 0.1428571492
115891  -25.824  18.467  -29.333 0.1428571492
116365  -23.451  18.403  -29.110 0.2857142985
116250  -24.743  21.176  -28.290 0.1428571492
132457  -24.724  22.057  -27.953 0.2857142985
93755  -24.887  23.539  -23.837 0.1428571492
94532  -25.524  24.820  -25.846 0.1428571492
93751  -24.610  24.363  -22.349 0.1428571492
94521  -25.581  24.321  -23.484 0.1428571492
87797  -32.112  15.723  -26.246 0.1428571492
87798  -32.646  16.355  -25.917 0.1428571492
132384  -26.542  21.708  -26.334 0.2857142985
81293  -25.828  9.662  -29.478 0.1428571492
132330  -26.719  22.477  -26.696 0.2857142985
86002  -32.169  14.734  -24.532 0.1428571492
116459  -24.544  16.434  -28.939 0.1428571492
86045  -25.014  14.629  -29.467 0.1428571492
85101  -25.145  13.757  -29.492 0.1428571492
132498  -24.916  17.003  -29.264 0.1428571492
84116  -26.015  12.383  -29.323 0.1428571492
83173  -25.393  11.839  -29.677 0.1428571492
115915  -25.663  19.789  -28.880 0.2857142985
115910  -24.359  20.149  -28.724 0.2857142985
132383  -26.172  20.456  -28.188 0.2857142985
93784  -23.828  23.539  -27.088 0.2857142985
93800  -24.404  24.345  -28.063 0.2857142985
94522  -26.188  25.037  -23.113 0.1428571492
132382  -25.722  22.169  -27.863 0.2857142985
116156  -26.080  22.652  -27.666 0.2857142985
92972  -25.503  23.467  -27.842 0.2857142985
92971  -24.690  23.879  -28.044 0.2857142985
96780  -26.356  27.203  -24.410 0.1428571492
115913  -23.750  20.225  -28.663 0.1428571492
116416  -23.621  21.384  -28.250 0.2857142985
70491  -23.776  -0.518  -25.146 0.1428571492
119783  -25.287  -0.160  -25.841 0.1428571492
72449  -25.361  0.452  -26.203 0.1428571492
72436  -23.598  0.127  -25.376 0.1428571492
126268  -23.615  0.851  -25.666 0.1428571492
73404  -23.651  1.543  -25.917 0.1428571492
71476  -24.617  0.343  -26.009 0.1428571492
73405  -24.178  1.670  -26.359 0.1428571492
73406  -24.938  1.093  -26.433 0.1428571492
72450  -25.924  0.873  -26.485 0.1428571492
74392  -24.232  2.331  -26.616 0.1428571492
74410  -25.683  2.347  -27.244 0.1428571492
74391  -23.602  2.325  -26.216 0.1428571492
74409  -24.810  2.725  -27.070 0.1428571492
75377  -26.721  3.338  -27.837 0.1428571492
119121  -26.205  4.061  -27.968 0.1428571492
77424  -26.246  5.746  -28.412 0.1428571492
135024  -22.501  18.933  -28.646 0.1428571492
70492  -24.140  -1.065  -25.026 0.1428571492
123829  -24.005  0.318  -25.797 0.1428571492
92951  -22.699  22.911  -25.553 0.1428571492
71465  -24.379  -0.409  -25.552 0.1428571492
72435  -23.162  0.831  -25.272 0.1428571492
72448  -24.104  0.927  -26.065 0.1428571492
74393  -24.912  1.959  -26.761 0.1428571492
73419  -25.767  1.590  -26.865 0.1428571492
75357  -23.919  3.061  -26.696 0.1428571492
75376  -25.683  3.257  -27.549 0.1428571492
70480  -23.524  -0.992  -24.673 0.1428571492
78394  -37.064  6.214  -29.013 0.1428571492
92938  -27.408  22.512  -24.897 0.8571428657
93801  -24.832  24.367  -28.212 0.2857142985
97586  -31.530  28.235  -23.319 0.1428571492
97623  -29.642  28.384  -27.238 0.2857142985
98406  -30.864  29.707  -22.790 0.1428571492
99331  -30.568  30.387  -23.012 0.1428571492
100224  -31.644  31.116  -22.637 0.1428571492
115902  -23.877  19.694  -28.849 0.2857142985
115916  -24.177  20.660  -28.526 0.1428571492
127897  -24.539  14.131  -29.589 0.1428571492
138952  -37.359  5.958  -28.677 0.1428571492
