#!ascii label  , from subject sub-v1s12x0050109_ses-1 vox2ras=TkReg
1498
29784  9.549  -46.593  47.638 0.0000000000
57608  35.052  -19.643  25.935 0.0000000000
42166  25.212  -35.595  39.122 0.0000000000
40048  34.292  -37.220  41.111 0.0000000000
41156  18.217  -36.236  37.713 0.0000000000
133936  16.225  -45.672  42.229 0.0000000000
64477  45.345  -12.381  20.747 0.0000000000
58564  46.990  -19.143  29.470 0.0000000000
47134  35.397  -30.526  34.366 0.0000000000
70044  46.568  -6.121  13.053 0.0000000000
42115  22.871  -34.997  42.834 0.0000000000
30869  13.752  -45.575  45.541 0.0000000000
59619  48.147  -17.812  24.392 0.0000000000
121530  42.151  -18.785  22.200 0.0000000000
53683  36.313  -23.184  29.231 0.0000000000
57536  39.893  -19.725  31.019 0.0000000000
51764  33.657  -26.298  28.958 0.0000000000
37873  33.617  -39.371  36.810 0.0000000000
37783  29.425  -39.742  41.168 0.0000000000
40020  19.745  -37.610  42.414 0.0000000000
33060  18.262  -43.662  44.136 0.0000000000
128009  16.766  -41.347  41.094 0.0000000000
123394  13.247  -43.709  40.602 0.0000000000
44121  21.693  -33.079  38.666 0.0000000000
129838  51.155  -12.109  22.035 0.0000000000
61453  53.108  -14.918  27.514 0.0000000000
58607  40.789  -18.863  27.242 0.0000000000
49953  35.457  -27.929  35.733 0.0000000000
41137  38.232  -36.488  37.861 0.0000000000
67402  45.436  -9.756  16.497 0.0000000000
67381  51.323  -9.090  17.355 0.0000000000
67430  52.981  -9.572  13.544 0.0000000000
39976  21.610  -37.580  45.508 0.0000000000
29790  11.744  -46.269  46.671 0.0000000000
29770  14.645  -47.521  48.514 0.0000000000
29763  12.659  -47.561  49.440 0.0000000000
133264  41.832  -16.682  21.045 0.0000000000
51735  38.425  -25.601  31.429 0.0000000000
52703  39.110  -24.138  32.062 0.0000000000
28658  7.683  -46.820  53.357 0.0000000000
128507  32.390  -24.360  26.581 0.0000000000
41154  26.464  -36.483  37.354 0.0000000000
38979  28.941  -39.199  38.077 0.0000000000
40050  27.153  -38.184  40.037 0.0000000000
41106  18.905  -36.693  40.151 0.0000000000
124746  18.086  -39.865  42.124 0.0000000000
38965  17.553  -38.388  39.560 0.0000000000
43183  19.651  -34.513  38.255 0.0000000000
42149  20.361  -35.131  40.668 0.0000000000
31993  17.953  -44.946  42.897 0.0000000000
65418  47.931  -11.557  21.388 0.0000000000
63474  52.311  -13.171  24.996 0.0000000000
62513  49.708  -14.234  23.505 0.0000000000
126630  47.991  -18.849  26.935 0.0000000000
59587  50.561  -17.591  28.611 0.0000000000
58633  35.218  -19.242  24.065 0.0000000000
57639  38.419  -19.820  24.371 0.0000000000
58610  37.462  -19.025  26.433 0.0000000000
48105  31.994  -29.108  33.698 0.0000000000
49979  32.508  -27.926  33.487 0.0000000000
47102  34.942  -29.935  36.196 0.0000000000
37821  34.479  -39.536  39.463 0.0000000000
40096  36.802  -38.196  37.198 0.0000000000
40062  36.186  -37.592  39.369 0.0000000000
66416  43.892  -10.784  19.068 0.0000000000
67404  43.638  -9.057  17.019 0.0000000000
66426  45.175  -10.320  18.716 0.0000000000
120647  47.638  -9.970  19.158 0.0000000000
69186  51.362  -7.244  11.854 0.0000000000
69166  49.408  -7.763  13.160 0.0000000000
67409  52.299  -9.323  15.388 0.0000000000
67423  48.497  -9.047  14.597 0.0000000000
42148  23.964  -34.996  40.736 0.0000000000
41086  26.168  -37.225  41.903 0.0000000000
42094  24.705  -36.074  43.707 0.0000000000
30882  15.076  -45.759  44.129 0.0000000000
28704  16.040  -47.954  44.217 0.0000000000
28693  15.737  -47.461  46.845 0.0000000000
63518  43.439  -13.489  20.224 0.0000000000
62535  46.626  -14.725  22.636 0.0000000000
61513  44.731  -15.741  21.899 0.0000000000
58648  45.540  -18.859  23.292 0.0000000000
57601  45.136  -19.638  26.183 0.0000000000
55691  35.837  -21.330  27.780 0.0000000000
138225  37.888  -19.854  28.480 0.0000000000
55626  38.532  -21.913  30.020 0.0000000000
44182  36.209  -32.824  33.546 0.0000000000
41083  36.474  -36.083  42.351 0.0000000000
29767  8.515  -46.239  49.692 0.0000000000
29758  10.792  -47.063  50.812 0.0000000000
130219  9.022  -46.882  52.203 0.0000000000
55709  33.011  -21.301  25.579 0.0000000000
53699  34.035  -23.271  27.248 0.0000000000
52737  34.958  -24.943  29.124 0.0000000000
125214  36.830  -27.129  31.406 0.0000000000
37876  31.003  -39.213  36.845 0.0000000000
36612  31.288  -40.594  38.867 0.0000000000
38943  31.757  -39.235  41.054 0.0000000000
38906  28.281  -38.451  42.544 0.0000000000
40015  30.792  -37.845  43.205 0.0000000000
38873  19.961  -38.930  44.499 0.0000000000
35276  19.039  -42.223  45.988 0.0000000000
36539  18.646  -40.654  43.976 0.0000000000
34185  17.483  -42.515  42.561 0.0000000000
33097  16.520  -43.591  41.190 0.0000000000
37829  15.655  -40.141  38.866 0.0000000000
34214  15.519  -42.902  40.073 0.0000000000
132680  14.962  -44.649  41.774 0.0000000000
31996  13.194  -44.736  43.258 0.0000000000
31982  10.657  -45.126  43.854 0.0000000000
30873  9.062  -45.499  45.388 0.0000000000
42227  25.042  -34.761  36.780 0.0000000000
116348  23.330  -33.355  36.271 0.0000000000
43181  23.497  -33.876  38.792 0.0000000000
43153  22.430  -34.008  40.850 0.0000000000
41074  21.091  -35.989  42.736 0.0000000000
60522  53.722  -15.610  25.656 0.0000000000
60523  50.643  -16.090  25.528 0.0000000000
57679  39.186  -19.451  21.787 0.0000000000
57619  41.863  -19.866  25.111 0.0000000000
124721  44.008  -18.911  28.202 0.0000000000
58551  39.790  -18.715  29.251 0.0000000000
59575  42.648  -18.073  30.110 0.0000000000
50892  31.646  -27.458  30.119 0.0000000000
117146  34.984  -27.898  32.333 0.0000000000
116636  37.872  -27.741  34.822 0.0000000000
42240  37.501  -35.576  35.296 0.0000000000
44152  38.857  -33.684  35.164 0.0000000000
42159  36.655  -34.844  39.898 0.0000000000
134697  39.517  -33.773  38.152 0.0000000000
46087  39.102  -30.875  36.211 0.0000000000
47062  38.333  -29.788  37.673 0.0000000000
49909  39.234  -28.155  38.262 0.0000000000
68283  45.928  -7.961  14.397 0.0000000000
66440  47.562  -10.197  16.490 0.0000000000
67352  50.537  -9.473  19.446 0.0000000000
39968  21.807  -37.846  46.542 0.0000000000
29791  10.715  -46.414  46.761 0.0000000000
29781  12.294  -46.721  47.593 0.0000000000
136719  10.914  -46.902  48.034 0.0000000000
50863  39.665  -26.467  32.493 0.0000000000
51718  39.804  -25.349  32.611 0.0000000000
29740  6.522  -46.200  54.146 0.0000000000
41140  26.294  -36.671  38.212 0.0000000000
40081  26.699  -37.396  38.637 0.0000000000
117452  26.175  -36.882  39.086 0.0000000000
41124  18.673  -36.481  39.323 0.0000000000
40053  18.052  -37.815  40.047 0.0000000000
41143  17.864  -37.122  38.659 0.0000000000
43198  19.467  -34.326  37.362 0.0000000000
42208  19.122  -35.076  37.697 0.0000000000
42171  19.078  -35.878  39.180 0.0000000000
115657  16.808  -45.282  41.966 0.0000000000
29813  16.541  -46.912  42.555 0.0000000000
65420  46.256  -11.923  21.010 0.0000000000
63488  48.734  -13.350  22.608 0.0000000000
64459  47.396  -13.003  22.065 0.0000000000
58587  47.607  -18.996  27.753 0.0000000000
58586  48.636  -18.708  27.857 0.0000000000
58624  35.554  -19.281  25.635 0.0000000000
58623  36.632  -19.162  25.372 0.0000000000
57606  36.794  -19.242  26.562 0.0000000000
47151  34.217  -30.512  33.420 0.0000000000
47136  33.319  -29.929  34.131 0.0000000000
48088  33.025  -29.264  34.651 0.0000000000
47118  35.508  -30.279  35.492 0.0000000000
120293  34.067  -38.177  40.410 0.0000000000
37820  35.207  -39.050  39.396 0.0000000000
38940  34.705  -37.803  40.260 0.0000000000
65443  44.264  -11.427  19.663 0.0000000000
66427  44.330  -10.318  18.621 0.0000000000
65442  45.173  -11.080  19.762 0.0000000000
66404  46.352  -10.817  20.041 0.0000000000
70055  48.624  -6.463  12.483 0.0000000000
70042  48.163  -6.870  12.998 0.0000000000
132199  48.885  -8.058  13.608 0.0000000000
132760  47.596  -7.389  13.551 0.0000000000
42129  23.691  -35.125  41.570 0.0000000000
42113  24.212  -35.698  42.071 0.0000000000
123001  24.024  -35.683  43.745 0.0000000000
30884  14.051  -45.242  44.833 0.0000000000
121543  15.418  -46.538  45.432 0.0000000000
29796  14.811  -46.270  46.468 0.0000000000
27603  14.392  -48.392  48.957 0.0000000000
27606  15.031  -48.354  48.412 0.0000000000
63527  42.021  -13.447  19.704 0.0000000000
62565  44.237  -14.616  20.797 0.0000000000
62567  42.516  -14.662  20.242 0.0000000000
59651  42.284  -17.805  21.776 0.0000000000
133138  43.506  -17.604  22.227 0.0000000000
58650  43.820  -19.059  22.898 0.0000000000
57632  45.549  -19.687  24.581 0.0000000000
57633  44.393  -19.843  24.238 0.0000000000
54694  36.141  -22.547  28.648 0.0000000000
54693  36.992  -22.021  28.855 0.0000000000
54670  37.319  -22.515  29.483 0.0000000000
64491  42.068  -12.531  19.483 0.0000000000
30836  8.965  -46.621  51.370 0.0000000000
30831  8.763  -46.577  52.109 0.0000000000
55710  32.422  -21.905  25.492 0.0000000000
54722  33.524  -22.227  26.289 0.0000000000
54723  33.050  -22.855  26.169 0.0000000000
51780  33.582  -25.638  28.391 0.0000000000
52750  33.921  -24.663  28.064 0.0000000000
51763  34.291  -25.757  29.001 0.0000000000
51748  35.634  -25.976  30.054 0.0000000000
50888  35.532  -26.858  30.517 0.0000000000
39017  29.736  -38.367  36.359 0.0000000000
37824  29.210  -39.929  39.511 0.0000000000
37842  29.620  -39.928  38.610 0.0000000000
36578  30.303  -40.515  40.081 0.0000000000
36576  31.669  -40.374  40.163 0.0000000000
37803  30.369  -40.164  40.818 0.0000000000
40018  26.794  -37.449  42.792 0.0000000000
116541  26.969  -37.754  41.950 0.0000000000
40000  27.403  -37.527  43.606 0.0000000000
39998  30.481  -37.784  43.864 0.0000000000
40014  31.620  -37.653  42.940 0.0000000000
38890  19.903  -38.417  43.687 0.0000000000
37735  18.994  -39.889  43.951 0.0000000000
37754  18.973  -39.390  43.224 0.0000000000
132111  17.395  -40.407  41.351 0.0000000000
36552  17.719  -41.028  42.532 0.0000000000
36553  17.247  -41.074  41.694 0.0000000000
34186  17.114  -43.189  41.892 0.0000000000
34199  16.637  -42.706  41.180 0.0000000000
39002  15.931  -38.353  37.585 0.0000000000
34233  13.331  -42.219  38.823 0.0000000000
34232  14.330  -42.415  39.182 0.0000000000
122605  14.059  -43.605  40.114 0.0000000000
33114  15.069  -43.734  40.385 0.0000000000
116834  14.159  -44.033  40.940 0.0000000000
122627  13.996  -44.723  42.856 0.0000000000
33084  12.763  -44.288  41.866 0.0000000000
30887  10.327  -45.481  44.587 0.0000000000
136143  25.595  -35.087  36.159 0.0000000000
43206  25.193  -34.638  35.710 0.0000000000
44134  21.485  -32.809  37.836 0.0000000000
118273  22.353  -32.978  38.016 0.0000000000
44120  23.241  -33.539  37.973 0.0000000000
44106  22.584  -33.403  38.940 0.0000000000
43168  23.140  -33.856  39.591 0.0000000000
44096  22.297  -33.626  39.988 0.0000000000
41089  19.703  -36.510  41.204 0.0000000000
42131  20.631  -35.398  41.376 0.0000000000
40019  20.272  -37.087  42.653 0.0000000000
121080  20.440  -37.786  43.812 0.0000000000
34151  18.854  -42.888  45.584 0.0000000000
27595  10.298  -47.822  51.398 0.0000000000
26507  11.185  -48.216  50.855 0.0000000000
130374  53.471  -12.264  24.470 0.0000000000
62482  52.165  -13.970  26.291 0.0000000000
62481  53.220  -13.746  26.391 0.0000000000
61452  53.617  -15.059  27.184 0.0000000000
60506  53.587  -16.583  27.245 0.0000000000
135226  47.361  -16.010  23.690 0.0000000000
61485  48.904  -15.362  24.052 0.0000000000
134739  49.521  -16.787  24.751 0.0000000000
60499  51.892  -16.678  28.725 0.0000000000
57621  39.525  -19.456  25.179 0.0000000000
57637  40.175  -19.936  24.525 0.0000000000
121515  41.162  -19.616  25.703 0.0000000000
57603  42.744  -19.487  26.311 0.0000000000
58592  42.304  -18.831  27.821 0.0000000000
56630  38.634  -20.338  29.512 0.0000000000
57572  39.055  -19.004  28.931 0.0000000000
57549  39.697  -19.265  30.219 0.0000000000
50022  31.020  -27.072  31.077 0.0000000000
49966  34.328  -27.969  34.793 0.0000000000
49992  34.232  -27.979  32.911 0.0000000000
118015  35.178  -27.869  33.961 0.0000000000
49976  35.962  -27.902  33.155 0.0000000000
137378  36.965  -27.676  35.056 0.0000000000
39013  33.372  -38.780  36.152 0.0000000000
39012  34.776  -38.594  36.282 0.0000000000
40095  37.496  -37.691  37.496 0.0000000000
41168  36.748  -37.165  35.941 0.0000000000
42219  37.937  -36.005  36.081 0.0000000000
43216  37.803  -34.778  35.042 0.0000000000
42238  39.205  -35.048  35.902 0.0000000000
42160  36.319  -35.306  40.574 0.0000000000
44115  39.484  -32.875  38.874 0.0000000000
45118  40.308  -32.275  36.593 0.0000000000
46085  40.356  -31.655  37.147 0.0000000000
47098  38.385  -30.305  36.786 0.0000000000
47076  39.689  -30.397  37.696 0.0000000000
67403  44.466  -9.276  16.576 0.0000000000
119958  45.709  -9.346  15.594 0.0000000000
67414  46.671  -9.324  15.252 0.0000000000
137664  46.849  -10.147  16.494 0.0000000000
66402  48.818  -10.331  20.484 0.0000000000
119265  48.865  -9.564  19.151 0.0000000000
66386  51.057  -10.866  21.034 0.0000000000
66384  53.111  -10.753  21.304 0.0000000000
68295  52.182  -8.537  12.412 0.0000000000
67396  51.828  -9.195  16.110 0.0000000000
68262  52.779  -9.154  17.585 0.0000000000
68254  52.533  -9.226  18.260 0.0000000000
41054  22.502  -36.131  44.530 0.0000000000
128280  23.106  -35.774  44.550 0.0000000000
41047  22.718  -36.521  45.468 0.0000000000
30859  12.466  -45.905  46.094 0.0000000000
29789  14.002  -46.355  46.977 0.0000000000
29780  13.377  -46.859  47.745 0.0000000000
28683  13.387  -47.552  49.203 0.0000000000
134417  13.095  -48.228  49.796 0.0000000000
134058  40.548  -16.528  20.371 0.0000000000
59653  40.943  -17.920  21.127 0.0000000000
52718  37.580  -24.350  30.641 0.0000000000
53651  37.959  -23.568  30.549 0.0000000000
52704  38.623  -24.709  31.537 0.0000000000
52694  39.601  -24.363  32.636 0.0000000000
30826  7.912  -46.141  52.970 0.0000000000
30827  7.303  -45.807  53.454 0.0000000000
119116  7.110  -46.835  53.901 0.0000000000
53721  32.205  -23.130  25.876 0.0000000000
51781  32.163  -26.294  28.185 0.0000000000
40116  28.312  -37.860  36.900 0.0000000000
38999  27.939  -38.190  37.743 0.0000000000
38981  27.789  -38.470  38.540 0.0000000000
128092  28.274  -39.250  40.182 0.0000000000
40037  18.999  -37.627  41.292 0.0000000000
38928  18.695  -38.459  41.592 0.0000000000
38945  18.398  -38.120  40.809 0.0000000000
38946  17.834  -38.559  40.358 0.0000000000
37811  16.930  -39.567  40.043 0.0000000000
33115  12.240  -43.528  40.509 0.0000000000
33116  11.281  -43.262  40.440 0.0000000000
44135  20.590  -33.048  37.501 0.0000000000
43182  20.307  -33.941  38.739 0.0000000000
43170  20.548  -34.167  39.537 0.0000000000
43171  19.846  -34.700  39.115 0.0000000000
41105  19.481  -36.293  40.533 0.0000000000
31979  18.208  -44.369  43.563 0.0000000000
65416  49.263  -11.605  21.304 0.0000000000
64441  52.310  -12.529  23.580 0.0000000000
64443  50.217  -13.051  22.684 0.0000000000
63475  51.370  -13.846  24.236 0.0000000000
62483  51.408  -14.670  25.483 0.0000000000
116835  48.136  -18.575  25.605 0.0000000000
58603  49.506  -17.895  26.730 0.0000000000
58585  49.337  -18.261  27.490 0.0000000000
58561  50.768  -17.850  29.608 0.0000000000
57656  37.036  -19.988  23.296 0.0000000000
57640  36.858  -19.555  24.344 0.0000000000
58622  38.044  -19.084  25.737 0.0000000000
117558  39.017  -18.873  26.783 0.0000000000
57535  40.528  -19.440  31.497 0.0000000000
49055  31.291  -27.969  32.926 0.0000000000
49995  31.446  -27.701  32.601 0.0000000000
49048  32.131  -28.418  33.794 0.0000000000
49035  33.745  -28.539  35.305 0.0000000000
49025  34.941  -28.583  36.228 0.0000000000
37840  34.396  -39.954  38.457 0.0000000000
38995  35.547  -39.055  37.290 0.0000000000
37837  35.743  -39.198  38.212 0.0000000000
38978  36.414  -38.643  38.410 0.0000000000
41138  37.408  -37.005  38.616 0.0000000000
66429  42.480  -10.058  18.555 0.0000000000
67390  42.473  -8.804  17.577 0.0000000000
67374  43.195  -9.760  18.097 0.0000000000
67373  44.561  -9.968  18.034 0.0000000000
67372  45.591  -10.060  18.191 0.0000000000
67386  46.332  -10.043  17.763 0.0000000000
67355  46.998  -10.207  19.135 0.0000000000
117408  47.948  -10.560  20.434 0.0000000000
70935  49.071  -6.056  11.943 0.0000000000
69165  50.097  -7.679  12.707 0.0000000000
126184  51.015  -9.078  13.309 0.0000000000
123523  52.723  -9.481  14.583 0.0000000000
67431  51.326  -9.461  13.843 0.0000000000
121613  49.879  -9.596  14.728 0.0000000000
67411  49.553  -9.845  15.485 0.0000000000
42167  24.700  -35.265  39.717 0.0000000000
41104  25.606  -36.675  40.431 0.0000000000
42127  25.050  -36.080  40.853 0.0000000000
41073  25.457  -36.692  42.272 0.0000000000
41060  26.019  -36.811  43.702 0.0000000000
30896  15.406  -45.576  43.010 0.0000000000
29800  15.781  -46.972  43.553 0.0000000000
28705  15.682  -47.203  44.840 0.0000000000
28697  16.104  -48.079  45.421 0.0000000000
28689  15.609  -47.673  47.639 0.0000000000
27610  16.101  -48.635  47.456 0.0000000000
63516  44.750  -13.204  20.671 0.0000000000
63510  46.081  -13.330  21.473 0.0000000000
63511  44.890  -14.043  21.018 0.0000000000
61512  45.359  -15.311  22.062 0.0000000000
60536  45.817  -16.794  23.141 0.0000000000
60561  43.186  -16.473  21.541 0.0000000000
59637  45.071  -17.157  22.793 0.0000000000
123945  47.139  -18.663  23.945 0.0000000000
115209  47.133  -18.983  24.548 0.0000000000
131568  46.708  -19.316  26.285 0.0000000000
58588  46.689  -19.186  27.806 0.0000000000
131478  35.364  -20.900  27.172 0.0000000000
127632  36.472  -19.703  27.040 0.0000000000
127171  36.399  -20.996  28.075 0.0000000000
56631  37.964  -20.670  29.144 0.0000000000
56617  38.817  -21.146  30.142 0.0000000000
54650  38.447  -22.682  30.442 0.0000000000
55606  39.429  -21.713  31.406 0.0000000000
56606  39.712  -20.715  31.438 0.0000000000
45162  36.227  -31.939  33.512 0.0000000000
41085  34.960  -36.593  41.575 0.0000000000
66430  41.417  -10.119  18.640 0.0000000000
66418  42.036  -10.854  18.957 0.0000000000
138300  43.642  -12.033  19.789 0.0000000000
72722  46.031  -3.597  12.743 0.0000000000
71808  45.583  -4.057  13.421 0.0000000000
29775  9.379  -46.673  48.490 0.0000000000
117832  10.101  -46.894  49.153 0.0000000000
117474  9.989  -46.923  50.135 0.0000000000
29753  10.178  -47.209  51.461 0.0000000000
27589  9.443  -47.842  51.993 0.0000000000
28666  8.255  -47.204  52.972 0.0000000000
57625  34.132  -19.413  25.002 0.0000000000
57626  33.552  -19.779  25.157 0.0000000000
56669  34.431  -20.539  26.136 0.0000000000
55702  34.320  -21.318  26.509 0.0000000000
54712  35.056  -22.424  27.765 0.0000000000
53684  35.686  -23.318  28.779 0.0000000000
52784  32.977  -24.075  26.767 0.0000000000
52766  34.309  -23.824  27.866 0.0000000000
53668  35.964  -23.832  29.327 0.0000000000
52720  36.320  -25.320  30.193 0.0000000000
51736  37.685  -26.003  31.194 0.0000000000
49989  37.902  -27.246  32.030 0.0000000000
37875  31.750  -39.400  36.877 0.0000000000
38997  29.346  -38.835  37.222 0.0000000000
134891  31.244  -39.847  37.531 0.0000000000
36630  32.620  -40.054  37.854 0.0000000000
36593  33.134  -40.384  39.228 0.0000000000
37800  33.130  -39.445  40.246 0.0000000000
38922  32.915  -37.886  41.188 0.0000000000
40051  26.458  -37.610  40.459 0.0000000000
40034  27.195  -38.148  41.108 0.0000000000
38926  28.838  -39.086  41.828 0.0000000000
118974  28.837  -37.884  44.138 0.0000000000
38905  29.282  -38.673  42.698 0.0000000000
38925  29.723  -39.221  42.003 0.0000000000
38923  31.372  -38.725  41.725 0.0000000000
40013  32.648  -37.594  42.046 0.0000000000
40032  33.610  -37.226  41.976 0.0000000000
37715  20.265  -39.524  45.952 0.0000000000
36506  19.545  -40.725  45.823 0.0000000000
123101  18.687  -41.160  44.641 0.0000000000
35291  17.997  -42.170  44.122 0.0000000000
37770  18.562  -39.670  42.590 0.0000000000
35306  17.760  -41.763  43.221 0.0000000000
34168  17.795  -42.837  43.534 0.0000000000
135373  17.563  -43.214  42.661 0.0000000000
32010  17.272  -44.685  42.110 0.0000000000
32011  16.458  -44.749  41.557 0.0000000000
40083  16.801  -38.014  37.948 0.0000000000
38966  16.817  -38.987  39.282 0.0000000000
36599  15.983  -40.521  39.425 0.0000000000
36617  14.936  -40.469  38.296 0.0000000000
35338  15.481  -41.699  39.430 0.0000000000
35337  15.866  -41.982  40.095 0.0000000000
33113  16.030  -43.315  40.614 0.0000000000
32028  15.701  -44.594  41.291 0.0000000000
32012  15.412  -44.949  41.964 0.0000000000
31995  14.474  -44.969  43.328 0.0000000000
31980  14.266  -45.083  44.088 0.0000000000
31981  13.585  -44.953  44.139 0.0000000000
33085  11.993  -44.198  41.805 0.0000000000
31997  12.132  -44.757  43.219 0.0000000000
129916  12.208  -45.265  44.493 0.0000000000
30871  11.052  -45.754  45.267 0.0000000000
30860  10.882  -46.083  46.021 0.0000000000
30862  9.239  -45.901  46.145 0.0000000000
30852  8.936  -46.152  47.037 0.0000000000
30848  7.967  -45.817  48.237 0.0000000000
41169  26.708  -36.251  36.484 0.0000000000
41170  26.159  -35.924  36.917 0.0000000000
42188  25.412  -35.553  38.317 0.0000000000
116596  24.443  -34.274  36.976 0.0000000000
43196  24.550  -34.518  37.736 0.0000000000
137502  24.686  -34.968  39.097 0.0000000000
43166  24.233  -34.679  39.506 0.0000000000
43152  23.191  -34.432  41.028 0.0000000000
43128  22.217  -34.754  42.158 0.0000000000
43139  21.111  -34.691  41.046 0.0000000000
42130  21.379  -35.005  41.759 0.0000000000
134781  21.635  -35.720  43.044 0.0000000000
41056  20.969  -37.064  43.844 0.0000000000
39977  20.940  -37.923  45.094 0.0000000000
29764  11.497  -47.244  49.735 0.0000000000
27599  12.506  -48.235  50.199 0.0000000000
63464  53.790  -12.743  25.363 0.0000000000
62515  47.958  -14.554  23.413 0.0000000000
61483  50.654  -15.369  24.857 0.0000000000
61455  51.164  -15.613  26.718 0.0000000000
59604  50.189  -17.105  26.991 0.0000000000
132225  51.574  -16.338  28.064 0.0000000000
61441  52.845  -15.514  28.022 0.0000000000
58675  39.329  -18.680  21.106 0.0000000000
135892  40.801  -19.531  22.268 0.0000000000
57654  38.755  -20.113  23.544 0.0000000000
120452  40.848  -19.962  23.019 0.0000000000
57651  42.500  -19.972  23.589 0.0000000000
121734  43.468  -19.802  25.559 0.0000000000
57588  44.495  -19.425  26.823 0.0000000000
122673  45.173  -19.029  28.451 0.0000000000
57591  37.895  -19.161  27.629 0.0000000000
58595  39.128  -18.679  27.681 0.0000000000
58594  39.929  -18.622  27.928 0.0000000000
58533  40.728  -18.488  30.403 0.0000000000
123541  41.274  -18.291  29.540 0.0000000000
121075  41.834  -18.585  28.411 0.0000000000
58567  43.357  -18.663  28.780 0.0000000000
58547  45.129  -18.814  29.882 0.0000000000
50921  30.996  -26.769  28.550 0.0000000000
50907  33.245  -26.850  29.425 0.0000000000
134637  32.499  -27.854  31.602 0.0000000000
50020  33.050  -27.729  30.887 0.0000000000
50889  34.597  -27.053  30.309 0.0000000000
50003  36.270  -27.564  31.639 0.0000000000
117001  37.421  -27.716  32.529 0.0000000000
49963  38.793  -27.897  34.132 0.0000000000
40112  36.266  -37.977  36.361 0.0000000000
43230  36.452  -34.378  34.296 0.0000000000
44166  37.563  -33.243  34.404 0.0000000000
46119  37.592  -31.680  34.414 0.0000000000
41102  35.366  -36.462  40.848 0.0000000000
41119  36.859  -35.975  39.438 0.0000000000
42180  38.112  -35.511  38.451 0.0000000000
43177  37.772  -34.541  38.994 0.0000000000
43191  39.197  -34.739  37.762 0.0000000000
136523  40.061  -34.021  35.895 0.0000000000
45131  39.034  -32.622  35.315 0.0000000000
46105  37.158  -30.939  34.837 0.0000000000
47100  36.608  -30.242  36.610 0.0000000000
47080  36.201  -30.047  37.094 0.0000000000
49000  36.952  -28.981  37.205 0.0000000000
48024  39.342  -29.784  38.490 0.0000000000
48986  38.231  -29.026  37.900 0.0000000000
49011  37.191  -28.201  36.979 0.0000000000
49938  38.569  -27.583  36.449 0.0000000000
70927  45.428  -5.726  13.705 0.0000000000
69161  45.901  -7.127  13.967 0.0000000000
67424  47.587  -8.950  14.765 0.0000000000
128415  48.192  -9.556  15.175 0.0000000000
67398  49.783  -9.657  16.946 0.0000000000
67385  47.653  -10.008  18.008 0.0000000000
67383  49.432  -9.438  17.874 0.0000000000
68256  51.097  -9.086  18.071 0.0000000000
67340  52.862  -10.064  19.918 0.0000000000
37701  20.660  -39.898  47.055 0.0000000000
37700  21.366  -39.527  47.675 0.0000000000
29783  10.405  -46.684  47.475 0.0000000000
29774  10.208  -46.844  48.250 0.0000000000
49987  39.427  -27.224  32.828 0.0000000000
41141  25.812  -36.130  38.682 0.0000000000
41122  25.666  -36.383  39.545 0.0000000000
41142  18.221  -36.618  38.580 0.0000000000
116232  17.734  -36.935  37.980 0.0000000000
126081  18.742  -35.630  37.983 0.0000000000
42191  18.686  -36.020  38.586 0.0000000000
30908  16.914  -46.106  42.157 0.0000000000
64470  46.739  -12.577  21.520 0.0000000000
121588  47.237  -19.096  28.555 0.0000000000
136823  48.070  -18.962  28.490 0.0000000000
58563  47.953  -19.106  29.321 0.0000000000
58612  36.190  -18.980  25.996 0.0000000000
57607  35.899  -19.484  26.355 0.0000000000
47150  35.110  -30.849  33.598 0.0000000000
130861  34.711  -30.376  34.097 0.0000000000
47135  33.961  -30.048  34.548 0.0000000000
65431  44.862  -11.813  20.213 0.0000000000
65430  45.764  -11.391  20.343 0.0000000000
70057  47.156  -5.977  12.691 0.0000000000
70043  47.329  -6.584  13.061 0.0000000000
69168  46.661  -6.877  13.517 0.0000000000
42114  23.513  -35.260  42.461 0.0000000000
42104  23.470  -35.450  43.318 0.0000000000
30868  14.568  -45.728  45.522 0.0000000000
30857  14.161  -45.870  46.187 0.0000000000
63519  42.684  -13.885  20.070 0.0000000000
62576  41.943  -14.218  19.885 0.0000000000
59640  42.944  -18.126  22.161 0.0000000000
58663  43.024  -18.937  22.593 0.0000000000
57650  44.029  -19.665  23.579 0.0000000000
57667  43.183  -19.602  23.186 0.0000000000
54671  36.702  -22.658  29.204 0.0000000000
53667  36.940  -23.147  29.644 0.0000000000
30837  8.242  -46.029  51.594 0.0000000000
55711  31.733  -21.826  25.066 0.0000000000
54729  32.547  -22.502  25.760 0.0000000000
54730  31.904  -22.515  25.449 0.0000000000
50905  35.018  -26.467  29.953 0.0000000000
50906  34.268  -26.570  29.519 0.0000000000
37805  28.883  -39.727  40.310 0.0000000000
37804  29.632  -40.234  40.284 0.0000000000
39986  26.668  -37.125  43.680 0.0000000000
38908  19.564  -38.252  42.831 0.0000000000
38891  19.399  -38.777  43.201 0.0000000000
36566  16.875  -40.724  40.940 0.0000000000
35317  16.902  -41.839  41.529 0.0000000000
35328  16.467  -41.956  40.810 0.0000000000
136398  13.464  -43.435  40.015 0.0000000000
34216  13.632  -42.994  39.558 0.0000000000
33100  13.383  -44.152  41.498 0.0000000000
45112  22.099  -32.692  37.220 0.0000000000
44107  21.802  -33.364  39.363 0.0000000000
125946  19.496  -37.503  41.814 0.0000000000
40036  19.895  -36.864  41.931 0.0000000000
38889  20.045  -37.701  43.139 0.0000000000
33059  18.793  -43.628  45.126 0.0000000000
27596  9.617  -48.612  51.457 0.0000000000
26508  10.430  -48.863  50.910 0.0000000000
65401  52.300  -11.766  22.370 0.0000000000
65391  52.919  -11.909  23.341 0.0000000000
65392  52.004  -12.296  22.783 0.0000000000
62467  52.678  -14.356  27.024 0.0000000000
62466  53.478  -14.402  26.961 0.0000000000
60505  53.504  -15.618  27.641 0.0000000000
60526  47.830  -16.960  24.080 0.0000000000
60525  48.791  -17.065  24.449 0.0000000000
57604  40.524  -19.240  26.326 0.0000000000
57620  40.361  -19.579  25.430 0.0000000000
128720  41.268  -19.283  26.459 0.0000000000
57590  41.915  -19.129  26.995 0.0000000000
56629  39.366  -20.253  30.350 0.0000000000
57560  39.196  -19.516  29.579 0.0000000000
50023  30.275  -27.058  30.956 0.0000000000
49965  35.270  -27.779  34.878 0.0000000000
132519  36.214  -27.724  34.929 0.0000000000
49952  36.359  -27.742  35.773 0.0000000000
119052  34.078  -38.880  36.398 0.0000000000
41152  37.935  -37.056  37.275 0.0000000000
41167  37.620  -36.883  36.462 0.0000000000
41166  38.365  -36.383  36.913 0.0000000000
42218  38.724  -35.630  36.445 0.0000000000
45099  39.778  -32.254  39.529 0.0000000000
45107  40.381  -32.296  37.492 0.0000000000
46070  40.394  -31.580  37.843 0.0000000000
46071  40.182  -30.979  37.325 0.0000000000
47075  40.404  -30.855  38.016 0.0000000000
67415  44.976  -9.246  15.871 0.0000000000
68276  45.130  -8.765  15.245 0.0000000000
124887  46.305  -9.899  16.050 0.0000000000
67401  46.240  -10.162  16.886 0.0000000000
66372  50.616  -11.433  21.373 0.0000000000
66401  49.698  -10.341  20.535 0.0000000000
66371  51.617  -11.365  21.623 0.0000000000
68286  52.795  -9.211  12.706 0.0000000000
67429  53.760  -9.691  13.559 0.0000000000
135544  51.413  -9.165  16.681 0.0000000000
68270  52.197  -9.099  16.982 0.0000000000
68253  53.321  -9.264  18.069 0.0000000000
68263  51.952  -9.093  17.797 0.0000000000
41048  22.013  -36.840  45.038 0.0000000000
132436  22.276  -37.181  45.942 0.0000000000
116480  11.656  -45.914  45.860 0.0000000000
30851  12.889  -46.246  46.921 0.0000000000
29772  12.786  -47.255  48.582 0.0000000000
128238  13.539  -47.851  49.415 0.0000000000
28678  12.782  -47.740  49.785 0.0000000000
60576  39.743  -16.906  20.266 0.0000000000
59667  40.329  -17.410  20.697 0.0000000000
52705  37.813  -25.007  31.098 0.0000000000
30833  7.397  -45.478  52.890 0.0000000000
28660  6.308  -47.159  54.143 0.0000000000
41153  27.124  -36.857  36.952 0.0000000000
40097  27.525  -37.541  37.345 0.0000000000
125977  26.884  -37.141  37.791 0.0000000000
40064  27.239  -38.038  39.078 0.0000000000
38964  27.841  -38.771  39.515 0.0000000000
41090  19.200  -36.927  40.838 0.0000000000
40052  18.676  -37.405  40.469 0.0000000000
38947  17.345  -38.958  39.967 0.0000000000
37810  17.550  -39.312  40.608 0.0000000000
44136  19.859  -33.558  37.011 0.0000000000
44123  20.086  -33.734  37.898 0.0000000000
41123  19.249  -36.083  39.818 0.0000000000
30895  18.334  -45.566  43.019 0.0000000000
65403  49.054  -12.110  21.612 0.0000000000
64455  50.410  -12.565  22.223 0.0000000000
64456  49.624  -12.661  22.023 0.0000000000
63487  49.568  -13.561  22.881 0.0000000000
62512  50.616  -14.231  23.944 0.0000000000
62498  51.038  -14.530  24.572 0.0000000000
58605  48.264  -18.612  26.223 0.0000000000
120958  48.779  -18.465  26.798 0.0000000000
58562  49.740  -18.200  28.611 0.0000000000
57641  36.111  -19.604  23.743 0.0000000000
130742  37.306  -19.095  25.725 0.0000000000
58609  38.893  -19.049  25.857 0.0000000000
123029  38.258  -18.928  26.566 0.0000000000
48121  31.035  -28.635  32.605 0.0000000000
48106  31.604  -28.508  33.264 0.0000000000
48089  32.489  -28.904  34.262 0.0000000000
48072  34.285  -29.455  35.777 0.0000000000
48073  33.598  -29.136  35.340 0.0000000000
49026  34.163  -28.889  35.907 0.0000000000
49014  34.829  -29.260  36.298 0.0000000000
36592  34.134  -40.070  39.078 0.0000000000
37839  35.034  -39.632  38.820 0.0000000000
38960  35.709  -38.344  39.398 0.0000000000
38959  36.278  -38.376  38.982 0.0000000000
40079  36.887  -37.886  38.705 0.0000000000
41139  36.706  -36.972  39.239 0.0000000000
66428  43.482  -10.280  18.575 0.0000000000
124394  43.882  -10.010  18.184 0.0000000000
67356  46.104  -10.364  19.022 0.0000000000
65428  47.532  -11.069  20.909 0.0000000000
66403  47.132  -10.723  20.226 0.0000000000
66388  48.317  -10.943  21.029 0.0000000000
69176  48.961  -7.097  12.840 0.0000000000
69175  49.614  -7.267  12.654 0.0000000000
68296  51.294  -8.684  12.834 0.0000000000
68288  50.332  -8.397  13.128 0.0000000000
67432  50.271  -9.212  13.890 0.0000000000
68281  48.747  -8.550  14.024 0.0000000000
67422  49.312  -9.124  14.304 0.0000000000
67412  49.013  -9.644  14.930 0.0000000000
42147  24.580  -35.489  40.430 0.0000000000
42128  24.387  -35.622  41.207 0.0000000000
42102  24.785  -36.179  42.637 0.0000000000
41061  25.400  -36.588  43.212 0.0000000000
41053  25.488  -36.509  44.175 0.0000000000
29807  15.482  -46.158  43.577 0.0000000000
29801  15.419  -46.369  44.476 0.0000000000
124326  15.367  -46.732  46.278 0.0000000000
28698  15.776  -47.306  45.904 0.0000000000
28692  16.197  -48.101  46.489 0.0000000000
27622  16.684  -48.905  46.115 0.0000000000
27615  16.532  -48.800  46.947 0.0000000000
119643  14.346  -47.039  47.860 0.0000000000
132734  14.738  -46.808  47.259 0.0000000000
29779  15.085  -47.330  47.857 0.0000000000
64479  44.111  -13.025  20.298 0.0000000000
63517  44.155  -13.823  20.554 0.0000000000
61525  44.293  -15.331  21.211 0.0000000000
61524  44.898  -15.146  21.574 0.0000000000
60543  46.013  -16.055  23.034 0.0000000000
60544  45.333  -16.126  22.586 0.0000000000
60575  41.475  -16.087  20.523 0.0000000000
61538  42.138  -15.361  20.411 0.0000000000
131758  42.523  -16.077  20.915 0.0000000000
59631  44.957  -18.202  22.838 0.0000000000
59638  44.237  -17.574  22.492 0.0000000000
59630  45.760  -17.873  23.136 0.0000000000
58647  46.496  -18.522  23.558 0.0000000000
58630  46.735  -19.122  23.988 0.0000000000
57616  45.741  -19.650  25.482 0.0000000000
57615  46.362  -19.463  25.666 0.0000000000
57600  45.937  -19.539  26.313 0.0000000000
57586  46.266  -19.358  27.055 0.0000000000
57587  45.383  -19.424  27.005 0.0000000000
56659  36.238  -20.482  27.517 0.0000000000
127463  37.644  -21.924  29.278 0.0000000000
55648  37.516  -21.264  29.004 0.0000000000
55647  38.190  -21.387  29.507 0.0000000000
123341  38.703  -23.907  31.602 0.0000000000
53637  38.615  -23.367  31.141 0.0000000000
54625  39.562  -22.352  32.155 0.0000000000
56593  40.222  -20.715  32.384 0.0000000000
125027  34.901  -31.832  33.199 0.0000000000
46136  35.408  -31.553  33.416 0.0000000000
63526  42.783  -13.059  19.860 0.0000000000
64490  42.978  -12.250  19.661 0.0000000000
64489  43.510  -12.698  20.001 0.0000000000
71816  45.866  -4.635  12.850 0.0000000000
29776  8.599  -46.294  48.784 0.0000000000
29766  9.266  -46.676  49.417 0.0000000000
29754  9.455  -46.926  51.819 0.0000000000
29759  9.834  -46.902  51.066 0.0000000000
29748  9.588  -47.091  52.017 0.0000000000
131359  9.783  -47.304  51.935 0.0000000000
28672  9.218  -47.300  52.309 0.0000000000
29746  8.165  -46.626  52.879 0.0000000000
58625  34.292  -19.205  24.635 0.0000000000
56678  32.873  -20.455  25.272 0.0000000000
56677  33.650  -20.573  25.622 0.0000000000
55703  33.706  -21.443  26.105 0.0000000000
54714  33.760  -22.715  26.694 0.0000000000
54713  34.498  -22.408  27.213 0.0000000000
53697  35.344  -22.804  28.252 0.0000000000
53698  34.693  -23.030  27.795 0.0000000000
53712  32.636  -23.658  26.342 0.0000000000
51779  34.290  -25.098  28.590 0.0000000000
52749  34.652  -24.353  28.468 0.0000000000
52748  35.343  -24.074  28.905 0.0000000000
135291  35.666  -24.486  29.382 0.0000000000
52735  36.334  -24.426  29.812 0.0000000000
52736  35.667  -25.167  29.663 0.0000000000
51747  36.325  -26.243  30.519 0.0000000000
51737  36.937  -26.432  31.069 0.0000000000
50873  37.499  -26.867  31.474 0.0000000000
39015  31.689  -38.757  36.168 0.0000000000
38998  28.609  -38.539  37.472 0.0000000000
36613  30.479  -40.416  38.774 0.0000000000
115749  30.411  -39.983  38.018 0.0000000000
37841  31.048  -40.336  38.262 0.0000000000
36631  31.899  -40.293  38.177 0.0000000000
36611  32.796  -40.359  38.462 0.0000000000
125920  32.161  -40.607  39.008 0.0000000000
37801  32.264  -39.873  40.413 0.0000000000
38941  33.363  -38.537  40.578 0.0000000000
38942  32.581  -38.869  40.786 0.0000000000
41103  26.021  -37.190  40.961 0.0000000000
133351  26.033  -37.140  40.441 0.0000000000
38907  27.565  -38.228  41.966 0.0000000000
38927  28.000  -38.717  41.510 0.0000000000
40016  29.920  -38.150  43.405 0.0000000000
38904  30.214  -38.579  42.677 0.0000000000
38924  30.544  -39.022  41.932 0.0000000000
38903  31.063  -38.259  42.443 0.0000000000
138702  32.321  -37.544  42.697 0.0000000000
134769  19.971  -39.306  45.109 0.0000000000
37716  19.694  -39.959  45.415 0.0000000000
36523  19.147  -40.469  44.802 0.0000000000
35290  18.569  -42.037  44.938 0.0000000000
35305  18.287  -41.436  44.024 0.0000000000
37789  18.369  -39.246  41.887 0.0000000000
33071  17.806  -43.696  43.176 0.0000000000
33082  17.437  -43.859  42.311 0.0000000000
33083  16.930  -44.041  41.637 0.0000000000
37848  16.019  -39.368  38.725 0.0000000000
38983  16.418  -38.671  38.410 0.0000000000
37828  16.363  -39.846  39.396 0.0000000000
36618  13.920  -40.612  37.768 0.0000000000
36601  14.475  -41.215  38.498 0.0000000000
34231  15.187  -42.369  39.503 0.0000000000
35351  14.850  -41.778  39.033 0.0000000000
34213  16.137  -42.589  40.534 0.0000000000
33099  14.977  -44.312  41.170 0.0000000000
33098  15.856  -44.059  40.840 0.0000000000
31994  15.089  -45.088  42.852 0.0000000000
32013  14.688  -44.832  42.509 0.0000000000
32014  13.351  -44.515  42.314 0.0000000000
129756  13.932  -44.863  43.578 0.0000000000
33102  11.595  -43.783  41.104 0.0000000000
31998  11.034  -44.839  43.123 0.0000000000
125798  11.697  -45.036  43.884 0.0000000000
30870  12.120  -45.609  45.235 0.0000000000
30886  11.349  -45.429  44.533 0.0000000000
30888  9.314  -45.236  44.731 0.0000000000
30872  9.977  -45.837  45.428 0.0000000000
30861  10.131  -46.138  46.231 0.0000000000
30863  8.330  -45.532  46.483 0.0000000000
30853  8.123  -45.716  47.351 0.0000000000
42226  25.661  -35.415  36.891 0.0000000000
41155  25.865  -35.890  37.725 0.0000000000
42207  25.255  -35.169  37.651 0.0000000000
43222  24.089  -33.836  35.921 0.0000000000
43208  24.018  -33.846  36.674 0.0000000000
116271  23.903  -34.062  38.133 0.0000000000
43197  23.971  -33.942  37.449 0.0000000000
42189  24.922  -35.009  38.438 0.0000000000
43180  24.247  -34.437  38.720 0.0000000000
121314  23.752  -34.229  39.333 0.0000000000
116490  22.973  -33.976  40.326 0.0000000000
43137  22.541  -34.374  41.497 0.0000000000
43155  20.824  -34.413  40.311 0.0000000000
42117  20.863  -35.664  42.081 0.0000000000
42116  21.556  -35.379  42.455 0.0000000000
41062  21.375  -36.324  43.396 0.0000000000
38872  20.450  -38.284  44.436 0.0000000000
39988  20.828  -37.630  44.343 0.0000000000
120121  20.508  -38.749  45.357 0.0000000000
35260  19.668  -42.401  46.553 0.0000000000
28713  16.283  -47.796  43.038 0.0000000000
119668  16.454  -48.685  43.672 0.0000000000
29765  10.848  -47.039  49.870 0.0000000000
130997  11.399  -47.248  50.329 0.0000000000
26516  11.163  -49.243  50.481 0.0000000000
27600  11.759  -47.779  50.608 0.0000000000
121033  11.900  -48.684  50.461 0.0000000000
26515  12.479  -49.081  50.163 0.0000000000
26524  11.867  -49.717  49.992 0.0000000000
64430  52.566  -12.681  24.440 0.0000000000
63473  53.124  -12.675  25.137 0.0000000000
61467  53.770  -14.834  26.541 0.0000000000
62551  46.158  -14.092  21.919 0.0000000000
119424  47.036  -13.803  22.370 0.0000000000
60524  50.044  -16.199  24.775 0.0000000000
61484  49.807  -15.511  24.272 0.0000000000
61469  51.118  -15.323  25.779 0.0000000000
59611  49.864  -17.468  25.926 0.0000000000
60498  52.473  -16.180  28.399 0.0000000000
60507  51.823  -15.760  27.739 0.0000000000
60497  53.254  -16.342  28.278 0.0000000000
121072  38.665  -19.046  21.276 0.0000000000
58692  38.564  -18.326  20.739 0.0000000000
119729  39.893  -18.983  21.476 0.0000000000
57678  40.051  -19.480  22.055 0.0000000000
129868  37.775  -19.932  23.965 0.0000000000
57655  37.942  -20.077  23.185 0.0000000000
116074  41.038  -19.909  24.803 0.0000000000
116076  40.898  -20.127  23.901 0.0000000000
57636  41.769  -20.072  24.194 0.0000000000
57652  41.656  -19.967  23.321 0.0000000000
57635  42.677  -19.997  24.495 0.0000000000
138949  43.098  -19.915  24.992 0.0000000000
57618  42.630  -19.799  25.425 0.0000000000
129604  43.822  -19.104  27.400 0.0000000000
130116  43.621  -19.461  26.560 0.0000000000
58590  44.740  -19.147  27.721 0.0000000000
135880  44.579  -18.968  28.355 0.0000000000
57575  36.871  -19.916  27.577 0.0000000000
57592  37.193  -19.447  27.271 0.0000000000
57574  37.503  -19.734  28.021 0.0000000000
58572  38.648  -18.870  28.133 0.0000000000
58571  39.392  -18.722  28.490 0.0000000000
58570  40.157  -18.536  28.758 0.0000000000
59566  42.666  -17.972  30.828 0.0000000000
59567  41.963  -18.093  30.517 0.0000000000
58549  41.899  -18.169  29.815 0.0000000000
115004  41.851  -18.377  29.073 0.0000000000
58548  42.609  -18.374  29.327 0.0000000000
58568  42.522  -18.609  28.546 0.0000000000
132989  43.428  -18.416  29.660 0.0000000000
50909  31.318  -27.108  29.345 0.0000000000
50920  31.906  -26.738  28.707 0.0000000000
50908  32.281  -27.040  29.364 0.0000000000
50007  31.812  -27.555  32.024 0.0000000000
49994  32.283  -27.736  32.614 0.0000000000
50006  33.290  -27.951  31.726 0.0000000000
50005  34.358  -27.925  31.844 0.0000000000
50019  34.028  -27.639  30.930 0.0000000000
50018  34.969  -27.493  31.003 0.0000000000
50004  35.375  -27.723  31.660 0.0000000000
118989  37.137  -27.834  34.145 0.0000000000
49975  36.855  -27.890  33.236 0.0000000000
117830  38.050  -27.881  33.892 0.0000000000
49974  37.729  -27.835  33.241 0.0000000000
39011  35.566  -38.572  36.559 0.0000000000
39010  36.168  -38.596  36.978 0.0000000000
41183  37.161  -36.374  35.611 0.0000000000
42241  36.652  -35.805  35.036 0.0000000000
42259  36.991  -35.011  34.742 0.0000000000
44153  38.043  -33.908  34.898 0.0000000000
45146  37.765  -32.479  34.449 0.0000000000
44165  38.293  -33.018  34.760 0.0000000000
41084  35.629  -36.158  41.995 0.0000000000
42181  37.066  -35.052  39.008 0.0000000000
44116  38.808  -33.439  39.367 0.0000000000
43161  37.960  -33.724  39.812 0.0000000000
43176  38.650  -34.220  38.782 0.0000000000
137915  38.557  -34.966  38.325 0.0000000000
43202  39.883  -34.648  36.242 0.0000000000
43201  40.245  -34.088  36.553 0.0000000000
46102  39.534  -31.857  35.963 0.0000000000
45130  39.850  -32.695  35.875 0.0000000000
46103  38.773  -31.454  35.465 0.0000000000
46104  38.000  -31.113  35.086 0.0000000000
46089  37.283  -30.511  35.867 0.0000000000
46088  38.205  -30.627  35.948 0.0000000000
47078  37.845  -30.010  37.218 0.0000000000
47079  36.997  -30.084  37.129 0.0000000000
48043  37.655  -29.738  37.292 0.0000000000
49001  36.130  -29.454  37.120 0.0000000000
48027  37.596  -29.314  37.461 0.0000000000
47059  40.514  -30.797  38.700 0.0000000000
47048  40.130  -30.012  38.842 0.0000000000
48985  38.890  -28.805  38.437 0.0000000000
48998  38.451  -28.334  37.875 0.0000000000
48999  37.718  -28.626  37.480 0.0000000000
49926  38.024  -27.951  37.200 0.0000000000
49939  37.580  -27.709  36.497 0.0000000000
49925  38.865  -27.759  37.464 0.0000000000
71809  45.410  -4.859  13.713 0.0000000000
68264  42.880  -8.575  17.122 0.0000000000
68265  42.179  -8.124  17.298 0.0000000000
68273  42.589  -7.819  16.724 0.0000000000
69160  46.713  -7.666  14.013 0.0000000000
67425  46.703  -8.488  14.544 0.0000000000
67400  47.112  -9.926  15.870 0.0000000000
116809  47.484  -9.572  15.364 0.0000000000
67413  47.899  -9.987  15.786 0.0000000000
66438  49.248  -9.983  16.274 0.0000000000
66439  48.399  -10.142  16.406 0.0000000000
67370  47.320  -10.009  18.659 0.0000000000
115840  46.963  -10.061  18.089 0.0000000000
67369  48.145  -9.780  18.719 0.0000000000
67353  49.631  -9.523  19.516 0.0000000000
67368  49.510  -9.329  18.757 0.0000000000
133061  50.139  -9.265  19.001 0.0000000000
67367  50.227  -9.178  18.361 0.0000000000
67366  50.854  -9.227  18.778 0.0000000000
67351  51.411  -9.456  19.208 0.0000000000
115649  52.033  -9.763  19.528 0.0000000000
70067  49.941  -6.312  11.784 0.0000000000
70066  50.917  -6.550  11.579 0.0000000000
67408  53.150  -9.399  15.366 0.0000000000
38850  21.531  -38.671  47.171 0.0000000000
29782  11.291  -46.687  47.444 0.0000000000
29773  11.703  -47.026  48.256 0.0000000000
128187  11.946  -47.375  49.152 0.0000000000
131070  38.832  -25.300  31.688 0.0000000000
51726  39.061  -25.912  31.919 0.0000000000
40065  26.575  -37.580  39.526 0.0000000000
40066  18.400  -37.163  39.715 0.0000000000
41125  18.181  -36.977  39.115 0.0000000000
40067  17.803  -37.595  39.186 0.0000000000
42190  19.244  -35.340  38.622 0.0000000000
30907  17.602  -45.584  42.345 0.0000000000
125840  17.701  -46.299  42.260 0.0000000000
29812  17.453  -46.838  42.211 0.0000000000
28724  17.123  -47.577  42.345 0.0000000000
65419  47.171  -11.692  21.250 0.0000000000
64457  48.840  -12.672  22.080 0.0000000000
64469  47.645  -12.199  21.729 0.0000000000
64458  48.150  -12.770  22.137 0.0000000000
134663  49.004  -13.973  23.043 0.0000000000
58544  48.970  -18.835  29.184 0.0000000000
126984  35.152  -19.137  24.920 0.0000000000
58632  35.946  -19.307  24.712 0.0000000000
125674  35.863  -19.178  25.435 0.0000000000
58611  36.811  -19.065  26.085 0.0000000000
47152  33.242  -30.393  33.143 0.0000000000
48104  32.597  -29.556  33.931 0.0000000000
129593  33.482  -29.542  34.866 0.0000000000
48087  33.913  -29.677  35.255 0.0000000000
38961  34.585  -38.687  39.869 0.0000000000
125336  35.121  -38.279  39.774 0.0000000000
40063  35.376  -37.385  39.970 0.0000000000
116496  44.765  -10.688  19.181 0.0000000000
66415  45.554  -10.614  19.321 0.0000000000
116404  46.113  -10.621  19.545 0.0000000000
66405  45.795  -10.833  19.810 0.0000000000
65429  46.698  -11.232  20.644 0.0000000000
69167  48.549  -7.520  13.342 0.0000000000
68280  49.479  -8.514  13.681 0.0000000000
68289  48.231  -8.033  13.811 0.0000000000
121809  48.110  -8.533  14.275 0.0000000000
42103  24.120  -35.692  43.001 0.0000000000
30883  14.605  -45.492  44.594 0.0000000000
30867  15.121  -45.869  45.083 0.0000000000
29795  15.149  -46.076  45.823 0.0000000000
123702  14.669  -47.857  48.796 0.0000000000
28690  15.280  -47.848  48.182 0.0000000000
62566  43.410  -14.418  20.445 0.0000000000
61536  43.737  -15.108  20.734 0.0000000000
60562  42.399  -16.922  21.469 0.0000000000
59650  42.989  -17.260  21.926 0.0000000000
58649  44.287  -18.472  22.714 0.0000000000
119438  44.661  -19.067  23.122 0.0000000000
58631  46.028  -19.337  23.872 0.0000000000
57649  45.058  -19.574  23.804 0.0000000000
135146  44.877  -19.813  24.540 0.0000000000
57617  44.986  -19.789  25.309 0.0000000000
54695  35.627  -22.102  28.050 0.0000000000
55673  36.319  -21.715  28.309 0.0000000000
54669  38.022  -22.267  29.724 0.0000000000
53636  39.215  -23.283  31.946 0.0000000000
135300  7.894  -45.810  49.931 0.0000000000
30841  8.371  -46.140  50.621 0.0000000000
55717  32.251  -21.157  25.205 0.0000000000
54728  33.084  -22.080  25.844 0.0000000000
52785  32.849  -24.648  27.069 0.0000000000
51800  33.228  -25.043  27.663 0.0000000000
51762  34.998  -25.836  29.513 0.0000000000
50874  36.276  -26.989  31.027 0.0000000000
37843  28.889  -39.542  38.876 0.0000000000
36596  29.953  -40.404  39.467 0.0000000000
36595  30.726  -40.584  39.493 0.0000000000
36594  31.504  -40.575  39.575 0.0000000000
36577  30.961  -40.501  40.169 0.0000000000
37802  31.323  -40.023  40.695 0.0000000000
40017  27.515  -37.892  42.714 0.0000000000
39982  30.849  -37.969  44.321 0.0000000000
129078  19.572  -39.652  44.543 0.0000000000
37753  19.525  -39.213  43.821 0.0000000000
37790  17.767  -39.734  41.417 0.0000000000
36565  17.738  -40.420  41.976 0.0000000000
35316  17.391  -41.745  42.242 0.0000000000
124129  17.080  -42.365  41.899 0.0000000000
37849  15.343  -39.727  38.175 0.0000000000
35352  14.130  -41.843  38.728 0.0000000000
34215  14.655  -43.092  39.722 0.0000000000
32029  14.215  -44.482  41.899 0.0000000000
31983  9.625  -44.934  43.960 0.0000000000
44133  22.853  -33.113  37.239 0.0000000000
44132  23.500  -33.540  37.137 0.0000000000
42132  19.960  -35.806  40.982 0.0000000000
41088  20.263  -36.106  41.647 0.0000000000
41075  20.547  -36.385  42.357 0.0000000000
41063  20.780  -36.664  43.045 0.0000000000
131891  20.527  -37.277  43.276 0.0000000000
29752  10.780  -47.257  51.121 0.0000000000
28675  11.041  -47.449  51.060 0.0000000000
63466  52.544  -13.456  25.881 0.0000000000
63465  53.221  -13.074  25.759 0.0000000000
60514  53.719  -15.694  26.791 0.0000000000
61499  46.596  -15.595  23.153 0.0000000000
61498  48.069  -15.216  23.791 0.0000000000
127246  48.346  -16.110  24.109 0.0000000000
127450  49.260  -16.197  24.359 0.0000000000
60517  50.045  -16.853  25.321 0.0000000000
59597  50.875  -16.958  28.076 0.0000000000
57680  38.224  -19.575  21.769 0.0000000000
57638  39.255  -19.916  24.366 0.0000000000
116443  41.930  -19.537  26.010 0.0000000000
57589  42.934  -19.081  27.164 0.0000000000
58591  43.162  -18.836  27.965 0.0000000000
56645  38.151  -19.998  28.898 0.0000000000
57573  38.298  -19.404  28.424 0.0000000000
57561  38.661  -19.578  29.065 0.0000000000
133146  39.579  -18.981  29.578 0.0000000000
59565  43.364  -18.098  30.529 0.0000000000
50893  30.712  -27.075  30.220 0.0000000000
49967  33.505  -28.169  34.541 0.0000000000
49978  33.333  -27.926  33.725 0.0000000000
49977  34.242  -27.905  33.886 0.0000000000
118461  35.083  -27.934  33.076 0.0000000000
49964  36.130  -27.838  34.021 0.0000000000
40111  37.131  -37.585  36.703 0.0000000000
136620  37.612  -37.360  36.953 0.0000000000
42239  38.328  -35.310  35.619 0.0000000000
43215  38.635  -34.558  35.313 0.0000000000
42140  36.834  -35.328  41.798 0.0000000000
42139  36.959  -34.460  40.849 0.0000000000
44114  40.119  -32.965  37.863 0.0000000000
43189  40.264  -33.632  37.220 0.0000000000
135839  40.493  -32.930  37.106 0.0000000000
46086  39.925  -31.302  36.642 0.0000000000
46072  39.380  -30.557  36.997 0.0000000000
47077  38.686  -30.106  37.510 0.0000000000
47061  39.021  -29.955  38.080 0.0000000000
68272  43.248  -8.297  16.510 0.0000000000
68271  43.860  -8.699  16.325 0.0000000000
68275  45.881  -8.749  14.883 0.0000000000
67344  48.292  -10.158  19.996 0.0000000000
126012  48.876  -9.842  19.816 0.0000000000
67343  49.430  -9.913  20.131 0.0000000000
67342  50.161  -9.816  20.063 0.0000000000
67329  51.509  -10.390  20.528 0.0000000000
67341  51.144  -9.858  19.917 0.0000000000
66385  52.054  -10.872  21.127 0.0000000000
69174  51.043  -7.887  12.452 0.0000000000
69173  51.958  -7.815  12.003 0.0000000000
68294  53.242  -8.732  12.152 0.0000000000
67410  51.344  -9.491  15.367 0.0000000000
68269  53.144  -9.202  16.887 0.0000000000
67364  54.067  -9.423  17.906 0.0000000000
42105  22.810  -35.538  43.728 0.0000000000
42089  23.049  -35.974  45.141 0.0000000000
125097  12.973  -45.661  45.584 0.0000000000
30858  13.396  -45.891  46.237 0.0000000000
29771  13.887  -47.278  48.638 0.0000000000
28682  14.150  -47.587  49.057 0.0000000000
27604  13.621  -48.514  49.418 0.0000000000
26522  13.311  -49.375  49.337 0.0000000000
59652  41.683  -17.432  21.324 0.0000000000
58673  41.536  -18.327  21.623 0.0000000000
53652  37.128  -23.826  30.115 0.0000000000
52717  38.214  -24.140  31.098 0.0000000000
52695  39.173  -24.952  32.058 0.0000000000
30832  8.121  -46.070  52.472 0.0000000000
136036  7.666  -46.254  53.261 0.0000000000
133622  7.151  -46.073  53.800 0.0000000000
28659  7.369  -47.272  53.610 0.0000000000
27577  6.342  -47.954  53.864 0.0000000000
51801  32.552  -25.306  27.363 0.0000000000
116980  32.772  -25.760  27.988 0.0000000000
50919  32.836  -26.438  28.666 0.0000000000
122651  28.283  -38.733  38.089 0.0000000000
40080  27.300  -37.839  38.174 0.0000000000
38980  28.346  -39.050  38.752 0.0000000000
38963  28.530  -39.423  39.525 0.0000000000
40021  19.206  -38.046  42.068 0.0000000000
38929  18.043  -38.849  41.156 0.0000000000
37791  17.121  -40.003  40.781 0.0000000000
34243  12.362  -42.195  38.744 0.0000000000
119501  12.620  -42.697  39.317 0.0000000000
120257  12.860  -43.267  39.945 0.0000000000
44122  20.829  -33.222  38.352 0.0000000000
44108  21.076  -33.513  39.124 0.0000000000
42169  20.109  -34.898  39.909 0.0000000000
42170  19.531  -35.433  39.490 0.0000000000
120403  19.743  -35.606  40.253 0.0000000000
123035  19.483  -37.102  41.388 0.0000000000
65402  49.975  -12.059  21.550 0.0000000000
64442  51.232  -12.711  22.893 0.0000000000
63485  51.647  -13.167  23.748 0.0000000000
64444  49.378  -13.082  22.440 0.0000000000
63486  50.594  -13.658  23.376 0.0000000000
62497  51.794  -13.926  25.221 0.0000000000
61468  51.704  -14.728  26.553 0.0000000000
58619  48.279  -18.350  24.930 0.0000000000
59618  48.773  -17.856  24.829 0.0000000000
58604  48.890  -18.127  25.728 0.0000000000
59598  50.000  -17.679  27.716 0.0000000000
123787  36.248  -19.860  22.917 0.0000000000
57623  37.679  -19.332  24.905 0.0000000000
57622  38.660  -19.329  25.023 0.0000000000
57605  39.703  -19.172  26.092 0.0000000000
58608  39.835  -18.841  27.014 0.0000000000
131826  40.168  -20.099  31.748 0.0000000000
49056  30.879  -27.713  32.327 0.0000000000
50009  30.584  -27.413  31.603 0.0000000000
49980  31.770  -27.890  33.254 0.0000000000
49047  32.730  -28.273  34.241 0.0000000000
49036  33.123  -28.750  34.787 0.0000000000
49954  34.574  -28.266  35.568 0.0000000000
37856  33.969  -39.871  37.693 0.0000000000
37872  34.608  -39.265  36.985 0.0000000000
37855  34.981  -39.666  37.941 0.0000000000
38994  36.367  -38.740  37.695 0.0000000000
37838  35.801  -38.982  38.888 0.0000000000
38977  37.079  -38.309  37.978 0.0000000000
40077  37.899  -37.228  37.976 0.0000000000
135870  37.862  -36.767  38.266 0.0000000000
67375  42.445  -9.338  18.009 0.0000000000
67389  43.079  -9.201  17.597 0.0000000000
116137  43.773  -9.603  17.711 0.0000000000
67388  44.245  -9.556  17.354 0.0000000000
116313  44.943  -9.807  17.356 0.0000000000
67387  45.674  -10.015  17.362 0.0000000000
67371  46.546  -10.132  18.538 0.0000000000
66414  46.714  -10.504  19.594 0.0000000000
129220  47.563  -10.266  19.708 0.0000000000
66387  49.185  -10.935  21.041 0.0000000000
70053  50.319  -7.083  12.211 0.0000000000
70054  49.419  -6.708  12.344 0.0000000000
68287  51.947  -9.329  13.098 0.0000000000
67419  53.470  -9.608  14.530 0.0000000000
132465  52.179  -9.533  13.902 0.0000000000
67420  51.789  -9.498  14.611 0.0000000000
67421  50.812  -9.600  14.598 0.0000000000
130237  50.954  -9.464  16.073 0.0000000000
124256  50.110  -9.767  16.146 0.0000000000
42146  25.163  -35.897  40.023 0.0000000000
41087  25.497  -36.719  41.338 0.0000000000
42112  24.889  -36.191  41.705 0.0000000000
41072  26.113  -36.961  42.907 0.0000000000
42096  23.549  -35.676  44.157 0.0000000000
42095  24.233  -35.827  44.451 0.0000000000
42086  24.915  -36.107  44.737 0.0000000000
118782  24.994  -36.126  45.665 0.0000000000
29806  16.015  -46.234  42.708 0.0000000000
29788  15.265  -47.019  47.099 0.0000000000
27611  15.811  -48.089  47.772 0.0000000000
28688  16.073  -48.113  47.333 0.0000000000
64478  44.614  -12.536  20.423 0.0000000000
126255  45.414  -13.265  21.092 0.0000000000
131398  45.572  -13.886  21.396 0.0000000000
62536  45.869  -14.835  22.169 0.0000000000
62553  44.727  -14.749  21.226 0.0000000000
62552  45.357  -14.599  21.592 0.0000000000
60535  46.535  -16.434  23.387 0.0000000000
60534  47.080  -16.911  23.728 0.0000000000
62568  41.869  -14.825  20.085 0.0000000000
120754  43.488  -15.723  21.063 0.0000000000
60560  44.010  -16.110  21.657 0.0000000000
60546  43.713  -16.876  22.100 0.0000000000
60545  44.501  -16.556  22.301 0.0000000000
59629  46.505  -17.403  23.450 0.0000000000
58646  47.320  -17.880  23.857 0.0000000000
58629  47.674  -18.468  24.375 0.0000000000
58620  47.650  -18.785  25.134 0.0000000000
124212  47.540  -18.923  26.093 0.0000000000
57631  46.400  -19.432  24.757 0.0000000000
58621  46.978  -19.184  25.416 0.0000000000
58606  47.127  -19.137  26.998 0.0000000000
56668  35.236  -20.242  26.532 0.0000000000
56660  35.832  -20.118  26.940 0.0000000000
56647  36.881  -20.402  28.084 0.0000000000
55672  36.921  -21.137  28.504 0.0000000000
56646  37.547  -20.440  28.592 0.0000000000
54651  37.631  -23.002  30.012 0.0000000000
54635  39.071  -22.570  31.261 0.0000000000
55625  38.983  -21.895  30.640 0.0000000000
56616  39.301  -21.165  30.770 0.0000000000
46137  34.632  -31.200  33.164 0.0000000000
46121  35.924  -31.160  33.819 0.0000000000
40031  34.595  -36.801  42.306 0.0000000000
41071  35.285  -36.512  42.443 0.0000000000
67376  41.640  -9.415  18.288 0.0000000000
66417  42.990  -10.818  18.974 0.0000000000
65445  42.519  -11.622  19.277 0.0000000000
65444  43.386  -11.496  19.403 0.0000000000
64488  44.143  -12.255  20.096 0.0000000000
70926  45.886  -5.519  13.158 0.0000000000
29760  9.139  -46.658  50.392 0.0000000000
28671  10.302  -47.224  51.510 0.0000000000
29749  8.456  -46.614  52.525 0.0000000000
28665  8.814  -46.980  52.523 0.0000000000
28673  8.661  -47.497  52.676 0.0000000000
131836  8.939  -47.805  52.408 0.0000000000
26498  8.924  -48.419  52.080 0.0000000000
58634  34.436  -19.018  24.214 0.0000000000
57624  34.825  -19.354  25.237 0.0000000000
56676  34.320  -19.860  25.478 0.0000000000
55701  34.775  -20.928  26.690 0.0000000000
55692  34.696  -21.583  26.945 0.0000000000
54721  34.077  -21.967  26.625 0.0000000000
117159  35.184  -21.810  27.468 0.0000000000
53711  33.356  -23.472  26.717 0.0000000000
52767  33.548  -24.154  27.306 0.0000000000
53685  34.988  -23.539  28.364 0.0000000000
52719  36.943  -24.690  30.382 0.0000000000
51746  37.057  -25.503  30.709 0.0000000000
50872  38.291  -26.520  31.603 0.0000000000
49988  38.800  -27.027  32.269 0.0000000000
39014  32.603  -38.494  35.846 0.0000000000
37874  32.607  -39.261  36.591 0.0000000000
39018  28.990  -38.292  36.835 0.0000000000
38996  30.167  -39.007  36.960 0.0000000000
37859  29.788  -39.466  37.685 0.0000000000
133641  30.499  -39.532  37.390 0.0000000000
37858  32.186  -39.807  37.358 0.0000000000
37857  33.034  -39.783  37.333 0.0000000000
36629  33.221  -40.059  37.979 0.0000000000
36610  33.669  -40.222  38.550 0.0000000000
127956  32.284  -40.412  39.733 0.0000000000
37823  32.915  -40.075  39.878 0.0000000000
37822  33.649  -39.871  39.647 0.0000000000
38962  33.885  -39.076  40.019 0.0000000000
40049  33.602  -37.701  40.956 0.0000000000
41121  26.072  -37.057  39.915 0.0000000000
40035  26.518  -37.620  41.261 0.0000000000
38944  27.790  -38.781  40.559 0.0000000000
37784  28.494  -39.319  40.970 0.0000000000
38888  28.164  -37.892  43.493 0.0000000000
38887  28.970  -38.211  43.453 0.0000000000
37782  30.174  -39.698  41.534 0.0000000000
37781  30.912  -39.579  41.346 0.0000000000
40033  31.853  -37.921  42.180 0.0000000000
127982  32.140  -38.283  41.427 0.0000000000
36488  20.541  -40.722  47.231 0.0000000000
35275  19.610  -41.608  46.399 0.0000000000
36507  18.992  -41.341  45.468 0.0000000000
34152  18.321  -42.886  44.630 0.0000000000
38909  18.914  -38.793  42.499 0.0000000000
36551  18.610  -40.164  43.252 0.0000000000
120879  18.162  -40.360  42.628 0.0000000000
36540  18.152  -40.887  43.292 0.0000000000
134342  17.741  -44.309  42.783 0.0000000000
40082  17.447  -37.567  38.330 0.0000000000
38982  17.188  -38.236  38.769 0.0000000000
36582  16.552  -40.455  40.095 0.0000000000
36600  15.354  -41.006  39.027 0.0000000000
36583  15.944  -41.153  39.753 0.0000000000
119763  16.436  -41.280  40.440 0.0000000000
32027  16.363  -44.207  41.247 0.0000000000
30909  15.857  -45.265  42.082 0.0000000000
30897  14.755  -45.327  43.708 0.0000000000
30885  13.089  -45.311  44.824 0.0000000000
33101  12.545  -43.923  41.248 0.0000000000
32015  12.509  -44.525  42.485 0.0000000000
32016  11.505  -44.518  42.428 0.0000000000
127864  12.681  -44.937  44.001 0.0000000000
29792  9.820  -46.368  46.858 0.0000000000
30847  8.721  -46.305  47.891 0.0000000000
30844  7.884  -45.831  49.127 0.0000000000
42225  26.237  -35.587  36.026 0.0000000000
43207  24.550  -34.286  36.207 0.0000000000
42168  24.246  -34.961  40.102 0.0000000000
43167  23.629  -34.432  40.078 0.0000000000
43127  23.023  -34.689  41.996 0.0000000000
43169  21.344  -33.769  39.867 0.0000000000
43154  21.630  -34.059  40.621 0.0000000000
43138  21.874  -34.371  41.371 0.0000000000
115952  22.200  -35.314  42.985 0.0000000000
42106  22.005  -35.859  43.668 0.0000000000
41055  21.719  -36.592  44.164 0.0000000000
39987  21.399  -37.320  44.615 0.0000000000
38859  21.157  -38.275  46.045 0.0000000000
115608  11.016  -47.116  48.890 0.0000000000
29756  12.019  -47.424  50.030 0.0000000000
29757  11.419  -47.344  50.633 0.0000000000
28679  12.096  -47.606  50.254 0.0000000000
26514  12.991  -48.885  49.866 0.0000000000
63500  46.669  -13.372  21.871 0.0000000000
63489  48.318  -13.978  23.069 0.0000000000
62514  48.737  -14.545  23.588 0.0000000000
62500  49.440  -14.841  23.930 0.0000000000
62499  50.260  -14.823  24.127 0.0000000000
61454  52.181  -15.008  27.441 0.0000000000
59617  49.403  -17.472  25.069 0.0000000000
60516  50.545  -16.676  26.198 0.0000000000
60508  50.918  -16.333  27.325 0.0000000000
59668  39.437  -17.783  20.589 0.0000000000
59654  40.123  -18.295  21.055 0.0000000000
58674  40.697  -18.838  21.593 0.0000000000
58664  41.349  -19.020  22.029 0.0000000000
57672  38.546  -19.936  22.551 0.0000000000
57671  39.453  -19.940  22.677 0.0000000000
57653  39.942  -20.134  23.539 0.0000000000
57670  40.223  -19.892  22.687 0.0000000000
57669  41.547  -19.565  22.543 0.0000000000
57668  42.363  -19.568  22.834 0.0000000000
117002  43.235  -19.961  23.796 0.0000000000
120304  44.276  -19.890  25.027 0.0000000000
57602  44.322  -19.730  25.941 0.0000000000
58589  45.739  -19.207  27.789 0.0000000000
58565  46.180  -19.038  28.675 0.0000000000
58597  37.416  -19.137  27.020 0.0000000000
116451  37.831  -18.968  27.077 0.0000000000
58596  38.404  -18.844  27.381 0.0000000000
117864  40.644  -18.586  28.132 0.0000000000
57548  40.256  -18.949  30.716 0.0000000000
58534  40.023  -18.641  30.003 0.0000000000
58532  41.434  -18.290  30.811 0.0000000000
115572  41.257  -18.243  30.170 0.0000000000
58550  40.554  -18.432  29.618 0.0000000000
58569  41.068  -18.440  28.791 0.0000000000
58593  41.427  -18.718  27.890 0.0000000000
58531  44.213  -18.470  30.173 0.0000000000
58566  44.403  -18.808  29.069 0.0000000000
119217  45.384  -18.956  29.131 0.0000000000
58546  46.046  -18.986  29.672 0.0000000000
136316  31.653  -26.524  28.305 0.0000000000
50008  31.136  -27.306  31.961 0.0000000000
50021  31.964  -27.842  30.995 0.0000000000
49993  33.361  -27.996  32.673 0.0000000000
50891  32.654  -27.460  30.093 0.0000000000
50890  33.670  -27.252  30.130 0.0000000000
50875  35.705  -27.384  31.132 0.0000000000
49990  36.598  -27.796  32.419 0.0000000000
50002  37.122  -27.466  31.869 0.0000000000
137369  38.133  -27.577  32.603 0.0000000000
49973  38.674  -27.690  33.143 0.0000000000
137696  35.129  -38.895  36.754 0.0000000000
40113  35.362  -38.019  35.949 0.0000000000
40126  35.867  -37.375  35.580 0.0000000000
120637  36.767  -33.471  34.073 0.0000000000
43229  37.284  -34.151  34.547 0.0000000000
45147  37.058  -32.412  33.957 0.0000000000
46120  36.842  -31.417  33.991 0.0000000000
40047  34.902  -37.062  40.696 0.0000000000
41120  35.950  -36.373  39.972 0.0000000000
41101  35.970  -35.784  41.353 0.0000000000
124732  37.665  -36.166  38.647 0.0000000000
122920  37.098  -34.242  39.804 0.0000000000
42202  38.783  -35.623  37.532 0.0000000000
42201  39.430  -35.131  36.803 0.0000000000
43214  39.449  -34.309  35.584 0.0000000000
44141  40.340  -33.304  36.317 0.0000000000
44151  39.643  -33.466  35.583 0.0000000000
45132  38.275  -32.054  34.849 0.0000000000
46106  36.271  -30.751  34.650 0.0000000000
47117  36.423  -30.427  35.717 0.0000000000
47101  35.788  -30.152  36.467 0.0000000000
47099  37.457  -30.253  36.662 0.0000000000
48060  35.597  -29.717  36.635 0.0000000000
49013  35.537  -28.959  36.664 0.0000000000
49012  36.350  -28.564  36.822 0.0000000000
47060  39.933  -30.269  38.296 0.0000000000
48011  39.382  -29.291  38.787 0.0000000000
48025  38.754  -29.455  38.155 0.0000000000
48026  38.148  -29.508  37.660 0.0000000000
49940  36.714  -27.914  36.433 0.0000000000
49951  37.228  -27.630  35.733 0.0000000000
117223  38.009  -27.573  35.758 0.0000000000
49950  38.902  -27.765  35.198 0.0000000000
70045  45.916  -6.316  13.550 0.0000000000
68282  47.490  -8.174  14.146 0.0000000000
66443  48.710  -9.951  15.639 0.0000000000
67397  50.647  -9.362  16.784 0.0000000000
66435  47.078  -10.226  17.285 0.0000000000
66434  48.030  -10.221  17.210 0.0000000000
67384  48.497  -9.802  17.908 0.0000000000
67399  48.902  -9.979  17.098 0.0000000000
67382  50.408  -9.232  17.573 0.0000000000
68255  51.687  -9.236  18.494 0.0000000000
68247  52.268  -9.429  18.934 0.0000000000
128543  51.953  -10.144  20.048 0.0000000000
67327  53.513  -10.287  20.723 0.0000000000
40078  37.488  -37.736  38.170 0.0000000000
43190  39.898  -34.429  37.133 0.0000000000
45163  35.512  -32.289  33.342 0.0000000000
47119  34.591  -30.078  35.211 0.0000000000
48044  36.877  -29.675  37.256 0.0000000000
49063  30.385  -27.911  31.718 0.0000000000
49941  35.849  -28.234  36.323 0.0000000000
49991  35.745  -27.850  32.337 0.0000000000
51782  31.441  -26.193  27.821 0.0000000000
57634  43.617  -19.944  24.496 0.0000000000
59639  43.652  -18.311  22.462 0.0000000000
59666  41.140  -17.010  20.839 0.0000000000
61511  45.967  -15.446  22.595 0.0000000000
61537  43.001  -15.248  20.588 0.0000000000
62516  47.307  -15.026  23.330 0.0000000000
62534  47.511  -14.230  22.944 0.0000000000
63499  47.887  -13.482  22.581 0.0000000000
64471  45.947  -12.684  21.189 0.0000000000
65404  48.336  -12.080  21.723 0.0000000000
65417  48.601  -11.531  21.329 0.0000000000
66373  49.811  -11.387  21.203 0.0000000000
66400  50.596  -10.334  20.498 0.0000000000
67328  52.477  -10.387  20.609 0.0000000000
67350  52.772  -9.664  19.306 0.0000000000
67354  48.223  -9.886  19.441 0.0000000000
118875  50.137  -10.900  20.925 0.0000000000
118967  50.433  -9.691  15.385 0.0000000000
124693  48.876  -9.515  18.503 0.0000000000
129747  6.905  -47.431  53.839 0.0000000000
135658  14.164  -47.953  49.203 0.0000000000
136218  50.939  -13.181  23.125 0.0000000000
136730  36.549  -23.684  29.642 0.0000000000
137437  37.346  -24.873  30.691 0.0000000000
