#!ascii label  , from subject sub-v1s12x0050109_ses-1 vox2ras=TkReg
1135
46054  19.349  -30.931  39.826 0.0000000000
47945  27.840  -29.605  46.961 0.0000000000
61448  31.823  -14.471  28.067 0.0000000000
49956  28.083  -27.095  34.938 0.0000000000
48953  32.621  -28.649  42.823 0.0000000000
114691  43.924  -6.145  21.550 0.0000000000
57563  32.025  -19.791  29.504 0.0000000000
116088  26.844  -21.054  28.286 0.0000000000
42172  15.288  -35.266  38.843 0.0000000000
116387  22.227  -28.469  43.286 0.0000000000
120713  25.567  -31.386  41.800 0.0000000000
49017  21.399  -28.239  36.541 0.0000000000
129360  38.003  -13.794  23.017 0.0000000000
48927  19.645  -28.064  46.160 0.0000000000
44070  18.899  -33.736  43.605 0.0000000000
62444  37.081  -13.683  27.602 0.0000000000
40002  14.229  -37.175  43.865 0.0000000000
35293  10.778  -40.116  45.081 0.0000000000
55593  25.554  -20.714  32.854 0.0000000000
48976  28.973  -28.000  39.084 0.0000000000
44102  33.226  -33.380  39.835 0.0000000000
42145  29.644  -34.131  40.766 0.0000000000
136462  31.123  -20.542  30.526 0.0000000000
129306  29.482  -20.615  28.679 0.0000000000
55630  28.652  -21.271  29.933 0.0000000000
57538  34.361  -20.210  31.129 0.0000000000
46080  17.750  -31.772  36.946 0.0000000000
44126  15.863  -33.945  37.490 0.0000000000
45095  17.696  -32.770  39.288 0.0000000000
49890  19.882  -27.558  41.774 0.0000000000
48003  21.795  -28.576  39.994 0.0000000000
48032  19.505  -28.703  38.074 0.0000000000
48065  18.849  -29.565  35.752 0.0000000000
62491  32.634  -13.545  25.480 0.0000000000
61421  33.981  -15.119  30.707 0.0000000000
62461  34.344  -13.822  27.398 0.0000000000
62504  35.281  -14.465  25.080 0.0000000000
42090  18.522  -35.247  45.482 0.0000000000
42107  16.963  -35.157  43.382 0.0000000000
41050  16.636  -36.931  45.205 0.0000000000
35243  12.471  -39.594  48.897 0.0000000000
35277  12.631  -39.790  46.627 0.0000000000
136456  10.551  -40.684  47.474 0.0000000000
126010  8.636  -41.849  48.777 0.0000000000
35229  8.632  -41.189  50.570 0.0000000000
51673  29.855  -25.255  40.206 0.0000000000
48962  30.858  -28.236  41.131 0.0000000000
47050  31.599  -30.562  39.496 0.0000000000
47039  33.276  -31.294  41.089 0.0000000000
46064  24.517  -31.823  38.127 0.0000000000
118197  27.583  -32.486  41.786 0.0000000000
44119  26.395  -33.286  38.090 0.0000000000
124918  28.761  -34.631  38.034 0.0000000000
53621  27.510  -23.698  33.551 0.0000000000
53640  25.444  -23.718  31.429 0.0000000000
50864  26.351  -26.638  32.336 0.0000000000
70884  46.919  -4.999  19.157 0.0000000000
70880  44.713  -5.272  19.778 0.0000000000
59588  32.109  -17.449  29.093 0.0000000000
57593  29.851  -18.940  27.298 0.0000000000
59568  34.090  -17.577  30.535 0.0000000000
131486  25.207  -29.616  44.400 0.0000000000
45020  27.830  -30.487  44.298 0.0000000000
47028  23.572  -30.651  42.790 0.0000000000
47053  22.962  -29.857  38.962 0.0000000000
48062  22.964  -29.760  36.381 0.0000000000
62503  40.647  -14.555  24.060 0.0000000000
64461  40.467  -12.242  22.516 0.0000000000
126961  40.988  -9.638  23.078 0.0000000000
69138  40.604  -7.145  21.839 0.0000000000
47979  19.381  -29.252  42.973 0.0000000000
45074  19.449  -32.033  41.846 0.0000000000
47016  20.319  -30.640  44.389 0.0000000000
49867  20.735  -27.402  44.431 0.0000000000
61475  37.982  -15.502  25.177 0.0000000000
43156  17.117  -34.046  41.015 0.0000000000
41107  14.695  -35.738  41.303 0.0000000000
38930  12.697  -37.876  42.021 0.0000000000
38862  14.380  -38.497  45.660 0.0000000000
37737  12.343  -38.462  44.756 0.0000000000
35206  6.227  -41.433  54.518 0.0000000000
57528  28.528  -19.323  32.350 0.0000000000
53585  28.110  -24.192  35.713 0.0000000000
51679  29.122  -25.360  37.806 0.0000000000
49942  28.606  -27.568  36.626 0.0000000000
48045  29.771  -29.780  37.875 0.0000000000
46073  32.759  -32.272  38.137 0.0000000000
42204  31.895  -35.020  37.667 0.0000000000
44049  28.307  -32.111  44.760 0.0000000000
44056  30.811  -33.076  44.129 0.0000000000
44062  32.945  -32.922  42.933 0.0000000000
43149  31.593  -35.045  40.923 0.0000000000
118283  30.868  -35.288  37.953 0.0000000000
56621  25.275  -20.253  30.337 0.0000000000
53669  24.049  -23.456  29.066 0.0000000000
138272  31.139  -21.119  31.434 0.0000000000
54673  29.774  -21.110  30.136 0.0000000000
54640  29.963  -21.537  30.868 0.0000000000
55609  32.413  -21.221  31.317 0.0000000000
46066  18.647  -31.409  38.471 0.0000000000
45103  17.478  -32.575  38.389 0.0000000000
46055  18.805  -31.559  39.364 0.0000000000
48004  19.325  -28.746  40.408 0.0000000000
137157  19.626  -27.790  40.083 0.0000000000
47068  19.424  -29.644  38.653 0.0000000000
47087  18.777  -30.510  37.080 0.0000000000
62464  31.609  -14.100  27.298 0.0000000000
61437  32.556  -14.437  28.984 0.0000000000
62432  34.066  -13.742  29.387 0.0000000000
62448  32.598  -14.108  28.206 0.0000000000
134171  33.310  -13.737  26.890 0.0000000000
35236  11.381  -40.270  49.812 0.0000000000
35244  11.585  -39.727  48.434 0.0000000000
34091  10.882  -40.212  49.067 0.0000000000
34108  10.042  -41.052  47.759 0.0000000000
34092  9.999  -40.706  49.136 0.0000000000
34085  8.906  -41.144  49.822 0.0000000000
49887  31.198  -27.573  41.416 0.0000000000
48961  31.558  -28.382  41.645 0.0000000000
47998  32.366  -29.948  40.997 0.0000000000
47987  33.294  -30.217  42.235 0.0000000000
46968  28.190  -29.776  47.275 0.0000000000
46077  24.463  -31.574  37.201 0.0000000000
136584  25.391  -32.665  38.624 0.0000000000
135020  25.411  -32.391  36.847 0.0000000000
44131  26.619  -33.330  37.029 0.0000000000
134853  27.755  -25.973  33.912 0.0000000000
51727  27.377  -25.121  33.076 0.0000000000
69128  44.077  -6.774  22.751 0.0000000000
69998  44.819  -6.394  22.495 0.0000000000
70005  45.098  -5.815  21.281 0.0000000000
70879  45.752  -5.352  19.923 0.0000000000
70874  44.119  -5.540  20.426 0.0000000000
58573  32.555  -18.260  29.078 0.0000000000
58575  31.062  -17.975  28.002 0.0000000000
57576  30.738  -19.637  28.344 0.0000000000
55676  28.275  -21.132  28.584 0.0000000000
55694  28.129  -21.020  27.822 0.0000000000
55695  26.579  -20.976  27.640 0.0000000000
57551  33.242  -19.936  30.161 0.0000000000
58552  33.224  -18.432  29.566 0.0000000000
59576  32.796  -17.538  29.530 0.0000000000
43185  15.736  -34.373  38.043 0.0000000000
41127  13.704  -36.725  39.356 0.0000000000
47970  23.775  -29.347  43.873 0.0000000000
124016  24.756  -30.352  43.743 0.0000000000
47022  22.958  -29.997  43.108 0.0000000000
48031  21.784  -28.411  38.270 0.0000000000
48016  22.478  -29.250  39.491 0.0000000000
48048  22.530  -28.933  37.751 0.0000000000
47085  22.988  -29.668  37.258 0.0000000000
49016  22.426  -28.865  36.759 0.0000000000
49030  21.219  -28.235  35.655 0.0000000000
47104  30.462  -30.376  36.420 0.0000000000
62520  39.110  -14.696  23.213 0.0000000000
122646  40.464  -14.132  22.887 0.0000000000
63502  39.341  -13.157  22.609 0.0000000000
66376  38.974  -10.428  22.023 0.0000000000
67330  38.697  -8.818  21.514 0.0000000000
68229  40.363  -7.850  22.588 0.0000000000
48942  19.400  -28.212  44.247 0.0000000000
47017  19.896  -29.963  43.725 0.0000000000
47964  19.483  -29.122  45.427 0.0000000000
49860  20.511  -27.469  45.355 0.0000000000
49875  19.661  -27.791  43.569 0.0000000000
61458  39.044  -15.399  25.790 0.0000000000
61446  37.876  -15.198  26.528 0.0000000000
114788  35.558  -14.480  24.374 0.0000000000
45067  19.017  -32.771  42.267 0.0000000000
44085  17.711  -33.680  41.373 0.0000000000
44078  17.852  -33.960  42.250 0.0000000000
41065  15.391  -36.491  43.627 0.0000000000
42119  15.470  -35.576  42.606 0.0000000000
41077  14.306  -36.347  42.740 0.0000000000
134327  13.546  -36.882  41.803 0.0000000000
38911  12.716  -37.642  42.943 0.0000000000
36489  14.202  -38.909  46.829 0.0000000000
35292  11.602  -39.625  45.621 0.0000000000
36524  12.586  -38.659  45.706 0.0000000000
36526  11.309  -39.576  44.634 0.0000000000
37757  11.438  -39.207  43.327 0.0000000000
53598  27.879  -23.344  35.184 0.0000000000
50810  30.244  -26.535  39.543 0.0000000000
52644  29.286  -25.113  38.675 0.0000000000
50814  29.604  -26.467  37.928 0.0000000000
139021  29.325  -25.964  36.997 0.0000000000
49911  28.855  -27.826  38.246 0.0000000000
48047  28.606  -29.095  37.757 0.0000000000
48015  29.002  -29.193  39.008 0.0000000000
137363  33.095  -32.050  39.644 0.0000000000
47063  32.176  -31.164  38.973 0.0000000000
45100  33.041  -32.512  38.745 0.0000000000
44129  32.794  -33.184  37.699 0.0000000000
43178  32.563  -33.900  38.706 0.0000000000
45049  26.010  -31.074  43.049 0.0000000000
45038  27.793  -31.388  43.970 0.0000000000
44068  27.130  -31.739  43.021 0.0000000000
121165  28.685  -33.486  41.191 0.0000000000
43116  28.907  -33.143  42.988 0.0000000000
119020  30.103  -33.658  42.656 0.0000000000
44054  31.981  -33.000  43.918 0.0000000000
43122  31.557  -34.366  42.135 0.0000000000
43121  32.486  -34.303  42.035 0.0000000000
42124  30.595  -34.669  41.046 0.0000000000
43194  28.639  -34.431  37.139 0.0000000000
42186  29.471  -34.929  38.550 0.0000000000
57530  26.598  -19.146  32.232 0.0000000000
57540  26.825  -19.129  31.218 0.0000000000
56599  25.454  -20.092  32.076 0.0000000000
52707  25.591  -24.718  31.225 0.0000000000
53653  24.717  -23.414  30.887 0.0000000000
71776  47.145  -4.074  17.784 0.0000000000
56632  32.001  -20.274  30.074 0.0000000000
56648  30.471  -20.053  28.967 0.0000000000
55650  29.961  -20.641  29.725 0.0000000000
54674  29.154  -21.166  29.638 0.0000000000
54676  28.236  -21.155  29.231 0.0000000000
55607  34.192  -21.599  31.780 0.0000000000
55627  32.828  -21.087  30.867 0.0000000000
45115  16.642  -32.817  36.840 0.0000000000
44125  16.388  -33.749  38.233 0.0000000000
43184  16.166  -34.384  38.848 0.0000000000
48956  21.214  -27.873  42.279 0.0000000000
48963  21.665  -28.470  41.788 0.0000000000
48964  21.126  -27.862  41.408 0.0000000000
49912  20.215  -27.664  39.137 0.0000000000
120072  19.797  -28.226  37.675 0.0000000000
49019  19.739  -28.336  35.888 0.0000000000
48051  19.023  -29.623  36.663 0.0000000000
46095  18.209  -31.147  36.483 0.0000000000
63504  37.424  -13.283  22.572 0.0000000000
47948  19.773  -29.126  47.113 0.0000000000
131352  35.066  -13.864  30.593 0.0000000000
63453  35.399  -13.071  28.593 0.0000000000
62445  36.005  -13.636  27.565 0.0000000000
62471  36.282  -14.403  26.629 0.0000000000
62472  35.320  -14.134  26.582 0.0000000000
62489  34.441  -14.074  25.636 0.0000000000
119309  18.982  -34.150  44.295 0.0000000000
137264  17.929  -34.546  43.435 0.0000000000
42097  18.065  -35.155  44.568 0.0000000000
41058  16.446  -36.391  44.357 0.0000000000
39989  15.850  -37.081  44.574 0.0000000000
35261  13.542  -38.992  47.491 0.0000000000
35252  12.381  -39.356  47.784 0.0000000000
35264  11.561  -40.300  46.642 0.0000000000
35265  10.675  -40.639  46.451 0.0000000000
123298  9.481  -41.433  47.012 0.0000000000
50808  30.484  -26.661  40.370 0.0000000000
137803  30.015  -27.972  40.372 0.0000000000
48013  30.168  -29.518  39.756 0.0000000000
48000  30.552  -29.283  40.434 0.0000000000
47040  32.775  -30.749  40.632 0.0000000000
46050  33.287  -32.264  40.182 0.0000000000
45085  24.984  -32.168  40.449 0.0000000000
120256  26.180  -31.803  41.560 0.0000000000
44095  25.867  -32.511  40.355 0.0000000000
44104  26.213  -32.922  39.587 0.0000000000
43165  27.835  -33.642  39.828 0.0000000000
42187  28.945  -34.597  39.244 0.0000000000
43179  27.670  -34.041  38.519 0.0000000000
125771  27.404  -33.617  36.397 0.0000000000
54630  26.538  -22.510  33.331 0.0000000000
127150  25.747  -21.884  32.861 0.0000000000
125684  26.656  -24.104  32.443 0.0000000000
52706  26.188  -25.104  31.613 0.0000000000
70877  47.174  -5.180  19.794 0.0000000000
70886  45.295  -4.861  19.140 0.0000000000
60493  31.145  -16.258  28.707 0.0000000000
61450  30.308  -15.411  27.303 0.0000000000
59599  30.775  -16.883  28.163 0.0000000000
56661  29.490  -20.356  27.978 0.0000000000
57595  28.581  -19.685  26.816 0.0000000000
125632  35.836  -18.906  32.137 0.0000000000
59558  35.249  -17.564  31.655 0.0000000000
60471  34.782  -16.742  31.614 0.0000000000
116787  33.769  -16.016  30.951 0.0000000000
131776  32.531  -15.887  30.012 0.0000000000
47961  27.484  -29.348  45.301 0.0000000000
125628  28.109  -29.476  45.290 0.0000000000
47009  26.146  -30.231  44.202 0.0000000000
46015  25.021  -30.444  43.588 0.0000000000
46024  24.142  -31.066  42.567 0.0000000000
47990  22.213  -29.251  41.448 0.0000000000
46031  23.045  -30.645  41.336 0.0000000000
46042  23.887  -31.096  40.455 0.0000000000
46065  24.043  -30.979  38.641 0.0000000000
47106  23.981  -30.911  36.999 0.0000000000
47123  23.938  -30.899  35.538 0.0000000000
65394  41.940  -11.548  22.908 0.0000000000
65407  39.248  -11.661  22.372 0.0000000000
66374  40.557  -10.561  22.704 0.0000000000
67314  41.748  -9.967  23.385 0.0000000000
68222  42.447  -8.620  23.812 0.0000000000
69129  42.387  -7.049  22.513 0.0000000000
70003  42.477  -6.365  21.489 0.0000000000
119408  42.985  -5.939  21.027 0.0000000000
47992  19.368  -29.204  41.028 0.0000000000
46044  19.534  -31.107  40.659 0.0000000000
131128  19.765  -30.801  41.794 0.0000000000
46021  19.998  -31.388  43.013 0.0000000000
45058  19.745  -32.539  43.506 0.0000000000
47011  20.514  -30.692  45.815 0.0000000000
121794  19.749  -33.276  44.568 0.0000000000
116402  19.751  -34.157  45.821 0.0000000000
48925  27.349  -28.370  46.270 0.0000000000
49854  26.429  -28.278  45.288 0.0000000000
48933  24.928  -28.340  44.610 0.0000000000
48940  23.432  -28.388  44.087 0.0000000000
49858  22.297  -27.315  45.057 0.0000000000
49872  21.665  -27.642  43.639 0.0000000000
49884  19.989  -27.487  43.037 0.0000000000
48957  19.256  -28.125  41.954 0.0000000000
61457  39.918  -15.082  25.612 0.0000000000
61487  39.405  -15.287  24.373 0.0000000000
61503  37.925  -15.220  23.893 0.0000000000
61476  36.835  -15.100  25.373 0.0000000000
61504  37.173  -14.993  24.107 0.0000000000
62539  37.281  -14.035  23.093 0.0000000000
45087  17.930  -32.961  40.138 0.0000000000
44098  16.946  -33.966  40.152 0.0000000000
42150  15.833  -35.077  40.249 0.0000000000
43130  16.788  -34.815  42.552 0.0000000000
42133  15.943  -34.904  41.234 0.0000000000
42151  14.977  -35.686  40.304 0.0000000000
41109  13.745  -36.686  40.283 0.0000000000
40055  12.840  -37.553  40.386 0.0000000000
38860  15.790  -37.669  45.281 0.0000000000
39991  14.581  -37.677  44.465 0.0000000000
37736  13.172  -38.334  45.320 0.0000000000
38892  12.918  -37.787  43.840 0.0000000000
37771  12.288  -38.093  43.420 0.0000000000
35209  7.633  -40.774  53.152 0.0000000000
55592  29.874  -21.252  32.061 0.0000000000
55575  26.066  -20.845  34.204 0.0000000000
54608  27.564  -22.789  34.652 0.0000000000
53597  28.176  -23.991  34.868 0.0000000000
51709  28.329  -25.297  35.076 0.0000000000
52654  28.551  -24.762  37.220 0.0000000000
50833  29.027  -25.772  36.482 0.0000000000
49955  28.390  -27.307  35.733 0.0000000000
49015  28.379  -28.559  36.701 0.0000000000
48061  29.102  -29.663  36.682 0.0000000000
47082  30.602  -30.167  37.285 0.0000000000
47051  30.788  -30.000  39.160 0.0000000000
47081  31.330  -30.608  37.653 0.0000000000
46075  31.946  -31.125  37.072 0.0000000000
45108  32.765  -32.688  37.658 0.0000000000
42203  32.510  -34.587  37.131 0.0000000000
47976  33.600  -29.404  43.887 0.0000000000
45979  28.555  -30.548  46.253 0.0000000000
45994  28.840  -31.188  46.369 0.0000000000
45016  29.908  -31.935  46.015 0.0000000000
44067  27.662  -32.317  43.265 0.0000000000
44047  29.853  -32.687  44.805 0.0000000000
45014  31.490  -32.038  45.464 0.0000000000
45033  32.471  -31.771  44.855 0.0000000000
47020  33.347  -30.765  43.929 0.0000000000
47027  33.397  -30.735  42.735 0.0000000000
45070  33.483  -32.258  41.782 0.0000000000
45084  33.554  -32.866  41.334 0.0000000000
117195  33.056  -34.232  40.352 0.0000000000
42164  29.974  -34.786  39.588 0.0000000000
42162  31.212  -34.916  39.711 0.0000000000
119404  31.749  -34.805  39.530 0.0000000000
42205  31.402  -35.286  37.615 0.0000000000
55612  28.707  -20.906  30.873 0.0000000000
56620  27.059  -19.945  30.243 0.0000000000
55653  25.911  -20.793  28.584 0.0000000000
127686  24.870  -21.773  31.534 0.0000000000
55633  24.044  -21.752  30.026 0.0000000000
55679  24.469  -21.840  28.285 0.0000000000
70882  42.834  -5.218  19.336 0.0000000000
54639  30.836  -21.407  31.767 0.0000000000
55610  30.391  -21.526  31.807 0.0000000000
54638  31.535  -21.430  31.920 0.0000000000
47055  19.227  -30.778  38.971 0.0000000000
46056  18.114  -32.084  38.897 0.0000000000
47044  19.461  -30.000  40.311 0.0000000000
48018  19.374  -29.154  39.601 0.0000000000
47054  19.435  -30.167  39.463 0.0000000000
62475  31.313  -13.890  26.533 0.0000000000
61449  31.001  -14.857  27.806 0.0000000000
61438  31.920  -14.859  28.758 0.0000000000
62463  32.557  -13.867  27.494 0.0000000000
35237  10.596  -40.379  49.707 0.0000000000
34084  9.755  -40.639  49.690 0.0000000000
48954  32.124  -28.250  42.293 0.0000000000
49882  31.840  -27.630  42.058 0.0000000000
48960  32.316  -28.885  42.047 0.0000000000
47983  33.016  -29.395  42.517 0.0000000000
47937  27.854  -29.046  47.884 0.0000000000
46093  24.921  -32.030  36.587 0.0000000000
46076  24.946  -32.199  37.386 0.0000000000
45122  25.555  -32.378  36.067 0.0000000000
50847  27.885  -26.446  34.346 0.0000000000
69136  43.700  -6.489  22.077 0.0000000000
70001  44.458  -6.195  21.890 0.0000000000
70006  44.391  -5.838  21.156 0.0000000000
58553  32.190  -19.027  28.931 0.0000000000
58574  31.313  -18.915  28.427 0.0000000000
57564  31.283  -19.601  29.014 0.0000000000
55677  27.223  -21.078  28.235 0.0000000000
117446  27.670  -21.117  27.964 0.0000000000
55678  25.891  -21.092  27.700 0.0000000000
57552  32.613  -20.052  29.880 0.0000000000
126599  33.579  -19.108  30.073 0.0000000000
57562  32.846  -19.336  29.577 0.0000000000
137484  32.731  -18.782  29.275 0.0000000000
129572  15.667  -34.805  38.581 0.0000000000
42192  15.101  -35.027  37.902 0.0000000000
42193  14.607  -35.663  38.345 0.0000000000
120287  14.168  -36.259  38.832 0.0000000000
42152  14.824  -35.766  39.328 0.0000000000
47971  22.867  -28.944  43.790 0.0000000000
47977  23.374  -29.717  43.553 0.0000000000
47978  22.757  -29.275  43.334 0.0000000000
123920  20.945  -28.036  37.994 0.0000000000
48049  21.648  -28.318  37.424 0.0000000000
49029  22.076  -28.577  35.853 0.0000000000
46092  31.034  -30.928  35.868 0.0000000000
62538  38.777  -13.945  22.915 0.0000000000
62537  39.639  -14.094  22.765 0.0000000000
68230  39.457  -8.329  22.164 0.0000000000
48934  19.457  -28.291  45.277 0.0000000000
131360  19.418  -28.774  44.724 0.0000000000
49861  19.813  -27.823  45.529 0.0000000000
63451  37.586  -12.953  28.292 0.0000000000
62443  38.042  -13.965  27.549 0.0000000000
62457  38.358  -14.773  27.073 0.0000000000
62458  37.596  -14.706  27.017 0.0000000000
45059  19.296  -33.008  43.095 0.0000000000
44077  18.591  -33.491  42.685 0.0000000000
41066  14.683  -36.653  43.461 0.0000000000
41076  15.043  -36.163  43.005 0.0000000000
138682  14.014  -36.786  43.223 0.0000000000
40022  13.697  -36.768  42.511 0.0000000000
38910  13.399  -37.243  43.344 0.0000000000
36472  14.541  -39.065  47.543 0.0000000000
49898  29.768  -27.321  39.281 0.0000000000
50811  29.985  -26.477  38.690 0.0000000000
49910  29.502  -27.212  38.486 0.0000000000
48987  28.702  -28.706  38.566 0.0000000000
137141  29.009  -28.687  39.263 0.0000000000
119320  33.173  -32.467  39.518 0.0000000000
46060  33.054  -32.117  38.982 0.0000000000
116790  33.253  -32.841  39.296 0.0000000000
44117  33.100  -33.391  39.016 0.0000000000
45056  25.584  -30.959  42.944 0.0000000000
123552  26.663  -31.335  43.147 0.0000000000
45063  26.207  -31.349  42.316 0.0000000000
42126  29.297  -33.778  41.330 0.0000000000
118458  29.442  -33.750  41.871 0.0000000000
43124  29.934  -33.852  42.116 0.0000000000
43123  30.670  -34.077  42.206 0.0000000000
43135  30.484  -34.347  41.605 0.0000000000
135224  31.105  -34.731  41.451 0.0000000000
42125  29.996  -34.185  41.352 0.0000000000
56598  25.820  -19.722  32.615 0.0000000000
55649  31.278  -20.360  30.223 0.0000000000
56634  30.464  -20.338  29.627 0.0000000000
54672  30.538  -20.671  30.249 0.0000000000
54655  29.304  -21.382  30.065 0.0000000000
54675  28.825  -21.187  29.615 0.0000000000
54696  28.568  -21.089  29.198 0.0000000000
55589  34.819  -21.419  32.292 0.0000000000
55628  32.162  -20.617  30.706 0.0000000000
56619  32.734  -20.562  30.367 0.0000000000
44124  17.103  -33.260  38.785 0.0000000000
45104  16.871  -33.049  37.838 0.0000000000
44110  16.738  -33.877  39.242 0.0000000000
49883  20.533  -27.620  42.004 0.0000000000
49889  20.423  -27.565  41.126 0.0000000000
124731  19.467  -28.362  39.039 0.0000000000
49900  20.018  -27.576  39.624 0.0000000000
48990  19.713  -28.107  38.478 0.0000000000
48989  20.160  -27.896  38.374 0.0000000000
48050  19.410  -28.801  37.171 0.0000000000
46079  18.473  -31.292  37.503 0.0000000000
62423  34.344  -14.126  30.262 0.0000000000
62446  34.020  -13.653  28.429 0.0000000000
63442  34.611  -13.382  28.790 0.0000000000
118760  34.905  -13.543  27.933 0.0000000000
62460  35.343  -13.966  27.144 0.0000000000
117268  33.489  -13.742  26.070 0.0000000000
43106  19.127  -34.613  45.402 0.0000000000
43110  18.748  -34.626  44.779 0.0000000000
41057  17.139  -36.267  44.904 0.0000000000
137466  15.758  -36.691  44.078 0.0000000000
35242  13.397  -39.487  49.154 0.0000000000
35251  13.190  -38.989  48.052 0.0000000000
34098  10.776  -40.275  47.947 0.0000000000
35253  11.648  -40.079  47.391 0.0000000000
34107  10.978  -40.526  47.115 0.0000000000
129739  10.330  -41.002  47.033 0.0000000000
34100  9.398  -41.367  48.463 0.0000000000
34109  9.074  -41.710  47.615 0.0000000000
35221  8.289  -41.153  51.279 0.0000000000
50806  30.964  -26.750  41.073 0.0000000000
49888  30.529  -27.606  40.741 0.0000000000
49897  30.073  -27.406  40.058 0.0000000000
48968  30.284  -28.511  40.563 0.0000000000
48967  31.030  -28.893  41.030 0.0000000000
47033  33.049  -30.477  41.419 0.0000000000
46040  33.081  -31.586  40.223 0.0000000000
46039  33.492  -31.958  40.811 0.0000000000
45093  24.753  -32.207  39.518 0.0000000000
45102  24.864  -32.332  38.782 0.0000000000
45101  25.699  -32.875  38.085 0.0000000000
45092  25.912  -32.958  38.790 0.0000000000
127102  26.491  -33.225  38.957 0.0000000000
44103  26.996  -33.373  39.633 0.0000000000
44118  26.985  -33.641  38.674 0.0000000000
117084  27.510  -33.785  39.215 0.0000000000
127383  27.204  -23.011  33.565 0.0000000000
53622  26.800  -23.411  32.966 0.0000000000
52690  27.227  -24.311  32.966 0.0000000000
51728  26.820  -25.828  32.706 0.0000000000
52696  26.790  -24.939  32.295 0.0000000000
51738  26.273  -25.806  31.927 0.0000000000
70887  44.265  -4.691  18.961 0.0000000000
60492  31.657  -16.507  29.210 0.0000000000
59589  31.430  -17.284  28.639 0.0000000000
58598  30.259  -18.105  27.466 0.0000000000
58599  29.490  -18.059  26.933 0.0000000000
58600  28.895  -18.825  26.757 0.0000000000
56649  30.018  -20.266  28.510 0.0000000000
56663  27.194  -20.712  27.283 0.0000000000
56662  28.634  -20.421  27.420 0.0000000000
56670  27.692  -20.056  26.632 0.0000000000
57527  35.089  -19.937  31.614 0.0000000000
57514  35.780  -19.721  32.255 0.0000000000
58535  34.473  -18.323  30.716 0.0000000000
58522  35.054  -18.356  31.293 0.0000000000
59559  34.629  -17.565  31.152 0.0000000000
60477  34.124  -16.757  31.146 0.0000000000
60483  32.907  -16.768  30.125 0.0000000000
60484  32.229  -16.646  29.699 0.0000000000
47962  26.276  -29.751  44.628 0.0000000000
47955  27.352  -29.672  44.747 0.0000000000
136452  25.585  -30.192  44.260 0.0000000000
47021  23.838  -30.400  43.362 0.0000000000
116635  24.274  -30.845  43.159 0.0000000000
116937  24.997  -30.638  43.255 0.0000000000
47991  21.741  -28.492  40.924 0.0000000000
134195  22.114  -29.102  42.141 0.0000000000
47043  22.881  -30.072  39.810 0.0000000000
46043  22.948  -30.318  40.608 0.0000000000
136535  23.347  -30.745  40.774 0.0000000000
47042  23.375  -30.625  40.116 0.0000000000
46053  23.960  -31.077  39.591 0.0000000000
47052  23.503  -30.415  39.303 0.0000000000
47084  23.630  -30.320  37.651 0.0000000000
119046  23.448  -30.324  36.757 0.0000000000
133811  23.831  -30.794  36.303 0.0000000000
47107  23.421  -30.335  35.934 0.0000000000
125740  19.295  -28.923  35.483 0.0000000000
48080  18.890  -29.476  34.892 0.0000000000
61486  40.684  -14.564  24.644 0.0000000000
64447  40.783  -13.145  22.619 0.0000000000
63491  41.346  -13.697  23.020 0.0000000000
64460  41.329  -12.327  22.628 0.0000000000
122539  42.585  -12.007  23.095 0.0000000000
136000  38.191  -11.918  22.095 0.0000000000
123620  38.728  -12.262  22.401 0.0000000000
128577  40.128  -9.788  22.767 0.0000000000
66375  39.709  -10.462  22.478 0.0000000000
66364  41.421  -10.644  22.951 0.0000000000
67313  42.289  -9.703  23.776 0.0000000000
67319  41.745  -9.068  23.608 0.0000000000
69130  41.375  -7.483  22.607 0.0000000000
115783  41.533  -6.731  21.761 0.0000000000
47985  19.342  -28.997  41.910 0.0000000000
128433  19.623  -30.274  41.319 0.0000000000
47030  19.679  -30.189  42.197 0.0000000000
47023  20.268  -31.001  43.608 0.0000000000
47024  19.857  -30.517  42.946 0.0000000000
45057  20.105  -31.873  43.551 0.0000000000
45050  20.352  -31.593  44.291 0.0000000000
47956  20.038  -29.790  46.384 0.0000000000
132158  20.802  -31.413  46.316 0.0000000000
45041  20.126  -32.828  44.895 0.0000000000
44051  20.363  -32.726  45.505 0.0000000000
44052  19.958  -33.398  45.267 0.0000000000
48926  27.069  -28.842  45.677 0.0000000000
49864  23.983  -27.945  44.467 0.0000000000
116067  21.323  -27.340  44.948 0.0000000000
49866  21.549  -27.406  44.327 0.0000000000
49865  22.237  -27.556  44.240 0.0000000000
49873  20.745  -27.527  42.991 0.0000000000
49874  20.264  -27.449  43.720 0.0000000000
48947  19.330  -28.288  43.334 0.0000000000
49885  19.564  -27.811  42.529 0.0000000000
133349  19.287  -28.373  42.569 0.0000000000
60509  29.693  -15.891  26.756 0.0000000000
61459  38.224  -15.505  25.945 0.0000000000
61474  38.644  -15.545  25.266 0.0000000000
61488  38.630  -15.451  24.355 0.0000000000
61502  38.652  -15.173  23.670 0.0000000000
61462  36.046  -14.458  26.112 0.0000000000
61461  36.758  -14.905  26.037 0.0000000000
61477  36.112  -14.704  25.535 0.0000000000
122597  35.650  -14.258  23.744 0.0000000000
62523  36.360  -14.694  24.277 0.0000000000
114887  36.443  -14.384  23.714 0.0000000000
62522  37.261  -14.653  23.638 0.0000000000
62540  36.449  -13.960  23.100 0.0000000000
46033  19.289  -31.936  40.994 0.0000000000
45086  18.574  -32.461  40.579 0.0000000000
44097  17.532  -33.544  40.552 0.0000000000
43157  16.480  -34.470  40.684 0.0000000000
43119  17.504  -34.552  42.960 0.0000000000
42108  16.227  -35.373  42.963 0.0000000000
41091  14.775  -35.901  42.220 0.0000000000
42134  15.266  -35.291  41.778 0.0000000000
122141  15.298  -35.274  40.946 0.0000000000
41108  14.207  -36.188  40.797 0.0000000000
40039  13.111  -37.339  41.341 0.0000000000
38948  12.370  -38.074  41.075 0.0000000000
38932  11.624  -38.757  41.073 0.0000000000
37717  14.697  -38.807  46.345 0.0000000000
38861  15.284  -38.402  45.767 0.0000000000
38874  14.934  -38.104  45.053 0.0000000000
38875  13.977  -38.270  44.944 0.0000000000
36491  13.126  -39.358  46.889 0.0000000000
36509  12.801  -39.081  46.432 0.0000000000
37755  13.094  -38.057  44.617 0.0000000000
37756  12.485  -38.204  44.136 0.0000000000
37738  11.979  -38.628  43.819 0.0000000000
35214  7.992  -40.795  52.390 0.0000000000
35205  6.909  -40.950  53.949 0.0000000000
135557  26.758  -19.447  33.886 0.0000000000
55559  26.303  -21.007  34.949 0.0000000000
131962  26.489  -21.535  34.313 0.0000000000
54609  26.991  -21.946  34.795 0.0000000000
52673  28.301  -24.712  35.258 0.0000000000
136677  28.476  -25.124  35.482 0.0000000000
50821  29.255  -26.554  37.081 0.0000000000
50834  28.816  -26.523  36.152 0.0000000000
49027  28.206  -28.219  35.954 0.0000000000
48046  29.042  -29.521  37.448 0.0000000000
47083  29.810  -29.895  36.957 0.0000000000
46061  32.601  -31.761  38.528 0.0000000000
46062  31.945  -31.249  38.069 0.0000000000
46074  32.433  -31.793  37.564 0.0000000000
45109  32.743  -32.343  37.080 0.0000000000
43192  32.641  -33.837  37.883 0.0000000000
46999  28.336  -29.894  44.960 0.0000000000
45980  28.474  -30.119  45.803 0.0000000000
45995  28.567  -30.573  45.254 0.0000000000
45037  28.301  -31.544  44.952 0.0000000000
119866  28.573  -31.364  45.589 0.0000000000
45036  28.594  -31.864  45.381 0.0000000000
45993  29.530  -31.337  46.388 0.0000000000
120529  29.347  -32.214  45.490 0.0000000000
44076  26.949  -31.969  41.776 0.0000000000
132050  27.450  -32.194  42.878 0.0000000000
44075  27.524  -32.310  42.408 0.0000000000
44065  29.338  -33.167  43.284 0.0000000000
44057  29.538  -32.912  43.975 0.0000000000
136360  30.272  -32.988  44.250 0.0000000000
120383  30.318  -32.413  45.378 0.0000000000
122578  31.242  -32.774  44.654 0.0000000000
45013  31.996  -31.824  45.321 0.0000000000
44045  31.753  -32.649  44.508 0.0000000000
44063  32.288  -33.303  43.202 0.0000000000
45032  32.777  -32.022  44.142 0.0000000000
45053  32.972  -32.193  43.343 0.0000000000
126698  33.472  -30.522  43.443 0.0000000000
136222  33.175  -31.684  43.010 0.0000000000
46023  33.346  -31.541  42.355 0.0000000000
45062  33.233  -32.265  42.558 0.0000000000
43134  32.028  -34.820  41.499 0.0000000000
44080  33.276  -33.844  41.631 0.0000000000
43147  33.161  -34.322  41.020 0.0000000000
44092  33.448  -33.423  40.699 0.0000000000
43148  32.487  -34.857  40.826 0.0000000000
115890  28.388  -34.409  38.598 0.0000000000
137056  28.848  -34.719  38.606 0.0000000000
42206  30.160  -35.136  37.816 0.0000000000
42185  30.374  -35.051  38.784 0.0000000000
42184  30.870  -34.992  38.957 0.0000000000
132129  31.307  -34.878  39.086 0.0000000000
42183  31.707  -34.768  38.704 0.0000000000
56597  29.138  -19.879  32.306 0.0000000000
56609  29.265  -20.672  31.723 0.0000000000
56610  28.551  -19.801  31.624 0.0000000000
129712  26.200  -19.592  30.625 0.0000000000
56635  26.289  -20.317  29.610 0.0000000000
53632  25.433  -22.435  32.127 0.0000000000
135771  25.464  -23.098  31.787 0.0000000000
52722  24.353  -23.649  30.095 0.0000000000
54656  24.293  -22.627  30.504 0.0000000000
54657  23.947  -22.597  29.618 0.0000000000
55655  24.037  -21.739  29.142 0.0000000000
54677  24.024  -22.560  28.655 0.0000000000
71775  47.877  -4.060  17.967 0.0000000000
120702  47.485  -3.639  17.359 0.0000000000
72685  47.959  -3.228  16.771 0.0000000000
70011  43.096  -5.526  20.256 0.0000000000
70012  42.190  -5.555  19.525 0.0000000000
54653  31.102  -20.797  30.909 0.0000000000
54654  30.531  -21.167  30.878 0.0000000000
55629  29.319  -21.457  30.513 0.0000000000
131090  31.703  -21.042  31.445 0.0000000000
46067  17.918  -31.907  37.974 0.0000000000
119792  19.394  -27.854  40.851 0.0000000000
49894  19.744  -27.640  40.939 0.0000000000
48978  19.386  -28.233  39.851 0.0000000000
47086  19.237  -29.661  37.594 0.0000000000
47069  19.063  -30.624  38.040 0.0000000000
62474  32.343  -13.633  26.539 0.0000000000
61430  32.769  -14.932  29.754 0.0000000000
61429  33.549  -14.529  29.995 0.0000000000
62433  33.278  -14.029  29.168 0.0000000000
138453  33.835  -13.828  27.643 0.0000000000
62462  33.536  -13.805  27.487 0.0000000000
42082  18.684  -35.526  46.426 0.0000000000
42083  18.078  -36.002  45.964 0.0000000000
34099  10.211  -40.674  48.501 0.0000000000
34093  9.203  -41.287  49.187 0.0000000000
35228  9.512  -40.675  50.360 0.0000000000
50805  31.628  -26.701  41.758 0.0000000000
47989  31.911  -29.200  41.360 0.0000000000
47988  32.708  -29.652  41.733 0.0000000000
45111  25.531  -32.628  37.427 0.0000000000
45110  26.012  -33.036  37.461 0.0000000000
45121  26.018  -32.829  36.621 0.0000000000
52689  27.711  -24.497  33.668 0.0000000000
51720  27.344  -25.904  33.385 0.0000000000
132263  43.451  -7.363  23.259 0.0000000000
69120  44.116  -7.494  23.683 0.0000000000
70871  46.572  -5.452  20.368 0.0000000000
70872  45.751  -5.657  20.754 0.0000000000
70873  44.997  -5.625  20.546 0.0000000000
70881  43.695  -5.127  19.613 0.0000000000
124009  31.908  -18.181  28.530 0.0000000000
118493  30.633  -18.937  27.827 0.0000000000
55693  28.860  -20.811  28.333 0.0000000000
57550  33.950  -19.677  30.581 0.0000000000
124924  34.657  -19.216  31.057 0.0000000000
135433  34.142  -18.927  30.505 0.0000000000
58536  33.956  -18.313  30.096 0.0000000000
59569  33.517  -17.589  29.958 0.0000000000
41145  13.529  -36.768  38.300 0.0000000000
47969  24.568  -29.923  44.045 0.0000000000
47015  24.141  -30.151  43.728 0.0000000000
48977  21.245  -27.980  39.565 0.0000000000
48017  21.830  -28.511  39.103 0.0000000000
48030  22.534  -29.081  38.620 0.0000000000
47067  23.061  -29.675  38.137 0.0000000000
48063  22.623  -29.163  35.959 0.0000000000
48078  22.483  -29.082  35.176 0.0000000000
49038  21.795  -28.513  34.990 0.0000000000
47105  29.667  -30.044  36.133 0.0000000000
62519  39.821  -14.672  23.098 0.0000000000
62517  41.014  -14.282  23.573 0.0000000000
63492  40.083  -13.521  22.580 0.0000000000
63501  40.067  -12.872  22.499 0.0000000000
67322  38.521  -9.723  21.591 0.0000000000
67320  40.156  -8.858  22.851 0.0000000000
68237  39.744  -7.523  21.718 0.0000000000
47973  19.295  -28.948  43.969 0.0000000000
47972  19.820  -29.626  44.685 0.0000000000
49868  19.864  -27.730  44.590 0.0000000000
61445  38.670  -15.148  26.509 0.0000000000
61460  37.469  -15.340  25.920 0.0000000000
45075  18.777  -32.606  41.417 0.0000000000
44084  18.325  -33.274  41.823 0.0000000000
43140  17.341  -34.135  41.680 0.0000000000
42109  15.751  -35.970  43.279 0.0000000000
41092  14.065  -36.311  41.794 0.0000000000
40023  13.145  -37.277  42.339 0.0000000000
37704  14.980  -39.068  47.065 0.0000000000
35278  12.031  -39.990  46.344 0.0000000000
36510  12.262  -39.336  46.089 0.0000000000
36525  11.901  -38.965  45.215 0.0000000000
36541  11.684  -39.098  44.228 0.0000000000
54594  27.381  -22.510  35.440 0.0000000000
54583  27.013  -22.283  36.421 0.0000000000
53586  27.625  -23.262  36.062 0.0000000000
51675  30.339  -25.916  40.062 0.0000000000
51676  30.036  -25.681  39.184 0.0000000000
51678  29.744  -25.861  38.213 0.0000000000
51682  29.501  -25.983  37.451 0.0000000000
49927  29.310  -27.080  37.789 0.0000000000
49928  28.826  -27.601  37.449 0.0000000000
122591  28.523  -28.214  37.188 0.0000000000
49002  28.582  -28.422  37.777 0.0000000000
48029  29.008  -29.387  38.310 0.0000000000
47049  32.505  -30.955  39.802 0.0000000000
46051  32.803  -31.635  39.353 0.0000000000
116769  32.971  -32.854  38.537 0.0000000000
121167  32.736  -33.332  38.390 0.0000000000
42182  32.201  -34.429  38.249 0.0000000000
46014  26.090  -30.718  43.551 0.0000000000
45039  27.274  -30.879  43.815 0.0000000000
45048  26.762  -31.163  43.443 0.0000000000
44050  27.943  -31.899  44.374 0.0000000000
44081  28.077  -32.923  41.320 0.0000000000
44074  28.042  -32.838  42.222 0.0000000000
43136  28.698  -33.415  41.929 0.0000000000
116117  29.554  -33.456  42.786 0.0000000000
43109  30.347  -33.265  43.652 0.0000000000
44055  31.382  -33.069  44.017 0.0000000000
43108  30.971  -33.404  43.509 0.0000000000
43113  31.214  -33.836  42.857 0.0000000000
43112  32.054  -33.947  42.756 0.0000000000
44073  32.829  -33.642  42.491 0.0000000000
135765  31.033  -34.939  40.862 0.0000000000
43193  29.345  -34.817  37.496 0.0000000000
118459  30.694  -35.361  36.938 0.0000000000
120205  29.951  -34.942  36.785 0.0000000000
57529  27.715  -18.981  31.922 0.0000000000
56611  26.007  -19.443  31.584 0.0000000000
56612  25.360  -20.052  31.248 0.0000000000
52721  24.943  -24.247  30.775 0.0000000000
135377  46.536  -4.705  18.624 0.0000000000
71767  47.252  -4.537  18.468 0.0000000000
56633  31.190  -20.063  29.634 0.0000000000
55674  29.851  -20.548  29.165 0.0000000000
55651  29.529  -20.861  29.565 0.0000000000
55675  29.085  -20.927  29.102 0.0000000000
54697  27.821  -21.177  28.714 0.0000000000
56607  34.662  -20.794  31.698 0.0000000000
56608  34.066  -21.007  31.282 0.0000000000
55608  33.375  -21.548  31.355 0.0000000000
56618  33.536  -20.624  30.778 0.0000000000
44137  16.256  -33.425  37.263 0.0000000000
43173  15.876  -34.948  39.291 0.0000000000
48946  21.499  -27.933  42.963 0.0000000000
48955  21.806  -28.513  42.567 0.0000000000
48969  21.078  -27.779  40.406 0.0000000000
129625  20.206  -27.528  40.282 0.0000000000
49899  20.584  -27.640  39.629 0.0000000000
48988  20.921  -27.866  38.821 0.0000000000
49003  20.474  -28.045  37.258 0.0000000000
49018  20.415  -28.085  36.238 0.0000000000
49004  19.762  -28.253  36.751 0.0000000000
48064  19.295  -28.838  36.300 0.0000000000
63503  38.347  -13.126  22.657 0.0000000000
47957  19.480  -28.834  46.213 0.0000000000
48920  19.805  -28.369  46.928 0.0000000000
62422  35.505  -14.254  31.293 0.0000000000
63430  35.949  -13.297  30.529 0.0000000000
62431  34.997  -13.379  29.653 0.0000000000
63452  36.499  -12.850  28.557 0.0000000000
62459  36.858  -14.426  27.001 0.0000000000
62488  35.306  -14.275  25.910 0.0000000000
62473  34.306  -13.991  26.584 0.0000000000
116052  34.426  -14.091  24.873 0.0000000000
44071  18.214  -34.161  43.126 0.0000000000
43118  18.373  -34.501  43.931 0.0000000000
116874  17.661  -34.917  43.768 0.0000000000
42098  17.204  -35.633  44.279 0.0000000000
42091  17.740  -35.787  45.150 0.0000000000
42099  16.429  -35.798  43.690 0.0000000000
41064  15.990  -36.301  43.788 0.0000000000
40001  15.153  -37.104  44.061 0.0000000000
35262  12.906  -39.716  47.089 0.0000000000
35263  12.343  -40.143  46.860 0.0000000000
35279  11.171  -40.203  46.002 0.0000000000
34120  9.731  -41.212  46.292 0.0000000000
51672  30.596  -25.940  40.847 0.0000000000
49893  29.545  -28.287  39.875 0.0000000000
48014  29.391  -29.124  39.597 0.0000000000
48001  29.846  -29.012  40.151 0.0000000000
48012  31.043  -29.917  40.018 0.0000000000
47999  31.435  -29.611  40.732 0.0000000000
47041  31.948  -30.319  40.302 0.0000000000
45091  33.330  -32.768  40.046 0.0000000000
45072  24.946  -31.584  41.391 0.0000000000
45071  25.616  -32.097  41.140 0.0000000000
44083  26.361  -32.365  41.038 0.0000000000
44105  25.430  -32.563  39.424 0.0000000000
44094  26.656  -32.811  40.355 0.0000000000
44093  27.523  -33.070  40.453 0.0000000000
43151  28.307  -33.457  40.551 0.0000000000
43150  29.030  -33.843  40.630 0.0000000000
42165  29.411  -34.354  40.075 0.0000000000
43164  28.620  -34.013  39.934 0.0000000000
132084  28.148  -34.118  39.253 0.0000000000
119971  28.074  -34.240  37.785 0.0000000000
44130  27.233  -33.824  37.627 0.0000000000
43195  27.947  -34.085  36.835 0.0000000000
115348  26.094  -21.474  33.646 0.0000000000
137400  26.133  -22.761  32.716 0.0000000000
53631  26.034  -23.440  32.204 0.0000000000
53639  26.213  -24.349  31.815 0.0000000000
70878  46.546  -5.210  19.693 0.0000000000
70885  46.180  -4.983  19.185 0.0000000000
71770  44.882  -4.438  18.246 0.0000000000
61439  31.278  -15.278  28.509 0.0000000000
60500  30.621  -15.810  28.154 0.0000000000
60501  30.103  -16.456  27.531 0.0000000000
59600  30.428  -17.359  27.683 0.0000000000
59601  29.828  -17.301  27.219 0.0000000000
57577  30.167  -19.790  27.872 0.0000000000
57594  29.351  -19.744  27.260 0.0000000000
57609  28.003  -19.085  26.394 0.0000000000
57537  35.389  -19.086  31.650 0.0000000000
58521  35.615  -18.314  31.830 0.0000000000
121006  35.096  -16.039  31.886 0.0000000000
61413  34.455  -15.765  31.400 0.0000000000
60478  33.491  -16.807  30.623 0.0000000000
61422  33.194  -15.697  30.423 0.0000000000
61431  32.056  -15.510  29.452 0.0000000000
134080  31.545  -15.660  29.005 0.0000000000
48919  27.577  -29.301  46.344 0.0000000000
47946  28.050  -29.555  46.094 0.0000000000
47000  27.226  -30.123  44.347 0.0000000000
47010  25.049  -30.156  44.138 0.0000000000
46008  25.503  -30.439  43.763 0.0000000000
131423  25.336  -30.575  43.453 0.0000000000
46019  24.796  -30.865  42.854 0.0000000000
45065  24.833  -31.091  42.158 0.0000000000
47984  22.433  -29.237  42.795 0.0000000000
47029  22.773  -30.017  42.130 0.0000000000
48002  22.427  -29.423  40.495 0.0000000000
47034  22.717  -29.930  41.201 0.0000000000
46025  23.469  -30.981  42.041 0.0000000000
45073  24.253  -31.216  41.773 0.0000000000
46029  24.360  -31.539  40.933 0.0000000000
46041  24.362  -31.714  40.028 0.0000000000
46052  24.394  -31.751  39.074 0.0000000000
47066  23.583  -30.216  38.506 0.0000000000
136498  23.942  -30.577  38.155 0.0000000000
46078  24.137  -31.013  37.806 0.0000000000
46094  24.386  -31.379  36.214 0.0000000000
49031  20.429  -28.248  35.373 0.0000000000
49032  19.824  -28.579  35.079 0.0000000000
49028  27.983  -27.904  35.327 0.0000000000
65393  42.723  -11.277  23.370 0.0000000000
64462  39.639  -12.266  22.474 0.0000000000
125471  39.298  -11.053  22.325 0.0000000000
65406  39.987  -11.388  22.510 0.0000000000
65405  40.977  -11.444  22.619 0.0000000000
66363  42.179  -10.611  23.368 0.0000000000
66362  42.786  -10.378  23.804 0.0000000000
128287  43.197  -8.162  23.887 0.0000000000
68228  41.100  -8.424  23.198 0.0000000000
68227  42.001  -7.986  23.315 0.0000000000
68226  42.775  -7.634  23.276 0.0000000000
116853  43.243  -6.944  22.673 0.0000000000
69137  43.058  -6.587  22.097 0.0000000000
70002  43.336  -6.235  21.565 0.0000000000
46032  19.657  -31.283  41.462 0.0000000000
46026  19.829  -31.236  42.265 0.0000000000
45066  19.706  -32.159  42.770 0.0000000000
44069  19.534  -33.143  43.875 0.0000000000
137802  19.626  -29.397  45.908 0.0000000000
47963  20.023  -29.822  45.533 0.0000000000
128298  20.310  -30.401  45.101 0.0000000000
47001  20.600  -30.689  46.739 0.0000000000
125131  20.510  -31.264  45.148 0.0000000000
45040  20.379  -32.165  44.965 0.0000000000
45051  20.038  -32.505  44.229 0.0000000000
44060  19.325  -33.679  44.256 0.0000000000
43105  19.422  -34.029  44.894 0.0000000000
43102  19.725  -34.543  46.574 0.0000000000
43103  19.222  -34.921  46.076 0.0000000000
48918  27.522  -28.796  47.217 0.0000000000
48931  26.613  -29.128  45.095 0.0000000000
48932  25.842  -28.812  44.803 0.0000000000
48939  24.336  -28.845  44.186 0.0000000000
48941  22.615  -27.978  43.841 0.0000000000
114811  23.021  -27.639  44.422 0.0000000000
137251  20.090  -27.492  42.464 0.0000000000
49891  19.441  -27.836  41.534 0.0000000000
48965  19.206  -28.272  41.178 0.0000000000
61456  40.798  -14.692  25.700 0.0000000000
120724  40.408  -14.747  25.190 0.0000000000
61444  39.585  -15.018  26.452 0.0000000000
61473  39.245  -15.399  24.993 0.0000000000
61501  39.434  -15.127  23.730 0.0000000000
62521  38.150  -14.645  23.377 0.0000000000
61447  37.233  -14.950  26.492 0.0000000000
118389  37.367  -15.330  25.105 0.0000000000
61491  36.172  -14.838  24.869 0.0000000000
61490  36.960  -15.106  24.652 0.0000000000
61489  37.680  -15.332  24.443 0.0000000000
46045  19.029  -31.747  40.191 0.0000000000
45094  18.350  -32.289  39.748 0.0000000000
45076  18.114  -33.098  40.980 0.0000000000
44109  17.339  -33.418  39.691 0.0000000000
43172  16.398  -34.490  39.730 0.0000000000
120511  15.401  -35.376  39.629 0.0000000000
43129  17.250  -34.405  42.199 0.0000000000
43141  16.700  -34.493  41.646 0.0000000000
42118  16.091  -35.057  42.126 0.0000000000
41126  14.298  -36.247  39.853 0.0000000000
40054  13.280  -37.168  39.843 0.0000000000
40038  13.637  -36.707  41.116 0.0000000000
115933  13.351  -37.095  40.599 0.0000000000
39990  15.283  -37.555  44.644 0.0000000000
36490  13.827  -38.977  47.169 0.0000000000
116238  13.440  -38.843  46.660 0.0000000000
37718  13.919  -38.649  46.226 0.0000000000
36508  13.244  -38.559  46.041 0.0000000000
122601  13.716  -38.428  45.649 0.0000000000
128506  13.704  -37.746  44.222 0.0000000000
132817  12.294  -38.073  42.650 0.0000000000
37772  11.813  -38.616  42.823 0.0000000000
38931  12.113  -38.404  41.937 0.0000000000
131883  8.769  -40.606  51.877 0.0000000000
131488  7.924  -41.098  51.874 0.0000000000
131861  7.310  -41.437  52.383 0.0000000000
57518  26.280  -19.500  33.242 0.0000000000
56587  25.808  -20.216  33.612 0.0000000000
54619  27.015  -22.361  34.039 0.0000000000
54618  27.627  -23.178  34.064 0.0000000000
138181  27.889  -23.445  34.579 0.0000000000
53611  27.920  -23.887  34.194 0.0000000000
52682  28.056  -24.717  34.507 0.0000000000
50846  28.058  -25.615  34.438 0.0000000000
50840  28.361  -26.095  34.949 0.0000000000
53573  28.001  -23.987  36.662 0.0000000000
130294  28.443  -24.654  36.389 0.0000000000
51683  29.112  -25.569  37.073 0.0000000000
124333  28.762  -25.184  36.621 0.0000000000
52664  28.613  -25.021  35.905 0.0000000000
51701  28.667  -25.710  35.630 0.0000000000
121905  28.518  -26.510  35.466 0.0000000000
135219  28.461  -28.786  37.291 0.0000000000
127186  28.572  -29.206  36.881 0.0000000000
47103  31.263  -30.662  36.716 0.0000000000
48028  29.754  -29.623  38.889 0.0000000000
47065  30.648  -30.057  38.222 0.0000000000
47064  31.389  -30.647  38.610 0.0000000000
46090  32.405  -31.765  36.563 0.0000000000
115452  33.006  -33.165  36.833 0.0000000000
115624  33.073  -33.935  36.668 0.0000000000
48952  33.219  -29.179  43.226 0.0000000000
126298  28.194  -29.799  46.568 0.0000000000
46983  28.429  -30.102  46.354 0.0000000000
46982  28.470  -30.346  46.643 0.0000000000
45018  28.560  -31.018  45.485 0.0000000000
45004  28.575  -31.072  46.038 0.0000000000
45977  29.206  -30.912  46.762 0.0000000000
46998  31.042  -30.921  46.470 0.0000000000
123971  27.027  -31.733  42.590 0.0000000000
44059  28.089  -32.336  43.935 0.0000000000
43117  28.235  -32.778  43.209 0.0000000000
44058  28.711  -32.507  44.272 0.0000000000
44048  28.983  -32.435  44.867 0.0000000000
45015  30.882  -32.014  45.750 0.0000000000
45991  31.461  -31.507  45.867 0.0000000000
45990  32.126  -31.217  45.659 0.0000000000
45047  32.235  -32.401  44.374 0.0000000000
46013  32.997  -31.258  44.446 0.0000000000
122242  33.320  -30.431  44.737 0.0000000000
114841  33.694  -30.137  43.979 0.0000000000
47982  33.548  -29.960  43.153 0.0000000000
47032  33.396  -31.024  41.885 0.0000000000
46028  33.484  -31.745  41.482 0.0000000000
115760  33.348  -33.017  42.141 0.0000000000
136932  33.608  -32.235  41.176 0.0000000000
130743  33.526  -32.532  40.692 0.0000000000
42144  30.107  -34.537  40.517 0.0000000000
42143  30.641  -34.832  40.370 0.0000000000
42142  31.154  -34.962  40.374 0.0000000000
42163  30.703  -34.918  39.657 0.0000000000
42141  31.770  -34.973  40.305 0.0000000000
43163  32.357  -34.632  39.987 0.0000000000
43162  32.789  -34.026  39.520 0.0000000000
42161  32.201  -34.469  39.131 0.0000000000
128097  31.713  -35.388  36.903 0.0000000000
55611  29.618  -21.452  31.266 0.0000000000
57539  27.668  -19.634  30.887 0.0000000000
118969  27.954  -20.538  30.242 0.0000000000
55631  27.602  -20.773  29.598 0.0000000000
55652  27.146  -20.995  29.025 0.0000000000
55594  25.156  -21.091  32.041 0.0000000000
55613  24.805  -20.902  31.070 0.0000000000
54641  24.923  -22.703  31.331 0.0000000000
117014  24.475  -21.766  30.834 0.0000000000
55632  24.552  -20.987  30.237 0.0000000000
56636  25.092  -20.615  29.463 0.0000000000
55654  24.724  -21.101  28.771 0.0000000000
125215  25.266  -21.266  28.027 0.0000000000
43114  30.517  -33.582  43.019 0.0000000000
43115  29.897  -33.372  43.232 0.0000000000
43125  29.151  -33.486  42.415 0.0000000000
43126  28.459  -33.087  42.630 0.0000000000
43133  32.769  -34.536  41.417 0.0000000000
44046  30.636  -32.803  44.766 0.0000000000
44064  31.629  -33.447  43.386 0.0000000000
44066  28.794  -32.811  43.599 0.0000000000
44082  27.201  -32.533  41.090 0.0000000000
45017  28.888  -31.569  46.008 0.0000000000
45019  28.271  -30.991  44.567 0.0000000000
45034  31.656  -32.364  45.051 0.0000000000
45035  31.100  -32.464  45.236 0.0000000000
45054  32.495  -32.666  43.673 0.0000000000
45055  26.354  -31.289  42.816 0.0000000000
45064  25.403  -31.031  42.464 0.0000000000
45978  28.725  -30.940  46.510 0.0000000000
45992  30.562  -31.495  46.216 0.0000000000
46007  26.560  -30.465  43.952 0.0000000000
46018  33.087  -31.473  43.680 0.0000000000
46020  24.532  -30.516  43.475 0.0000000000
46030  23.717  -31.069  41.248 0.0000000000
46063  25.103  -32.478  38.068 0.0000000000
46984  28.308  -29.719  45.929 0.0000000000
48970  19.293  -28.073  40.487 0.0000000000
49901  19.763  -27.806  39.183 0.0000000000
50854  27.410  -26.621  33.713 0.0000000000
51719  27.755  -25.288  33.830 0.0000000000
54652  31.668  -20.635  30.893 0.0000000000
57553  26.894  -19.408  30.704 0.0000000000
61471  41.003  -14.499  25.217 0.0000000000
61472  39.860  -15.001  24.796 0.0000000000
61500  40.005  -14.954  24.167 0.0000000000
62447  33.399  -13.824  28.144 0.0000000000
62518  40.231  -14.711  23.543 0.0000000000
64446  42.093  -12.492  22.871 0.0000000000
70007  43.663  -5.838  21.053 0.0000000000
70008  42.255  -5.876  20.486 0.0000000000
115077  33.285  -31.098  43.206 0.0000000000
116403  20.980  -27.393  43.792 0.0000000000
121402  27.863  -32.662  42.845 0.0000000000
121832  31.295  -35.045  38.357 0.0000000000
130357  24.383  -21.165  29.543 0.0000000000
133188  41.566  -13.011  22.773 0.0000000000
133432  27.404  -31.749  43.564 0.0000000000
134173  28.574  -30.681  45.845 0.0000000000
134409  45.648  -5.758  21.371 0.0000000000
135058  21.071  -28.291  34.925 0.0000000000
136085  30.397  -19.984  28.365 0.0000000000
136614  26.073  -21.051  28.030 0.0000000000
136690  32.035  -32.227  44.876 0.0000000000
137208  19.517  -27.944  39.535 0.0000000000
137627  27.965  -20.665  27.269 0.0000000000
137720  28.318  -30.010  46.791 0.0000000000
138038  27.818  -21.166  28.447 0.0000000000
