#!ascii label  , from subject sub-v1s12x0050109_ses-1 vox2ras=TkReg
914
84338  36.623  9.299  26.640 0.0000000000
85250  49.911  11.418  22.858 0.0000000000
85275  41.217  10.436  19.258 0.0000000000
82725  42.928  7.785  7.114 0.0000000000
81740  39.540  6.319  22.369 0.0000000000
86972  41.357  12.385  28.011 0.0000000000
84412  46.330  9.567  15.034 0.0000000000
88579  38.123  14.813  12.556 0.0000000000
84312  45.707  10.833  28.221 0.0000000000
83448  42.152  8.813  25.173 0.0000000000
81746  46.798  7.230  21.847 0.0000000000
87814  38.738  13.180  17.468 0.0000000000
87095  41.543  12.873  10.648 0.0000000000
86157  46.243  11.422  20.862 0.0000000000
87078  46.225  12.423  12.093 0.0000000000
89321  39.118  15.657  14.972 0.0000000000
84316  40.867  9.521  27.848 0.0000000000
84350  38.924  9.294  25.905 0.0000000000
81750  43.346  6.484  21.650 0.0000000000
87007  39.209  12.113  23.283 0.0000000000
129889  39.347  14.316  22.549 0.0000000000
85290  38.933  10.749  18.680 0.0000000000
86238  39.432  11.841  14.358 0.0000000000
85340  41.888  10.850  14.616 0.0000000000
84343  47.496  10.869  25.883 0.0000000000
86106  47.200  11.382  25.406 0.0000000000
122474  49.470  12.152  21.812 0.0000000000
84455  44.001  9.477  11.538 0.0000000000
85357  47.565  11.600  13.022 0.0000000000
84464  44.537  10.229  9.429 0.0000000000
128877  44.347  11.917  7.984 0.0000000000
83598  42.927  8.513  6.630 0.0000000000
80090  39.355  4.703  8.880 0.0000000000
83454  34.793  8.254  25.582 0.0000000000
83477  37.904  8.348  23.981 0.0000000000
86121  41.350  11.398  23.653 0.0000000000
83499  50.870  8.942  19.919 0.0000000000
84390  49.797  10.861  17.963 0.0000000000
83510  45.818  8.309  17.181 0.0000000000
82693  42.581  7.530  13.369 0.0000000000
85158  43.917  10.835  32.030 0.0000000000
116795  42.281  9.774  29.610 0.0000000000
84332  44.408  9.671  27.030 0.0000000000
84372  46.322  9.412  23.123 0.0000000000
122575  41.100  8.232  23.730 0.0000000000
134931  44.286  7.980  21.990 0.0000000000
83492  48.309  9.013  21.579 0.0000000000
81755  49.425  6.623  20.408 0.0000000000
82574  33.178  7.903  26.120 0.0000000000
120720  41.969  15.391  20.575 0.0000000000
88547  40.784  14.960  16.905 0.0000000000
87831  39.522  14.849  13.817 0.0000000000
88582  39.237  14.668  10.981 0.0000000000
86285  39.773  12.257  9.488 0.0000000000
86080  44.623  11.472  28.320 0.0000000000
86109  44.073  11.703  24.826 0.0000000000
85273  43.734  10.638  19.673 0.0000000000
86172  48.902  12.118  17.803 0.0000000000
86204  46.233  11.617  16.294 0.0000000000
85326  43.966  10.833  15.690 0.0000000000
87080  44.088  12.117  11.489 0.0000000000
86292  41.983  12.758  8.382 0.0000000000
135991  38.889  15.922  15.511 0.0000000000
89311  40.324  15.885  16.247 0.0000000000
84318  38.555  9.648  27.465 0.0000000000
84351  38.081  9.265  26.110 0.0000000000
85255  40.316  10.763  21.255 0.0000000000
86159  38.974  11.461  20.811 0.0000000000
85288  40.593  10.427  18.607 0.0000000000
118354  40.738  10.592  16.095 0.0000000000
85299  41.765  10.355  17.302 0.0000000000
135812  48.512  10.908  24.487 0.0000000000
86116  48.869  11.574  24.134 0.0000000000
86142  50.277  12.053  22.576 0.0000000000
135096  43.108  8.175  9.874 0.0000000000
84465  43.938  9.499  10.281 0.0000000000
83585  43.517  8.898  8.364 0.0000000000
84481  43.826  9.625  7.667 0.0000000000
82732  42.728  7.832  6.439 0.0000000000
81880  41.123  6.297  5.722 0.0000000000
125163  42.130  6.499  5.694 0.0000000000
138619  36.026  7.540  23.666 0.0000000000
86991  39.920  12.353  25.941 0.0000000000
86102  41.406  11.670  25.774 0.0000000000
82643  47.081  7.383  19.125 0.0000000000
83504  48.331  8.726  18.570 0.0000000000
82653  44.669  7.403  17.498 0.0000000000
81801  42.003  6.310  14.258 0.0000000000
81824  41.618  6.161  12.530 0.0000000000
81834  42.206  6.890  11.358 0.0000000000
84334  41.709  9.303  26.757 0.0000000000
84333  42.455  9.353  27.035 0.0000000000
116396  43.212  9.304  26.475 0.0000000000
132029  44.748  9.409  25.550 0.0000000000
83457  44.051  8.879  24.288 0.0000000000
82608  38.905  7.758  23.247 0.0000000000
83475  39.457  8.224  23.750 0.0000000000
82621  40.915  7.154  22.440 0.0000000000
81748  45.019  6.873  21.628 0.0000000000
136307  44.007  7.411  21.681 0.0000000000
82631  45.504  7.513  21.631 0.0000000000
83494  45.969  8.266  21.641 0.0000000000
82629  47.469  7.958  21.664 0.0000000000
83490  50.568  8.829  21.109 0.0000000000
82616  49.712  7.991  22.266 0.0000000000
116479  48.235  4.987  21.194 0.0000000000
87784  39.017  13.730  20.007 0.0000000000
88512  40.283  14.756  21.257 0.0000000000
133994  40.402  14.489  19.707 0.0000000000
88531  41.537  14.885  18.111 0.0000000000
88548  39.985  14.359  17.390 0.0000000000
88554  39.984  14.665  16.552 0.0000000000
87826  39.016  13.302  15.723 0.0000000000
87069  40.030  12.342  12.658 0.0000000000
87084  39.743  13.287  12.036 0.0000000000
87849  40.378  13.759  10.307 0.0000000000
88598  39.398  14.504  9.369 0.0000000000
88596  40.284  14.586  8.830 0.0000000000
85179  44.610  10.623  29.757 0.0000000000
86047  44.553  10.913  30.219 0.0000000000
86069  45.368  10.952  28.829 0.0000000000
86131  45.937  11.816  22.739 0.0000000000
86108  45.218  11.783  24.825 0.0000000000
86132  44.787  11.584  22.517 0.0000000000
86147  44.034  11.346  21.868 0.0000000000
123636  44.861  11.149  20.926 0.0000000000
84399  48.045  10.153  16.469 0.0000000000
85294  49.690  11.573  17.803 0.0000000000
84409  48.590  10.968  16.026 0.0000000000
87076  47.382  12.293  12.892 0.0000000000
87055  48.003  12.331  14.465 0.0000000000
86232  46.609  12.312  14.571 0.0000000000
86205  45.324  11.304  16.085 0.0000000000
86244  45.924  12.233  13.849 0.0000000000
116928  44.408  11.760  13.455 0.0000000000
87079  45.267  12.444  11.567 0.0000000000
84482  43.369  10.027  7.399 0.0000000000
86299  43.258  12.238  8.150 0.0000000000
84474  42.171  9.930  9.328 0.0000000000
85393  41.506  11.085  9.589 0.0000000000
86944  42.508  12.563  30.053 0.0000000000
118641  38.654  15.542  14.616 0.0000000000
89335  39.203  15.480  13.409 0.0000000000
84280  39.801  10.000  28.756 0.0000000000
84299  39.164  9.783  28.067 0.0000000000
132386  40.206  9.468  27.191 0.0000000000
83450  40.578  9.045  25.514 0.0000000000
80852  42.075  6.003  21.755 0.0000000000
87775  38.720  13.169  22.370 0.0000000000
87015  38.583  12.245  20.245 0.0000000000
87034  38.551  12.358  17.907 0.0000000000
87049  38.712  12.587  16.217 0.0000000000
86206  39.170  11.323  16.139 0.0000000000
85341  40.940  10.898  14.732 0.0000000000
86248  41.719  11.473  13.156 0.0000000000
85222  46.590  10.881  27.056 0.0000000000
85213  46.535  11.016  27.152 0.0000000000
85225  47.928  11.036  25.454 0.0000000000
86130  48.366  12.015  23.607 0.0000000000
128442  47.104  11.811  21.479 0.0000000000
84436  44.909  9.451  13.382 0.0000000000
85338  47.513  10.608  14.039 0.0000000000
84444  45.559  9.957  12.668 0.0000000000
85370  46.200  11.109  11.208 0.0000000000
86273  46.131  12.034  10.785 0.0000000000
87104  45.517  12.190  10.482 0.0000000000
85400  44.508  10.915  7.813 0.0000000000
84488  43.916  10.317  7.219 0.0000000000
82726  41.512  8.069  7.354 0.0000000000
80105  40.203  4.757  7.764 0.0000000000
134585  35.423  8.697  26.103 0.0000000000
83453  37.388  8.985  25.518 0.0000000000
124441  36.732  8.599  24.880 0.0000000000
82609  37.535  7.426  23.091 0.0000000000
81741  38.592  6.547  22.563 0.0000000000
87761  39.435  13.143  25.402 0.0000000000
86136  40.155  11.280  22.744 0.0000000000
85254  41.445  10.774  21.396 0.0000000000
84374  51.237  10.549  20.961 0.0000000000
86152  51.231  11.522  20.383 0.0000000000
84383  50.970  9.843  19.465 0.0000000000
83507  48.416  9.482  17.772 0.0000000000
120789  45.460  8.812  15.858 0.0000000000
81796  42.955  6.883  16.005 0.0000000000
82685  43.230  7.803  14.829 0.0000000000
83549  43.787  8.476  14.261 0.0000000000
83564  42.912  8.110  12.438 0.0000000000
123666  42.632  7.559  10.953 0.0000000000
81845  42.320  6.914  9.368 0.0000000000
81874  42.312  6.214  6.193 0.0000000000
84266  42.973  10.007  30.491 0.0000000000
84295  43.913  10.005  29.413 0.0000000000
84297  41.635  9.580  28.614 0.0000000000
84296  42.756  9.679  28.880 0.0000000000
116184  44.480  9.983  28.050 0.0000000000
84345  45.092  9.687  26.375 0.0000000000
84355  46.609  10.087  25.336 0.0000000000
84370  48.337  10.457  23.143 0.0000000000
83452  38.267  8.984  25.312 0.0000000000
123392  39.903  8.839  24.944 0.0000000000
83460  41.657  8.570  24.504 0.0000000000
82620  41.622  7.226  22.356 0.0000000000
83487  42.986  8.103  22.965 0.0000000000
83472  43.565  8.544  23.667 0.0000000000
83471  44.413  8.784  23.529 0.0000000000
84371  46.900  9.469  22.507 0.0000000000
84376  49.723  10.194  21.651 0.0000000000
129555  50.864  9.634  20.910 0.0000000000
82637  49.563  7.238  19.995 0.0000000000
81759  47.840  6.617  19.815 0.0000000000
81745  50.879  6.691  21.791 0.0000000000
118856  47.398  5.687  20.387 0.0000000000
83441  34.529  8.646  26.342 0.0000000000
83455  33.976  8.116  25.880 0.0000000000
81704  32.267  6.596  25.309 0.0000000000
89250  42.552  15.746  22.555 0.0000000000
128304  43.943  15.876  19.469 0.0000000000
88560  40.270  15.592  16.211 0.0000000000
124987  39.525  15.116  14.840 0.0000000000
89339  39.222  15.280  12.818 0.0000000000
127398  39.323  13.520  14.280 0.0000000000
87835  39.450  14.095  12.777 0.0000000000
88583  38.767  14.911  11.293 0.0000000000
86081  43.341  11.743  27.955 0.0000000000
86087  45.601  11.506  26.936 0.0000000000
119360  43.794  11.673  26.335 0.0000000000
86101  42.528  11.629  26.022 0.0000000000
86120  42.387  11.444  23.720 0.0000000000
85253  42.420  10.853  21.376 0.0000000000
129331  42.802  10.514  19.802 0.0000000000
134481  50.561  12.037  20.765 0.0000000000
86155  48.522  11.843  20.427 0.0000000000
86164  47.417  11.424  19.529 0.0000000000
86214  48.592  11.925  15.439 0.0000000000
86187  47.903  12.031  17.362 0.0000000000
85283  46.511  10.993  18.912 0.0000000000
128601  44.852  10.666  18.891 0.0000000000
119614  44.321  10.635  17.223 0.0000000000
85298  42.539  10.358  17.632 0.0000000000
119613  43.070  10.544  15.818 0.0000000000
86247  42.725  11.517  13.170 0.0000000000
87094  42.494  12.575  10.593 0.0000000000
137950  44.358  12.409  8.946 0.0000000000
87855  42.860  13.176  8.989 0.0000000000
87866  41.070  13.826  8.918 0.0000000000
86293  41.119  12.925  8.397 0.0000000000
80091  38.828  4.894  9.723 0.0000000000
120891  40.278  16.265  16.516 0.0000000000
90174  41.126  16.132  16.581 0.0000000000
84320  36.376  9.573  27.232 0.0000000000
121747  37.142  9.507  27.084 0.0000000000
84352  37.255  9.291  26.332 0.0000000000
122644  40.893  10.493  19.875 0.0000000000
85276  40.341  10.448  19.420 0.0000000000
116143  41.143  10.421  17.898 0.0000000000
134764  41.870  10.317  17.977 0.0000000000
85243  49.505  11.519  23.532 0.0000000000
85242  49.759  11.882  23.256 0.0000000000
85249  50.422  11.674  22.288 0.0000000000
82718  43.200  8.201  9.082 0.0000000000
130248  43.472  8.688  9.777 0.0000000000
82724  43.236  8.352  7.750 0.0000000000
82731  43.148  8.414  6.803 0.0000000000
82738  42.473  7.174  6.013 0.0000000000
81873  42.399  6.892  5.934 0.0000000000
86959  41.779  12.687  29.001 0.0000000000
86983  40.959  12.126  27.194 0.0000000000
86090  41.698  11.764  26.650 0.0000000000
81765  46.359  7.063  19.032 0.0000000000
82649  45.859  7.449  18.416 0.0000000000
81772  45.009  7.098  18.237 0.0000000000
80917  41.548  5.377  12.841 0.0000000000
80928  41.581  5.481  12.029 0.0000000000
81835  41.670  6.249  11.711 0.0000000000
87851  37.555  13.768  11.308 0.0000000000
84347  42.159  9.132  26.038 0.0000000000
84357  43.030  8.970  25.398 0.0000000000
84356  43.992  9.151  25.041 0.0000000000
83458  43.318  8.749  24.486 0.0000000000
82623  39.166  7.153  22.701 0.0000000000
82607  39.723  7.700  23.150 0.0000000000
82622  40.053  7.103  22.550 0.0000000000
81747  45.874  7.043  21.713 0.0000000000
82630  46.392  7.687  21.642 0.0000000000
136336  47.406  7.527  21.871 0.0000000000
82628  48.904  8.435  21.683 0.0000000000
82617  48.214  7.770  21.951 0.0000000000
87793  39.094  13.690  18.960 0.0000000000
88533  39.722  14.153  19.422 0.0000000000
88541  39.861  14.194  18.400 0.0000000000
87805  39.255  13.742  17.930 0.0000000000
87813  39.373  13.851  16.962 0.0000000000
87820  38.843  13.245  16.568 0.0000000000
115079  40.963  12.591  11.385 0.0000000000
87083  40.355  12.620  11.934 0.0000000000
134410  40.843  13.168  10.729 0.0000000000
87858  40.513  14.360  9.199 0.0000000000
87848  41.100  13.654  9.950 0.0000000000
85203  45.307  10.827  28.900 0.0000000000
85178  44.966  10.912  29.290 0.0000000000
85202  45.670  10.956  28.323 0.0000000000
86145  46.350  11.747  21.884 0.0000000000
138512  45.309  11.714  22.997 0.0000000000
86158  45.520  11.357  21.132 0.0000000000
86146  45.049  11.452  21.724 0.0000000000
84400  47.359  9.864  16.034 0.0000000000
84398  48.908  10.934  16.796 0.0000000000
84410  47.870  10.367  15.653 0.0000000000
87077  46.924  12.445  12.528 0.0000000000
87066  47.201  12.505  13.231 0.0000000000
87057  46.793  12.551  13.672 0.0000000000
87067  46.382  12.490  12.958 0.0000000000
86245  45.302  12.143  13.189 0.0000000000
84483  42.534  9.657  8.130 0.0000000000
84473  42.610  10.241  8.496 0.0000000000
83586  41.776  9.192  9.215 0.0000000000
89329  38.830  15.503  13.760 0.0000000000
89328  39.165  15.560  13.986 0.0000000000
85204  38.873  10.185  28.647 0.0000000000
84300  38.334  9.930  28.103 0.0000000000
84336  38.743  9.468  26.722 0.0000000000
84317  39.378  9.569  27.347 0.0000000000
84335  39.574  9.406  26.549 0.0000000000
133564  40.400  9.314  26.352 0.0000000000
84349  39.762  9.196  25.725 0.0000000000
86995  38.983  12.930  23.957 0.0000000000
87767  39.074  13.538  23.722 0.0000000000
87008  38.894  12.447  22.690 0.0000000000
85278  39.054  10.737  19.411 0.0000000000
85268  38.745  11.385  19.879 0.0000000000
86165  38.630  11.372  19.114 0.0000000000
87023  38.524  12.244  18.799 0.0000000000
86174  38.618  11.464  18.311 0.0000000000
86189  38.691  11.510  17.408 0.0000000000
85301  39.235  10.766  17.430 0.0000000000
85329  41.520  10.610  15.461 0.0000000000
85330  40.647  10.792  15.380 0.0000000000
86236  41.289  11.203  13.985 0.0000000000
85227  47.095  10.963  26.482 0.0000000000
85226  47.553  11.032  25.858 0.0000000000
85230  48.011  11.104  25.475 0.0000000000
86129  49.407  12.011  23.701 0.0000000000
86144  48.014  12.076  22.634 0.0000000000
118053  48.238  11.996  21.647 0.0000000000
84445  44.497  9.519  12.546 0.0000000000
84454  44.685  10.225  10.599 0.0000000000
85371  45.498  10.834  10.709 0.0000000000
85380  46.410  11.758  11.174 0.0000000000
85382  45.168  10.928  9.835 0.0000000000
85389  45.042  11.523  9.325 0.0000000000
85390  44.859  10.944  8.717 0.0000000000
83597  43.203  8.805  6.801 0.0000000000
84489  43.514  9.718  7.173 0.0000000000
115512  43.328  9.353  7.047 0.0000000000
83592  42.915  9.159  6.850 0.0000000000
83599  42.430  8.331  6.619 0.0000000000
82733  41.912  7.705  6.268 0.0000000000
80984  41.209  5.604  5.723 0.0000000000
80979  40.582  5.759  6.491 0.0000000000
83465  35.702  8.311  25.108 0.0000000000
82610  36.776  7.654  23.475 0.0000000000
81728  36.954  7.074  22.922 0.0000000000
130472  37.638  6.669  22.683 0.0000000000
122877  40.918  11.514  24.232 0.0000000000
86112  40.183  11.758  24.557 0.0000000000
116210  40.889  11.279  23.044 0.0000000000
85245  40.931  11.023  22.251 0.0000000000
125998  51.290  9.624  20.020 0.0000000000
83500  50.156  9.253  19.281 0.0000000000
82651  46.283  8.154  17.899 0.0000000000
83505  47.341  8.650  18.051 0.0000000000
83509  46.711  8.805  17.242 0.0000000000
122176  46.169  8.926  16.459 0.0000000000
83524  45.283  8.327  16.543 0.0000000000
81787  43.142  6.635  16.780 0.0000000000
81797  42.375  6.351  15.551 0.0000000000
126246  42.129  6.781  13.693 0.0000000000
82686  42.530  7.195  14.358 0.0000000000
82692  43.045  7.915  14.055 0.0000000000
83557  43.278  8.377  13.368 0.0000000000
129527  42.275  6.930  10.465 0.0000000000
82713  42.736  7.683  9.887 0.0000000000
81858  41.787  6.142  8.875 0.0000000000
84267  41.949  9.998  30.225 0.0000000000
85164  42.668  10.204  30.971 0.0000000000
84277  43.319  9.915  29.926 0.0000000000
84298  40.670  9.703  28.650 0.0000000000
84314  42.652  9.523  27.930 0.0000000000
115266  43.435  9.562  27.474 0.0000000000
125415  43.644  9.773  28.447 0.0000000000
84331  45.438  10.138  27.130 0.0000000000
84363  45.134  9.308  24.634 0.0000000000
84362  46.448  9.709  24.207 0.0000000000
120659  47.449  10.075  23.756 0.0000000000
83464  37.632  8.667  24.698 0.0000000000
83463  38.476  8.660  24.545 0.0000000000
83474  40.243  8.208  23.742 0.0000000000
119743  39.923  8.539  24.272 0.0000000000
83461  40.695  8.636  24.579 0.0000000000
81751  42.726  6.401  21.704 0.0000000000
81739  41.433  6.576  22.041 0.0000000000
82634  42.933  6.871  21.717 0.0000000000
82619  43.566  7.745  22.129 0.0000000000
83486  43.893  8.300  22.762 0.0000000000
82618  44.759  8.550  22.549 0.0000000000
83493  46.931  8.467  21.627 0.0000000000
83484  46.504  8.906  21.832 0.0000000000
84377  47.501  9.408  21.895 0.0000000000
129731  50.383  9.587  21.272 0.0000000000
82626  50.574  7.865  21.429 0.0000000000
82635  50.658  8.124  20.832 0.0000000000
82636  50.359  7.446  20.590 0.0000000000
81758  48.640  6.867  19.878 0.0000000000
80836  51.109  6.642  22.529 0.0000000000
80855  48.063  5.467  20.699 0.0000000000
80856  46.578  5.377  20.414 0.0000000000
84340  34.252  9.083  27.021 0.0000000000
117497  32.772  8.274  26.724 0.0000000000
83442  33.616  8.567  26.639 0.0000000000
82585  33.504  7.477  25.452 0.0000000000
89272  41.133  15.158  20.953 0.0000000000
89261  41.718  15.449  21.467 0.0000000000
89249  43.226  15.872  21.719 0.0000000000
89260  42.605  15.612  21.069 0.0000000000
89259  43.608  15.883  20.613 0.0000000000
89270  42.907  15.601  20.043 0.0000000000
88546  41.405  15.602  16.714 0.0000000000
89310  40.984  15.809  16.489 0.0000000000
88553  40.562  15.357  16.464 0.0000000000
124287  39.490  14.227  15.027 0.0000000000
89334  39.254  15.438  13.466 0.0000000000
86220  39.186  11.712  15.281 0.0000000000
87048  38.855  12.567  15.463 0.0000000000
125323  39.349  12.643  13.868 0.0000000000
87850  39.697  13.908  10.972 0.0000000000
87841  39.452  14.606  11.961 0.0000000000
88578  39.333  15.053  12.198 0.0000000000
88592  38.160  14.441  10.672 0.0000000000
88591  38.967  14.773  10.268 0.0000000000
87127  39.011  13.536  9.038 0.0000000000
86020  44.079  11.167  32.224 0.0000000000
86070  44.953  11.126  29.216 0.0000000000
86048  44.271  11.344  30.059 0.0000000000
86071  43.927  11.645  29.001 0.0000000000
86098  46.813  11.276  26.108 0.0000000000
86086  46.446  11.228  26.829 0.0000000000
116413  45.874  11.565  26.221 0.0000000000
122643  44.459  11.699  24.051 0.0000000000
86099  45.059  11.767  25.538 0.0000000000
86100  43.286  11.609  25.401 0.0000000000
86110  42.876  11.547  24.537 0.0000000000
86119  43.430  11.554  23.891 0.0000000000
85252  43.313  10.989  21.241 0.0000000000
86148  43.126  11.151  22.058 0.0000000000
85263  43.496  10.802  20.456 0.0000000000
85264  42.619  10.691  20.605 0.0000000000
85281  50.771  11.411  19.052 0.0000000000
86153  50.919  11.818  20.259 0.0000000000
86169  50.542  11.632  18.888 0.0000000000
86184  49.353  11.880  17.510 0.0000000000
86171  49.756  11.991  18.470 0.0000000000
86163  48.679  11.826  19.033 0.0000000000
85348  47.320  10.870  13.258 0.0000000000
85337  48.116  11.128  14.417 0.0000000000
85346  48.208  11.778  14.101 0.0000000000
118747  47.272  12.177  16.197 0.0000000000
126644  47.976  12.455  15.759 0.0000000000
115557  46.970  11.865  16.911 0.0000000000
86173  46.529  11.355  17.829 0.0000000000
85284  45.554  10.827  18.442 0.0000000000
122551  46.028  11.334  17.098 0.0000000000
85312  44.541  10.888  16.308 0.0000000000
85297  43.334  10.445  17.193 0.0000000000
85313  43.640  10.571  16.476 0.0000000000
85327  43.406  10.857  15.046 0.0000000000
86256  44.546  12.039  12.525 0.0000000000
86246  43.631  11.620  13.287 0.0000000000
86257  43.390  11.767  12.351 0.0000000000
87081  42.971  12.037  11.436 0.0000000000
134127  44.536  11.840  8.195 0.0000000000
87113  44.825  12.101  9.338 0.0000000000
87121  44.448  12.161  8.470 0.0000000000
124085  43.058  11.973  8.058 0.0000000000
87864  43.163  12.846  8.756 0.0000000000
87873  42.796  12.801  8.542 0.0000000000
87856  41.991  13.522  9.189 0.0000000000
87874  41.434  13.536  8.677 0.0000000000
87124  41.305  13.429  8.555 0.0000000000
84456  41.191  9.539  11.037 0.0000000000
85383  41.126  10.421  10.479 0.0000000000
135585  39.863  6.231  8.676 0.0000000000
80960  39.356  5.447  9.207 0.0000000000
90183  38.634  16.032  15.975 0.0000000000
90175  39.440  15.973  15.911 0.0000000000
84319  37.743  9.732  27.591 0.0000000000
84337  37.923  9.489  26.893 0.0000000000
119362  39.501  11.467  22.334 0.0000000000
86138  38.976  11.849  21.891 0.0000000000
85256  39.559  10.837  20.794 0.0000000000
85277  39.639  10.546  19.619 0.0000000000
136345  39.954  10.438  18.405 0.0000000000
117087  40.159  10.460  17.762 0.0000000000
85300  40.882  10.443  17.054 0.0000000000
85315  41.639  10.444  16.389 0.0000000000
84361  47.769  10.676  25.055 0.0000000000
85229  48.357  11.267  24.876 0.0000000000
85235  48.966  11.475  24.159 0.0000000000
85234  49.445  11.812  23.791 0.0000000000
86143  49.557  12.171  22.967 0.0000000000
83569  43.457  8.745  10.943 0.0000000000
84472  43.937  9.510  8.965 0.0000000000
84471  44.377  10.232  8.221 0.0000000000
83591  43.431  8.951  7.133 0.0000000000
83603  42.529  7.711  6.293 0.0000000000
82734  41.478  7.029  5.981 0.0000000000
82739  42.178  7.123  5.834 0.0000000000
81885  41.646  6.006  5.489 0.0000000000
80122  41.658  5.669  5.694 0.0000000000
82583  34.940  7.867  24.900 0.0000000000
82591  35.421  7.638  24.195 0.0000000000
86984  40.137  12.565  26.762 0.0000000000
86091  40.658  11.963  26.353 0.0000000000
131662  41.112  11.608  24.934 0.0000000000
82646  48.303  8.068  19.158 0.0000000000
83501  49.146  8.582  19.177 0.0000000000
82647  47.548  8.034  18.888 0.0000000000
82652  45.443  7.735  17.742 0.0000000000
82666  45.130  7.908  17.128 0.0000000000
81811  41.656  6.007  13.434 0.0000000000
81810  42.008  6.808  12.981 0.0000000000
82698  42.430  7.360  12.577 0.0000000000
81823  42.079  6.838  12.169 0.0000000000
121365  41.744  6.292  10.900 0.0000000000
85180  40.986  10.115  29.952 0.0000000000
116608  41.020  9.380  26.988 0.0000000000
84315  41.755  9.432  27.624 0.0000000000
84346  44.028  9.354  25.956 0.0000000000
133655  38.131  7.858  23.405 0.0000000000
83476  38.684  8.298  23.848 0.0000000000
82606  40.563  7.708  23.074 0.0000000000
81749  44.125  6.762  21.579 0.0000000000
82633  43.474  7.118  21.665 0.0000000000
82632  44.665  7.422  21.634 0.0000000000
83495  45.095  8.160  21.799 0.0000000000
83491  49.717  9.034  21.432 0.0000000000
82627  50.296  8.295  21.665 0.0000000000
81753  50.803  7.322  21.373 0.0000000000
120172  50.639  6.140  22.075 0.0000000000
87781  38.955  13.832  21.031 0.0000000000
88506  40.027  14.800  22.207 0.0000000000
88522  39.703  14.312  20.500 0.0000000000
88521  40.713  14.753  20.344 0.0000000000
89271  41.460  15.094  20.183 0.0000000000
88520  41.343  14.850  19.334 0.0000000000
88532  40.589  14.505  18.811 0.0000000000
88540  40.747  14.629  17.755 0.0000000000
87819  39.420  14.060  16.059 0.0000000000
86250  39.700  12.026  13.521 0.0000000000
88590  39.739  14.518  9.586 0.0000000000
87859  39.879  14.347  9.911 0.0000000000
88597  40.250  14.618  8.863 0.0000000000
87126  39.739  13.761  8.641 0.0000000000
85162  44.237  10.611  30.795 0.0000000000
138098  44.299  10.831  31.026 0.0000000000
86079  45.485  11.124  28.416 0.0000000000
86107  46.783  11.765  24.488 0.0000000000
136803  46.190  11.725  24.893 0.0000000000
122093  45.533  11.802  24.187 0.0000000000
86118  44.785  11.674  23.302 0.0000000000
134272  43.883  11.550  23.350 0.0000000000
86133  43.907  11.470  22.655 0.0000000000
85251  44.167  11.114  21.099 0.0000000000
85262  44.358  10.887  20.339 0.0000000000
84391  49.108  10.428  17.511 0.0000000000
85295  49.187  11.662  17.092 0.0000000000
85310  48.920  11.648  16.436 0.0000000000
86243  47.834  12.019  13.340 0.0000000000
86231  48.113  12.132  13.970 0.0000000000
87065  47.692  12.297  13.613 0.0000000000
87056  47.404  12.525  14.017 0.0000000000
86215  46.956  12.260  15.526 0.0000000000
86216  45.914  11.687  15.444 0.0000000000
115659  45.428  11.720  14.726 0.0000000000
86218  44.361  11.285  14.889 0.0000000000
86233  44.857  11.729  14.060 0.0000000000
129648  44.041  10.827  7.257 0.0000000000
87131  44.027  12.065  7.904 0.0000000000
86291  43.862  11.613  7.636 0.0000000000
86283  42.070  11.861  8.620 0.0000000000
85392  42.249  10.639  9.149 0.0000000000
84466  41.583  9.708  10.147 0.0000000000
89322  38.381  15.698  15.498 0.0000000000
88573  38.149  14.936  13.449 0.0000000000
129542  38.860  15.372  13.017 0.0000000000
117475  40.011  9.668  27.981 0.0000000000
84348  41.218  9.219  26.153 0.0000000000
83449  41.413  8.901  25.333 0.0000000000
125940  40.538  6.340  22.161 0.0000000000
128085  41.238  5.908  21.940 0.0000000000
80851  42.940  5.900  21.732 0.0000000000
80850  43.738  6.020  21.711 0.0000000000
81736  45.408  6.417  21.966 0.0000000000
81735  46.233  6.606  22.190 0.0000000000
138970  46.952  6.757  22.392 0.0000000000
81734  47.543  7.240  22.264 0.0000000000
88502  39.350  14.217  23.447 0.0000000000
87774  38.924  13.819  21.984 0.0000000000
87011  38.725  12.595  21.932 0.0000000000
87782  38.687  13.215  21.503 0.0000000000
87785  38.638  13.149  20.567 0.0000000000
87794  38.564  12.985  19.497 0.0000000000
87806  38.651  13.113  18.430 0.0000000000
87042  38.605  12.494  17.026 0.0000000000
86207  38.704  11.818  16.570 0.0000000000
85316  39.835  10.708  16.686 0.0000000000
85331  39.923  10.982  15.735 0.0000000000
86219  40.042  11.205  14.929 0.0000000000
86249  40.631  11.660  13.283 0.0000000000
86259  41.110  12.033  12.306 0.0000000000
84330  46.001  10.727  27.536 0.0000000000
85214  46.087  10.957  27.634 0.0000000000
85221  47.011  11.021  26.481 0.0000000000
124917  48.006  11.365  24.835 0.0000000000
116553  47.425  11.892  23.880 0.0000000000
119657  47.162  11.984  22.924 0.0000000000
84423  45.939  9.603  14.394 0.0000000000
84422  46.891  9.992  14.566 0.0000000000
84435  45.798  9.796  13.523 0.0000000000
85349  46.485  10.417  12.952 0.0000000000
84453  45.241  10.269  11.619 0.0000000000
85359  46.313  10.712  12.084 0.0000000000
85358  47.067  11.211  12.538 0.0000000000
85369  46.762  11.576  11.810 0.0000000000
86266  46.729  12.094  11.661 0.0000000000
87103  46.237  12.235  11.268 0.0000000000
87091  45.946  12.395  11.339 0.0000000000
86274  45.209  11.860  9.941 0.0000000000
86282  44.819  11.880  8.826 0.0000000000
86290  44.425  11.463  7.820 0.0000000000
84480  44.115  10.280  7.327 0.0000000000
85406  44.224  10.850  7.399 0.0000000000
84490  43.757  10.102  7.199 0.0000000000
83593  42.197  8.817  7.586 0.0000000000
137952  40.777  7.457  7.897 0.0000000000
81876  40.203  6.081  7.576 0.0000000000
81875  40.685  6.624  6.640 0.0000000000
80980  40.255  5.467  7.461 0.0000000000
80972  39.793  5.475  8.289 0.0000000000
121104  35.925  9.172  26.685 0.0000000000
83440  36.438  8.885  25.906 0.0000000000
83478  37.106  8.296  24.086 0.0000000000
82590  36.271  8.063  24.209 0.0000000000
138607  37.476  7.940  23.585 0.0000000000
82624  38.310  7.276  22.855 0.0000000000
88495  39.610  13.837  25.144 0.0000000000
86999  39.268  12.400  23.954 0.0000000000
86104  39.750  12.191  25.152 0.0000000000
86113  39.587  12.134  24.470 0.0000000000
115441  39.607  11.642  23.087 0.0000000000
86149  40.008  11.061  22.054 0.0000000000
121235  41.052  10.592  20.569 0.0000000000
84375  50.760  10.566  21.454 0.0000000000
85248  51.078  11.466  21.491 0.0000000000
85247  51.381  11.229  20.850 0.0000000000
84379  51.466  10.868  19.972 0.0000000000
84387  50.368  10.331  18.691 0.0000000000
133631  49.394  9.635  18.350 0.0000000000
84392  48.485  10.082  17.113 0.0000000000
83522  47.105  9.442  16.592 0.0000000000
83536  46.193  9.327  15.677 0.0000000000
81773  44.160  6.733  17.958 0.0000000000
82654  43.879  7.071  17.170 0.0000000000
82667  44.478  7.750  16.668 0.0000000000
124955  42.325  6.573  14.879 0.0000000000
82678  43.446  7.558  15.631 0.0000000000
82677  44.068  7.843  15.985 0.0000000000
134296  44.067  8.235  15.255 0.0000000000
122869  44.900  8.722  15.271 0.0000000000
83547  45.108  9.132  14.636 0.0000000000
83548  44.543  9.081  14.097 0.0000000000
83563  43.614  8.915  12.552 0.0000000000
127093  43.374  8.670  11.812 0.0000000000
82706  42.543  7.494  11.833 0.0000000000
83570  42.963  8.133  11.442 0.0000000000
83577  43.046  8.158  10.526 0.0000000000
82719  42.811  7.670  8.555 0.0000000000
81868  42.599  7.038  6.597 0.0000000000
81857  42.406  6.953  7.998 0.0000000000
81869  42.125  6.147  7.520 0.0000000000
85163  43.667  10.421  31.296 0.0000000000
84265  43.739  10.186  30.633 0.0000000000
84276  44.046  10.252  30.211 0.0000000000
84294  44.642  10.333  28.918 0.0000000000
84279  40.538  9.956  29.260 0.0000000000
84278  41.297  9.795  29.397 0.0000000000
136022  42.150  9.520  28.249 0.0000000000
84313  45.201  10.538  28.464 0.0000000000
84344  46.174  10.460  26.727 0.0000000000
132044  46.693  10.502  26.094 0.0000000000
116673  45.720  9.860  25.789 0.0000000000
83462  39.262  8.616  24.396 0.0000000000
83451  39.112  8.992  25.122 0.0000000000
83459  42.514  8.622  24.523 0.0000000000
82605  41.402  7.741  22.958 0.0000000000
130441  42.874  7.450  22.091 0.0000000000
82604  42.184  7.671  22.628 0.0000000000
83473  42.091  8.252  23.596 0.0000000000
124088  42.884  8.458  23.872 0.0000000000
83470  45.392  9.126  23.322 0.0000000000
83485  45.765  8.871  22.259 0.0000000000
130201  48.811  10.318  22.112 0.0000000000
120728  51.120  9.651  20.480 0.0000000000
83497  50.862  8.916  20.363 0.0000000000
82639  50.605  8.330  20.411 0.0000000000
82640  50.036  8.142  19.867 0.0000000000
82641  48.917  7.633  19.564 0.0000000000
82642  47.890  7.276  19.410 0.0000000000
81761  46.071  6.300  19.513 0.0000000000
81744  51.020  7.204  22.226 0.0000000000
81754  50.292  6.629  21.063 0.0000000000
80848  50.035  6.012  21.519 0.0000000000
80854  49.101  5.806  20.896 0.0000000000
81756  48.266  6.154  20.281 0.0000000000
80860  47.452  6.230  20.016 0.0000000000
84321  35.564  9.605  27.342 0.0000000000
84339  35.078  9.125  26.825 0.0000000000
82584  34.268  7.680  25.181 0.0000000000
82586  32.738  7.271  25.691 0.0000000000
81703  33.054  6.781  25.043 0.0000000000
89281  44.172  15.959  18.551 0.0000000000
116260  42.208  15.297  19.586 0.0000000000
89282  43.275  15.613  18.769 0.0000000000
89290  43.965  15.943  18.094 0.0000000000
89320  39.481  15.463  15.568 0.0000000000
88561  39.798  14.980  15.874 0.0000000000
89327  39.284  15.429  14.305 0.0000000000
89340  38.776  15.129  12.200 0.0000000000
128934  39.117  13.218  15.028 0.0000000000
87070  39.559  12.912  13.047 0.0000000000
135054  39.424  13.592  13.506 0.0000000000
88572  39.369  15.134  12.856 0.0000000000
89344  39.165  15.111  11.923 0.0000000000
88584  38.080  14.668  11.637 0.0000000000
87868  38.581  13.831  9.441 0.0000000000
86029  44.271  11.067  31.076 0.0000000000
86943  43.131  11.986  29.621 0.0000000000
86958  42.551  12.041  28.531 0.0000000000
86082  42.052  11.885  27.547 0.0000000000
86078  45.988  11.149  27.615 0.0000000000
115818  45.201  11.441  27.633 0.0000000000
116427  44.886  11.721  26.251 0.0000000000
86088  44.104  11.662  27.351 0.0000000000
86089  42.890  11.709  26.964 0.0000000000
127612  42.188  11.557  25.155 0.0000000000
86111  41.825  11.498  24.362 0.0000000000
86134  42.953  11.344  22.977 0.0000000000
86135  41.772  11.264  22.971 0.0000000000
132022  41.868  10.656  20.781 0.0000000000
85274  42.130  10.358  19.160 0.0000000000
86141  50.659  11.915  21.774 0.0000000000
136467  50.361  12.161  21.760 0.0000000000
86154  49.690  12.074  20.914 0.0000000000
86170  50.097  11.684  18.358 0.0000000000
86162  49.715  12.016  19.760 0.0000000000
86156  47.207  11.588  20.595 0.0000000000
85260  46.358  11.039  19.913 0.0000000000
84421  47.692  10.435  14.847 0.0000000000
85324  48.664  11.586  15.784 0.0000000000
86202  48.846  11.957  16.115 0.0000000000
87054  48.361  12.166  15.127 0.0000000000
86203  48.673  12.217  16.297 0.0000000000
86186  48.819  12.223  16.930 0.0000000000
116705  47.658  11.625  18.400 0.0000000000
85271  45.539  10.775  19.337 0.0000000000
85272  44.627  10.724  19.572 0.0000000000
85311  45.264  11.086  16.777 0.0000000000
85285  44.605  10.647  18.176 0.0000000000
85286  44.064  10.540  18.903 0.0000000000
122095  43.094  10.424  19.005 0.0000000000
85287  42.418  10.347  18.409 0.0000000000
85314  42.619  10.410  16.654 0.0000000000
132860  42.273  10.492  15.895 0.0000000000
85328  42.497  10.652  15.212 0.0000000000
86234  43.766  11.370  14.175 0.0000000000
85339  42.814  10.998  14.457 0.0000000000
86235  42.257  11.212  13.886 0.0000000000
86258  42.312  11.761  12.301 0.0000000000
87082  41.911  12.273  11.460 0.0000000000
87092  45.265  12.397  10.769 0.0000000000
122653  44.531  12.377  10.655 0.0000000000
138352  44.028  12.490  8.665 0.0000000000
87114  43.715  12.684  9.128 0.0000000000
87093  43.525  12.370  10.593 0.0000000000
116645  42.925  12.856  9.700 0.0000000000
87106  41.912  13.282  9.840 0.0000000000
87867  40.423  14.484  9.030 0.0000000000
87125  40.595  13.678  8.578 0.0000000000
87115  40.159  12.973  8.596 0.0000000000
86284  40.856  12.196  9.024 0.0000000000
122201  42.109  6.210  5.713 0.0000000000
80983  41.790  5.804  5.686 0.0000000000
80114  40.570  5.109  6.885 0.0000000000
80118  41.556  5.209  6.017 0.0000000000
80119  41.440  5.060  6.074 0.0000000000
80861  46.772  6.027  20.021 0.0000000000
80987  41.894  6.035  5.500 0.0000000000
81737  44.572  6.212  21.796 0.0000000000
81738  42.237  6.909  21.922 0.0000000000
81760  47.057  6.679  19.553 0.0000000000
81766  45.516  6.729  18.868 0.0000000000
81788  42.468  6.145  16.342 0.0000000000
81879  41.844  6.467  5.582 0.0000000000
82648  46.705  7.817  18.602 0.0000000000
82668  43.661  7.312  16.380 0.0000000000
82679  42.760  7.111  15.238 0.0000000000
83489  50.732  8.814  20.723 0.0000000000
83508  47.675  9.445  17.216 0.0000000000
83523  46.736  9.505  16.055 0.0000000000
83525  44.694  8.298  15.945 0.0000000000
83537  45.635  9.204  15.165 0.0000000000
83538  44.474  8.725  14.719 0.0000000000
83556  44.026  9.044  13.403 0.0000000000
84380  51.413  10.489  20.337 0.0000000000
84382  51.328  10.400  19.734 0.0000000000
84386  50.895  10.785  19.108 0.0000000000
84411  47.026  9.827  15.390 0.0000000000
84424  45.231  9.422  14.022 0.0000000000
84434  46.674  10.201  13.782 0.0000000000
85157  44.178  10.877  31.655 0.0000000000
85244  42.112  11.025  22.191 0.0000000000
85258  51.335  11.269  19.964 0.0000000000
85259  51.437  11.100  20.323 0.0000000000
85261  45.346  10.974  20.304 0.0000000000
85265  41.788  10.483  19.992 0.0000000000
85266  40.113  10.541  20.237 0.0000000000
85267  39.265  10.797  20.135 0.0000000000
85270  51.206  11.087  19.528 0.0000000000
85282  50.366  11.418  18.487 0.0000000000
85289  39.667  10.464  18.927 0.0000000000
85296  45.354  10.944  17.597 0.0000000000
85302  38.856  10.899  17.980 0.0000000000
85325  48.351  10.990  15.232 0.0000000000
85336  48.410  11.599  14.948 0.0000000000
85347  47.845  11.386  13.658 0.0000000000
85381  45.706  11.548  10.450 0.0000000000
85391  42.966  10.940  8.248 0.0000000000
85399  44.696  11.500  8.347 0.0000000000
85401  43.721  10.924  7.427 0.0000000000
86097  47.434  11.105  25.883 0.0000000000
86103  40.412  11.869  25.482 0.0000000000
86117  45.929  11.841  23.572 0.0000000000
86122  40.334  11.497  23.602 0.0000000000
86123  39.648  11.871  23.838 0.0000000000
86137  39.186  11.882  22.662 0.0000000000
86140  51.077  11.752  21.058 0.0000000000
86150  39.465  11.167  21.528 0.0000000000
86161  50.956  11.620  19.583 0.0000000000
86185  49.056  12.009  16.678 0.0000000000
86188  39.019  11.127  16.804 0.0000000000
86217  44.884  11.297  15.541 0.0000000000
86221  38.764  11.969  15.907 0.0000000000
86230  48.376  12.026  14.643 0.0000000000
86237  40.271  11.385  14.121 0.0000000000
86255  47.343  12.016  12.434 0.0000000000
86265  47.056  12.271  12.293 0.0000000000
86298  44.234  11.460  7.619 0.0000000000
86992  39.567  12.671  25.504 0.0000000000
86994  39.337  12.673  24.741 0.0000000000
87000  38.986  12.609  23.422 0.0000000000
87012  38.685  12.404  21.166 0.0000000000
87041  48.520  12.200  15.702 0.0000000000
87046  48.144  12.368  15.215 0.0000000000
87047  47.574  12.479  14.907 0.0000000000
87058  39.134  12.547  14.704 0.0000000000
87068  45.602  12.367  12.440 0.0000000000
87090  46.585  12.304  11.890 0.0000000000
87096  40.305  13.194  11.263 0.0000000000
87105  44.602  12.293  9.832 0.0000000000
87116  39.254  12.968  9.081 0.0000000000
87122  44.068  12.288  8.214 0.0000000000
87123  42.341  12.815  8.409 0.0000000000
87763  39.262  13.325  24.558 0.0000000000
87768  38.802  13.072  23.197 0.0000000000
87857  41.062  13.872  9.160 0.0000000000
87863  43.549  12.503  8.502 0.0000000000
87865  42.243  13.364  8.817 0.0000000000
87875  40.683  13.961  8.752 0.0000000000
87876  40.180  13.958  8.560 0.0000000000
87877  39.279  14.131  8.937 0.0000000000
88507  38.943  13.708  22.879 0.0000000000
88513  39.447  14.334  21.596 0.0000000000
88589  40.214  14.676  9.131 0.0000000000
88599  38.594  14.433  9.945 0.0000000000
88605  40.376  14.355  8.782 0.0000000000
88606  40.268  14.514  8.780 0.0000000000
88607  39.834  14.486  8.814 0.0000000000
89291  43.149  15.771  17.667 0.0000000000
115197  43.037  11.335  13.819 0.0000000000
115310  50.514  11.847  19.327 0.0000000000
115393  48.045  12.346  16.548 0.0000000000
120040  43.479  10.444  18.087 0.0000000000
120837  40.889  5.120  6.166 0.0000000000
122094  46.108  11.624  25.522 0.0000000000
124418  39.442  10.565  18.222 0.0000000000
125468  42.316  15.657  21.858 0.0000000000
128845  38.537  12.050  19.510 0.0000000000
130830  43.894  12.480  9.917 0.0000000000
131387  43.606  12.363  8.287 0.0000000000
132310  44.216  11.701  25.645 0.0000000000
132446  45.273  10.332  27.784 0.0000000000
134499  41.560  10.377  18.553 0.0000000000
134882  49.352  11.175  17.399 0.0000000000
137147  44.734  11.666  26.894 0.0000000000
138268  41.764  10.309  9.838 0.0000000000
