#!ascii label  , from subject sub-v1s12x0050109_ses-1 vox2ras=TkReg
679
36488  20.541  -40.722  47.231 0.0000000000
49971  40.356  -27.566  33.834 0.0000000000
54622  42.454  -21.828  33.201 0.0000000000
42179  41.835  -35.355  38.711 0.0000000000
39985  27.196  -37.282  44.528 0.0000000000
118733  24.044  -38.766  47.571 0.0000000000
53606  41.041  -23.511  34.445 0.0000000000
50838  45.457  -27.689  34.887 0.0000000000
41081  38.089  -36.243  42.108 0.0000000000
37727  32.438  -39.351  44.625 0.0000000000
57571  51.533  -19.630  29.182 0.0000000000
58499  45.223  -18.949  33.670 0.0000000000
46059  40.353  -31.555  38.855 0.0000000000
48972  42.324  -28.662  39.307 0.0000000000
41036  23.683  -36.525  46.959 0.0000000000
38834  22.403  -39.046  48.236 0.0000000000
127377  40.537  -25.258  33.364 0.0000000000
52671  43.763  -25.548  34.991 0.0000000000
50839  43.210  -26.898  35.605 0.0000000000
35346  37.643  -41.239  39.191 0.0000000000
37694  27.871  -39.491  45.805 0.0000000000
39972  29.716  -38.450  44.637 0.0000000000
35268  29.751  -41.153  44.761 0.0000000000
115500  49.722  -19.028  30.325 0.0000000000
55665  49.727  -21.644  29.105 0.0000000000
57533  49.013  -20.361  31.089 0.0000000000
56582  41.397  -20.700  33.711 0.0000000000
57523  42.112  -18.834  32.310 0.0000000000
55552  43.702  -20.969  34.032 0.0000000000
55601  45.634  -21.510  32.149 0.0000000000
122290  42.372  -21.271  31.156 0.0000000000
41117  41.081  -35.925  40.070 0.0000000000
44090  38.937  -33.263  41.028 0.0000000000
44087  41.228  -32.842  41.072 0.0000000000
47997  41.183  -30.570  39.488 0.0000000000
45097  43.251  -32.907  39.003 0.0000000000
47097  43.307  -30.678  36.683 0.0000000000
42216  42.744  -34.516  36.542 0.0000000000
41033  26.149  -36.966  46.518 0.0000000000
54624  40.104  -22.139  33.044 0.0000000000
54601  42.010  -22.468  34.290 0.0000000000
52686  42.931  -24.444  34.007 0.0000000000
122516  45.366  -26.717  32.509 0.0000000000
38884  35.465  -38.155  43.660 0.0000000000
132112  37.605  -39.846  41.844 0.0000000000
37797  39.566  -39.672  39.885 0.0000000000
38976  40.987  -39.065  37.743 0.0000000000
40125  41.881  -37.421  35.691 0.0000000000
39979  33.075  -37.722  43.781 0.0000000000
35298  34.448  -40.994  43.340 0.0000000000
57613  50.907  -19.882  26.287 0.0000000000
58515  46.660  -18.917  31.617 0.0000000000
55580  47.842  -21.304  32.601 0.0000000000
54689  45.757  -23.090  28.991 0.0000000000
49935  41.610  -27.439  36.597 0.0000000000
49904  44.427  -27.773  38.141 0.0000000000
47115  45.144  -29.833  34.345 0.0000000000
35258  21.091  -41.704  47.766 0.0000000000
37700  21.366  -39.527  47.675 0.0000000000
36468  22.016  -40.201  48.074 0.0000000000
50852  40.966  -27.003  33.712 0.0000000000
50845  41.665  -26.906  34.274 0.0000000000
49960  41.815  -27.395  34.787 0.0000000000
36500  29.277  -40.376  45.126 0.0000000000
135923  48.672  -19.112  30.035 0.0000000000
57547  49.401  -19.778  30.682 0.0000000000
125050  47.845  -19.302  30.342 0.0000000000
54600  42.420  -21.641  34.189 0.0000000000
56569  42.723  -20.860  34.224 0.0000000000
55567  43.165  -21.325  33.935 0.0000000000
55584  43.632  -21.142  33.050 0.0000000000
41116  41.479  -35.670  39.351 0.0000000000
137301  41.288  -34.418  40.526 0.0000000000
43159  42.044  -34.018  39.417 0.0000000000
45079  42.571  -32.528  40.270 0.0000000000
43175  42.373  -33.986  38.622 0.0000000000
44128  42.800  -33.477  37.960 0.0000000000
43188  42.463  -34.386  37.836 0.0000000000
116349  24.996  -36.295  46.435 0.0000000000
39953  25.250  -37.629  47.301 0.0000000000
38837  26.081  -38.510  46.499 0.0000000000
53617  39.941  -23.681  33.267 0.0000000000
54625  39.562  -22.352  32.155 0.0000000000
53626  40.476  -22.986  33.910 0.0000000000
54614  40.615  -22.092  34.050 0.0000000000
53605  41.834  -23.541  34.433 0.0000000000
53604  42.392  -24.094  34.401 0.0000000000
51698  44.371  -26.439  34.990 0.0000000000
52677  44.369  -25.641  34.353 0.0000000000
51713  45.243  -26.909  33.809 0.0000000000
49999  46.026  -27.703  32.313 0.0000000000
49985  46.040  -28.012  33.549 0.0000000000
37766  36.130  -40.045  42.994 0.0000000000
38901  36.748  -38.519  43.109 0.0000000000
36559  36.703  -40.873  41.399 0.0000000000
36573  38.391  -40.627  39.727 0.0000000000
38957  40.890  -39.228  38.587 0.0000000000
38855  30.954  -38.492  44.689 0.0000000000
39981  31.621  -38.074  44.407 0.0000000000
38869  33.094  -38.180  44.258 0.0000000000
132833  33.770  -39.274  44.215 0.0000000000
36516  33.286  -39.738  44.289 0.0000000000
59574  51.727  -17.697  29.661 0.0000000000
57599  51.332  -19.993  27.220 0.0000000000
54687  48.515  -22.776  29.087 0.0000000000
58508  43.881  -18.517  32.628 0.0000000000
59557  42.142  -18.128  31.159 0.0000000000
117790  44.318  -18.259  32.107 0.0000000000
58530  44.933  -18.552  30.802 0.0000000000
117710  46.200  -18.732  32.548 0.0000000000
57521  47.485  -19.628  33.042 0.0000000000
56577  46.884  -20.321  33.984 0.0000000000
55641  44.593  -21.421  30.141 0.0000000000
54667  45.587  -22.233  29.833 0.0000000000
41082  37.341  -36.176  42.545 0.0000000000
42123  37.560  -34.764  41.710 0.0000000000
45090  39.666  -32.368  40.598 0.0000000000
136579  38.431  -33.262  40.080 0.0000000000
48009  41.477  -29.965  39.534 0.0000000000
48975  40.138  -29.255  39.188 0.0000000000
48983  40.510  -28.556  39.160 0.0000000000
49924  39.813  -27.654  37.678 0.0000000000
49896  42.241  -27.966  38.985 0.0000000000
133409  42.968  -27.186  37.785 0.0000000000
48980  43.874  -28.244  38.767 0.0000000000
46101  42.856  -32.133  35.668 0.0000000000
117212  44.094  -30.252  35.706 0.0000000000
46118  44.238  -31.435  34.237 0.0000000000
46153  44.649  -31.011  32.982 0.0000000000
39956  22.837  -37.707  47.838 0.0000000000
38840  23.486  -38.548  48.140 0.0000000000
138194  23.725  -39.201  47.379 0.0000000000
37699  22.547  -39.787  47.617 0.0000000000
52687  40.809  -24.356  34.043 0.0000000000
52680  42.394  -24.504  34.585 0.0000000000
51706  42.659  -25.343  34.883 0.0000000000
51700  43.466  -25.937  35.178 0.0000000000
51691  44.268  -26.866  35.558 0.0000000000
39963  27.797  -37.933  45.825 0.0000000000
128794  28.759  -37.926  44.702 0.0000000000
135652  28.766  -38.845  45.297 0.0000000000
37711  30.106  -39.217  45.067 0.0000000000
36519  31.150  -40.285  44.735 0.0000000000
35284  32.507  -40.957  44.074 0.0000000000
35301  31.091  -41.813  43.946 0.0000000000
57559  51.196  -19.365  30.000 0.0000000000
56644  50.872  -20.258  29.375 0.0000000000
56627  50.498  -20.238  30.020 0.0000000000
56628  49.741  -20.994  30.146 0.0000000000
54646  48.906  -22.140  30.342 0.0000000000
57525  40.633  -19.985  32.354 0.0000000000
57512  41.846  -19.549  32.911 0.0000000000
123218  43.158  -19.706  33.635 0.0000000000
56567  45.011  -20.124  34.248 0.0000000000
132956  45.638  -20.974  33.779 0.0000000000
55583  44.648  -21.117  33.184 0.0000000000
55620  43.527  -21.123  30.960 0.0000000000
41099  39.657  -36.721  40.583 0.0000000000
136628  38.233  -34.509  41.611 0.0000000000
42137  40.077  -35.064  41.164 0.0000000000
44089  39.524  -33.272  41.195 0.0000000000
46038  40.257  -31.951  40.977 0.0000000000
115112  40.506  -31.260  39.436 0.0000000000
46037  40.962  -31.674  40.924 0.0000000000
47036  42.355  -31.297  40.176 0.0000000000
47058  42.956  -30.665  39.240 0.0000000000
47057  43.298  -30.292  38.642 0.0000000000
114964  43.062  -32.298  38.454 0.0000000000
45117  42.672  -32.892  36.788 0.0000000000
119979  43.022  -34.185  34.993 0.0000000000
42087  24.432  -35.934  45.228 0.0000000000
115194  25.620  -36.474  45.170 0.0000000000
41042  26.960  -37.146  45.348 0.0000000000
136349  27.474  -38.161  46.088 0.0000000000
37695  27.076  -39.409  46.089 0.0000000000
55586  40.412  -21.415  33.214 0.0000000000
55555  41.632  -21.790  34.432 0.0000000000
54623  42.275  -22.512  33.913 0.0000000000
53625  42.221  -23.273  33.556 0.0000000000
52693  42.762  -24.404  32.862 0.0000000000
51725  43.135  -25.180  32.192 0.0000000000
52685  43.720  -24.985  34.213 0.0000000000
51715  44.330  -25.529  33.575 0.0000000000
40011  35.270  -36.889  43.187 0.0000000000
40010  36.133  -37.094  43.327 0.0000000000
40008  37.324  -37.107  42.849 0.0000000000
40030  37.724  -37.762  42.198 0.0000000000
36574  37.642  -40.814  40.154 0.0000000000
37798  38.753  -40.060  40.275 0.0000000000
40046  39.187  -37.636  40.682 0.0000000000
40045  39.986  -37.843  39.835 0.0000000000
41136  41.324  -37.604  38.601 0.0000000000
41151  41.902  -36.982  37.625 0.0000000000
41150  41.988  -36.218  37.346 0.0000000000
40110  41.372  -38.691  36.719 0.0000000000
38885  34.674  -38.352  43.945 0.0000000000
37747  35.325  -39.351  43.497 0.0000000000
35313  35.611  -41.417  42.303 0.0000000000
120410  33.010  -41.530  43.553 0.0000000000
34179  34.558  -42.383  42.274 0.0000000000
58618  52.113  -18.684  26.173 0.0000000000
58545  46.792  -19.122  30.470 0.0000000000
58514  48.054  -19.744  32.007 0.0000000000
55579  48.347  -21.142  32.222 0.0000000000
53648  47.814  -22.828  30.054 0.0000000000
121422  46.582  -21.638  32.524 0.0000000000
128386  46.942  -22.486  31.044 0.0000000000
53665  46.701  -23.578  29.243 0.0000000000
43146  37.699  -33.888  40.618 0.0000000000
135972  39.420  -27.611  35.862 0.0000000000
49948  40.963  -27.751  35.045 0.0000000000
49946  42.522  -27.381  36.002 0.0000000000
50820  43.971  -27.214  37.100 0.0000000000
50818  44.841  -27.505  36.208 0.0000000000
47073  44.089  -29.929  37.178 0.0000000000
48040  45.216  -28.660  36.468 0.0000000000
48069  45.922  -28.347  34.725 0.0000000000
48103  45.827  -29.197  33.339 0.0000000000
42237  42.584  -35.719  35.794 0.0000000000
42257  43.007  -35.220  35.235 0.0000000000
36470  20.972  -41.378  47.980 0.0000000000
35248  21.010  -41.931  47.830 0.0000000000
37685  21.176  -40.427  47.968 0.0000000000
36469  21.343  -40.723  47.857 0.0000000000
50853  40.221  -26.973  33.125 0.0000000000
54613  42.574  -21.844  34.008 0.0000000000
55585  42.865  -21.434  33.135 0.0000000000
55604  42.366  -21.544  32.139 0.0000000000
42157  41.695  -34.761  39.446 0.0000000000
42156  41.968  -34.535  38.872 0.0000000000
42178  42.171  -34.896  38.239 0.0000000000
135677  24.097  -38.182  47.964 0.0000000000
39954  24.478  -37.573  47.709 0.0000000000
38839  24.689  -38.248  47.442 0.0000000000
37681  24.832  -38.828  46.925 0.0000000000
129290  40.479  -23.758  33.852 0.0000000000
51697  45.003  -27.250  34.865 0.0000000000
51704  44.989  -27.010  34.292 0.0000000000
51703  45.319  -27.518  34.419 0.0000000000
50850  45.815  -27.843  33.766 0.0000000000
50843  45.681  -27.901  34.231 0.0000000000
36547  36.014  -40.798  42.417 0.0000000000
36546  36.502  -40.550  42.242 0.0000000000
36560  36.165  -41.220  41.778 0.0000000000
38871  31.659  -38.725  44.755 0.0000000000
39982  30.849  -37.969  44.321 0.0000000000
39980  32.350  -37.802  44.102 0.0000000000
38870  32.422  -38.436  44.512 0.0000000000
37726  33.185  -38.865  44.474 0.0000000000
57558  51.840  -18.701  29.621 0.0000000000
58541  52.028  -18.049  29.794 0.0000000000
57570  52.077  -19.099  28.703 0.0000000000
57585  51.544  -19.892  28.143 0.0000000000
58500  44.344  -18.918  33.421 0.0000000000
58507  44.779  -18.564  32.928 0.0000000000
58516  45.216  -18.476  32.347 0.0000000000
58506  45.728  -18.751  33.212 0.0000000000
57522  46.795  -19.034  33.566 0.0000000000
57507  46.538  -19.676  34.096 0.0000000000
55667  44.078  -21.638  28.661 0.0000000000
54668  44.868  -21.944  29.174 0.0000000000
120872  37.642  -35.496  42.161 0.0000000000
45099  39.778  -32.254  39.529 0.0000000000
45098  40.121  -32.276  38.421 0.0000000000
48008  42.367  -29.630  39.470 0.0000000000
48973  41.666  -29.166  39.517 0.0000000000
48982  41.443  -28.541  39.303 0.0000000000
49907  41.234  -27.851  38.761 0.0000000000
48981  43.138  -28.079  38.957 0.0000000000
48007  43.130  -28.874  39.135 0.0000000000
45144  43.678  -32.478  34.697 0.0000000000
45145  43.945  -33.145  34.298 0.0000000000
45160  44.204  -32.277  33.999 0.0000000000
38842  21.934  -39.003  48.152 0.0000000000
39957  22.147  -38.188  47.551 0.0000000000
118698  22.459  -38.513  48.099 0.0000000000
38841  22.948  -38.438  48.246 0.0000000000
37668  22.939  -38.952  48.281 0.0000000000
37683  22.570  -39.454  48.074 0.0000000000
50862  40.274  -26.053  32.900 0.0000000000
51718  39.804  -25.349  32.611 0.0000000000
52688  40.179  -24.446  33.292 0.0000000000
51708  41.273  -25.234  34.124 0.0000000000
51707  41.966  -25.904  34.447 0.0000000000
50844  42.562  -26.685  34.851 0.0000000000
50831  43.849  -26.876  35.841 0.0000000000
38848  28.102  -38.650  45.728 0.0000000000
38858  28.520  -38.404  45.327 0.0000000000
38847  28.665  -39.250  45.403 0.0000000000
37712  29.322  -39.497  45.174 0.0000000000
127966  29.950  -39.725  45.110 0.0000000000
37729  30.678  -39.594  45.054 0.0000000000
36499  30.268  -40.353  44.914 0.0000000000
35285  31.593  -41.034  44.231 0.0000000000
58543  49.969  -18.434  29.667 0.0000000000
132596  50.619  -18.490  30.124 0.0000000000
58527  50.700  -18.990  30.304 0.0000000000
57546  50.544  -19.643  30.294 0.0000000000
56615  49.864  -20.231  30.546 0.0000000000
117533  48.996  -21.032  30.747 0.0000000000
55617  49.200  -21.621  30.391 0.0000000000
56592  40.764  -20.670  33.182 0.0000000000
56591  41.176  -19.989  33.012 0.0000000000
137508  41.764  -20.177  33.468 0.0000000000
56568  43.357  -20.724  34.149 0.0000000000
56580  42.896  -20.365  34.070 0.0000000000
57498  43.646  -20.148  34.102 0.0000000000
57510  43.948  -19.520  33.796 0.0000000000
55551  44.247  -20.524  34.127 0.0000000000
56579  45.117  -20.629  34.039 0.0000000000
55565  44.575  -20.850  33.873 0.0000000000
55603  43.038  -21.112  32.041 0.0000000000
55602  44.061  -21.097  32.094 0.0000000000
55642  43.559  -21.217  29.981 0.0000000000
55621  42.644  -21.209  30.216 0.0000000000
41098  40.307  -35.892  40.630 0.0000000000
42138  39.446  -35.707  41.389 0.0000000000
43143  41.206  -33.763  40.882 0.0000000000
132202  40.336  -33.727  41.189 0.0000000000
44088  40.381  -32.945  41.204 0.0000000000
45082  39.776  -32.677  41.069 0.0000000000
45081  40.612  -32.235  41.138 0.0000000000
45080  41.660  -32.187  40.901 0.0000000000
45089  43.067  -32.700  39.682 0.0000000000
129192  42.270  -31.891  40.505 0.0000000000
127635  42.877  -32.015  40.081 0.0000000000
46047  42.886  -31.377  39.653 0.0000000000
45088  43.102  -32.218  39.348 0.0000000000
46058  42.980  -31.367  38.895 0.0000000000
43187  42.659  -34.041  37.472 0.0000000000
137217  42.872  -33.303  37.743 0.0000000000
44140  42.778  -33.744  36.981 0.0000000000
44150  42.850  -34.033  35.769 0.0000000000
43213  42.919  -34.679  35.540 0.0000000000
41046  23.413  -36.256  45.871 0.0000000000
42088  23.721  -35.848  45.096 0.0000000000
41045  24.285  -36.081  46.110 0.0000000000
41034  25.387  -36.692  46.862 0.0000000000
41044  25.603  -36.525  46.127 0.0000000000
41043  26.344  -36.828  45.724 0.0000000000
39975  26.978  -37.356  46.060 0.0000000000
39965  26.437  -37.481  46.516 0.0000000000
55587  39.827  -21.482  32.315 0.0000000000
54602  41.225  -22.565  34.479 0.0000000000
137408  41.068  -21.949  34.432 0.0000000000
53616  42.149  -23.353  34.280 0.0000000000
53615  42.479  -23.833  33.790 0.0000000000
52692  43.478  -24.967  33.243 0.0000000000
52679  43.174  -25.110  34.953 0.0000000000
128255  43.006  -24.726  34.652 0.0000000000
52678  43.737  -25.260  34.741 0.0000000000
51714  44.884  -26.247  33.801 0.0000000000
51723  44.929  -26.084  32.981 0.0000000000
51724  43.994  -25.630  32.608 0.0000000000
50860  44.496  -26.287  32.076 0.0000000000
39993  35.587  -37.442  43.500 0.0000000000
38883  36.134  -37.854  43.404 0.0000000000
37764  37.216  -39.230  42.488 0.0000000000
38900  37.255  -38.102  42.731 0.0000000000
38921  37.685  -38.874  42.024 0.0000000000
36575  36.920  -41.029  40.612 0.0000000000
37819  39.180  -40.391  39.414 0.0000000000
38939  38.809  -38.815  40.739 0.0000000000
38938  39.638  -38.690  40.111 0.0000000000
40076  41.193  -38.458  38.347 0.0000000000
38975  41.481  -37.949  37.856 0.0000000000
40094  41.643  -37.900  37.097 0.0000000000
38993  41.279  -38.635  37.270 0.0000000000
39973  28.977  -38.275  44.896 0.0000000000
118974  28.837  -37.884  44.138 0.0000000000
39983  29.372  -38.038  44.477 0.0000000000
39996  32.329  -37.587  43.392 0.0000000000
138702  32.321  -37.544  42.697 0.0000000000
40012  33.153  -37.366  42.978 0.0000000000
115481  34.235  -37.077  43.108 0.0000000000
39995  33.910  -37.717  43.701 0.0000000000
36534  34.059  -40.049  43.939 0.0000000000
37748  34.415  -39.269  43.914 0.0000000000
36533  34.840  -40.214  43.427 0.0000000000
133194  35.164  -41.064  42.974 0.0000000000
34195  34.924  -42.668  41.618 0.0000000000
57598  51.683  -19.365  26.668 0.0000000000
57614  50.366  -19.698  25.238 0.0000000000
55664  50.408  -21.045  28.779 0.0000000000
57524  41.221  -19.230  32.132 0.0000000000
58520  40.930  -18.696  31.184 0.0000000000
58519  41.714  -18.544  31.525 0.0000000000
58529  45.601  -18.649  31.553 0.0000000000
58547  45.129  -18.814  29.882 0.0000000000
115420  45.842  -18.886  30.622 0.0000000000
58546  46.046  -18.986  29.672 0.0000000000
132900  47.521  -19.277  31.304 0.0000000000
127816  47.413  -19.262  32.212 0.0000000000
56590  48.010  -20.754  32.908 0.0000000000
57520  48.105  -20.243  32.718 0.0000000000
55598  48.293  -21.623  31.729 0.0000000000
55599  47.963  -21.781  31.763 0.0000000000
55582  45.688  -21.285  32.979 0.0000000000
121763  46.427  -21.184  33.333 0.0000000000
54648  46.291  -22.472  30.502 0.0000000000
137312  46.353  -22.972  29.764 0.0000000000
54647  47.098  -23.074  30.226 0.0000000000
138309  38.693  -33.880  41.259 0.0000000000
43132  37.854  -34.150  41.191 0.0000000000
120264  38.310  -33.684  40.947 0.0000000000
47047  40.818  -30.809  39.343 0.0000000000
48984  39.620  -28.653  38.899 0.0000000000
49923  40.898  -27.447  37.844 0.0000000000
49937  39.523  -27.527  36.716 0.0000000000
49936  40.508  -27.478  36.770 0.0000000000
49949  39.949  -27.810  35.097 0.0000000000
118984  41.049  -27.654  35.893 0.0000000000
49947  41.795  -27.584  35.469 0.0000000000
49921  43.852  -27.341  38.028 0.0000000000
50819  44.384  -27.417  37.337 0.0000000000
135339  44.576  -27.445  36.636 0.0000000000
49920  44.632  -27.587  37.189 0.0000000000
47074  43.337  -30.499  37.693 0.0000000000
48042  43.997  -29.549  38.079 0.0000000000
48071  44.927  -29.738  35.180 0.0000000000
138338  44.731  -29.639  35.771 0.0000000000
121242  45.220  -29.183  35.730 0.0000000000
49024  45.708  -28.471  35.527 0.0000000000
48070  45.638  -29.037  34.796 0.0000000000
48085  45.976  -28.635  33.990 0.0000000000
48086  45.634  -29.269  33.987 0.0000000000
128392  41.855  -36.944  36.320 0.0000000000
119989  42.073  -36.038  36.619 0.0000000000
41165  42.090  -36.503  35.954 0.0000000000
38850  21.531  -38.671  47.171 0.0000000000
37684  21.898  -39.825  48.159 0.0000000000
51717  40.829  -26.142  33.444 0.0000000000
51716  41.358  -26.256  33.958 0.0000000000
49959  42.409  -27.285  35.261 0.0000000000
36481  27.892  -40.277  45.599 0.0000000000
36480  28.541  -39.891  45.404 0.0000000000
36501  28.317  -40.741  45.309 0.0000000000
35269  28.808  -41.421  45.019 0.0000000000
58528  48.812  -19.457  30.697 0.0000000000
57534  48.700  -19.911  31.269 0.0000000000
55554  42.259  -21.265  34.297 0.0000000000
56581  42.151  -20.653  34.085 0.0000000000
55553  42.952  -21.208  34.163 0.0000000000
55566  43.961  -21.018  33.735 0.0000000000
42136  40.799  -35.270  40.614 0.0000000000
42158  41.309  -34.971  40.170 0.0000000000
43160  41.610  -34.230  40.110 0.0000000000
44100  42.060  -33.288  40.275 0.0000000000
116266  42.635  -33.458  39.350 0.0000000000
44113  43.074  -33.112  39.333 0.0000000000
44112  42.938  -33.364  38.681 0.0000000000
43174  42.647  -33.726  38.097 0.0000000000
42199  42.602  -34.649  37.190 0.0000000000
41035  24.623  -36.477  47.024 0.0000000000
41027  24.994  -36.967  47.396 0.0000000000
39966  25.763  -37.166  47.020 0.0000000000
39952  26.018  -37.813  46.902 0.0000000000
53627  39.512  -23.674  32.580 0.0000000000
126777  39.849  -22.945  32.941 0.0000000000
136245  40.295  -22.539  33.515 0.0000000000
52670  44.224  -25.792  34.803 0.0000000000
51705  44.599  -26.360  34.432 0.0000000000
137069  44.884  -26.639  34.044 0.0000000000
51722  45.495  -26.718  33.288 0.0000000000
50869  45.669  -27.237  32.166 0.0000000000
50859  45.941  -27.287  32.919 0.0000000000
49986  46.120  -27.995  32.901 0.0000000000
49054  46.162  -28.326  32.586 0.0000000000
38902  36.099  -38.910  43.285 0.0000000000
37765  36.705  -39.643  42.788 0.0000000000
37780  37.134  -40.253  42.058 0.0000000000
36591  38.012  -40.901  39.410 0.0000000000
37818  40.001  -40.090  39.195 0.0000000000
38958  40.362  -39.201  39.412 0.0000000000
37817  40.443  -39.899  38.668 0.0000000000
37835  40.461  -39.810  37.932 0.0000000000
134372  30.398  -38.387  44.551 0.0000000000
122769  30.114  -38.054  44.324 0.0000000000
40015  30.792  -37.845  43.205 0.0000000000
39997  31.424  -37.640  43.776 0.0000000000
139048  33.495  -37.966  44.030 0.0000000000
36535  33.441  -40.771  43.863 0.0000000000
58584  52.637  -18.637  28.180 0.0000000000
57584  52.021  -19.390  27.634 0.0000000000
55666  49.172  -22.246  28.743 0.0000000000
58509  42.986  -18.571  32.458 0.0000000000
58518  42.508  -18.272  31.774 0.0000000000
58517  43.372  -18.067  31.855 0.0000000000
59556  43.230  -17.971  31.181 0.0000000000
59555  44.019  -18.143  31.202 0.0000000000
115003  44.801  -18.364  31.595 0.0000000000
129395  47.048  -18.931  32.740 0.0000000000
57506  47.276  -19.892  33.812 0.0000000000
55563  47.388  -20.639  33.449 0.0000000000
55619  45.494  -21.860  30.635 0.0000000000
41083  36.474  -36.083  42.351 0.0000000000
45083  39.138  -32.915  40.816 0.0000000000
44091  38.441  -33.357  40.596 0.0000000000
44101  38.988  -32.812  40.050 0.0000000000
44115  39.484  -32.875  38.874 0.0000000000
48010  40.751  -29.930  39.286 0.0000000000
48974  40.919  -29.204  39.495 0.0000000000
49909  39.234  -28.155  38.262 0.0000000000
49925  38.865  -27.759  37.464 0.0000000000
49908  40.152  -27.988  38.558 0.0000000000
135723  41.509  -27.490  38.243 0.0000000000
49922  41.894  -27.325  37.703 0.0000000000
117194  42.137  -27.503  38.432 0.0000000000
49905  43.855  -27.668  38.496 0.0000000000
46083  43.200  -31.181  35.858 0.0000000000
46100  43.844  -31.334  35.031 0.0000000000
47116  44.490  -30.502  34.669 0.0000000000
47133  44.796  -30.638  33.950 0.0000000000
46135  44.469  -31.366  33.628 0.0000000000
41037  22.905  -36.736  46.440 0.0000000000
39967  22.482  -37.423  46.927 0.0000000000
41029  23.006  -36.969  47.275 0.0000000000
41028  23.447  -37.108  47.635 0.0000000000
39955  23.626  -37.745  48.026 0.0000000000
37682  23.326  -39.093  47.997 0.0000000000
37698  23.129  -39.436  47.442 0.0000000000
52694  39.601  -24.363  32.636 0.0000000000
52681  41.554  -24.241  34.471 0.0000000000
126268  41.944  -24.907  34.644 0.0000000000
51699  44.069  -26.031  35.189 0.0000000000
51690  44.568  -27.066  35.267 0.0000000000
35323  36.270  -41.352  41.036 0.0000000000
115604  27.604  -37.545  45.342 0.0000000000
39984  28.073  -37.643  44.478 0.0000000000
39974  28.353  -37.907  45.213 0.0000000000
38857  29.239  -38.692  44.996 0.0000000000
128588  29.398  -39.105  45.119 0.0000000000
38856  30.147  -38.819  44.862 0.0000000000
37710  30.888  -38.952  45.055 0.0000000000
37728  31.506  -39.460  44.881 0.0000000000
36518  32.011  -40.218  44.523 0.0000000000
34162  31.478  -42.471  43.310 0.0000000000
58542  51.372  -18.364  30.036 0.0000000000
55639  50.186  -20.983  29.545 0.0000000000
133702  50.118  -19.532  30.427 0.0000000000
55640  49.480  -21.625  29.819 0.0000000000
132729  48.368  -22.659  29.753 0.0000000000
119764  42.392  -19.941  33.583 0.0000000000
57511  42.638  -19.223  33.024 0.0000000000
58501  43.474  -18.991  33.200 0.0000000000
57509  44.742  -19.459  34.005 0.0000000000
56578  45.990  -20.404  34.115 0.0000000000
115463  44.943  -21.260  32.325 0.0000000000
116700  44.888  -21.366  31.355 0.0000000000
133964  44.056  -21.393  29.412 0.0000000000
41100  38.848  -36.487  41.443 0.0000000000
42122  38.424  -35.357  41.954 0.0000000000
42121  39.072  -34.725  41.631 0.0000000000
43145  39.719  -34.163  41.306 0.0000000000
43144  40.789  -34.546  40.903 0.0000000000
46049  40.171  -31.769  40.083 0.0000000000
46048  40.727  -31.547  40.262 0.0000000000
47038  41.267  -31.230  40.155 0.0000000000
46036  41.697  -31.506  40.640 0.0000000000
47037  41.799  -31.108  40.170 0.0000000000
47995  42.069  -30.577  39.776 0.0000000000
47046  42.587  -30.599  39.545 0.0000000000
48023  43.074  -29.837  39.226 0.0000000000
134321  42.989  -31.182  38.198 0.0000000000
46069  42.821  -31.493  37.541 0.0000000000
115124  43.126  -33.106  38.319 0.0000000000
45106  42.901  -32.619  37.676 0.0000000000
46084  42.624  -31.789  36.654 0.0000000000
45129  42.759  -33.191  35.716 0.0000000000
39986  26.668  -37.125  43.680 0.0000000000
41052  26.355  -36.853  44.618 0.0000000000
39964  26.751  -38.128  46.379 0.0000000000
38849  27.347  -38.743  46.067 0.0000000000
55569  40.991  -21.389  34.104 0.0000000000
55568  41.662  -21.177  34.245 0.0000000000
53624  42.237  -23.711  32.404 0.0000000000
40031  34.595  -36.801  42.306 0.0000000000
41070  35.971  -36.518  42.833 0.0000000000
40009  36.773  -37.483  43.215 0.0000000000
41069  36.778  -36.678  43.078 0.0000000000
126003  37.771  -36.874  42.334 0.0000000000
40029  38.329  -37.424  41.575 0.0000000000
37779  37.457  -40.538  41.092 0.0000000000
37799  38.067  -40.460  40.477 0.0000000000
37778  38.142  -39.704  41.204 0.0000000000
38920  38.156  -38.526  41.566 0.0000000000
41118  40.541  -36.859  39.857 0.0000000000
40061  40.921  -38.108  39.156 0.0000000000
123435  41.161  -36.755  39.194 0.0000000000
41135  41.685  -36.617  38.471 0.0000000000
41134  42.077  -35.925  37.993 0.0000000000
40093  41.833  -36.987  36.918 0.0000000000
40109  41.696  -37.891  36.371 0.0000000000
37870  41.104  -39.297  36.478 0.0000000000
39009  41.483  -38.760  36.113 0.0000000000
39999  29.642  -37.903  43.979 0.0000000000
39994  34.886  -37.514  43.653 0.0000000000
38886  33.813  -38.485  44.143 0.0000000000
36532  35.564  -40.541  42.969 0.0000000000
36517  32.748  -40.204  44.310 0.0000000000
35299  33.932  -41.831  43.089 0.0000000000
35314  34.930  -41.729  42.647 0.0000000000
36471  20.345  -41.444  47.131 0.0000000000
57612  51.172  -19.071  25.543 0.0000000000
125930  48.229  -19.552  31.163 0.0000000000
56605  48.534  -20.309  31.912 0.0000000000
56604  48.654  -20.841  31.641 0.0000000000
55597  48.591  -21.323  31.452 0.0000000000
129591  48.394  -22.368  30.586 0.0000000000
55564  46.657  -20.812  33.738 0.0000000000
55581  47.149  -21.244  33.113 0.0000000000
55600  47.462  -21.693  32.190 0.0000000000
54633  46.159  -22.021  31.481 0.0000000000
131612  47.043  -22.077  31.715 0.0000000000
133928  47.723  -22.340  31.122 0.0000000000
53664  47.340  -23.413  29.414 0.0000000000
53678  46.870  -23.921  28.782 0.0000000000
49972  39.544  -27.638  33.511 0.0000000000
49938  38.569  -27.583  36.449 0.0000000000
49950  38.902  -27.765  35.198 0.0000000000
49962  39.669  -27.860  34.341 0.0000000000
49961  40.418  -27.743  34.478 0.0000000000
49934  42.464  -27.229  36.965 0.0000000000
50832  43.299  -27.141  36.604 0.0000000000
126556  44.368  -27.279  36.404 0.0000000000
50830  44.553  -27.340  35.934 0.0000000000
50828  45.304  -27.619  35.617 0.0000000000
48022  43.708  -29.155  38.795 0.0000000000
48021  44.375  -28.538  38.220 0.0000000000
137358  44.058  -30.073  36.508 0.0000000000
48041  44.658  -29.021  37.381 0.0000000000
135299  44.955  -28.070  37.229 0.0000000000
49010  45.551  -28.056  36.111 0.0000000000
49009  45.570  -27.809  35.662 0.0000000000
49945  45.717  -27.894  35.087 0.0000000000
122770  45.927  -28.313  34.265 0.0000000000
49046  46.123  -28.562  33.251 0.0000000000
48118  45.972  -29.077  32.607 0.0000000000
47149  44.895  -30.586  33.388 0.0000000000
47168  45.322  -29.959  32.858 0.0000000000
42200  42.329  -35.309  37.426 0.0000000000
42217  42.572  -35.173  36.596 0.0000000000
41182  42.399  -36.655  35.304 0.0000000000
42236  42.808  -35.054  35.962 0.0000000000
35249  20.766  -41.873  47.509 0.0000000000
36482  27.100  -40.206  45.904 0.0000000000
37836  39.945  -40.225  38.369 0.0000000000
44116  38.808  -33.439  39.367 0.0000000000
47132  45.283  -29.896  33.615 0.0000000000
47996  41.579  -30.768  39.694 0.0000000000
48059  44.646  -29.516  36.446 0.0000000000
49023  45.844  -28.242  35.201 0.0000000000
49034  45.855  -28.200  34.735 0.0000000000
49045  46.055  -28.282  33.722 0.0000000000
49906  43.064  -27.534  38.573 0.0000000000
49919  45.127  -27.708  36.328 0.0000000000
49958  45.785  -28.116  34.511 0.0000000000
49969  45.913  -28.142  33.989 0.0000000000
49970  41.050  -27.477  34.306 0.0000000000
50829  44.949  -27.411  35.489 0.0000000000
50851  45.704  -27.347  33.540 0.0000000000
50858  45.969  -27.719  33.396 0.0000000000
51712  45.415  -27.375  34.115 0.0000000000
54632  48.378  -22.079  31.184 0.0000000000
54666  49.063  -22.193  29.499 0.0000000000
55618  48.775  -21.834  30.997 0.0000000000
57497  44.317  -19.956  34.166 0.0000000000
57508  45.614  -19.578  34.097 0.0000000000
58498  46.059  -19.090  33.823 0.0000000000
115846  40.225  -27.608  35.881 0.0000000000
123335  44.310  -27.472  37.957 0.0000000000
124728  44.609  -26.840  34.754 0.0000000000
127453  47.685  -20.258  33.315 0.0000000000
131531  42.805  -33.025  39.793 0.0000000000
132007  27.112  -37.765  46.214 0.0000000000
134029  46.161  -28.187  33.253 0.0000000000
135323  42.760  -18.033  31.391 0.0000000000
136754  48.394  -20.689  32.381 0.0000000000
136813  48.665  -22.166  30.820 0.0000000000
