#!ascii label  , from subject sub-v1s12x0050109_ses-1 vox2ras=TkReg
1045
94592  45.844  22.134  23.729 0.0000000000
96163  49.987  24.652  23.292 0.0000000000
117621  49.785  15.898  29.341 0.0000000000
93833  40.062  20.968  23.335 0.0000000000
91608  44.682  18.238  21.506 0.0000000000
93911  47.974  21.827  17.156 0.0000000000
96169  43.362  24.428  23.453 0.0000000000
96892  45.919  26.024  17.973 0.0000000000
89153  44.773  15.768  34.134 0.0000000000
89234  41.105  15.396  25.801 0.0000000000
93836  52.022  21.453  22.464 0.0000000000
92276  49.567  18.715  26.635 0.0000000000
94547  50.649  22.302  28.167 0.0000000000
92218  45.849  19.034  30.420 0.0000000000
98925  50.483  28.507  14.298 0.0000000000
95472  51.951  22.609  16.517 0.0000000000
129217  45.840  16.318  21.516 0.0000000000
119315  42.669  21.588  23.788 0.0000000000
91573  42.068  18.715  23.425 0.0000000000
93050  44.120  20.231  25.104 0.0000000000
115419  46.881  22.856  20.189 0.0000000000
127521  43.841  23.179  20.820 0.0000000000
97504  42.150  26.049  20.953 0.0000000000
120948  44.019  14.018  34.611 0.0000000000
88449  41.992  14.341  30.685 0.0000000000
133460  43.773  12.047  31.920 0.0000000000
96943  48.715  25.010  11.596 0.0000000000
117545  51.566  23.661  22.805 0.0000000000
94566  52.260  21.886  25.877 0.0000000000
95366  50.183  23.972  26.479 0.0000000000
136578  42.685  23.698  29.895 0.0000000000
124577  45.754  22.308  29.936 0.0000000000
92987  43.856  20.657  29.477 0.0000000000
91483  43.392  18.303  31.606 0.0000000000
116426  48.240  25.472  20.683 0.0000000000
96210  48.691  24.807  17.638 0.0000000000
96191  50.938  24.879  20.445 0.0000000000
94655  52.597  22.464  19.789 0.0000000000
90058  51.451  16.092  26.857 0.0000000000
90845  49.678  16.749  23.239 0.0000000000
115427  47.751  16.300  25.860 0.0000000000
91625  41.751  17.941  20.276 0.0000000000
130186  43.275  17.674  18.776 0.0000000000
114816  49.515  19.833  13.799 0.0000000000
94731  45.506  22.564  14.391 0.0000000000
96166  46.678  24.723  23.373 0.0000000000
115425  47.613  24.423  26.285 0.0000000000
100442  42.924  30.300  17.658 0.0000000000
98206  44.760  27.933  16.021 0.0000000000
96853  45.425  25.593  21.028 0.0000000000
89998  47.104  16.375  31.272 0.0000000000
90048  45.117  16.419  27.872 0.0000000000
89189  43.135  15.693  28.891 0.0000000000
87756  39.984  13.381  27.001 0.0000000000
94597  48.650  22.269  22.774 0.0000000000
93806  47.506  21.276  25.625 0.0000000000
93041  51.061  20.578  25.637 0.0000000000
92274  52.037  19.568  27.135 0.0000000000
91504  51.600  17.615  29.586 0.0000000000
94550  48.092  23.853  28.786 0.0000000000
121583  48.099  21.067  29.574 0.0000000000
90795  48.886  16.950  31.374 0.0000000000
91461  46.361  17.480  33.816 0.0000000000
90760  43.372  16.955  34.535 0.0000000000
99712  49.386  29.522  13.236 0.0000000000
96933  51.164  25.151  12.240 0.0000000000
95503  49.893  23.522  14.390 0.0000000000
94737  51.817  21.385  13.716 0.0000000000
93098  51.823  20.587  16.813 0.0000000000
134573  50.656  21.603  19.540 0.0000000000
91563  47.235  18.583  24.042 0.0000000000
91620  47.278  17.259  20.254 0.0000000000
89289  44.471  16.471  18.161 0.0000000000
137166  43.333  15.961  24.072 0.0000000000
94593  44.394  22.201  23.298 0.0000000000
115524  43.359  21.357  24.294 0.0000000000
121362  44.795  21.455  24.676 0.0000000000
121221  46.370  22.704  21.635 0.0000000000
94641  45.539  23.101  20.709 0.0000000000
137782  45.133  22.579  22.137 0.0000000000
94601  43.331  22.427  22.602 0.0000000000
87695  43.143  13.020  34.794 0.0000000000
87709  43.601  13.345  33.319 0.0000000000
123566  43.786  12.387  33.256 0.0000000000
90917  41.511  16.886  17.358 0.0000000000
96162  50.565  24.438  22.866 0.0000000000
95379  51.012  23.575  24.920 0.0000000000
96139  49.739  24.343  25.132 0.0000000000
94551  41.239  22.664  28.926 0.0000000000
93755  42.939  21.937  29.242 0.0000000000
96838  48.965  25.268  22.154 0.0000000000
96862  50.069  25.203  20.494 0.0000000000
96837  50.230  24.964  22.008 0.0000000000
96175  51.155  24.422  21.651 0.0000000000
90025  50.771  15.793  28.581 0.0000000000
90060  50.190  16.097  25.990 0.0000000000
90046  47.941  16.425  27.650 0.0000000000
93059  39.068  20.165  23.088 0.0000000000
92310  39.561  19.394  23.094 0.0000000000
134834  43.350  18.380  22.955 0.0000000000
126960  41.368  18.289  22.135 0.0000000000
91611  42.450  18.260  21.684 0.0000000000
91634  42.508  17.833  19.477 0.0000000000
91623  44.216  17.944  19.948 0.0000000000
93921  48.897  21.149  15.719 0.0000000000
93933  47.987  21.067  14.312 0.0000000000
94716  46.898  22.274  16.150 0.0000000000
135867  40.388  22.136  22.388 0.0000000000
124853  39.586  21.358  22.831 0.0000000000
96180  45.095  24.664  22.972 0.0000000000
96154  45.588  24.133  24.557 0.0000000000
115245  43.774  23.981  24.886 0.0000000000
96843  43.266  25.002  22.147 0.0000000000
96866  44.038  25.900  20.672 0.0000000000
96842  44.388  24.976  22.190 0.0000000000
96840  46.294  25.154  22.110 0.0000000000
89987  45.386  16.103  32.111 0.0000000000
90000  45.268  16.183  30.756 0.0000000000
89175  44.320  15.878  31.433 0.0000000000
87728  41.677  13.293  29.736 0.0000000000
88474  40.666  14.041  28.461 0.0000000000
86973  40.511  12.784  27.559 0.0000000000
129080  49.755  21.938  22.584 0.0000000000
93815  49.426  21.708  24.208 0.0000000000
93826  51.436  21.072  23.750 0.0000000000
94558  51.977  21.833  26.769 0.0000000000
93026  52.085  20.377  26.623 0.0000000000
93767  51.997  20.755  27.692 0.0000000000
92240  52.073  18.964  28.357 0.0000000000
92998  51.000  20.238  28.760 0.0000000000
115075  46.151  24.808  28.031 0.0000000000
96107  47.624  24.622  27.893 0.0000000000
95346  46.806  24.413  28.840 0.0000000000
92985  45.703  20.688  29.690 0.0000000000
93752  47.297  21.528  29.669 0.0000000000
92227  46.990  19.710  29.870 0.0000000000
92215  48.275  19.046  30.243 0.0000000000
91492  47.665  17.899  31.571 0.0000000000
91479  47.742  17.362  32.492 0.0000000000
91481  46.076  18.253  32.181 0.0000000000
91484  42.429  18.094  31.697 0.0000000000
91472  43.235  17.982  32.613 0.0000000000
98934  50.564  29.149  13.704 0.0000000000
115888  50.404  27.395  12.588 0.0000000000
130910  50.949  26.901  13.165 0.0000000000
97539  45.223  26.586  16.354 0.0000000000
98205  46.125  27.157  15.439 0.0000000000
96900  46.395  25.652  16.479 0.0000000000
134924  50.123  24.282  17.614 0.0000000000
96218  49.238  23.875  16.127 0.0000000000
95473  50.990  22.612  15.820 0.0000000000
95502  50.827  22.752  14.137 0.0000000000
94714  52.349  21.444  15.557 0.0000000000
132541  52.200  20.166  15.026 0.0000000000
94683  53.187  21.280  16.968 0.0000000000
93853  52.416  22.007  21.214 0.0000000000
93881  51.669  21.428  20.118 0.0000000000
93872  51.323  21.571  21.145 0.0000000000
94612  49.576  22.101  21.669 0.0000000000
93029  48.572  20.148  26.519 0.0000000000
92290  46.734  19.638  25.760 0.0000000000
92289  47.664  19.090  25.937 0.0000000000
90089  48.573  16.356  22.565 0.0000000000
90852  49.031  16.676  21.718 0.0000000000
116692  47.321  16.943  20.346 0.0000000000
90141  45.936  16.970  19.225 0.0000000000
90129  44.776  16.228  20.026 0.0000000000
90064  43.610  16.029  26.491 0.0000000000
90075  44.232  16.270  25.901 0.0000000000
90077  42.683  15.827  25.380 0.0000000000
93831  41.771  21.188  23.862 0.0000000000
93055  41.221  20.360  23.851 0.0000000000
93821  42.609  20.880  24.362 0.0000000000
92302  42.988  19.094  24.261 0.0000000000
91565  44.258  18.825  24.347 0.0000000000
94669  47.375  22.406  18.642 0.0000000000
94603  41.724  22.315  22.455 0.0000000000
89154  44.231  15.169  34.734 0.0000000000
118511  42.908  15.176  31.599 0.0000000000
118979  43.029  14.571  32.311 0.0000000000
87717  42.344  13.658  31.256 0.0000000000
94587  52.323  22.377  23.389 0.0000000000
93802  52.348  21.474  24.516 0.0000000000
95378  51.843  22.964  24.602 0.0000000000
95365  51.483  22.746  26.386 0.0000000000
94559  50.995  22.760  27.310 0.0000000000
127118  43.847  24.667  29.938 0.0000000000
122493  45.715  24.293  29.483 0.0000000000
94532  44.397  23.353  30.105 0.0000000000
93754  44.393  21.475  29.604 0.0000000000
135422  44.717  19.668  29.941 0.0000000000
91495  44.613  18.643  30.972 0.0000000000
92220  43.671  19.110  29.977 0.0000000000
119301  42.040  18.656  29.988 0.0000000000
91498  41.343  18.283  30.399 0.0000000000
124092  49.425  28.952  15.162 0.0000000000
96878  47.105  25.711  19.311 0.0000000000
96890  47.345  25.492  17.772 0.0000000000
96884  48.778  25.462  18.974 0.0000000000
118266  50.557  25.001  18.798 0.0000000000
96205  51.247  24.638  18.822 0.0000000000
95436  52.638  22.529  18.021 0.0000000000
95404  51.682  23.954  20.479 0.0000000000
95390  52.056  23.440  21.481 0.0000000000
91548  50.792  17.360  26.577 0.0000000000
91556  50.279  17.096  24.759 0.0000000000
90080  50.116  16.668  24.702 0.0000000000
90082  49.238  16.261  24.111 0.0000000000
90090  47.066  16.277  22.956 0.0000000000
88494  39.890  14.557  24.909 0.0000000000
88497  39.844  14.702  24.059 0.0000000000
134728  39.288  17.685  21.315 0.0000000000
133125  40.648  18.554  22.720 0.0000000000
125638  40.459  17.882  21.198 0.0000000000
90886  40.301  17.530  19.731 0.0000000000
91636  41.043  17.625  19.238 0.0000000000
90900  41.638  17.526  18.424 0.0000000000
130222  43.080  17.035  17.554 0.0000000000
93126  47.908  20.330  12.803 0.0000000000
93944  45.757  21.500  12.770 0.0000000000
115023  48.329  24.813  23.855 0.0000000000
96151  48.770  24.704  24.727 0.0000000000
115247  47.176  24.340  25.375 0.0000000000
96123  45.773  24.172  26.708 0.0000000000
96786  44.920  24.989  28.216 0.0000000000
137095  43.522  25.290  28.927 0.0000000000
96074  42.510  24.952  29.838 0.0000000000
99657  43.702  29.291  16.661 0.0000000000
98186  43.883  27.353  16.984 0.0000000000
97527  44.421  26.665  18.130 0.0000000000
97515  45.493  26.195  19.465 0.0000000000
118358  46.300  25.560  20.783 0.0000000000
96839  47.266  25.259  22.022 0.0000000000
115258  47.921  16.414  30.691 0.0000000000
115255  47.172  16.502  28.448 0.0000000000
115428  46.439  16.472  29.160 0.0000000000
90029  44.595  16.169  28.597 0.0000000000
89217  42.118  15.545  27.595 0.0000000000
119660  42.596  15.285  30.542 0.0000000000
118794  41.476  15.148  28.294 0.0000000000
119716  40.122  14.319  26.526 0.0000000000
94590  47.435  22.306  23.409 0.0000000000
94583  46.431  21.938  24.409 0.0000000000
94581  48.422  21.928  24.361 0.0000000000
93805  48.393  21.216  25.656 0.0000000000
93028  49.904  20.233  26.403 0.0000000000
93049  51.987  20.714  25.109 0.0000000000
93027  51.658  19.964  26.448 0.0000000000
92275  50.659  18.675  27.136 0.0000000000
91535  51.890  17.394  27.655 0.0000000000
90815  51.961  16.530  28.551 0.0000000000
89995  50.819  16.138  30.133 0.0000000000
96120  48.850  24.514  26.712 0.0000000000
95355  49.455  23.968  27.757 0.0000000000
94548  49.578  22.754  28.569 0.0000000000
94529  46.959  23.285  29.456 0.0000000000
94527  48.057  22.114  29.380 0.0000000000
93750  49.513  21.216  29.191 0.0000000000
131271  49.453  19.910  29.574 0.0000000000
91490  49.707  17.681  30.538 0.0000000000
89997  49.584  16.289  30.813 0.0000000000
89983  48.271  16.683  31.957 0.0000000000
116061  47.147  16.633  33.280 0.0000000000
89958  46.247  16.793  34.374 0.0000000000
91470  44.944  17.935  33.276 0.0000000000
91463  44.938  17.458  34.187 0.0000000000
89144  44.753  16.028  34.863 0.0000000000
89951  42.844  15.644  35.438 0.0000000000
98231  48.640  27.283  12.624 0.0000000000
125417  50.393  25.273  11.765 0.0000000000
95533  51.261  23.551  11.473 0.0000000000
96227  47.708  24.747  15.751 0.0000000000
96927  50.119  25.429  13.647 0.0000000000
96241  51.126  24.138  12.996 0.0000000000
95514  51.639  23.173  12.303 0.0000000000
93963  51.448  21.849  12.100 0.0000000000
92360  51.136  19.657  13.456 0.0000000000
93104  50.675  20.332  15.680 0.0000000000
93901  49.785  21.331  17.267 0.0000000000
93888  52.746  21.097  18.299 0.0000000000
93889  51.629  21.087  18.798 0.0000000000
93890  48.993  21.811  18.466 0.0000000000
94657  48.613  22.317  19.970 0.0000000000
117009  47.873  22.615  21.306 0.0000000000
93044  45.504  20.541  25.489 0.0000000000
92297  45.199  19.289  25.100 0.0000000000
91570  45.708  18.496  23.163 0.0000000000
91562  48.694  18.112  23.672 0.0000000000
91579  47.854  17.929  21.735 0.0000000000
123008  45.829  18.183  21.156 0.0000000000
91632  44.951  17.632  19.364 0.0000000000
90907  44.426  17.015  18.040 0.0000000000
115251  45.793  16.470  26.385 0.0000000000
90083  45.671  16.305  24.812 0.0000000000
125623  44.299  16.119  22.640 0.0000000000
89244  41.264  15.492  23.432 0.0000000000
132711  44.256  16.117  21.192 0.0000000000
86916  44.107  11.351  31.913 0.0000000000
86926  43.592  11.820  30.893 0.0000000000
119178  45.256  22.339  22.939 0.0000000000
93828  44.983  21.986  23.914 0.0000000000
131958  46.181  22.385  22.918 0.0000000000
94599  45.810  22.543  22.214 0.0000000000
94600  44.555  22.484  22.470 0.0000000000
86903  43.643  12.617  33.992 0.0000000000
96149  50.388  24.252  23.684 0.0000000000
96150  49.840  24.458  24.202 0.0000000000
96830  49.719  24.982  22.629 0.0000000000
118396  49.641  25.195  21.913 0.0000000000
96177  50.288  24.732  22.554 0.0000000000
131863  49.011  16.294  27.596 0.0000000000
90027  48.533  16.301  28.670 0.0000000000
137677  39.460  20.738  23.138 0.0000000000
93057  39.778  20.215  23.367 0.0000000000
91582  43.543  18.259  21.867 0.0000000000
91610  43.370  18.160  20.742 0.0000000000
91609  44.199  18.168  20.849 0.0000000000
116047  48.456  21.559  16.381 0.0000000000
136330  48.213  21.455  15.719 0.0000000000
124276  47.634  21.918  16.140 0.0000000000
93841  40.418  21.654  22.863 0.0000000000
94605  39.837  22.022  22.377 0.0000000000
93842  38.890  20.910  22.801 0.0000000000
134434  44.212  24.514  23.201 0.0000000000
96168  44.868  24.269  23.841 0.0000000000
117641  43.993  24.153  24.041 0.0000000000
96181  43.610  24.689  22.751 0.0000000000
89972  45.561  16.161  33.423 0.0000000000
89164  44.532  15.822  32.778 0.0000000000
86960  40.899  12.947  28.267 0.0000000000
93837  51.232  21.427  22.774 0.0000000000
93827  50.257  21.594  23.486 0.0000000000
93782  51.625  21.648  27.606 0.0000000000
93768  51.186  21.136  28.325 0.0000000000
92997  51.945  19.954  28.125 0.0000000000
92999  50.339  20.971  28.891 0.0000000000
96092  45.736  24.785  28.514 0.0000000000
96091  46.681  24.659  28.293 0.0000000000
96070  46.099  24.574  28.903 0.0000000000
92228  46.191  19.784  29.834 0.0000000000
92984  46.587  20.836  29.717 0.0000000000
92217  46.635  18.978  30.469 0.0000000000
92216  47.480  18.778  30.562 0.0000000000
91480  47.029  17.900  32.205 0.0000000000
123574  46.340  18.549  31.271 0.0000000000
90786  41.466  17.681  32.092 0.0000000000
98911  50.479  29.359  14.417 0.0000000000
99686  50.576  29.934  14.051 0.0000000000
98924  50.679  28.662  14.012 0.0000000000
98212  50.693  27.973  13.612 0.0000000000
97557  50.726  27.211  13.652 0.0000000000
96901  45.745  25.997  16.906 0.0000000000
97538  45.868  26.114  15.996 0.0000000000
121609  50.916  23.142  16.736 0.0000000000
95474  50.111  23.307  15.928 0.0000000000
94699  51.931  22.128  15.822 0.0000000000
94698  52.634  21.719  16.402 0.0000000000
95453  52.702  22.140  17.162 0.0000000000
93854  52.036  21.606  21.602 0.0000000000
93855  51.566  21.479  21.968 0.0000000000
94596  50.619  21.722  21.884 0.0000000000
137940  48.744  19.426  26.502 0.0000000000
92277  47.994  19.638  26.359 0.0000000000
91549  48.667  18.862  26.307 0.0000000000
90100  47.823  16.500  21.882 0.0000000000
131663  48.250  16.916  21.118 0.0000000000
90110  47.072  16.584  21.160 0.0000000000
90111  46.360  16.564  20.535 0.0000000000
90112  45.289  16.306  20.854 0.0000000000
89227  41.985  15.630  25.977 0.0000000000
90065  42.822  15.828  26.220 0.0000000000
89233  41.752  15.614  25.034 0.0000000000
93820  44.042  21.084  24.791 0.0000000000
93051  43.383  20.515  24.694 0.0000000000
92299  43.603  19.438  24.655 0.0000000000
126587  43.660  18.624  23.791 0.0000000000
94658  47.589  22.587  19.562 0.0000000000
94659  46.590  22.828  19.223 0.0000000000
94642  44.749  23.125  20.928 0.0000000000
95405  45.228  23.273  20.112 0.0000000000
94602  42.560  22.420  22.457 0.0000000000
93838  42.813  22.132  23.169 0.0000000000
93839  42.114  21.937  23.204 0.0000000000
89166  44.009  14.580  34.183 0.0000000000
89177  43.461  14.976  32.823 0.0000000000
88443  43.761  14.187  33.607 0.0000000000
87716  43.433  12.773  32.371 0.0000000000
86927  42.661  12.880  30.979 0.0000000000
97577  47.878  26.424  12.450 0.0000000000
97586  47.186  25.748  11.972 0.0000000000
134002  52.103  23.113  22.993 0.0000000000
95377  51.882  23.234  23.679 0.0000000000
95374  50.294  24.038  25.556 0.0000000000
121395  50.920  23.521  25.963 0.0000000000
133113  50.733  23.398  26.695 0.0000000000
95354  50.114  23.684  27.241 0.0000000000
135232  43.825  24.035  30.190 0.0000000000
94533  43.289  23.225  29.896 0.0000000000
135188  43.640  21.421  29.366 0.0000000000
92986  44.778  20.539  29.648 0.0000000000
92230  44.070  19.843  29.858 0.0000000000
91507  42.316  19.222  29.447 0.0000000000
96877  47.741  25.527  19.963 0.0000000000
132841  47.998  25.481  19.333 0.0000000000
123007  48.663  25.522  19.851 0.0000000000
96875  50.545  25.089  20.045 0.0000000000
96201  50.503  25.126  19.334 0.0000000000
137330  50.868  25.040  19.122 0.0000000000
96199  51.440  24.460  19.453 0.0000000000
96204  51.853  24.007  19.096 0.0000000000
96190  51.325  24.479  20.090 0.0000000000
95387  51.545  23.897  21.983 0.0000000000
95386  52.049  23.295  22.288 0.0000000000
94595  52.318  22.489  22.594 0.0000000000
90829  51.580  16.738  26.896 0.0000000000
91555  50.682  16.759  25.555 0.0000000000
90070  50.625  16.440  25.684 0.0000000000
118988  48.933  16.380  25.941 0.0000000000
90072  49.069  16.229  25.028 0.0000000000
116434  47.825  16.258  24.915 0.0000000000
117743  47.852  16.227  23.789 0.0000000000
90870  38.582  17.574  21.320 0.0000000000
91613  39.720  18.079  21.828 0.0000000000
92304  41.570  19.414  23.847 0.0000000000
92305  40.827  19.525  23.605 0.0000000000
91574  41.224  18.728  23.198 0.0000000000
138745  41.835  18.133  21.159 0.0000000000
124409  41.127  18.013  21.165 0.0000000000
91626  40.910  17.780  20.207 0.0000000000
90899  42.482  17.625  18.570 0.0000000000
90909  42.482  17.324  17.858 0.0000000000
90908  43.206  17.417  18.038 0.0000000000
93124  49.660  19.814  13.006 0.0000000000
93125  48.808  20.125  13.304 0.0000000000
94730  46.350  22.165  14.743 0.0000000000
121553  46.681  21.601  13.932 0.0000000000
94738  46.079  21.970  13.680 0.0000000000
94732  44.769  23.018  13.990 0.0000000000
133254  47.405  24.696  23.829 0.0000000000
96152  47.775  24.614  24.609 0.0000000000
96153  46.653  24.420  24.356 0.0000000000
96143  45.436  23.956  25.678 0.0000000000
96800  44.107  25.115  28.456 0.0000000000
96073  43.211  24.916  29.735 0.0000000000
100453  43.899  30.098  16.817 0.0000000000
99644  43.137  29.710  17.098 0.0000000000
98187  43.281  27.747  17.459 0.0000000000
97532  43.767  27.121  17.775 0.0000000000
97531  44.291  26.882  17.337 0.0000000000
96865  44.931  25.870  20.662 0.0000000000
97509  44.787  26.240  20.065 0.0000000000
133770  45.674  25.887  20.258 0.0000000000
136078  46.313  25.748  20.213 0.0000000000
96179  45.984  24.819  22.814 0.0000000000
96178  46.753  24.982  22.654 0.0000000000
96165  47.657  24.897  22.989 0.0000000000
90009  46.800  16.435  30.192 0.0000000000
89999  46.215  16.349  30.720 0.0000000000
90012  43.972  15.928  29.217 0.0000000000
90011  44.860  16.150  29.546 0.0000000000
89206  43.031  15.751  27.947 0.0000000000
89184  42.413  14.797  31.130 0.0000000000
89191  41.975  14.927  30.149 0.0000000000
129571  41.139  14.509  28.849 0.0000000000
88473  40.796  14.634  28.022 0.0000000000
89228  40.663  14.851  27.132 0.0000000000
88489  39.719  13.615  26.024 0.0000000000
86985  39.665  12.943  26.158 0.0000000000
129122  47.826  22.424  22.847 0.0000000000
94582  47.426  22.071  24.243 0.0000000000
94589  48.227  22.207  23.570 0.0000000000
126715  50.116  21.163  24.929 0.0000000000
93816  48.922  21.528  25.044 0.0000000000
93804  49.474  20.914  25.684 0.0000000000
93790  48.794  20.687  26.103 0.0000000000
93813  52.091  20.985  24.290 0.0000000000
93803  52.358  21.092  25.256 0.0000000000
93015  52.147  20.107  27.361 0.0000000000
124411  51.565  19.317  27.147 0.0000000000
91536  51.353  17.780  27.370 0.0000000000
92258  51.867  18.568  27.530 0.0000000000
91503  52.151  18.310  28.942 0.0000000000
90801  52.310  17.339  28.936 0.0000000000
90802  51.658  16.656  29.572 0.0000000000
96141  48.178  24.546  25.510 0.0000000000
96140  49.062  24.556  25.624 0.0000000000
118987  48.422  24.509  26.308 0.0000000000
96090  48.150  24.533  28.044 0.0000000000
95356  48.798  24.332  27.905 0.0000000000
95345  48.325  24.283  28.323 0.0000000000
95344  49.002  23.741  28.374 0.0000000000
94549  48.578  22.985  28.928 0.0000000000
94531  45.478  23.438  29.985 0.0000000000
95327  46.386  23.881  29.388 0.0000000000
94530  46.366  22.902  29.765 0.0000000000
93751  48.708  21.422  29.354 0.0000000000
92982  48.980  20.524  29.545 0.0000000000
118264  48.271  18.052  30.978 0.0000000000
91506  48.971  18.405  30.550 0.0000000000
91491  48.926  17.382  31.052 0.0000000000
90794  49.663  16.868  30.905 0.0000000000
89982  48.973  16.584  31.124 0.0000000000
115414  48.840  16.611  31.193 0.0000000000
90784  48.342  16.790  32.029 0.0000000000
91467  47.343  17.223  33.312 0.0000000000
89969  47.395  16.860  33.284 0.0000000000
89956  46.975  16.996  33.953 0.0000000000
89971  46.440  16.536  33.833 0.0000000000
89957  46.554  16.952  34.276 0.0000000000
119407  44.139  18.446  31.509 0.0000000000
91482  45.000  18.369  32.082 0.0000000000
116633  44.097  18.214  32.424 0.0000000000
90775  43.248  17.541  33.632 0.0000000000
91471  44.083  17.771  33.448 0.0000000000
91464  44.129  17.240  34.328 0.0000000000
90758  44.866  16.525  34.789 0.0000000000
90759  44.223  16.618  34.830 0.0000000000
89145  43.910  15.559  35.226 0.0000000000
99696  49.700  30.297  13.425 0.0000000000
100495  49.148  30.953  13.518 0.0000000000
99697  48.797  30.096  13.407 0.0000000000
117854  49.345  28.157  12.741 0.0000000000
96934  50.952  25.723  12.272 0.0000000000
97585  50.612  25.880  12.129 0.0000000000
96942  50.947  25.090  11.816 0.0000000000
96254  51.151  24.252  11.601 0.0000000000
96253  51.370  23.972  11.748 0.0000000000
96889  48.231  25.315  18.121 0.0000000000
96211  47.734  25.056  16.977 0.0000000000
96219  48.460  24.448  16.471 0.0000000000
95490  49.098  23.954  14.738 0.0000000000
96226  48.555  24.239  15.299 0.0000000000
96233  48.665  24.483  14.558 0.0000000000
96916  49.235  24.807  14.022 0.0000000000
96242  50.146  24.331  13.665 0.0000000000
94729  51.516  22.025  13.820 0.0000000000
95515  51.494  23.112  13.087 0.0000000000
121327  51.706  22.328  12.914 0.0000000000
94751  51.624  22.560  12.248 0.0000000000
119981  51.721  21.491  12.957 0.0000000000
93123  51.262  19.920  13.019 0.0000000000
119030  51.741  20.378  13.387 0.0000000000
93102  52.405  20.556  16.256 0.0000000000
93108  52.057  20.193  15.440 0.0000000000
93103  51.522  20.324  15.962 0.0000000000
93909  50.524  20.730  16.477 0.0000000000
93908  50.957  20.860  17.302 0.0000000000
130109  52.723  21.943  19.017 0.0000000000
94666  52.816  21.703  18.324 0.0000000000
136029  51.703  21.238  19.475 0.0000000000
123386  50.117  21.578  18.678 0.0000000000
94667  49.336  21.913  19.271 0.0000000000
94656  49.633  21.944  20.002 0.0000000000
127338  48.937  22.290  22.121 0.0000000000
94613  48.697  22.391  21.464 0.0000000000
94598  48.098  22.499  22.124 0.0000000000
132942  47.538  22.502  22.416 0.0000000000
93817  46.993  21.698  25.067 0.0000000000
93818  46.152  21.506  25.096 0.0000000000
120434  46.664  21.163  25.589 0.0000000000
91558  46.818  19.002  25.271 0.0000000000
92291  45.858  19.652  25.444 0.0000000000
126588  45.964  18.881  24.819 0.0000000000
91564  45.138  18.778  24.337 0.0000000000
116392  46.140  18.646  23.867 0.0000000000
133612  49.992  16.819  23.979 0.0000000000
91561  49.638  17.397  23.990 0.0000000000
91606  47.925  17.264  20.829 0.0000000000
91605  48.581  17.165  21.376 0.0000000000
91607  46.982  17.890  20.969 0.0000000000
91580  46.410  18.264  22.024 0.0000000000
91621  46.341  17.726  20.251 0.0000000000
91622  45.181  17.992  20.300 0.0000000000
91631  45.805  17.494  19.613 0.0000000000
90142  45.145  16.811  18.653 0.0000000000
90151  45.229  16.965  18.671 0.0000000000
90152  44.519  16.725  18.103 0.0000000000
90153  44.004  16.664  17.684 0.0000000000
89299  43.565  16.229  17.523 0.0000000000
115254  46.122  16.531  28.182 0.0000000000
90047  46.862  16.534  27.502 0.0000000000
115252  45.893  16.532  27.256 0.0000000000
116060  44.156  16.219  25.043 0.0000000000
115249  44.940  16.362  25.295 0.0000000000
131704  44.041  16.137  24.166 0.0000000000
116141  45.031  16.260  24.286 0.0000000000
90093  43.759  16.031  23.401 0.0000000000
88501  39.879  14.802  23.171 0.0000000000
89245  40.458  15.189  23.773 0.0000000000
89252  40.647  15.222  22.806 0.0000000000
93830  43.504  22.019  23.482 0.0000000000
93829  44.160  21.691  24.111 0.0000000000
93808  44.754  20.806  25.192 0.0000000000
94614  47.052  22.775  21.062 0.0000000000
116140  46.221  22.945  20.862 0.0000000000
94615  45.487  22.825  21.463 0.0000000000
122227  44.092  22.911  21.439 0.0000000000
94616  43.209  22.805  21.582 0.0000000000
118077  43.972  22.637  22.091 0.0000000000
128031  43.949  22.395  22.786 0.0000000000
88435  43.502  13.660  35.170 0.0000000000
87703  43.966  13.387  34.364 0.0000000000
95384  51.030  23.892  23.350 0.0000000000
119471  51.300  23.515  24.115 0.0000000000
132265  50.738  23.835  24.080 0.0000000000
96138  50.311  24.101  24.587 0.0000000000
94534  42.240  22.988  29.496 0.0000000000
92988  43.038  20.736  29.008 0.0000000000
96850  49.060  25.417  21.370 0.0000000000
96863  49.301  25.440  20.563 0.0000000000
96849  49.975  25.176  21.265 0.0000000000
96186  50.829  24.805  21.233 0.0000000000
96185  51.247  24.475  20.862 0.0000000000
96176  50.651  24.685  22.033 0.0000000000
96161  51.064  24.251  22.460 0.0000000000
90044  50.961  15.764  27.293 0.0000000000
90059  50.987  15.952  26.317 0.0000000000
90045  50.106  15.926  26.896 0.0000000000
116435  48.918  16.370  26.804 0.0000000000
115253  47.750  16.396  26.767 0.0000000000
91572  42.813  18.668  23.609 0.0000000000
91584  41.934  18.421  22.672 0.0000000000
91583  42.672  18.386  22.727 0.0000000000
91624  42.528  18.078  20.505 0.0000000000
125347  43.329  17.900  19.713 0.0000000000
91633  44.109  17.672  19.045 0.0000000000
93111  49.278  20.624  14.980 0.0000000000
93118  48.847  20.475  14.170 0.0000000000
93932  48.484  21.054  15.013 0.0000000000
93922  47.745  21.543  15.214 0.0000000000
93843  38.130  21.103  22.464 0.0000000000
96167  45.785  24.486  23.639 0.0000000000
115246  44.652  23.975  24.748 0.0000000000
96856  42.720  25.470  21.565 0.0000000000
135201  43.153  25.785  21.002 0.0000000000
96855  43.717  25.440  21.482 0.0000000000
96854  44.615  25.531  21.289 0.0000000000
96841  45.139  25.308  21.659 0.0000000000
128073  45.853  25.338  21.534 0.0000000000
130111  45.442  25.025  22.205 0.0000000000
121511  46.262  16.283  31.656 0.0000000000
90001  44.157  15.885  30.258 0.0000000000
120933  43.237  15.639  29.895 0.0000000000
119281  41.715  13.821  30.285 0.0000000000
120812  41.547  14.426  29.719 0.0000000000
87729  41.151  13.951  29.308 0.0000000000
87749  40.507  13.484  27.933 0.0000000000
94588  49.159  21.996  23.416 0.0000000000
131117  50.526  21.279  24.198 0.0000000000
93814  51.370  20.861  24.609 0.0000000000
93789  52.300  21.041  26.194 0.0000000000
93781  52.180  20.925  27.032 0.0000000000
92257  52.003  19.194  27.761 0.0000000000
92224  51.617  19.289  28.756 0.0000000000
126426  51.195  18.745  29.410 0.0000000000
96122  47.164  24.554  27.021 0.0000000000
96121  47.922  24.575  27.162 0.0000000000
96108  47.014  24.655  27.702 0.0000000000
131270  47.567  24.438  28.470 0.0000000000
133282  45.974  21.499  29.818 0.0000000000
93753  46.513  21.955  29.807 0.0000000000
92983  47.457  20.493  29.670 0.0000000000
130442  48.221  20.023  29.694 0.0000000000
131482  47.662  19.589  29.895 0.0000000000
91478  48.339  17.234  31.906 0.0000000000
91468  46.650  17.663  33.177 0.0000000000
90776  42.383  17.713  32.851 0.0000000000
100493  50.263  30.768  13.801 0.0000000000
99695  50.219  29.955  13.597 0.0000000000
99710  50.200  29.161  13.336 0.0000000000
98230  50.200  28.200  12.789 0.0000000000
98943  50.485  28.472  13.239 0.0000000000
97573  50.973  27.078  12.903 0.0000000000
97566  50.984  25.987  12.729 0.0000000000
98191  44.911  27.219  16.051 0.0000000000
129639  45.427  27.516  15.747 0.0000000000
97552  45.578  26.792  15.749 0.0000000000
97551  46.297  26.412  15.504 0.0000000000
115026  49.330  24.292  17.179 0.0000000000
131417  50.030  23.753  16.889 0.0000000000
95488  50.352  22.925  15.061 0.0000000000
94715  51.395  22.090  14.949 0.0000000000
94728  52.014  21.332  14.618 0.0000000000
93931  52.198  20.712  14.454 0.0000000000
93919  52.433  20.853  15.341 0.0000000000
93907  52.993  21.009  16.342 0.0000000000
93097  52.938  20.763  17.055 0.0000000000
93870  52.505  21.955  20.318 0.0000000000
129453  52.296  21.556  19.956 0.0000000000
93871  52.117  21.622  20.733 0.0000000000
93882  50.467  21.761  20.457 0.0000000000
94638  49.351  22.145  20.787 0.0000000000
94637  50.240  21.859  21.185 0.0000000000
93791  47.994  20.784  26.135 0.0000000000
93042  47.201  20.642  25.987 0.0000000000
92278  47.212  19.912  26.121 0.0000000000
91557  48.180  18.473  24.789 0.0000000000
132888  49.278  16.484  22.366 0.0000000000
90847  49.404  16.717  22.384 0.0000000000
90109  48.902  16.740  21.650 0.0000000000
90868  48.317  16.926  21.124 0.0000000000
90125  47.813  17.012  20.320 0.0000000000
90140  46.664  17.035  19.729 0.0000000000
90127  46.525  16.925  19.769 0.0000000000
90128  45.629  16.708  19.287 0.0000000000
89269  44.777  16.354  18.957 0.0000000000
90049  44.532  16.252  27.363 0.0000000000
90062  45.068  16.443  26.959 0.0000000000
90076  43.475  16.046  25.657 0.0000000000
90085  42.644  15.827  24.496 0.0000000000
93832  40.855  21.091  23.496 0.0000000000
93056  40.483  20.339  23.572 0.0000000000
93054  41.996  20.244  24.225 0.0000000000
92300  42.790  19.924  24.455 0.0000000000
92303  42.326  19.288  24.090 0.0000000000
117987  44.172  18.330  22.655 0.0000000000
94684  48.048  21.912  18.137 0.0000000000
94700  47.049  22.141  16.887 0.0000000000
94670  46.556  22.615  18.254 0.0000000000
114992  46.022  23.046  20.066 0.0000000000
94617  42.183  22.685  21.678 0.0000000000
94604  40.919  22.209  22.416 0.0000000000
93840  41.285  21.751  23.095 0.0000000000
96857  41.729  25.634  21.700 0.0000000000
96844  42.298  25.077  22.216 0.0000000000
96182  42.803  24.681  22.829 0.0000000000
89165  44.009  15.263  33.488 0.0000000000
89176  43.622  15.481  32.122 0.0000000000
87710  42.639  14.048  31.873 0.0000000000
93824  52.282  21.653  22.941 0.0000000000
93825  52.032  21.177  23.331 0.0000000000
93812  52.320  21.496  23.768 0.0000000000
94580  52.320  22.263  24.190 0.0000000000
94577  52.305  22.051  25.022 0.0000000000
95373  51.698  22.826  25.488 0.0000000000
96072  44.608  24.813  29.566 0.0000000000
96071  45.355  24.740  29.141 0.0000000000
127687  45.123  24.344  29.865 0.0000000000
133053  44.892  23.898  30.168 0.0000000000
125473  44.868  22.387  29.954 0.0000000000
126147  43.922  22.290  29.693 0.0000000000
126164  45.258  21.505  29.739 0.0000000000
92229  45.388  19.778  29.863 0.0000000000
91494  45.485  18.619  31.172 0.0000000000
124684  45.073  19.048  30.361 0.0000000000
92219  44.320  19.043  30.222 0.0000000000
91496  43.692  18.626  30.709 0.0000000000
91497  42.887  18.763  30.077 0.0000000000
114864  42.916  18.397  30.900 0.0000000000
115356  42.210  18.330  30.666 0.0000000000
133177  41.648  18.031  31.198 0.0000000000
91485  40.949  17.820  31.164 0.0000000000
98912  50.141  28.999  14.759 0.0000000000
96886  46.813  25.756  18.380 0.0000000000
96891  46.497  25.677  17.434 0.0000000000
96885  47.720  25.528  18.646 0.0000000000
96207  49.022  25.186  18.457 0.0000000000
96876  49.698  25.321  19.732 0.0000000000
96206  49.740  25.213  18.915 0.0000000000
118880  49.732  24.763  18.169 0.0000000000
96209  50.729  24.583  18.196 0.0000000000
95438  51.394  24.142  18.115 0.0000000000
126284  51.881  23.288  17.479 0.0000000000
95437  52.044  23.721  18.429 0.0000000000
95423  52.561  23.005  19.094 0.0000000000
95403  52.292  23.363  20.136 0.0000000000
95391  51.585  23.978  21.206 0.0000000000
122855  52.047  23.573  20.821 0.0000000000
94636  52.480  22.828  20.797 0.0000000000
94611  52.381  22.667  21.752 0.0000000000
93835  52.317  21.854  22.087 0.0000000000
118777  49.788  17.816  26.087 0.0000000000
90071  50.077  16.247  25.163 0.0000000000
133492  49.889  16.324  24.453 0.0000000000
90081  49.789  16.590  23.686 0.0000000000
128579  49.307  16.395  23.077 0.0000000000
90101  46.428  16.307  22.219 0.0000000000
89235  40.332  14.955  25.593 0.0000000000
130348  40.882  15.358  25.101 0.0000000000
90888  38.326  17.169  20.567 0.0000000000
92306  40.195  19.649  23.429 0.0000000000
92309  40.377  19.009  23.222 0.0000000000
91585  39.936  18.629  22.667 0.0000000000
91612  40.515  18.208  21.986 0.0000000000
91627  40.015  17.674  20.779 0.0000000000
90887  39.312  17.383  20.371 0.0000000000
91635  41.728  17.733  19.304 0.0000000000
138421  41.862  17.220  17.723 0.0000000000
93942  47.339  21.010  13.530 0.0000000000
93127  46.921  20.614  12.582 0.0000000000
94717  46.337  22.440  15.749 0.0000000000
137546  49.536  24.857  23.248 0.0000000000
96164  49.315  24.785  23.900 0.0000000000
135168  46.271  24.131  25.235 0.0000000000
96142  46.565  24.181  26.238 0.0000000000
115815  46.406  24.500  27.317 0.0000000000
96109  45.475  24.639  27.621 0.0000000000
96093  44.867  25.012  28.758 0.0000000000
120109  43.866  25.145  29.311 0.0000000000
95329  43.078  24.356  30.046 0.0000000000
98900  44.052  28.513  16.390 0.0000000000
98901  43.302  28.826  16.855 0.0000000000
98193  43.528  28.033  16.785 0.0000000000
98192  44.254  27.655  16.429 0.0000000000
97540  44.530  26.990  16.646 0.0000000000
97530  45.019  26.465  17.387 0.0000000000
97503  43.063  26.254  20.455 0.0000000000
97516  44.475  26.516  19.170 0.0000000000
97526  45.279  26.340  18.537 0.0000000000
96887  46.181  26.009  18.927 0.0000000000
96879  46.300  25.878  19.721 0.0000000000
96864  46.935  25.647  20.199 0.0000000000
135916  47.533  25.520  20.463 0.0000000000
96852  46.594  25.387  21.477 0.0000000000
96851  47.279  25.480  21.028 0.0000000000
117808  48.163  25.325  21.583 0.0000000000
121118  48.194  25.109  22.328 0.0000000000
96831  48.866  25.020  23.038 0.0000000000
115257  48.809  16.182  30.029 0.0000000000
115256  47.554  16.439  29.529 0.0000000000
90028  45.455  16.372  28.849 0.0000000000
90010  45.807  16.365  29.843 0.0000000000
121510  44.369  16.159  27.893 0.0000000000
90050  43.819  15.995  27.380 0.0000000000
90051  42.938  15.804  27.056 0.0000000000
120932  42.166  15.626  26.761 0.0000000000
89183  43.366  15.590  30.941 0.0000000000
89190  42.416  15.374  29.561 0.0000000000
89208  41.696  15.025  29.220 0.0000000000
89207  42.284  15.470  28.564 0.0000000000
89218  41.294  15.243  27.480 0.0000000000
134066  41.731  15.477  27.111 0.0000000000
129524  40.630  15.063  26.364 0.0000000000
134082  39.886  14.312  25.652 0.0000000000
94591  46.713  22.242  23.591 0.0000000000
131932  47.918  21.713  25.067 0.0000000000
120729  49.544  19.486  26.705 0.0000000000
93040  52.166  20.536  25.863 0.0000000000
122985  50.642  19.510  26.876 0.0000000000
91534  52.174  18.092  28.231 0.0000000000
90814  52.148  17.138  28.175 0.0000000000
90828  51.828  16.550  27.561 0.0000000000
90043  51.496  15.989  27.894 0.0000000000
90007  50.577  15.856  29.837 0.0000000000
118712  49.380  24.565  24.715 0.0000000000
129870  49.602  24.339  26.122 0.0000000000
96106  48.448  24.499  27.535 0.0000000000
96105  49.364  24.307  27.149 0.0000000000
94560  49.977  23.269  27.953 0.0000000000
95326  47.258  23.910  29.066 0.0000000000
129586  47.127  22.488  29.596 0.0000000000
94528  47.670  23.123  29.219 0.0000000000
93769  49.055  22.062  29.017 0.0000000000
134798  50.078  21.792  28.754 0.0000000000
92981  49.978  20.291  29.283 0.0000000000
92225  50.043  19.303  29.677 0.0000000000
92226  49.042  19.436  29.922 0.0000000000
134141  49.608  18.637  30.154 0.0000000000
91505  50.459  18.126  29.950 0.0000000000
90793  50.689  16.879  30.339 0.0000000000
117315  50.209  15.986  30.540 0.0000000000
90008  49.832  15.973  30.418 0.0000000000
115259  48.959  16.411  30.904 0.0000000000
115260  47.936  16.510  31.757 0.0000000000
89968  47.858  16.795  32.621 0.0000000000
89984  47.646  16.704  32.737 0.0000000000
89985  47.135  16.424  32.294 0.0000000000
89986  46.411  16.333  32.846 0.0000000000
89959  45.571  16.399  34.348 0.0000000000
91469  45.812  17.919  33.142 0.0000000000
91462  45.743  17.530  34.011 0.0000000000
130170  45.443  16.800  34.684 0.0000000000
89948  45.493  16.658  34.652 0.0000000000
89155  43.674  14.559  35.349 0.0000000000
88427  42.757  14.082  35.593 0.0000000000
97576  49.079  26.543  12.311 0.0000000000
119304  49.744  27.447  12.481 0.0000000000
96935  49.624  25.732  11.962 0.0000000000
118208  49.701  24.976  11.608 0.0000000000
96255  50.441  24.480  11.470 0.0000000000
95534  50.854  23.131  11.089 0.0000000000
94766  51.225  22.740  11.346 0.0000000000
98913  48.797  28.261  15.134 0.0000000000
98926  49.682  28.177  14.710 0.0000000000
96899  46.968  25.403  16.952 0.0000000000
96909  47.032  25.235  16.153 0.0000000000
134574  49.511  27.192  14.484 0.0000000000
98214  50.356  27.619  14.239 0.0000000000
97567  50.762  26.315  13.344 0.0000000000
96926  50.887  25.232  13.079 0.0000000000
96925  51.201  24.815  12.520 0.0000000000
95516  50.705  23.494  13.639 0.0000000000
96240  51.458  23.886  12.409 0.0000000000
96247  51.547  23.704  12.091 0.0000000000
95527  51.528  23.245  11.769 0.0000000000
94765  51.472  22.589  11.735 0.0000000000
93964  51.163  21.974  11.474 0.0000000000
93131  50.703  20.316  12.312 0.0000000000
92354  50.347  19.630  13.524 0.0000000000
92351  51.878  19.825  14.739 0.0000000000
93116  51.076  19.720  14.519 0.0000000000
93110  50.269  20.193  14.940 0.0000000000
93920  49.799  20.730  15.711 0.0000000000
132148  49.342  21.228  16.440 0.0000000000
93910  48.833  21.548  16.997 0.0000000000
94682  53.044  21.394  17.561 0.0000000000
93887  53.031  21.066  17.863 0.0000000000
139165  53.124  20.947  17.664 0.0000000000
93880  52.324  21.258  19.244 0.0000000000
93900  52.146  20.850  17.747 0.0000000000
115573  50.660  21.182  17.995 0.0000000000
136789  49.615  21.541  18.021 0.0000000000
93902  48.821  21.676  17.684 0.0000000000
94668  48.311  22.203  18.992 0.0000000000
94640  47.746  22.654  20.469 0.0000000000
94639  48.446  22.466  20.793 0.0000000000
122038  47.206  22.597  21.937 0.0000000000
126154  47.048  22.447  22.773 0.0000000000
93819  45.585  21.738  24.533 0.0000000000
124157  45.427  21.243  25.156 0.0000000000
92292  44.924  19.974  25.328 0.0000000000
93043  46.380  20.351  25.784 0.0000000000
92298  44.475  19.380  24.941 0.0000000000
91571  44.667  18.522  23.457 0.0000000000
91581  45.215  18.341  22.325 0.0000000000
119229  49.078  18.198  25.431 0.0000000000
91578  49.000  17.342  22.005 0.0000000000
91568  48.309  18.126  22.796 0.0000000000
91569  46.920  18.465  22.914 0.0000000000
90896  46.023  17.062  19.307 0.0000000000
90897  44.766  17.283  18.615 0.0000000000
90898  43.969  17.400  18.266 0.0000000000
90915  43.764  17.072  17.735 0.0000000000
90061  46.718  16.462  26.612 0.0000000000
90073  46.664  16.348  25.719 0.0000000000
115426  44.981  16.429  26.144 0.0000000000
90074  45.731  16.383  25.548 0.0000000000
115250  46.602  16.277  24.829 0.0000000000
116142  46.265  16.236  24.013 0.0000000000
90091  45.732  16.217  23.242 0.0000000000
122090  45.250  16.210  22.503 0.0000000000
89239  41.074  15.457  24.357 0.0000000000
89238  41.911  15.698  24.017 0.0000000000
90094  42.810  15.830  23.491 0.0000000000
89262  40.866  15.203  21.849 0.0000000000
89251  41.604  15.518  22.444 0.0000000000
90103  43.430  15.950  22.638 0.0000000000
137761  43.994  16.077  22.004 0.0000000000
90102  44.793  16.201  21.805 0.0000000000
128304  43.943  15.876  19.469 0.0000000000
86917  43.768  11.754  32.545 0.0000000000
87740  40.977  13.463  28.784 0.0000000000
88480  40.351  14.106  27.572 0.0000000000
88498  39.477  14.054  24.305 0.0000000000
88506  40.027  14.800  22.207 0.0000000000
89240  40.360  15.097  24.654 0.0000000000
89243  42.014  15.669  23.179 0.0000000000
89298  44.037  16.449  17.705 0.0000000000
89947  46.027  16.899  34.555 0.0000000000
89949  44.289  16.153  35.056 0.0000000000
89970  46.944  16.832  33.844 0.0000000000
89996  50.025  16.246  30.725 0.0000000000
90024  51.342  16.027  29.161 0.0000000000
90026  49.884  15.881  28.031 0.0000000000
90030  43.831  15.938  28.297 0.0000000000
90063  44.357  16.242  26.711 0.0000000000
90084  43.381  16.016  24.825 0.0000000000
90088  49.395  16.571  22.726 0.0000000000
90092  44.658  16.161  23.385 0.0000000000
90098  49.177  16.537  22.113 0.0000000000
90099  48.996  16.597  21.845 0.0000000000
90126  47.208  17.053  19.997 0.0000000000
90163  43.532  16.405  17.461 0.0000000000
90765  46.410  17.118  34.299 0.0000000000
90766  45.662  17.091  34.579 0.0000000000
90767  44.932  16.938  34.728 0.0000000000
90774  46.830  17.234  33.859 0.0000000000
90785  47.901  17.025  32.768 0.0000000000
90839  51.141  16.393  26.208 0.0000000000
90869  47.932  16.962  20.181 0.0000000000
90884  47.401  17.142  20.109 0.0000000000
90885  46.654  17.176  19.805 0.0000000000
91493  47.031  18.434  31.223 0.0000000000
91567  49.343  17.326  22.913 0.0000000000
92359  51.550  19.683  14.062 0.0000000000
92980  50.780  19.617  29.205 0.0000000000
93030  47.726  20.233  26.329 0.0000000000
93101  53.002  20.872  16.576 0.0000000000
93107  52.465  20.653  15.757 0.0000000000
93109  51.348  19.976  15.203 0.0000000000
93114  52.284  20.413  15.003 0.0000000000
93115  52.062  20.079  14.262 0.0000000000
93117  50.233  19.722  14.214 0.0000000000
93119  48.178  20.560  13.591 0.0000000000
93807  45.979  21.038  25.506 0.0000000000
93879  52.556  21.690  19.453 0.0000000000
93899  53.263  20.986  17.188 0.0000000000
93923  47.045  22.078  15.428 0.0000000000
93934  47.192  21.624  14.534 0.0000000000
93943  46.436  21.152  13.148 0.0000000000
93951  51.370  20.834  12.572 0.0000000000
93952  51.038  21.092  11.721 0.0000000000
93977  50.848  21.932  11.121 0.0000000000
94701  46.328  22.443  16.586 0.0000000000
95328  44.469  24.257  30.122 0.0000000000
95424  51.847  23.892  19.747 0.0000000000
95454  50.879  23.922  17.539 0.0000000000
95489  49.466  23.585  15.201 0.0000000000
96200  51.001  24.945  19.564 0.0000000000
96232  49.331  24.192  14.276 0.0000000000
96848  50.527  24.932  21.498 0.0000000000
96861  50.575  25.045  20.852 0.0000000000
96936  48.308  25.703  12.052 0.0000000000
96941  51.205  24.747  11.893 0.0000000000
97558  50.106  26.526  14.064 0.0000000000
97574  50.753  26.703  12.583 0.0000000000
97575  50.131  26.709  12.295 0.0000000000
98213  50.679  27.944  13.833 0.0000000000
98221  50.803  27.541  13.351 0.0000000000
98228  50.753  27.870  13.220 0.0000000000
98229  50.700  27.652  12.896 0.0000000000
98933  50.629  28.434  13.522 0.0000000000
98944  49.814  28.930  13.035 0.0000000000
99711  49.809  29.613  13.294 0.0000000000
116680  45.793  16.537  20.007 0.0000000000
117603  45.407  17.243  19.040 0.0000000000
118292  49.570  20.099  14.420 0.0000000000
119658  41.337  15.384  26.663 0.0000000000
122912  50.821  23.788  11.275 0.0000000000
129889  39.347  14.316  22.549 0.0000000000
130154  52.696  21.351  18.584 0.0000000000
130808  44.663  22.754  21.746 0.0000000000
135478  50.901  19.601  13.932 0.0000000000
137237  51.980  20.749  13.745 0.0000000000
137722  46.508  22.533  22.286 0.0000000000
138008  50.054  30.579  13.559 0.0000000000
138049  50.639  29.258  14.103 0.0000000000
138117  51.384  24.391  12.073 0.0000000000
138411  47.313  16.776  33.321 0.0000000000
138541  50.098  28.764  13.038 0.0000000000
138627  50.102  31.325  13.793 0.0000000000
138755  43.352  16.882  17.459 0.0000000000
138824  50.910  26.426  12.653 0.0000000000
138907  48.783  22.009  23.890 0.0000000000
139064  51.602  19.831  13.636 0.0000000000
