#!ascii label  , from subject sub-v1s12x0050109_ses-1 vox2ras=TkReg
1923
51880  43.206  -25.248  23.427 0.0000000000
32077  34.395  -44.287  35.337 0.0000000000
132578  20.376  -39.792  37.977 0.0000000000
28794  15.335  -47.343  35.717 0.0000000000
34130  27.680  -42.164  44.911 0.0000000000
120189  26.180  -39.616  33.547 0.0000000000
51873  34.519  -25.539  23.660 0.0000000000
56688  50.229  -20.486  22.999 0.0000000000
47191  41.341  -30.190  29.691 0.0000000000
41238  33.395  -36.144  31.526 0.0000000000
35467  30.125  -41.452  30.287 0.0000000000
36537  21.218  -40.839  43.516 0.0000000000
33150  17.760  -43.103  36.993 0.0000000000
32026  20.760  -45.330  41.786 0.0000000000
36549  24.958  -40.081  42.334 0.0000000000
50871  42.849  -26.240  31.085 0.0000000000
35324  35.753  -41.733  41.494 0.0000000000
35373  39.254  -40.869  37.461 0.0000000000
39065  39.603  -38.369  32.599 0.0000000000
36690  36.187  -41.121  32.368 0.0000000000
37956  32.478  -39.478  29.504 0.0000000000
36677  32.411  -40.524  32.858 0.0000000000
42311  22.343  -35.081  29.602 0.0000000000
39134  26.689  -38.657  27.522 0.0000000000
52835  47.289  -24.485  23.468 0.0000000000
55773  48.648  -21.297  18.701 0.0000000000
39089  18.125  -38.036  31.159 0.0000000000
35474  16.097  -41.776  30.930 0.0000000000
30929  31.202  -46.006  40.324 0.0000000000
33158  29.448  -43.185  35.494 0.0000000000
32052  26.149  -43.876  39.531 0.0000000000
37896  22.812  -38.829  35.497 0.0000000000
51869  38.921  -25.571  23.602 0.0000000000
26608  18.397  -49.282  41.271 0.0000000000
126910  13.653  -47.983  39.119 0.0000000000
53677  47.508  -23.522  29.029 0.0000000000
55689  43.244  -21.930  27.659 0.0000000000
52745  39.511  -24.374  28.563 0.0000000000
50043  37.596  -27.492  28.596 0.0000000000
46192  35.020  -31.305  27.974 0.0000000000
45145  43.945  -33.145  34.298 0.0000000000
43270  37.983  -35.124  29.203 0.0000000000
42349  31.996  -34.790  27.204 0.0000000000
39150  29.261  -38.586  26.027 0.0000000000
130161  28.628  -38.959  31.494 0.0000000000
35274  21.332  -41.697  46.684 0.0000000000
34184  20.599  -43.218  42.660 0.0000000000
33048  20.748  -43.009  45.548 0.0000000000
37714  22.907  -39.681  46.512 0.0000000000
33127  35.460  -43.401  38.429 0.0000000000
33136  36.653  -42.727  36.549 0.0000000000
35416  37.670  -41.793  35.227 0.0000000000
33181  35.245  -43.280  33.671 0.0000000000
35448  34.455  -41.725  31.860 0.0000000000
34280  33.394  -43.072  34.048 0.0000000000
42372  20.056  -35.517  26.633 0.0000000000
40269  23.084  -36.951  25.797 0.0000000000
125534  44.741  -24.718  23.080 0.0000000000
54771  45.569  -21.905  21.126 0.0000000000
54761  43.021  -22.575  21.210 0.0000000000
131202  19.426  -38.992  34.963 0.0000000000
36713  17.130  -39.936  31.521 0.0000000000
36670  17.321  -40.702  34.261 0.0000000000
30991  16.599  -45.205  36.173 0.0000000000
32113  15.969  -44.506  33.119 0.0000000000
29895  14.861  -46.603  33.695 0.0000000000
29883  12.898  -46.072  34.895 0.0000000000
129025  32.271  -42.514  43.058 0.0000000000
33079  29.760  -44.091  43.045 0.0000000000
29820  28.470  -45.623  40.005 0.0000000000
127026  27.007  -44.329  42.332 0.0000000000
130714  22.398  -39.015  40.229 0.0000000000
129799  23.676  -40.576  39.122 0.0000000000
39001  21.275  -38.605  37.128 0.0000000000
133981  20.352  -37.765  33.850 0.0000000000
51871  36.543  -25.558  23.479 0.0000000000
51900  37.166  -25.033  20.927 0.0000000000
51903  34.886  -25.907  19.812 0.0000000000
27657  12.547  -48.035  41.401 0.0000000000
54692  40.950  -22.337  28.217 0.0000000000
55624  41.419  -22.066  30.346 0.0000000000
49070  42.792  -28.311  30.415 0.0000000000
50901  40.396  -27.338  29.688 0.0000000000
49080  40.221  -28.923  28.641 0.0000000000
117114  36.190  -29.732  27.530 0.0000000000
47202  38.443  -30.475  28.897 0.0000000000
40191  36.650  -37.050  32.048 0.0000000000
41250  38.767  -36.675  30.887 0.0000000000
41274  36.190  -36.624  29.286 0.0000000000
42329  35.686  -35.279  27.461 0.0000000000
129110  32.292  -34.836  29.886 0.0000000000
42352  29.352  -35.563  26.632 0.0000000000
40224  30.329  -36.361  29.149 0.0000000000
35516  30.754  -41.454  27.545 0.0000000000
35422  27.707  -41.295  34.494 0.0000000000
130205  29.397  -40.954  34.115 0.0000000000
37922  27.434  -39.603  32.612 0.0000000000
129032  27.319  -41.068  27.417 0.0000000000
127380  53.717  -20.353  21.980 0.0000000000
54749  52.320  -22.823  22.183 0.0000000000
36581  20.570  -40.609  40.964 0.0000000000
35379  19.175  -41.939  37.029 0.0000000000
139137  20.414  -42.255  40.064 0.0000000000
32044  19.803  -44.706  39.090 0.0000000000
29830  18.207  -46.647  38.968 0.0000000000
36483  26.262  -40.178  45.740 0.0000000000
35288  26.222  -41.487  44.306 0.0000000000
36521  25.026  -39.703  45.210 0.0000000000
37752  22.732  -39.244  43.750 0.0000000000
53624  42.237  -23.711  32.404 0.0000000000
48130  45.786  -28.809  31.882 0.0000000000
37890  40.870  -39.810  35.150 0.0000000000
37904  37.723  -39.637  33.810 0.0000000000
39069  34.700  -38.315  32.215 0.0000000000
117976  32.930  -37.734  30.988 0.0000000000
36717  34.227  -39.864  30.377 0.0000000000
36707  32.632  -40.344  30.810 0.0000000000
36709  31.005  -39.788  31.080 0.0000000000
40197  24.519  -37.232  31.538 0.0000000000
39101  25.853  -37.971  30.899 0.0000000000
41294  24.922  -35.747  28.589 0.0000000000
54743  49.149  -23.265  23.589 0.0000000000
53760  50.093  -23.388  21.878 0.0000000000
54756  47.663  -22.651  21.343 0.0000000000
34290  16.501  -42.660  34.292 0.0000000000
33090  34.573  -43.250  41.313 0.0000000000
30954  33.141  -45.492  38.056 0.0000000000
32079  32.604  -44.523  35.735 0.0000000000
30972  30.814  -45.888  37.923 0.0000000000
133081  28.169  -43.820  37.219 0.0000000000
35386  25.907  -41.628  36.747 0.0000000000
34197  25.198  -42.564  40.888 0.0000000000
35377  24.027  -41.693  37.803 0.0000000000
37894  24.356  -39.497  34.740 0.0000000000
40176  22.289  -37.217  32.835 0.0000000000
41260  20.265  -35.860  30.682 0.0000000000
51882  40.918  -25.281  23.142 0.0000000000
53778  40.279  -23.009  20.870 0.0000000000
52854  39.027  -23.931  21.237 0.0000000000
28743  20.260  -47.698  41.295 0.0000000000
26628  16.707  -49.034  38.792 0.0000000000
25488  15.409  -50.169  39.779 0.0000000000
27705  13.995  -47.707  37.247 0.0000000000
55699  48.099  -21.369  25.993 0.0000000000
54718  46.638  -23.515  26.554 0.0000000000
52802  44.813  -25.067  25.480 0.0000000000
52804  43.548  -25.031  25.677 0.0000000000
53718  41.328  -23.791  25.516 0.0000000000
52780  38.844  -23.891  26.064 0.0000000000
52765  37.534  -24.401  27.157 0.0000000000
51757  41.536  -25.056  29.718 0.0000000000
51776  38.043  -25.352  28.790 0.0000000000
51799  35.428  -25.733  27.112 0.0000000000
126855  34.518  -27.940  26.132 0.0000000000
48180  32.773  -30.341  26.308 0.0000000000
46155  43.190  -31.970  31.841 0.0000000000
41220  42.355  -36.792  33.615 0.0000000000
43254  40.997  -34.811  31.496 0.0000000000
45201  39.309  -32.576  30.626 0.0000000000
44213  36.936  -33.311  28.890 0.0000000000
131143  34.665  -33.915  26.307 0.0000000000
39119  30.655  -38.488  28.231 0.0000000000
35418  31.593  -41.396  34.452 0.0000000000
130399  30.249  -39.450  32.705 0.0000000000
36722  29.960  -40.263  30.658 0.0000000000
39108  27.371  -38.883  29.407 0.0000000000
36751  28.318  -41.024  29.090 0.0000000000
34134  21.051  -42.252  45.990 0.0000000000
34105  20.935  -42.096  47.497 0.0000000000
32057  35.188  -43.997  36.726 0.0000000000
115048  36.038  -42.946  37.844 0.0000000000
32066  35.510  -43.678  35.539 0.0000000000
33164  35.946  -43.179  34.758 0.0000000000
32087  34.978  -43.730  34.731 0.0000000000
33182  34.804  -43.436  33.611 0.0000000000
32089  34.274  -44.190  34.937 0.0000000000
51879  44.076  -25.176  23.404 0.0000000000
53765  43.841  -23.652  21.941 0.0000000000
52847  43.388  -24.025  22.340 0.0000000000
37879  19.780  -39.554  36.343 0.0000000000
37897  18.878  -39.641  34.944 0.0000000000
36649  19.486  -40.551  36.519 0.0000000000
28793  16.032  -47.029  35.981 0.0000000000
31021  15.893  -46.007  34.309 0.0000000000
28819  14.870  -46.942  34.434 0.0000000000
29897  13.517  -46.424  33.665 0.0000000000
28809  13.967  -47.066  34.884 0.0000000000
36501  28.317  -40.741  45.309 0.0000000000
35269  28.808  -41.421  45.019 0.0000000000
34164  29.676  -43.035  43.881 0.0000000000
33066  28.463  -43.707  43.787 0.0000000000
32005  28.028  -44.889  42.503 0.0000000000
33067  27.687  -43.643  43.740 0.0000000000
119338  21.333  -39.313  39.786 0.0000000000
37846  21.565  -38.996  38.887 0.0000000000
37862  20.637  -39.145  37.641 0.0000000000
37885  20.193  -38.682  36.055 0.0000000000
119563  35.784  -25.460  23.942 0.0000000000
126522  36.093  -25.517  21.816 0.0000000000
51888  34.617  -25.628  22.221 0.0000000000
55604  42.366  -21.544  32.139 0.0000000000
55622  41.810  -21.557  30.382 0.0000000000
131229  41.654  -22.413  31.374 0.0000000000
48149  42.130  -29.037  29.940 0.0000000000
49079  41.043  -28.714  29.065 0.0000000000
48151  40.841  -29.565  29.016 0.0000000000
48153  39.282  -30.222  28.814 0.0000000000
47201  39.850  -30.752  29.315 0.0000000000
41236  35.384  -36.406  31.674 0.0000000000
41235  36.308  -36.703  31.307 0.0000000000
41254  34.817  -35.973  31.078 0.0000000000
42306  34.586  -35.847  29.139 0.0000000000
42292  32.661  -35.241  30.547 0.0000000000
42308  31.318  -34.987  29.862 0.0000000000
41255  32.488  -35.960  31.078 0.0000000000
36683  26.673  -40.132  33.795 0.0000000000
36682  27.467  -40.224  33.402 0.0000000000
37907  26.721  -39.711  33.066 0.0000000000
56698  51.967  -20.504  22.660 0.0000000000
55736  51.219  -21.831  22.758 0.0000000000
36538  20.905  -40.591  42.642 0.0000000000
131328  20.406  -41.612  40.528 0.0000000000
35327  20.407  -41.664  41.502 0.0000000000
134361  20.699  -44.280  42.214 0.0000000000
33112  20.468  -43.708  40.658 0.0000000000
30946  20.472  -45.417  40.429 0.0000000000
30961  18.551  -45.299  38.616 0.0000000000
136018  19.473  -46.010  39.407 0.0000000000
37697  25.115  -39.338  46.241 0.0000000000
36503  25.701  -40.132  45.451 0.0000000000
36485  24.888  -39.514  46.055 0.0000000000
36522  22.028  -40.651  45.123 0.0000000000
133299  22.870  -39.632  45.340 0.0000000000
36550  21.437  -40.049  43.076 0.0000000000
36563  21.195  -39.733  42.167 0.0000000000
35362  38.617  -41.113  38.301 0.0000000000
36589  39.459  -40.505  38.764 0.0000000000
36627  40.046  -40.071  37.227 0.0000000000
36643  40.888  -39.752  36.245 0.0000000000
36655  40.028  -40.503  36.282 0.0000000000
35431  36.758  -42.034  33.644 0.0000000000
36674  37.934  -40.799  34.456 0.0000000000
37916  36.306  -40.058  33.013 0.0000000000
37906  36.289  -39.032  33.248 0.0000000000
37917  35.743  -39.493  32.543 0.0000000000
121193  34.492  -39.200  31.193 0.0000000000
36704  35.146  -40.897  30.922 0.0000000000
35449  33.348  -41.160  32.084 0.0000000000
35458  33.998  -41.103  31.065 0.0000000000
36692  32.530  -40.407  31.833 0.0000000000
36708  31.760  -40.042  30.928 0.0000000000
138011  31.951  -39.998  31.568 0.0000000000
41258  23.562  -36.096  30.656 0.0000000000
41257  24.342  -36.354  30.332 0.0000000000
42336  24.171  -35.376  28.972 0.0000000000
52834  48.271  -24.204  23.290 0.0000000000
53749  48.846  -23.862  22.679 0.0000000000
53750  47.948  -23.901  22.461 0.0000000000
55745  45.683  -21.195  20.421 0.0000000000
40228  17.761  -37.627  29.331 0.0000000000
127698  17.362  -38.448  29.753 0.0000000000
34250  18.471  -42.481  37.022 0.0000000000
130786  17.777  -41.864  35.967 0.0000000000
34270  16.776  -42.944  35.596 0.0000000000
31045  14.959  -45.680  32.261 0.0000000000
133911  15.573  -44.124  31.767 0.0000000000
33093  32.061  -44.239  41.967 0.0000000000
33075  33.351  -43.332  42.119 0.0000000000
32033  32.804  -44.987  40.680 0.0000000000
32040  33.722  -44.805  39.426 0.0000000000
30942  32.296  -45.801  39.430 0.0000000000
29839  32.101  -45.929  38.191 0.0000000000
29825  31.094  -46.158  39.128 0.0000000000
116698  27.394  -44.953  39.781 0.0000000000
32050  27.900  -44.863  38.612 0.0000000000
33139  27.017  -43.753  38.271 0.0000000000
34255  27.303  -42.613  36.679 0.0000000000
33140  26.268  -43.151  38.361 0.0000000000
36548  25.519  -40.625  42.809 0.0000000000
34183  25.907  -42.369  42.601 0.0000000000
35326  25.227  -41.453  41.428 0.0000000000
36633  22.853  -40.045  37.226 0.0000000000
35378  23.732  -41.629  38.006 0.0000000000
36648  23.434  -40.628  36.963 0.0000000000
36647  24.317  -40.584  36.457 0.0000000000
37895  23.521  -39.265  35.057 0.0000000000
135374  23.430  -38.352  34.123 0.0000000000
39059  22.745  -38.027  34.276 0.0000000000
40179  19.872  -37.557  32.707 0.0000000000
40178  20.536  -37.186  32.736 0.0000000000
40216  19.148  -36.825  30.846 0.0000000000
51868  39.799  -25.531  23.552 0.0000000000
121772  39.709  -24.522  21.954 0.0000000000
51893  38.612  -25.192  22.261 0.0000000000
51910  36.890  -25.096  18.813 0.0000000000
26607  19.241  -48.784  41.209 0.0000000000
28757  18.352  -48.199  39.746 0.0000000000
26621  17.911  -49.311  40.417 0.0000000000
26617  14.046  -49.476  40.386 0.0000000000
26623  14.217  -49.533  39.560 0.0000000000
26631  14.610  -49.378  38.796 0.0000000000
121602  13.932  -48.723  38.407 0.0000000000
28784  13.332  -46.900  36.988 0.0000000000
137670  13.216  -46.975  38.400 0.0000000000
56673  49.907  -20.267  26.006 0.0000000000
54716  48.239  -22.669  27.617 0.0000000000
53703  46.866  -23.923  27.729 0.0000000000
53716  45.917  -23.890  26.049 0.0000000000
53690  46.331  -24.367  28.153 0.0000000000
54690  44.862  -22.554  28.353 0.0000000000
53705  44.498  -24.151  26.727 0.0000000000
54719  43.329  -22.966  26.662 0.0000000000
53717  42.142  -23.881  25.606 0.0000000000
134016  42.504  -22.718  26.518 0.0000000000
53681  40.526  -23.022  28.026 0.0000000000
53694  40.250  -22.994  27.092 0.0000000000
53695  39.508  -23.527  27.110 0.0000000000
52781  38.184  -24.116  26.542 0.0000000000
52764  38.316  -24.250  27.479 0.0000000000
52701  42.566  -24.666  31.542 0.0000000000
52715  42.264  -24.583  30.640 0.0000000000
133048  41.981  -25.577  30.166 0.0000000000
118994  39.198  -27.545  29.035 0.0000000000
118393  38.938  -26.041  29.547 0.0000000000
50904  37.861  -26.700  29.082 0.0000000000
51778  36.588  -25.767  28.159 0.0000000000
50931  36.248  -26.636  28.105 0.0000000000
50060  34.675  -27.151  26.464 0.0000000000
50054  36.113  -27.535  27.586 0.0000000000
48163  36.037  -30.367  27.999 0.0000000000
47216  35.097  -30.041  27.004 0.0000000000
47217  34.559  -30.797  27.526 0.0000000000
46212  33.088  -31.592  27.021 0.0000000000
45161  43.859  -33.041  33.325 0.0000000000
39042  41.535  -38.613  34.709 0.0000000000
40154  42.225  -37.524  34.115 0.0000000000
40166  41.414  -37.530  32.913 0.0000000000
42289  38.404  -36.285  30.197 0.0000000000
42282  39.815  -36.013  31.128 0.0000000000
43256  39.292  -34.689  30.750 0.0000000000
136144  40.383  -33.381  31.196 0.0000000000
44207  38.893  -33.923  30.456 0.0000000000
45203  37.827  -32.733  29.972 0.0000000000
126015  37.452  -33.980  28.859 0.0000000000
117180  33.780  -35.203  27.793 0.0000000000
43294  35.404  -34.449  27.142 0.0000000000
43303  34.185  -34.440  26.057 0.0000000000
115025  33.706  -34.146  25.458 0.0000000000
42378  32.598  -34.975  25.043 0.0000000000
119652  31.650  -35.070  25.516 0.0000000000
41314  29.193  -36.266  26.433 0.0000000000
41340  29.400  -36.709  25.143 0.0000000000
119702  32.410  -38.954  29.466 0.0000000000
39107  31.803  -38.321  29.426 0.0000000000
37973  31.189  -39.203  28.290 0.0000000000
35532  29.990  -41.475  26.672 0.0000000000
33157  30.868  -44.008  35.919 0.0000000000
34262  32.065  -42.879  35.196 0.0000000000
130017  30.479  -42.706  35.124 0.0000000000
36696  28.790  -39.841  32.880 0.0000000000
36680  29.510  -40.204  33.415 0.0000000000
37920  29.953  -38.983  32.133 0.0000000000
37935  30.383  -39.237  31.623 0.0000000000
37936  29.497  -39.037  31.514 0.0000000000
40225  26.362  -37.699  29.102 0.0000000000
129246  26.755  -38.319  29.728 0.0000000000
39120  27.087  -38.887  28.378 0.0000000000
122738  27.763  -41.066  28.108 0.0000000000
121518  28.738  -41.781  29.600 0.0000000000
54784  49.170  -22.072  20.016 0.0000000000
54767  50.353  -22.901  20.490 0.0000000000
54785  40.978  -21.674  19.644 0.0000000000
127182  21.632  -41.450  45.542 0.0000000000
35303  21.133  -41.751  43.949 0.0000000000
34166  21.093  -42.671  44.354 0.0000000000
33070  20.819  -43.428  43.755 0.0000000000
118495  20.690  -44.249  43.775 0.0000000000
36486  22.199  -40.265  47.195 0.0000000000
34209  35.626  -42.351  40.539 0.0000000000
35334  36.549  -41.439  40.355 0.0000000000
34226  36.650  -41.912  39.234 0.0000000000
35375  37.909  -41.605  38.059 0.0000000000
34245  37.967  -41.697  37.265 0.0000000000
35400  38.660  -41.382  36.308 0.0000000000
120590  37.044  -42.202  35.201 0.0000000000
34300  36.511  -42.548  33.971 0.0000000000
34320  35.923  -42.381  32.598 0.0000000000
35456  35.288  -41.432  31.371 0.0000000000
34322  34.948  -42.418  32.462 0.0000000000
34323  34.438  -42.347  32.642 0.0000000000
35432  33.008  -41.451  33.335 0.0000000000
42339  21.067  -34.858  28.220 0.0000000000
135366  22.883  -34.663  27.753 0.0000000000
42370  21.750  -35.218  26.435 0.0000000000
52836  46.305  -24.902  23.648 0.0000000000
53762  46.278  -23.119  21.838 0.0000000000
53763  45.350  -23.292  21.984 0.0000000000
54773  44.047  -22.094  21.133 0.0000000000
37925  18.535  -38.823  32.932 0.0000000000
39090  17.838  -38.701  31.574 0.0000000000
130966  17.818  -39.551  32.899 0.0000000000
116525  17.381  -40.226  33.051 0.0000000000
36701  16.666  -41.268  32.336 0.0000000000
32071  16.783  -44.402  36.294 0.0000000000
33161  16.548  -43.693  35.303 0.0000000000
125921  16.232  -45.257  34.782 0.0000000000
29912  15.108  -46.118  33.004 0.0000000000
31034  12.524  -44.963  33.454 0.0000000000
33063  31.013  -43.138  42.966 0.0000000000
32023  30.568  -45.126  41.739 0.0000000000
30930  30.314  -46.080  40.457 0.0000000000
30918  28.820  -45.611  41.286 0.0000000000
30919  27.433  -44.921  41.252 0.0000000000
32034  26.703  -44.337  40.578 0.0000000000
118014  23.796  -39.451  41.168 0.0000000000
36579  24.411  -40.508  40.413 0.0000000000
37825  23.475  -39.703  39.820 0.0000000000
36615  22.719  -39.761  37.949 0.0000000000
39019  22.072  -38.641  36.750 0.0000000000
39045  22.209  -38.089  35.153 0.0000000000
39037  20.664  -38.082  35.624 0.0000000000
133078  19.842  -38.119  34.067 0.0000000000
51870  38.013  -25.540  23.667 0.0000000000
51885  37.846  -25.343  22.294 0.0000000000
134279  36.885  -25.425  22.147 0.0000000000
51902  35.709  -25.518  20.036 0.0000000000
26598  13.606  -48.965  42.081 0.0000000000
119294  13.266  -48.174  40.612 0.0000000000
29831  12.003  -46.613  39.282 0.0000000000
28747  11.403  -47.164  40.637 0.0000000000
55643  43.086  -21.280  29.260 0.0000000000
55690  42.468  -21.741  27.935 0.0000000000
55644  42.034  -21.416  29.573 0.0000000000
55646  41.273  -22.185  29.489 0.0000000000
53666  41.221  -23.672  29.190 0.0000000000
50884  43.143  -27.127  30.978 0.0000000000
50886  41.814  -26.465  30.454 0.0000000000
50016  41.849  -27.409  30.381 0.0000000000
114889  40.473  -28.153  29.014 0.0000000000
50042  39.013  -28.212  28.523 0.0000000000
49100  36.746  -28.406  27.616 0.0000000000
47206  38.073  -29.339  28.220 0.0000000000
47207  37.425  -29.882  28.262 0.0000000000
47204  36.720  -31.297  29.013 0.0000000000
40169  38.972  -38.014  31.994 0.0000000000
40168  39.709  -37.655  31.992 0.0000000000
40209  38.237  -36.954  30.883 0.0000000000
41251  37.661  -36.841  29.970 0.0000000000
41273  37.206  -36.665  29.120 0.0000000000
42327  37.134  -35.377  28.214 0.0000000000
42305  35.584  -36.298  28.605 0.0000000000
42330  34.070  -35.451  28.459 0.0000000000
122106  32.124  -34.757  28.201 0.0000000000
138880  31.005  -34.686  27.403 0.0000000000
133556  30.141  -34.762  28.322 0.0000000000
42334  29.996  -35.317  28.761 0.0000000000
40251  29.652  -37.175  27.651 0.0000000000
36733  31.823  -39.850  29.461 0.0000000000
36750  31.505  -39.971  28.647 0.0000000000
121228  31.272  -40.781  28.879 0.0000000000
139159  30.945  -42.066  27.967 0.0000000000
33243  30.758  -43.742  28.459 0.0000000000
34265  28.949  -42.478  35.069 0.0000000000
34284  29.525  -42.100  34.765 0.0000000000
125170  28.297  -41.318  34.282 0.0000000000
36681  28.274  -40.337  33.431 0.0000000000
120503  28.287  -39.350  32.272 0.0000000000
127929  27.041  -39.871  27.223 0.0000000000
35518  26.201  -41.562  26.995 0.0000000000
119342  52.953  -20.048  22.527 0.0000000000
55734  53.097  -21.971  22.056 0.0000000000
53772  53.343  -22.998  20.741 0.0000000000
36598  20.655  -40.034  40.022 0.0000000000
36635  19.658  -41.186  37.289 0.0000000000
35350  20.217  -41.647  38.958 0.0000000000
34241  20.096  -42.481  38.725 0.0000000000
33142  19.293  -43.230  38.112 0.0000000000
34198  20.421  -42.610  41.799 0.0000000000
33125  20.089  -43.937  39.173 0.0000000000
33134  18.694  -43.907  38.172 0.0000000000
32055  17.602  -44.787  37.804 0.0000000000
29856  17.015  -46.117  37.653 0.0000000000
28782  16.141  -47.336  36.834 0.0000000000
35271  26.996  -41.490  45.207 0.0000000000
34148  27.093  -42.357  44.634 0.0000000000
34133  26.477  -41.446  44.984 0.0000000000
36520  25.714  -40.381  44.984 0.0000000000
37730  25.160  -39.822  44.242 0.0000000000
121046  23.515  -39.361  45.537 0.0000000000
37731  24.289  -39.331  44.629 0.0000000000
119835  24.014  -39.315  43.167 0.0000000000
37768  22.655  -39.121  42.357 0.0000000000
124267  21.421  -39.327  40.968 0.0000000000
50963  33.047  -26.062  23.740 0.0000000000
51889  33.698  -25.726  22.171 0.0000000000
50973  31.771  -26.625  22.020 0.0000000000
54634  41.920  -22.872  32.506 0.0000000000
50860  44.496  -26.287  32.076 0.0000000000
50001  44.281  -27.407  31.178 0.0000000000
49068  44.536  -28.703  30.925 0.0000000000
119777  43.758  -30.033  30.818 0.0000000000
37889  41.185  -39.205  35.288 0.0000000000
37901  40.491  -39.364  34.113 0.0000000000
35414  39.200  -40.897  35.175 0.0000000000
37903  38.884  -39.906  33.937 0.0000000000
39066  38.761  -38.686  32.760 0.0000000000
130149  36.913  -38.486  33.194 0.0000000000
40172  35.832  -37.433  32.723 0.0000000000
40193  34.400  -37.402  32.241 0.0000000000
40195  32.895  -36.763  31.312 0.0000000000
39084  34.040  -38.235  31.606 0.0000000000
39097  33.296  -38.736  30.305 0.0000000000
37942  33.610  -39.560  30.014 0.0000000000
36705  34.405  -40.588  30.598 0.0000000000
36718  33.756  -40.152  30.067 0.0000000000
37943  33.135  -39.829  29.778 0.0000000000
36719  32.355  -39.999  30.031 0.0000000000
36720  31.456  -40.071  30.256 0.0000000000
36721  30.530  -40.351  30.370 0.0000000000
39056  25.044  -38.737  33.247 0.0000000000
39087  25.623  -38.179  31.661 0.0000000000
40196  25.208  -37.555  31.246 0.0000000000
40226  25.757  -37.103  29.583 0.0000000000
40254  25.808  -36.962  27.663 0.0000000000
136627  24.607  -35.515  26.589 0.0000000000
131979  25.297  -36.988  26.541 0.0000000000
54742  49.792  -22.539  23.229 0.0000000000
53739  50.342  -22.976  22.987 0.0000000000
133278  49.687  -23.633  22.657 0.0000000000
122757  49.143  -23.336  21.848 0.0000000000
55742  48.257  -21.842  20.292 0.0000000000
54757  46.930  -22.617  21.460 0.0000000000
55744  46.724  -21.238  20.205 0.0000000000
35406  18.109  -41.272  35.698 0.0000000000
35425  17.012  -41.340  34.671 0.0000000000
131133  16.537  -41.892  32.637 0.0000000000
33188  16.349  -43.241  33.690 0.0000000000
33204  15.951  -43.289  32.028 0.0000000000
34195  34.924  -42.668  41.618 0.0000000000
137460  34.987  -43.593  40.111 0.0000000000
32048  34.304  -44.614  37.793 0.0000000000
30986  34.098  -44.792  36.489 0.0000000000
32078  33.893  -44.649  35.586 0.0000000000
30988  32.988  -45.443  36.777 0.0000000000
32067  31.670  -45.327  36.721 0.0000000000
32068  30.263  -44.499  36.540 0.0000000000
118872  29.439  -45.804  38.954 0.0000000000
139172  29.095  -45.005  37.644 0.0000000000
118209  29.185  -43.540  36.073 0.0000000000
34254  27.991  -42.923  36.274 0.0000000000
35404  26.661  -41.460  35.815 0.0000000000
36656  26.233  -40.749  35.285 0.0000000000
33069  26.506  -42.982  43.162 0.0000000000
33094  25.976  -43.692  41.377 0.0000000000
33123  25.400  -43.162  39.723 0.0000000000
35336  24.708  -41.628  40.410 0.0000000000
34228  24.880  -42.553  39.315 0.0000000000
33141  25.374  -42.835  38.886 0.0000000000
35376  25.028  -41.414  37.489 0.0000000000
36657  25.562  -40.498  35.461 0.0000000000
37893  25.223  -39.643  34.479 0.0000000000
39057  24.127  -38.373  33.605 0.0000000000
40175  23.416  -37.248  32.373 0.0000000000
41241  22.318  -36.221  31.585 0.0000000000
40159  21.656  -37.454  33.533 0.0000000000
41242  21.419  -36.111  31.585 0.0000000000
42296  21.610  -35.341  30.267 0.0000000000
42340  20.132  -35.273  28.203 0.0000000000
51881  41.736  -25.184  23.178 0.0000000000
52849  41.480  -24.088  22.117 0.0000000000
52850  40.585  -24.283  22.086 0.0000000000
52856  37.703  -24.595  20.487 0.0000000000
52858  37.911  -24.057  19.009 0.0000000000
50985  33.481  -26.427  19.895 0.0000000000
33041  20.239  -43.005  46.471 0.0000000000
31975  20.549  -44.251  44.292 0.0000000000
30905  20.587  -45.747  42.917 0.0000000000
29810  20.304  -46.783  42.875 0.0000000000
29815  20.595  -46.796  41.417 0.0000000000
127859  18.728  -47.461  39.562 0.0000000000
28769  17.111  -47.678  38.425 0.0000000000
27693  15.782  -48.058  37.126 0.0000000000
130183  16.838  -50.569  40.753 0.0000000000
25487  15.840  -49.904  39.351 0.0000000000
26639  15.003  -48.950  37.823 0.0000000000
27714  14.519  -47.453  36.332 0.0000000000
28797  13.643  -47.059  35.982 0.0000000000
57630  49.922  -19.801  24.214 0.0000000000
56683  48.437  -20.865  24.510 0.0000000000
55707  47.961  -21.377  25.052 0.0000000000
132649  47.226  -22.805  25.126 0.0000000000
55687  49.769  -21.636  27.668 0.0000000000
54727  47.149  -22.705  26.154 0.0000000000
53730  47.069  -23.736  24.668 0.0000000000
52824  46.057  -24.772  24.505 0.0000000000
51843  45.409  -25.312  24.207 0.0000000000
51844  44.510  -25.534  24.337 0.0000000000
53691  45.733  -24.530  27.941 0.0000000000
52803  44.240  -25.102  25.681 0.0000000000
118550  42.905  -25.558  24.604 0.0000000000
131846  42.109  -25.392  24.647 0.0000000000
51830  41.399  -25.190  24.679 0.0000000000
131075  39.939  -25.250  24.420 0.0000000000
54711  41.017  -22.487  26.768 0.0000000000
53719  40.423  -23.830  25.533 0.0000000000
52826  39.261  -24.974  24.625 0.0000000000
52828  37.853  -24.673  24.986 0.0000000000
51832  36.931  -24.812  25.154 0.0000000000
51833  36.039  -25.017  25.389 0.0000000000
53635  41.796  -23.254  31.370 0.0000000000
53649  41.528  -23.480  29.808 0.0000000000
52732  40.993  -24.500  29.279 0.0000000000
51745  41.244  -25.976  30.125 0.0000000000
51759  39.678  -25.710  29.652 0.0000000000
52746  38.584  -24.634  28.368 0.0000000000
52747  37.758  -24.778  28.063 0.0000000000
52783  36.026  -25.100  27.031 0.0000000000
51834  34.790  -25.456  25.023 0.0000000000
50947  34.281  -26.484  25.878 0.0000000000
50066  33.469  -27.575  25.336 0.0000000000
48178  35.259  -29.122  26.597 0.0000000000
49109  33.714  -29.161  25.850 0.0000000000
47169  44.727  -30.476  32.174 0.0000000000
121014  42.638  -30.943  30.877 0.0000000000
137579  43.482  -34.946  33.816 0.0000000000
41224  41.063  -36.893  32.130 0.0000000000
42277  42.142  -35.426  32.275 0.0000000000
44181  43.018  -33.995  32.633 0.0000000000
44198  41.787  -33.260  31.613 0.0000000000
45193  41.726  -32.422  31.351 0.0000000000
46170  40.655  -31.595  30.598 0.0000000000
46180  38.634  -31.658  29.935 0.0000000000
46188  37.322  -31.614  29.458 0.0000000000
45209  36.125  -31.970  28.991 0.0000000000
43282  36.195  -34.263  27.576 0.0000000000
44221  35.964  -33.214  28.013 0.0000000000
136182  34.464  -32.353  27.486 0.0000000000
45237  33.328  -32.735  26.417 0.0000000000
42381  29.562  -35.420  25.911 0.0000000000
127418  29.805  -36.696  24.632 0.0000000000
127390  31.701  -37.331  30.030 0.0000000000
40240  30.330  -37.488  28.517 0.0000000000
124840  30.082  -38.115  27.871 0.0000000000
128123  30.993  -39.903  27.768 0.0000000000
126652  30.279  -39.744  27.143 0.0000000000
33168  32.991  -43.417  34.815 0.0000000000
34281  32.624  -42.451  34.623 0.0000000000
35433  32.062  -40.826  33.789 0.0000000000
35435  30.178  -40.747  34.035 0.0000000000
35434  31.135  -40.669  33.961 0.0000000000
36678  31.576  -40.073  33.213 0.0000000000
37919  31.244  -39.468  31.796 0.0000000000
37944  30.375  -39.779  30.995 0.0000000000
35468  29.974  -41.153  30.425 0.0000000000
37938  26.690  -38.894  31.677 0.0000000000
37937  27.004  -38.781  31.059 0.0000000000
37947  27.918  -39.171  30.162 0.0000000000
37975  27.359  -39.656  28.010 0.0000000000
37959  27.890  -39.590  29.471 0.0000000000
37958  28.425  -39.650  30.109 0.0000000000
35483  28.895  -40.944  30.006 0.0000000000
35482  29.479  -41.596  30.238 0.0000000000
53746  51.469  -23.090  22.305 0.0000000000
53773  52.281  -23.159  20.778 0.0000000000
53785  52.778  -23.336  19.333 0.0000000000
54762  42.061  -22.707  21.038 0.0000000000
135013  34.666  -44.415  36.306 0.0000000000
30985  35.088  -44.118  35.893 0.0000000000
32076  34.883  -43.952  35.226 0.0000000000
32075  35.392  -43.563  34.977 0.0000000000
32088  34.692  -43.909  34.783 0.0000000000
52842  42.874  -24.579  22.805 0.0000000000
36634  19.954  -39.905  37.278 0.0000000000
36660  19.249  -40.136  35.741 0.0000000000
28806  15.712  -46.984  35.321 0.0000000000
28807  15.213  -47.090  34.975 0.0000000000
28808  14.568  -47.143  34.994 0.0000000000
28795  14.781  -47.376  35.615 0.0000000000
128890  28.045  -41.407  45.206 0.0000000000
35270  28.171  -41.946  45.023 0.0000000000
35287  28.840  -42.227  44.712 0.0000000000
33055  27.993  -43.107  44.265 0.0000000000
34147  27.542  -42.515  44.608 0.0000000000
128090  20.806  -39.655  39.193 0.0000000000
37847  20.855  -39.363  38.391 0.0000000000
137830  35.213  -25.511  23.586 0.0000000000
121500  34.971  -25.608  22.992 0.0000000000
55605  42.072  -22.126  32.377 0.0000000000
48141  42.102  -29.709  29.965 0.0000000000
48150  41.531  -29.277  29.462 0.0000000000
47200  40.544  -30.372  29.321 0.0000000000
41237  34.337  -36.398  31.906 0.0000000000
42283  34.034  -35.768  31.281 0.0000000000
42290  34.228  -35.599  30.461 0.0000000000
42291  33.360  -35.493  30.907 0.0000000000
42293  31.860  -35.409  30.496 0.0000000000
56699  51.068  -20.913  22.764 0.0000000000
55737  50.299  -21.501  22.903 0.0000000000
132996  20.544  -41.192  42.196 0.0000000000
35304  20.805  -41.465  43.028 0.0000000000
135818  20.775  -44.841  41.964 0.0000000000
32009  20.660  -44.558  41.387 0.0000000000
30936  20.705  -45.376  41.096 0.0000000000
30947  20.029  -45.562  39.673 0.0000000000
30937  20.366  -46.193  40.468 0.0000000000
38838  25.427  -38.344  46.980 0.0000000000
115589  24.333  -39.163  46.828 0.0000000000
37734  21.684  -40.240  44.038 0.0000000000
35361  39.132  -40.924  37.947 0.0000000000
36609  39.026  -40.751  38.500 0.0000000000
36608  39.541  -40.505  38.202 0.0000000000
36607  39.927  -40.102  37.812 0.0000000000
36628  39.612  -40.465  37.666 0.0000000000
36645  39.759  -40.441  37.020 0.0000000000
36676  36.699  -40.965  33.472 0.0000000000
135314  35.936  -40.421  32.080 0.0000000000
37932  35.467  -40.278  31.492 0.0000000000
36691  35.660  -41.069  31.547 0.0000000000
36693  31.805  -39.859  32.343 0.0000000000
42294  23.026  -35.548  30.147 0.0000000000
42309  23.860  -35.732  29.842 0.0000000000
42310  23.318  -35.171  29.310 0.0000000000
53742  47.695  -24.124  23.933 0.0000000000
52839  47.488  -24.283  22.850 0.0000000000
136104  18.316  -37.627  30.848 0.0000000000
34257  17.788  -42.408  36.435 0.0000000000
34258  17.201  -43.009  36.290 0.0000000000
32125  14.631  -44.953  31.115 0.0000000000
32022  31.541  -44.963  41.560 0.0000000000
32021  32.451  -44.657  41.370 0.0000000000
30915  31.894  -45.422  40.798 0.0000000000
30928  32.383  -45.522  40.216 0.0000000000
118045  31.863  -45.870  40.112 0.0000000000
30943  31.485  -46.130  39.589 0.0000000000
30959  26.739  -44.515  39.485 0.0000000000
32051  27.127  -44.434  38.779 0.0000000000
33129  26.432  -43.959  38.918 0.0000000000
36561  25.292  -40.749  42.006 0.0000000000
37877  22.988  -39.899  36.512 0.0000000000
36659  23.700  -40.162  36.147 0.0000000000
37883  23.234  -39.577  35.785 0.0000000000
39044  23.075  -38.597  34.732 0.0000000000
40180  19.330  -37.594  32.036 0.0000000000
40201  18.756  -37.511  31.288 0.0000000000
133987  18.546  -37.236  30.539 0.0000000000
51892  39.494  -25.147  22.438 0.0000000000
51884  39.240  -25.477  22.951 0.0000000000
27655  19.671  -48.419  41.713 0.0000000000
26615  18.663  -49.142  40.861 0.0000000000
26616  18.001  -49.833  41.030 0.0000000000
27671  13.852  -48.834  40.076 0.0000000000
116017  13.897  -48.862  39.251 0.0000000000
26632  14.324  -49.330  38.828 0.0000000000
27688  13.649  -47.692  38.208 0.0000000000
128691  51.026  -20.448  27.715 0.0000000000
56657  51.020  -20.421  28.503 0.0000000000
53662  48.031  -23.145  29.228 0.0000000000
54688  47.897  -23.320  28.766 0.0000000000
53689  47.149  -23.829  28.487 0.0000000000
54691  44.003  -22.102  27.899 0.0000000000
54708  43.704  -22.547  27.282 0.0000000000
54709  42.735  -22.180  27.138 0.0000000000
53682  39.874  -23.592  27.901 0.0000000000
52763  39.099  -24.025  27.748 0.0000000000
51734  42.826  -25.501  31.392 0.0000000000
51743  42.405  -25.355  30.678 0.0000000000
50033  38.409  -27.515  28.855 0.0000000000
50903  38.642  -26.715  29.322 0.0000000000
50918  37.056  -26.544  28.651 0.0000000000
50044  36.835  -27.525  28.152 0.0000000000
138651  35.555  -30.994  28.204 0.0000000000
47209  35.318  -30.578  27.715 0.0000000000
46200  33.788  -31.119  27.343 0.0000000000
46199  34.384  -31.612  27.674 0.0000000000
132732  44.141  -32.871  33.829 0.0000000000
39052  41.152  -38.734  33.884 0.0000000000
40155  41.761  -38.093  33.782 0.0000000000
40156  40.989  -38.158  33.097 0.0000000000
42303  38.223  -35.772  29.571 0.0000000000
43262  38.753  -35.588  30.371 0.0000000000
43263  38.438  -34.715  30.004 0.0000000000
43264  37.903  -34.236  29.365 0.0000000000
42348  33.061  -34.950  27.553 0.0000000000
43296  34.049  -34.907  26.953 0.0000000000
115569  33.318  -34.890  26.474 0.0000000000
42364  33.380  -34.636  25.598 0.0000000000
42365  32.451  -34.940  26.015 0.0000000000
133666  29.242  -37.754  26.187 0.0000000000
122321  29.285  -37.992  25.494 0.0000000000
37957  31.829  -39.171  29.037 0.0000000000
126016  30.233  -43.301  35.426 0.0000000000
34263  31.115  -43.127  35.421 0.0000000000
34264  29.785  -42.695  35.065 0.0000000000
37921  29.156  -39.174  32.122 0.0000000000
36695  29.536  -39.499  32.634 0.0000000000
39121  26.610  -38.139  28.309 0.0000000000
55755  48.689  -21.607  19.529 0.0000000000
55754  49.420  -21.717  19.103 0.0000000000
35289  21.398  -42.013  44.888 0.0000000000
122546  21.288  -42.061  45.689 0.0000000000
34150  21.126  -42.669  45.236 0.0000000000
33058  20.828  -43.449  44.593 0.0000000000
33081  20.682  -44.251  43.150 0.0000000000
36487  21.582  -40.916  47.519 0.0000000000
36468  22.016  -40.201  48.074 0.0000000000
36505  21.888  -40.881  46.386 0.0000000000
33121  35.567  -43.014  39.339 0.0000000000
34227  35.897  -42.440  39.737 0.0000000000
33120  36.063  -42.603  38.810 0.0000000000
125388  36.170  -43.168  36.555 0.0000000000
34238  36.827  -42.159  38.174 0.0000000000
136236  37.195  -42.154  37.309 0.0000000000
34253  37.237  -42.203  36.553 0.0000000000
34252  37.928  -41.768  36.517 0.0000000000
34261  37.141  -42.233  35.850 0.0000000000
33165  35.338  -43.438  34.397 0.0000000000
34279  36.511  -42.692  34.605 0.0000000000
33180  35.917  -42.966  33.930 0.0000000000
127732  36.219  -42.557  33.233 0.0000000000
34301  35.661  -42.841  33.074 0.0000000000
34321  35.461  -42.395  32.477 0.0000000000
34302  35.141  -42.991  33.040 0.0000000000
33183  34.252  -43.489  33.634 0.0000000000
34303  34.625  -43.018  33.053 0.0000000000
34304  33.803  -42.587  33.249 0.0000000000
34305  33.025  -42.188  33.950 0.0000000000
42358  20.490  -35.111  27.307 0.0000000000
42357  21.374  -34.808  27.131 0.0000000000
42371  20.804  -35.344  26.502 0.0000000000
52841  45.758  -24.600  22.942 0.0000000000
53753  45.107  -23.959  22.516 0.0000000000
54760  43.885  -23.067  21.522 0.0000000000
55748  43.186  -21.734  20.565 0.0000000000
37910  19.092  -39.019  34.435 0.0000000000
131520  18.438  -39.410  33.885 0.0000000000
36669  18.093  -40.245  34.510 0.0000000000
36685  17.675  -40.128  33.694 0.0000000000
118565  16.997  -40.701  32.753 0.0000000000
36686  17.095  -40.670  33.536 0.0000000000
32063  16.825  -44.978  36.628 0.0000000000
32083  16.499  -44.622  35.505 0.0000000000
31007  16.372  -45.615  35.476 0.0000000000
31033  15.511  -46.069  33.610 0.0000000000
29913  14.496  -46.298  32.875 0.0000000000
31047  13.324  -45.682  32.247 0.0000000000
29914  13.752  -46.266  32.883 0.0000000000
29882  13.410  -46.631  34.432 0.0000000000
29898  12.925  -45.928  33.930 0.0000000000
31022  12.493  -45.033  34.365 0.0000000000
122234  30.666  -41.069  44.466 0.0000000000
33064  30.146  -43.401  43.343 0.0000000000
33078  30.643  -43.893  42.723 0.0000000000
32003  30.170  -44.569  42.386 0.0000000000
30917  29.569  -45.189  41.933 0.0000000000
32004  29.279  -44.678  42.640 0.0000000000
135612  27.573  -44.529  42.666 0.0000000000
30904  28.034  -45.215  41.717 0.0000000000
32006  27.478  -44.805  42.017 0.0000000000
32025  26.949  -44.563  40.847 0.0000000000
32024  26.914  -44.467  41.501 0.0000000000
123991  23.110  -39.247  40.539 0.0000000000
37861  21.407  -38.901  37.964 0.0000000000
37845  22.541  -39.196  38.849 0.0000000000
37860  22.147  -39.034  38.136 0.0000000000
132964  22.442  -39.339  37.533 0.0000000000
39000  22.029  -38.853  37.436 0.0000000000
39020  21.558  -38.323  36.474 0.0000000000
39038  19.955  -38.510  35.284 0.0000000000
39048  19.631  -38.513  34.551 0.0000000000
39060  19.211  -38.572  33.727 0.0000000000
117915  37.236  -25.550  23.770 0.0000000000
126026  37.357  -25.565  22.921 0.0000000000
123427  35.157  -25.571  21.423 0.0000000000
119913  35.877  -25.459  20.934 0.0000000000
131811  35.236  -25.605  20.565 0.0000000000
51908  35.586  -25.911  19.076 0.0000000000
50990  34.821  -26.328  19.008 0.0000000000
27644  12.676  -48.363  42.293 0.0000000000
27656  13.309  -48.554  41.406 0.0000000000
28746  12.401  -47.578  40.672 0.0000000000
28732  11.746  -47.616  41.396 0.0000000000
55621  42.644  -21.209  30.216 0.0000000000
55645  41.460  -21.787  29.660 0.0000000000
134963  41.032  -22.798  28.819 0.0000000000
53650  41.319  -22.752  29.671 0.0000000000
50015  42.634  -27.686  30.575 0.0000000000
50030  42.080  -28.164  30.075 0.0000000000
50032  39.743  -28.225  28.724 0.0000000000
49091  39.472  -28.726  28.503 0.0000000000
49092  38.754  -28.900  28.291 0.0000000000
134363  38.042  -29.998  28.531 0.0000000000
47203  37.537  -30.710  28.865 0.0000000000
47208  36.742  -30.502  28.451 0.0000000000
40190  37.644  -37.355  31.780 0.0000000000
127157  38.480  -37.466  31.679 0.0000000000
41252  36.761  -36.875  30.065 0.0000000000
41272  37.926  -36.413  29.513 0.0000000000
129852  36.683  -36.194  28.267 0.0000000000
42307  33.428  -35.137  29.858 0.0000000000
42331  32.904  -34.867  28.787 0.0000000000
122427  31.036  -34.653  28.179 0.0000000000
42332  31.682  -34.704  29.084 0.0000000000
41277  30.666  -35.519  29.594 0.0000000000
41303  29.618  -36.143  28.266 0.0000000000
34378  30.667  -42.215  29.069 0.0000000000
34393  30.723  -42.731  27.842 0.0000000000
124375  30.727  -43.041  28.819 0.0000000000
35402  28.257  -41.845  34.791 0.0000000000
35437  27.930  -40.828  33.923 0.0000000000
36697  28.043  -39.909  32.917 0.0000000000
116827  27.543  -39.028  31.733 0.0000000000
55735  52.146  -22.016  22.476 0.0000000000
56697  52.826  -21.089  22.374 0.0000000000
54754  53.228  -22.565  21.498 0.0000000000
53757  52.558  -23.134  21.630 0.0000000000
120769  20.399  -40.690  39.313 0.0000000000
129172  20.441  -40.897  40.113 0.0000000000
127187  20.369  -41.583  39.712 0.0000000000
34230  20.327  -42.381  39.413 0.0000000000
34242  19.715  -42.559  38.111 0.0000000000
33133  19.936  -43.236  38.623 0.0000000000
34167  20.785  -42.432  43.402 0.0000000000
33096  20.513  -43.503  41.579 0.0000000000
32043  20.253  -44.680  39.761 0.0000000000
33124  20.355  -43.858  39.862 0.0000000000
125449  19.520  -43.932  38.643 0.0000000000
32053  19.050  -44.641  38.622 0.0000000000
32054  18.197  -44.633  38.213 0.0000000000
29843  18.147  -45.857  38.637 0.0000000000
30962  17.827  -45.328  38.248 0.0000000000
29844  17.538  -46.132  38.276 0.0000000000
29857  16.633  -46.694  37.280 0.0000000000
29845  17.052  -46.846  37.966 0.0000000000
136961  26.094  -39.108  46.212 0.0000000000
37679  26.619  -38.903  46.214 0.0000000000
115666  26.449  -39.608  46.054 0.0000000000
36482  27.100  -40.206  45.904 0.0000000000
35256  26.713  -40.804  45.452 0.0000000000
35272  26.544  -41.157  45.151 0.0000000000
35257  26.160  -40.532  45.379 0.0000000000
37713  23.782  -39.328  46.565 0.0000000000
37732  23.194  -39.278  44.566 0.0000000000
37751  23.715  -39.230  43.732 0.0000000000
115920  23.353  -39.222  42.940 0.0000000000
121565  22.419  -39.240  43.073 0.0000000000
37787  21.458  -39.335  41.486 0.0000000000
37788  20.947  -39.812  41.358 0.0000000000
37809  21.023  -39.615  40.594 0.0000000000
50972  32.385  -26.288  22.424 0.0000000000
124906  43.854  -26.746  31.327 0.0000000000
50870  44.914  -26.968  31.721 0.0000000000
49061  45.892  -28.143  31.866 0.0000000000
49062  45.208  -28.423  31.378 0.0000000000
48140  44.209  -29.302  30.770 0.0000000000
48131  45.006  -29.144  31.318 0.0000000000
35333  37.254  -41.132  39.880 0.0000000000
130274  40.667  -40.119  35.905 0.0000000000
37882  41.215  -39.258  35.888 0.0000000000
37900  41.122  -39.165  34.663 0.0000000000
37891  40.251  -40.001  34.646 0.0000000000
35415  38.523  -41.401  35.533 0.0000000000
132909  38.143  -41.415  34.889 0.0000000000
138896  38.086  -40.234  34.224 0.0000000000
39054  38.542  -39.266  33.399 0.0000000000
130492  37.790  -38.865  33.253 0.0000000000
39068  35.485  -38.408  32.809 0.0000000000
39067  36.164  -38.196  33.061 0.0000000000
40173  35.042  -37.636  32.611 0.0000000000
40194  33.558  -37.237  31.685 0.0000000000
37934  33.927  -39.041  30.610 0.0000000000
35447  35.179  -41.873  31.759 0.0000000000
35457  34.818  -41.336  31.054 0.0000000000
36706  33.572  -40.514  30.571 0.0000000000
124699  33.139  -40.172  30.162 0.0000000000
39088  24.923  -37.838  31.975 0.0000000000
41279  24.640  -36.035  29.486 0.0000000000
41256  25.083  -36.677  29.983 0.0000000000
41278  25.370  -36.393  29.110 0.0000000000
40242  25.890  -36.924  28.674 0.0000000000
41293  25.480  -36.259  28.179 0.0000000000
42369  22.776  -35.319  26.364 0.0000000000
42355  23.823  -34.815  27.407 0.0000000000
41317  23.512  -36.072  25.968 0.0000000000
40267  24.818  -36.935  26.186 0.0000000000
121788  25.180  -37.663  26.447 0.0000000000
40266  25.685  -37.570  26.905 0.0000000000
55726  48.735  -21.955  23.627 0.0000000000
53740  49.775  -23.361  23.265 0.0000000000
114813  49.262  -23.726  23.241 0.0000000000
123739  48.338  -23.488  22.046 0.0000000000
54755  48.260  -22.966  21.488 0.0000000000
53776  48.887  -22.588  20.897 0.0000000000
119314  48.100  -22.413  20.978 0.0000000000
54758  45.481  -22.616  21.545 0.0000000000
120887  46.133  -22.413  21.412 0.0000000000
37939  17.373  -39.218  31.144 0.0000000000
132245  17.232  -39.044  30.402 0.0000000000
37952  16.902  -39.772  30.593 0.0000000000
131913  19.205  -41.321  36.616 0.0000000000
35391  18.499  -41.749  36.406 0.0000000000
34289  16.767  -42.200  35.020 0.0000000000
34269  17.396  -41.638  35.381 0.0000000000
35442  16.642  -41.796  34.140 0.0000000000
34311  16.485  -42.379  33.333 0.0000000000
32095  16.337  -44.330  34.644 0.0000000000
33176  16.414  -43.470  34.478 0.0000000000
32102  16.225  -44.044  33.854 0.0000000000
117980  15.936  -43.930  32.558 0.0000000000
33205  15.497  -43.409  31.129 0.0000000000
35300  32.153  -41.823  43.641 0.0000000000
34161  32.987  -42.226  43.045 0.0000000000
33091  33.807  -43.647  41.579 0.0000000000
34180  33.678  -42.658  42.501 0.0000000000
132863  34.185  -42.982  41.872 0.0000000000
34210  35.147  -42.836  40.975 0.0000000000
33108  34.836  -43.471  40.644 0.0000000000
120290  33.042  -45.367  38.904 0.0000000000
32039  34.376  -44.380  38.909 0.0000000000
30953  33.647  -45.175  37.558 0.0000000000
30969  34.018  -44.933  37.086 0.0000000000
30970  33.599  -45.221  37.029 0.0000000000
30987  33.542  -45.119  36.631 0.0000000000
29853  33.076  -45.474  37.258 0.0000000000
29855  31.494  -45.968  38.097 0.0000000000
30971  31.538  -45.756  37.427 0.0000000000
30990  30.732  -45.337  37.127 0.0000000000
32081  31.056  -44.793  36.472 0.0000000000
29819  29.077  -45.938  39.991 0.0000000000
29827  29.594  -45.950  39.527 0.0000000000
29828  28.747  -45.707  39.531 0.0000000000
32060  28.061  -44.365  37.779 0.0000000000
30974  28.610  -45.020  37.999 0.0000000000
32059  28.782  -44.393  37.286 0.0000000000
33148  28.558  -43.568  36.593 0.0000000000
34268  26.751  -42.028  36.518 0.0000000000
34267  27.354  -42.084  36.022 0.0000000000
34149  26.675  -42.043  44.574 0.0000000000
33057  26.895  -42.693  44.035 0.0000000000
34165  26.382  -42.184  43.705 0.0000000000
125274  25.517  -42.137  41.756 0.0000000000
34196  25.688  -42.950  41.607 0.0000000000
33095  25.648  -43.266  40.853 0.0000000000
33110  25.995  -43.640  40.602 0.0000000000
33111  25.459  -43.187  40.282 0.0000000000
36580  23.939  -40.318  39.894 0.0000000000
36597  24.187  -41.195  39.645 0.0000000000
34240  24.001  -42.003  38.484 0.0000000000
34248  24.061  -42.022  38.307 0.0000000000
34239  24.628  -42.295  38.882 0.0000000000
34247  25.001  -41.920  38.328 0.0000000000
138845  24.399  -40.258  35.814 0.0000000000
36646  25.026  -40.558  35.917 0.0000000000
36668  24.910  -40.084  35.227 0.0000000000
37909  24.710  -39.044  34.051 0.0000000000
39058  23.294  -37.923  33.606 0.0000000000
39073  23.796  -37.765  32.936 0.0000000000
137725  22.888  -37.199  32.594 0.0000000000
137836  23.323  -36.890  31.940 0.0000000000
41226  22.763  -36.842  32.146 0.0000000000
40149  21.061  -37.657  34.173 0.0000000000
40148  21.915  -37.695  34.339 0.0000000000
40160  20.859  -37.456  33.400 0.0000000000
41243  20.567  -36.210  31.444 0.0000000000
41228  20.941  -36.661  32.154 0.0000000000
42285  21.061  -35.661  30.906 0.0000000000
42297  20.768  -35.431  30.061 0.0000000000
42313  20.457  -35.234  29.125 0.0000000000
42298  19.968  -35.678  29.819 0.0000000000
51866  41.537  -25.462  23.658 0.0000000000
52844  41.173  -24.788  22.652 0.0000000000
135178  37.931  -24.998  21.538 0.0000000000
52859  37.419  -24.513  19.421 0.0000000000
52861  38.202  -24.192  18.271 0.0000000000
50986  32.898  -26.379  20.605 0.0000000000
50980  33.286  -25.968  21.404 0.0000000000
34118  19.987  -42.746  46.887 0.0000000000
31968  20.270  -43.892  44.985 0.0000000000
30878  20.514  -45.022  43.907 0.0000000000
30893  20.425  -45.705  43.481 0.0000000000
28731  20.297  -47.539  41.952 0.0000000000
28719  20.405  -46.889  42.257 0.0000000000
29821  20.286  -47.051  40.679 0.0000000000
28744  19.863  -47.979  40.716 0.0000000000
27686  17.313  -48.493  39.003 0.0000000000
138660  17.831  -48.266  39.413 0.0000000000
27687  16.545  -48.488  38.184 0.0000000000
138396  16.191  -48.309  37.601 0.0000000000
25481  15.379  -50.400  40.321 0.0000000000
24323  15.566  -50.698  40.985 0.0000000000
25480  16.048  -50.640  40.648 0.0000000000
25473  16.930  -50.956  41.424 0.0000000000
119609  16.311  -50.277  40.060 0.0000000000
26650  14.237  -48.348  37.753 0.0000000000
26640  14.508  -48.967  38.124 0.0000000000
26649  14.602  -48.373  37.526 0.0000000000
27704  14.306  -47.745  37.112 0.0000000000
27715  14.031  -47.332  36.381 0.0000000000
118240  13.416  -46.855  36.374 0.0000000000
29846  12.542  -46.495  38.407 0.0000000000
57612  51.172  -19.071  25.543 0.0000000000
56682  49.051  -20.335  24.024 0.0000000000
135389  49.633  -20.050  24.913 0.0000000000
56667  48.975  -20.847  26.129 0.0000000000
56675  48.447  -20.911  25.364 0.0000000000
55716  47.648  -21.976  24.816 0.0000000000
55708  47.499  -21.931  25.634 0.0000000000
55664  50.408  -21.045  28.779 0.0000000000
118248  49.866  -21.717  28.326 0.0000000000
54717  47.370  -23.161  27.166 0.0000000000
135799  46.937  -23.121  25.824 0.0000000000
123474  46.670  -23.509  25.514 0.0000000000
53731  46.342  -24.058  24.965 0.0000000000
52801  45.284  -24.362  25.786 0.0000000000
52825  45.412  -25.017  25.014 0.0000000000
51827  44.905  -25.354  24.824 0.0000000000
53679  46.195  -24.128  28.477 0.0000000000
53680  45.406  -23.881  28.152 0.0000000000
53706  43.809  -23.822  26.388 0.0000000000
52778  44.269  -24.473  26.154 0.0000000000
51829  43.568  -25.412  25.171 0.0000000000
133935  42.814  -25.254  25.204 0.0000000000
126074  41.937  -24.792  25.201 0.0000000000
52806  40.951  -24.562  24.991 0.0000000000
51831  40.648  -25.210  24.518 0.0000000000
55670  41.576  -21.820  28.301 0.0000000000
129525  41.947  -21.923  27.526 0.0000000000
54710  41.271  -22.123  27.517 0.0000000000
115989  39.933  -23.438  26.343 0.0000000000
53720  39.582  -23.871  25.726 0.0000000000
52807  39.975  -24.535  24.947 0.0000000000
52808  39.085  -24.338  25.294 0.0000000000
52827  38.595  -24.667  24.920 0.0000000000
52782  37.382  -24.365  26.048 0.0000000000
52810  36.424  -24.727  26.141 0.0000000000
51744  42.062  -24.803  30.016 0.0000000000
52716  41.887  -23.895  30.350 0.0000000000
52731  41.599  -24.270  29.625 0.0000000000
50017  41.071  -26.992  30.276 0.0000000000
50887  40.375  -26.368  29.941 0.0000000000
52734  38.961  -25.249  29.161 0.0000000000
52733  40.017  -24.802  29.250 0.0000000000
51798  35.960  -25.804  27.697 0.0000000000
138964  36.442  -25.210  27.563 0.0000000000
51814  35.657  -25.184  26.327 0.0000000000
51815  35.015  -25.695  26.457 0.0000000000
51835  34.647  -25.755  25.796 0.0000000000
50940  34.649  -26.261  26.382 0.0000000000
50065  34.093  -27.346  25.850 0.0000000000
49114  33.962  -28.211  25.765 0.0000000000
119143  32.735  -27.827  24.847 0.0000000000
48161  37.336  -29.071  27.857 0.0000000000
48170  36.506  -29.145  27.439 0.0000000000
47227  33.576  -29.980  26.373 0.0000000000
48179  34.442  -29.590  26.424 0.0000000000
138654  33.040  -29.720  25.962 0.0000000000
48191  32.740  -29.228  25.507 0.0000000000
46154  44.009  -31.477  32.258 0.0000000000
123320  43.273  -31.302  31.427 0.0000000000
46168  42.422  -31.776  31.280 0.0000000000
41205  42.543  -36.775  34.485 0.0000000000
125745  42.893  -36.060  33.960 0.0000000000
42272  43.299  -35.241  34.361 0.0000000000
42273  43.127  -35.385  33.513 0.0000000000
40188  39.520  -36.991  31.484 0.0000000000
40187  40.228  -37.161  31.864 0.0000000000
41233  40.276  -36.538  31.521 0.0000000000
42280  41.439  -35.573  31.754 0.0000000000
126287  41.824  -34.924  31.809 0.0000000000
43250  42.496  -34.580  32.302 0.0000000000
43251  41.794  -34.175  31.723 0.0000000000
44193  42.490  -33.659  32.061 0.0000000000
44200  39.572  -33.503  30.880 0.0000000000
45194  41.011  -32.897  31.321 0.0000000000
45195  40.236  -32.546  30.912 0.0000000000
46169  41.516  -31.712  30.931 0.0000000000
45200  39.787  -31.853  30.458 0.0000000000
137319  39.090  -31.971  30.339 0.0000000000
137444  37.052  -32.860  29.407 0.0000000000
45207  37.231  -32.414  29.651 0.0000000000
45208  36.687  -32.527  29.247 0.0000000000
117817  36.739  -31.948  29.402 0.0000000000
45214  36.280  -32.834  28.683 0.0000000000
42328  36.493  -35.304  27.787 0.0000000000
43272  36.967  -34.390  28.213 0.0000000000
44231  35.064  -33.753  26.837 0.0000000000
44230  35.589  -33.560  27.373 0.0000000000
45226  35.434  -32.828  27.865 0.0000000000
117115  35.010  -32.958  27.372 0.0000000000
44239  34.369  -33.102  26.809 0.0000000000
42377  33.040  -34.501  24.877 0.0000000000
42367  29.820  -34.984  26.669 0.0000000000
40303  29.634  -37.453  24.693 0.0000000000
39198  29.884  -38.261  24.369 0.0000000000
40211  32.294  -37.063  30.758 0.0000000000
39118  31.200  -38.404  28.774 0.0000000000
40239  31.067  -37.432  29.308 0.0000000000
37974  30.390  -39.003  27.595 0.0000000000
115938  31.234  -40.725  27.993 0.0000000000
36767  30.399  -40.608  27.155 0.0000000000
134703  29.697  -40.780  26.375 0.0000000000
129205  33.290  -44.871  35.823 0.0000000000
32090  33.405  -44.340  35.177 0.0000000000
33155  32.539  -43.826  35.285 0.0000000000
34282  31.184  -42.190  34.959 0.0000000000
130108  32.011  -42.010  34.849 0.0000000000
35417  32.387  -41.626  34.271 0.0000000000
35420  29.807  -41.480  34.476 0.0000000000
36679  30.649  -39.988  33.375 0.0000000000
36694  31.097  -39.418  32.575 0.0000000000
134056  30.636  -39.099  32.161 0.0000000000
37945  29.749  -39.512  31.007 0.0000000000
39070  26.079  -38.771  32.035 0.0000000000
39086  26.269  -38.540  31.308 0.0000000000
39099  27.244  -38.749  30.294 0.0000000000
126128  27.924  -38.889  30.882 0.0000000000
36786  26.994  -40.609  27.055 0.0000000000
36768  27.409  -40.406  27.680 0.0000000000
36752  27.823  -40.191  28.663 0.0000000000
36735  28.396  -40.240  29.649 0.0000000000
36723  29.191  -39.966  30.335 0.0000000000
34361  29.257  -42.437  30.031 0.0000000000
57677  54.229  -19.694  21.518 0.0000000000
137262  50.317  -23.433  22.497 0.0000000000
53747  50.699  -23.147  22.551 0.0000000000
53759  51.017  -23.360  22.141 0.0000000000
54766  51.267  -23.118  20.642 0.0000000000
54781  51.887  -23.063  19.815 0.0000000000
53767  41.764  -23.386  21.546 0.0000000000
53777  41.169  -22.808  20.997 0.0000000000
35258  21.091  -41.704  47.766 0.0000000000
34116  21.054  -42.041  47.114 0.0000000000
33040  20.611  -42.678  46.461 0.0000000000
32047  34.945  -43.989  37.599 0.0000000000
126978  35.511  -43.547  37.497 0.0000000000
33146  35.666  -43.647  36.219 0.0000000000
33145  36.152  -43.292  35.977 0.0000000000
33154  36.030  -43.277  35.356 0.0000000000
33166  34.911  -43.673  34.218 0.0000000000
125268  34.564  -43.813  34.230 0.0000000000
33167  33.879  -43.866  34.386 0.0000000000
53754  44.222  -24.065  22.463 0.0000000000
53766  43.177  -23.394  21.783 0.0000000000
37886  19.585  -39.251  35.555 0.0000000000
115161  18.478  -40.531  35.328 0.0000000000
29865  16.388  -46.103  36.099 0.0000000000
138556  16.159  -46.037  34.920 0.0000000000
29880  15.778  -46.608  34.820 0.0000000000
29881  15.343  -46.606  34.284 0.0000000000
29896  14.146  -46.662  33.577 0.0000000000
28820  14.380  -46.923  34.306 0.0000000000
35268  29.751  -41.153  44.761 0.0000000000
35286  30.165  -41.824  44.320 0.0000000000
34145  29.569  -42.438  44.291 0.0000000000
33065  29.314  -43.621  43.654 0.0000000000
123943  28.569  -44.694  42.800 0.0000000000
31988  28.053  -44.348  43.211 0.0000000000
31989  27.293  -44.088  43.122 0.0000000000
37808  21.729  -39.062  40.374 0.0000000000
37827  22.077  -38.891  39.640 0.0000000000
37878  20.385  -38.915  36.869 0.0000000000
51886  36.376  -25.547  22.657 0.0000000000
123009  35.754  -25.565  23.163 0.0000000000
51887  35.507  -25.581  22.372 0.0000000000
51896  34.562  -25.775  20.653 0.0000000000
115779  11.969  -47.894  42.036 0.0000000000
122290  42.372  -21.271  31.156 0.0000000000
55623  41.831  -21.761  31.258 0.0000000000
129974  42.801  -28.838  30.246 0.0000000000
49077  42.235  -28.598  30.127 0.0000000000
135632  39.459  -29.386  28.519 0.0000000000
48152  40.087  -29.910  28.786 0.0000000000
46186  38.957  -30.973  29.372 0.0000000000
40192  35.851  -36.784  32.163 0.0000000000
41253  35.778  -36.443  30.572 0.0000000000
41275  35.183  -36.143  29.868 0.0000000000
41276  31.227  -35.662  30.200 0.0000000000
36665  27.206  -40.711  34.149 0.0000000000
37923  26.702  -39.231  32.312 0.0000000000
57665  51.958  -19.619  22.823 0.0000000000
134113  51.854  -21.286  22.610 0.0000000000
36564  20.665  -40.445  41.845 0.0000000000
138805  20.507  -40.980  41.634 0.0000000000
34212  20.393  -42.631  40.853 0.0000000000
32037  20.509  -44.611  40.513 0.0000000000
30960  19.358  -45.380  39.020 0.0000000000
29829  19.136  -46.662  39.459 0.0000000000
37680  25.546  -38.957  46.439 0.0000000000
37696  25.932  -39.503  46.077 0.0000000000
36484  25.624  -39.853  45.604 0.0000000000
36504  22.450  -40.153  45.844 0.0000000000
37733  22.372  -39.800  44.550 0.0000000000
133938  21.937  -39.600  43.554 0.0000000000
37769  21.825  -39.384  42.710 0.0000000000
35345  38.405  -40.953  38.810 0.0000000000
36590  38.755  -40.689  39.023 0.0000000000
138625  40.698  -39.601  37.541 0.0000000000
37854  40.930  -39.331  37.137 0.0000000000
37871  40.654  -39.787  36.869 0.0000000000
36644  40.378  -40.135  36.589 0.0000000000
36663  40.140  -40.442  35.398 0.0000000000
36675  37.302  -41.308  34.261 0.0000000000
116030  37.379  -40.425  34.066 0.0000000000
37905  36.833  -39.836  33.613 0.0000000000
39055  37.014  -39.164  33.517 0.0000000000
37918  35.138  -39.284  31.874 0.0000000000
37933  34.895  -40.118  30.851 0.0000000000
35459  33.216  -40.776  31.172 0.0000000000
41239  24.086  -36.638  31.133 0.0000000000
53741  48.463  -23.772  23.715 0.0000000000
53761  47.585  -23.237  21.836 0.0000000000
55746  44.814  -21.511  20.772 0.0000000000
127606  16.705  -40.504  31.121 0.0000000000
124436  17.254  -42.340  35.787 0.0000000000
32114  15.583  -44.791  32.337 0.0000000000
32124  15.123  -44.956  31.610 0.0000000000
34182  31.942  -43.056  42.748 0.0000000000
34181  32.817  -42.957  42.644 0.0000000000
33076  32.489  -43.580  42.298 0.0000000000
33092  32.951  -43.981  41.804 0.0000000000
32020  33.305  -44.285  41.160 0.0000000000
33109  34.140  -43.902  40.910 0.0000000000
32032  33.596  -44.567  40.382 0.0000000000
30927  33.002  -45.233  39.871 0.0000000000
30955  32.483  -45.773  38.513 0.0000000000
29838  32.796  -45.627  37.971 0.0000000000
29840  31.471  -46.046  38.600 0.0000000000
29841  30.791  -46.012  38.673 0.0000000000
30944  28.105  -45.346  39.794 0.0000000000
119477  27.999  -45.291  39.349 0.0000000000
30958  27.371  -44.938  39.272 0.0000000000
32061  27.537  -44.222  38.219 0.0000000000
128225  27.600  -43.746  37.653 0.0000000000
33149  27.776  -43.292  36.954 0.0000000000
34246  27.065  -43.153  37.541 0.0000000000
34256  26.393  -42.434  37.359 0.0000000000
35302  25.916  -41.403  43.273 0.0000000000
35315  25.595  -41.400  42.293 0.0000000000
36614  23.212  -40.183  38.428 0.0000000000
130342  23.622  -41.290  38.362 0.0000000000
36632  23.260  -40.802  37.728 0.0000000000
35389  23.669  -41.202  37.582 0.0000000000
35388  24.227  -41.068  37.177 0.0000000000
36658  24.001  -39.845  35.431 0.0000000000
39043  23.879  -38.851  34.387 0.0000000000
40158  22.503  -37.629  33.611 0.0000000000
136548  20.280  -37.588  33.228 0.0000000000
40199  20.054  -36.917  31.988 0.0000000000
41244  19.819  -36.455  31.170 0.0000000000
41280  19.239  -36.031  29.560 0.0000000000
41262  18.885  -36.621  30.080 0.0000000000
118154  18.291  -37.079  29.753 0.0000000000
51867  40.668  -25.487  23.602 0.0000000000
52845  40.331  -25.012  22.560 0.0000000000
51883  40.092  -25.417  23.025 0.0000000000
52851  38.932  -24.753  21.824 0.0000000000
51907  36.298  -25.370  19.501 0.0000000000
51906  36.922  -24.879  19.941 0.0000000000
27669  19.829  -48.323  41.263 0.0000000000
28745  19.160  -48.156  40.200 0.0000000000
27679  18.620  -48.755  40.375 0.0000000000
27680  17.850  -48.740  39.774 0.0000000000
26622  17.163  -49.355  39.518 0.0000000000
25475  14.287  -49.772  41.784 0.0000000000
25490  14.454  -49.975  39.994 0.0000000000
25489  14.896  -50.120  39.823 0.0000000000
25499  14.854  -49.827  39.322 0.0000000000
26641  14.241  -48.977  38.220 0.0000000000
27695  13.985  -48.299  37.776 0.0000000000
27696  13.742  -47.553  37.341 0.0000000000
28775  13.310  -46.905  37.793 0.0000000000
56665  50.670  -20.532  27.021 0.0000000000
56666  49.892  -21.087  26.954 0.0000000000
55666  49.172  -22.246  28.743 0.0000000000
54705  48.488  -22.844  28.426 0.0000000000
54706  47.695  -23.424  28.093 0.0000000000
53704  46.117  -24.205  27.347 0.0000000000
52776  45.524  -24.194  26.879 0.0000000000
54707  44.600  -23.066  27.611 0.0000000000
53693  44.170  -23.483  27.005 0.0000000000
52805  42.810  -24.595  25.619 0.0000000000
53707  42.853  -23.578  26.066 0.0000000000
53708  41.765  -22.996  26.095 0.0000000000
121686  40.730  -22.521  27.517 0.0000000000
53710  39.320  -23.657  26.456 0.0000000000
53696  38.852  -23.850  26.907 0.0000000000
52702  42.186  -24.002  31.203 0.0000000000
128125  39.861  -27.648  29.206 0.0000000000
50902  39.534  -26.779  29.594 0.0000000000
51760  38.277  -25.986  29.286 0.0000000000
51777  37.292  -25.541  28.479 0.0000000000
50932  35.595  -26.591  27.529 0.0000000000
50939  35.000  -26.442  26.963 0.0000000000
50055  35.394  -27.413  27.038 0.0000000000
49107  35.121  -28.188  26.517 0.0000000000
48171  35.836  -29.447  27.109 0.0000000000
121015  35.733  -30.047  27.417 0.0000000000
119220  34.122  -30.367  26.918 0.0000000000
47228  33.262  -30.708  26.844 0.0000000000
45180  44.172  -32.090  33.298 0.0000000000
45181  43.507  -32.428  32.545 0.0000000000
39041  41.761  -38.132  35.189 0.0000000000
40143  42.130  -37.476  34.892 0.0000000000
40144  41.929  -38.029  34.542 0.0000000000
125835  41.979  -37.412  33.443 0.0000000000
41221  41.831  -36.812  32.857 0.0000000000
41234  39.034  -36.177  30.804 0.0000000000
136169  39.444  -36.508  31.182 0.0000000000
43255  40.038  -35.187  31.184 0.0000000000
44199  41.031  -33.783  31.430 0.0000000000
129280  40.194  -34.223  31.201 0.0000000000
126516  38.854  -33.183  30.577 0.0000000000
45202  38.508  -32.504  30.290 0.0000000000
44208  38.232  -33.505  30.114 0.0000000000
44212  37.483  -33.279  29.545 0.0000000000
42347  34.712  -35.218  27.432 0.0000000000
43295  34.738  -34.461  26.720 0.0000000000
44240  34.152  -33.735  25.972 0.0000000000
42388  30.560  -35.641  24.602 0.0000000000
41330  29.268  -36.037  25.791 0.0000000000
40265  29.181  -36.999  25.803 0.0000000000
40286  29.372  -37.470  25.159 0.0000000000
39098  32.483  -38.279  30.077 0.0000000000
34411  30.329  -42.220  27.132 0.0000000000
32080  31.786  -44.628  36.167 0.0000000000
33156  31.821  -43.810  35.646 0.0000000000
137723  28.793  -40.316  33.428 0.0000000000
40213  26.052  -37.876  30.038 0.0000000000
39100  26.515  -38.392  30.556 0.0000000000
39109  26.891  -38.338  28.997 0.0000000000
35501  27.449  -41.821  27.602 0.0000000000
53775  49.769  -22.996  21.153 0.0000000000
53774  50.688  -23.221  21.337 0.0000000000
54775  40.580  -22.319  20.231 0.0000000000
54786  40.073  -21.888  19.334 0.0000000000
117978  21.532  -41.141  44.500 0.0000000000
32008  20.717  -45.101  42.544 0.0000000000
37699  22.547  -39.787  47.617 0.0000000000
35335  35.911  -41.808  40.798 0.0000000000
34208  36.247  -41.894  40.098 0.0000000000
35347  36.923  -41.498  39.682 0.0000000000
136948  37.186  -41.528  39.231 0.0000000000
34237  37.422  -41.577  38.756 0.0000000000
35374  38.653  -41.272  37.737 0.0000000000
35385  38.682  -41.306  37.103 0.0000000000
35384  39.356  -40.911  36.752 0.0000000000
35401  37.828  -41.822  35.760 0.0000000000
33163  36.541  -42.793  35.245 0.0000000000
35430  37.051  -42.052  34.603 0.0000000000
35445  36.338  -41.933  32.750 0.0000000000
35446  35.736  -41.819  31.995 0.0000000000
134509  33.842  -41.835  32.646 0.0000000000
42338  21.980  -34.772  28.687 0.0000000000
119210  22.776  -34.797  28.701 0.0000000000
43297  21.992  -34.685  27.820 0.0000000000
42356  22.314  -34.700  26.964 0.0000000000
41318  22.111  -35.859  26.000 0.0000000000
41319  21.217  -36.036  25.896 0.0000000000
40270  22.114  -36.850  25.710 0.0000000000
52840  46.684  -24.409  22.878 0.0000000000
53752  46.045  -23.889  22.386 0.0000000000
53764  44.509  -23.486  21.966 0.0000000000
54759  44.677  -22.805  21.564 0.0000000000
54772  44.907  -22.164  21.270 0.0000000000
55747  43.964  -21.211  20.401 0.0000000000
39075  18.561  -38.277  31.999 0.0000000000
39076  18.027  -38.928  32.292 0.0000000000
125385  17.577  -39.397  31.972 0.0000000000
36700  17.306  -40.078  32.356 0.0000000000
36714  16.891  -40.618  31.933 0.0000000000
117058  16.524  -41.182  31.504 0.0000000000
33151  17.224  -43.789  36.722 0.0000000000
33160  16.797  -43.622  36.027 0.0000000000
138383  16.638  -44.062  35.794 0.0000000000
31032  16.003  -45.081  33.877 0.0000000000
32103  15.574  -45.439  32.960 0.0000000000
29915  13.042  -45.863  33.049 0.0000000000
34163  30.447  -42.588  43.710 0.0000000000
34162  31.478  -42.471  43.310 0.0000000000
33077  31.571  -43.729  42.455 0.0000000000
32002  31.120  -44.434  42.149 0.0000000000
30916  30.921  -45.619  41.040 0.0000000000
117547  29.924  -45.714  41.189 0.0000000000
30931  29.380  -45.992  40.513 0.0000000000
30932  28.568  -45.686  40.456 0.0000000000
30903  28.681  -45.126  42.186 0.0000000000
127913  28.002  -45.326  40.933 0.0000000000
30933  27.868  -45.207  40.264 0.0000000000
137929  27.432  -44.933  40.689 0.0000000000
30945  26.793  -44.571  39.911 0.0000000000
32041  26.450  -44.202  39.827 0.0000000000
116504  24.412  -39.714  41.696 0.0000000000
36562  24.834  -40.524  41.298 0.0000000000
37785  24.365  -39.924  40.975 0.0000000000
37806  23.913  -39.771  40.453 0.0000000000
37844  23.193  -39.642  39.165 0.0000000000
37826  22.794  -39.222  39.700 0.0000000000
120054  22.508  -39.290  36.932 0.0000000000
37884  22.642  -39.096  36.247 0.0000000000
39035  22.141  -38.401  36.043 0.0000000000
39036  21.435  -38.023  35.860 0.0000000000
39046  21.253  -37.750  35.055 0.0000000000
39021  20.888  -38.310  36.394 0.0000000000
39047  20.363  -37.952  34.713 0.0000000000
40161  19.797  -37.960  33.401 0.0000000000
39074  19.238  -38.159  32.787 0.0000000000
131064  38.357  -25.534  22.945 0.0000000000
136376  37.377  -25.407  22.291 0.0000000000
51894  37.330  -25.256  21.762 0.0000000000
51895  36.649  -25.327  21.342 0.0000000000
51901  36.438  -25.244  20.447 0.0000000000
26610  13.919  -49.222  41.211 0.0000000000
123855  13.721  -48.802  40.763 0.0000000000
27672  13.072  -47.668  39.888 0.0000000000
28759  12.996  -47.129  39.078 0.0000000000
28760  12.222  -47.146  39.923 0.0000000000
55668  43.189  -21.585  28.325 0.0000000000
55669  42.255  -21.489  28.749 0.0000000000
116775  41.579  -21.645  29.080 0.0000000000
55671  41.178  -22.007  28.961 0.0000000000
52744  40.552  -23.897  28.606 0.0000000000
116842  42.274  -26.050  30.615 0.0000000000
50885  42.387  -26.850  30.765 0.0000000000
50031  41.269  -27.955  29.611 0.0000000000
118787  38.231  -28.255  28.343 0.0000000000
49093  37.497  -28.312  28.036 0.0000000000
138141  38.013  -28.789  28.096 0.0000000000
48160  38.705  -29.702  28.488 0.0000000000
48162  36.726  -29.756  27.894 0.0000000000
46190  36.073  -31.115  28.585 0.0000000000
44164  43.463  -33.906  34.442 0.0000000000
39064  40.247  -38.074  32.618 0.0000000000
40189  38.986  -37.257  31.442 0.0000000000
40210  37.297  -36.954  30.948 0.0000000000
129766  38.174  -36.585  30.227 0.0000000000
42304  37.649  -35.876  28.738 0.0000000000
129723  35.924  -35.965  27.847 0.0000000000
115931  35.069  -35.893  28.032 0.0000000000
42350  30.251  -34.716  27.541 0.0000000000
42333  30.696  -34.837  29.054 0.0000000000
42351  29.578  -35.175  27.696 0.0000000000
41304  29.272  -36.092  27.271 0.0000000000
40252  29.304  -37.058  26.724 0.0000000000
35499  31.051  -41.427  28.488 0.0000000000
35421  28.949  -41.631  34.454 0.0000000000
35436  28.702  -40.799  33.904 0.0000000000
37993  26.647  -39.270  26.942 0.0000000000
36787  26.526  -40.067  26.704 0.0000000000
35517  26.900  -41.343  27.098 0.0000000000
127897  26.839  -41.998  27.257 0.0000000000
34394  27.140  -42.627  27.507 0.0000000000
55733  53.612  -21.147  21.788 0.0000000000
55739  53.868  -21.659  21.185 0.0000000000
131989  53.789  -22.317  20.745 0.0000000000
53771  53.654  -23.076  19.841 0.0000000000
119734  48.628  -21.197  17.735 0.0000000000
36616  20.431  -40.140  38.579 0.0000000000
35364  20.117  -40.640  37.950 0.0000000000
131250  20.219  -40.969  38.573 0.0000000000
35365  19.960  -41.682  38.146 0.0000000000
124591  19.589  -42.027  37.597 0.0000000000
34249  19.159  -42.580  37.562 0.0000000000
33143  18.519  -43.193  37.590 0.0000000000
122219  20.498  -42.076  42.449 0.0000000000
121359  20.438  -43.017  39.967 0.0000000000
33132  20.276  -43.171  39.247 0.0000000000
32062  17.803  -43.975  37.576 0.0000000000
32070  17.163  -44.704  37.099 0.0000000000
30975  17.277  -45.431  37.694 0.0000000000
30976  16.730  -45.690  36.939 0.0000000000
122960  16.367  -46.596  36.630 0.0000000000
28783  15.508  -47.584  36.414 0.0000000000
36481  27.892  -40.277  45.599 0.0000000000
36502  27.493  -40.986  45.413 0.0000000000
34131  27.236  -42.045  44.948 0.0000000000
34132  26.825  -41.787  44.961 0.0000000000
35273  26.211  -40.824  45.255 0.0000000000
138472  26.101  -41.003  44.828 0.0000000000
36536  25.731  -40.606  43.948 0.0000000000
37749  25.150  -40.022  43.251 0.0000000000
127013  24.358  -39.401  45.715 0.0000000000
37750  24.515  -39.533  43.476 0.0000000000
37767  24.290  -39.504  42.619 0.0000000000
129855  23.631  -39.292  42.015 0.0000000000
37786  22.908  -39.126  41.482 0.0000000000
114874  21.945  -39.090  41.892 0.0000000000
37807  22.143  -38.975  40.997 0.0000000000
51874  33.704  -25.704  23.730 0.0000000000
118244  34.103  -25.649  22.961 0.0000000000
50971  33.164  -25.906  22.931 0.0000000000
135305  32.941  -25.947  22.087 0.0000000000
50987  32.108  -26.801  20.633 0.0000000000
51725  43.135  -25.180  32.192 0.0000000000
50861  43.524  -25.908  31.695 0.0000000000
131855  43.727  -27.256  31.023 0.0000000000
50014  43.519  -27.800  30.819 0.0000000000
50000  45.273  -27.694  31.589 0.0000000000
50013  44.462  -28.089  30.991 0.0000000000
49069  43.671  -28.614  30.595 0.0000000000
124017  43.353  -29.343  30.419 0.0000000000
47190  42.872  -30.094  30.432 0.0000000000
39028  41.459  -38.725  35.496 0.0000000000
39053  40.373  -38.673  33.224 0.0000000000
35399  39.418  -40.984  35.896 0.0000000000
36664  38.702  -40.625  34.570 0.0000000000
37892  39.564  -40.327  34.604 0.0000000000
37902  39.777  -39.803  34.057 0.0000000000
124165  39.524  -39.199  33.347 0.0000000000
40170  37.939  -38.090  32.506 0.0000000000
40171  36.800  -37.743  32.671 0.0000000000
41225  35.072  -36.901  32.465 0.0000000000
39085  33.502  -38.222  31.106 0.0000000000
37955  32.996  -39.196  29.721 0.0000000000
36734  31.248  -40.384  29.600 0.0000000000
37908  25.519  -39.321  33.745 0.0000000000
37924  25.935  -39.134  32.904 0.0000000000
39071  25.362  -38.470  32.423 0.0000000000
40214  25.454  -37.347  30.450 0.0000000000
40215  24.792  -36.947  30.804 0.0000000000
40241  26.203  -37.498  28.276 0.0000000000
40253  26.211  -37.904  27.538 0.0000000000
42337  23.610  -34.880  28.376 0.0000000000
116196  24.447  -35.155  28.013 0.0000000000
42335  25.118  -35.633  27.639 0.0000000000
41316  24.539  -36.060  26.150 0.0000000000
42353  25.175  -35.803  26.794 0.0000000000
129786  25.462  -36.192  27.385 0.0000000000
39151  26.256  -38.511  26.845 0.0000000000
56689  49.290  -21.033  23.201 0.0000000000
53748  50.008  -23.461  22.954 0.0000000000
53751  47.003  -23.707  22.292 0.0000000000
131233  46.959  -23.172  21.857 0.0000000000
54770  46.414  -21.830  20.978 0.0000000000
54769  47.399  -21.952  20.834 0.0000000000
55743  47.524  -21.428  20.113 0.0000000000
39103  17.608  -38.505  30.753 0.0000000000
37951  16.898  -39.294  29.742 0.0000000000
35390  18.898  -40.971  36.013 0.0000000000
35424  17.702  -40.937  34.995 0.0000000000
36687  16.711  -41.371  33.272 0.0000000000
35464  16.399  -41.886  31.874 0.0000000000
34271  16.534  -42.960  34.977 0.0000000000
33197  16.242  -43.189  32.872 0.0000000000
34327  16.316  -42.543  32.369 0.0000000000
34339  15.991  -42.577  31.499 0.0000000000
34340  15.636  -42.597  30.641 0.0000000000
35325  35.256  -42.097  41.920 0.0000000000
34194  35.412  -42.243  41.240 0.0000000000
33107  35.328  -43.045  40.154 0.0000000000
33122  35.060  -43.672  39.383 0.0000000000
32031  34.436  -44.085  40.013 0.0000000000
33128  34.828  -43.991  38.413 0.0000000000
32058  34.555  -44.546  36.944 0.0000000000
31002  33.987  -44.742  35.964 0.0000000000
31003  33.443  -45.027  36.208 0.0000000000
31004  32.641  -45.207  36.341 0.0000000000
29863  32.635  -45.595  37.299 0.0000000000
30989  32.225  -45.561  36.934 0.0000000000
33147  29.892  -43.797  35.944 0.0000000000
29817  30.690  -46.214  39.764 0.0000000000
29842  30.099  -45.889  39.057 0.0000000000
30956  30.129  -45.855  38.438 0.0000000000
30957  28.651  -45.497  38.787 0.0000000000
114716  29.353  -45.530  38.080 0.0000000000
121324  30.130  -45.617  37.751 0.0000000000
30973  29.676  -44.939  37.285 0.0000000000
32069  29.387  -44.114  36.612 0.0000000000
33159  28.682  -43.048  35.811 0.0000000000
34266  28.061  -42.391  35.604 0.0000000000
35403  27.523  -41.695  35.253 0.0000000000
35423  26.985  -41.069  34.910 0.0000000000
36666  26.498  -40.448  34.537 0.0000000000
36684  26.019  -39.817  34.211 0.0000000000
33056  27.385  -42.959  44.181 0.0000000000
33068  27.055  -43.420  43.565 0.0000000000
31990  26.679  -43.752  42.734 0.0000000000
33080  26.091  -43.386  42.278 0.0000000000
32007  26.419  -44.049  41.874 0.0000000000
132622  26.475  -44.163  41.016 0.0000000000
32035  26.335  -43.964  40.354 0.0000000000
33130  25.619  -43.353  39.462 0.0000000000
35348  24.461  -42.129  39.450 0.0000000000
35349  23.925  -41.742  38.947 0.0000000000
34211  24.835  -42.722  39.958 0.0000000000
33131  25.166  -42.837  39.312 0.0000000000
118651  25.868  -43.490  39.026 0.0000000000
131295  25.731  -42.480  38.120 0.0000000000
136049  25.618  -41.986  37.582 0.0000000000
35387  25.089  -40.956  36.675 0.0000000000
35405  25.755  -40.990  35.965 0.0000000000
36667  25.780  -40.161  34.894 0.0000000000
39072  24.571  -38.135  32.724 0.0000000000
40174  24.196  -37.517  32.232 0.0000000000
40198  23.826  -36.982  31.790 0.0000000000
41240  23.241  -36.497  31.457 0.0000000000
42295  22.315  -35.464  30.420 0.0000000000
40177  21.342  -37.099  32.818 0.0000000000
41227  21.842  -36.658  32.210 0.0000000000
42284  21.896  -35.670  31.011 0.0000000000
42312  21.351  -35.031  29.364 0.0000000000
42359  19.732  -35.515  27.370 0.0000000000
42314  19.660  -35.568  28.954 0.0000000000
131679  19.509  -35.648  28.186 0.0000000000
41321  19.308  -35.995  26.498 0.0000000000
130322  42.437  -25.069  23.173 0.0000000000
52843  42.025  -24.635  22.674 0.0000000000
53768  40.870  -23.523  21.545 0.0000000000
53769  39.974  -23.722  21.457 0.0000000000
138588  38.455  -24.899  21.732 0.0000000000
132417  38.375  -24.542  21.241 0.0000000000
125382  37.897  -24.152  19.766 0.0000000000
52855  38.330  -24.007  20.443 0.0000000000
53787  38.318  -23.611  19.516 0.0000000000
122695  34.180  -25.723  21.421 0.0000000000
136433  34.169  -26.104  20.071 0.0000000000
50991  34.183  -26.432  19.386 0.0000000000
34106  20.716  -42.210  47.219 0.0000000000
33049  20.375  -43.255  45.725 0.0000000000
31967  20.577  -43.559  44.996 0.0000000000
137381  20.622  -44.735  43.759 0.0000000000
31991  20.611  -45.001  43.411 0.0000000000
30920  20.679  -45.881  42.230 0.0000000000
29803  20.425  -46.221  43.044 0.0000000000
29809  20.483  -46.328  42.553 0.0000000000
29814  20.598  -46.393  41.980 0.0000000000
30921  20.723  -46.026  41.563 0.0000000000
136653  20.633  -46.557  40.922 0.0000000000
28758  17.835  -47.655  39.133 0.0000000000
126146  17.521  -46.957  38.566 0.0000000000
28774  16.507  -47.664  37.616 0.0000000000
25479  17.247  -50.053  40.362 0.0000000000
25486  16.578  -49.863  39.634 0.0000000000
121696  16.314  -49.504  39.047 0.0000000000
25498  15.098  -49.761  39.029 0.0000000000
25497  15.535  -49.495  38.754 0.0000000000
26629  16.069  -49.162  38.384 0.0000000000
27694  15.140  -48.379  37.237 0.0000000000
131473  15.181  -47.957  36.727 0.0000000000
27713  14.968  -47.727  36.180 0.0000000000
28796  14.292  -47.228  35.644 0.0000000000
136768  13.892  -47.134  35.604 0.0000000000
28810  13.464  -46.834  35.217 0.0000000000
27706  13.726  -47.271  36.727 0.0000000000
126643  13.245  -46.497  35.751 0.0000000000
57647  50.506  -19.657  23.513 0.0000000000
57629  50.701  -19.265  24.438 0.0000000000
57648  49.710  -20.188  23.499 0.0000000000
56690  48.565  -21.040  23.743 0.0000000000
56674  49.002  -20.431  25.149 0.0000000000
55715  48.093  -21.560  24.208 0.0000000000
54734  47.994  -22.710  24.098 0.0000000000
53729  47.656  -23.500  24.284 0.0000000000
122442  48.810  -21.691  27.022 0.0000000000
55688  49.209  -22.282  27.979 0.0000000000
55700  47.713  -22.147  26.627 0.0000000000
52823  46.883  -24.466  24.197 0.0000000000
51862  45.435  -25.101  23.480 0.0000000000
131414  45.778  -24.397  25.223 0.0000000000
51863  44.718  -25.376  23.688 0.0000000000
51864  43.888  -25.557  23.857 0.0000000000
53664  47.340  -23.413  29.414 0.0000000000
52760  45.834  -24.499  27.708 0.0000000000
52761  45.384  -24.272  27.286 0.0000000000
53692  44.975  -24.213  27.452 0.0000000000
52762  44.867  -24.341  26.788 0.0000000000
52777  44.896  -24.414  26.268 0.0000000000
51828  44.288  -25.454  25.052 0.0000000000
51845  43.695  -25.603  24.499 0.0000000000
120051  43.049  -25.671  23.996 0.0000000000
51865  42.366  -25.432  23.626 0.0000000000
51846  42.220  -25.606  24.106 0.0000000000
51847  41.285  -25.532  24.166 0.0000000000
115714  40.310  -25.531  24.060 0.0000000000
51848  39.472  -25.484  24.113 0.0000000000
54720  41.841  -22.278  26.863 0.0000000000
53709  40.752  -23.126  26.114 0.0000000000
51849  38.529  -25.291  24.324 0.0000000000
51850  37.529  -25.297  24.363 0.0000000000
52809  38.308  -24.283  25.618 0.0000000000
51851  36.543  -25.329  24.398 0.0000000000
51852  35.557  -25.265  24.788 0.0000000000
51872  34.995  -25.418  24.245 0.0000000000
54649  41.494  -22.893  30.488 0.0000000000
51758  40.653  -25.369  29.662 0.0000000000
51797  37.010  -24.966  27.794 0.0000000000
134955  36.754  -24.651  26.968 0.0000000000
127176  35.262  -25.319  25.652 0.0000000000
51853  34.240  -25.605  24.405 0.0000000000
50956  33.458  -26.118  24.503 0.0000000000
50948  33.721  -26.695  25.299 0.0000000000
132918  35.923  -28.503  27.041 0.0000000000
49108  34.581  -28.729  26.144 0.0000000000
48119  45.377  -29.596  31.999 0.0000000000
47180  44.553  -29.919  31.380 0.0000000000
46167  43.283  -30.626  31.025 0.0000000000
46177  42.063  -30.542  30.322 0.0000000000
43228  43.223  -34.632  34.747 0.0000000000
43244  43.624  -34.429  34.035 0.0000000000
40167  40.600  -37.572  32.406 0.0000000000
41232  41.075  -36.225  31.739 0.0000000000
42274  42.481  -36.016  32.979 0.0000000000
42276  42.756  -35.236  32.824 0.0000000000
43245  43.241  -34.650  33.193 0.0000000000
44180  43.509  -33.825  33.325 0.0000000000
44192  43.189  -33.275  32.578 0.0000000000
45182  42.632  -32.699  31.844 0.0000000000
117113  42.008  -31.245  30.729 0.0000000000
46178  41.375  -31.021  30.387 0.0000000000
47193  40.119  -31.214  30.000 0.0000000000
46179  39.396  -31.390  29.939 0.0000000000
46187  38.114  -31.239  29.433 0.0000000000
46181  37.899  -32.027  29.863 0.0000000000
46191  35.517  -31.688  28.442 0.0000000000
43271  37.566  -34.845  28.685 0.0000000000
44220  36.505  -33.592  28.229 0.0000000000
45215  35.678  -32.422  28.403 0.0000000000
45216  34.975  -32.171  28.020 0.0000000000
45227  33.811  -32.084  27.260 0.0000000000
42366  30.993  -34.819  26.559 0.0000000000
42380  30.381  -35.192  25.525 0.0000000000
41329  29.694  -35.836  24.998 0.0000000000
40212  31.679  -36.254  30.548 0.0000000000
40223  31.015  -36.409  29.923 0.0000000000
39132  29.631  -38.143  26.988 0.0000000000
37992  29.703  -39.170  26.691 0.0000000000
34283  30.226  -42.091  34.829 0.0000000000
35419  30.678  -41.400  34.499 0.0000000000
39133  26.975  -39.274  27.576 0.0000000000
121712  27.558  -39.408  28.767 0.0000000000
37946  28.854  -39.169  30.734 0.0000000000
35469  29.573  -40.807  30.364 0.0000000000
34360  30.033  -42.339  30.431 0.0000000000
55725  50.596  -22.384  22.881 0.0000000000
53758  51.893  -23.245  22.083 0.0000000000
114787  51.662  -23.265  21.554 0.0000000000
115708  52.932  -23.243  19.994 0.0000000000
53784  53.504  -23.313  19.269 0.0000000000
55772  49.449  -21.412  18.148 0.0000000000
52848  42.459  -23.899  22.115 0.0000000000
129807  42.500  -23.200  21.534 0.0000000000
54774  41.508  -22.185  20.396 0.0000000000
117443  42.381  -22.063  20.521 0.0000000000
24322  16.150  -51.017  41.314 0.0000000000
25500  14.580  -49.690  39.360 0.0000000000
26630  14.916  -49.328  38.478 0.0000000000
26638  15.749  -48.743  37.707 0.0000000000
27670  19.350  -48.630  40.792 0.0000000000
27703  14.748  -47.885  36.864 0.0000000000
28756  19.568  -47.342  40.056 0.0000000000
28821  13.883  -46.816  34.168 0.0000000000
29818  29.855  -46.164  39.908 0.0000000000
29822  19.852  -46.477  39.935 0.0000000000
29824  31.824  -46.089  38.876 0.0000000000
29826  30.352  -46.059  39.371 0.0000000000
29854  32.533  -45.668  37.685 0.0000000000
29864  32.102  -45.811  37.632 0.0000000000
29872  16.139  -46.476  35.387 0.0000000000
30934  27.045  -44.701  40.313 0.0000000000
30935  26.569  -44.276  40.139 0.0000000000
30948  18.813  -45.973  39.014 0.0000000000
31001  34.502  -44.400  35.801 0.0000000000
31987  28.911  -44.249  43.261 0.0000000000
32036  25.880  -43.492  40.230 0.0000000000
32042  26.086  -43.713  39.871 0.0000000000
32049  33.722  -45.013  38.409 0.0000000000
33054  28.880  -43.031  44.303 0.0000000000
33137  36.469  -42.736  37.219 0.0000000000
33138  35.847  -43.349  36.979 0.0000000000
33153  36.637  -42.805  35.884 0.0000000000
34146  28.167  -42.506  44.657 0.0000000000
34229  24.404  -42.196  38.949 0.0000000000
34395  26.480  -42.533  27.367 0.0000000000
35259  19.918  -42.141  46.866 0.0000000000
35363  38.076  -41.270  38.624 0.0000000000
35441  16.808  -41.093  34.031 0.0000000000
36654  40.992  -39.648  35.714 0.0000000000
39027  41.654  -38.240  35.768 0.0000000000
39102  17.941  -37.754  30.341 0.0000000000
40157  23.046  -37.499  32.996 0.0000000000
40200  19.434  -37.069  31.467 0.0000000000
40271  21.079  -37.184  25.675 0.0000000000
40302  30.205  -37.364  24.247 0.0000000000
41259  22.733  -35.868  30.916 0.0000000000
41261  19.550  -36.216  30.379 0.0000000000
41305  25.461  -36.578  26.913 0.0000000000
41306  19.091  -35.975  27.650 0.0000000000
41315  25.155  -36.408  26.446 0.0000000000
42258  43.007  -35.991  34.920 0.0000000000
42281  40.632  -35.755  31.443 0.0000000000
42288  39.359  -35.568  30.886 0.0000000000
42354  24.632  -35.208  27.101 0.0000000000
42368  23.888  -35.249  26.530 0.0000000000
47181  43.973  -30.703  31.478 0.0000000000
47192  40.709  -30.843  29.979 0.0000000000
49078  41.685  -28.626  29.671 0.0000000000
50955  34.146  -25.897  25.179 0.0000000000
50981  32.371  -26.361  21.487 0.0000000000
51761  37.640  -26.024  28.973 0.0000000000
51897  33.758  -26.044  20.671 0.0000000000
52779  43.499  -24.361  25.935 0.0000000000
53663  47.819  -23.151  29.464 0.0000000000
54750  51.268  -22.676  22.595 0.0000000000
54768  49.625  -22.578  20.430 0.0000000000
114848  52.153  -22.947  18.861 0.0000000000
115081  15.398  -49.179  38.209 0.0000000000
115772  43.277  -33.513  34.900 0.0000000000
117242  43.750  -24.610  22.962 0.0000000000
118593  27.544  -41.720  45.123 0.0000000000
120765  29.408  -41.833  44.652 0.0000000000
121554  41.686  -36.165  32.248 0.0000000000
124297  40.420  -39.840  37.419 0.0000000000
126764  20.702  -46.105  40.987 0.0000000000
127081  43.961  -33.577  33.946 0.0000000000
128801  23.153  -34.761  26.903 0.0000000000
129512  22.720  -36.181  25.885 0.0000000000
133201  40.997  -32.197  31.100 0.0000000000
133449  42.656  -29.352  30.154 0.0000000000
133978  22.410  -34.701  28.255 0.0000000000
135653  27.673  -42.508  36.144 0.0000000000
136346  24.747  -39.775  42.896 0.0000000000
137499  13.650  -48.224  39.826 0.0000000000
138403  16.176  -43.769  33.228 0.0000000000
138910  40.316  -30.834  29.617 0.0000000000
138989  33.220  -45.425  37.499 0.0000000000
