#!ascii label  , from subject sub-v1s12x0050109_ses-1 vox2ras=TkReg
1094
42244  32.055  -35.760  35.021 0.0000000000
121123  36.621  -15.160  19.523 0.0000000000
52790  27.369  -24.734  26.138 0.0000000000
37812  10.902  -39.467  39.713 0.0000000000
46110  25.005  -31.970  35.632 0.0000000000
57627  27.106  -19.231  25.380 0.0000000000
45143  16.710  -33.148  34.857 0.0000000000
39004  14.006  -38.620  36.715 0.0000000000
46127  20.691  -31.620  33.301 0.0000000000
63528  41.180  -13.829  19.575 0.0000000000
46091  31.844  -31.224  36.170 0.0000000000
46173  29.506  -31.496  31.854 0.0000000000
44168  34.942  -33.816  33.979 0.0000000000
67345  37.745  -9.034  20.076 0.0000000000
68266  41.705  -8.636  17.810 0.0000000000
62526  33.099  -14.059  22.749 0.0000000000
57683  35.600  -19.535  21.540 0.0000000000
130190  31.239  -17.653  23.733 0.0000000000
54735  31.280  -22.494  24.893 0.0000000000
137168  28.421  -37.409  36.128 0.0000000000
32000  8.935  -44.337  43.328 0.0000000000
34111  7.582  -42.952  47.748 0.0000000000
34075  6.952  -42.216  51.988 0.0000000000
43218  29.126  -34.646  35.438 0.0000000000
43239  24.996  -33.898  34.044 0.0000000000
50895  24.795  -26.023  30.311 0.0000000000
49064  29.981  -27.640  31.241 0.0000000000
71778  44.542  -4.268  17.315 0.0000000000
62579  39.193  -14.644  19.374 0.0000000000
126252  39.114  -17.153  20.191 0.0000000000
115452  33.006  -33.165  36.833 0.0000000000
45133  33.154  -33.296  34.416 0.0000000000
42263  33.448  -35.433  34.808 0.0000000000
63513  36.195  -13.468  21.157 0.0000000000
65421  37.749  -10.978  21.517 0.0000000000
65433  36.892  -11.887  19.681 0.0000000000
129660  39.023  -10.881  18.848 0.0000000000
31942  6.835  -45.079  53.558 0.0000000000
61505  31.276  -15.226  23.011 0.0000000000
61478  30.271  -14.967  24.886 0.0000000000
128643  26.893  -21.791  24.500 0.0000000000
55729  29.277  -21.314  23.633 0.0000000000
53724  29.654  -23.775  25.027 0.0000000000
51802  30.883  -25.837  27.166 0.0000000000
37866  12.307  -39.337  37.241 0.0000000000
35366  13.556  -41.448  38.272 0.0000000000
35353  11.028  -41.752  38.851 0.0000000000
33086  10.999  -44.081  41.708 0.0000000000
138160  9.515  -41.659  41.137 0.0000000000
34121  8.817  -41.858  46.308 0.0000000000
34095  7.522  -42.482  49.623 0.0000000000
44143  26.870  -33.141  35.891 0.0000000000
43237  26.665  -34.249  33.961 0.0000000000
45170  25.417  -32.680  33.537 0.0000000000
44161  18.832  -33.831  35.462 0.0000000000
45124  20.927  -32.376  36.093 0.0000000000
117838  32.888  -30.799  32.549 0.0000000000
47194  29.657  -30.163  30.831 0.0000000000
60502  29.550  -16.629  26.907 0.0000000000
56671  26.655  -20.378  26.260 0.0000000000
54724  25.293  -22.626  26.307 0.0000000000
42251  17.199  -35.391  34.845 0.0000000000
40099  16.313  -37.698  37.113 0.0000000000
41195  15.332  -36.563  35.400 0.0000000000
41159  13.485  -37.036  37.206 0.0000000000
40069  12.695  -37.638  39.395 0.0000000000
47158  23.244  -30.619  33.262 0.0000000000
49051  20.812  -28.980  33.682 0.0000000000
45155  18.059  -32.125  33.960 0.0000000000
48074  28.777  -29.628  35.940 0.0000000000
47140  27.762  -29.662  33.892 0.0000000000
46123  30.363  -31.722  34.136 0.0000000000
45165  33.286  -32.280  33.181 0.0000000000
70013  41.362  -6.043  19.554 0.0000000000
67357  39.689  -8.544  18.807 0.0000000000
66419  41.066  -10.915  18.865 0.0000000000
62571  34.581  -14.625  21.128 0.0000000000
59671  36.360  -17.664  20.110 0.0000000000
60563  33.227  -16.506  20.928 0.0000000000
59641  32.781  -18.174  22.875 0.0000000000
57642  33.450  -19.166  24.564 0.0000000000
58639  28.753  -17.691  24.048 0.0000000000
57658  31.167  -19.592  23.913 0.0000000000
40145  30.651  -36.857  34.642 0.0000000000
39031  32.653  -37.841  35.412 0.0000000000
62541  35.494  -13.904  22.750 0.0000000000
36554  10.898  -39.919  42.753 0.0000000000
34169  8.455  -42.320  43.624 0.0000000000
118995  7.718  -44.072  45.250 0.0000000000
31964  7.613  -44.966  46.872 0.0000000000
31958  6.872  -44.654  49.129 0.0000000000
33010  6.522  -43.658  51.276 0.0000000000
33002  6.181  -43.552  54.079 0.0000000000
33000  5.428  -42.759  55.627 0.0000000000
42246  30.618  -35.573  34.959 0.0000000000
41211  28.964  -36.067  34.247 0.0000000000
41192  27.030  -35.975  35.495 0.0000000000
44173  22.826  -32.794  34.183 0.0000000000
51786  25.535  -25.895  27.921 0.0000000000
123089  26.545  -29.560  30.833 0.0000000000
49094  27.537  -28.027  28.712 0.0000000000
51783  28.619  -26.328  27.962 0.0000000000
40127  34.963  -37.415  35.459 0.0000000000
70915  45.013  -5.406  14.261 0.0000000000
70020  41.975  -6.276  17.112 0.0000000000
69157  43.445  -7.195  15.274 0.0000000000
62580  38.327  -14.789  19.294 0.0000000000
135237  39.012  -15.583  19.540 0.0000000000
60586  38.485  -16.238  19.661 0.0000000000
42220  32.795  -34.788  35.773 0.0000000000
43217  33.195  -34.313  35.297 0.0000000000
42243  32.726  -35.501  35.002 0.0000000000
62569  36.176  -14.038  20.192 0.0000000000
64480  36.634  -12.426  20.004 0.0000000000
63532  37.251  -13.488  19.401 0.0000000000
123300  37.586  -13.032  19.264 0.0000000000
31938  6.198  -45.017  54.415 0.0000000000
62493  30.701  -14.222  25.167 0.0000000000
61463  30.769  -14.510  26.925 0.0000000000
53736  26.950  -23.092  24.940 0.0000000000
53735  27.963  -23.274  24.591 0.0000000000
53725  28.576  -23.999  25.009 0.0000000000
52787  29.940  -24.935  25.980 0.0000000000
52788  29.039  -25.048  25.979 0.0000000000
37851  11.316  -39.481  38.431 0.0000000000
36620  11.258  -40.349  38.169 0.0000000000
36602  10.396  -40.640  39.515 0.0000000000
34218  10.201  -42.228  40.172 0.0000000000
36584  10.104  -40.650  40.326 0.0000000000
45136  26.259  -32.751  35.474 0.0000000000
45150  26.279  -32.874  34.405 0.0000000000
46125  25.148  -31.990  34.624 0.0000000000
43199  18.889  -34.877  36.793 0.0000000000
50854  27.410  -26.621  33.713 0.0000000000
47153  32.333  -29.967  33.078 0.0000000000
55705  25.731  -21.813  26.131 0.0000000000
55697  25.278  -22.008  26.915 0.0000000000
43241  17.098  -34.153  34.488 0.0000000000
42252  16.446  -35.453  34.736 0.0000000000
43226  15.720  -34.499  35.216 0.0000000000
42211  14.723  -35.125  36.945 0.0000000000
42193  14.607  -35.663  38.345 0.0000000000
41145  13.529  -36.768  38.300 0.0000000000
48078  22.483  -29.082  35.176 0.0000000000
46113  17.484  -31.539  34.882 0.0000000000
47142  18.175  -30.609  33.883 0.0000000000
45156  17.427  -32.691  34.440 0.0000000000
43240  17.706  -33.919  34.466 0.0000000000
47121  29.374  -30.323  35.332 0.0000000000
46109  30.671  -31.358  35.041 0.0000000000
134260  33.968  -33.758  34.136 0.0000000000
119633  32.919  -32.804  33.845 0.0000000000
44184  34.466  -33.122  33.645 0.0000000000
45164  34.764  -32.452  33.301 0.0000000000
44167  35.903  -33.725  33.863 0.0000000000
128129  37.887  -9.906  21.132 0.0000000000
69142  39.955  -6.828  20.349 0.0000000000
68250  38.372  -8.500  19.748 0.0000000000
122918  40.221  -12.383  19.115 0.0000000000
116740  40.051  -10.892  18.844 0.0000000000
64492  41.114  -12.432  19.286 0.0000000000
62555  34.201  -14.499  21.630 0.0000000000
61544  33.823  -15.994  20.493 0.0000000000
62557  32.797  -15.169  21.483 0.0000000000
60538  31.210  -16.251  23.120 0.0000000000
60537  31.788  -16.845  22.783 0.0000000000
59632  32.178  -17.799  23.237 0.0000000000
59620  32.803  -18.486  23.654 0.0000000000
129848  32.200  -18.278  23.809 0.0000000000
59607  27.927  -17.677  26.087 0.0000000000
60519  28.421  -16.572  25.091 0.0000000000
58641  27.627  -18.357  24.347 0.0000000000
54744  30.153  -22.031  24.003 0.0000000000
129826  29.964  -19.986  23.466 0.0000000000
55727  30.965  -21.174  24.033 0.0000000000
56684  32.085  -20.330  24.899 0.0000000000
127400  29.638  -37.243  34.925 0.0000000000
39033  30.414  -38.032  35.630 0.0000000000
115120  33.878  -13.921  24.088 0.0000000000
116738  34.986  -14.045  23.185 0.0000000000
138120  34.802  -14.128  21.860 0.0000000000
40100  15.438  -38.019  36.697 0.0000000000
37863  15.000  -39.343  37.620 0.0000000000
33087  9.361  -43.665  42.136 0.0000000000
31998  11.034  -44.839  43.123 0.0000000000
31999  9.916  -44.764  43.144 0.0000000000
31984  8.635  -44.541  44.155 0.0000000000
35307  10.582  -40.288  44.099 0.0000000000
35318  9.510  -41.156  42.638 0.0000000000
35294  9.890  -40.803  44.483 0.0000000000
34122  8.114  -42.431  46.497 0.0000000000
34136  8.098  -42.448  45.693 0.0000000000
33044  7.436  -43.557  46.453 0.0000000000
31972  7.864  -44.663  45.959 0.0000000000
31962  7.156  -44.391  47.353 0.0000000000
118809  7.027  -44.561  48.218 0.0000000000
33026  7.043  -43.764  47.889 0.0000000000
34080  7.090  -42.326  51.211 0.0000000000
34088  6.756  -43.038  50.818 0.0000000000
34081  6.597  -42.913  51.629 0.0000000000
33004  6.323  -43.498  53.051 0.0000000000
34073  6.283  -42.456  53.319 0.0000000000
120205  29.951  -34.942  36.785 0.0000000000
118459  30.694  -35.361  36.938 0.0000000000
42247  29.814  -35.145  34.919 0.0000000000
42266  29.375  -35.610  34.388 0.0000000000
43234  28.958  -34.945  34.567 0.0000000000
43238  25.900  -34.162  33.795 0.0000000000
115900  27.125  -34.973  34.178 0.0000000000
42249  25.934  -34.971  35.279 0.0000000000
46161  21.905  -31.023  32.652 0.0000000000
45187  23.233  -31.759  32.783 0.0000000000
133481  21.465  -31.983  33.616 0.0000000000
135074  22.564  -32.842  36.634 0.0000000000
58678  36.039  -19.016  20.881 0.0000000000
58693  37.599  -18.351  20.665 0.0000000000
57681  37.329  -19.642  21.667 0.0000000000
52738  24.603  -24.682  30.062 0.0000000000
138278  24.469  -24.737  28.615 0.0000000000
116301  24.807  -25.789  28.665 0.0000000000
47155  28.244  -30.757  32.753 0.0000000000
48123  27.009  -29.721  32.588 0.0000000000
47185  27.858  -30.564  31.380 0.0000000000
48133  29.979  -28.436  31.289 0.0000000000
49071  28.676  -29.040  29.715 0.0000000000
49081  28.815  -27.837  29.610 0.0000000000
50045  28.061  -27.206  28.620 0.0000000000
50034  29.447  -27.165  30.022 0.0000000000
50910  30.322  -26.829  29.504 0.0000000000
40128  34.018  -37.541  35.380 0.0000000000
71798  44.290  -4.763  15.746 0.0000000000
69149  40.937  -7.111  18.166 0.0000000000
70016  41.686  -5.925  17.963 0.0000000000
70021  41.457  -6.741  17.641 0.0000000000
68278  43.621  -8.045  15.844 0.0000000000
68277  44.369  -8.622  15.706 0.0000000000
45126  17.086  -32.238  36.315 0.0000000000
44147  16.171  -33.307  36.310 0.0000000000
63529  40.219  -13.793  19.384 0.0000000000
61539  41.402  -15.279  20.085 0.0000000000
61540  40.710  -15.708  20.010 0.0000000000
45119  32.991  -32.820  36.479 0.0000000000
46107  32.314  -31.947  35.649 0.0000000000
122820  32.944  -32.970  35.468 0.0000000000
44154  33.328  -33.819  34.723 0.0000000000
42262  34.228  -35.331  34.622 0.0000000000
64463  37.713  -12.437  22.120 0.0000000000
127571  36.977  -12.066  21.284 0.0000000000
65422  37.150  -11.184  20.913 0.0000000000
66406  37.288  -10.402  19.820 0.0000000000
67359  38.134  -9.424  19.374 0.0000000000
122277  37.944  -11.801  18.990 0.0000000000
64494  38.718  -12.440  19.026 0.0000000000
30833  7.397  -45.478  52.890 0.0000000000
62506  32.800  -13.674  24.541 0.0000000000
114974  32.256  -14.103  22.797 0.0000000000
117879  31.237  -13.988  23.772 0.0000000000
61506  30.900  -14.760  23.593 0.0000000000
60528  30.265  -15.975  24.099 0.0000000000
56686  26.964  -20.398  24.419 0.0000000000
121570  27.441  -19.856  23.926 0.0000000000
55720  27.797  -21.788  24.003 0.0000000000
136659  29.106  -22.473  24.049 0.0000000000
53732  30.803  -22.992  24.861 0.0000000000
52811  31.026  -24.011  25.558 0.0000000000
122345  31.764  -25.472  27.136 0.0000000000
40117  27.806  -37.187  36.524 0.0000000000
37865  13.284  -39.148  36.969 0.0000000000
36636  13.806  -39.824  37.316 0.0000000000
36619  12.821  -40.896  37.767 0.0000000000
34243  12.362  -42.195  38.744 0.0000000000
126676  11.927  -42.983  39.862 0.0000000000
34200  9.859  -42.602  40.841 0.0000000000
128066  8.913  -42.832  42.100 0.0000000000
35280  10.078  -40.850  45.506 0.0000000000
34109  9.074  -41.710  47.615 0.0000000000
34101  8.415  -42.132  48.106 0.0000000000
133318  7.219  -43.265  48.430 0.0000000000
34094  8.353  -41.853  49.356 0.0000000000
34086  8.068  -41.800  50.091 0.0000000000
35222  7.511  -41.648  51.581 0.0000000000
43205  28.040  -33.886  35.855 0.0000000000
43220  27.788  -34.261  34.461 0.0000000000
44169  27.204  -33.963  34.194 0.0000000000
43246  26.041  -33.719  33.666 0.0000000000
43248  24.959  -33.392  33.364 0.0000000000
45141  19.568  -32.250  34.686 0.0000000000
45140  20.530  -32.039  35.176 0.0000000000
45125  20.000  -32.513  35.700 0.0000000000
57657  35.423  -19.537  23.012 0.0000000000
50876  25.783  -26.661  31.529 0.0000000000
46171  31.386  -31.249  31.913 0.0000000000
47183  29.586  -30.998  31.191 0.0000000000
47171  31.480  -30.347  32.053 0.0000000000
135878  31.191  -29.532  32.299 0.0000000000
121795  43.917  -4.521  17.877 0.0000000000
30817  5.184  -44.588  55.591 0.0000000000
58599  29.490  -18.059  26.933 0.0000000000
58614  28.109  -18.313  26.374 0.0000000000
120234  26.939  -19.750  25.984 0.0000000000
56680  26.312  -21.063  25.660 0.0000000000
54731  25.816  -22.548  25.640 0.0000000000
52816  26.177  -23.869  25.774 0.0000000000
42210  17.911  -36.062  36.611 0.0000000000
41157  17.505  -36.717  37.058 0.0000000000
41171  17.156  -36.499  36.015 0.0000000000
40118  15.844  -37.425  36.205 0.0000000000
40119  14.992  -37.580  36.006 0.0000000000
42230  14.966  -35.057  36.152 0.0000000000
41173  14.280  -36.729  36.058 0.0000000000
39024  13.572  -37.652  36.579 0.0000000000
40101  12.955  -37.909  37.177 0.0000000000
38985  12.090  -38.442  38.268 0.0000000000
38967  12.142  -38.151  39.918 0.0000000000
47141  23.997  -30.957  34.549 0.0000000000
48092  22.887  -29.803  34.592 0.0000000000
48109  22.063  -29.675  33.287 0.0000000000
47160  20.053  -30.264  32.708 0.0000000000
48079  19.374  -29.004  34.804 0.0000000000
48113  18.764  -30.184  33.451 0.0000000000
46147  19.118  -31.251  33.123 0.0000000000
44174  18.558  -32.668  34.268 0.0000000000
43223  18.162  -34.317  34.933 0.0000000000
48076  27.881  -28.720  35.235 0.0000000000
49049  27.092  -28.134  33.935 0.0000000000
48090  27.978  -29.439  34.710 0.0000000000
47138  29.103  -30.624  34.452 0.0000000000
46139  30.168  -31.968  33.188 0.0000000000
45135  31.951  -32.239  34.689 0.0000000000
45149  31.643  -32.407  33.773 0.0000000000
45185  31.829  -32.065  32.713 0.0000000000
45183  33.269  -31.488  32.673 0.0000000000
125027  34.901  -31.832  33.199 0.0000000000
70009  41.497  -6.255  20.745 0.0000000000
69146  40.016  -6.944  19.408 0.0000000000
68258  40.312  -8.278  18.483 0.0000000000
66421  39.201  -9.922  18.824 0.0000000000
124097  39.760  -9.337  18.722 0.0000000000
62583  35.890  -14.866  19.859 0.0000000000
60588  36.260  -16.415  19.639 0.0000000000
60580  35.492  -16.388  19.746 0.0000000000
115095  34.951  -17.109  19.860 0.0000000000
58680  34.405  -18.731  20.982 0.0000000000
61514  32.327  -15.364  21.976 0.0000000000
118576  33.001  -17.814  21.985 0.0000000000
58665  34.067  -18.943  21.960 0.0000000000
58651  34.582  -19.094  23.451 0.0000000000
58634  34.436  -19.018  24.214 0.0000000000
61465  29.417  -15.710  26.090 0.0000000000
60529  29.132  -15.972  24.914 0.0000000000
59621  30.215  -16.908  24.017 0.0000000000
57661  28.737  -19.164  23.545 0.0000000000
58655  30.116  -18.668  23.620 0.0000000000
125408  31.686  -18.699  23.976 0.0000000000
57644  31.969  -19.540  24.478 0.0000000000
41208  31.037  -36.424  34.732 0.0000000000
41188  32.664  -36.402  34.924 0.0000000000
40131  31.289  -37.308  34.937 0.0000000000
39015  31.689  -38.757  36.168 0.0000000000
62554  35.830  -13.856  21.999 0.0000000000
119552  35.537  -14.014  20.907 0.0000000000
38932  11.624  -38.757  41.073 0.0000000000
37773  11.294  -39.356  42.352 0.0000000000
37794  10.522  -40.014  40.831 0.0000000000
35319  9.500  -41.334  41.643 0.0000000000
117000  8.971  -41.946  42.253 0.0000000000
34170  8.241  -42.998  43.375 0.0000000000
34153  8.513  -42.083  44.452 0.0000000000
33061  8.009  -42.967  44.189 0.0000000000
33073  8.277  -43.682  43.682 0.0000000000
31971  8.390  -44.767  45.080 0.0000000000
30863  8.330  -45.532  46.483 0.0000000000
31955  6.829  -44.654  50.214 0.0000000000
31956  6.667  -43.886  49.569 0.0000000000
33015  6.590  -43.783  50.444 0.0000000000
31951  6.986  -44.861  51.271 0.0000000000
31943  6.696  -44.440  52.786 0.0000000000
134038  6.398  -44.296  53.561 0.0000000000
114839  6.067  -44.314  54.847 0.0000000000
34070  6.056  -42.366  54.303 0.0000000000
118834  5.870  -43.165  54.956 0.0000000000
31930  5.550  -44.219  55.688 0.0000000000
42221  32.207  -35.277  36.163 0.0000000000
121624  31.270  -35.495  36.921 0.0000000000
42245  31.340  -35.862  34.930 0.0000000000
42264  30.717  -35.968  34.678 0.0000000000
41210  29.723  -36.186  34.337 0.0000000000
41190  28.532  -36.540  34.794 0.0000000000
42268  27.867  -35.217  34.205 0.0000000000
42248  27.466  -35.615  34.609 0.0000000000
40135  27.420  -36.569  36.054 0.0000000000
46142  24.236  -31.699  33.186 0.0000000000
44187  24.361  -32.960  33.081 0.0000000000
44172  23.661  -33.313  34.371 0.0000000000
45138  22.285  -32.588  35.286 0.0000000000
44159  23.120  -33.054  35.242 0.0000000000
43222  24.089  -33.836  35.921 0.0000000000
59670  38.075  -17.675  20.300 0.0000000000
54699  24.438  -22.620  27.807 0.0000000000
52768  25.036  -24.157  27.126 0.0000000000
51821  26.838  -25.097  26.684 0.0000000000
49050  26.691  -28.203  33.146 0.0000000000
49057  26.238  -28.344  32.215 0.0000000000
49065  25.590  -28.264  30.644 0.0000000000
47196  28.213  -30.415  30.679 0.0000000000
48155  26.847  -29.335  29.553 0.0000000000
50036  25.615  -28.155  29.174 0.0000000000
50926  26.065  -26.604  28.239 0.0000000000
51785  26.640  -26.172  27.640 0.0000000000
51805  28.138  -25.882  27.259 0.0000000000
50934  29.485  -26.464  27.942 0.0000000000
41187  33.572  -36.678  35.031 0.0000000000
41186  34.453  -36.730  35.136 0.0000000000
42261  35.154  -35.271  34.578 0.0000000000
41184  36.292  -36.605  35.296 0.0000000000
42260  36.107  -35.212  34.536 0.0000000000
71803  45.414  -3.901  14.423 0.0000000000
70888  43.129  -4.892  18.501 0.0000000000
70896  43.250  -5.307  16.392 0.0000000000
68273  42.589  -7.819  16.724 0.0000000000
69158  42.916  -6.758  15.696 0.0000000000
70906  43.459  -5.632  15.771 0.0000000000
70916  44.497  -5.926  14.579 0.0000000000
126072  45.157  -6.403  14.069 0.0000000000
123953  37.393  -14.840  19.371 0.0000000000
61552  37.999  -15.645  19.412 0.0000000000
62582  36.691  -14.449  19.602 0.0000000000
63533  36.832  -13.674  19.686 0.0000000000
62581  37.209  -14.057  19.436 0.0000000000
31933  6.095  -44.881  54.856 0.0000000000
52815  26.979  -24.247  25.575 0.0000000000
53726  27.494  -23.816  25.103 0.0000000000
52814  27.891  -24.360  25.597 0.0000000000
133224  28.627  -24.552  25.620 0.0000000000
52789  28.223  -24.857  26.151 0.0000000000
37830  11.162  -39.254  39.215 0.0000000000
37831  10.752  -39.944  39.047 0.0000000000
37813  10.511  -40.010  39.929 0.0000000000
45122  25.555  -32.378  36.067 0.0000000000
45137  25.680  -32.383  35.064 0.0000000000
42209  18.542  -35.556  37.176 0.0000000000
49981  27.496  -27.309  34.183 0.0000000000
44177  16.755  -33.786  34.615 0.0000000000
43225  16.231  -34.693  34.770 0.0000000000
44162  16.212  -33.900  34.925 0.0000000000
45142  17.106  -32.249  35.082 0.0000000000
46130  17.553  -31.835  34.255 0.0000000000
44176  17.267  -33.493  34.495 0.0000000000
47120  30.168  -30.713  35.619 0.0000000000
46092  31.034  -30.928  35.868 0.0000000000
44185  33.701  -32.969  33.709 0.0000000000
67331  38.026  -9.243  20.873 0.0000000000
67322  38.521  -9.723  21.591 0.0000000000
67330  38.697  -8.818  21.514 0.0000000000
68244  38.357  -8.496  20.589 0.0000000000
68243  38.801  -7.830  20.251 0.0000000000
122780  40.639  -13.101  19.345 0.0000000000
122457  41.412  -13.076  19.492 0.0000000000
30842  7.526  -45.512  50.715 0.0000000000
62542  33.668  -14.256  22.144 0.0000000000
62556  33.396  -14.800  21.451 0.0000000000
60527  30.824  -16.613  23.686 0.0000000000
59633  31.511  -17.295  23.413 0.0000000000
59613  27.593  -17.697  25.503 0.0000000000
58626  27.282  -18.342  25.147 0.0000000000
54736  30.564  -22.407  24.420 0.0000000000
55719  30.604  -21.756  24.112 0.0000000000
55718  31.152  -21.816  24.466 0.0000000000
40133  28.918  -37.258  35.339 0.0000000000
39034  29.663  -37.726  35.551 0.0000000000
40115  28.987  -37.848  36.174 0.0000000000
136491  33.447  -13.987  23.366 0.0000000000
62524  34.863  -14.165  23.802 0.0000000000
62525  34.102  -14.091  23.093 0.0000000000
116410  34.587  -14.068  22.417 0.0000000000
39003  14.976  -38.694  37.149 0.0000000000
37864  14.289  -39.279  37.204 0.0000000000
32018  9.347  -44.180  42.705 0.0000000000
31983  9.625  -44.934  43.960 0.0000000000
34123  7.638  -42.987  46.834 0.0000000000
33033  7.242  -43.635  47.099 0.0000000000
34076  6.446  -42.766  52.439 0.0000000000
35215  6.683  -42.058  52.633 0.0000000000
43204  28.614  -34.212  36.091 0.0000000000
43203  29.228  -34.620  36.486 0.0000000000
135393  29.716  -34.849  35.881 0.0000000000
43221  25.506  -34.441  34.652 0.0000000000
42269  26.368  -34.652  34.342 0.0000000000
43206  25.193  -34.638  35.710 0.0000000000
44157  24.626  -34.097  35.166 0.0000000000
46162  20.992  -31.150  32.717 0.0000000000
46145  21.635  -31.669  32.959 0.0000000000
58677  37.012  -19.065  21.037 0.0000000000
57682  36.439  -19.636  21.569 0.0000000000
121958  25.051  -25.141  30.610 0.0000000000
129439  24.603  -25.441  29.877 0.0000000000
135890  24.573  -25.612  29.268 0.0000000000
50912  24.688  -26.152  29.355 0.0000000000
46160  28.794  -31.292  32.120 0.0000000000
47172  28.226  -30.904  31.910 0.0000000000
49063  30.385  -27.911  31.718 0.0000000000
48134  29.454  -28.250  30.454 0.0000000000
50024  29.810  -27.249  30.682 0.0000000000
50894  29.937  -26.804  30.290 0.0000000000
71787  44.992  -3.938  16.817 0.0000000000
71797  44.715  -4.165  15.943 0.0000000000
71788  44.344  -4.378  16.461 0.0000000000
68257  40.867  -7.966  18.042 0.0000000000
69152  41.463  -7.629  17.609 0.0000000000
46080  17.750  -31.772  36.946 0.0000000000
45115  16.642  -32.817  36.840 0.0000000000
45114  17.282  -32.392  37.413 0.0000000000
46096  17.539  -31.647  35.823 0.0000000000
131012  39.879  -14.383  19.449 0.0000000000
61550  40.828  -15.056  19.790 0.0000000000
61551  40.024  -15.137  19.647 0.0000000000
60577  39.129  -16.501  19.882 0.0000000000
61541  39.885  -16.089  19.872 0.0000000000
45120  32.821  -32.402  36.050 0.0000000000
44142  33.117  -33.463  35.748 0.0000000000
127580  33.102  -34.963  34.979 0.0000000000
43233  33.622  -34.627  34.611 0.0000000000
63512  36.834  -12.922  21.719 0.0000000000
64472  36.641  -12.656  20.735 0.0000000000
65423  36.775  -11.842  20.377 0.0000000000
65432  36.954  -11.114  20.027 0.0000000000
66390  37.253  -10.577  20.404 0.0000000000
65450  37.379  -11.206  19.411 0.0000000000
137386  38.620  -14.111  19.253 0.0000000000
122779  38.508  -13.289  19.181 0.0000000000
63530  39.336  -13.882  19.277 0.0000000000
64493  39.599  -13.036  19.172 0.0000000000
63480  31.949  -13.666  24.106 0.0000000000
63469  32.006  -13.534  24.876 0.0000000000
62508  30.715  -14.422  24.323 0.0000000000
61492  30.416  -15.185  24.159 0.0000000000
61493  29.863  -15.582  24.657 0.0000000000
55721  27.171  -21.113  24.208 0.0000000000
53734  29.067  -23.171  24.438 0.0000000000
54738  28.350  -22.581  24.149 0.0000000000
53733  30.080  -23.104  24.650 0.0000000000
53723  30.558  -23.582  25.148 0.0000000000
52812  30.264  -24.266  25.523 0.0000000000
51817  30.420  -25.413  26.550 0.0000000000
51816  31.165  -25.257  26.654 0.0000000000
51782  31.441  -26.193  27.821 0.0000000000
62490  33.637  -13.818  25.115 0.0000000000
36637  12.970  -40.049  37.256 0.0000000000
36638  12.069  -40.259  37.512 0.0000000000
35369  11.083  -41.172  38.479 0.0000000000
126519  11.886  -41.063  38.025 0.0000000000
35368  11.712  -41.759  38.499 0.0000000000
34234  11.560  -42.365  39.142 0.0000000000
34217  10.966  -42.679  39.853 0.0000000000
34219  9.689  -41.858  40.713 0.0000000000
33104  9.542  -43.100  41.472 0.0000000000
34201  9.304  -42.173  41.424 0.0000000000
34110  8.206  -42.349  47.282 0.0000000000
34102  7.748  -42.491  48.724 0.0000000000
126010  8.636  -41.849  48.777 0.0000000000
34079  7.755  -41.728  50.839 0.0000000000
125771  27.404  -33.617  36.397 0.0000000000
44155  27.571  -33.709  35.149 0.0000000000
44156  26.855  -33.289  34.769 0.0000000000
45151  25.687  -32.504  34.136 0.0000000000
45169  26.009  -33.081  33.718 0.0000000000
44186  25.476  -33.244  33.474 0.0000000000
43247  25.485  -33.703  33.604 0.0000000000
44160  19.148  -33.014  35.088 0.0000000000
44146  19.557  -33.290  36.083 0.0000000000
51738  26.273  -25.806  31.927 0.0000000000
46157  32.163  -30.965  32.157 0.0000000000
48120  31.592  -29.470  32.842 0.0000000000
30818  4.540  -44.322  55.691 0.0000000000
58613  28.652  -17.840  26.511 0.0000000000
56679  26.720  -20.205  25.276 0.0000000000
120636  26.175  -23.185  25.386 0.0000000000
53727  25.615  -23.234  25.950 0.0000000000
42229  17.561  -35.801  35.602 0.0000000000
122821  15.909  -36.122  34.927 0.0000000000
41194  16.171  -36.771  35.590 0.0000000000
40136  15.407  -37.118  35.684 0.0000000000
40137  14.797  -37.008  35.741 0.0000000000
44138  15.747  -33.846  36.674 0.0000000000
43211  15.402  -34.401  36.034 0.0000000000
43200  15.279  -34.456  37.075 0.0000000000
42212  14.384  -35.656  37.324 0.0000000000
42231  14.516  -35.861  36.259 0.0000000000
41158  14.006  -36.417  36.784 0.0000000000
41174  13.812  -37.046  36.442 0.0000000000
40068  13.173  -37.254  38.837 0.0000000000
40085  12.590  -37.845  38.248 0.0000000000
129938  12.203  -38.117  38.954 0.0000000000
47124  23.451  -30.358  35.028 0.0000000000
48077  22.943  -29.809  35.531 0.0000000000
49039  21.338  -28.622  34.286 0.0000000000
48093  22.176  -29.171  34.192 0.0000000000
48094  21.548  -29.160  33.683 0.0000000000
48110  21.247  -29.543  33.083 0.0000000000
48111  20.383  -29.538  33.065 0.0000000000
46129  18.045  -31.344  33.770 0.0000000000
47162  18.545  -30.951  33.270 0.0000000000
45175  18.519  -31.427  33.538 0.0000000000
45154  19.038  -31.843  33.751 0.0000000000
43224  17.477  -34.621  34.675 0.0000000000
42250  17.872  -35.044  35.300 0.0000000000
42228  18.244  -35.351  36.214 0.0000000000
48075  28.217  -28.986  36.073 0.0000000000
132655  28.238  -29.355  35.420 0.0000000000
47137  29.834  -31.104  34.781 0.0000000000
46124  29.579  -31.387  33.815 0.0000000000
45134  32.670  -32.715  34.932 0.0000000000
45166  32.265  -32.372  33.264 0.0000000000
45167  31.411  -32.299  32.994 0.0000000000
45184  32.529  -31.878  32.724 0.0000000000
46138  34.165  -31.797  32.974 0.0000000000
65408  38.517  -11.302  22.060 0.0000000000
69141  40.676  -6.589  21.015 0.0000000000
69147  39.418  -7.373  19.846 0.0000000000
68248  39.742  -7.702  19.060 0.0000000000
69150  40.356  -7.412  18.630 0.0000000000
132520  38.324  -10.235  19.000 0.0000000000
66420  40.397  -10.105  18.704 0.0000000000
67377  40.603  -9.277  18.469 0.0000000000
62570  35.121  -14.681  20.519 0.0000000000
61542  35.234  -15.542  19.957 0.0000000000
61543  34.507  -15.376  20.456 0.0000000000
60581  34.610  -16.254  20.029 0.0000000000
59674  33.974  -17.049  20.358 0.0000000000
59673  34.623  -17.888  20.337 0.0000000000
131209  33.904  -17.954  20.758 0.0000000000
62544  31.961  -14.805  22.534 0.0000000000
59642  32.386  -17.346  22.443 0.0000000000
58681  33.628  -18.305  21.490 0.0000000000
58666  33.432  -18.493  22.444 0.0000000000
58652  33.982  -18.864  22.936 0.0000000000
129197  32.958  -18.757  24.081 0.0000000000
58635  33.608  -18.839  24.084 0.0000000000
58625  34.292  -19.205  24.635 0.0000000000
60509  29.693  -15.891  26.756 0.0000000000
60510  29.082  -16.415  26.262 0.0000000000
122826  28.353  -17.143  24.582 0.0000000000
59622  29.099  -16.791  24.395 0.0000000000
58638  29.693  -17.718  23.846 0.0000000000
56694  27.987  -20.536  23.673 0.0000000000
130360  28.311  -19.848  23.555 0.0000000000
56693  28.842  -20.599  23.537 0.0000000000
56691  30.580  -20.406  23.702 0.0000000000
57659  30.411  -19.499  23.611 0.0000000000
58654  30.868  -18.898  23.786 0.0000000000
39016  30.699  -38.593  36.254 0.0000000000
132728  31.163  -38.120  35.556 0.0000000000
62540  36.449  -13.960  23.100 0.0000000000
132104  35.137  -14.105  21.501 0.0000000000
138329  35.648  -14.414  20.325 0.0000000000
40098  17.140  -37.374  37.486 0.0000000000
40083  16.801  -38.014  37.948 0.0000000000
36618  13.920  -40.612  37.768 0.0000000000
136971  11.867  -38.426  40.544 0.0000000000
37757  11.438  -39.207  43.327 0.0000000000
37793  11.129  -39.406  41.414 0.0000000000
36567  10.682  -40.018  41.774 0.0000000000
36568  10.010  -40.616  41.222 0.0000000000
36555  10.060  -40.523  42.184 0.0000000000
35309  8.890  -41.726  43.101 0.0000000000
34187  8.559  -42.567  42.820 0.0000000000
34135  8.856  -41.713  45.412 0.0000000000
33052  7.685  -43.253  45.152 0.0000000000
128621  8.109  -42.503  44.942 0.0000000000
31985  7.956  -43.891  44.520 0.0000000000
30849  7.328  -45.292  48.656 0.0000000000
30845  7.316  -45.335  49.601 0.0000000000
33021  7.077  -43.184  49.159 0.0000000000
33014  6.911  -43.141  49.996 0.0000000000
31952  6.628  -44.277  50.971 0.0000000000
31948  6.621  -44.305  51.753 0.0000000000
133597  6.272  -44.738  54.129 0.0000000000
125040  6.350  -41.715  53.813 0.0000000000
35206  6.227  -41.433  54.518 0.0000000000
34067  5.844  -42.074  55.114 0.0000000000
32999  5.704  -43.804  55.440 0.0000000000
32995  5.343  -43.519  55.872 0.0000000000
42203  32.510  -34.587  37.131 0.0000000000
42224  30.375  -35.213  35.878 0.0000000000
42223  31.056  -35.649  35.923 0.0000000000
42222  31.652  -35.609  35.930 0.0000000000
40147  29.299  -36.709  34.607 0.0000000000
43236  27.433  -34.636  34.193 0.0000000000
43235  28.188  -34.822  34.310 0.0000000000
126848  26.700  -35.334  34.898 0.0000000000
41191  27.770  -36.285  35.089 0.0000000000
41169  26.708  -36.251  36.484 0.0000000000
47157  23.870  -31.064  33.623 0.0000000000
46126  24.647  -31.564  33.987 0.0000000000
46143  23.493  -31.271  32.924 0.0000000000
45173  23.052  -32.599  33.324 0.0000000000
45172  23.660  -32.414  32.915 0.0000000000
44188  23.627  -33.019  33.493 0.0000000000
44171  24.326  -33.423  33.713 0.0000000000
45139  21.404  -32.205  35.370 0.0000000000
44144  22.652  -32.858  35.968 0.0000000000
116348  23.330  -33.355  36.271 0.0000000000
44158  23.851  -33.585  35.247 0.0000000000
59682  36.870  -16.914  19.756 0.0000000000
129384  37.223  -17.680  20.214 0.0000000000
53686  24.219  -23.344  28.163 0.0000000000
51787  24.792  -25.286  28.222 0.0000000000
52751  24.672  -24.609  27.905 0.0000000000
51808  25.312  -25.081  27.458 0.0000000000
52792  25.877  -24.701  26.681 0.0000000000
51807  26.223  -25.512  27.191 0.0000000000
48091  27.386  -28.872  34.260 0.0000000000
129730  26.923  -28.728  33.562 0.0000000000
48107  27.129  -29.339  33.427 0.0000000000
48135  27.098  -30.008  31.631 0.0000000000
120888  26.504  -29.284  31.930 0.0000000000
117495  26.067  -28.776  31.223 0.0000000000
130150  25.838  -28.093  31.428 0.0000000000
49072  25.900  -28.981  30.260 0.0000000000
47182  30.294  -30.503  31.296 0.0000000000
47195  28.974  -30.502  30.634 0.0000000000
49082  28.116  -28.618  29.027 0.0000000000
48154  27.752  -29.498  29.517 0.0000000000
49083  27.123  -28.882  28.969 0.0000000000
49084  26.083  -28.925  29.368 0.0000000000
50047  26.435  -28.078  28.748 0.0000000000
50048  25.574  -27.320  28.816 0.0000000000
129609  26.451  -27.182  28.483 0.0000000000
50924  28.433  -26.581  28.438 0.0000000000
139162  27.745  -26.742  28.265 0.0000000000
51784  27.753  -26.294  27.808 0.0000000000
51806  27.241  -25.743  27.167 0.0000000000
51804  29.012  -25.963  27.275 0.0000000000
50921  30.996  -26.769  28.550 0.0000000000
40130  32.261  -37.238  35.048 0.0000000000
40129  33.091  -37.308  35.201 0.0000000000
41206  34.814  -35.998  34.883 0.0000000000
41185  35.373  -36.693  35.200 0.0000000000
42241  36.652  -35.805  35.036 0.0000000000
43230  36.452  -34.378  34.296 0.0000000000
123515  45.073  -4.130  15.355 0.0000000000
135610  45.263  -4.070  14.930 0.0000000000
122823  45.133  -4.572  14.607 0.0000000000
70008  42.255  -5.876  20.486 0.0000000000
70889  42.228  -5.381  18.600 0.0000000000
70893  42.358  -5.474  17.631 0.0000000000
70892  43.098  -4.988  17.300 0.0000000000
70897  42.569  -5.759  16.692 0.0000000000
69154  42.876  -7.443  16.046 0.0000000000
70023  42.897  -6.065  15.931 0.0000000000
70027  43.380  -6.294  15.389 0.0000000000
70905  43.993  -5.560  15.302 0.0000000000
70026  43.918  -6.518  14.829 0.0000000000
115624  33.073  -33.935  36.668 0.0000000000
63520  36.532  -13.183  20.167 0.0000000000
64496  36.939  -12.799  19.557 0.0000000000
64495  37.339  -12.172  19.273 0.0000000000
63531  37.809  -13.939  19.267 0.0000000000
31937  6.667  -45.403  53.908 0.0000000000
62492  31.489  -13.641  25.627 0.0000000000
62475  31.313  -13.890  26.533 0.0000000000
62476  30.643  -14.214  26.056 0.0000000000
135541  30.232  -14.787  25.570 0.0000000000
54739  27.430  -22.517  24.452 0.0000000000
52813  29.363  -24.455  25.488 0.0000000000
51818  29.508  -25.528  26.540 0.0000000000
38986  11.779  -38.999  37.876 0.0000000000
37867  11.669  -39.701  37.711 0.0000000000
36621  10.734  -40.648  38.843 0.0000000000
35354  10.587  -41.252  39.148 0.0000000000
34235  10.647  -41.970  39.460 0.0000000000
35339  10.093  -41.399  39.981 0.0000000000
35329  9.749  -41.267  40.803 0.0000000000
34093  9.203  -41.287  49.187 0.0000000000
131754  25.203  -32.164  33.886 0.0000000000
43209  19.205  -34.107  36.437 0.0000000000
50855  26.859  -26.634  33.085 0.0000000000
46156  33.868  -30.943  32.775 0.0000000000
47170  32.095  -30.404  32.448 0.0000000000
47152  33.242  -30.393  33.143 0.0000000000
55704  26.163  -20.968  26.672 0.0000000000
55696  25.707  -21.327  27.002 0.0000000000
54715  24.875  -22.689  27.050 0.0000000000
42270  16.835  -34.782  34.583 0.0000000000
126967  15.741  -35.284  34.953 0.0000000000
42192  15.101  -35.027  37.902 0.0000000000
41144  13.932  -36.244  37.768 0.0000000000
49040  20.451  -28.512  34.461 0.0000000000
46112  17.890  -30.986  35.399 0.0000000000
47125  18.252  -30.239  34.918 0.0000000000
47126  17.743  -31.065  34.394 0.0000000000
44175  17.849  -33.130  34.309 0.0000000000
123181  34.096  -32.541  33.321 0.0000000000
44183  35.325  -33.082  33.531 0.0000000000
66377  38.188  -10.456  21.595 0.0000000000
67321  39.348  -9.488  22.248 0.0000000000
132676  40.025  -6.975  21.177 0.0000000000
69143  39.433  -7.373  20.759 0.0000000000
68249  39.068  -8.037  19.437 0.0000000000
136568  39.439  -12.253  19.006 0.0000000000
65448  39.731  -11.647  18.928 0.0000000000
65447  40.662  -11.696  19.021 0.0000000000
65446  41.598  -11.702  19.149 0.0000000000
64491  42.068  -12.531  19.483 0.0000000000
61526  33.968  -15.197  21.019 0.0000000000
61527  33.236  -15.583  21.017 0.0000000000
60548  31.743  -15.787  22.540 0.0000000000
58653  33.383  -18.614  23.348 0.0000000000
59606  28.535  -17.125  26.125 0.0000000000
60511  28.582  -16.643  25.690 0.0000000000
59612  28.067  -17.120  25.578 0.0000000000
59623  27.825  -17.202  25.010 0.0000000000
58640  28.011  -17.725  24.416 0.0000000000
56692  29.721  -20.625  23.524 0.0000000000
55728  30.169  -21.357  23.740 0.0000000000
56685  31.396  -20.388  24.202 0.0000000000
120196  31.593  -21.133  24.616 0.0000000000
40132  30.360  -37.428  35.000 0.0000000000
62505  34.816  -14.249  24.432 0.0000000000
39002  15.931  -38.353  37.585 0.0000000000
38984  15.588  -38.985  38.007 0.0000000000
116573  10.099  -43.790  41.698 0.0000000000
32017  10.285  -44.391  42.345 0.0000000000
30888  9.314  -45.236  44.731 0.0000000000
36542  11.127  -39.808  43.676 0.0000000000
36543  10.310  -40.413  43.163 0.0000000000
35308  9.701  -41.012  43.573 0.0000000000
35295  8.980  -41.490  43.972 0.0000000000
33043  7.616  -43.054  46.045 0.0000000000
31973  7.552  -43.805  45.867 0.0000000000
31965  7.342  -44.176  46.556 0.0000000000
30854  7.451  -45.177  47.753 0.0000000000
31959  6.840  -43.884  48.698 0.0000000000
34087  7.302  -42.431  50.429 0.0000000000
33007  6.419  -43.590  52.145 0.0000000000
121196  4.881  -42.909  56.147 0.0000000000
42265  30.141  -35.766  34.520 0.0000000000
42267  28.599  -35.444  34.307 0.0000000000
42225  26.237  -35.587  36.026 0.0000000000
131406  22.534  -30.475  32.882 0.0000000000
132360  22.815  -31.163  32.717 0.0000000000
46144  22.467  -31.716  32.772 0.0000000000
45174  22.294  -32.267  33.365 0.0000000000
45113  21.237  -32.604  36.979 0.0000000000
45123  21.893  -32.507  36.283 0.0000000000
45112  22.099  -32.692  37.220 0.0000000000
129980  36.001  -18.266  20.434 0.0000000000
58694  36.716  -18.337  20.561 0.0000000000
58676  37.914  -19.041  21.159 0.0000000000
52722  24.353  -23.649  30.095 0.0000000000
52739  24.345  -24.329  29.300 0.0000000000
53669  24.049  -23.456  29.066 0.0000000000
47156  27.570  -30.071  33.127 0.0000000000
47173  27.614  -30.396  32.249 0.0000000000
128815  30.186  -29.464  31.230 0.0000000000
48142  29.152  -29.626  30.343 0.0000000000
135271  29.683  -29.237  30.775 0.0000000000
119244  28.262  -27.681  29.024 0.0000000000
50035  28.840  -26.894  29.252 0.0000000000
50923  29.088  -26.417  28.863 0.0000000000
50911  29.572  -26.725  29.515 0.0000000000
39014  32.603  -38.494  35.846 0.0000000000
39030  33.303  -38.088  35.600 0.0000000000
39029  34.036  -38.353  35.852 0.0000000000
40114  34.632  -38.003  35.734 0.0000000000
70904  44.650  -4.922  15.072 0.0000000000
70017  41.201  -6.349  18.452 0.0000000000
119690  41.634  -5.775  18.781 0.0000000000
127987  41.966  -7.233  16.936 0.0000000000
124080  44.045  -7.879  15.296 0.0000000000
69156  44.220  -7.344  14.774 0.0000000000
126983  44.662  -8.084  14.958 0.0000000000
45127  16.566  -32.800  35.771 0.0000000000
125182  16.262  -33.369  35.492 0.0000000000
47108  18.491  -30.360  36.071 0.0000000000
62577  41.320  -14.623  19.798 0.0000000000
62578  40.590  -14.474  19.596 0.0000000000
134058  40.548  -16.528  20.371 0.0000000000
46090  32.405  -31.765  36.563 0.0000000000
136107  33.046  -33.392  35.046 0.0000000000
43232  34.551  -34.552  34.384 0.0000000000
65409  37.691  -11.639  21.705 0.0000000000
66389  37.538  -10.450  21.020 0.0000000000
67332  37.527  -9.848  20.407 0.0000000000
67360  37.567  -9.728  19.760 0.0000000000
65449  38.070  -10.966  18.972 0.0000000000
132896  37.978  -12.539  19.096 0.0000000000
120923  38.816  -11.667  18.907 0.0000000000
30838  7.520  -45.495  51.880 0.0000000000
63479  32.727  -13.833  23.549 0.0000000000
131003  31.872  -13.862  23.400 0.0000000000
62527  31.508  -14.367  23.098 0.0000000000
62507  31.277  -13.787  24.624 0.0000000000
60539  30.744  -15.657  23.580 0.0000000000
128878  27.027  -19.729  24.636 0.0000000000
57645  27.295  -19.064  24.445 0.0000000000
55731  27.737  -21.063  23.866 0.0000000000
55730  28.410  -21.231  23.701 0.0000000000
54746  28.764  -21.929  23.836 0.0000000000
54745  29.563  -21.971  23.850 0.0000000000
53713  31.765  -23.995  26.039 0.0000000000
52786  30.930  -24.700  26.070 0.0000000000
137425  32.278  -24.922  26.908 0.0000000000
40116  28.312  -37.860  36.900 0.0000000000
35367  12.606  -41.653  38.288 0.0000000000
33103  10.522  -43.418  41.055 0.0000000000
33117  10.535  -42.863  40.450 0.0000000000
33072  8.645  -43.467  42.819 0.0000000000
123932  8.770  -42.009  46.944 0.0000000000
43219  28.367  -34.308  35.006 0.0000000000
44170  26.557  -33.563  33.949 0.0000000000
45153  20.130  -31.841  34.143 0.0000000000
118338  20.991  -31.931  34.431 0.0000000000
44145  20.340  -32.872  36.611 0.0000000000
57674  35.935  -19.866  22.230 0.0000000000
57673  36.753  -19.988  22.334 0.0000000000
120634  25.479  -25.751  31.178 0.0000000000
50877  25.131  -26.770  30.680 0.0000000000
46172  30.400  -31.445  31.721 0.0000000000
123347  30.912  -30.736  31.659 0.0000000000
48132  30.796  -29.703  31.804 0.0000000000
48122  30.507  -28.539  31.893 0.0000000000
31934  5.780  -44.782  55.294 0.0000000000
59605  29.180  -17.220  26.661 0.0000000000
58615  27.481  -18.417  25.958 0.0000000000
57610  27.353  -19.268  26.124 0.0000000000
55722  26.556  -21.034  24.818 0.0000000000
55712  26.191  -21.857  25.186 0.0000000000
53737  26.287  -22.606  25.157 0.0000000000
120589  26.719  -23.681  25.299 0.0000000000
41172  16.716  -37.110  36.557 0.0000000000
41193  16.789  -36.126  35.095 0.0000000000
39022  14.535  -38.103  36.400 0.0000000000
44148  15.829  -33.832  35.730 0.0000000000
125364  15.329  -34.995  35.475 0.0000000000
42253  15.102  -35.774  35.367 0.0000000000
41196  14.746  -36.410  35.654 0.0000000000
40120  14.232  -37.475  36.159 0.0000000000
39023  13.901  -38.047  36.415 0.0000000000
39005  13.390  -38.325  36.763 0.0000000000
122205  12.811  -38.653  37.071 0.0000000000
39006  12.358  -38.543  37.528 0.0000000000
40084  13.083  -37.338  37.894 0.0000000000
38968  11.636  -38.677  38.919 0.0000000000
38949  11.396  -38.805  40.000 0.0000000000
46111  24.566  -31.420  35.098 0.0000000000
47123  23.938  -30.899  35.538 0.0000000000
128517  23.427  -30.413  34.060 0.0000000000
47159  22.767  -29.984  33.661 0.0000000000
48124  21.652  -30.204  32.757 0.0000000000
47174  21.205  -30.609  32.645 0.0000000000
46146  20.008  -31.054  32.811 0.0000000000
49041  19.739  -28.814  34.407 0.0000000000
48097  18.526  -29.912  34.200 0.0000000000
48096  19.176  -29.357  34.042 0.0000000000
48112  19.518  -29.767  33.145 0.0000000000
47161  19.254  -30.639  32.885 0.0000000000
46128  19.762  -31.514  33.354 0.0000000000
132455  18.361  -33.540  34.623 0.0000000000
43210  18.534  -34.604  35.856 0.0000000000
49037  27.562  -28.052  34.695 0.0000000000
47122  28.634  -29.912  35.014 0.0000000000
47139  28.409  -30.115  34.187 0.0000000000
132880  28.144  -30.293  33.519 0.0000000000
47154  28.789  -30.870  33.487 0.0000000000
46140  29.381  -31.564  32.744 0.0000000000
46159  30.186  -31.970  32.348 0.0000000000
46108  31.522  -31.599  35.309 0.0000000000
46122  31.171  -31.959  34.413 0.0000000000
45148  32.260  -32.653  34.050 0.0000000000
45168  30.904  -32.205  33.506 0.0000000000
131234  30.746  -32.178  32.811 0.0000000000
131073  31.099  -31.906  32.377 0.0000000000
46158  31.962  -31.590  32.326 0.0000000000
136436  32.622  -31.316  32.403 0.0000000000
70014  40.629  -6.442  19.983 0.0000000000
70018  40.639  -6.620  18.954 0.0000000000
123935  40.992  -8.763  18.169 0.0000000000
67358  38.962  -8.887  19.098 0.0000000000
61553  37.007  -15.893  19.487 0.0000000000
61554  36.072  -15.726  19.625 0.0000000000
60579  35.856  -17.062  19.759 0.0000000000
59672  35.498  -17.757  20.112 0.0000000000
58695  35.291  -18.514  20.564 0.0000000000
58679  35.187  -19.157  21.008 0.0000000000
62543  32.723  -14.529  22.053 0.0000000000
60564  32.696  -15.965  21.455 0.0000000000
60547  32.234  -16.365  22.122 0.0000000000
59656  32.731  -16.921  21.608 0.0000000000
59655  33.341  -17.457  21.121 0.0000000000
57684  34.809  -19.310  21.634 0.0000000000
57675  34.651  -19.259  22.521 0.0000000000
124740  33.980  -18.794  23.716 0.0000000000
61464  30.042  -15.090  26.323 0.0000000000
61479  29.657  -15.427  25.439 0.0000000000
60518  28.991  -16.084  25.559 0.0000000000
120660  29.658  -16.178  24.426 0.0000000000
57662  27.848  -19.069  23.754 0.0000000000
58657  28.314  -18.390  23.840 0.0000000000
58656  29.206  -18.491  23.649 0.0000000000
128251  29.224  -19.935  23.477 0.0000000000
57660  29.628  -19.314  23.505 0.0000000000
58637  30.736  -18.036  23.820 0.0000000000
58636  32.560  -18.949  24.356 0.0000000000
57643  32.741  -19.621  24.876 0.0000000000
41189  31.793  -36.473  34.851 0.0000000000
39032  31.963  -38.000  35.416 0.0000000000
136442  30.828  -37.731  35.254 0.0000000000
63505  36.570  -13.585  22.358 0.0000000000
38983  16.418  -38.671  38.410 0.0000000000
37850  14.595  -39.913  37.691 0.0000000000
119243  10.987  -39.398  40.491 0.0000000000
37792  11.680  -38.963  41.930 0.0000000000
35281  9.167  -41.318  44.751 0.0000000000
30873  9.062  -45.499  45.388 0.0000000000
30874  8.539  -45.339  45.770 0.0000000000
31947  7.043  -44.899  52.152 0.0000000000
132412  5.881  -44.475  55.293 0.0000000000
128097  31.713  -35.388  36.903 0.0000000000
41209  30.402  -36.297  34.516 0.0000000000
40146  30.030  -36.811  34.549 0.0000000000
40134  28.128  -36.887  35.648 0.0000000000
41212  28.221  -35.861  34.374 0.0000000000
46141  24.831  -32.228  33.392 0.0000000000
45186  23.843  -31.889  32.852 0.0000000000
45171  24.318  -32.389  33.033 0.0000000000
116094  24.927  -32.861  33.157 0.0000000000
135786  24.296  -33.684  34.494 0.0000000000
45152  21.866  -32.280  34.400 0.0000000000
43207  24.550  -34.286  36.207 0.0000000000
60587  37.772  -16.467  19.663 0.0000000000
60578  38.453  -16.973  19.968 0.0000000000
59669  38.748  -17.584  20.342 0.0000000000
120451  37.635  -19.975  22.440 0.0000000000
54698  24.922  -21.942  27.530 0.0000000000
52769  24.499  -23.946  27.777 0.0000000000
53701  24.630  -23.350  27.390 0.0000000000
53700  25.108  -23.318  26.638 0.0000000000
131388  25.594  -23.910  26.350 0.0000000000
52791  26.516  -24.523  26.127 0.0000000000
49982  27.000  -27.408  33.461 0.0000000000
49996  26.492  -27.455  32.712 0.0000000000
48108  26.625  -28.983  32.879 0.0000000000
50010  25.997  -27.460  31.908 0.0000000000
50011  25.555  -27.494  31.056 0.0000000000
50025  25.085  -27.603  30.220 0.0000000000
47184  28.748  -30.970  31.332 0.0000000000
124596  27.384  -30.158  30.759 0.0000000000
48143  28.438  -29.906  30.129 0.0000000000
134723  27.768  -30.029  30.177 0.0000000000
48145  26.380  -29.401  29.983 0.0000000000
49085  25.444  -28.340  29.820 0.0000000000
50026  24.671  -26.895  29.824 0.0000000000
138267  24.874  -26.913  29.208 0.0000000000
50927  25.202  -26.448  28.641 0.0000000000
50046  27.209  -27.310  28.458 0.0000000000
50925  26.999  -26.686  28.126 0.0000000000
51820  27.750  -25.256  26.722 0.0000000000
51819  28.592  -25.439  26.645 0.0000000000
51803  29.967  -26.084  27.137 0.0000000000
50922  29.900  -26.661  28.769 0.0000000000
50933  30.437  -26.457  27.853 0.0000000000
138005  33.237  -36.017  34.849 0.0000000000
41207  33.945  -36.044  34.819 0.0000000000
40113  35.362  -38.019  35.949 0.0000000000
42242  35.744  -35.951  34.894 0.0000000000
43231  35.522  -34.513  34.260 0.0000000000
70891  43.783  -4.607  16.886 0.0000000000
68265  42.179  -8.124  17.298 0.0000000000
136739  42.430  -7.278  16.476 0.0000000000
68272  43.248  -8.297  16.510 0.0000000000
70024  42.429  -6.682  16.320 0.0000000000
70895  43.845  -4.979  16.059 0.0000000000
70033  44.535  -6.756  14.452 0.0000000000
43242  16.612  -34.248  34.614 0.0000000000
47175  20.625  -30.632  32.648 0.0000000000
48095  19.967  -29.046  33.731 0.0000000000
48125  20.864  -30.074  32.678 0.0000000000
48144  27.060  -29.771  30.092 0.0000000000
50037  25.076  -27.599  29.483 0.0000000000
51765  24.494  -25.140  29.163 0.0000000000
52752  24.313  -24.112  28.467 0.0000000000
54737  29.760  -22.545  24.205 0.0000000000
54740  26.694  -22.387  24.790 0.0000000000
56695  27.409  -20.580  23.975 0.0000000000
59624  27.541  -17.779  24.903 0.0000000000
59681  37.691  -17.150  19.942 0.0000000000
66422  37.711  -10.285  19.366 0.0000000000
123136  31.723  -24.797  26.541 0.0000000000
136276  26.029  -24.244  26.211 0.0000000000
136946  23.072  -30.830  32.841 0.0000000000
137776  22.930  -32.198  32.894 0.0000000000
137988  28.788  -31.158  32.776 0.0000000000
138963  35.270  -19.598  22.166 0.0000000000
