#!ascii label  , from subject sub-v1s12x0050109_ses-1 vox2ras=TkReg
1090
43065  12.847  -34.861  50.284 0.0000000000
121101  7.059  -36.965  40.214 0.0000000000
42005  5.502  -35.959  55.607 0.0000000000
39945  -1.130  -37.562  49.374 0.0000000000
46022  -0.110  -31.772  43.592 0.0000000000
43956  8.900  -34.477  52.886 0.0000000000
116299  5.237  -34.210  49.744 0.0000000000
39926  17.010  -36.665  51.752 0.0000000000
123882  12.690  -38.482  51.928 0.0000000000
38799  8.857  -37.890  54.508 0.0000000000
44983  -1.226  -32.848  51.685 0.0000000000
42085  -2.832  -35.736  46.414 0.0000000000
47940  -0.502  -29.391  48.684 0.0000000000
37621  3.403  -39.519  55.170 0.0000000000
131800  2.452  -38.902  52.025 0.0000000000
42036  0.900  -36.227  53.132 0.0000000000
44021  0.688  -34.159  47.986 0.0000000000
36494  2.087  -40.110  46.309 0.0000000000
38936  -0.409  -37.692  41.402 0.0000000000
44139  -2.192  -33.494  37.496 0.0000000000
49892  -0.132  -27.665  41.342 0.0000000000
131341  10.761  -35.171  51.643 0.0000000000
139206  9.076  -33.066  50.104 0.0000000000
42049  15.228  -36.031  51.222 0.0000000000
39933  15.080  -38.010  51.365 0.0000000000
42039  13.013  -36.055  51.934 0.0000000000
42030  10.945  -35.992  52.762 0.0000000000
46956  -1.640  -30.477  50.419 0.0000000000
128950  3.647  -37.307  55.538 0.0000000000
39922  1.540  -37.471  54.361 0.0000000000
42022  2.524  -35.854  55.067 0.0000000000
131056  3.984  -33.958  46.666 0.0000000000
117917  3.069  -35.201  48.439 0.0000000000
40980  7.043  -36.024  55.682 0.0000000000
37618  7.159  -38.582  55.355 0.0000000000
38787  5.170  -37.693  56.816 0.0000000000
36410  3.122  -39.593  56.420 0.0000000000
37657  0.220  -39.584  50.847 0.0000000000
36456  2.337  -40.151  48.855 0.0000000000
36466  -0.546  -39.610  48.383 0.0000000000
115237  -0.822  -33.265  44.978 0.0000000000
135613  -2.320  -37.625  43.994 0.0000000000
119534  -1.771  -35.264  42.271 0.0000000000
41133  -1.517  -36.040  39.508 0.0000000000
115857  -1.982  -32.882  41.208 0.0000000000
43022  7.005  -35.067  54.860 0.0000000000
124957  4.892  -34.744  53.247 0.0000000000
43980  6.910  -33.668  51.692 0.0000000000
44017  6.585  -33.844  48.247 0.0000000000
39941  18.615  -37.405  50.709 0.0000000000
38844  16.514  -38.560  47.725 0.0000000000
37652  16.250  -39.072  50.380 0.0000000000
36439  14.109  -39.228  50.571 0.0000000000
119437  10.668  -38.026  53.053 0.0000000000
40985  8.991  -36.214  54.404 0.0000000000
127572  -1.674  -35.111  48.792 0.0000000000
39950  -2.338  -37.537  48.171 0.0000000000
44022  -1.670  -33.715  48.470 0.0000000000
45988  -1.745  -31.064  47.447 0.0000000000
47967  -0.882  -30.421  46.239 0.0000000000
43984  15.078  -33.787  50.108 0.0000000000
43085  20.573  -33.913  48.489 0.0000000000
44977  19.846  -31.430  50.767 0.0000000000
131978  17.572  -34.440  50.964 0.0000000000
43029  16.852  -34.187  51.025 0.0000000000
35211  3.604  -40.703  53.946 0.0000000000
36444  4.959  -39.761  51.925 0.0000000000
38800  3.122  -38.253  53.934 0.0000000000
38819  0.435  -38.436  52.982 0.0000000000
41012  -0.175  -37.503  51.548 0.0000000000
43070  3.188  -35.107  51.050 0.0000000000
42062  1.563  -36.199  49.934 0.0000000000
41019  -0.327  -36.463  48.484 0.0000000000
43992  -0.811  -34.092  50.927 0.0000000000
37672  5.985  -39.089  49.197 0.0000000000
38854  5.592  -38.633  46.419 0.0000000000
40005  4.474  -38.015  43.200 0.0000000000
121631  -1.587  -39.163  45.959 0.0000000000
37761  0.375  -39.013  43.872 0.0000000000
40057  3.402  -37.070  40.637 0.0000000000
40088  1.255  -37.395  38.475 0.0000000000
41203  -0.288  -35.550  36.686 0.0000000000
49839  2.213  -27.829  47.827 0.0000000000
47965  1.697  -29.340  44.633 0.0000000000
50798  1.638  -26.451  42.795 0.0000000000
47986  -0.564  -29.525  42.029 0.0000000000
48020  -1.293  -30.510  39.816 0.0000000000
123217  11.942  -35.031  50.822 0.0000000000
136352  11.355  -34.048  49.982 0.0000000000
43089  12.412  -33.786  48.605 0.0000000000
42059  14.221  -35.042  50.987 0.0000000000
42050  14.463  -35.903  51.216 0.0000000000
42060  13.399  -35.044  51.148 0.0000000000
43041  12.021  -35.338  51.913 0.0000000000
40086  6.527  -37.149  38.597 0.0000000000
42195  5.670  -35.719  38.581 0.0000000000
40977  4.459  -36.605  55.731 0.0000000000
42008  2.907  -36.049  55.235 0.0000000000
42013  4.498  -35.925  55.345 0.0000000000
41039  17.697  -36.655  46.397 0.0000000000
42004  6.033  -36.166  55.819 0.0000000000
39915  6.304  -36.891  56.066 0.0000000000
40975  5.541  -36.600  56.068 0.0000000000
39911  4.313  -37.356  56.700 0.0000000000
37659  -0.550  -38.752  50.271 0.0000000000
36453  -0.021  -39.716  50.050 0.0000000000
37667  -0.740  -38.671  49.392 0.0000000000
114774  -0.643  -33.322  44.234 0.0000000000
44072  -0.881  -34.199  43.654 0.0000000000
44079  -1.001  -33.853  42.696 0.0000000000
44086  -1.914  -33.925  41.356 0.0000000000
45077  -1.164  -31.985  42.235 0.0000000000
43033  8.155  -34.717  53.729 0.0000000000
43958  7.605  -34.223  53.280 0.0000000000
43957  8.335  -34.222  53.079 0.0000000000
115297  7.928  -33.218  48.833 0.0000000000
44041  6.006  -33.744  46.466 0.0000000000
38809  18.089  -37.434  51.958 0.0000000000
38827  17.663  -39.035  50.960 0.0000000000
37630  16.623  -39.153  52.117 0.0000000000
138544  13.862  -38.432  51.559 0.0000000000
37632  14.980  -38.658  51.140 0.0000000000
37634  13.277  -38.749  51.628 0.0000000000
38814  11.964  -38.155  52.427 0.0000000000
43031  9.647  -35.189  52.761 0.0000000000
42018  9.807  -35.964  53.614 0.0000000000
43020  8.746  -35.203  53.941 0.0000000000
43010  8.011  -35.228  54.374 0.0000000000
43993  -1.653  -34.007  50.638 0.0000000000
43084  -1.906  -34.560  49.271 0.0000000000
120206  -1.951  -33.766  50.455 0.0000000000
47933  -1.243  -29.654  49.876 0.0000000000
120427  -1.604  -30.736  49.256 0.0000000000
123981  -2.053  -29.945  47.931 0.0000000000
47952  -2.350  -30.096  47.054 0.0000000000
119369  -1.004  -29.813  47.391 0.0000000000
42037  18.677  -34.764  51.081 0.0000000000
36430  3.241  -40.225  54.725 0.0000000000
36429  3.839  -39.575  54.115 0.0000000000
37626  3.816  -38.922  54.152 0.0000000000
120340  0.768  -37.034  54.337 0.0000000000
39925  0.870  -37.660  54.225 0.0000000000
40998  0.117  -37.330  53.186 0.0000000000
39936  -0.207  -38.059  52.164 0.0000000000
123923  0.321  -36.815  51.694 0.0000000000
43057  4.711  -34.443  51.260 0.0000000000
139164  4.579  -34.628  52.420 0.0000000000
43069  3.856  -34.771  50.672 0.0000000000
43094  1.434  -34.781  47.521 0.0000000000
123206  2.409  -35.639  48.352 0.0000000000
42073  1.604  -35.815  47.926 0.0000000000
42068  0.422  -36.505  48.566 0.0000000000
43095  0.698  -35.255  47.795 0.0000000000
43082  -0.937  -34.753  48.658 0.0000000000
44005  0.217  -33.686  49.026 0.0000000000
37687  15.241  -39.187  47.880 0.0000000000
38852  15.494  -38.696  46.589 0.0000000000
37628  9.644  -39.061  53.492 0.0000000000
36427  9.209  -39.750  53.188 0.0000000000
37629  8.917  -39.398  53.887 0.0000000000
37620  5.487  -39.582  55.945 0.0000000000
37624  6.866  -39.652  55.063 0.0000000000
37617  3.413  -39.422  55.389 0.0000000000
36419  2.874  -40.450  55.389 0.0000000000
37637  4.365  -38.828  52.357 0.0000000000
36451  5.439  -39.935  50.709 0.0000000000
37654  4.739  -38.625  50.585 0.0000000000
36475  2.288  -40.197  47.014 0.0000000000
37690  4.605  -38.828  47.952 0.0000000000
121548  3.460  -39.318  45.811 0.0000000000
38878  4.936  -38.321  44.693 0.0000000000
37740  3.227  -39.119  44.865 0.0000000000
41032  -3.075  -36.388  46.880 0.0000000000
38845  -2.622  -38.453  47.079 0.0000000000
38868  -3.220  -37.797  45.739 0.0000000000
38919  -1.051  -37.595  42.886 0.0000000000
37763  -0.846  -38.462  43.941 0.0000000000
38916  0.268  -38.478  42.422 0.0000000000
38914  2.295  -38.330  42.359 0.0000000000
38952  1.282  -38.170  40.919 0.0000000000
40071  2.452  -37.117  39.660 0.0000000000
38972  0.259  -38.177  40.058 0.0000000000
115373  -1.889  -34.862  38.322 0.0000000000
134068  -0.953  -35.288  38.331 0.0000000000
42235  -1.118  -34.535  37.614 0.0000000000
50779  2.835  -26.853  46.856 0.0000000000
115998  2.353  -28.440  46.236 0.0000000000
48935  3.538  -27.499  45.308 0.0000000000
50807  -0.183  -25.914  41.259 0.0000000000
49880  0.611  -27.225  42.068 0.0000000000
48950  0.721  -28.229  42.382 0.0000000000
115971  -0.572  -29.030  41.740 0.0000000000
47994  -1.489  -29.708  41.033 0.0000000000
48005  -0.831  -29.325  40.861 0.0000000000
43966  9.708  -34.400  52.006 0.0000000000
43978  9.207  -33.804  51.693 0.0000000000
115767  9.799  -33.852  51.239 0.0000000000
128049  16.375  -36.448  51.363 0.0000000000
39932  15.990  -38.026  51.451 0.0000000000
41008  15.226  -36.864  51.306 0.0000000000
41003  13.845  -37.320  51.470 0.0000000000
39935  12.394  -37.268  52.265 0.0000000000
39928  11.801  -37.594  52.606 0.0000000000
42029  11.731  -36.069  52.453 0.0000000000
43030  10.490  -35.472  52.424 0.0000000000
46925  -1.235  -31.445  52.766 0.0000000000
115159  -1.739  -32.331  51.207 0.0000000000
46946  -1.305  -30.897  51.972 0.0000000000
47925  -0.845  -29.471  51.187 0.0000000000
48903  0.207  -28.704  50.857 0.0000000000
125707  3.602  -38.375  55.202 0.0000000000
38796  2.402  -37.546  54.437 0.0000000000
39917  2.317  -36.986  54.761 0.0000000000
42016  2.029  -36.103  54.995 0.0000000000
42035  1.550  -35.848  53.620 0.0000000000
43091  4.262  -34.573  47.857 0.0000000000
118773  3.750  -34.846  48.510 0.0000000000
43092  3.310  -34.844  47.621 0.0000000000
43100  2.069  -34.269  47.160 0.0000000000
44004  1.053  -33.290  48.706 0.0000000000
43990  0.930  -33.218  49.864 0.0000000000
130805  8.142  -37.281  55.106 0.0000000000
38794  8.049  -38.238  55.048 0.0000000000
121865  7.427  -37.534  55.496 0.0000000000
37614  5.724  -38.551  56.332 0.0000000000
121180  5.027  -39.101  56.875 0.0000000000
36413  3.779  -40.364  56.480 0.0000000000
37610  4.103  -38.544  57.199 0.0000000000
37612  3.310  -38.799  56.218 0.0000000000
37656  0.874  -39.758  51.112 0.0000000000
118882  2.655  -39.435  50.475 0.0000000000
36452  0.761  -40.070  50.176 0.0000000000
133519  0.694  -40.383  48.617 0.0000000000
120020  0.838  -40.326  46.926 0.0000000000
43107  -1.907  -34.778  45.533 0.0000000000
41051  -3.147  -36.481  45.269 0.0000000000
42100  -2.268  -35.398  44.438 0.0000000000
41067  -2.079  -36.713  42.982 0.0000000000
128565  -1.121  -36.776  41.684 0.0000000000
133366  -0.718  -36.900  40.602 0.0000000000
42155  -1.975  -36.010  40.772 0.0000000000
133582  -2.398  -34.455  39.754 0.0000000000
45096  -2.400  -32.857  39.608 0.0000000000
50809  -0.286  -26.392  40.719 0.0000000000
133808  0.304  -28.318  40.535 0.0000000000
49918  0.852  -27.246  39.742 0.0000000000
43012  6.456  -35.240  55.234 0.0000000000
43014  5.453  -35.499  55.303 0.0000000000
117221  6.439  -34.756  54.309 0.0000000000
115469  6.070  -34.197  52.683 0.0000000000
43067  5.751  -33.966  50.434 0.0000000000
115413  7.692  -33.268  50.565 0.0000000000
116310  7.045  -33.524  49.926 0.0000000000
44003  5.700  -34.069  49.218 0.0000000000
44032  5.232  -34.022  46.787 0.0000000000
41018  18.769  -36.702  49.634 0.0000000000
39959  17.576  -37.541  47.642 0.0000000000
39944  17.973  -38.107  49.436 0.0000000000
37631  15.782  -38.758  51.161 0.0000000000
36437  15.540  -39.062  50.301 0.0000000000
35232  14.638  -39.213  49.349 0.0000000000
37636  10.670  -38.912  52.447 0.0000000000
38804  10.231  -38.241  53.402 0.0000000000
127115  10.993  -37.279  52.945 0.0000000000
39923  10.027  -37.628  53.669 0.0000000000
39924  9.283  -37.372  54.275 0.0000000000
40986  8.275  -36.078  54.831 0.0000000000
42012  7.122  -35.659  55.403 0.0000000000
41021  -1.487  -36.738  48.758 0.0000000000
39947  -1.894  -37.570  48.680 0.0000000000
42071  -1.656  -35.946  48.514 0.0000000000
42079  -2.063  -35.432  47.918 0.0000000000
133202  -2.105  -35.066  47.371 0.0000000000
122750  -1.658  -31.802  49.537 0.0000000000
124293  -1.110  -32.843  47.565 0.0000000000
44044  -1.178  -33.674  46.236 0.0000000000
45031  -0.816  -32.490  45.983 0.0000000000
46011  -0.924  -31.610  45.891 0.0000000000
120697  -0.457  -31.422  45.266 0.0000000000
43074  14.626  -34.151  49.761 0.0000000000
42077  19.514  -35.184  47.910 0.0000000000
129416  20.081  -30.011  51.034 0.0000000000
46926  20.354  -30.210  52.074 0.0000000000
116826  20.421  -31.378  50.575 0.0000000000
119023  20.081  -32.960  50.218 0.0000000000
120942  20.083  -34.151  49.929 0.0000000000
42065  19.496  -35.314  49.819 0.0000000000
133791  18.149  -36.113  51.193 0.0000000000
40994  17.194  -35.871  51.227 0.0000000000
43028  17.056  -33.868  51.186 0.0000000000
42028  16.751  -35.558  51.203 0.0000000000
43050  16.113  -35.088  51.187 0.0000000000
43051  15.564  -34.985  51.062 0.0000000000
37638  4.129  -39.033  53.332 0.0000000000
129266  2.952  -38.507  52.815 0.0000000000
38802  1.525  -37.786  54.227 0.0000000000
38817  2.219  -38.382  53.412 0.0000000000
37639  1.689  -38.766  52.720 0.0000000000
37641  0.082  -38.893  52.158 0.0000000000
38825  -0.175  -38.604  51.609 0.0000000000
39942  -0.811  -37.967  50.461 0.0000000000
42032  4.008  -35.441  54.103 0.0000000000
42042  2.804  -35.203  52.837 0.0000000000
42043  2.327  -35.406  52.174 0.0000000000
133423  3.228  -35.188  50.204 0.0000000000
42061  2.486  -35.607  50.329 0.0000000000
42054  1.768  -35.834  51.319 0.0000000000
42055  0.887  -36.436  50.849 0.0000000000
41015  -0.118  -36.837  49.317 0.0000000000
41020  -0.923  -36.769  48.889 0.0000000000
42069  -0.921  -35.795  48.424 0.0000000000
43071  -1.282  -34.216  50.151 0.0000000000
43059  -1.207  -34.049  51.164 0.0000000000
43981  -0.114  -33.591  51.403 0.0000000000
43982  -0.868  -33.807  51.666 0.0000000000
44976  -0.755  -32.647  52.180 0.0000000000
131883  8.769  -40.606  51.877 0.0000000000
37623  7.683  -39.240  54.790 0.0000000000
37674  4.534  -38.705  49.098 0.0000000000
37689  5.802  -38.700  47.901 0.0000000000
41079  5.571  -36.986  41.937 0.0000000000
37678  -1.788  -38.845  47.917 0.0000000000
36498  -1.000  -39.479  47.172 0.0000000000
36513  0.580  -40.135  45.717 0.0000000000
38881  -2.370  -38.380  44.936 0.0000000000
37744  -0.479  -39.063  44.595 0.0000000000
37722  1.529  -39.689  45.044 0.0000000000
38897  2.677  -38.722  43.557 0.0000000000
40026  4.043  -37.650  42.335 0.0000000000
41112  4.863  -36.161  40.700 0.0000000000
41130  3.784  -36.133  39.428 0.0000000000
38992  -0.373  -37.484  39.123 0.0000000000
40106  -0.108  -37.087  37.630 0.0000000000
48907  1.069  -28.203  49.944 0.0000000000
50742  1.615  -26.742  49.518 0.0000000000
48913  1.133  -28.679  48.508 0.0000000000
115786  0.939  -29.081  47.094 0.0000000000
126874  -0.049  -29.944  45.938 0.0000000000
134554  0.694  -30.580  44.190 0.0000000000
49878  1.960  -27.614  43.180 0.0000000000
47980  0.661  -29.848  42.944 0.0000000000
47026  0.196  -30.985  42.945 0.0000000000
46034  -1.440  -30.866  41.775 0.0000000000
46046  -2.133  -31.262  39.897 0.0000000000
45105  -2.198  -32.034  38.291 0.0000000000
47096  -1.385  -31.542  38.439 0.0000000000
43066  11.927  -34.585  50.048 0.0000000000
43076  12.659  -34.323  49.280 0.0000000000
43064  13.867  -34.760  50.225 0.0000000000
43052  12.546  -35.121  51.443 0.0000000000
38969  6.822  -37.682  40.098 0.0000000000
40070  6.955  -36.883  39.416 0.0000000000
40102  6.195  -36.595  38.021 0.0000000000
41128  6.727  -36.227  39.134 0.0000000000
42000  4.921  -36.341  55.673 0.0000000000
42001  4.288  -36.225  55.407 0.0000000000
42006  4.938  -35.994  55.446 0.0000000000
42078  18.854  -35.708  47.289 0.0000000000
41038  18.259  -36.193  46.815 0.0000000000
41030  18.498  -36.370  47.669 0.0000000000
40974  5.940  -36.269  55.849 0.0000000000
41999  5.508  -36.305  55.807 0.0000000000
40976  4.935  -36.727  56.086 0.0000000000
38830  -1.030  -38.329  49.809 0.0000000000
45060  -0.443  -32.541  43.978 0.0000000000
45061  -0.668  -33.223  43.293 0.0000000000
45068  -0.493  -32.304  43.005 0.0000000000
45069  -1.063  -32.940  42.535 0.0000000000
125828  8.600  -34.708  53.402 0.0000000000
39931  17.247  -37.387  52.386 0.0000000000
38810  17.420  -38.505  52.469 0.0000000000
130288  16.576  -38.247  52.197 0.0000000000
38813  13.047  -38.015  51.792 0.0000000000
131560  13.436  -38.577  51.648 0.0000000000
38815  12.071  -38.503  52.229 0.0000000000
43019  9.350  -35.338  53.448 0.0000000000
43032  8.958  -34.952  53.262 0.0000000000
120350  8.388  -34.994  53.821 0.0000000000
44989  -1.582  -33.388  51.056 0.0000000000
47932  -0.596  -29.290  49.585 0.0000000000
47941  -1.300  -29.876  48.902 0.0000000000
116452  -1.214  -29.855  48.014 0.0000000000
36424  3.432  -39.133  54.936 0.0000000000
40997  0.454  -36.882  53.633 0.0000000000
125372  0.381  -36.744  52.701 0.0000000000
134818  5.170  -34.224  50.579 0.0000000000
43068  4.526  -34.517  50.173 0.0000000000
43081  -0.092  -34.564  48.328 0.0000000000
37622  9.348  -38.634  54.048 0.0000000000
36417  6.093  -40.104  55.363 0.0000000000
36416  2.920  -40.407  55.657 0.0000000000
36425  2.680  -40.829  54.899 0.0000000000
38824  3.703  -38.627  52.005 0.0000000000
137703  4.832  -38.686  51.195 0.0000000000
38828  4.187  -38.602  51.173 0.0000000000
37707  2.882  -39.795  46.505 0.0000000000
37721  2.333  -39.732  45.671 0.0000000000
39971  -3.242  -37.165  46.368 0.0000000000
41041  -3.183  -36.387  46.027 0.0000000000
115628  -0.568  -37.572  42.148 0.0000000000
38918  -0.608  -38.046  42.987 0.0000000000
129650  -0.066  -38.164  41.678 0.0000000000
38935  0.698  -38.367  41.647 0.0000000000
38953  0.381  -38.256  40.870 0.0000000000
132744  0.920  -38.183  40.319 0.0000000000
38954  -0.259  -37.991  40.675 0.0000000000
43186  -2.281  -34.467  38.162 0.0000000000
131603  -2.036  -34.444  37.916 0.0000000000
120667  -2.222  -34.089  37.685 0.0000000000
50767  2.242  -25.998  47.289 0.0000000000
51628  2.638  -25.889  46.535 0.0000000000
49850  3.347  -27.220  46.083 0.0000000000
50787  3.629  -26.595  45.442 0.0000000000
50804  -0.029  -26.834  41.367 0.0000000000
50803  0.245  -26.852  41.654 0.0000000000
49886  0.013  -27.793  41.755 0.0000000000
48958  0.323  -27.977  42.068 0.0000000000
48966  -0.326  -28.492  41.602 0.0000000000
126956  -0.641  -28.950  41.345 0.0000000000
48971  -0.211  -28.513  41.055 0.0000000000
43054  10.269  -34.593  51.484 0.0000000000
43997  11.139  -33.502  49.382 0.0000000000
41007  15.800  -36.391  51.309 0.0000000000
41002  15.720  -37.265  51.358 0.0000000000
41010  13.769  -36.509  51.497 0.0000000000
41004  13.043  -36.933  51.849 0.0000000000
39934  13.095  -37.656  51.715 0.0000000000
41005  12.344  -36.477  52.278 0.0000000000
127454  11.593  -35.252  51.550 0.0000000000
42041  11.406  -35.651  52.223 0.0000000000
43042  11.060  -35.433  51.988 0.0000000000
43043  10.158  -35.054  52.198 0.0000000000
115011  -0.393  -29.198  52.021 0.0000000000
48900  -0.141  -28.907  51.343 0.0000000000
47929  -0.627  -29.199  50.484 0.0000000000
38791  3.592  -37.935  55.198 0.0000000000
38793  3.125  -37.639  54.641 0.0000000000
40979  3.139  -36.946  55.046 0.0000000000
42015  2.710  -35.990  55.244 0.0000000000
42009  2.375  -36.094  55.117 0.0000000000
42023  1.663  -35.983  54.659 0.0000000000
42034  2.407  -35.566  53.920 0.0000000000
43097  4.467  -34.253  46.962 0.0000000000
43098  3.640  -34.370  46.960 0.0000000000
44034  2.556  -33.871  46.869 0.0000000000
44020  1.406  -33.720  47.709 0.0000000000
45002  1.757  -32.832  48.397 0.0000000000
44995  1.672  -32.713  49.483 0.0000000000
132390  7.547  -36.600  55.510 0.0000000000
39920  7.010  -36.976  55.838 0.0000000000
39916  5.643  -36.958  56.289 0.0000000000
115412  5.779  -37.623  56.401 0.0000000000
38792  5.303  -38.297  56.863 0.0000000000
38788  4.748  -38.478  57.166 0.0000000000
119386  4.516  -37.824  57.120 0.0000000000
39912  3.882  -37.383  56.287 0.0000000000
38789  3.784  -38.087  56.896 0.0000000000
38790  3.633  -37.966  56.010 0.0000000000
37613  3.511  -38.744  55.666 0.0000000000
131217  1.623  -39.915  50.589 0.0000000000
36459  -0.185  -39.661  49.197 0.0000000000
36458  0.291  -40.141  49.324 0.0000000000
36465  -0.016  -40.137  48.545 0.0000000000
36477  0.587  -40.404  47.799 0.0000000000
44053  -1.332  -34.155  45.107 0.0000000000
122642  -1.901  -34.912  44.989 0.0000000000
43111  -1.521  -34.625  44.401 0.0000000000
43131  -1.363  -34.693  42.863 0.0000000000
119008  -1.960  -35.468  42.961 0.0000000000
42120  -1.986  -36.130  42.533 0.0000000000
41080  -1.603  -36.656  42.167 0.0000000000
42135  -1.807  -35.886  41.819 0.0000000000
130768  -1.524  -36.525  41.375 0.0000000000
43158  -2.206  -34.406  40.650 0.0000000000
44099  -2.296  -33.506  40.323 0.0000000000
44111  -2.482  -33.578  39.455 0.0000000000
136519  -2.269  -32.661  40.283 0.0000000000
138302  -0.811  -25.375  40.755 0.0000000000
50813  -0.024  -26.288  40.351 0.0000000000
49903  0.458  -27.233  40.196 0.0000000000
50812  0.434  -26.331  39.880 0.0000000000
43023  6.374  -34.870  54.996 0.0000000000
43970  6.860  -33.951  52.571 0.0000000000
43045  6.160  -33.964  51.853 0.0000000000
43055  6.264  -33.777  51.027 0.0000000000
43988  9.161  -33.348  50.809 0.0000000000
43979  8.464  -33.360  51.194 0.0000000000
43989  8.421  -33.091  50.316 0.0000000000
44002  6.372  -33.812  49.277 0.0000000000
44018  5.827  -34.083  48.439 0.0000000000
115127  5.938  -34.028  47.438 0.0000000000
39943  18.474  -37.582  50.068 0.0000000000
39948  18.332  -37.319  49.044 0.0000000000
37660  16.835  -39.206  50.374 0.0000000000
38832  17.435  -38.765  49.926 0.0000000000
130389  16.148  -38.685  51.564 0.0000000000
38811  15.445  -38.467  51.275 0.0000000000
37644  14.579  -38.933  50.938 0.0000000000
37643  15.338  -38.890  50.821 0.0000000000
36438  14.817  -39.132  50.374 0.0000000000
36447  14.872  -39.226  49.730 0.0000000000
36448  14.216  -39.406  49.935 0.0000000000
36449  13.039  -39.839  50.172 0.0000000000
38803  11.378  -38.296  52.579 0.0000000000
37627  10.762  -38.425  52.773 0.0000000000
40996  11.600  -36.775  52.701 0.0000000000
40989  10.806  -36.648  53.055 0.0000000000
133300  9.566  -36.344  54.023 0.0000000000
40990  10.171  -36.870  53.490 0.0000000000
40991  9.497  -36.893  54.121 0.0000000000
39918  8.778  -36.691  54.559 0.0000000000
43021  7.749  -35.060  54.342 0.0000000000
42011  7.739  -35.580  54.949 0.0000000000
43011  7.186  -35.276  54.975 0.0000000000
43007  6.580  -35.496  55.405 0.0000000000
42070  -1.430  -35.923  48.558 0.0000000000
44008  -2.056  -34.299  49.206 0.0000000000
132046  -1.676  -35.035  48.535 0.0000000000
135759  -1.902  -34.369  48.632 0.0000000000
43101  -1.790  -34.564  47.919 0.0000000000
45960  -1.825  -31.576  50.483 0.0000000000
45967  -1.724  -30.913  49.880 0.0000000000
45975  -1.506  -30.943  48.452 0.0000000000
45003  -1.383  -32.242  48.360 0.0000000000
45012  -1.171  -31.898  47.131 0.0000000000
114741  -0.906  -32.681  46.685 0.0000000000
46004  -1.376  -31.610  46.384 0.0000000000
47959  -1.819  -30.199  46.616 0.0000000000
47014  -1.902  -31.187  45.920 0.0000000000
47013  -1.172  -30.916  45.930 0.0000000000
43996  14.464  -33.656  49.391 0.0000000000
43985  14.825  -32.922  49.924 0.0000000000
119569  20.838  -33.353  48.303 0.0000000000
44023  20.606  -33.647  47.561 0.0000000000
43096  20.076  -34.429  47.541 0.0000000000
43086  20.112  -34.584  48.696 0.0000000000
44970  19.408  -31.119  51.333 0.0000000000
45932  20.293  -30.896  52.633 0.0000000000
45939  19.749  -30.517  51.524 0.0000000000
45947  20.065  -30.970  51.179 0.0000000000
124319  20.145  -32.159  50.461 0.0000000000
43974  19.638  -32.554  50.500 0.0000000000
43061  19.672  -34.256  50.428 0.0000000000
42064  19.687  -34.830  50.075 0.0000000000
42057  19.410  -35.442  50.349 0.0000000000
133054  18.100  -34.173  50.932 0.0000000000
40999  18.733  -35.910  51.019 0.0000000000
41001  17.622  -36.453  51.551 0.0000000000
125036  17.628  -35.433  51.099 0.0000000000
127382  16.841  -34.972  51.229 0.0000000000
42027  17.159  -35.094  51.169 0.0000000000
42038  16.175  -35.731  51.230 0.0000000000
43040  16.682  -35.000  51.159 0.0000000000
124357  15.661  -34.098  50.709 0.0000000000
43976  16.083  -34.251  51.029 0.0000000000
43062  15.066  -34.423  50.436 0.0000000000
35216  2.983  -41.831  53.365 0.0000000000
115527  3.772  -40.971  52.943 0.0000000000
37625  3.812  -38.876  53.927 0.0000000000
38816  3.743  -38.651  52.823 0.0000000000
38805  3.243  -38.427  53.589 0.0000000000
38797  2.106  -37.670  54.304 0.0000000000
38808  0.332  -38.051  53.493 0.0000000000
38807  0.871  -38.145  53.890 0.0000000000
38818  1.119  -38.471  53.355 0.0000000000
37640  0.628  -38.916  52.471 0.0000000000
39940  -0.440  -38.128  51.295 0.0000000000
119439  -0.438  -37.643  50.852 0.0000000000
43037  4.855  -35.111  53.986 0.0000000000
42020  4.728  -35.537  54.821 0.0000000000
43058  3.827  -34.745  51.665 0.0000000000
43046  3.636  -34.924  52.583 0.0000000000
43047  3.027  -34.970  51.947 0.0000000000
43080  3.674  -34.924  49.511 0.0000000000
42066  2.071  -35.989  49.009 0.0000000000
44006  -0.693  -34.034  49.503 0.0000000000
43991  0.018  -33.620  50.308 0.0000000000
39969  17.377  -37.316  46.804 0.0000000000
39960  17.027  -37.988  47.223 0.0000000000
36434  8.563  -40.322  52.762 0.0000000000
35212  2.845  -41.598  54.291 0.0000000000
36450  5.760  -39.447  49.985 0.0000000000
35239  5.505  -40.430  49.825 0.0000000000
36455  5.967  -39.898  49.316 0.0000000000
36462  6.167  -39.661  48.484 0.0000000000
37664  3.325  -39.316  49.562 0.0000000000
37705  5.238  -38.642  47.108 0.0000000000
116381  6.110  -38.755  47.125 0.0000000000
37688  6.365  -39.054  47.757 0.0000000000
38863  6.234  -38.823  45.464 0.0000000000
114767  4.468  -38.344  43.967 0.0000000000
123184  5.696  -38.323  44.456 0.0000000000
40004  5.560  -37.851  43.159 0.0000000000
40025  5.895  -37.474  42.506 0.0000000000
117202  5.038  -37.456  42.512 0.0000000000
38836  -2.020  -38.279  48.287 0.0000000000
37709  -2.266  -38.963  46.268 0.0000000000
37708  -1.623  -39.192  46.756 0.0000000000
125322  -1.119  -39.413  46.414 0.0000000000
36497  -0.453  -39.827  46.580 0.0000000000
36515  -0.807  -39.459  45.660 0.0000000000
40007  -2.696  -37.247  44.171 0.0000000000
39992  -2.697  -37.865  44.549 0.0000000000
128409  -2.065  -38.005  44.172 0.0000000000
37762  -0.201  -38.805  43.940 0.0000000000
37743  0.110  -39.464  44.651 0.0000000000
117024  0.883  -39.385  44.497 0.0000000000
37742  1.715  -39.309  44.356 0.0000000000
38898  1.752  -38.748  43.133 0.0000000000
138648  2.508  -37.973  41.607 0.0000000000
40027  3.164  -37.846  41.992 0.0000000000
40042  3.901  -37.076  41.124 0.0000000000
41096  4.512  -36.634  41.110 0.0000000000
41113  3.997  -36.599  40.530 0.0000000000
42175  4.694  -35.714  39.388 0.0000000000
137136  3.831  -36.424  40.005 0.0000000000
40072  1.618  -37.472  39.319 0.0000000000
40104  0.761  -37.334  37.735 0.0000000000
40060  -1.159  -36.516  40.308 0.0000000000
38974  -0.556  -37.237  39.944 0.0000000000
40075  -1.038  -36.277  39.621 0.0000000000
40108  -0.612  -35.586  37.758 0.0000000000
40107  -0.314  -36.328  37.704 0.0000000000
40124  -0.010  -36.562  36.979 0.0000000000
40141  0.085  -36.310  36.429 0.0000000000
50754  1.878  -26.545  48.628 0.0000000000
49813  1.859  -27.504  49.046 0.0000000000
48906  1.447  -28.264  49.200 0.0000000000
48912  1.854  -28.133  48.496 0.0000000000
48922  0.590  -29.042  47.759 0.0000000000
48921  1.578  -28.561  47.657 0.0000000000
48937  1.631  -29.041  45.765 0.0000000000
47966  0.907  -29.644  45.282 0.0000000000
115725  0.630  -30.208  44.796 0.0000000000
47974  1.119  -29.852  44.379 0.0000000000
51657  1.481  -25.557  42.493 0.0000000000
51656  2.127  -25.306  43.122 0.0000000000
50797  2.486  -26.427  43.340 0.0000000000
49877  2.982  -27.231  43.650 0.0000000000
48951  0.413  -28.855  42.383 0.0000000000
48945  0.715  -29.084  43.013 0.0000000000
136156  0.086  -29.364  42.309 0.0000000000
47981  0.099  -30.109  42.517 0.0000000000
47031  -0.728  -30.342  42.266 0.0000000000
48006  -1.354  -29.972  40.447 0.0000000000
138289  -1.818  -30.165  40.711 0.0000000000
47045  -1.816  -30.532  40.141 0.0000000000
46057  -2.150  -31.569  39.094 0.0000000000
47056  -1.833  -30.968  39.372 0.0000000000
48979  0.153  -29.216  40.155 0.0000000000
43053  11.043  -34.690  50.802 0.0000000000
43077  11.861  -33.956  49.314 0.0000000000
125396  11.673  -33.508  48.735 0.0000000000
42058  14.900  -35.117  50.891 0.0000000000
42051  13.626  -35.651  51.410 0.0000000000
42052  12.834  -35.372  51.741 0.0000000000
42040  12.241  -35.750  52.123 0.0000000000
41160  5.769  -36.209  37.410 0.0000000000
42196  4.964  -35.554  37.929 0.0000000000
40978  3.739  -36.744  55.432 0.0000000000
40983  3.289  -36.271  55.113 0.0000000000
42002  3.843  -36.314  55.287 0.0000000000
42007  3.468  -35.914  55.163 0.0000000000
42021  3.661  -35.793  54.968 0.0000000000
40981  6.456  -36.089  55.775 0.0000000000
39914  6.742  -36.405  55.832 0.0000000000
40982  6.111  -36.454  55.951 0.0000000000
39910  5.049  -37.219  56.579 0.0000000000
137061  4.692  -37.140  56.458 0.0000000000
39908  4.341  -37.021  56.211 0.0000000000
37658  -0.161  -39.154  50.540 0.0000000000
37666  -0.365  -39.168  49.789 0.0000000000
37676  -0.580  -39.073  48.897 0.0000000000
45052  -0.645  -32.582  44.902 0.0000000000
44061  -0.893  -33.973  44.504 0.0000000000
43142  -1.502  -34.371  42.121 0.0000000000
127352  -1.495  -33.450  42.024 0.0000000000
132485  -1.510  -32.664  41.934 0.0000000000
43034  7.400  -34.760  54.066 0.0000000000
43969  7.673  -33.762  52.433 0.0000000000
44000  8.523  -33.011  49.531 0.0000000000
44016  7.380  -33.579  48.053 0.0000000000
44031  6.771  -33.801  47.200 0.0000000000
44040  6.990  -33.403  46.109 0.0000000000
39938  18.543  -37.506  51.302 0.0000000000
38826  18.401  -38.181  50.865 0.0000000000
38821  18.212  -38.524  51.744 0.0000000000
38822  17.450  -39.292  51.923 0.0000000000
37651  16.763  -39.307  51.258 0.0000000000
38812  14.560  -38.397  51.346 0.0000000000
37633  14.058  -38.650  51.402 0.0000000000
37645  13.927  -39.121  51.094 0.0000000000
42031  10.047  -35.640  52.982 0.0000000000
42017  10.344  -36.211  53.198 0.0000000000
42019  9.233  -35.674  54.109 0.0000000000
42010  8.486  -35.595  54.457 0.0000000000
43083  -1.702  -34.488  49.487 0.0000000000
44007  -2.088  -34.228  49.949 0.0000000000
44996  -1.875  -33.409  49.604 0.0000000000
138942  -1.542  -29.926  50.095 0.0000000000
46966  -1.612  -30.168  49.595 0.0000000000
46978  -1.675  -30.198  48.588 0.0000000000
46993  -2.206  -30.207  47.643 0.0000000000
46994  -2.243  -30.681  46.910 0.0000000000
138863  -2.255  -29.965  47.419 0.0000000000
47951  -2.017  -29.826  47.285 0.0000000000
47958  -1.077  -29.978  46.759 0.0000000000
44009  20.767  -33.354  49.214 0.0000000000
132493  19.276  -35.221  50.940 0.0000000000
125831  17.524  -33.221  50.981 0.0000000000
43964  16.593  -34.258  51.083 0.0000000000
36423  3.558  -39.152  54.648 0.0000000000
40992  1.278  -37.041  54.547 0.0000000000
39929  0.344  -37.538  53.737 0.0000000000
38820  0.054  -38.361  52.603 0.0000000000
39930  -0.041  -37.856  53.042 0.0000000000
41006  -0.035  -37.372  52.435 0.0000000000
116394  5.397  -34.266  52.049 0.0000000000
43093  2.373  -35.109  47.558 0.0000000000
42067  1.232  -36.329  48.724 0.0000000000
130984  0.801  -36.079  48.037 0.0000000000
42074  -0.100  -35.695  48.064 0.0000000000
121758  16.311  -38.353  46.884 0.0000000000
37703  15.732  -38.907  47.388 0.0000000000
36426  9.932  -39.265  52.783 0.0000000000
35208  8.370  -40.108  53.543 0.0000000000
36415  3.016  -40.141  55.940 0.0000000000
35200  2.794  -40.591  55.985 0.0000000000
134787  5.222  -39.602  51.349 0.0000000000
37647  4.976  -39.070  51.722 0.0000000000
37653  5.396  -39.022  50.837 0.0000000000
37662  5.350  -38.692  49.813 0.0000000000
36463  2.415  -40.253  47.899 0.0000000000
37675  3.404  -39.581  48.437 0.0000000000
37691  3.254  -39.757  47.431 0.0000000000
37706  4.019  -39.214  46.842 0.0000000000
37720  4.641  -38.778  46.237 0.0000000000
38865  5.098  -38.587  45.845 0.0000000000
38866  4.366  -38.745  45.321 0.0000000000
38879  3.975  -38.671  44.427 0.0000000000
39951  -2.702  -37.187  47.826 0.0000000000
39961  -2.661  -37.925  47.578 0.0000000000
39962  -3.060  -37.226  47.204 0.0000000000
117562  -2.699  -38.638  46.554 0.0000000000
38867  -2.870  -38.572  45.804 0.0000000000
117377  -1.738  -37.604  43.534 0.0000000000
38899  -1.341  -38.041  43.704 0.0000000000
37777  -0.292  -38.386  43.329 0.0000000000
37776  0.048  -38.652  43.153 0.0000000000
37775  0.715  -38.746  43.118 0.0000000000
38915  1.170  -38.508  42.387 0.0000000000
38934  1.705  -38.259  41.624 0.0000000000
40043  2.196  -37.846  40.974 0.0000000000
40058  2.706  -37.334  40.434 0.0000000000
40059  1.755  -37.733  40.188 0.0000000000
40073  0.988  -38.009  39.675 0.0000000000
138928  0.880  -37.788  39.023 0.0000000000
42198  -1.715  -35.455  38.836 0.0000000000
41149  -1.159  -35.596  38.981 0.0000000000
41164  -1.420  -34.950  38.451 0.0000000000
41181  -0.968  -34.956  37.847 0.0000000000
41204  -0.637  -35.062  37.205 0.0000000000
49826  2.385  -26.894  47.817 0.0000000000
49838  2.505  -27.513  47.236 0.0000000000
48928  2.224  -28.177  47.059 0.0000000000
49851  2.781  -27.732  46.570 0.0000000000
48936  3.039  -28.031  45.787 0.0000000000
127485  2.365  -28.735  44.509 0.0000000000
50802  0.526  -26.133  41.723 0.0000000000
50799  1.002  -26.393  42.203 0.0000000000
49879  1.110  -27.452  42.503 0.0000000000
48959  -0.087  -28.744  42.022 0.0000000000
121451  -1.291  -29.915  41.649 0.0000000000
47993  -1.018  -29.315  41.466 0.0000000000
43044  9.441  -34.759  52.622 0.0000000000
43967  9.247  -34.240  52.375 0.0000000000
43986  10.697  -33.678  50.169 0.0000000000
43999  9.388  -33.001  49.499 0.0000000000
39927  16.583  -37.223  51.818 0.0000000000
41009  14.575  -36.779  51.325 0.0000000000
39939  14.743  -37.465  51.323 0.0000000000
119521  14.012  -37.989  51.457 0.0000000000
120291  12.480  -37.931  52.100 0.0000000000
120440  -1.479  -31.858  51.897 0.0000000000
114952  -1.660  -31.237  51.221 0.0000000000
47926  -1.347  -30.237  51.191 0.0000000000
46945  -0.936  -29.976  51.973 0.0000000000
47930  -1.292  -29.733  50.512 0.0000000000
123701  3.217  -38.148  54.960 0.0000000000
116026  3.153  -37.920  54.563 0.0000000000
39921  1.751  -37.082  54.583 0.0000000000
40984  2.615  -36.363  54.977 0.0000000000
40988  1.870  -36.434  54.753 0.0000000000
131428  1.396  -36.449  54.627 0.0000000000
42024  1.020  -36.385  54.150 0.0000000000
43079  4.440  -34.596  49.102 0.0000000000
43099  2.808  -34.406  46.974 0.0000000000
38795  6.530  -37.815  55.905 0.0000000000
36412  4.648  -40.206  56.301 0.0000000000
37615  4.135  -39.331  56.978 0.0000000000
37611  3.586  -39.045  56.929 0.0000000000
36411  3.259  -39.411  55.766 0.0000000000
115699  1.963  -39.504  51.268 0.0000000000
37655  3.169  -38.855  51.240 0.0000000000
37665  2.001  -40.063  49.816 0.0000000000
36457  1.239  -40.316  49.170 0.0000000000
36464  1.463  -40.422  48.285 0.0000000000
36476  1.512  -40.387  47.414 0.0000000000
36495  1.503  -40.271  46.614 0.0000000000
43104  -2.409  -35.293  45.945 0.0000000000
42093  -2.868  -35.808  45.648 0.0000000000
42092  -2.370  -35.407  45.297 0.0000000000
42101  -2.820  -35.933  44.877 0.0000000000
41068  -2.546  -36.672  43.743 0.0000000000
43120  -1.738  -34.985  43.625 0.0000000000
132643  -2.294  -35.639  43.649 0.0000000000
40006  -2.187  -37.188  43.515 0.0000000000
40028  -1.467  -37.108  42.705 0.0000000000
40044  -0.846  -37.092  41.989 0.0000000000
38937  -0.607  -37.128  41.316 0.0000000000
38955  -0.507  -37.452  40.594 0.0000000000
118247  -0.818  -36.863  41.028 0.0000000000
41097  -1.306  -36.514  40.827 0.0000000000
41115  -1.767  -36.239  40.164 0.0000000000
120954  -1.967  -35.031  41.381 0.0000000000
120763  -2.233  -35.140  40.345 0.0000000000
42177  -2.158  -35.682  39.809 0.0000000000
115337  -2.193  -35.119  38.987 0.0000000000
114951  -2.514  -34.104  38.817 0.0000000000
44127  -2.489  -33.034  38.723 0.0000000000
125252  -0.465  -25.957  40.956 0.0000000000
120510  -0.162  -26.859  41.077 0.0000000000
49895  0.099  -27.332  40.800 0.0000000000
40056  6.870  -37.519  40.930 0.0000000000
43008  6.055  -35.433  55.403 0.0000000000
43009  5.457  -35.645  55.326 0.0000000000
43013  5.915  -35.219  55.252 0.0000000000
43024  5.674  -35.072  54.871 0.0000000000
122882  5.521  -34.725  53.789 0.0000000000
43959  6.763  -34.349  53.419 0.0000000000
43035  6.010  -34.443  53.405 0.0000000000
43036  5.385  -34.466  52.911 0.0000000000
43056  5.573  -34.090  51.198 0.0000000000
43968  8.581  -33.799  52.250 0.0000000000
120309  7.700  -33.445  51.499 0.0000000000
115298  7.755  -33.203  49.694 0.0000000000
115676  6.967  -33.513  50.807 0.0000000000
127506  6.371  -33.730  50.211 0.0000000000
133590  5.889  -33.925  49.795 0.0000000000
43078  5.103  -34.293  48.691 0.0000000000
43090  5.136  -34.237  47.670 0.0000000000
41024  18.689  -36.484  48.650 0.0000000000
39958  18.144  -37.080  48.095 0.0000000000
39949  17.795  -37.820  48.513 0.0000000000
38843  17.208  -38.258  48.076 0.0000000000
38831  18.043  -38.380  50.261 0.0000000000
120684  17.380  -38.555  48.958 0.0000000000
38835  16.719  -38.848  48.555 0.0000000000
37686  15.992  -39.100  48.201 0.0000000000
36460  15.013  -39.172  49.039 0.0000000000
139211  16.270  -39.082  51.457 0.0000000000
37642  16.087  -38.920  50.893 0.0000000000
36446  15.600  -39.160  49.774 0.0000000000
124028  15.113  -39.164  49.389 0.0000000000
36461  14.532  -39.163  48.884 0.0000000000
132332  13.670  -39.551  50.174 0.0000000000
120023  10.218  -38.700  53.132 0.0000000000
131664  9.878  -38.510  53.616 0.0000000000
38798  9.667  -38.051  53.935 0.0000000000
131629  11.213  -37.865  52.780 0.0000000000
131298  10.594  -37.596  53.209 0.0000000000
39919  8.561  -37.038  54.741 0.0000000000
121057  8.134  -36.495  55.045 0.0000000000
40987  7.636  -36.011  55.349 0.0000000000
42003  6.832  -35.966  55.668 0.0000000000
39946  -1.446  -37.903  49.127 0.0000000000
129635  -1.612  -37.318  48.899 0.0000000000
41022  -1.839  -36.714  48.596 0.0000000000
41025  -2.251  -36.783  48.215 0.0000000000
42075  -1.900  -36.038  48.259 0.0000000000
42076  -2.259  -36.094  47.906 0.0000000000
41026  -2.771  -36.530  47.627 0.0000000000
42080  -2.561  -35.719  47.289 0.0000000000
42084  -2.307  -35.169  46.664 0.0000000000
114746  -1.751  -32.751  50.418 0.0000000000
44035  -1.307  -33.689  47.286 0.0000000000
115088  -1.700  -34.514  46.922 0.0000000000
124083  -1.876  -34.635  46.128 0.0000000000
115404  -1.421  -34.149  45.673 0.0000000000
45046  -0.907  -33.340  45.527 0.0000000000
123513  -2.088  -31.177  46.240 0.0000000000
46012  -1.207  -31.711  45.955 0.0000000000
127407  -0.689  -32.442  45.506 0.0000000000
46016  -0.464  -31.960  44.838 0.0000000000
47019  0.106  -31.361  44.228 0.0000000000
128897  14.236  -34.401  49.644 0.0000000000
43075  13.617  -34.397  49.293 0.0000000000
43087  14.206  -34.079  49.124 0.0000000000
44010  13.904  -33.593  48.726 0.0000000000
42072  19.044  -35.875  48.141 0.0000000000
117139  19.954  -30.236  51.282 0.0000000000
43994  20.621  -32.954  49.957 0.0000000000
43995  20.331  -33.577  49.828 0.0000000000
43072  20.399  -34.044  49.415 0.0000000000
43073  19.963  -34.659  49.587 0.0000000000
41023  19.516  -35.324  48.920 0.0000000000
134733  19.109  -35.886  48.751 0.0000000000
41017  19.152  -35.905  49.350 0.0000000000
39937  18.725  -36.775  50.840 0.0000000000
41000  18.269  -36.696  51.282 0.0000000000
43027  17.254  -33.952  51.053 0.0000000000
42026  17.260  -34.975  51.081 0.0000000000
40995  16.768  -36.209  51.303 0.0000000000
42048  15.856  -35.710  51.280 0.0000000000
43063  14.540  -34.586  50.270 0.0000000000
36436  4.329  -40.005  53.342 0.0000000000
36435  4.604  -39.497  52.517 0.0000000000
38801  2.766  -37.930  54.333 0.0000000000
38806  2.033  -38.083  54.027 0.0000000000
37648  1.210  -39.292  51.892 0.0000000000
37649  0.361  -39.316  51.617 0.0000000000
37650  -0.017  -39.090  51.293 0.0000000000
38829  -0.562  -38.511  50.763 0.0000000000
122368  3.131  -35.546  54.363 0.0000000000
43038  4.229  -35.010  53.264 0.0000000000
42033  3.360  -35.254  53.479 0.0000000000
123450  2.123  -35.517  53.024 0.0000000000
42044  1.560  -35.771  52.552 0.0000000000
135623  2.834  -35.434  49.315 0.0000000000
42053  2.586  -35.381  51.373 0.0000000000
42045  0.883  -36.169  52.034 0.0000000000
41011  0.052  -37.032  50.576 0.0000000000
42063  0.707  -36.631  49.594 0.0000000000
41016  -0.603  -37.386  49.968 0.0000000000
121037  -1.442  -35.190  48.738 0.0000000000
43983  -1.208  -33.835  51.484 0.0000000000
43973  -0.852  -33.486  51.694 0.0000000000
45946  -1.073  -32.155  52.292 0.0000000000
43088  13.184  -33.990  48.555 0.0000000000
41031  17.890  -36.833  47.238 0.0000000000
41040  17.118  -37.118  46.015 0.0000000000
137035  16.505  -37.506  45.791 0.0000000000
130753  16.079  -38.116  46.077 0.0000000000
118601  8.557  -38.883  54.487 0.0000000000
36420  8.107  -39.757  54.218 0.0000000000
36428  7.647  -40.374  53.855 0.0000000000
114771  3.796  -38.720  50.475 0.0000000000
37663  4.430  -38.632  49.924 0.0000000000
37673  5.498  -38.678  48.774 0.0000000000
119785  6.042  -38.954  48.447 0.0000000000
36474  6.294  -39.960  47.537 0.0000000000
38877  5.682  -38.527  45.088 0.0000000000
123061  6.781  -36.768  40.724 0.0000000000
38833  -1.329  -38.336  48.934 0.0000000000
37677  -1.223  -38.694  48.549 0.0000000000
36467  -1.098  -39.134  48.163 0.0000000000
117736  -2.260  -38.517  47.597 0.0000000000
37692  -1.460  -39.183  47.528 0.0000000000
36478  -0.416  -39.995  47.679 0.0000000000
118381  0.195  -40.170  47.080 0.0000000000
36496  0.329  -40.184  46.381 0.0000000000
36512  1.397  -40.097  45.797 0.0000000000
39978  -3.280  -37.045  45.661 0.0000000000
38882  -3.013  -38.123  45.126 0.0000000000
37724  -1.386  -39.009  45.291 0.0000000000
124879  -1.628  -38.367  44.457 0.0000000000
37745  -1.152  -38.753  44.716 0.0000000000
36531  -0.764  -39.199  45.044 0.0000000000
36529  0.169  -39.973  45.145 0.0000000000
37723  0.752  -39.883  45.091 0.0000000000
117697  2.338  -39.416  44.908 0.0000000000
38880  3.208  -38.862  44.140 0.0000000000
119100  3.676  -38.507  43.679 0.0000000000
135944  2.484  -38.501  42.995 0.0000000000
38913  3.252  -38.232  42.876 0.0000000000
40041  4.589  -37.066  41.732 0.0000000000
41095  5.304  -36.499  41.311 0.0000000000
41110  6.859  -36.226  39.919 0.0000000000
42174  5.536  -35.640  39.306 0.0000000000
122705  5.047  -35.553  38.755 0.0000000000
42197  3.998  -35.479  37.795 0.0000000000
38991  -0.145  -37.940  38.883 0.0000000000
40089  0.322  -37.822  38.413 0.0000000000
40092  -0.708  -36.042  38.529 0.0000000000
40091  -0.392  -36.902  38.442 0.0000000000
40105  0.137  -37.453  37.698 0.0000000000
41163  0.410  -37.099  37.252 0.0000000000
48899  0.640  -28.246  51.443 0.0000000000
120885  0.253  -28.777  50.181 0.0000000000
119196  0.487  -28.861  49.254 0.0000000000
49814  1.533  -27.616  49.653 0.0000000000
47950  -0.357  -29.431  47.877 0.0000000000
47949  -0.030  -29.581  47.024 0.0000000000
48929  1.610  -28.764  46.696 0.0000000000
48930  0.781  -29.331  46.275 0.0000000000
47012  -0.053  -30.652  45.406 0.0000000000
47018  0.023  -30.999  44.854 0.0000000000
49870  2.680  -28.095  43.998 0.0000000000
48948  1.871  -28.731  43.725 0.0000000000
48949  1.171  -28.452  43.007 0.0000000000
48944  1.302  -29.385  43.608 0.0000000000
47975  1.042  -30.020  43.674 0.0000000000
47025  0.576  -30.749  43.561 0.0000000000
46027  -0.552  -31.333  42.598 0.0000000000
45078  -1.735  -31.875  41.435 0.0000000000
47035  -1.744  -30.240  41.211 0.0000000000
46035  -2.019  -30.918  40.821 0.0000000000
118544  -2.164  -31.943  40.552 0.0000000000
117608  -2.296  -32.093  39.736 0.0000000000
120701  -2.342  -32.296  39.084 0.0000000000
132416  -2.316  -32.826  37.826 0.0000000000
118006  -0.184  -29.119  40.627 0.0000000000
48019  -0.618  -29.876  40.214 0.0000000000
47072  -1.360  -31.006  39.110 0.0000000000
46068  -1.834  -31.412  38.607 0.0000000000
45116  -1.970  -32.749  37.339 0.0000000000
36479  -0.926  -39.490  47.814 0.0000000000
36514  -0.162  -39.982  45.684 0.0000000000
36530  -0.313  -39.600  45.061 0.0000000000
37693  -2.142  -38.891  47.115 0.0000000000
37725  -2.123  -38.839  45.505 0.0000000000
37741  2.528  -39.126  44.247 0.0000000000
37746  -1.786  -38.661  44.967 0.0000000000
37759  1.969  -39.085  43.769 0.0000000000
37760  1.211  -39.054  43.789 0.0000000000
38823  4.467  -38.703  51.648 0.0000000000
38846  -3.093  -38.077  46.632 0.0000000000
38864  5.691  -38.623  45.770 0.0000000000
38896  5.247  -38.112  43.907 0.0000000000
38917  -0.138  -38.228  42.613 0.0000000000
38956  -0.808  -36.707  40.061 0.0000000000
38973  -0.285  -37.882  39.723 0.0000000000
38990  0.255  -38.097  39.237 0.0000000000
39909  3.909  -37.175  55.953 0.0000000000
39913  3.337  -37.121  55.160 0.0000000000
40024  6.424  -37.761  42.304 0.0000000000
40074  -0.657  -36.665  39.337 0.0000000000
40090  -0.131  -37.680  38.298 0.0000000000
40993  18.187  -35.211  51.137 0.0000000000
41059  -2.964  -36.609  44.520 0.0000000000
41078  6.305  -37.256  41.894 0.0000000000
41094  6.196  -36.688  41.375 0.0000000000
41111  6.014  -36.073  40.663 0.0000000000
41114  3.281  -36.727  40.000 0.0000000000
41129  4.365  -36.122  40.041 0.0000000000
41146  6.594  -36.540  38.739 0.0000000000
41180  -0.538  -35.371  37.296 0.0000000000
42014  3.369  -35.822  55.348 0.0000000000
42110  -2.335  -36.171  43.288 0.0000000000
42111  -2.672  -36.047  44.048 0.0000000000
42153  6.081  -35.769  39.850 0.0000000000
42154  5.262  -35.768  40.043 0.0000000000
42173  6.294  -35.832  39.203 0.0000000000
42176  4.298  -35.612  38.636 0.0000000000
42194  6.266  -36.042  38.483 0.0000000000
42213  5.678  -35.875  37.889 0.0000000000
42215  -1.597  -34.593  37.993 0.0000000000
43977  10.348  -33.974  50.846 0.0000000000
45029  5.949  -32.992  45.945 0.0000000000
45989  -2.006  -31.295  46.705 0.0000000000
46017  -0.728  -32.078  45.597 0.0000000000
47007  -2.055  -30.678  46.461 0.0000000000
48914  0.257  -29.055  48.416 0.0000000000
48943  3.062  -28.241  44.901 0.0000000000
48997  -0.094  -29.986  39.795 0.0000000000
50778  3.233  -26.494  46.171 0.0000000000
51637  3.139  -25.778  45.750 0.0000000000
118469  -0.252  -35.953  36.972 0.0000000000
118619  3.757  -37.424  41.664 0.0000000000
118814  -2.487  -33.733  38.030 0.0000000000
118907  2.417  -28.689  45.332 0.0000000000
121332  3.087  -37.493  41.200 0.0000000000
122315  5.154  -38.484  45.373 0.0000000000
124654  -1.821  -34.169  37.662 0.0000000000
125575  4.053  -35.977  55.250 0.0000000000
125898  2.817  -36.992  54.918 0.0000000000
127638  -0.302  -37.963  42.183 0.0000000000
128341  -3.122  -37.352  44.962 0.0000000000
131392  -0.281  -38.762  50.891 0.0000000000
132768  20.390  -32.490  50.302 0.0000000000
133034  -1.933  -35.885  39.323 0.0000000000
133315  1.923  -25.986  47.926 0.0000000000
133835  2.810  -39.395  45.318 0.0000000000
133864  3.920  -37.044  55.913 0.0000000000
134313  0.933  -40.271  46.291 0.0000000000
136379  8.110  -36.778  55.124 0.0000000000
136652  18.168  -34.866  50.944 0.0000000000
137143  -0.807  -36.135  39.045 0.0000000000
137640  5.986  -36.167  37.950 0.0000000000
138998  -2.316  -35.130  39.683 0.0000000000
