#!ascii label  , from subject sub-v1s12x0050109_ses-1 vox2ras=TkReg
873
78606  17.469  2.539  -27.219 0.2500000000
78618  17.657  2.598  -27.620 0.2500000000
77596  17.766  1.748  -27.670 0.7500000000
81327  16.667  5.855  -27.048 0.2500000000
80460  17.154  5.156  -27.188 0.1250000000
81326  16.870  5.797  -27.278 0.3750000000
80459  17.443  4.501  -27.522 0.2500000000
79541  17.545  3.500  -27.527 0.2500000000
78638  18.122  2.493  -28.076 0.7500000000
77616  18.325  1.837  -28.135 0.8750000000
77615  18.838  1.457  -28.400 0.8750000000
80471  17.541  4.944  -27.986 0.3750000000
119502  17.664  4.063  -27.997 0.3750000000
80484  17.826  4.216  -28.216 0.8750000000
130953  17.893  3.339  -28.072 0.7500000000
79567  19.425  3.043  -28.925 1.0000000000
79568  18.533  3.110  -28.506 1.0000000000
77614  19.799  1.788  -28.673 1.0000000000
82205  16.423  6.452  -27.119 0.2500000000
81339  17.534  5.536  -28.112 0.7500000000
128087  17.788  4.885  -28.295 0.8750000000
81352  18.331  4.528  -28.697 0.8750000000
79580  19.797  3.712  -29.524 1.0000000000
79581  18.907  3.761  -28.895 1.0000000000
80497  19.148  4.470  -29.313 1.0000000000
78650  21.120  2.780  -29.320 1.0000000000
78651  20.277  2.936  -29.266 1.0000000000
78635  20.541  2.320  -28.939 1.0000000000
78636  19.853  2.481  -28.867 1.0000000000
126350  16.329  6.490  -26.992 0.1250000000
82220  16.670  6.497  -27.393 0.6250000000
81353  18.002  5.402  -28.622 1.0000000000
79579  20.733  3.460  -29.696 1.0000000000
78648  22.380  2.838  -29.150 1.0000000000
78649  21.753  2.465  -29.013 1.0000000000
114293  15.371  11.622  -26.270 0.2500000000
82206  16.074  7.053  -26.939 0.2500000000
83057  15.673  7.754  -26.851 0.3750000000
82234  17.374  6.967  -28.180 1.0000000000
82235  16.836  7.083  -27.674 0.6250000000
121593  17.678  6.187  -28.428 1.0000000000
126667  19.151  6.166  -29.481 1.0000000000
81370  18.277  6.126  -28.997 1.0000000000
80494  21.310  4.088  -29.872 1.0000000000
80495  20.478  4.211  -29.892 1.0000000000
130856  20.134  5.867  -29.748 1.0000000000
137570  22.616  4.621  -29.691 1.0000000000
79577  22.294  3.467  -29.472 1.0000000000
80492  22.854  4.226  -29.547 1.0000000000
80482  23.604  4.169  -29.127 1.0000000000
114295  15.884  9.921  -27.263 0.5000000000
114288  15.482  9.606  -27.059 0.3750000000
114294  15.601  9.414  -27.191 0.3750000000
136117  15.468  8.958  -27.137 0.5000000000
128912  16.538  9.256  -27.768 0.5000000000
123162  17.351  8.405  -28.317 0.8750000000
83079  17.605  7.647  -28.492 1.0000000000
83945  18.270  8.562  -29.207 1.0000000000
82248  18.545  6.928  -29.279 1.0000000000
82263  22.480  6.349  -29.973 1.0000000000
82264  21.777  6.373  -29.891 1.0000000000
81365  23.329  5.475  -29.649 1.0000000000
81366  22.909  5.070  -29.719 1.0000000000
86644  16.278  11.827  -26.821 0.5000000000
84813  16.174  9.688  -27.500 0.5000000000
84825  16.743  9.933  -27.908 0.6250000000
84842  17.484  9.653  -28.698 0.6250000000
83946  17.635  8.940  -28.747 1.0000000000
83944  19.208  8.575  -29.569 1.0000000000
82271  23.018  7.235  -30.621 1.0000000000
83116  22.731  7.854  -31.320 1.0000000000
83105  21.619  7.178  -30.181 1.0000000000
83107  20.815  7.402  -29.893 1.0000000000
82262  22.940  6.402  -30.098 1.0000000000
136610  23.871  6.580  -29.561 0.8750000000
138362  23.347  6.457  -29.975 1.0000000000
81364  23.976  5.935  -29.301 0.8750000000
85764  16.901  10.574  -28.108 0.5000000000
85778  17.648  10.387  -28.968 0.8750000000
84879  20.992  9.598  -31.180 1.0000000000
84859  20.291  9.445  -30.435 1.0000000000
83115  23.206  8.009  -31.316 1.0000000000
83118  21.663  8.690  -31.793 1.0000000000
127542  20.661  8.117  -30.135 1.0000000000
83986  23.872  9.069  -32.254 1.0000000000
125233  23.928  7.165  -29.804 1.0000000000
82261  23.496  7.505  -30.545 1.0000000000
83972  23.629  8.651  -31.920 1.0000000000
83104  24.179  7.937  -30.289 1.0000000000
86658  17.021  11.177  -28.145 0.5000000000
86657  17.240  10.978  -28.553 0.8750000000
85777  18.209  10.908  -29.454 1.0000000000
86697  20.937  11.457  -31.281 1.0000000000
85789  20.459  10.357  -30.715 1.0000000000
85790  19.453  11.082  -30.339 1.0000000000
86679  24.182  11.075  -30.589 1.0000000000
85804  23.176  10.416  -32.152 1.0000000000
85775  24.582  10.671  -30.098 1.0000000000
85787  24.017  10.332  -30.906 1.0000000000
85803  23.752  9.982  -31.959 1.0000000000
83943  24.873  9.220  -29.591 1.0000000000
84839  24.406  9.826  -30.314 1.0000000000
120993  24.707  8.336  -29.910 0.8750000000
88193  21.375  14.975  -32.286 1.0000000000
138067  19.517  14.526  -31.296 0.3750000000
88206  20.036  14.300  -31.807 0.8750000000
87488  20.092  12.473  -31.854 1.0000000000
86668  24.035  11.821  -30.252 1.0000000000
86680  23.620  11.525  -30.856 1.0000000000
89668  20.833  15.451  -31.283 0.8750000000
88905  21.881  15.405  -31.873 1.0000000000
88205  21.236  14.249  -32.555 1.0000000000
88192  22.780  14.967  -31.713 1.0000000000
124931  21.587  12.964  -31.844 1.0000000000
87451  24.203  12.710  -30.273 1.0000000000
86656  24.432  11.957  -29.539 1.0000000000
88191  24.145  13.544  -29.979 1.0000000000
117128  23.475  14.208  -31.108 1.0000000000
88203  23.514  13.473  -31.026 1.0000000000
89667  22.030  15.752  -31.328 1.0000000000
126076  23.009  15.472  -30.502 1.0000000000
116320  23.690  14.569  -30.203 1.0000000000
93465  18.962  20.374  -26.819 0.1250000000
124363  19.180  21.037  -26.179 0.1250000000
93488  18.872  20.826  -28.688 0.2500000000
94303  19.378  21.323  -27.590 0.1250000000
94312  20.291  21.760  -28.682 0.3750000000
95081  19.872  22.049  -27.959 0.2500000000
127860  21.008  22.256  -28.677 0.2500000000
139124  21.628  22.168  -28.585 0.3750000000
95073  20.306  22.544  -27.327 0.2500000000
130509  20.552  22.549  -28.248 0.2500000000
95072  20.803  23.206  -27.784 0.2500000000
95824  21.698  24.151  -27.903 0.2500000000
95080  21.379  22.870  -28.493 0.2500000000
123684  22.119  23.217  -28.484 0.2500000000
95832  21.462  23.644  -28.200 0.2500000000
95079  22.895  23.276  -28.356 0.3750000000
95830  23.342  24.099  -28.410 0.2500000000
79542  17.396  4.270  -27.191 0.1250000000
78634  21.793  1.815  -28.835 1.0000000000
126887  18.262  10.086  -29.353 0.8750000000
85818  23.259  10.013  -32.746 1.0000000000
77584  17.369  1.700  -26.918 0.1250000000
123049  17.646  0.954  -27.566 0.6250000000
76647  18.660  0.649  -28.291 0.7500000000
135071  16.920  5.387  -27.000 0.1250000000
76646  19.473  0.193  -28.470 1.0000000000
117456  17.496  3.304  -27.174 0.1250000000
115810  20.170  1.064  -28.581 1.0000000000
77612  21.281  1.617  -28.779 1.0000000000
78633  22.446  2.153  -28.829 1.0000000000
83058  15.497  7.910  -26.636 0.3750000000
114290  14.407  10.059  -25.873 0.2500000000
83909  14.103  8.983  -25.646 0.2500000000
79565  24.175  3.986  -28.602 0.8750000000
124180  24.715  6.133  -28.780 0.8750000000
81351  23.820  4.998  -29.222 0.8750000000
83078  25.235  7.445  -28.970 0.8750000000
88184  19.129  13.642  -28.658 0.1250000000
87453  17.219  11.718  -28.298 0.3750000000
87465  17.524  12.600  -29.541 0.6250000000
123799  24.874  10.167  -29.624 1.0000000000
83090  24.682  7.625  -29.607 0.8750000000
88194  20.327  14.798  -31.480 0.5000000000
88207  18.420  14.232  -30.992 0.3750000000
136929  18.035  13.834  -31.212 0.8750000000
86667  24.724  11.296  -29.903 1.0000000000
124300  24.715  12.136  -28.767 1.0000000000
89694  21.244  16.095  -30.968 0.8750000000
90492  22.126  16.678  -30.007 1.0000000000
93464  19.117  20.646  -26.691 0.1250000000
92681  18.628  19.699  -28.031 0.1250000000
92706  19.597  19.554  -29.801 0.6250000000
94321  19.527  21.098  -29.081 0.6250000000
131239  21.106  20.843  -28.911 0.5000000000
95062  19.818  21.796  -26.834 0.2500000000
94311  22.081  21.581  -28.337 0.5000000000
95061  20.238  22.317  -26.332 0.2500000000
95825  21.183  23.743  -27.336 0.2500000000
95071  22.498  22.446  -28.339 0.5000000000
95070  23.352  22.773  -28.025 0.5000000000
95831  22.364  23.870  -28.333 0.2500000000
96540  23.748  24.967  -28.592 0.2500000000
95823  23.836  23.315  -28.055 0.3750000000
97217  24.275  25.835  -28.703 0.2500000000
78619  17.490  1.959  -27.283 0.3750000000
77597  17.330  1.173  -27.147 0.5000000000
76648  18.130  1.157  -28.005 0.7500000000
78637  18.943  2.307  -28.562 0.8750000000
117434  19.376  1.043  -28.501 1.0000000000
80483  18.236  3.778  -28.454 1.0000000000
77613  20.706  1.705  -28.763 1.0000000000
77630  21.208  2.148  -28.916 1.0000000000
82219  17.229  6.318  -27.844 0.8750000000
81369  18.686  5.294  -29.160 1.0000000000
79578  21.571  3.429  -29.618 1.0000000000
80496  19.805  4.479  -29.733 1.0000000000
81368  19.502  5.196  -29.594 1.0000000000
124439  21.796  2.970  -29.303 1.0000000000
83908  15.387  8.337  -26.734 0.3750000000
83067  16.431  7.848  -27.559 0.5000000000
83080  17.096  7.752  -27.939 0.8750000000
82249  17.916  6.904  -28.747 1.0000000000
80506  21.825  4.677  -29.892 1.0000000000
81367  20.317  5.010  -29.870 1.0000000000
81379  21.966  5.488  -29.848 1.0000000000
80505  22.420  4.942  -29.797 1.0000000000
132391  23.285  4.782  -29.493 1.0000000000
83931  16.751  8.552  -27.844 0.6250000000
83930  17.098  9.278  -28.237 0.6250000000
83092  18.831  7.741  -29.428 1.0000000000
82265  20.937  6.527  -29.819 1.0000000000
82266  20.021  6.792  -29.648 1.0000000000
83091  19.854  7.759  -29.661 1.0000000000
81378  22.713  5.659  -29.823 1.0000000000
80481  24.199  4.548  -28.746 0.8750000000
84840  18.698  9.390  -29.444 1.0000000000
83958  20.081  8.660  -30.012 1.0000000000
83114  23.805  8.306  -31.090 1.0000000000
82272  22.684  7.147  -30.474 1.0000000000
83106  21.354  7.967  -30.686 1.0000000000
83974  22.325  8.523  -32.079 1.0000000000
82233  24.493  6.803  -29.199 0.8750000000
85821  21.512  10.223  -32.135 1.0000000000
124878  19.791  10.104  -30.110 1.0000000000
83990  21.670  9.461  -32.338 1.0000000000
126078  21.369  9.244  -31.704 1.0000000000
83973  23.000  8.496  -32.085 1.0000000000
84878  23.550  9.530  -32.471 1.0000000000
83956  24.345  8.826  -30.633 1.0000000000
128489  17.427  11.992  -28.657 0.6250000000
86669  18.057  11.890  -29.785 0.7500000000
85807  20.956  10.863  -31.239 1.0000000000
86698  20.126  11.960  -31.232 1.0000000000
85806  21.456  10.685  -31.779 1.0000000000
87487  21.252  12.126  -31.349 1.0000000000
86695  22.222  11.534  -31.386 1.0000000000
86694  23.074  11.153  -31.416 1.0000000000
85805  22.374  10.677  -32.085 1.0000000000
88219  20.124  13.958  -32.600 1.0000000000
88220  18.957  13.926  -31.909 0.7500000000
87475  22.054  12.236  -31.247 1.0000000000
87489  19.062  12.588  -31.994 1.0000000000
87476  20.526  13.225  -32.144 1.0000000000
87462  23.355  12.501  -30.831 1.0000000000
89681  21.231  15.752  -31.231 0.8750000000
88204  22.557  14.253  -32.161 1.0000000000
130200  22.787  13.439  -31.594 1.0000000000
87474  22.450  12.793  -31.380 1.0000000000
87463  22.051  13.648  -32.274 1.0000000000
87450  24.423  12.667  -29.482 1.0000000000
137184  23.405  15.510  -28.925 1.0000000000
89666  22.591  16.125  -30.306 1.0000000000
93477  18.986  20.624  -27.458 0.1250000000
94291  19.856  21.643  -26.101 0.2500000000
94313  19.557  21.444  -28.450 0.2500000000
93489  18.512  20.244  -28.534 0.3750000000
93501  18.922  20.541  -29.386 0.5000000000
124667  21.161  21.576  -28.817 0.5000000000
93487  20.404  21.052  -29.091 0.7500000000
136604  22.695  24.239  -28.310 0.2500000000
95829  24.213  24.420  -28.437 0.2500000000
77561  17.313  1.331  -26.667 0.1250000000
121634  17.222  1.023  -26.705 0.1250000000
76633  17.890  0.292  -27.801 0.7500000000
88195  17.418  14.157  -29.685 0.5000000000
86683  18.542  12.049  -30.498 0.8750000000
87479  17.617  12.775  -30.563 0.7500000000
87478  18.178  12.724  -31.426 0.8750000000
88208  17.395  13.952  -30.387 0.7500000000
88221  17.561  13.445  -31.050 0.8750000000
130514  18.378  13.389  -31.839 1.0000000000
87477  19.404  13.338  -32.308 1.0000000000
89680  21.861  16.109  -30.916 1.0000000000
90486  22.539  16.627  -28.949 1.0000000000
126278  18.520  19.223  -28.550 0.3750000000
92705  20.526  19.559  -29.463 0.7500000000
93500  19.712  20.333  -29.478 0.7500000000
92707  18.894  19.928  -29.724 0.5000000000
93486  20.753  20.278  -29.085 0.7500000000
96539  24.637  24.871  -28.684 0.2500000000
95822  24.396  23.858  -28.051 0.3750000000
73164  18.515  -3.948  -27.221 0.7500000000
73162  21.055  -3.560  -26.817 0.7500000000
73179  17.955  -3.070  -27.274 0.7500000000
118484  20.267  -3.589  -27.566 0.7500000000
73163  19.434  -3.920  -27.456 0.7500000000
73178  18.839  -3.273  -27.687 0.7500000000
74002  18.413  -2.413  -27.718 0.7500000000
118860  20.868  -3.164  -27.634 0.7500000000
73176  20.258  -2.851  -28.182 0.7500000000
74001  19.245  -2.715  -28.149 0.7500000000
75725  17.895  -0.629  -27.724 0.7500000000
74854  19.648  -2.259  -28.394 0.7500000000
75743  19.170  -0.847  -28.374 0.8750000000
126931  18.495  -1.001  -28.077 0.8750000000
73999  21.812  -2.175  -27.575 0.7500000000
74011  20.851  -2.190  -28.386 0.7500000000
74868  20.550  -1.499  -28.561 0.7500000000
75742  20.084  -0.675  -28.521 0.8750000000
74853  21.912  -1.600  -28.057 0.7500000000
74867  21.290  -1.554  -28.427 0.7500000000
75741  21.089  -0.685  -28.615 0.8750000000
76645  20.537  0.261  -28.567 0.8750000000
121146  22.527  -0.180  -28.260 0.7500000000
76644  21.403  0.332  -28.624 0.8750000000
118332  21.685  1.119  -28.765 0.8750000000
77595  23.225  1.005  -28.247 0.8750000000
77611  22.499  1.253  -28.653 0.8750000000
77610  23.309  1.844  -28.369 0.8750000000
78604  25.583  2.707  -26.976 0.3750000000
78616  24.880  2.818  -27.582 0.6250000000
78617  23.933  2.716  -28.246 0.7500000000
78632  23.158  2.682  -28.904 0.7500000000
79540  25.829  3.468  -26.951 0.5000000000
132489  25.463  3.145  -27.313 0.5000000000
79554  25.313  3.678  -27.585 0.7500000000
126881  26.593  4.174  -26.040 0.1250000000
118007  26.077  4.303  -26.723 0.3750000000
80469  25.586  4.600  -27.390 0.6250000000
80470  24.861  4.377  -28.206 0.6250000000
81338  25.311  5.262  -27.917 0.6250000000
80432  27.421  4.748  -25.340 0.1250000000
80433  26.919  4.870  -25.845 0.1250000000
81320  26.442  5.671  -26.467 0.1250000000
135249  26.973  6.117  -26.028 0.1250000000
81337  25.667  5.968  -27.641 0.6250000000
82218  25.805  6.578  -28.067 0.6250000000
82232  25.269  6.691  -28.620 0.7500000000
127886  27.413  5.940  -25.365 0.1250000000
83035  27.530  7.515  -25.051 0.1250000000
83056  26.266  7.128  -26.950 0.1250000000
83066  26.092  7.171  -27.760 0.5000000000
83077  25.796  7.276  -28.389 0.6250000000
83917  25.695  8.103  -28.579 0.7500000000
126989  28.090  5.950  -24.850 0.1250000000
83055  26.731  7.878  -26.642 0.5000000000
83907  26.578  8.800  -27.052 0.5000000000
83916  26.141  8.755  -27.979 0.6250000000
83929  25.187  8.273  -29.267 0.7500000000
89682  20.510  15.581  -30.902 0.6250000000
90506  19.155  16.276  -30.469 0.5000000000
90504  20.853  16.394  -30.762 0.7500000000
84811  26.399  9.719  -27.507 0.6250000000
85749  26.315  10.575  -27.959 0.6250000000
85748  26.546  10.530  -27.063 0.5000000000
85762  25.937  10.672  -28.697 0.7500000000
90505  20.035  16.356  -30.663 0.7500000000
85774  25.325  10.838  -29.386 0.8750000000
88190  24.454  12.976  -28.686 0.8750000000
123558  24.155  13.915  -28.741 0.8750000000
86654  25.720  11.141  -28.852 0.7500000000
87438  25.028  12.450  -27.832 0.8750000000
88182  24.546  13.359  -27.732 0.8750000000
88899  24.240  14.214  -27.600 0.8750000000
85731  27.139  10.600  -26.394 0.3750000000
86639  26.369  11.229  -27.449 0.5000000000
87437  25.811  11.785  -27.607 0.6250000000
86613  27.727  11.502  -25.487 0.2500000000
86625  26.787  11.303  -26.715 0.3750000000
87423  26.392  11.961  -26.911 0.5000000000
91218  19.414  16.852  -30.326 0.6250000000
91209  21.002  17.825  -30.021 0.7500000000
90498  21.514  16.504  -30.545 0.8750000000
90499  21.109  16.934  -30.361 0.7500000000
88900  23.621  14.855  -28.575 0.8750000000
89653  23.397  15.651  -27.707 0.7500000000
88892  23.946  14.988  -27.240 0.8750000000
87424  25.704  12.551  -26.964 0.6250000000
87425  25.094  13.098  -27.107 0.7500000000
87422  26.949  12.047  -26.262 0.3750000000
88175  26.430  12.775  -26.205 0.5000000000
137743  25.040  14.148  -26.269 0.7500000000
87412  27.450  12.150  -25.537 0.2500000000
91210  19.888  17.867  -29.818 0.6250000000
91208  21.711  17.337  -29.881 0.8750000000
91201  22.374  17.342  -29.134 0.8750000000
89642  23.896  15.672  -26.674 0.7500000000
88169  25.515  13.439  -26.284 0.5000000000
88167  27.139  13.745  -25.153 0.2500000000
88168  26.312  13.622  -25.594 0.5000000000
87400  27.911  12.686  -24.950 0.2500000000
91973  19.167  18.404  -29.386 0.5000000000
91972  20.263  18.767  -29.777 0.5000000000
91971  21.411  18.737  -29.544 0.7500000000
91970  22.292  18.280  -29.397 0.7500000000
91959  22.169  19.096  -29.025 0.7500000000
126554  22.852  18.090  -28.736 0.7500000000
91950  23.266  18.275  -27.950 0.7500000000
91958  22.893  18.883  -28.502 0.7500000000
129667  23.438  16.876  -27.377 0.7500000000
90477  23.559  16.260  -26.944 0.7500000000
91186  24.203  16.964  -26.837 0.7500000000
89640  25.665  15.287  -25.909 0.5000000000
89641  24.757  15.727  -26.186 0.3750000000
90476  24.133  16.200  -26.453 0.6250000000
88883  26.614  14.364  -25.416 0.2500000000
89626  26.288  14.933  -25.652 0.3750000000
92691  21.440  19.631  -28.963 0.7500000000
92690  22.327  19.896  -28.306 0.7500000000
133728  23.542  18.939  -27.817 0.7500000000
91949  24.014  18.522  -27.438 0.7500000000
91193  24.708  17.988  -27.023 0.6250000000
129425  25.657  16.865  -26.328 0.3750000000
91185  25.187  17.319  -26.561 0.3750000000
89624  27.909  15.204  -25.459 0.1250000000
89638  27.429  15.762  -25.888 0.1250000000
90473  26.879  16.293  -26.178 0.2500000000
91957  23.300  19.544  -27.755 0.6250000000
92678  24.318  19.353  -27.410 0.7500000000
91192  25.673  18.024  -26.752 0.3750000000
91948  24.811  18.756  -27.217 0.3750000000
91194  23.716  17.658  -27.426 0.7500000000
90474  26.456  16.840  -26.419 0.2500000000
90471  28.831  16.200  -26.729 0.1250000000
90472  27.837  16.337  -26.562 0.1250000000
89637  28.369  15.736  -26.016 0.1250000000
93485  21.767  20.819  -28.464 0.6250000000
93476  22.548  20.824  -27.848 0.6250000000
92679  23.940  20.189  -27.358 0.3750000000
92680  23.067  20.245  -27.618 0.3750000000
122995  25.002  20.210  -27.135 0.3750000000
127965  26.585  19.385  -27.113 0.2500000000
129931  25.388  18.560  -26.946 0.3750000000
91190  27.882  17.496  -27.547 0.1250000000
91184  26.106  17.450  -26.569 0.3750000000
132707  27.206  16.756  -26.677 0.1250000000
95069  24.205  22.570  -27.395 0.3750000000
93475  23.423  20.934  -27.295 0.3750000000
93474  24.410  21.024  -26.954 0.3750000000
92676  26.149  20.301  -27.029 0.3750000000
93473  25.349  21.027  -26.962 0.3750000000
91947  26.102  18.691  -26.869 0.3750000000
91200  28.584  17.970  -28.195 0.1250000000
91945  27.462  18.178  -27.542 0.1250000000
91946  26.810  18.681  -27.197 0.2500000000
90483  28.736  17.215  -27.762 0.1250000000
94290  25.188  22.741  -27.211 0.2500000000
94299  25.626  21.870  -27.073 0.2500000000
94300  24.861  21.847  -26.780 0.3750000000
94297  26.910  21.156  -28.072 0.1250000000
93472  25.959  21.155  -27.106 0.3750000000
135983  25.454  21.487  -26.949 0.3750000000
127592  27.237  20.031  -27.444 0.1250000000
93471  26.707  20.755  -27.502 0.2500000000
92688  28.329  19.279  -29.035 0.1250000000
128171  24.636  23.244  -27.606 0.3750000000
95078  25.668  23.172  -27.867 0.2500000000
94310  26.650  21.835  -28.451 0.1250000000
128779  26.265  22.675  -28.537 0.1250000000
94309  27.253  21.170  -28.884 0.1250000000
94320  26.745  22.274  -29.212 0.1250000000
91968  28.630  18.504  -29.755 0.1250000000
93499  27.510  20.497  -29.463 0.1250000000
95840  26.495  23.421  -30.413 0.1250000000
126304  27.266  21.454  -30.276 0.1250000000
95096  26.993  22.508  -30.985 0.1250000000
92704  27.369  19.672  -30.076 0.1250000000
91969  27.842  18.983  -30.123 0.1250000000
86641  25.418  11.643  -28.397 0.8750000000
139076  27.008  12.605  -25.763 0.3750000000
135888  21.722  18.065  -29.788 0.8750000000
91195  22.920  17.297  -28.088 0.7500000000
88884  25.710  14.344  -25.780 0.5000000000
128483  25.028  14.875  -26.220 0.5000000000
91956  28.165  18.820  -28.214 0.1250000000
95068  25.999  22.341  -27.636 0.2500000000
94319  27.085  21.667  -29.448 0.1250000000
124376  25.687  5.402  -27.321 0.5000000000
81350  24.590  5.293  -28.630 0.7500000000
84798  26.816  9.719  -26.673 0.3750000000
85717  27.719  10.756  -25.615 0.2500000000
88891  24.509  14.488  -26.736 0.7500000000
93484  27.623  20.548  -28.171 0.1250000000
128618  28.189  11.324  -25.068 0.1250000000
72218  19.407  -5.028  -26.010 0.7500000000
72230  18.254  -4.566  -26.773 0.7500000000
73165  17.532  -3.811  -26.685 0.7500000000
73988  17.106  -2.793  -26.803 0.7500000000
72217  20.140  -4.758  -26.183 0.7500000000
74856  17.150  -1.128  -27.250 0.6250000000
73987  21.444  -2.818  -27.193 0.6250000000
74852  22.438  -1.569  -27.468 0.6250000000
75722  23.063  -0.308  -27.816 0.6250000000
77594  23.784  1.218  -27.680 0.5000000000
77583  24.499  1.372  -27.061 0.3750000000
78603  26.228  2.886  -26.394 0.1250000000
129044  26.998  3.601  -25.581 0.1250000000
138333  27.081  4.279  -25.551 0.1250000000
80417  28.949  4.520  -24.439 0.1250000000
81285  29.427  5.630  -24.183 0.1250000000
82165  28.382  6.582  -24.579 0.1250000000
83014  28.271  7.298  -24.529 0.1250000000
89683  19.687  15.678  -30.625 0.3750000000
126823  28.839  7.764  -24.033 0.1250000000
120665  27.659  9.245  -25.546 0.1250000000
84797  27.406  9.849  -25.967 0.2500000000
91211  18.933  17.357  -29.778 0.5000000000
87399  28.541  12.498  -24.629 0.1250000000
124307  28.036  11.975  -25.037 0.2500000000
88873  28.550  13.867  -24.703 0.1250000000
89636  29.348  15.686  -26.182 0.1250000000
91974  18.554  19.529  -29.429 0.3750000000
90481  30.224  16.559  -27.888 0.1250000000
89652  29.824  16.252  -26.894 0.1250000000
90491  29.489  17.267  -28.842 0.1250000000
90503  29.211  16.429  -30.525 0.1250000000
95054  20.295  22.110  -25.900 0.1250000000
96544  25.584  24.703  -29.131 0.2500000000
129247  25.754  24.596  -29.918 0.1250000000
96548  25.764  24.863  -30.674 0.1250000000
95849  26.563  23.207  -31.367 0.1250000000
119448  27.296  20.947  -29.932 0.1250000000
91983  28.265  18.463  -30.744 0.1250000000
93513  27.019  20.165  -30.535 0.1250000000
79576  23.036  3.400  -29.288 0.7500000000
84824  25.415  9.996  -29.032 0.7500000000
124264  25.539  9.042  -28.766 0.7500000000
88906  20.650  15.118  -31.433 0.3750000000
75744  18.547  -0.221  -28.198 0.7500000000
117201  20.984  1.070  -28.690 0.8750000000
79566  23.735  3.390  -28.779 0.7500000000
81349  25.224  6.000  -28.222 0.6250000000
86655  25.089  11.471  -29.155 0.8750000000
89654  23.112  16.030  -29.138 0.8750000000
126032  23.396  22.221  -27.693 0.3750000000
97216  25.032  25.321  -28.886 0.1250000000
96538  25.240  24.502  -28.609 0.2500000000
72229  19.219  -4.668  -26.845 0.7500000000
72228  20.197  -4.176  -26.877 0.7500000000
115595  20.933  -4.280  -26.134 0.7500000000
128943  17.517  -2.136  -27.279 0.7500000000
73177  19.606  -3.343  -27.911 0.7500000000
74012  20.212  -2.121  -28.477 0.7500000000
123032  18.060  -1.496  -27.685 0.7500000000
75726  17.371  -0.280  -27.385 0.6250000000
74855  18.903  -1.799  -28.266 0.7500000000
74869  19.740  -1.557  -28.480 0.8750000000
74010  21.437  -2.079  -28.142 0.7500000000
75740  21.924  -0.371  -28.442 0.7500000000
75723  22.477  -0.940  -28.044 0.7500000000
76632  22.858  0.435  -28.294 0.7500000000
76643  22.168  0.440  -28.584 0.8750000000
76631  23.449  0.433  -27.676 0.6250000000
78605  25.045  2.039  -27.064 0.2500000000
77593  24.219  2.010  -27.650 0.6250000000
79555  24.489  3.497  -28.190 0.7500000000
137478  25.712  4.010  -27.158 0.5000000000
79539  26.283  3.642  -26.441 0.2500000000
79523  26.576  3.428  -26.040 0.1250000000
80454  26.510  4.964  -26.361 0.2500000000
80455  26.014  5.170  -26.819 0.3750000000
81287  27.737  5.320  -25.061 0.1250000000
81286  28.639  5.300  -24.615 0.1250000000
81303  26.793  5.443  -26.080 0.1250000000
82200  26.365  6.373  -26.637 0.5000000000
132500  27.236  6.346  -25.557 0.1250000000
82201  25.934  6.527  -27.330 0.5000000000
82166  27.603  6.605  -24.984 0.1250000000
82199  26.844  6.980  -26.343 0.1250000000
83054  27.246  7.729  -25.960 0.1250000000
83065  26.312  7.912  -27.404 0.6250000000
83906  27.199  8.800  -26.211 0.1250000000
84812  26.016  9.833  -28.341 0.6250000000
86640  26.073  11.174  -28.245 0.6250000000
88176  24.756  13.756  -26.866 0.7500000000
87413  26.821  13.145  -25.507 0.3750000000
90485  23.092  16.445  -27.881 0.7500000000
127203  24.424  15.151  -26.582 0.6250000000
126399  27.441  14.532  -25.210 0.1250000000
88882  27.806  14.070  -24.861 0.1250000000
126670  27.322  12.953  -25.207 0.2500000000
88159  27.844  13.451  -24.864 0.1250000000
118214  25.782  16.199  -25.998 0.3750000000
90475  24.893  16.532  -26.304 0.3750000000
89625  27.035  15.080  -25.565 0.1250000000
89639  26.508  15.622  -25.790 0.3750000000
92677  25.527  19.334  -27.019 0.3750000000
91191  27.071  17.373  -26.981 0.2500000000
129563  28.451  16.637  -27.188 0.1250000000
90482  29.264  16.635  -27.426 0.1250000000
90484  27.815  16.923  -27.199 0.1250000000
94302  22.982  21.610  -27.755 0.3750000000
119218  26.517  18.047  -26.986 0.2500000000
94301  23.889  21.740  -27.040 0.3750000000
94298  26.316  21.510  -27.565 0.3750000000
91955  28.736  18.586  -28.900 0.1250000000
91207  29.239  17.989  -29.382 0.1250000000
92675  27.439  19.152  -27.564 0.1250000000
134610  29.637  17.036  -28.041 0.1250000000
95836  25.687  24.140  -28.749 0.2500000000
95821  25.081  23.572  -27.717 0.2500000000
93483  28.067  20.067  -28.802 0.1250000000
92689  28.030  19.755  -28.101 0.1250000000
95077  25.960  23.482  -28.706 0.1250000000
95087  26.621  22.995  -29.610 0.1250000000
91216  29.113  17.692  -30.421 0.1250000000
96551  26.326  24.146  -31.681 0.1250000000
96547  26.085  24.035  -30.600 0.1250000000
124010  18.498  -5.178  -26.215 0.7500000000
72231  17.563  -4.781  -26.294 0.7500000000
75712  23.071  -1.011  -27.322 0.6250000000
76622  24.009  0.675  -26.936 0.5000000000
83875  28.278  8.237  -24.442 0.1250000000
83874  28.964  8.347  -23.697 0.1250000000
83889  27.617  8.443  -25.328 0.1250000000
129682  28.253  14.588  -25.032 0.1250000000
90497  29.637  16.292  -29.927 0.1250000000
120768  29.457  17.155  -29.852 0.1250000000
73166  16.675  -3.268  -26.223 0.5000000000
71334  19.899  -5.830  -25.019 0.6250000000
71346  20.059  -5.277  -25.563 0.6250000000
72216  21.474  -4.306  -25.337 0.3750000000
117654  20.781  -4.814  -25.463 0.6250000000
72215  22.054  -3.866  -25.203 0.2500000000
73152  21.631  -3.710  -25.868 0.3750000000
91219  18.550  16.470  -30.159 0.3750000000
91202  18.774  17.773  -28.953 0.2500000000
92708  18.420  20.179  -29.261 0.2500000000
71347  19.204  -5.520  -25.545 0.6250000000
73161  21.905  -2.965  -26.327 0.5000000000
73998  22.304  -2.010  -26.981 0.5000000000
72206  21.395  -4.901  -24.814 0.5000000000
70443  18.889  -6.837  -24.426 0.6250000000
72220  16.415  -4.439  -25.232 0.3750000000
71335  19.009  -6.093  -24.977 0.6250000000
71348  18.255  -5.787  -25.555 0.6250000000
72219  16.913  -5.167  -25.591 0.6250000000
71333  21.387  -5.688  -24.338 0.3750000000
122114  20.526  -6.081  -24.485 0.5000000000
70442  19.765  -6.435  -24.544 0.6250000000
73979  16.318  -2.683  -25.656 0.2500000000
71332  22.099  -5.072  -24.400 0.3750000000
73151  22.346  -3.303  -25.502 0.2500000000
72205  22.083  -4.382  -24.780 0.2500000000
76634  17.297  0.370  -27.267 0.3750000000
121052  22.563  -2.715  -25.819 0.2500000000
74831  22.900  -1.642  -26.609 0.3750000000
74839  23.454  -1.020  -26.535 0.2500000000
75711  23.619  -0.248  -26.916 0.2500000000
75710  24.378  0.133  -26.264 0.2500000000
83897  13.386  9.059  -24.830 0.1250000000
77582  25.178  1.451  -26.632 0.2500000000
88209  17.095  13.823  -29.548 0.3750000000
87452  17.379  12.715  -28.676 0.2500000000
128963  18.736  18.676  -28.875 0.2500000000
114291  14.323  10.903  -25.056 0.1250000000
83045  14.078  8.225  -25.340 0.2500000000
130304  17.163  13.222  -29.154 0.3750000000
73986  21.951  -2.425  -26.865 0.5000000000
72232  16.805  -4.191  -25.989 0.5000000000
76621  24.831  0.844  -26.484 0.2500000000
131796  16.573  -2.517  -26.321 0.3750000000
75727  16.857  -0.349  -26.991 0.2500000000
133909  17.656  -5.456  -25.919 0.6250000000
74840  16.769  -1.937  -26.753 0.3750000000
72207  20.665  -5.404  -24.902 0.5000000000
73143  22.781  -3.752  -24.777 0.2500000000
73985  22.443  -2.319  -26.394 0.3750000000
73153  16.355  -3.516  -25.428 0.3750000000
70441  21.050  -6.489  -23.940 0.3750000000
73978  23.011  -2.175  -25.810 0.2500000000
75702  23.977  -0.629  -26.001 0.2500000000
83025  13.111  8.006  -24.187 0.1250000000
70436  17.457  -6.798  -23.896 0.5000000000
133448  20.346  -6.616  -24.156 0.2500000000
69580  20.049  -7.660  -23.514 0.3750000000
70435  19.807  -7.015  -24.036 0.5000000000
69590  17.931  -6.891  -24.373 0.5000000000
70446  17.097  -6.047  -23.930 0.5000000000
70444  18.052  -6.334  -24.944 0.5000000000
70445  17.295  -6.348  -24.717 0.5000000000
71336  16.721  -5.843  -24.987 0.3750000000
70452  17.351  -5.922  -25.380 0.5000000000
69563  15.848  -7.511  -22.239 0.1250000000
68725  17.288  -7.518  -23.230 0.3750000000
71349  16.461  -5.213  -25.010 0.2500000000
67805  16.142  -9.932  -21.823 0.1250000000
68710  16.985  -8.374  -22.696 0.2500000000
68724  17.823  -8.173  -23.202 0.3750000000
68723  18.571  -7.881  -23.479 0.3750000000
68692  15.717  -8.335  -21.957 0.1250000000
70418  15.662  -6.558  -22.046 0.1250000000
71325  16.444  -5.220  -22.770 0.1250000000
124852  28.014  9.957  -25.270 0.1250000000
72208  16.416  -4.638  -24.423 0.2500000000
73144  16.302  -3.757  -24.594 0.2500000000
137170  21.144  -7.098  -23.635 0.2500000000
69581  17.912  -7.449  -23.747 0.5000000000
137189  18.488  -7.321  -23.988 0.5000000000
69589  19.209  -7.485  -23.783 0.3750000000
116248  16.913  -6.771  -23.218 0.2500000000
133398  16.742  -6.128  -23.036 0.1250000000
71324  16.758  -5.522  -23.268 0.1250000000
71337  16.674  -5.349  -24.295 0.1250000000
68711  16.107  -8.330  -22.296 0.1250000000
69562  16.528  -7.523  -22.655 0.2500000000
69549  15.613  -7.536  -22.033 0.1250000000
70417  16.266  -6.701  -22.587 0.1250000000
123627  16.651  -4.865  -23.514 0.1250000000
67823  15.880  -9.105  -21.922 0.1250000000
120088  16.438  -9.103  -22.285 0.1250000000
68722  19.416  -8.209  -23.231 0.2500000000
71306  16.246  -5.927  -22.607 0.1250000000
116622  17.166  -9.138  -22.498 0.2500000000
136435  18.255  -9.154  -22.632 0.2500000000
74841  16.560  -1.164  -26.515 0.2500000000
138164  20.009  -8.167  -23.223 0.2500000000
68708  18.578  -8.681  -22.930 0.2500000000
68709  17.780  -8.856  -22.732 0.2500000000
122154  17.849  -9.571  -22.367 0.1250000000
125453  16.357  -1.470  -25.748 0.1250000000
89669  19.751  15.369  -30.454 0.1250000000
89670  18.771  15.677  -30.116 0.1250000000
130106  18.923  15.443  -29.654 0.1250000000
130417  18.447  15.890  -29.364 0.1250000000
91212  18.215  16.820  -29.525 0.1250000000
90500  18.165  16.134  -30.030 0.1250000000
89644  18.274  15.688  -27.157 0.1250000000
90493  18.207  16.413  -28.920 0.1250000000
91960  18.403  18.324  -28.199 0.1250000000
114908  19.939  14.957  -30.327 0.1250000000
90487  18.339  16.631  -27.790 0.1250000000
91203  18.461  17.282  -28.227 0.1250000000
91182  18.762  17.357  -26.851 0.1250000000
87443  16.804  11.965  -26.981 0.1250000000
75691  16.282  -1.990  -25.098 0.1250000000
88186  17.041  13.593  -29.020 0.1250000000
128210  20.524  13.998  -28.627 0.1250000000
125148  20.277  14.333  -28.564 0.1250000000
89643  19.307  15.463  -26.803 0.1250000000
90467  18.744  16.372  -26.326 0.1250000000
91181  19.607  18.115  -26.860 0.1250000000
91187  19.253  17.829  -27.028 0.1250000000
117659  20.023  14.206  -29.094 0.1250000000
76623  17.017  0.402  -26.795 0.1250000000
119646  16.345  -1.940  -26.004 0.1250000000
123794  16.267  -2.163  -25.218 0.1250000000
75713  16.734  -0.393  -26.428 0.1250000000
75703  16.831  -0.204  -25.257 0.1250000000
89656  18.775  15.159  -27.897 0.1250000000
91196  18.699  18.109  -27.360 0.1250000000
90478  18.369  16.924  -27.015 0.1250000000
91936  19.883  18.440  -26.579 0.1250000000
71323  21.791  -6.259  -23.911 0.1250000000
72193  22.703  -5.205  -24.061 0.1250000000
119132  22.756  -4.574  -24.349 0.1250000000
73142  23.729  -3.376  -24.573 0.1250000000
73150  23.129  -2.847  -25.173 0.1250000000
73977  23.586  -2.197  -25.317 0.1250000000
74830  23.634  -1.510  -25.793 0.1250000000
74819  24.898  -1.627  -24.796 0.1250000000
74829  24.450  -1.143  -25.380 0.1250000000
75700  25.615  -0.101  -25.231 0.1250000000
117149  26.455  0.166  -24.885 0.1250000000
76612  25.185  0.401  -25.838 0.1250000000
77573  25.552  1.146  -26.070 0.1250000000
122630  20.046  -8.631  -22.962 0.1250000000
68721  20.509  -8.185  -23.170 0.1250000000
68720  21.262  -8.188  -23.110 0.1250000000
69578  21.558  -7.530  -23.390 0.1250000000
70431  23.509  -6.402  -23.444 0.1250000000
70432  22.534  -6.511  -23.616 0.1250000000
72192  23.363  -4.972  -23.905 0.1250000000
133154  24.284  -3.869  -24.134 0.1250000000
73141  24.692  -3.086  -24.354 0.1250000000
132545  24.609  -2.280  -24.664 0.1250000000
73967  25.427  -2.290  -24.423 0.1250000000
75689  26.136  -0.697  -24.708 0.1250000000
77572  26.338  1.511  -25.628 0.1250000000
77552  27.073  1.439  -24.973 0.1250000000
76595  26.604  0.898  -25.083 0.1250000000
77581  25.781  1.991  -26.390 0.1250000000
70433  21.730  -6.872  -23.648 0.1250000000
71322  22.260  -5.751  -24.016 0.1250000000
72204  23.542  -4.198  -24.251 0.1250000000
75701  24.805  -0.365  -25.615 0.1250000000
69579  20.846  -7.610  -23.441 0.1250000000
68707  19.412  -8.989  -22.765 0.1250000000
69577  22.302  -7.352  -23.347 0.1250000000
72191  24.299  -4.709  -23.757 0.1250000000
73968  23.973  -2.593  -24.820 0.1250000000
73976  24.168  -1.872  -25.087 0.1250000000
74828  25.239  -0.872  -24.996 0.1250000000
76611  25.946  0.684  -25.445 0.1250000000
120851  20.108  -9.324  -22.624 0.1250000000
68706  20.829  -8.913  -22.781 0.1250000000
71320  23.885  -5.591  -23.597 0.1250000000
122325  27.794  1.293  -24.606 0.1250000000
70434  20.539  -7.060  -23.770 0.2500000000
71321  23.040  -5.734  -23.751 0.1250000000
74000  21.162  -2.631  -27.956 0.7500000000
75724  21.761  -1.052  -28.344 0.7500000000
80418  28.090  4.613  -24.852 0.1250000000
80472  17.261  5.206  -27.470 0.3750000000
80493  22.157  4.175  -29.747 1.0000000000
80507  21.149  4.821  -29.953 1.0000000000
81302  27.175  5.429  -25.630 0.1250000000
81321  25.890  5.899  -26.936 0.5000000000
81340  17.215  5.716  -27.659 0.7500000000
81377  23.031  5.778  -29.861 1.0000000000
82164  28.905  6.123  -24.416 0.1250000000
82221  16.142  7.122  -27.110 0.2500000000
82247  19.236  7.065  -29.535 1.0000000000
82273  22.217  6.984  -30.216 1.0000000000
83005  13.515  8.041  -23.917 0.1250000000
83006  13.051  7.956  -23.947 0.1250000000
83026  13.147  7.855  -24.125 0.1250000000
83068  15.904  7.835  -27.228 0.5000000000
83093  18.133  7.657  -29.017 1.0000000000
83117  22.139  7.748  -31.039 1.0000000000
83859  13.547  8.076  -24.062 0.1250000000
83918  15.942  8.753  -27.428 0.5000000000
83919  15.504  8.464  -27.027 0.5000000000
83957  20.914  8.769  -30.913 1.0000000000
83971  24.070  8.911  -31.696 1.0000000000
83987  23.361  9.121  -32.518 1.0000000000
83988  22.588  9.262  -32.713 1.0000000000
83989  21.926  9.430  -32.740 1.0000000000
84841  17.936  9.491  -29.111 0.6250000000
84858  24.121  9.536  -31.301 1.0000000000
84860  19.534  9.400  -29.807 1.0000000000
84891  22.927  9.771  -33.023 1.0000000000
84892  22.079  10.001  -33.235 1.0000000000
84893  21.710  10.015  -32.923 1.0000000000
84894  21.445  9.793  -32.041 1.0000000000
85750  16.528  10.360  -27.688 0.5000000000
85763  17.160  10.151  -28.415 0.6250000000
85776  18.995  10.308  -29.692 0.8750000000
85788  23.740  10.742  -31.352 1.0000000000
85791  18.684  11.237  -29.908 1.0000000000
85808  20.128  11.344  -30.833 1.0000000000
85819  22.539  10.210  -33.024 1.0000000000
85820  21.827  10.280  -32.787 1.0000000000
86624  27.328  11.393  -26.055 0.2500000000
86670  17.680  11.492  -29.107 0.8750000000
86681  22.790  11.931  -30.991 1.0000000000
86682  19.297  12.103  -30.986 0.8750000000
86696  21.723  11.106  -31.664 1.0000000000
87464  21.116  13.733  -32.416 1.0000000000
87480  17.096  13.407  -30.145 0.8750000000
88158  28.414  13.133  -24.696 0.1250000000
89684  18.857  15.968  -30.420 0.5000000000
89695  20.536  15.935  -30.909 0.7500000000
89696  19.568  16.121  -30.617 0.3750000000
89697  18.996  16.054  -30.467 0.5000000000
90507  18.598  16.138  -30.296 0.1250000000
91197  18.561  17.200  -27.135 0.1250000000
91217  20.418  16.985  -30.408 0.7500000000
92669  18.734  19.605  -27.003 0.1250000000
92692  18.083  19.883  -29.001 0.3750000000
95086  27.169  22.168  -30.074 0.1250000000
95826  20.660  23.086  -26.766 0.2500000000
95828  25.422  23.886  -28.183 0.2500000000
95835  26.025  23.927  -29.563 0.1250000000
96535  24.914  24.197  -28.163 0.3750000000
114284  13.659  9.717  -24.897 0.2500000000
114286  12.988  9.373  -23.955 0.1250000000
114292  15.321  9.025  -26.987 0.3750000000
114645  12.973  8.146  -24.112 0.1250000000
115722  13.211  8.738  -24.978 0.1250000000
124065  19.227  19.102  -29.953 0.5000000000
125374  26.059  7.828  -28.048 0.6250000000
125782  16.348  7.249  -27.350 0.6250000000
126435  21.050  5.652  -29.898 1.0000000000
126590  27.189  6.858  -25.694 0.1250000000
127260  21.108  10.038  -31.416 1.0000000000
127727  17.791  8.240  -28.766 0.8750000000
133722  24.000  9.336  -32.071 1.0000000000
134569  18.779  20.112  -27.461 0.1250000000
137239  21.474  20.259  -28.704 0.6250000000
137926  14.805  11.125  -25.900 0.1250000000
