#!ascii label  , from subject sub-v1s12x0050109_ses-1 vox2ras=TkReg
748
27558  14.078  -49.422  -36.472 0.6000000238
26389  6.891  -51.154  -30.944 0.6999999881
27515  6.460  -49.597  -32.813 0.6999999881
26473  9.554  -49.617  -35.582 0.8999999762
27548  10.509  -49.437  -35.961 0.8000000119
27547  11.432  -49.848  -35.998 0.8000000119
28639  13.715  -48.513  -36.540 0.6000000238
28629  14.420  -48.247  -35.630 0.6999999881
28619  14.734  -48.754  -34.851 0.6999999881
25248  6.855  -51.667  -30.042 0.6999999881
26429  7.161  -50.194  -32.418 0.6999999881
27514  7.427  -49.526  -32.925 0.6000000238
28597  6.869  -48.792  -33.444 0.6999999881
115563  6.791  -48.419  -34.437 0.6999999881
124025  8.410  -48.601  -35.355 0.8000000119
29715  9.137  -48.180  -35.299 0.8000000119
28633  9.489  -48.527  -35.826 0.8000000119
28632  10.540  -48.237  -36.368 0.8000000119
28640  12.697  -48.119  -36.721 0.6000000238
29710  14.101  -47.274  -35.592 0.6000000238
126530  14.552  -47.810  -34.758 0.6999999881
28610  14.964  -48.408  -33.952 0.6999999881
25258  8.188  -51.519  -30.349 0.5000000000
24085  7.226  -52.129  -29.315 0.6000000238
26388  7.808  -51.225  -31.030 0.4000000060
26408  7.424  -50.698  -31.711 0.6000000238
26428  7.944  -50.250  -32.413 0.5000000000
29684  8.485  -48.227  -33.750 0.6000000238
28621  7.517  -48.295  -34.516 0.8000000119
29714  9.882  -47.475  -36.045 0.6999999881
29713  11.467  -46.715  -36.384 0.6999999881
29711  13.508  -46.978  -36.100 0.5000000000
30790  14.188  -46.819  -34.630 0.6000000238
30785  14.440  -46.524  -33.709 0.6000000238
29694  14.695  -47.472  -33.772 0.6000000238
28593  15.388  -48.822  -32.177 0.5000000000
25235  9.041  -52.328  -29.138 0.5000000000
24084  8.067  -52.187  -29.191 0.6000000238
116105  8.023  -53.327  -28.490 0.6000000238
25246  8.562  -51.908  -29.754 0.5000000000
28595  8.816  -48.885  -33.253 0.5000000000
29683  9.303  -47.859  -33.626 0.6000000238
30794  10.081  -47.221  -34.167 0.6000000238
29701  11.181  -46.532  -35.627 0.6000000238
30800  12.210  -46.089  -35.898 0.5000000000
31912  12.891  -45.586  -35.561 0.5000000000
30786  13.786  -45.796  -34.492 0.6000000238
29682  14.874  -47.210  -32.902 0.5000000000
126502  15.464  -46.996  -31.687 0.5000000000
29655  16.552  -48.021  -30.580 0.5000000000
29668  15.793  -47.927  -31.235 0.5000000000
127516  9.137  -52.773  -28.605 0.5000000000
22964  8.536  -54.042  -28.159 0.5000000000
26387  9.032  -51.531  -30.391 0.5000000000
134086  9.034  -50.687  -31.549 0.4000000060
27491  10.135  -49.506  -31.647 0.3000000119
27492  9.589  -49.583  -32.313 0.4000000060
29671  9.703  -48.056  -32.647 0.3000000119
28578  9.941  -48.736  -32.127 0.3000000119
127594  9.288  -48.256  -33.262 0.5000000000
30778  9.682  -47.212  -33.325 0.5000000000
30788  10.200  -46.470  -33.367 0.5000000000
30792  11.749  -46.101  -34.840 0.5000000000
30791  12.504  -45.552  -35.293 0.5000000000
31904  13.163  -45.167  -35.046 0.6000000238
31896  14.173  -45.591  -33.594 0.6000000238
30776  14.786  -46.287  -32.949 0.5000000000
30763  15.683  -46.118  -31.430 0.5000000000
30747  16.813  -47.074  -30.295 0.5000000000
22963  9.691  -53.185  -28.193 0.5000000000
24076  9.749  -52.581  -28.683 0.5000000000
25244  10.383  -51.465  -29.858 0.5000000000
26375  10.312  -50.821  -30.510 0.4000000060
121225  9.542  -50.878  -30.947 0.5000000000
27475  10.599  -49.385  -30.950 0.4000000060
28577  10.276  -48.524  -31.261 0.3000000119
29670  10.010  -47.743  -31.824 0.3000000119
138402  9.762  -46.646  -32.872 0.4000000060
30787  11.247  -45.999  -33.844 0.5000000000
31906  12.125  -45.382  -34.496 0.4000000060
128324  14.634  -45.488  -32.923 0.5000000000
31880  14.697  -44.984  -32.450 0.5000000000
30764  15.081  -46.023  -32.199 0.5000000000
30746  17.578  -46.983  -29.737 0.5000000000
31864  16.944  -46.128  -30.046 0.4000000060
30748  16.315  -46.139  -30.739 0.5000000000
24064  10.498  -53.248  -27.820 0.5000000000
24075  10.517  -52.413  -28.726 0.5000000000
25233  10.881  -51.857  -29.219 0.5000000000
135913  10.911  -50.766  -30.140 0.4000000060
27474  11.199  -49.377  -30.372 0.4000000060
28561  10.786  -48.502  -30.611 0.3000000119
128804  10.406  -47.528  -30.858 0.3000000119
30777  9.968  -46.131  -32.461 0.4000000060
31890  10.226  -45.308  -32.306 0.4000000060
31889  10.922  -44.807  -32.609 0.4000000060
31900  10.552  -45.591  -33.028 0.4000000060
31899  11.574  -45.162  -33.568 0.4000000060
133085  12.650  -44.268  -33.893 0.5000000000
128421  13.134  -44.178  -33.807 0.5000000000
31897  13.437  -44.879  -34.212 0.6000000238
31866  15.797  -45.290  -31.104 0.4000000060
118106  10.945  -52.756  -28.168 0.4000000060
26363  12.006  -50.653  -29.265 0.4000000060
25232  11.678  -51.476  -28.956 0.4000000060
27464  11.813  -49.328  -29.787 0.4000000060
28560  11.348  -48.543  -30.018 0.4000000060
30749  10.474  -46.407  -30.794 0.4000000060
30765  10.058  -46.705  -31.652 0.4000000060
31881  10.171  -45.580  -31.565 0.4000000060
131269  10.681  -44.272  -31.919 0.4000000060
32968  11.943  -44.375  -33.408 0.5000000000
32960  12.480  -43.783  -33.168 0.5000000000
32959  13.390  -43.768  -33.035 0.6000000238
125915  14.748  -44.503  -31.953 0.5000000000
32938  15.229  -43.717  -31.003 0.4000000060
32952  15.223  -44.487  -31.397 0.4000000060
24063  11.718  -52.476  -27.827 0.4000000060
25231  12.400  -51.086  -28.547 0.4000000060
25221  12.119  -51.852  -28.262 0.4000000060
26373  12.167  -49.948  -29.468 0.4000000060
29656  10.979  -47.872  -30.271 0.4000000060
123262  10.296  -44.655  -31.178 0.4000000060
32955  10.414  -44.090  -31.385 0.4000000060
32961  11.560  -44.163  -32.433 0.4000000060
34013  11.950  -43.465  -32.292 0.5000000000
34012  12.729  -43.061  -32.619 0.4000000060
32953  14.506  -43.637  -31.772 0.6000000238
25220  12.727  -51.481  -27.888 0.4000000060
26351  12.997  -50.787  -27.952 0.4000000060
27450  12.869  -49.202  -28.372 0.4000000060
28546  11.947  -48.497  -29.407 0.4000000060
30732  11.781  -46.967  -29.631 0.4000000060
129281  12.073  -46.192  -29.510 0.4000000060
136059  11.641  -45.738  -29.736 0.5000000000
31867  10.547  -45.431  -30.683 0.4000000060
132677  10.534  -44.667  -30.575 0.3000000119
33997  10.718  -43.559  -30.999 0.3000000119
34006  11.042  -43.783  -31.688 0.4000000060
34004  12.472  -42.576  -32.027 0.4000000060
34002  13.805  -42.631  -31.841 0.4000000060
24049  11.987  -52.712  -26.900 0.4000000060
28545  12.568  -48.433  -28.785 0.4000000060
29639  12.230  -47.699  -29.198 0.4000000060
31854  12.024  -45.361  -29.394 0.3000000119
32924  10.745  -44.237  -30.149 0.3000000119
33982  10.749  -43.581  -30.296 0.3000000119
34005  11.761  -43.186  -31.451 0.3000000119
35143  12.970  -42.126  -31.702 0.4000000060
35134  13.841  -42.021  -31.050 0.4000000060
26350  13.507  -50.498  -27.355 0.3000000119
27449  13.446  -49.170  -27.786 0.3000000119
28533  13.218  -48.326  -28.202 0.3000000119
29627  13.298  -47.163  -28.414 0.3000000119
30718  13.192  -46.507  -28.635 0.3000000119
31839  12.750  -45.217  -28.749 0.3000000119
32923  11.409  -44.474  -29.600 0.4000000060
33965  12.249  -43.742  -28.701 0.4000000060
33980  11.572  -43.749  -29.301 0.3000000119
33981  11.197  -43.058  -29.741 0.3000000119
131906  11.893  -41.816  -30.327 0.3000000119
35135  12.701  -41.729  -30.846 0.4000000060
36354  13.321  -41.394  -30.362 0.4000000060
36353  14.329  -41.526  -30.374 0.4000000060
32922  12.133  -44.521  -29.043 0.4000000060
36303  12.064  -41.817  -28.294 0.4000000060
33966  11.634  -42.949  -28.982 0.4000000060
35109  11.461  -42.253  -29.324 0.3000000119
135174  12.396  -41.425  -30.004 0.4000000060
37548  13.106  -40.497  -29.247 0.4000000060
37547  14.006  -40.214  -29.738 0.4000000060
36340  13.762  -40.903  -29.943 0.4000000060
130199  14.760  -40.815  -29.968 0.4000000060
36322  12.027  -41.069  -28.339 0.4000000060
37529  12.214  -40.495  -28.450 0.5000000000
139042  12.494  -40.461  -28.800 0.4000000060
125244  14.298  -39.444  -29.619 0.4000000060
37546  15.350  -40.277  -29.824 0.3000000119
38721  14.838  -39.154  -29.956 0.3000000119
26481  13.003  -49.799  -36.658 0.6999999881
27549  8.689  -49.175  -35.532 0.8000000119
28631  13.346  -47.685  -36.433 0.6000000238
129166  10.852  -47.335  -36.570 0.6999999881
29719  11.794  -47.378  -36.697 0.6999999881
29669  15.229  -47.838  -32.044 0.6000000238
26427  8.891  -50.177  -32.289 0.4000000060
27512  9.065  -49.460  -32.756 0.4000000060
29696  8.768  -47.925  -34.040 0.6999999881
29702  10.342  -47.042  -35.294 0.6999999881
29712  12.586  -46.953  -36.416 0.6999999881
26376  9.750  -51.355  -30.310 0.5000000000
30793  10.851  -46.633  -34.428 0.5000000000
30766  9.707  -47.083  -32.528 0.4000000060
32967  12.957  -44.581  -34.498 0.6000000238
31888  13.959  -44.670  -33.248 0.5000000000
32958  14.218  -44.068  -32.552 0.6000000238
126269  11.213  -46.149  -30.054 0.3000000119
24061  13.308  -51.456  -27.132 0.4000000060
33996  11.298  -43.059  -30.513 0.3000000119
35126  11.447  -42.280  -30.086 0.3000000119
36341  12.380  -40.981  -29.169 0.3000000119
128797  14.788  -39.864  -29.831 0.3000000119
23045  10.179  -53.060  -32.878 0.6000000238
23030  10.598  -53.446  -32.223 0.6000000238
21937  13.462  -54.664  -30.123 0.6000000238
21921  14.959  -54.316  -30.046 0.6000000238
23032  8.849  -53.953  -32.515 0.5000000000
23046  9.357  -53.204  -33.024 0.6000000238
24176  9.594  -52.051  -33.937 0.6999999881
24159  9.855  -52.645  -33.454 0.6999999881
23031  9.726  -53.640  -32.366 0.6000000238
24141  11.041  -52.889  -32.785 0.6000000238
23029  11.515  -53.270  -32.061 0.6000000238
23027  13.378  -52.924  -32.051 0.6000000238
23021  13.046  -53.460  -31.306 0.6000000238
23007  14.481  -53.621  -30.588 0.6000000238
23006  15.344  -53.561  -30.485 0.6000000238
125978  17.050  -53.445  -29.950 0.6999999881
23048  7.699  -53.225  -33.054 0.6000000238
24179  7.045  -51.870  -33.970 0.6999999881
23047  8.547  -53.290  -33.104 0.5000000000
24161  8.257  -52.662  -33.594 0.6999999881
24160  9.065  -52.701  -33.583 0.6999999881
25298  10.450  -52.122  -33.778 0.6999999881
132501  10.572  -52.617  -33.300 0.6999999881
24139  12.895  -52.624  -32.740 0.5000000000
23019  14.916  -53.079  -31.079 0.6000000238
23018  15.644  -52.965  -30.923 0.6000000238
23005  16.273  -53.357  -30.373 0.6999999881
123980  16.997  -52.590  -31.892 0.6999999881
24104  18.172  -52.718  -30.422 0.6999999881
24121  18.695  -52.196  -31.147 0.6999999881
25332  23.498  -51.693  -36.161 0.4000000060
124203  23.278  -50.939  -32.614 0.5000000000
26405  22.264  -51.220  -31.836 0.6000000238
25273  21.774  -51.774  -31.323 0.6000000238
24120  19.605  -52.087  -30.868 0.6999999881
25302  2.850  -51.057  -33.485 0.5000000000
25321  4.663  -51.102  -34.134 0.5000000000
129893  5.155  -50.694  -34.384 0.6000000238
136942  5.504  -52.030  -33.597 0.5000000000
25319  6.500  -51.135  -34.413 0.6999999881
25320  5.498  -51.374  -34.182 0.5000000000
24163  6.732  -52.377  -33.510 0.6000000238
25317  8.310  -51.302  -34.472 0.6999999881
24177  8.738  -52.011  -33.980 0.6999999881
25315  10.206  -51.401  -34.447 0.6999999881
24157  12.445  -52.220  -33.401 0.6999999881
24126  14.176  -52.704  -32.179 0.6000000238
24124  15.498  -52.738  -31.815 0.6000000238
135953  16.276  -52.559  -32.201 0.6999999881
24122  17.795  -52.380  -31.463 0.6999999881
25274  20.159  -51.577  -31.482 0.6000000238
119520  20.055  -51.190  -32.501 0.6000000238
26412  3.282  -50.503  -31.751 0.5000000000
119964  1.630  -50.305  -32.135 0.4000000060
133570  3.049  -49.714  -33.188 0.5000000000
26413  2.456  -50.118  -32.371 0.5000000000
26441  4.130  -50.730  -34.019 0.5000000000
133845  4.509  -49.358  -33.442 0.6000000238
27540  4.616  -49.566  -34.204 0.6000000238
27552  6.268  -49.149  -35.006 0.6999999881
27539  5.229  -49.857  -34.536 0.6000000238
26459  7.046  -50.447  -34.882 0.6999999881
25316  9.199  -51.352  -34.476 0.6999999881
24158  11.376  -52.292  -33.450 0.6999999881
24156  13.410  -52.224  -33.479 0.6999999881
24138  13.746  -52.528  -32.810 0.6999999881
134244  14.429  -52.478  -32.891 0.6999999881
24136  15.850  -52.361  -33.034 0.6999999881
24135  16.782  -52.284  -32.939 0.8000000119
24133  18.314  -51.935  -32.246 0.6999999881
26425  21.856  -50.536  -32.169 0.5000000000
25282  20.664  -51.223  -31.894 0.6000000238
25283  19.383  -51.251  -33.050 0.6000000238
24107  3.329  -51.859  -30.525 0.4000000060
26392  4.306  -50.750  -31.456 0.6000000238
27496  3.303  -49.891  -32.537 0.6000000238
27495  4.270  -49.710  -32.667 0.6000000238
28599  5.276  -48.953  -33.548 0.6000000238
28623  5.588  -48.694  -34.313 0.6000000238
26475  7.386  -49.742  -35.295 0.6999999881
26457  8.685  -50.635  -34.988 0.6999999881
26455  10.426  -50.760  -35.007 0.6999999881
25297  11.116  -51.630  -34.089 0.6999999881
26454  11.796  -50.823  -34.966 0.8000000119
25313  12.365  -51.185  -34.504 0.8000000119
24175  14.092  -51.853  -34.171 0.6000000238
130134  15.023  -51.894  -34.172 0.6000000238
25294  16.835  -51.522  -34.321 0.8000000119
24153  17.325  -51.786  -33.628 0.6999999881
27505  22.937  -49.440  -32.522 0.5000000000
26437  19.264  -50.623  -33.266 0.6999999881
115510  22.318  -49.925  -32.387 0.6000000238
24088  4.742  -52.446  -29.808 0.5000000000
136511  4.432  -52.950  -29.431 0.4000000060
22975  3.974  -54.092  -28.887 0.4000000060
25262  4.740  -51.325  -30.827 0.5000000000
25263  3.818  -51.279  -31.042 0.5000000000
26391  5.168  -50.835  -31.261 0.6000000238
27516  5.607  -49.396  -32.938 0.6000000238
28598  5.994  -48.797  -33.468 0.6000000238
27551  6.924  -49.062  -35.223 0.6999999881
26456  9.602  -50.619  -35.091 0.8000000119
26472  11.069  -50.412  -35.424 0.8000000119
26453  12.673  -50.569  -35.072 0.6000000238
25328  14.342  -50.707  -34.952 0.6000000238
24174  15.758  -51.579  -34.537 0.6999999881
25309  16.705  -51.342  -34.514 0.6999999881
27526  17.885  -50.515  -33.474 0.6999999881
26426  20.772  -50.699  -32.520 0.6000000238
122548  19.179  -49.184  -33.007 0.6000000238
27507  21.346  -49.900  -32.650 0.6000000238
123807  19.948  -48.840  -32.898 0.6000000238
24086  6.398  -52.191  -29.481 0.5000000000
133673  5.126  -52.921  -29.261 0.5000000000
22987  4.621  -53.521  -29.057 0.5000000000
133809  4.924  -54.942  -28.510 0.5000000000
25260  6.268  -51.367  -30.554 0.5000000000
25250  5.168  -51.880  -30.257 0.5000000000
27493  5.859  -50.003  -32.389 0.6000000238
26471  12.054  -50.365  -35.699 0.6999999881
26480  13.736  -49.979  -36.509 0.6000000238
26468  14.286  -50.296  -35.212 0.6000000238
26451  15.185  -50.714  -34.763 0.6000000238
26440  16.644  -50.935  -34.514 0.6999999881
27537  15.849  -50.413  -34.379 0.6000000238
26439  17.263  -51.009  -34.187 0.6000000238
27525  18.779  -50.092  -33.298 0.6999999881
28606  22.008  -48.427  -32.294 0.5000000000
28607  19.561  -48.381  -32.598 0.4000000060
24079  6.747  -52.675  -28.889 0.5000000000
118893  6.317  -53.393  -28.672 0.5000000000
118279  6.510  -55.201  -28.356 0.5000000000
20849  6.473  -56.133  -28.316 0.5000000000
19772  6.472  -57.016  -28.286 0.5000000000
18707  6.354  -57.955  -28.271 0.5000000000
120896  14.497  -49.063  -35.594 0.6000000238
28618  15.318  -49.326  -34.184 0.6000000238
27528  15.995  -49.851  -33.505 0.4000000060
27509  17.439  -50.093  -32.856 0.5000000000
28592  17.815  -49.359  -32.237 0.4000000060
29693  19.365  -48.057  -32.297 0.4000000060
28608  18.769  -48.705  -32.466 0.5000000000
22973  7.145  -53.353  -28.557 0.6000000238
21908  6.663  -54.185  -28.421 0.5000000000
21903  7.443  -54.982  -28.186 0.5000000000
20841  7.348  -55.887  -28.092 0.5000000000
18696  7.430  -57.758  -27.923 0.5000000000
123715  7.607  -58.558  -27.484 0.5000000000
17617  7.387  -59.130  -27.136 0.4000000060
15659  6.572  -60.159  -26.393 0.5000000000
15660  5.739  -60.917  -26.347 0.4000000060
15661  4.592  -61.152  -26.071 0.4000000060
14650  3.955  -61.453  -26.761 0.4000000060
28609  15.326  -49.083  -33.101 0.6000000238
27511  15.821  -49.527  -32.328 0.4000000060
27488  17.037  -49.805  -32.005 0.4000000060
29680  18.968  -48.173  -31.848 0.4000000060
21907  7.666  -54.115  -28.307 0.5000000000
20840  8.195  -55.686  -27.750 0.4000000060
19764  8.138  -56.556  -27.609 0.4000000060
18695  8.212  -58.004  -27.251 0.5000000000
17597  7.482  -58.463  -25.641 0.4000000060
16581  6.617  -59.609  -25.636 0.5000000000
17598  6.755  -58.926  -25.114 0.4000000060
17590  5.117  -58.596  -24.358 0.5000000000
16582  5.873  -60.199  -25.520 0.5000000000
18670  4.100  -58.577  -24.706 0.3000000119
122361  3.761  -59.458  -24.891 0.3000000119
16585  2.852  -59.618  -25.384 0.3000000119
28575  16.270  -48.908  -31.053 0.4000000060
21902  8.291  -54.828  -27.913 0.5000000000
19763  8.697  -56.250  -27.119 0.5000000000
18680  8.653  -57.220  -27.003 0.4000000060
123212  9.343  -53.936  -27.916 0.4000000060
20838  9.425  -55.160  -26.906 0.4000000060
20831  8.978  -55.752  -26.618 0.4000000060
19734  8.676  -56.432  -25.299 0.4000000060
21900  9.754  -54.490  -27.245 0.4000000060
20830  9.393  -55.404  -26.053 0.4000000060
20816  8.907  -55.903  -25.872 0.4000000060
21899  10.314  -54.241  -26.925 0.4000000060
20815  9.349  -55.725  -25.223 0.4000000060
126097  8.374  -56.439  -24.479 0.4000000060
19725  7.619  -56.464  -23.965 0.4000000060
21882  9.828  -55.138  -25.517 0.4000000060
22962  10.731  -53.680  -27.073 0.3000000119
20793  9.596  -55.034  -24.233 0.4000000060
115175  8.413  -55.271  -23.672 0.4000000060
20796  7.256  -55.645  -23.598 0.4000000060
118194  11.410  -53.415  -26.345 0.4000000060
20802  6.465  -55.381  -23.761 0.4000000060
21870  6.198  -54.428  -24.064 0.4000000060
22952  12.283  -52.956  -25.894 0.3000000119
22942  11.203  -53.971  -25.500 0.4000000060
21869  10.326  -54.564  -24.409 0.4000000060
21861  9.703  -54.377  -23.786 0.4000000060
118370  8.356  -54.478  -23.517 0.4000000060
22924  7.593  -54.213  -23.601 0.4000000060
24007  8.243  -53.471  -23.614 0.3000000119
26479  14.129  -49.973  -36.189 0.6000000238
26390  5.996  -50.936  -31.153 0.5000000000
27489  16.389  -49.574  -31.693 0.4000000060
23009  12.811  -54.088  -30.638 0.6000000238
24105  17.168  -52.868  -30.671 0.6999999881
24134  17.556  -52.192  -32.611 0.6999999881
25290  23.567  -51.460  -33.180 0.5000000000
26423  23.296  -50.118  -32.829 0.5000000000
24117  22.980  -52.068  -32.107 0.5000000000
26424  22.800  -50.513  -32.301 0.4000000060
25281  21.397  -51.176  -31.810 0.6000000238
26443  2.381  -49.976  -33.154 0.5000000000
25295  13.037  -51.642  -34.085 0.6999999881
131598  19.979  -50.854  -33.056 0.6000000238
28624  5.035  -48.974  -34.289 0.6000000238
24155  14.284  -52.238  -33.531 0.6999999881
24154  15.823  -51.913  -34.096 0.8000000119
25284  18.665  -51.607  -33.010 0.6999999881
24089  3.787  -52.577  -29.834 0.4000000060
122586  13.101  -51.020  -34.649 0.6000000238
25311  14.843  -51.443  -34.588 0.6000000238
25292  18.012  -51.427  -33.522 0.6999999881
28590  22.728  -48.667  -32.412 0.5000000000
28589  23.175  -48.570  -32.796 0.5000000000
26438  18.145  -50.884  -33.614 0.6999999881
26436  20.259  -50.244  -33.069 0.6000000238
26452  13.557  -50.534  -35.164 0.6999999881
25310  15.354  -51.143  -34.746 0.6999999881
26450  16.082  -51.102  -34.691 0.6999999881
27508  18.374  -49.638  -32.966 0.6000000238
27523  20.533  -49.378  -32.891 0.6000000238
131797  20.182  -48.107  -32.581 0.6000000238
22986  5.932  -52.818  -29.077 0.5000000000
21909  5.695  -54.499  -28.512 0.5000000000
20850  5.525  -55.592  -28.432 0.4000000060
120230  14.714  -49.809  -34.910 0.6000000238
27527  16.894  -50.481  -33.854 0.6000000238
15673  5.073  -61.477  -26.889 0.3000000119
27510  16.573  -50.016  -32.620 0.5000000000
28591  18.192  -48.767  -31.557 0.4000000060
17606  7.629  -58.675  -26.628 0.5000000000
130335  5.177  -60.008  -24.994 0.4000000060
15651  3.183  -60.499  -25.629 0.4000000060
22953  10.689  -54.119  -26.229 0.4000000060
20799  9.886  -55.164  -24.894 0.4000000060
117795  28.365  -62.358  -43.661 0.3000000119
14852  28.725  -61.887  -43.256 0.3000000119
118270  21.659  -55.937  -37.479 0.4000000060
127091  22.024  -55.503  -39.608 0.4000000060
20990  21.845  -56.378  -39.778 0.4000000060
139216  22.282  -57.050  -40.953 0.4000000060
20931  22.070  -55.234  -35.928 0.4000000060
20932  21.248  -55.664  -35.659 0.4000000060
20921  21.297  -55.507  -34.681 0.4000000060
20909  21.509  -55.325  -33.456 0.5000000000
20910  20.529  -55.673  -33.178 0.5000000000
20886  20.328  -55.511  -31.367 0.5000000000
22013  22.524  -54.691  -38.019 0.4000000060
129350  22.229  -55.202  -37.519 0.5000000000
20941  21.393  -55.812  -36.526 0.5000000000
20887  19.620  -55.761  -31.072 0.5000000000
22033  22.240  -54.877  -38.999 0.5000000000
20958  22.041  -55.518  -38.235 0.5000000000
22048  22.364  -54.813  -39.962 0.5000000000
119426  22.160  -55.675  -40.359 0.4000000060
19922  22.516  -56.692  -41.411 0.4000000060
18889  22.706  -57.088  -41.377 0.4000000060
18888  23.337  -56.951  -41.931 0.4000000060
18886  25.022  -57.320  -41.360 0.3000000119
130081  26.404  -57.616  -40.113 0.4000000060
23078  23.209  -53.108  -36.526 0.4000000060
21984  23.168  -53.927  -34.293 0.4000000060
21975  23.141  -53.851  -33.508 0.4000000060
23089  23.073  -53.150  -37.373 0.4000000060
21993  22.637  -54.458  -36.144 0.4000000060
21992  23.008  -54.099  -35.208 0.4000000060
21976  22.758  -54.421  -33.747 0.4000000060
21977  22.330  -54.811  -33.282 0.5000000000
20897  21.267  -55.334  -32.368 0.5000000000
23090  22.900  -53.903  -37.706 0.4000000060
22000  22.557  -54.539  -37.137 0.4000000060
20940  22.140  -55.222  -36.786 0.4000000060
21945  22.387  -54.174  -31.795 0.5000000000
21946  21.612  -54.772  -31.505 0.5000000000
20872  20.093  -55.101  -30.578 0.5000000000
21934  19.652  -54.328  -29.931 0.6000000238
21917  18.782  -53.943  -29.590 0.6000000238
20861  18.128  -55.173  -29.577 0.6000000238
24103  19.092  -52.652  -30.229 0.6000000238
23002  19.443  -53.344  -29.841 0.6000000238
21918  17.999  -54.474  -29.483 0.5000000000
132019  22.964  -56.691  -41.971 0.4000000060
21920  15.851  -54.113  -29.927 0.5000000000
134980  24.769  -57.247  -42.357 0.4000000060
117636  25.648  -57.339  -42.182 0.4000000060
122973  26.032  -57.389  -41.048 0.4000000060
23056  23.468  -53.170  -33.808 0.4000000060
23026  23.195  -52.931  -32.675 0.5000000000
23016  22.830  -53.364  -32.211 0.5000000000
23017  22.258  -53.338  -31.387 0.5000000000
21933  20.465  -54.428  -30.438 0.5000000000
24100  21.273  -52.301  -30.812 0.5000000000
23001  20.451  -53.526  -30.199 0.6000000238
24119  20.476  -52.115  -30.708 0.6000000238
24102  19.993  -52.661  -30.184 0.6000000238
12857  27.311  -63.468  -43.940 0.3000000119
14837  29.261  -61.511  -42.669 0.3000000119
17781  29.109  -57.966  -40.404 0.3000000119
123031  23.088  -52.577  -37.070 0.4000000060
24195  23.381  -52.439  -36.378 0.4000000060
24184  23.578  -52.401  -35.462 0.4000000060
23065  23.423  -53.259  -34.968 0.4000000060
24172  23.597  -52.309  -33.543 0.4000000060
24132  22.610  -52.644  -31.760 0.5000000000
24131  23.364  -52.283  -32.739 0.4000000060
24118  22.022  -52.523  -31.182 0.5000000000
22983  18.145  -53.764  -29.572 0.6000000238
22985  16.670  -54.006  -29.684 0.5000000000
128318  23.637  -52.405  -34.472 0.4000000060
21985  22.634  -54.566  -34.626 0.4000000060
20873  19.286  -55.292  -30.274 0.5000000000
18844  28.253  -57.759  -40.197 0.3000000119
21957  22.783  -54.192  -32.805 0.5000000000
117992  21.906  -53.996  -31.099 0.5000000000
23000  21.458  -53.221  -30.722 0.6000000238
35136  12.105  -42.476  -30.981 0.3000000119
12872  27.548  -62.682  -44.069 0.3000000119
15649  4.983  -60.588  -25.467 0.4000000060
15650  4.046  -60.639  -25.461 0.4000000060
15662  3.706  -61.015  -26.021 0.4000000060
15672  5.895  -61.231  -27.278 0.3000000119
16583  4.352  -60.101  -24.966 0.3000000119
16584  3.602  -60.108  -25.158 0.3000000119
16593  7.134  -59.449  -26.467 0.4000000060
16601  7.017  -59.728  -27.230 0.4000000060
17599  4.719  -59.413  -24.653 0.4000000060
17607  7.190  -59.083  -25.865 0.5000000000
18865  25.431  -57.499  -40.301 0.3000000119
18887  24.052  -57.222  -41.744 0.4000000060
19724  8.939  -56.012  -24.611 0.4000000060
19735  8.036  -56.986  -24.822 0.4000000060
19750  8.654  -56.428  -26.324 0.4000000060
19765  7.325  -56.770  -27.981 0.5000000000
19893  21.966  -57.070  -40.269 0.4000000060
19904  22.133  -56.566  -40.708 0.4000000060
20794  8.994  -55.477  -24.092 0.4000000060
20795  7.901  -55.711  -23.671 0.4000000060
20800  9.397  -55.533  -24.625 0.4000000060
20801  8.399  -55.947  -24.007 0.4000000060
20839  8.833  -55.422  -27.316 0.5000000000
20862  17.486  -55.218  -29.453 0.5000000000
20874  18.527  -55.587  -29.993 0.6000000238
20885  20.958  -55.305  -31.640 0.5000000000
20888  18.887  -56.032  -30.766 0.5000000000
20898  20.470  -55.666  -32.221 0.5000000000
20908  22.174  -55.037  -34.117 0.4000000060
20920  22.050  -55.185  -35.058 0.4000000060
21023  22.716  -56.164  -41.955 0.4000000060
21862  9.040  -54.801  -23.681 0.4000000060
21863  7.763  -55.048  -23.513 0.4000000060
21864  7.026  -54.800  -23.625 0.4000000060
21868  11.078  -54.210  -24.761 0.4000000060
21881  10.501  -54.649  -25.352 0.4000000060
21891  10.010  -54.776  -26.306 0.4000000060
21901  9.042  -54.671  -27.594 0.4000000060
21919  17.131  -54.616  -29.419 0.5000000000
21932  21.171  -54.177  -30.751 0.5000000000
21935  18.742  -54.773  -29.706 0.6000000238
21936  14.150  -54.213  -30.223 0.6000000238
21947  20.838  -54.954  -30.966 0.5000000000
21958  22.107  -54.873  -32.457 0.5000000000
22925  6.900  -54.054  -23.852 0.4000000060
22961  11.240  -53.084  -27.396 0.3000000119
22972  8.856  -53.291  -28.367 0.5000000000
22974  5.490  -53.582  -28.779 0.5000000000
22984  17.471  -53.919  -29.562 0.6000000238
22988  3.845  -53.377  -29.307 0.4000000060
23003  18.586  -53.248  -29.780 0.6999999881
23004  17.765  -53.281  -29.868 0.6999999881
23008  13.634  -53.773  -30.639 0.6000000238
23020  14.013  -53.094  -31.284 0.6000000238
23028  12.468  -53.124  -32.010 0.6000000238
23044  23.212  -53.415  -32.997 0.5000000000
23066  23.184  -53.637  -35.879 0.4000000060
23079  22.905  -53.798  -36.775 0.4000000060
24062  12.584  -52.102  -27.399 0.4000000060
24074  11.332  -52.191  -28.583 0.4000000060
24077  8.438  -52.693  -28.735 0.5000000000
24078  7.587  -52.641  -28.796 0.6000000238
24087  5.569  -52.341  -29.659 0.5000000000
24101  20.740  -52.729  -30.430 0.5000000000
24106  4.280  -51.895  -30.363 0.5000000000
24123  16.283  -52.743  -31.236 0.6000000238
24125  14.695  -52.836  -31.754 0.6000000238
24137  14.945  -52.591  -32.522 0.6000000238
24140  11.951  -52.672  -32.698 0.6000000238
24152  18.005  -51.832  -33.105 0.6999999881
24162  7.442  -52.523  -33.542 0.6000000238
24173  16.385  -51.568  -34.473 0.6999999881
24178  7.889  -51.946  -33.984 0.6999999881
25234  10.000  -52.114  -29.239 0.5000000000
25243  11.253  -51.085  -29.591 0.4000000060
25245  9.463  -51.852  -29.795 0.5000000000
25247  7.708  -51.784  -29.782 0.5000000000
25249  5.989  -51.764  -30.085 0.5000000000
25259  7.474  -51.469  -30.381 0.5000000000
25261  5.574  -51.344  -30.677 0.5000000000
25272  22.475  -51.932  -31.647 0.5000000000
25275  19.239  -51.574  -31.990 0.6000000238
25279  23.260  -51.619  -32.504 0.5000000000
25280  22.870  -51.384  -32.144 0.5000000000
25291  18.693  -51.176  -33.315 0.6999999881
25293  17.310  -51.295  -34.082 0.6999999881
25296  11.997  -51.658  -33.915 0.6999999881
25299  6.209  -51.917  -33.848 0.5000000000
25300  4.779  -51.768  -33.643 0.5000000000
25301  3.875  -51.360  -33.647 0.5000000000
25312  13.864  -51.250  -34.643 0.6000000238
25314  11.652  -51.282  -34.420 0.8000000119
25318  7.450  -51.220  -34.444 0.6999999881
26361  13.171  -49.941  -27.921 0.3000000119
26362  12.636  -50.135  -28.691 0.4000000060
26374  11.571  -50.210  -29.992 0.4000000060
26385  10.873  -50.170  -30.590 0.4000000060
26386  10.257  -50.228  -31.138 0.5000000000
26406  9.635  -50.257  -31.726 0.4000000060
26407  8.295  -50.742  -31.672 0.4000000060
26409  6.477  -50.472  -31.887 0.6000000238
26410  5.575  -50.417  -31.803 0.6000000238
26411  4.749  -50.323  -31.936 0.6000000238
26430  1.909  -50.067  -32.749 0.5000000000
26442  3.496  -50.570  -33.719 0.5000000000
26449  23.688  -50.825  -33.936 0.5000000000
26458  7.848  -50.554  -34.969 0.6999999881
26460  5.798  -50.547  -34.566 0.6000000238
26461  4.619  -50.357  -34.259 0.6000000238
26462  4.015  -50.102  -33.977 0.5000000000
26469  13.922  -50.311  -35.900 0.6999999881
26470  13.124  -50.329  -36.145 0.6000000238
26474  8.203  -49.840  -35.352 0.6999999881
26476  6.649  -49.681  -35.123 0.6999999881
27463  12.329  -49.246  -29.047 0.4000000060
27490  15.814  -49.198  -31.669 0.4000000060
27494  5.171  -49.875  -32.443 0.6000000238
27497  2.631  -49.713  -32.976 0.5000000000
27506  22.230  -49.210  -32.363 0.6000000238
27513  8.345  -49.533  -32.875 0.5000000000
27517  3.516  -49.566  -33.074 0.5000000000
27524  19.650  -49.716  -33.197 0.6000000238
27529  4.578  -49.290  -33.883 0.6000000238
27530  3.835  -49.644  -33.428 0.5000000000
27531  3.336  -49.924  -33.533 0.5000000000
27538  5.982  -49.719  -34.825 0.6000000238
27541  4.070  -49.735  -33.793 0.6000000238
27545  14.379  -49.608  -35.923 0.6000000238
27546  12.211  -49.808  -36.356 0.6999999881
27550  7.780  -49.083  -35.413 0.6999999881
27553  5.586  -49.055  -34.685 0.6000000238
27554  5.082  -49.269  -34.450 0.6000000238
27559  13.324  -49.202  -36.698 0.6999999881
27560  12.349  -49.055  -36.780 0.6000000238
27561  11.378  -49.089  -36.505 0.8000000119
28574  17.195  -49.285  -31.235 0.4000000060
28576  15.626  -48.590  -31.564 0.5000000000
28594  9.517  -48.910  -32.860 0.4000000060
28596  7.845  -48.783  -33.411 0.6000000238
28611  7.361  -48.279  -33.910 0.6999999881
28612  6.403  -48.395  -33.895 0.6999999881
28613  5.659  -48.509  -33.947 0.6000000238
28614  5.027  -48.791  -33.999 0.6000000238
28620  8.170  -48.296  -34.920 0.8000000119
28622  6.106  -48.488  -34.284 0.6000000238
28630  14.037  -47.874  -36.203 0.6000000238
28638  14.281  -48.803  -36.150 0.6999999881
28641  11.544  -48.159  -36.757 0.8000000119
29628  12.872  -47.691  -28.641 0.3000000119
29640  11.495  -47.777  -29.752 0.4000000060
29667  18.651  -48.323  -30.843 0.4000000060
29681  15.022  -48.159  -32.912 0.6000000238
29695  9.357  -47.650  -34.103 0.6000000238
29700  13.498  -46.179  -35.461 0.6000000238
29703  9.593  -47.625  -35.008 0.6999999881
29704  8.822  -48.010  -34.618 0.6999999881
29705  8.122  -48.103  -34.271 0.8000000119
30731  12.647  -46.888  -29.039 0.4000000060
30762  16.086  -47.045  -30.967 0.5000000000
30775  15.101  -46.899  -32.333 0.5000000000
30799  12.964  -46.254  -35.989 0.5000000000
31855  11.136  -45.165  -30.015 0.5000000000
31865  16.398  -45.286  -30.426 0.5000000000
31879  15.198  -45.247  -31.750 0.5000000000
31898  12.447  -44.684  -34.231 0.4000000060
31905  12.817  -45.037  -34.981 0.5000000000
32939  10.373  -44.007  -30.780 0.3000000119
32954  13.645  -43.207  -32.439 0.6000000238
33947  12.377  -42.812  -28.320 0.4000000060
34003  13.097  -42.591  -32.246 0.4000000060
35094  11.721  -42.249  -28.751 0.4000000060
36323  11.756  -41.667  -28.852 0.4000000060
36342  11.783  -41.630  -29.534 0.3000000119
38720  15.488  -39.448  -29.947 0.3000000119
38722  13.483  -39.777  -29.035 0.4000000060
39852  15.318  -38.592  -30.022 0.3000000119
116034  8.644  -51.171  -31.001 0.5000000000
116277  4.808  -54.229  -28.700 0.5000000000
117105  12.973  -41.032  -29.728 0.4000000060
117228  8.099  -57.321  -27.549 0.4000000060
118038  10.601  -46.853  -36.200 0.6999999881
118065  16.561  -51.933  -33.831 0.8000000119
119797  10.292  -44.696  -31.830 0.4000000060
119922  7.364  -48.611  -35.037 0.6999999881
121993  5.007  -49.390  -32.982 0.6000000238
122199  12.057  -41.216  -28.809 0.5000000000
122969  6.334  -48.760  -34.759 0.6000000238
123315  10.952  -47.114  -30.154 0.4000000060
123499  23.428  -52.987  -35.818 0.4000000060
124669  15.059  -52.273  -33.421 0.6000000238
125058  16.213  -51.464  -34.581 0.6999999881
125266  20.966  -51.652  -31.246 0.6000000238
125403  8.934  -49.975  -35.363 0.8999999762
126816  10.069  -53.808  -27.555 0.5000000000
127411  26.717  -58.158  -39.665 0.4000000060
127600  11.004  -43.790  -29.772 0.3000000119
128200  21.384  -49.065  -32.549 0.6000000238
128438  11.035  -51.060  -34.703 0.8000000119
128867  2.825  -51.153  -31.204 0.5000000000
129074  12.766  -46.010  -29.029 0.3000000119
129087  10.237  -50.215  -35.464 0.8000000119
129154  11.785  -53.522  -25.511 0.4000000060
129358  7.164  -58.464  -27.990 0.5000000000
129383  6.404  -50.314  -34.791 0.6000000238
130004  2.773  -50.350  -33.461 0.5000000000
130132  9.542  -47.656  -33.073 0.5000000000
130939  12.608  -39.988  -28.585 0.4000000060
131265  23.007  -52.665  -32.290 0.5000000000
131544  23.427  -52.844  -33.131 0.5000000000
131902  23.525  -56.623  -42.489 0.4000000060
132965  22.496  -54.703  -35.382 0.4000000060
133614  3.981  -50.256  -32.086 0.6000000238
134817  5.828  -59.420  -24.807 0.5000000000
135917  13.065  -52.038  -26.876 0.4000000060
135938  6.024  -53.894  -28.548 0.5000000000
136192  12.210  -42.953  -32.207 0.4000000060
136980  13.268  -47.698  -28.300 0.3000000119
137586  23.116  -56.349  -42.379 0.4000000060
137968  10.259  -52.827  -28.325 0.5000000000
138342  2.340  -50.501  -31.750 0.5000000000
