#!ascii label  , from subject sub-v1s12x0050109_ses-1 vox2ras=TkReg
1739
31732  18.461  -45.508  -22.532 0.8999999762
30621  18.110  -46.222  -22.958 0.8000000119
30633  18.154  -46.108  -23.793 0.8000000119
29577  17.316  -46.915  -24.877 0.6999999881
30675  17.517  -46.253  -24.948 0.8000000119
31733  17.706  -45.913  -22.337 0.8999999762
31731  18.987  -45.213  -22.959 1.0000000000
32831  18.855  -44.954  -23.695 1.0000000000
31781  18.426  -45.518  -23.995 0.8999999762
31782  17.974  -45.769  -24.581 0.8000000119
32870  17.076  -44.981  -25.544 0.8000000119
127895  17.791  -45.094  -25.010 0.8999999762
31800  16.934  -45.677  -25.758 0.8000000119
136524  16.638  -44.605  -25.890 0.6999999881
32881  15.779  -44.848  -26.615 0.6999999881
31723  16.426  -45.367  -21.927 0.8000000119
31721  18.033  -45.289  -21.955 0.8999999762
32798  17.569  -44.776  -21.604 0.8999999762
33861  16.905  -44.205  -21.436 0.8999999762
32813  15.252  -44.349  -22.274 0.8999999762
121068  19.493  -44.138  -22.335 0.8999999762
33887  19.806  -43.732  -23.001 1.0000000000
32851  18.701  -44.351  -24.348 0.8999999762
35047  19.199  -42.777  -24.531 1.0000000000
35063  18.418  -43.185  -24.861 0.8999999762
33924  17.692  -43.703  -25.113 0.8999999762
33925  16.878  -44.074  -25.573 0.8000000119
33859  18.703  -43.838  -21.473 0.8999999762
125506  18.215  -43.320  -21.066 0.8999999762
118676  16.968  -43.523  -21.192 0.8999999762
125117  16.259  -43.551  -21.425 0.8999999762
33873  15.517  -43.573  -21.888 0.8999999762
32796  19.074  -44.258  -21.899 0.8999999762
33886  20.123  -42.905  -23.375 1.0000000000
35064  17.599  -42.638  -25.165 0.8000000119
126527  16.964  -43.247  -25.361 0.8000000119
35066  15.688  -42.517  -25.829 0.8000000119
35077  14.877  -42.609  -26.210 0.8000000119
129366  14.436  -42.053  -26.328 0.8000000119
35001  17.437  -43.074  -20.918 0.8999999762
35003  15.643  -42.693  -21.347 0.8999999762
35004  14.741  -42.276  -21.524 0.8999999762
35000  18.938  -43.071  -21.131 0.8999999762
36213  15.300  -41.773  -20.952 0.8999999762
33875  13.284  -42.957  -22.553 0.8000000119
33858  19.528  -43.585  -21.703 0.8999999762
37421  14.919  -41.007  -20.466 0.6999999881
35005  13.849  -42.037  -21.495 0.6999999881
36215  13.060  -41.711  -21.551 0.6999999881
35011  20.586  -42.447  -21.992 0.8999999762
126383  12.837  -41.147  -20.874 0.6999999881
132803  11.841  -40.777  -21.838 0.6999999881
36226  20.884  -41.715  -22.294 1.0000000000
124637  12.507  -39.634  -21.476 0.6000000238
35028  20.527  -42.315  -22.867 1.0000000000
35045  20.199  -42.056  -23.764 1.0000000000
35046  19.770  -42.658  -23.990 1.0000000000
127760  18.967  -41.845  -24.624 1.0000000000
36271  18.462  -42.442  -24.882 0.8999999762
36258  19.736  -41.532  -24.265 1.0000000000
36272  17.990  -41.735  -24.976 0.8000000119
36273  17.042  -41.675  -25.299 0.8000000119
36274  16.109  -41.646  -25.658 0.8000000119
126478  15.645  -40.840  -25.719 0.8000000119
36282  15.097  -41.678  -25.982 0.8000000119
37492  14.785  -40.695  -26.017 0.8000000119
37480  14.481  -39.755  -26.148 0.8000000119
34990  18.132  -42.560  -20.603 0.8999999762
35002  16.559  -42.854  -20.992 0.8999999762
119739  18.490  -41.913  -20.191 0.8999999762
36199  17.667  -41.715  -20.139 0.8999999762
36212  16.169  -42.040  -20.723 0.8999999762
36200  15.851  -41.183  -20.420 0.8999999762
34999  19.773  -42.752  -21.221 0.8999999762
36214  13.511  -41.429  -20.819 0.6999999881
36211  20.835  -41.779  -21.498 0.8999999762
37415  14.512  -39.953  -20.439 0.6000000238
37423  12.669  -40.360  -21.109 0.6000000238
36210  21.308  -41.150  -21.706 1.0000000000
38595  12.578  -38.883  -21.606 0.5000000000
36243  20.695  -41.473  -23.170 1.0000000000
39734  12.770  -37.946  -21.753 0.5000000000
37447  20.860  -40.643  -23.361 1.0000000000
37462  20.357  -41.105  -23.905 1.0000000000
37448  20.391  -40.144  -23.946 1.0000000000
117286  19.132  -41.108  -24.450 1.0000000000
36259  18.389  -41.023  -24.681 0.8999999762
37465  18.012  -40.221  -24.606 0.8999999762
37466  17.264  -39.998  -24.917 0.8000000119
125625  16.550  -40.787  -25.398 0.8000000119
38636  17.725  -39.406  -24.562 0.8999999762
38637  16.846  -39.177  -24.876 0.8000000119
129646  17.493  -38.600  -24.496 0.8999999762
38651  15.901  -39.396  -25.331 0.8000000119
39782  15.446  -38.512  -25.724 0.8000000119
40845  16.206  -37.274  -25.829 0.8000000119
40846  15.582  -37.660  -26.116 0.8000000119
118587  16.744  -41.434  -20.262 0.8999999762
36198  19.220  -41.678  -20.065 0.8999999762
36179  19.231  -41.144  -19.540 0.8999999762
37414  15.525  -40.308  -20.144 0.6999999881
36196  21.216  -41.174  -20.843 0.8999999762
37396  20.510  -40.705  -19.780 0.8999999762
139055  14.322  -39.387  -20.514 0.6999999881
38594  13.143  -39.423  -21.099 0.6000000238
120624  13.180  -38.592  -21.371 0.6000000238
38584  14.549  -38.774  -20.450 0.6999999881
39732  14.108  -38.063  -20.918 0.6000000238
39733  13.558  -37.977  -21.338 0.5000000000
36225  21.185  -40.954  -22.599 1.0000000000
40798  14.100  -37.183  -21.259 0.5000000000
41838  13.433  -36.461  -21.613 0.5000000000
37446  21.337  -40.147  -22.872 1.0000000000
124594  20.945  -39.953  -23.416 1.0000000000
38618  20.692  -39.483  -23.625 1.0000000000
38634  19.480  -39.837  -24.240 1.0000000000
115554  18.573  -39.609  -24.378 0.8999999762
39751  21.263  -38.374  -23.257 1.0000000000
38619  20.027  -39.235  -23.923 0.8999999762
38620  19.140  -38.990  -24.124 0.8999999762
38635  18.279  -38.817  -24.283 0.8999999762
136562  19.049  -37.848  -23.786 0.8999999762
39764  18.042  -38.063  -24.201 0.8999999762
40828  17.381  -37.000  -24.861 0.8999999762
40829  16.664  -37.659  -25.114 0.8999999762
40819  18.589  -37.597  -23.942 0.8999999762
40827  17.976  -37.293  -24.313 0.8999999762
40844  16.810  -36.725  -25.539 0.8999999762
37411  18.359  -41.201  -19.645 0.8999999762
37412  17.341  -40.864  -19.778 0.8999999762
37400  17.052  -39.929  -19.574 0.8999999762
37399  17.914  -40.281  -19.252 0.8999999762
38582  16.166  -39.676  -19.766 0.8000000119
37397  19.750  -40.742  -19.271 0.8999999762
38583  15.326  -39.351  -20.041 0.6999999881
37420  21.702  -40.518  -21.141 0.8999999762
135602  21.086  -40.756  -20.221 0.8999999762
39722  15.359  -38.566  -19.997 0.6999999881
40790  14.665  -37.642  -20.663 0.6999999881
38592  22.061  -39.805  -21.522 1.0000000000
41837  14.190  -35.973  -21.030 0.5000000000
129933  13.557  -35.508  -21.634 0.5000000000
120995  21.859  -39.559  -22.437 1.0000000000
131988  22.088  -38.627  -22.741 1.0000000000
40808  22.590  -37.796  -22.555 1.0000000000
124643  20.507  -38.082  -23.470 1.0000000000
40809  21.802  -37.756  -23.077 1.0000000000
41848  22.163  -36.988  -22.911 1.0000000000
40818  20.135  -37.478  -23.506 0.8999999762
136721  19.287  -37.286  -23.692 0.8999999762
41858  19.239  -36.390  -23.725 0.8999999762
44892  18.181  -33.368  -29.600 0.6999999881
44893  17.423  -33.509  -29.064 0.8000000119
44894  16.494  -33.891  -28.493 0.8000000119
115928  20.326  -40.173  -19.008 0.8999999762
38549  19.973  -39.630  -18.280 1.0000000000
38571  18.487  -39.747  -18.818 1.0000000000
39709  17.912  -38.314  -18.663 1.0000000000
39710  17.180  -38.315  -19.056 0.6999999881
39721  15.950  -38.812  -19.663 0.6999999881
38581  22.095  -39.882  -20.656 0.8999999762
119040  21.214  -40.082  -19.590 0.8999999762
40789  15.203  -37.886  -20.143 0.6999999881
41830  14.819  -36.720  -20.805 0.6000000238
38606  22.403  -39.047  -21.949 1.0000000000
38591  22.471  -39.254  -21.035 0.8999999762
38568  22.018  -39.699  -19.889 0.8999999762
39742  22.696  -38.378  -22.209 1.0000000000
42857  21.546  -36.256  -23.137 1.0000000000
41856  20.735  -36.407  -23.358 1.0000000000
44839  15.668  -33.428  -26.289 0.8999999762
44890  20.129  -33.336  -29.109 0.6000000238
45854  18.887  -32.882  -29.553 0.6000000238
45855  18.132  -32.605  -29.044 0.8000000119
44874  17.061  -33.103  -28.247 0.8000000119
43884  16.063  -34.206  -28.022 0.8999999762
125450  16.095  -33.652  -27.183 0.8999999762
39707  21.685  -39.202  -19.179 0.8999999762
38569  20.843  -39.471  -18.753 0.8999999762
40777  17.491  -37.545  -18.754 0.8000000119
40779  16.227  -37.527  -19.431 0.6999999881
41819  15.710  -37.115  -19.802 0.6999999881
42829  15.492  -35.335  -20.135 0.6000000238
43802  14.482  -34.481  -21.071 0.4000000060
39731  22.818  -38.541  -21.455 1.0000000000
39720  22.752  -38.688  -20.534 0.8999999762
40797  23.168  -37.871  -21.955 1.0000000000
41835  23.091  -36.946  -22.366 1.0000000000
42848  22.456  -36.153  -22.808 1.0000000000
120360  21.718  -35.427  -22.972 1.0000000000
43807  21.249  -34.014  -22.793 1.0000000000
129983  16.526  -33.557  -25.901 0.8999999762
44823  15.810  -33.148  -25.473 0.8999999762
44876  15.461  -32.903  -27.162 0.8999999762
44853  15.187  -33.135  -26.661 0.8999999762
44852  20.916  -33.113  -27.303 0.6000000238
44873  20.596  -33.360  -28.231 0.6000000238
45853  19.680  -32.643  -29.261 0.6000000238
45835  18.673  -31.897  -28.571 0.8000000119
45836  17.577  -32.290  -28.110 0.8000000119
44875  16.140  -33.394  -27.779 0.8999999762
39693  19.651  -38.864  -17.956 0.8999999762
126411  18.344  -38.982  -18.624 0.8999999762
40767  18.239  -37.485  -18.355 0.6999999881
135352  19.505  -38.130  -17.829 0.8999999762
40766  19.055  -37.469  -17.932 0.8999999762
41818  16.449  -36.787  -19.297 0.6000000238
39706  22.474  -38.858  -19.667 1.0000000000
39691  22.105  -38.426  -18.863 1.0000000000
39708  21.198  -38.600  -18.419 1.0000000000
128505  16.585  -35.990  -19.238 0.6000000238
41828  15.945  -36.130  -19.682 0.6000000238
43791  15.919  -34.810  -19.990 0.5000000000
40788  23.188  -37.982  -20.946 1.0000000000
40776  23.015  -38.109  -19.975 1.0000000000
40775  23.437  -37.323  -20.314 1.0000000000
40787  23.494  -37.189  -21.401 1.0000000000
41834  23.760  -36.338  -21.867 1.0000000000
42847  23.242  -36.050  -22.415 1.0000000000
124130  22.693  -35.242  -22.519 1.0000000000
44782  21.884  -33.776  -22.538 1.0000000000
44799  20.622  -33.766  -23.198 1.0000000000
44800  19.847  -33.445  -23.665 1.0000000000
43830  19.608  -34.056  -24.134 1.0000000000
133107  19.312  -32.757  -23.908 1.0000000000
45777  18.593  -32.927  -24.291 0.8999999762
43831  19.028  -34.250  -24.635 0.8999999762
44822  16.802  -33.291  -25.062 0.8999999762
45794  14.886  -32.874  -26.022 0.8999999762
45838  15.256  -32.166  -26.962 0.8999999762
45793  22.072  -32.299  -25.837 0.6000000238
45812  21.552  -32.889  -26.337 0.6000000238
45814  20.748  -32.414  -26.884 0.6000000238
45833  20.393  -32.503  -27.951 0.6000000238
46833  18.091  -31.668  -27.696 0.8000000119
46834  16.990  -31.832  -27.522 0.8000000119
40764  20.999  -37.688  -17.901 0.8999999762
127409  17.089  -36.861  -18.872 0.6000000238
41817  17.253  -36.113  -18.796 0.6000000238
40763  22.468  -37.622  -18.586 0.8999999762
42816  16.869  -35.353  -19.016 0.6000000238
42817  16.243  -35.329  -19.634 0.5000000000
41815  23.144  -37.470  -19.347 1.0000000000
41827  23.817  -36.482  -20.801 1.0000000000
41814  23.648  -36.543  -19.605 0.8999999762
42836  24.144  -35.637  -21.324 1.0000000000
42846  23.720  -35.476  -22.098 1.0000000000
43801  23.328  -34.605  -22.076 1.0000000000
137066  22.491  -34.364  -22.392 1.0000000000
44775  21.935  -32.975  -22.434 1.0000000000
44783  21.062  -33.181  -22.573 1.0000000000
124268  20.277  -32.897  -22.996 1.0000000000
45760  19.447  -32.131  -23.553 1.0000000000
45761  18.748  -32.005  -23.975 1.0000000000
46782  17.064  -31.870  -24.304 0.8999999762
45779  16.332  -32.615  -24.782 0.8999999762
45780  15.420  -32.379  -25.269 0.8999999762
129945  14.567  -30.925  -25.431 0.8999999762
45813  21.359  -32.060  -26.125 0.6000000238
136115  20.643  -31.844  -26.339 0.6000000238
46831  20.018  -31.869  -27.226 0.6000000238
46815  19.308  -31.400  -26.504 0.6999999881
46817  17.555  -31.226  -27.154 0.6999999881
46819  15.596  -31.436  -26.870 0.8000000119
46820  14.941  -31.422  -26.448 0.8999999762
123725  22.889  -31.372  -25.522 0.6000000238
47820  17.109  -30.702  -26.787 0.6999999881
46818  16.573  -31.277  -27.143 0.8000000119
47822  15.407  -30.792  -26.425 0.8999999762
41803  18.032  -36.055  -18.515 0.6999999881
42805  17.716  -35.416  -18.645 0.6000000238
41799  21.402  -36.879  -17.721 0.8999999762
41800  20.417  -36.853  -17.732 0.8000000119
42803  19.764  -35.976  -18.012 0.6999999881
124495  22.291  -36.861  -18.010 0.8000000119
42828  24.139  -35.719  -20.221 1.0000000000
42815  24.015  -35.654  -19.268 0.8000000119
42814  24.393  -35.009  -19.681 0.8000000119
43800  24.107  -34.848  -21.578 1.0000000000
44773  23.760  -34.007  -21.582 1.0000000000
44774  22.806  -33.624  -22.101 1.0000000000
45727  22.737  -32.664  -22.175 1.0000000000
45738  21.297  -32.473  -22.473 1.0000000000
46752  20.477  -31.471  -22.724 1.0000000000
45740  19.971  -31.995  -23.048 1.0000000000
45762  17.959  -31.643  -24.071 0.8999999762
46772  16.577  -30.956  -24.113 0.8999999762
46783  15.950  -31.730  -24.595 0.8999999762
131370  14.558  -30.956  -25.004 0.8999999762
135648  20.215  -31.278  -25.962 0.6000000238
46816  18.477  -31.286  -26.905 0.6999999881
47801  14.591  -30.432  -25.512 0.8999999762
47798  23.329  -30.775  -25.501 0.6000000238
47799  22.493  -30.766  -25.543 0.6000000238
48809  17.443  -30.125  -26.314 0.6999999881
48810  16.014  -30.158  -26.345 0.6999999881
41802  18.703  -36.552  -18.210 0.6999999881
42802  21.831  -36.144  -17.638 0.8000000119
41778  20.883  -36.109  -17.614 0.8000000119
42804  18.710  -35.471  -18.378 0.6999999881
42800  23.682  -35.432  -18.542 0.6999999881
42801  22.801  -35.971  -18.139 0.8000000119
42799  24.321  -34.965  -18.926 0.6999999881
134074  24.588  -33.436  -20.436 0.8000000119
45726  24.348  -32.885  -20.835 0.8000000119
44772  24.196  -33.632  -20.976 0.8000000119
114904  24.062  -32.258  -21.462 0.8000000119
132937  23.606  -33.062  -21.555 0.8999999762
118574  23.388  -32.326  -21.943 0.8999999762
45728  21.950  -32.188  -22.442 1.0000000000
120755  20.874  -31.013  -22.554 1.0000000000
46769  19.324  -31.494  -23.487 1.0000000000
47756  18.837  -30.329  -23.394 1.0000000000
47754  20.337  -30.673  -22.747 1.0000000000
46753  19.902  -31.119  -23.135 1.0000000000
46770  18.498  -31.077  -23.678 1.0000000000
47767  17.933  -30.313  -23.585 1.0000000000
47768  17.043  -30.277  -23.661 0.8999999762
47769  16.231  -30.186  -23.755 0.8999999762
126438  15.428  -30.807  -24.397 0.8999999762
47771  14.685  -30.160  -24.623 0.8999999762
47800  21.683  -30.696  -25.581 0.6000000238
47816  20.935  -30.692  -25.580 0.6000000238
47817  19.616  -30.708  -25.848 0.6000000238
47818  18.817  -30.577  -26.035 0.6999999881
47784  14.394  -30.271  -25.102 0.8999999762
48811  15.128  -30.088  -25.898 0.8999999762
125497  17.613  -29.317  -26.113 0.6999999881
121001  16.779  -29.693  -26.213 0.6999999881
48790  15.896  -29.447  -25.965 0.8999999762
48791  14.909  -29.235  -25.601 0.8999999762
42779  21.344  -35.512  -17.541 0.6999999881
42780  20.528  -35.160  -17.716 0.6000000238
135993  20.114  -34.575  -17.900 0.6000000238
118529  18.165  -34.840  -18.488 0.6000000238
43770  23.038  -35.038  -17.899 0.6999999881
43744  21.394  -34.770  -17.491 0.6000000238
43769  23.862  -34.627  -18.362 0.6999999881
44756  24.827  -33.734  -19.270 0.6999999881
44755  25.060  -33.003  -19.482 0.6999999881
128190  24.467  -31.496  -21.651 0.8000000119
46736  23.690  -31.707  -22.009 0.8000000119
126616  23.249  -31.079  -22.236 0.8000000119
46737  22.747  -31.782  -22.232 0.8000000119
47738  21.523  -30.947  -22.423 1.0000000000
47737  22.364  -30.984  -22.319 0.8000000119
48746  20.175  -29.819  -22.726 1.0000000000
47755  19.657  -30.392  -23.092 1.0000000000
48747  19.293  -29.711  -23.122 1.0000000000
48755  18.365  -29.657  -23.339 1.0000000000
48756  17.327  -29.557  -23.353 1.0000000000
49673  16.981  -28.727  -23.053 1.0000000000
123925  15.983  -29.539  -23.281 1.0000000000
47770  15.464  -29.851  -23.972 0.8999999762
120809  20.414  -30.188  -25.630 0.6000000238
48772  14.195  -29.522  -24.758 0.8999999762
48788  22.249  -30.007  -25.572 0.6000000238
48806  19.723  -29.577  -25.773 0.6999999881
118687  13.889  -28.861  -24.915 0.8999999762
48807  18.927  -29.546  -25.945 0.6999999881
49713  16.784  -28.893  -26.013 0.6999999881
49698  14.662  -28.405  -25.437 0.8999999762
43746  19.665  -34.089  -18.012 0.5000000000
43743  22.304  -34.492  -17.529 0.6000000238
123933  21.794  -33.117  -17.202 0.5000000000
44739  24.009  -33.805  -18.246 0.6999999881
44740  23.201  -34.181  -17.772 0.6999999881
44738  24.668  -33.416  -18.669 0.6999999881
45697  25.251  -32.415  -19.089 0.6999999881
44737  25.073  -33.054  -18.987 0.6999999881
46726  25.294  -31.363  -20.102 0.6999999881
46735  25.149  -31.084  -21.093 0.6999999881
47736  24.022  -31.096  -22.136 0.8000000119
47750  23.792  -30.449  -22.332 0.8000000119
47751  22.886  -30.361  -22.405 0.8000000119
126158  23.442  -29.057  -22.480 0.8000000119
48744  22.587  -29.507  -22.491 0.8000000119
49650  21.368  -28.833  -22.675 0.8999999762
123737  20.832  -29.412  -22.561 1.0000000000
123736  22.065  -28.925  -22.604 0.8000000119
49651  20.625  -28.821  -22.805 0.8999999762
49652  19.848  -29.016  -22.949 1.0000000000
49653  18.878  -28.975  -23.115 1.0000000000
121585  17.939  -28.937  -23.229 1.0000000000
49655  16.192  -28.392  -22.557 1.0000000000
48748  15.737  -28.870  -22.873 0.8999999762
117658  14.751  -29.502  -24.137 0.8999999762
48759  14.300  -28.751  -23.875 0.8999999762
49657  14.474  -27.985  -22.898 0.8999999762
49684  13.784  -28.042  -24.460 0.8999999762
48789  21.404  -29.784  -25.601 0.6000000238
48805  20.786  -29.108  -25.755 0.6000000238
49711  18.465  -28.959  -26.031 0.6999999881
50604  15.631  -27.728  -25.614 0.8000000119
50605  14.516  -27.497  -25.267 0.8999999762
48804  22.157  -29.227  -25.923 0.6000000238
126190  18.791  -28.016  -26.093 0.6999999881
49712  17.733  -28.282  -26.092 0.6999999881
123114  15.446  -26.830  -25.471 0.8000000119
50589  13.922  -27.344  -24.672 0.8999999762
131959  16.604  -27.024  -25.763 0.6999999881
51464  14.382  -26.464  -24.990 0.8999999762
44714  22.461  -33.649  -17.423 0.5000000000
45677  21.271  -32.528  -17.076 0.5000000000
44713  23.326  -33.333  -17.656 0.6999999881
139111  21.978  -32.456  -17.041 0.5000000000
45699  24.188  -32.992  -18.050 0.6999999881
45698  24.864  -32.546  -18.541 0.6999999881
46719  25.400  -31.612  -19.302 0.6999999881
47734  25.485  -30.251  -21.367 0.6999999881
48742  24.344  -29.619  -22.358 0.8000000119
49647  24.268  -28.461  -22.505 0.8000000119
49649  22.711  -28.629  -22.578 0.8000000119
49669  20.299  -28.160  -23.218 0.8999999762
49670  19.414  -28.222  -23.247 1.0000000000
49671  18.506  -28.223  -23.204 1.0000000000
49672  17.593  -28.189  -23.096 1.0000000000
117986  22.008  -28.170  -22.853 0.8000000119
50574  20.839  -27.283  -23.374 0.8000000119
50575  19.047  -27.399  -23.388 0.8999999762
50577  17.353  -27.523  -22.974 1.0000000000
49654  16.706  -27.959  -22.734 1.0000000000
51432  18.586  -26.611  -23.413 0.8999999762
50559  15.755  -27.407  -22.121 1.0000000000
49656  15.331  -28.094  -22.517 1.0000000000
50560  14.730  -27.108  -22.300 1.0000000000
50578  13.796  -27.204  -23.846 0.8999999762
124239  19.348  -28.688  -25.938 0.6999999881
51419  13.997  -25.965  -22.412 0.8999999762
49710  20.276  -28.424  -25.950 0.6000000238
51448  14.277  -25.752  -24.218 0.8999999762
120579  19.747  -27.754  -26.154 0.6999999881
50618  18.233  -27.348  -26.126 0.6999999881
51481  17.651  -26.703  -25.988 0.6999999881
51462  16.169  -26.310  -25.582 0.6999999881
51463  15.407  -25.991  -25.326 0.8000000119
51461  17.003  -26.122  -25.742 0.6999999881
117906  14.830  -25.696  -24.955 0.8000000119
52410  14.510  -25.031  -23.639 0.8999999762
120595  16.321  -25.622  -25.512 0.6999999881
45676  22.587  -32.829  -17.276 0.5000000000
132771  24.809  -31.822  -18.229 0.6999999881
46706  24.284  -32.162  -17.806 0.5000000000
47714  25.625  -30.778  -19.555 0.6999999881
47703  25.502  -31.017  -18.819 0.6999999881
47723  25.631  -30.548  -20.445 0.6999999881
115330  25.759  -30.118  -18.945 0.6999999881
48720  26.026  -29.799  -20.811 0.6999999881
48731  25.881  -29.548  -21.704 0.6999999881
48732  25.215  -29.835  -22.037 0.6999999881
49645  26.121  -28.277  -22.239 0.6999999881
48741  25.407  -28.991  -22.283 0.6999999881
49648  23.359  -28.333  -22.565 0.8000000119
50554  24.412  -27.493  -22.608 0.8000000119
121319  22.834  -27.845  -22.734 0.8000000119
50573  21.594  -27.525  -23.201 0.8000000119
130750  23.100  -27.046  -22.914 0.8000000119
52396  21.616  -25.759  -23.518 0.8000000119
135417  20.319  -26.701  -23.517 0.8000000119
126550  19.591  -26.488  -23.538 0.8999999762
51433  17.560  -26.725  -23.088 0.8999999762
134097  16.884  -26.547  -22.703 1.0000000000
52397  20.704  -25.413  -23.582 0.8000000119
51418  14.911  -26.270  -21.768 1.0000000000
51417  16.103  -26.375  -22.278 1.0000000000
129759  21.214  -28.215  -26.423 0.6000000238
126651  14.367  -25.229  -21.914 1.0000000000
50617  19.172  -27.130  -26.261 0.6999999881
127690  18.593  -26.506  -26.149 0.6999999881
51434  13.637  -25.516  -23.075 0.8999999762
127894  13.785  -24.909  -22.463 1.0000000000
52449  17.992  -25.777  -25.901 0.6999999881
52431  17.170  -25.323  -25.663 0.8000000119
52432  15.625  -25.154  -25.142 0.8000000119
48706  25.980  -29.985  -19.868 0.6999999881
49620  26.437  -28.580  -19.599 0.6999999881
48719  26.340  -29.244  -20.248 0.6999999881
48730  26.359  -29.102  -21.265 0.6999999881
49638  26.554  -28.412  -21.713 0.6999999881
50552  25.993  -27.435  -22.395 0.6999999881
50553  25.166  -27.107  -22.565 0.6999999881
51413  25.807  -26.635  -22.509 0.6999999881
51415  24.414  -26.689  -22.745 0.8000000119
123081  23.804  -27.029  -22.763 0.8000000119
51428  22.549  -26.244  -23.328 0.8000000119
52376  23.769  -25.516  -23.227 0.8000000119
126657  22.423  -25.115  -23.480 0.8000000119
117504  19.008  -25.755  -23.520 0.8999999762
52399  18.069  -25.874  -23.387 0.8999999762
53314  20.101  -24.837  -23.601 0.8000000119
52378  18.524  -25.198  -23.459 0.8999999762
52379  17.019  -25.884  -22.863 0.8999999762
50615  20.627  -27.568  -26.583 0.6000000238
128955  18.461  -24.412  -23.413 0.8999999762
53296  17.417  -24.355  -23.210 0.8999999762
123066  15.330  -25.522  -21.923 1.0000000000
50628  21.010  -26.958  -27.180 0.6000000238
53299  15.002  -24.491  -23.037 0.8999999762
52430  18.625  -25.074  -25.856 0.6999999881
54272  15.284  -23.822  -23.473 0.8999999762
124809  16.528  -24.861  -25.432 0.8000000119
53353  15.437  -24.466  -24.721 0.8999999762
54302  15.158  -23.756  -24.009 0.8000000119
49627  26.601  -28.489  -20.663 0.6999999881
51412  26.478  -26.873  -22.100 0.6999999881
51414  25.086  -26.434  -22.696 0.6999999881
52374  25.524  -25.914  -22.716 0.6999999881
52375  24.529  -25.862  -22.961 0.6999999881
53313  20.721  -24.648  -23.568 0.8000000119
138274  19.771  -24.490  -23.544 0.8000000119
53295  20.218  -24.141  -23.531 0.8000000119
54268  19.734  -23.455  -23.487 0.8000000119
52380  16.341  -24.896  -22.751 0.8999999762
124237  19.485  -26.342  -26.363 0.6000000238
118656  19.410  -24.154  -23.494 0.8000000119
54269  18.855  -23.573  -23.428 0.8999999762
53297  16.773  -23.885  -23.098 0.8999999762
53298  15.796  -24.189  -22.890 0.8999999762
123449  20.170  -26.143  -26.587 0.6000000238
117104  18.984  -25.742  -26.108 0.6999999881
54271  15.650  -23.630  -23.234 0.8999999762
122452  17.863  -25.009  -25.697 0.6999999881
54285  15.277  -23.750  -23.563 0.8000000119
54325  16.405  -23.473  -25.115 0.6999999881
55332  15.347  -23.138  -24.304 0.8000000119
50539  26.782  -27.725  -21.118 0.6999999881
52373  26.333  -26.055  -22.297 0.6999999881
53312  21.450  -24.852  -23.559 0.8000000119
53294  21.119  -24.098  -23.537 0.8000000119
54267  20.632  -23.388  -23.519 0.8000000119
122917  19.206  -22.917  -23.435 0.8000000119
130326  17.854  -23.663  -23.302 0.8999999762
121842  17.167  -23.060  -23.285 0.8999999762
123557  19.782  -25.649  -26.284 0.6000000238
54270  16.256  -23.334  -23.162 0.8999999762
52429  19.353  -25.188  -26.025 0.6999999881
127327  15.965  -22.037  -23.415 0.8999999762
54324  17.286  -23.752  -25.500 0.6999999881
55330  16.191  -22.509  -24.841 0.8000000119
128919  15.126  -22.081  -23.985 0.8000000119
55329  17.157  -22.755  -25.366 0.6999999881
55331  15.404  -22.329  -24.324 0.8000000119
139078  15.212  -22.560  -24.137 0.8000000119
119705  16.701  -21.837  -25.114 0.8000000119
52360  27.116  -25.539  -20.840 0.6999999881
51407  26.821  -26.239  -21.375 0.6000000238
52448  20.597  -25.572  -26.387 0.6000000238
55266  19.061  -22.240  -23.416 0.8000000119
136201  17.704  -21.792  -23.429 0.8999999762
127512  16.630  -21.953  -23.424 0.8999999762
53367  19.983  -25.039  -26.030 0.6000000238
56258  16.279  -21.410  -23.470 0.8999999762
53350  18.204  -24.270  -25.610 0.8000000119
56259  15.687  -21.445  -23.632 0.8999999762
120133  15.396  -21.543  -24.228 0.8000000119
56317  18.084  -21.625  -25.473 0.6999999881
57235  16.271  -20.253  -24.899 0.8000000119
58225  16.099  -20.016  -24.700 0.8000000119
53349  19.309  -24.490  -25.738 0.6999999881
56255  18.815  -21.511  -23.471 0.8000000119
119917  20.094  -22.944  -25.462 0.5000000000
130388  18.938  -23.635  -25.540 0.6000000238
55327  19.515  -22.416  -25.462 0.6000000238
117936  18.792  -22.829  -25.464 0.6999999881
58178  16.013  -20.246  -23.763 0.8000000119
119190  18.800  -22.025  -25.458 0.6000000238
126343  18.128  -20.699  -25.509 0.6000000238
57234  17.016  -20.238  -25.284 0.6999999881
122286  16.531  -19.665  -25.021 0.8000000119
128377  15.631  -20.559  -24.153 0.8000000119
131077  17.849  -19.853  -25.542 0.6000000238
57175  18.458  -20.770  -23.522 0.8000000119
58176  18.133  -19.818  -23.603 0.8000000119
58177  17.145  -19.640  -23.532 0.8999999762
120753  20.302  -22.070  -25.484 0.6000000238
59281  16.744  -18.953  -25.054 0.8000000119
58213  16.254  -19.537  -24.198 0.8000000119
59236  16.810  -19.158  -23.735 0.8000000119
58223  18.163  -19.248  -25.712 0.6000000238
58191  19.039  -19.688  -23.930 0.8000000119
59235  17.486  -18.986  -23.742 0.8000000119
56316  19.593  -21.486  -25.579 0.6000000238
57233  19.162  -20.674  -25.733 0.6000000238
128958  17.283  -18.260  -24.616 0.8000000119
58222  18.690  -19.928  -25.763 0.6000000238
60168  17.539  -17.727  -25.224 0.6999999881
60138  17.588  -17.854  -24.530 0.8000000119
129417  19.426  -18.533  -26.680 0.6000000238
60179  18.091  -17.271  -25.662 0.6000000238
57252  19.571  -19.991  -26.130 0.6000000238
120846  19.980  -19.368  -26.618 0.6000000238
136197  19.968  -18.871  -24.583 0.8000000119
58192  18.356  -18.939  -23.941 0.8000000119
129811  20.416  -21.318  -25.678 0.6000000238
118915  19.222  -18.914  -24.329 0.8000000119
56340  21.689  -20.966  -26.207 0.5000000000
60152  17.781  -17.014  -24.806 0.8000000119
60137  17.972  -17.460  -24.459 0.8000000119
57250  21.319  -20.260  -26.529 0.6000000238
57232  20.043  -20.686  -25.859 0.6000000238
61107  18.027  -16.021  -25.268 0.6000000238
57249  22.102  -20.372  -26.664 0.5000000000
58233  21.010  -19.468  -26.846 0.6000000238
58249  21.087  -18.855  -27.283 0.6000000238
60178  18.871  -17.576  -26.487 0.6000000238
58248  21.844  -19.262  -27.291 0.6000000238
59305  20.669  -18.155  -27.415 0.6000000238
59306  19.771  -17.874  -27.070 0.6000000238
60190  19.167  -16.818  -26.672 0.6000000238
60151  19.424  -17.964  -24.619 0.8000000119
60136  18.550  -17.309  -24.538 0.8000000119
61081  20.848  -17.196  -25.424 0.8000000119
61082  19.996  -16.432  -25.266 0.6999999881
61083  18.974  -16.617  -24.737 0.6999999881
57265  21.761  -19.813  -26.869 0.6000000238
61119  18.479  -15.693  -25.998 0.6000000238
62050  18.525  -14.765  -25.411 0.6000000238
62029  18.194  -15.671  -24.857 0.6999999881
59303  22.406  -18.713  -27.621 0.5000000000
124248  19.307  -16.038  -26.762 0.6000000238
60187  22.100  -17.903  -27.762 0.5000000000
60188  21.189  -17.558  -27.622 0.6000000238
61117  20.865  -16.473  -27.606 0.6000000238
59315  22.995  -18.122  -27.897 0.5000000000
61095  21.060  -16.428  -25.609 0.6999999881
61096  20.026  -15.382  -25.406 0.6000000238
128589  18.778  -14.399  -25.318 0.6000000238
62028  18.913  -15.399  -24.949 0.6000000238
62049  19.222  -14.068  -25.916 0.6000000238
62043  19.014  -14.508  -25.189 0.6000000238
60200  22.708  -17.288  -28.018 0.5000000000
60201  21.832  -16.967  -27.782 0.6000000238
132200  21.542  -15.988  -27.843 0.6000000238
61131  20.566  -15.329  -27.583 0.6000000238
62059  19.086  -15.020  -26.338 0.6000000238
63062  19.734  -13.278  -25.984 0.6000000238
61129  23.312  -16.658  -28.293 0.6000000238
62073  23.029  -15.745  -28.275 0.6000000238
60199  23.582  -17.522  -28.254 0.5000000000
119257  24.771  -16.307  -28.635 0.4000000060
125911  24.659  -15.349  -28.592 0.5000000000
62041  21.328  -15.408  -25.882 0.6000000238
62042  20.054  -14.331  -25.499 0.6000000238
62075  21.257  -15.124  -27.928 0.6000000238
62058  19.658  -14.449  -26.914 0.6000000238
63056  20.160  -13.554  -25.788 0.6000000238
122024  22.631  -14.807  -28.298 0.6000000238
63079  22.095  -13.820  -28.259 0.6000000238
62072  23.928  -16.014  -28.494 0.5000000000
123532  23.629  -15.070  -28.447 0.6000000238
63076  25.269  -14.499  -28.646 0.5000000000
62071  25.285  -15.883  -28.718 0.4000000060
63081  20.414  -13.275  -27.364 0.6000000238
64033  20.230  -12.934  -26.535 0.5000000000
128427  21.105  -13.449  -26.201 0.5000000000
130869  21.180  -14.263  -26.008 0.5000000000
117172  20.490  -14.173  -27.602 0.6000000238
65013  20.834  -12.637  -27.216 0.5000000000
63078  23.186  -14.097  -28.422 0.6000000238
63077  24.226  -14.341  -28.535 0.5000000000
64049  25.575  -13.633  -28.641 0.4000000060
135534  21.884  -13.274  -26.388 0.4000000060
64053  21.581  -12.892  -27.952 0.6000000238
65011  22.150  -12.058  -28.082 0.5000000000
64051  23.754  -13.375  -28.525 0.4000000060
64052  22.627  -13.069  -28.343 0.6000000238
65010  23.256  -12.322  -28.489 0.6000000238
64994  21.795  -11.747  -27.507 0.4000000060
136703  25.124  -13.034  -28.635 0.4000000060
65008  25.055  -12.283  -28.713 0.4000000060
65984  22.385  -11.135  -27.561 0.4000000060
65007  25.824  -12.853  -28.677 0.4000000060
65989  24.017  -11.624  -28.641 0.4000000060
124760  23.880  -13.467  -26.451 0.4000000060
65961  22.844  -11.649  -26.756 0.4000000060
65991  22.412  -10.833  -28.013 0.4000000060
66000  24.976  -11.359  -28.933 0.4000000060
66001  24.076  -10.655  -28.888 0.4000000060
126474  23.388  -10.713  -28.624 0.4000000060
65960  23.809  -11.862  -26.685 0.4000000060
65973  23.194  -11.028  -27.155 0.4000000060
65974  22.414  -11.281  -27.056 0.4000000060
66937  24.872  -10.440  -29.269 0.3000000119
66939  22.992  -9.679  -28.488 0.4000000060
66922  22.620  -10.254  -27.952 0.4000000060
65972  24.301  -11.229  -26.990 0.4000000060
66913  23.062  -10.131  -27.643 0.4000000060
42948  16.261  -34.620  -28.663 0.8000000119
137650  16.409  -34.308  -27.005 0.8999999762
134689  16.248  -35.195  -27.290 0.8999999762
42913  16.229  -35.755  -26.701 0.8999999762
41857  19.956  -36.650  -23.521 0.8999999762
42859  20.252  -35.146  -23.691 1.0000000000
43817  20.941  -34.712  -23.193 1.0000000000
41882  17.529  -35.982  -25.283 0.8999999762
41865  18.582  -36.817  -23.977 0.8999999762
42868  19.007  -35.146  -24.534 0.8999999762
43818  20.133  -34.340  -23.672 1.0000000000
42891  17.441  -35.126  -25.896 0.8999999762
42869  18.306  -35.594  -24.850 0.8999999762
42889  18.489  -34.764  -25.131 0.8999999762
42867  19.639  -34.749  -24.159 1.0000000000
43850  17.281  -34.469  -26.126 0.8999999762
43848  18.312  -33.976  -25.215 0.8999999762
64971  20.774  -12.721  -26.606 0.4000000060
64983  21.079  -12.377  -26.856 0.4000000060
64022  22.035  -12.653  -26.485 0.4000000060
131839  22.823  -13.388  -26.458 0.4000000060
136896  18.507  -45.105  -22.110 0.8999999762
33907  19.593  -43.325  -23.909 1.0000000000
33935  16.107  -44.218  -26.143 0.8000000119
32800  16.094  -44.463  -21.774 0.8999999762
33871  20.298  -43.087  -22.495 1.0000000000
35065  16.581  -42.492  -25.477 0.8000000119
36177  20.617  -41.301  -20.405 0.8999999762
37464  18.870  -40.410  -24.437 0.8999999762
37477  17.457  -40.823  -25.026 0.8000000119
37478  16.581  -39.992  -25.190 0.8000000119
38652  15.119  -39.303  -25.752 0.8000000119
38617  21.346  -39.301  -23.194 1.0000000000
39766  16.871  -38.341  -24.753 0.8999999762
132325  16.004  -37.918  -25.545 0.8000000119
41883  16.821  -35.825  -26.019 0.8999999762
40862  15.783  -37.022  -26.368 0.8000000119
39753  19.666  -38.239  -23.721 0.8999999762
42890  18.011  -35.212  -25.445 0.8999999762
37398  18.835  -40.541  -19.163 0.8999999762
38572  17.636  -39.233  -19.029 1.0000000000
41829  15.332  -36.370  -20.207 0.6000000238
42838  14.095  -35.113  -21.193 0.4000000060
42837  14.727  -35.175  -20.682 0.4000000060
41855  21.296  -37.000  -23.228 1.0000000000
137523  19.684  -36.123  -23.597 0.8999999762
43899  17.090  -34.286  -29.120 0.6999999881
45837  16.250  -32.551  -27.571 0.8000000119
39692  20.428  -39.016  -18.185 0.8999999762
44838  16.632  -34.023  -26.506 0.8999999762
44891  19.426  -33.423  -29.545 0.6000000238
41816  17.790  -36.757  -18.568 0.6999999881
133156  15.308  -34.520  -20.440 0.4000000060
45795  14.604  -32.129  -26.156 0.8999999762
45816  14.682  -31.958  -26.554 0.8999999762
45834  19.672  -32.070  -28.561 0.6999999881
41801  19.548  -36.848  -17.896 0.8000000119
132529  21.753  -37.971  -18.341 0.8999999762
45778  17.863  -32.440  -24.296 0.8999999762
44821  17.927  -33.272  -24.875 0.8999999762
43849  17.874  -34.564  -25.601 0.8999999762
45781  14.761  -32.151  -25.684 0.8999999762
41798  23.072  -36.829  -18.646 0.8000000119
43772  17.330  -34.616  -18.761 0.5000000000
46784  15.058  -31.591  -25.119 0.8999999762
43790  24.639  -34.298  -19.870 0.8000000119
42827  24.395  -34.855  -20.633 0.8999999762
43799  24.240  -34.296  -21.070 0.8999999762
48808  18.225  -29.900  -26.083 0.6999999881
48792  14.266  -29.600  -25.145 0.8999999762
49697  15.777  -28.617  -25.758 0.8000000119
43771  18.904  -34.536  -18.313 0.6000000238
42778  22.136  -35.343  -17.591 0.8000000119
43745  20.603  -34.162  -17.598 0.6000000238
43768  24.479  -34.203  -18.786 0.6999999881
45720  24.857  -32.881  -20.148 0.6999999881
46727  24.738  -32.006  -20.678 0.6999999881
47753  21.008  -30.226  -22.450 1.0000000000
118230  16.619  -29.738  -23.385 1.0000000000
49699  13.928  -28.240  -25.055 0.8999999762
117380  20.950  -33.286  -17.318 0.6000000238
43747  18.930  -33.881  -18.153 0.5000000000
45719  25.139  -32.217  -19.743 0.6999999881
47752  21.973  -30.257  -22.399 0.8999999762
45678  20.450  -32.606  -17.238 0.5000000000
47735  24.741  -30.616  -22.019 0.8000000119
50561  13.969  -27.110  -22.939 0.8999999762
45675  23.442  -32.489  -17.481 0.6000000238
46685  22.597  -31.935  -17.077 0.5000000000
46704  25.226  -31.793  -18.731 0.6999999881
124937  19.932  -27.382  -23.443 0.8999999762
50556  22.296  -27.261  -23.111 0.8000000119
51429  21.640  -26.724  -23.377 0.8000000119
53315  14.919  -24.468  -23.323 0.8999999762
46684  23.548  -31.627  -17.303 0.5000000000
47704  25.279  -30.404  -18.262 0.6999999881
49646  25.265  -27.976  -22.478 0.6999999881
51416  23.603  -26.273  -23.059 0.8000000119
51431  20.280  -26.079  -23.576 0.8999999762
118518  17.656  -25.101  -23.283 0.8999999762
53351  17.288  -24.565  -25.583 0.8000000119
53352  16.067  -24.327  -25.078 0.8000000119
129222  26.786  -27.085  -21.510 0.6999999881
135943  22.716  -24.522  -23.482 0.8000000119
55269  15.523  -23.044  -23.499 0.8999999762
120927  18.283  -22.811  -23.375 0.8999999762
125370  26.966  -26.869  -20.437 0.6000000238
56318  17.270  -21.223  -25.324 0.6999999881
57176  17.445  -20.567  -23.439 0.8999999762
59280  17.340  -18.489  -25.295 0.6999999881
58234  18.940  -19.177  -26.243 0.6000000238
58235  18.276  -18.695  -25.882 0.6000000238
60153  17.506  -17.603  -24.900 0.8000000119
61106  18.434  -16.627  -26.042 0.6000000238
61084  18.137  -16.602  -24.695 0.6999999881
59304  21.534  -18.467  -27.534 0.6000000238
63069  19.894  -13.418  -26.740 0.6000000238
64969  23.125  -12.505  -26.524 0.4000000060
64970  21.377  -12.354  -26.685 0.4000000060
127038  23.336  -10.022  -28.750 0.4000000060
137917  16.699  -34.905  -26.646 0.8999999762
22940  12.283  -53.418  -25.066 0.4000000060
24018  11.861  -53.273  -24.023 0.4000000060
24005  11.108  -52.771  -23.641 0.4000000060
24031  13.531  -52.488  -25.464 0.4000000060
24004  12.284  -52.422  -23.858 0.4000000060
26338  14.438  -50.797  -26.272 0.3000000119
24016  13.269  -52.560  -24.683 0.4000000060
125981  14.653  -50.080  -26.394 0.4000000060
28521  14.510  -48.668  -27.084 0.4000000060
122398  14.404  -47.864  -27.467 0.4000000060
29626  14.176  -47.023  -27.757 0.4000000060
25159  12.501  -51.518  -23.764 0.5000000000
136574  11.252  -51.743  -23.686 0.4000000060
25175  14.454  -51.684  -25.115 0.4000000060
25176  13.889  -52.028  -24.535 0.4000000060
27426  15.101  -49.669  -26.187 0.5000000000
28507  15.108  -48.896  -26.501 0.4000000060
28520  15.086  -48.077  -26.899 0.4000000060
29612  14.934  -47.244  -27.244 0.5000000000
31824  14.890  -45.753  -27.470 0.5000000000
123640  14.574  -44.972  -27.562 0.6000000238
31825  14.112  -45.364  -27.945 0.5000000000
32906  13.421  -44.883  -28.323 0.6000000238
33964  13.149  -43.866  -28.128 0.4000000060
128839  12.540  -50.604  -23.590 0.5000000000
26293  11.686  -50.977  -23.759 0.5000000000
26313  11.004  -50.275  -24.101 0.5000000000
26314  10.075  -50.576  -24.405 0.5000000000
26311  15.413  -50.253  -24.493 0.6000000238
25158  13.375  -51.402  -23.871 0.6000000238
27414  15.792  -49.813  -25.133 0.5000000000
27398  15.989  -49.623  -24.331 0.6000000238
28490  15.665  -49.188  -25.757 0.5000000000
28506  15.682  -48.328  -26.249 0.5000000000
29597  15.717  -47.405  -26.606 0.4000000060
30704  15.399  -46.544  -27.071 0.6000000238
32891  15.176  -44.950  -27.114 0.6000000238
33944  14.560  -43.369  -26.714 0.6000000238
35078  14.285  -42.577  -26.583 0.6000000238
35079  13.722  -42.002  -26.670 0.6000000238
33945  13.909  -43.636  -27.445 0.6000000238
136818  13.246  -42.326  -27.184 0.6000000238
36285  12.665  -40.689  -27.338 0.6000000238
27382  13.032  -49.899  -23.361 0.5000000000
27383  12.114  -49.637  -23.597 0.5000000000
27399  11.315  -49.430  -24.173 0.5000000000
27400  10.506  -49.619  -24.569 0.5000000000
134937  14.622  -50.471  -23.804 0.6000000238
26292  13.626  -50.677  -23.599 0.6000000238
27413  16.345  -49.076  -24.996 0.6000000238
27379  16.470  -49.073  -24.206 0.6000000238
28489  16.129  -48.529  -25.621 0.5000000000
28470  16.801  -48.482  -24.457 0.6000000238
124218  16.373  -47.177  -26.177 0.6000000238
30690  16.119  -46.610  -26.514 0.6000000238
33936  15.415  -43.374  -26.164 0.6000000238
36284  13.436  -41.076  -26.749 0.6000000238
37494  13.265  -40.225  -26.958 0.6999999881
126686  12.648  -49.023  -23.267 0.6000000238
28471  11.877  -48.792  -23.839 0.5000000000
27415  10.178  -48.838  -25.064 0.5000000000
28452  15.977  -49.214  -23.486 0.6000000238
27381  14.554  -49.726  -23.028 0.6000000238
122728  13.592  -49.359  -22.948 0.6000000238
29566  11.278  -47.950  -24.994 0.5000000000
29580  10.526  -47.928  -25.435 0.5000000000
28433  15.841  -48.520  -22.904 0.6000000238
30676  17.054  -46.372  -25.554 0.6000000238
133070  13.783  -39.819  -26.647 0.6999999881
28454  13.265  -48.290  -22.871 0.6000000238
121385  11.804  -48.018  -24.329 0.6000000238
28453  14.309  -48.820  -22.626 0.6000000238
29546  13.410  -47.416  -22.916 0.6000000238
29564  12.288  -47.367  -24.189 0.6000000238
29565  11.760  -47.322  -24.898 0.6000000238
126572  10.558  -47.196  -25.824 0.6000000238
29533  15.009  -47.482  -22.454 0.6000000238
30678  10.192  -46.653  -26.284 0.5000000000
28451  16.598  -48.543  -23.573 0.6000000238
119247  10.539  -45.914  -25.981 0.6000000238
38668  13.938  -39.145  -26.676 0.6999999881
28435  14.192  -47.728  -22.605 0.6000000238
30636  12.649  -46.675  -23.974 0.6000000238
30623  15.458  -46.813  -22.350 0.6000000238
30624  14.610  -46.822  -22.578 0.6000000238
30635  13.168  -46.764  -23.319 0.6000000238
30661  12.154  -46.628  -24.706 0.6000000238
31784  11.823  -45.896  -24.973 0.6000000238
29532  15.825  -47.658  -22.592 0.6000000238
32853  11.944  -45.203  -24.479 0.6000000238
28432  16.393  -48.052  -23.021 0.6000000238
30660  17.741  -46.529  -24.331 0.6000000238
39798  14.939  -38.064  -26.490 0.6999999881
41924  15.324  -36.522  -27.511 0.6999999881
30622  16.390  -46.847  -22.424 0.6000000238
129937  13.538  -46.202  -23.327 0.6999999881
129728  12.996  -46.015  -23.745 0.6999999881
129021  17.328  -46.745  -22.735 0.6000000238
42914  15.838  -35.814  -27.522 0.6999999881
31736  15.026  -45.872  -22.548 0.6999999881
31734  16.871  -46.102  -22.178 0.6999999881
31735  15.950  -46.059  -22.164 0.6999999881
31737  14.341  -45.184  -22.977 0.6999999881
32815  13.730  -44.433  -23.114 0.6999999881
31755  12.639  -45.215  -23.932 0.6000000238
32832  12.882  -44.461  -23.483 0.6999999881
33888  13.120  -43.690  -23.068 0.6000000238
32854  11.368  -44.651  -24.438 0.5000000000
42929  16.044  -35.050  -28.061 0.8000000119
127794  15.624  -45.181  -22.216 0.6999999881
127502  14.968  -44.979  -22.588 0.6999999881
32814  14.501  -44.356  -22.696 0.6999999881
122873  13.934  -43.611  -22.697 0.6999999881
33909  11.064  -43.990  -24.069 0.5000000000
35012  14.160  -42.749  -22.170 0.6999999881
33890  11.522  -43.437  -23.401 0.6000000238
55265  20.023  -22.566  -23.485 0.6999999881
126705  24.233  -25.141  -23.221 0.6999999881
118238  22.100  -24.201  -23.544 0.6999999881
125456  25.181  -25.102  -23.008 0.6000000238
54266  21.574  -23.426  -23.540 0.6999999881
55264  21.110  -22.661  -23.537 0.6999999881
122702  19.678  -21.663  -23.509 0.6999999881
57174  19.276  -20.950  -23.603 0.6999999881
53291  26.167  -24.702  -22.723 0.6000000238
53293  24.371  -24.476  -23.316 0.6000000238
54265  22.958  -24.046  -23.485 0.6999999881
56252  22.502  -22.228  -23.568 0.6999999881
53285  26.789  -24.293  -22.139 0.6000000238
56254  20.723  -21.745  -23.596 0.6999999881
57173  20.099  -21.005  -23.706 0.6999999881
59245  19.953  -19.688  -24.301 0.6999999881
53292  25.336  -24.202  -23.145 0.6000000238
125078  24.082  -22.878  -23.459 0.6000000238
55261  23.401  -22.413  -23.539 0.6999999881
56253  21.674  -22.071  -23.570 0.6999999881
56280  20.979  -20.882  -24.025 0.6999999881
58190  20.828  -20.053  -24.407 0.6999999881
58212  20.677  -19.246  -24.661 0.6999999881
128314  26.214  -23.886  -22.738 0.6000000238
54262  25.496  -23.405  -23.123 0.6000000238
55260  24.890  -22.812  -23.335 0.5000000000
127841  23.809  -21.726  -23.731 0.6000000238
57217  23.382  -20.562  -24.421 0.5000000000
57193  21.888  -21.022  -24.162 0.6999999881
115750  22.197  -19.114  -25.144 0.6999999881
60149  21.073  -17.981  -25.295 0.6999999881
65020  29.251  -12.101  -29.393 0.3000000119
130324  28.164  -11.939  -29.324 0.3000000119
65022  25.883  -11.971  -28.851 0.3000000119
22928  11.991  -53.496  -24.607 0.4000000060
22930  10.906  -54.027  -24.068 0.3000000119
22922  9.797  -53.629  -23.573 0.4000000060
24048  12.758  -52.414  -26.571 0.3000000119
24006  10.071  -52.878  -23.531 0.4000000060
26349  14.053  -50.089  -26.845 0.4000000060
25161  10.350  -52.088  -23.691 0.4000000060
27438  14.000  -49.266  -27.236 0.4000000060
28522  13.882  -48.490  -27.628 0.4000000060
139176  13.694  -47.107  -28.070 0.4000000060
30716  14.205  -46.181  -27.931 0.5000000000
133093  12.731  -44.479  -28.550 0.4000000060
26315  9.236  -50.979  -24.470 0.4000000060
35093  12.637  -42.129  -27.684 0.5000000000
27402  9.078  -50.249  -24.870 0.5000000000
38687  12.596  -39.874  -27.617 0.6000000238
27416  9.293  -49.096  -25.413 0.5000000000
28491  9.703  -48.287  -25.681 0.5000000000
28492  9.038  -48.521  -25.909 0.5000000000
39814  13.609  -38.842  -27.374 0.6000000238
29581  9.974  -47.508  -26.056 0.5000000000
31813  9.509  -46.276  -26.727 0.4000000060
40864  14.527  -37.750  -27.188 0.6999999881
126024  10.644  -45.203  -25.487 0.5000000000
32855  10.689  -44.436  -24.833 0.5000000000
42930  15.842  -35.645  -28.424 0.8000000119
131203  16.091  -35.160  -28.811 0.6999999881
33927  10.083  -43.750  -25.145 0.5000000000
33891  10.664  -43.245  -23.753 0.6000000238
121114  25.705  -29.385  -18.673 0.6000000238
52365  26.825  -25.215  -21.864 0.6000000238
54261  26.225  -23.211  -22.696 0.5000000000
55289  25.239  -22.072  -23.304 0.5000000000
123015  24.937  -20.805  -23.932 0.5000000000
59261  23.213  -19.038  -25.265 0.5000000000
59278  22.679  -18.169  -25.622 0.5000000000
116841  22.639  -17.257  -25.928 0.5000000000
65997  29.834  -11.424  -29.433 0.3000000119
117984  28.854  -11.234  -29.498 0.3000000119
65999  26.694  -11.667  -29.114 0.3000000119
30634  17.742  -46.760  -23.526 0.6000000238
28450  17.205  -48.017  -23.911 0.6000000238
121949  16.603  -48.166  -25.210 0.6000000238
33862  15.028  -42.895  -21.995 0.8000000119
36283  14.225  -41.353  -26.307 0.6999999881
38653  14.637  -38.837  -26.216 0.6999999881
41905  15.699  -36.437  -26.802 0.6999999881
132268  23.404  -24.790  -23.393 0.6999999881
58175  18.918  -20.329  -23.680 0.6999999881
60166  21.761  -17.453  -25.669 0.6000000238
65021  26.744  -12.598  -28.894 0.3000000119
42949  16.098  -35.682  -29.334 0.6999999881
55262  22.461  -23.434  -23.513 0.6999999881
24032  12.892  -52.941  -25.178 0.4000000060
24015  13.968  -52.265  -25.078 0.4000000060
25209  14.015  -51.536  -26.357 0.3000000119
26326  14.751  -50.942  -25.544 0.5000000000
25160  10.443  -51.359  -23.931 0.5000000000
31838  13.483  -45.825  -28.452 0.3000000119
33965  12.249  -43.742  -28.701 0.4000000060
26316  8.440  -50.942  -24.600 0.5000000000
56279  21.479  -21.470  -23.790 0.6999999881
57196  19.597  -20.370  -23.863 0.6999999881
125619  23.707  -24.046  -23.450 0.6999999881
54263  24.457  -23.598  -23.379 0.6000000238
54264  23.393  -23.321  -23.467 0.6999999881
126091  23.001  -21.729  -23.734 0.6999999881
56277  24.672  -21.542  -23.647 0.5000000000
134979  23.406  -21.280  -24.037 0.6000000238
56278  22.198  -21.610  -23.784 0.6999999881
58211  21.464  -19.564  -24.710 0.6999999881
59263  21.286  -18.808  -25.060 0.6999999881
55259  25.777  -22.676  -22.984 0.5000000000
57191  24.101  -21.090  -24.113 0.5000000000
57218  22.435  -20.458  -24.439 0.5000000000
127423  22.119  -19.835  -24.665 0.5000000000
59262  21.809  -18.343  -25.416 0.6999999881
55258  26.608  -22.619  -22.368 0.5000000000
57216  24.332  -20.321  -24.434 0.5000000000
58208  24.615  -19.554  -24.752 0.5000000000
60165  23.436  -17.490  -25.964 0.5000000000
133004  15.194  -36.617  -28.507 0.6000000238
134459  15.621  -36.064  -28.758 0.6000000238
42963  18.430  -34.818  -29.777 0.5000000000
41956  16.495  -36.346  -29.858 0.6000000238
43913  17.656  -34.548  -29.762 0.6000000238
42945  20.463  -35.027  -28.112 0.5000000000
42962  19.199  -34.680  -29.497 0.5000000000
43912  18.277  -34.013  -29.946 0.6000000238
127717  11.304  -40.862  -22.204 0.5000000000
44907  17.702  -33.910  -29.703 0.6000000238
43883  20.780  -34.316  -27.802 0.5000000000
43897  20.313  -34.178  -28.640 0.5000000000
43882  21.328  -34.418  -27.016 0.5000000000
38607  11.892  -39.368  -21.898 0.4000000060
38608  11.274  -39.526  -22.447 0.4000000060
39743  11.949  -38.376  -22.156 0.4000000060
43864  21.888  -34.393  -26.157 0.5000000000
44872  21.030  -33.765  -27.464 0.5000000000
40811  12.201  -37.601  -22.288 0.4000000060
45792  22.513  -32.931  -25.696 0.5000000000
44851  21.489  -33.692  -26.760 0.5000000000
40810  12.666  -36.916  -22.144 0.4000000060
43782  16.478  -34.739  -19.447 0.4000000060
44766  15.965  -34.184  -19.862 0.4000000060
43792  15.001  -33.975  -20.884 0.3000000119
115667  20.821  -31.878  -16.871 0.4000000060
46687  19.996  -31.901  -17.142 0.4000000060
44741  18.181  -34.079  -18.337 0.4000000060
44742  17.405  -33.718  -18.534 0.4000000060
47686  20.396  -31.267  -16.803 0.4000000060
44718  18.019  -32.888  -17.621 0.4000000060
43773  16.697  -34.017  -19.126 0.4000000060
45680  17.639  -32.334  -17.568 0.4000000060
45700  17.367  -32.896  -18.009 0.4000000060
44757  16.255  -33.392  -19.386 0.4000000060
44758  15.693  -33.469  -19.848 0.4000000060
45679  19.618  -32.662  -17.451 0.4000000060
115296  19.143  -31.966  -17.319 0.4000000060
130040  18.794  -32.749  -17.577 0.4000000060
116168  21.231  -31.028  -16.643 0.4000000060
47687  19.562  -31.039  -16.945 0.4000000060
132370  18.273  -32.152  -17.415 0.4000000060
46688  18.579  -31.314  -17.248 0.4000000060
46689  17.632  -31.550  -17.407 0.4000000060
44743  16.841  -33.204  -18.775 0.4000000060
47689  17.274  -30.701  -17.362 0.4000000060
46707  16.436  -31.712  -18.082 0.4000000060
45711  16.425  -32.711  -19.052 0.4000000060
46683  24.369  -31.337  -17.651 0.4000000060
47685  21.302  -30.054  -16.637 0.4000000060
130701  20.432  -30.457  -16.695 0.4000000060
47683  23.599  -30.667  -17.168 0.4000000060
127601  22.916  -31.184  -16.923 0.4000000060
120899  22.171  -29.837  -16.685 0.4000000060
48672  20.532  -29.424  -16.861 0.4000000060
48673  19.636  -30.007  -16.791 0.4000000060
47688  18.788  -30.425  -17.035 0.4000000060
136084  18.052  -30.783  -17.265 0.4000000060
48675  17.968  -29.945  -17.203 0.4000000060
46690  16.770  -31.320  -17.557 0.4000000060
48692  25.419  -29.747  -18.324 0.5000000000
48668  24.872  -29.719  -17.792 0.5000000000
128987  23.996  -29.757  -17.355 0.5000000000
127078  23.071  -29.794  -16.910 0.4000000060
48670  22.503  -29.097  -16.972 0.4000000060
48671  21.581  -29.213  -16.876 0.4000000060
48674  18.938  -29.546  -17.082 0.4000000060
48669  23.400  -29.036  -17.235 0.4000000060
49595  21.952  -28.431  -17.226 0.4000000060
49596  21.027  -28.544  -17.239 0.4000000060
134706  24.370  -28.876  -17.623 0.4000000060
50494  23.261  -27.720  -17.622 0.4000000060
49594  22.838  -28.370  -17.302 0.4000000060
50496  21.433  -27.742  -17.561 0.4000000060
131052  24.274  -26.581  -18.257 0.4000000060
133269  23.428  -26.354  -18.225 0.4000000060
50518  22.831  -26.965  -17.931 0.4000000060
51379  22.476  -26.187  -18.266 0.4000000060
50531  26.367  -27.841  -18.989 0.5000000000
120352  25.894  -27.097  -18.635 0.5000000000
51378  25.162  -26.399  -18.453 0.4000000060
52339  23.117  -25.553  -18.415 0.4000000060
133500  22.242  -25.381  -18.472 0.3000000119
50530  26.737  -27.766  -19.969 0.5000000000
123983  24.870  -27.315  -18.195 0.5000000000
50517  24.179  -27.939  -17.777 0.4000000060
50495  22.341  -27.661  -17.565 0.4000000060
50520  20.964  -27.171  -17.839 0.4000000060
119022  23.800  -27.127  -17.974 0.4000000060
50519  21.743  -26.815  -17.976 0.4000000060
51392  26.291  -26.129  -18.783 0.5000000000
52338  24.193  -25.730  -18.437 0.4000000060
123109  23.649  -24.787  -18.551 0.4000000060
51391  26.963  -26.149  -19.558 0.5000000000
52337  25.309  -25.488  -18.599 0.4000000060
133236  24.549  -24.949  -18.588 0.4000000060
122058  22.813  -24.883  -18.525 0.3000000119
53256  22.136  -24.483  -18.527 0.3000000119
53257  21.297  -24.292  -18.556 0.3000000119
52355  26.790  -25.513  -19.189 0.5000000000
52354  27.189  -25.311  -19.892 0.4000000060
53282  27.255  -24.827  -20.780 0.5000000000
53254  25.355  -24.515  -18.740 0.3000000119
131974  23.660  -23.990  -18.641 0.4000000060
127536  22.989  -24.179  -18.572 0.3000000119
54197  22.437  -23.619  -18.602 0.3000000119
132854  21.801  -23.827  -18.536 0.3000000119
54198  21.255  -23.554  -18.546 0.3000000119
133566  26.249  -24.427  -18.938 0.3000000119
53271  27.255  -24.256  -19.926 0.4000000060
53281  27.313  -24.065  -20.863 0.4000000060
130928  27.158  -23.950  -21.591 0.4000000060
54250  26.884  -23.446  -22.113 0.4000000060
54195  24.936  -23.642  -18.894 0.3000000119
53255  24.352  -24.218  -18.664 0.3000000119
55217  22.542  -22.771  -18.795 0.3000000119
127837  20.589  -23.262  -18.505 0.3000000119
123639  19.781  -22.955  -18.444 0.3000000119
53253  25.888  -23.757  -18.980 0.3000000119
56212  21.831  -22.224  -18.747 0.3000000119
55218  21.202  -22.783  -18.559 0.3000000119
118906  20.500  -22.436  -18.475 0.3000000119
124419  26.717  -23.964  -19.298 0.3000000119
55244  27.406  -22.749  -20.796 0.3000000119
55245  27.192  -22.676  -21.610 0.4000000060
122387  26.138  -21.924  -22.754 0.4000000060
57190  25.754  -20.381  -23.563 0.4000000060
58209  23.752  -19.710  -24.825 0.4000000060
123825  19.771  -22.052  -18.372 0.3000000119
55233  26.337  -22.459  -19.497 0.3000000119
54224  25.483  -22.931  -19.230 0.3000000119
54223  26.454  -23.210  -19.381 0.3000000119
55232  26.930  -22.775  -19.692 0.3000000119
122414  27.389  -22.213  -20.447 0.3000000119
56242  27.045  -21.769  -21.972 0.3000000119
57171  27.177  -20.052  -22.419 0.3000000119
56251  26.487  -21.260  -22.570 0.4000000060
57172  26.448  -20.602  -22.829 0.4000000060
57215  25.170  -20.040  -24.245 0.4000000060
59259  24.959  -18.878  -25.089 0.4000000060
59260  24.132  -19.009  -25.287 0.4000000060
59277  23.692  -18.286  -25.618 0.4000000060
55239  27.312  -22.751  -20.042 0.3000000119
58174  27.159  -19.451  -22.774 0.3000000119
57189  26.544  -19.885  -23.177 0.3000000119
58207  25.395  -19.324  -24.536 0.4000000060
59275  25.482  -18.195  -25.324 0.4000000060
59276  24.559  -18.280  -25.538 0.4000000060
135956  24.700  -16.346  -26.353 0.4000000060
61092  24.264  -16.927  -26.252 0.4000000060
61093  23.183  -16.553  -26.235 0.4000000060
61094  22.084  -16.531  -26.011 0.5000000000
58188  26.724  -19.123  -23.493 0.3000000119
58206  26.089  -18.977  -24.286 0.3000000119
59258  26.169  -18.392  -24.743 0.4000000060
135807  26.236  -17.878  -25.201 0.4000000060
60163  25.849  -17.450  -25.757 0.4000000060
60164  24.935  -17.550  -25.874 0.4000000060
61091  25.330  -16.723  -26.227 0.3000000119
62040  23.231  -15.580  -26.371 0.3000000119
124745  22.447  -15.858  -26.230 0.3000000119
63054  23.119  -14.806  -26.411 0.3000000119
63055  22.305  -15.032  -26.275 0.3000000119
58187  27.410  -18.828  -22.705 0.3000000119
60135  27.334  -17.957  -23.752 0.3000000119
60148  26.812  -17.925  -24.623 0.3000000119
60162  26.747  -17.263  -25.320 0.3000000119
61090  26.939  -16.473  -25.848 0.3000000119
61105  26.165  -16.120  -26.311 0.3000000119
63061  26.192  -15.106  -26.431 0.3000000119
62038  25.105  -15.709  -26.409 0.3000000119
63053  24.086  -15.022  -26.422 0.3000000119
120924  24.322  -14.191  -26.454 0.3000000119
63052  25.104  -14.625  -26.477 0.3000000119
60134  27.778  -17.260  -23.186 0.3000000119
60147  27.422  -17.322  -24.313 0.3000000119
132210  27.011  -15.691  -26.201 0.3000000119
62037  27.070  -14.998  -26.273 0.3000000119
128847  25.941  -14.122  -26.497 0.3000000119
64021  24.965  -13.626  -26.496 0.3000000119
64020  25.880  -13.291  -26.544 0.3000000119
64968  24.356  -12.753  -26.513 0.3000000119
126811  25.305  -11.266  -27.009 0.3000000119
49593  25.261  -29.088  -18.104 0.5000000000
49611  25.861  -28.631  -18.691 0.5000000000
40880  14.774  -37.111  -27.727 0.6000000238
40920  15.275  -37.120  -29.460 0.5000000000
41957  15.683  -36.409  -29.445 0.5000000000
41939  18.294  -35.833  -29.590 0.5000000000
41955  17.459  -36.289  -29.755 0.5000000000
42927  20.946  -35.227  -27.270 0.5000000000
41923  19.572  -36.503  -28.378 0.5000000000
42947  19.046  -35.455  -29.327 0.5000000000
35014  12.784  -42.367  -22.489 0.6000000238
35015  11.948  -42.193  -22.491 0.6000000238
125378  11.886  -41.409  -22.078 0.6000000238
36228  11.182  -41.637  -22.424 0.5000000000
36229  10.660  -40.960  -22.735 0.5000000000
37436  10.913  -40.195  -22.535 0.5000000000
37449  10.352  -40.190  -23.184 0.5000000000
39745  11.106  -39.000  -22.880 0.4000000060
39744  11.272  -38.274  -22.971 0.4000000060
41850  11.907  -37.032  -22.840 0.4000000060
41859  12.166  -36.192  -22.934 0.4000000060
42839  13.734  -34.817  -21.619 0.3000000119
45721  15.230  -33.028  -20.171 0.4000000060
46708  15.802  -31.303  -18.644 0.4000000060
45712  15.758  -32.677  -19.477 0.4000000060
46691  16.104  -31.064  -17.816 0.4000000060
49597  20.113  -28.610  -17.278 0.4000000060
48676  16.928  -29.886  -17.412 0.4000000060
49600  16.584  -28.856  -17.487 0.4000000060
49598  19.237  -28.740  -17.357 0.4000000060
49599  18.350  -29.001  -17.393 0.4000000060
50497  20.552  -27.839  -17.587 0.4000000060
50499  18.690  -28.136  -17.628 0.4000000060
51380  21.565  -26.028  -18.385 0.4000000060
122057  21.401  -25.118  -18.558 0.4000000060
51381  20.957  -26.480  -18.203 0.4000000060
130705  20.729  -23.947  -18.556 0.3000000119
131282  19.812  -24.373  -18.588 0.3000000119
42926  21.604  -35.210  -26.328 0.5000000000
42849  12.942  -35.128  -22.056 0.4000000060
47705  15.613  -30.765  -18.048 0.4000000060
120336  15.912  -29.872  -17.473 0.4000000060
50498  19.632  -27.920  -17.621 0.4000000060
41849  12.848  -35.922  -22.172 0.4000000060
43911  18.981  -34.079  -29.770 0.5000000000
46686  21.668  -31.837  -16.838 0.4000000060
138662  27.131  -24.485  -21.463 0.5000000000
47684  22.643  -30.516  -16.750 0.4000000060
119829  26.713  -26.998  -19.256 0.5000000000
134462  25.630  -21.222  -23.220 0.4000000060
134922  24.165  -17.702  -25.888 0.4000000060
42964  17.589  -35.360  -29.723 0.6000000238
42946  19.770  -35.012  -28.838 0.5000000000
137635  20.548  -35.531  -27.729 0.5000000000
45681  17.052  -32.078  -17.736 0.4000000060
45701  16.748  -32.437  -18.416 0.4000000060
114978  16.230  -32.032  -18.931 0.4000000060
47682  24.580  -30.511  -17.661 0.5000000000
126342  17.510  -29.229  -17.414 0.4000000060
131592  23.604  -28.381  -17.486 0.4000000060
49612  25.072  -28.260  -18.038 0.5000000000
50516  25.618  -27.823  -18.474 0.5000000000
53273  26.209  -25.148  -18.839 0.4000000060
54239  27.361  -23.434  -20.372 0.3000000119
54249  27.310  -23.396  -21.232 0.4000000060
58189  25.947  -19.652  -23.924 0.4000000060
56227  27.046  -22.059  -19.870 0.3000000119
62039  24.106  -16.041  -26.419 0.4000000060
59243  27.212  -18.502  -23.366 0.3000000119
59244  26.735  -18.502  -24.077 0.3000000119
61089  27.519  -16.639  -24.889 0.3000000119
115694  27.645  -15.934  -25.445 0.3000000119
64967  25.216  -12.867  -26.534 0.3000000119
136926  10.019  -45.906  -26.413 0.4000000060
31802  10.105  -45.261  -26.098 0.4000000060
32883  9.631  -44.621  -26.299 0.4000000060
33937  9.675  -43.711  -26.010 0.3000000119
32871  10.166  -44.500  -25.655 0.4000000060
35067  9.641  -42.945  -25.421 0.3000000119
37512  12.123  -40.395  -27.923 0.5000000000
35048  10.220  -42.529  -23.694 0.5000000000
35049  9.751  -42.417  -24.541 0.3000000119
38686  12.935  -39.307  -27.812 0.5000000000
39835  13.496  -38.763  -28.048 0.5000000000
38702  12.966  -39.394  -28.285 0.5000000000
36244  11.134  -42.308  -22.685 0.5000000000
36245  10.473  -41.880  -23.047 0.4000000060
39813  14.008  -38.227  -27.638 0.5000000000
39854  13.850  -39.063  -28.844 0.5000000000
39853  14.498  -38.670  -29.608 0.3000000119
40901  14.591  -37.295  -28.690 0.5000000000
39834  14.140  -38.153  -28.647 0.4000000060
40921  14.802  -37.849  -29.548 0.4000000060
129359  16.241  -38.474  -29.969 0.3000000119
132396  15.672  -37.780  -29.997 0.3000000119
40918  17.037  -38.096  -29.811 0.3000000119
129466  16.419  -37.712  -30.058 0.3000000119
118554  18.335  -37.922  -28.784 0.3000000119
40900  17.760  -37.697  -29.527 0.3000000119
40917  17.825  -37.009  -29.723 0.4000000060
40919  16.069  -37.049  -30.001 0.4000000060
39756  10.665  -38.728  -23.474 0.3000000119
41922  20.055  -36.657  -27.585 0.4000000060
136749  19.249  -36.894  -28.581 0.4000000060
40899  18.417  -37.204  -29.343 0.4000000060
39755  10.735  -37.816  -23.934 0.3000000119
45702  15.607  -31.873  -19.243 0.3000000119
45713  14.979  -32.159  -19.736 0.3000000119
46709  15.134  -31.350  -19.230 0.3000000119
47706  15.143  -30.610  -18.653 0.3000000119
48677  15.591  -29.151  -17.496 0.3000000119
129047  17.734  -28.418  -17.577 0.3000000119
125463  15.667  -28.454  -17.519 0.3000000119
49603  14.383  -28.345  -17.669 0.3000000119
50521  20.124  -27.034  -17.930 0.3000000119
50523  18.089  -27.545  -17.785 0.3000000119
50500  17.087  -27.742  -17.665 0.3000000119
51382  20.145  -26.236  -18.388 0.3000000119
51383  19.538  -26.553  -18.198 0.3000000119
136711  18.307  -26.842  -17.969 0.3000000119
50524  17.578  -26.951  -17.881 0.3000000119
130097  18.827  -26.294  -18.257 0.3000000119
52343  18.294  -25.562  -18.328 0.3000000119
51384  17.940  -26.252  -18.066 0.3000000119
52340  20.742  -25.703  -18.525 0.3000000119
52341  19.927  -25.525  -18.575 0.3000000119
137081  19.520  -26.040  -18.459 0.3000000119
36302  12.263  -41.213  -27.771 0.5000000000
41938  18.971  -36.491  -29.133 0.4000000060
40820  11.353  -37.372  -23.446 0.3000000119
50522  19.039  -27.175  -17.887 0.3000000119
120594  14.934  -28.863  -17.538 0.3000000119
36260  9.828  -41.698  -23.887 0.3000000119
125280  10.099  -40.967  -23.457 0.3000000119
38621  10.193  -39.383  -23.740 0.3000000119
25180  7.826  -51.795  -24.369 0.4000000060
25181  6.850  -51.466  -24.684 0.4000000060
26327  8.189  -50.304  -25.156 0.4000000060
27420  5.813  -49.870  -25.811 0.4000000060
27427  7.098  -49.238  -26.392 0.3000000119
121506  8.010  -49.709  -25.708 0.4000000060
27418  7.382  -49.612  -25.925 0.4000000060
28493  7.836  -49.088  -26.168 0.4000000060
116986  8.547  -49.064  -25.815 0.4000000060
29599  8.045  -47.841  -27.101 0.3000000119
29614  8.360  -47.174  -27.285 0.3000000119
28509  8.438  -48.348  -26.399 0.4000000060
31826  7.954  -45.604  -27.641 0.3000000119
30707  7.535  -46.306  -27.937 0.3000000119
32893  8.218  -44.752  -27.478 0.3000000119
29598  8.786  -47.516  -26.849 0.4000000060
30706  8.200  -46.451  -27.449 0.3000000119
119688  9.505  -45.430  -26.588 0.3000000119
26318  6.801  -50.747  -24.954 0.4000000060
26328  7.282  -50.223  -25.413 0.4000000060
128636  8.598  -43.922  -27.055 0.3000000119
25179  8.860  -51.649  -24.185 0.3000000119
32907  7.457  -44.414  -28.220 0.3000000119
21860  10.297  -54.071  -23.827 0.3000000119
22921  10.572  -53.468  -23.671 0.4000000060
22923  9.047  -53.970  -23.495 0.4000000060
22929  11.484  -53.752  -24.378 0.4000000060
22941  11.689  -53.798  -24.958 0.4000000060
24017  12.490  -53.103  -24.551 0.4000000060
24019  9.447  -52.277  -23.748 0.4000000060
24030  14.117  -52.038  -25.713 0.4000000060
24047  13.498  -52.148  -26.337 0.3000000119
25177  13.125  -52.055  -24.083 0.4000000060
25178  9.735  -51.483  -24.089 0.5000000000
25194  14.429  -51.474  -25.830 0.3000000119
25195  6.074  -51.047  -24.911 0.4000000060
26294  10.881  -50.965  -23.912 0.5000000000
26312  14.196  -51.234  -24.287 0.4000000060
26317  7.550  -50.863  -24.781 0.4000000060
26325  15.259  -50.388  -25.306 0.5000000000
26329  6.313  -50.344  -25.325 0.4000000060
26337  14.975  -50.324  -25.928 0.5000000000
26339  13.837  -50.864  -26.766 0.3000000119
27364  15.230  -49.180  -22.827 0.6000000238
27380  15.370  -49.862  -23.544 0.6000000238
27384  11.682  -50.166  -23.778 0.5000000000
27401  9.709  -49.661  -24.915 0.5000000000
27417  8.719  -49.685  -25.364 0.4000000060
27419  6.687  -49.767  -25.872 0.4000000060
27425  15.393  -49.910  -25.668 0.5000000000
27428  6.280  -49.345  -26.417 0.3000000119
27437  14.562  -49.439  -26.697 0.4000000060
28434  15.057  -48.267  -22.556 0.6000000238
28455  12.377  -48.142  -23.548 0.6000000238
28469  17.082  -47.714  -24.679 0.6000000238
28472  11.313  -48.598  -24.498 0.5000000000
28473  10.845  -48.467  -24.968 0.5000000000
28508  9.243  -47.871  -26.259 0.5000000000
29531  16.732  -47.485  -22.866 0.6000000238
29544  17.285  -47.409  -23.404 0.6000000238
29545  16.891  -47.930  -23.360 0.6000000238
29547  12.795  -47.432  -23.365 0.6000000238
29563  17.504  -47.292  -24.103 0.6000000238
29578  16.803  -47.274  -25.531 0.6000000238
29579  11.132  -47.283  -25.428 0.6000000238
29596  16.274  -47.831  -25.939 0.5000000000
29613  13.692  -47.656  -27.961 0.4000000060
30625  13.832  -46.829  -22.910 0.6000000238
30662  11.515  -46.606  -25.256 0.6000000238
30677  10.861  -46.596  -25.734 0.5000000000
30689  16.653  -46.709  -26.066 0.6000000238
30691  9.497  -47.108  -26.640 0.4000000060
30692  8.918  -46.732  -27.101 0.3000000119
30705  14.737  -46.541  -27.522 0.4000000060
30717  13.678  -46.631  -28.214 0.3000000119
31722  17.264  -45.428  -21.879 0.8999999762
31753  18.540  -45.620  -23.309 0.8000000119
31754  13.471  -45.356  -23.398 0.6999999881
31783  12.460  -45.923  -24.416 0.6000000238
31785  11.263  -45.200  -24.958 0.6000000238
31799  17.427  -45.715  -25.250 0.8000000119
31801  11.119  -45.899  -25.428 0.6000000238
31811  16.589  -46.052  -26.238 0.8000000119
31812  15.799  -45.716  -26.779 0.6999999881
31814  8.764  -45.722  -27.108 0.3000000119
32797  18.428  -44.636  -21.759 0.8999999762
32799  16.843  -44.885  -21.633 0.8000000119
32812  18.981  -44.844  -22.344 0.8999999762
32830  19.376  -44.604  -23.001 1.0000000000
32833  11.974  -44.375  -23.912 0.5000000000
32850  19.263  -44.117  -23.755 1.0000000000
32852  18.375  -45.046  -24.454 0.8000000119
32869  18.092  -44.426  -24.830 0.8999999762
32880  16.482  -45.158  -26.224 0.6999999881
32882  14.584  -44.269  -27.237 0.6000000238
32884  8.976  -44.765  -26.813 0.4000000060
32892  13.977  -44.509  -27.791 0.5000000000
33857  20.198  -43.063  -21.755 0.8999999762
33860  17.774  -43.945  -21.299 0.8999999762
33872  19.966  -43.604  -22.193 0.8999999762
33874  14.752  -43.568  -22.341 0.8000000119
33889  12.387  -43.780  -23.380 0.6000000238
33908  18.996  -43.624  -24.446 1.0000000000
33910  10.427  -43.609  -24.409 0.5000000000
33911  9.962  -43.160  -24.694 0.5000000000
33923  18.398  -43.866  -24.747 0.8999999762
33926  16.235  -43.322  -25.714 0.8000000119
33946  13.178  -42.959  -27.595 0.4000000060
34988  20.023  -41.975  -20.607 0.8999999762
34989  19.124  -42.352  -20.630 0.8999999762
34991  17.086  -42.279  -20.564 0.8999999762
34998  20.366  -42.317  -21.325 0.8999999762
35013  13.364  -42.173  -22.216 0.6000000238
35029  12.349  -43.057  -22.833 0.6000000238
35030  11.527  -42.777  -22.864 0.6000000238
35031  10.858  -42.752  -23.152 0.6000000238
35092  13.802  -42.836  -26.993 0.6000000238
36178  19.924  -41.261  -19.971 0.8999999762
36197  20.643  -41.748  -20.917 0.8999999762
36227  12.666  -41.775  -22.179 0.6999999881
36301  12.941  -41.586  -27.173 0.6000000238
37395  21.587  -40.373  -20.379 0.8999999762
37413  16.445  -40.567  -19.989 0.8999999762
37422  13.465  -40.445  -20.715 0.6000000238
37433  21.604  -40.377  -22.041 1.0000000000
37434  12.151  -40.224  -21.634 0.6000000238
37435  11.552  -40.153  -22.057 0.5000000000
37463  19.710  -40.693  -24.267 1.0000000000
37479  15.297  -40.039  -25.675 0.8000000119
37493  13.978  -40.497  -26.406 0.6999999881
38550  19.066  -39.319  -18.351 1.0000000000
38567  22.411  -39.326  -20.302 0.8999999762
38570  19.388  -40.089  -18.736 1.0000000000
38573  16.754  -39.030  -19.413 0.6999999881
38593  13.945  -39.451  -20.687 0.6999999881
38609  10.722  -39.506  -23.008 0.5000000000
38669  13.320  -39.493  -27.199 0.6000000238
38703  12.297  -39.749  -28.092 0.5000000000
39694  18.766  -38.368  -18.192 0.8999999762
39711  16.461  -38.212  -19.378 0.6999999881
39712  15.784  -38.012  -19.697 0.6999999881
39752  20.618  -38.770  -23.576 1.0000000000
39754  18.771  -38.257  -23.976 0.8999999762
39765  17.338  -37.819  -24.520 0.8999999762
39781  16.256  -38.495  -25.170 0.8000000119
39799  14.199  -38.423  -26.854 0.6999999881
40765  20.302  -38.342  -17.881 0.8999999762
40778  16.823  -37.547  -19.108 0.6999999881
40799  13.313  -37.300  -21.611 0.5000000000
40812  11.726  -37.734  -22.702 0.4000000060
40817  20.927  -37.613  -23.327 1.0000000000
40863  15.177  -37.192  -26.835 0.6999999881
40881  14.323  -37.655  -27.947 0.6000000238
40898  19.409  -37.235  -27.935 0.4000000060
41797  23.535  -36.116  -18.804 0.8000000119
41836  14.922  -35.884  -20.563 0.6000000238
41866  18.049  -36.443  -24.533 0.8999999762
41904  16.255  -36.515  -26.206 0.8000000119
42781  19.629  -34.948  -18.137 0.6000000238
42858  20.884  -35.631  -23.304 1.0000000000
42860  19.514  -35.618  -23.874 0.8999999762
42928  20.148  -35.832  -28.170 0.5000000000
42965  16.819  -35.055  -29.313 0.6999999881
43806  21.809  -34.593  -22.717 1.0000000000
43898  19.695  -34.101  -29.341 0.6000000238
44715  21.570  -33.916  -17.390 0.6000000238
44716  20.089  -33.359  -17.576 0.5000000000
44717  18.488  -33.420  -17.882 0.4000000060
44765  24.828  -33.593  -19.929 0.8000000119
44767  15.380  -33.807  -20.434 0.3000000119
44819  19.257  -33.484  -24.325 1.0000000000
44820  18.671  -33.582  -24.695 0.8999999762
44837  17.448  -33.926  -25.712 0.8999999762
44850  22.141  -33.634  -25.935 0.5000000000
44906  18.777  -33.563  -29.742 0.5000000000
45739  20.691  -32.271  -22.649 1.0000000000
45815  14.830  -32.560  -26.608 0.8999999762
46705  25.059  -31.185  -18.223 0.6999999881
46738  21.928  -31.513  -22.408 1.0000000000
46751  21.189  -31.712  -22.477 1.0000000000
46754  19.264  -30.850  -23.392 1.0000000000
46771  17.537  -30.978  -23.942 0.8999999762
46785  14.619  -31.537  -25.626 0.8999999762
46801  22.059  -31.533  -25.680 0.6000000238
46802  14.620  -31.383  -26.009 0.8999999762
46814  21.121  -31.362  -25.815 0.6000000238
46832  19.095  -31.667  -27.651 0.6999999881
46835  16.050  -31.857  -27.273 0.8000000119
47690  16.440  -30.585  -17.510 0.4000000060
47691  15.847  -30.523  -17.668 0.4000000060
47819  17.959  -30.686  -26.512 0.6999999881
47821  16.236  -30.748  -26.753 0.8000000119
47823  14.785  -30.864  -26.070 0.8999999762
48705  26.094  -29.348  -19.331 0.6999999881
48743  23.412  -29.807  -22.448 0.8000000119
48745  21.620  -29.527  -22.493 0.8999999762
48749  14.957  -28.678  -22.960 0.8999999762
48757  16.492  -29.147  -23.023 1.0000000000
48758  15.188  -29.258  -23.393 0.8999999762
49602  15.060  -28.175  -17.544 0.3000000119
49639  26.212  -28.932  -22.014 0.6999999881
49674  13.895  -27.870  -23.579 0.8999999762
50548  26.609  -27.672  -22.033 0.6999999881
50555  23.610  -27.695  -22.654 0.8000000119
50557  21.131  -28.164  -23.069 0.8000000119
50558  16.711  -27.135  -22.615 1.0000000000
50576  18.126  -27.461  -23.214 1.0000000000
50616  20.130  -26.877  -26.689 0.6000000238
50619  17.401  -27.468  -26.028 0.6999999881
50620  16.687  -27.996  -25.934 0.6999999881
51399  27.106  -26.033  -20.373 0.6000000238
51430  20.904  -26.313  -23.509 0.8000000119
52377  23.141  -25.572  -23.330 0.8000000119
52381  14.989  -24.778  -22.165 0.8999999762
52382  13.966  -24.435  -22.298 1.0000000000
52398  19.320  -24.899  -23.534 0.8000000119
52400  13.858  -24.577  -22.729 0.8999999762
52433  14.954  -25.123  -24.545 0.8999999762
53272  26.834  -24.781  -19.286 0.5000000000
53300  14.494  -24.448  -22.843 0.8999999762
53330  15.042  -24.484  -24.158 0.8000000119
54199  20.014  -23.839  -18.541 0.3000000119
54222  27.097  -23.403  -19.740 0.3000000119
54322  19.431  -23.123  -25.480 0.5000000000
54323  18.068  -23.285  -25.502 0.6999999881
54326  15.701  -23.734  -24.707 0.8000000119
54327  15.346  -23.908  -24.404 0.8000000119
55263  22.013  -22.778  -23.548 0.6999999881
55267  18.247  -22.007  -23.411 0.8999999762
55268  16.505  -22.561  -23.335 0.8999999762
55290  24.339  -22.233  -23.507 0.6000000238
55291  15.447  -22.194  -23.644 0.8999999762
55292  15.322  -22.881  -23.715 0.8000000119
55308  15.180  -22.925  -24.034 0.8000000119
55328  18.055  -22.428  -25.469 0.6999999881
56250  27.128  -20.819  -22.105 0.3000000119
56256  18.011  -21.363  -23.433 0.8999999762
56257  17.153  -21.462  -23.418 0.8999999762
56281  15.383  -21.532  -23.867 0.8000000119
56300  15.395  -21.196  -24.075 0.8000000119
56319  16.392  -20.939  -24.984 0.8000000119
56320  15.769  -20.718  -24.486 0.8000000119
56341  20.869  -20.813  -26.037 0.6000000238
57177  16.566  -20.136  -23.564 0.8999999762
57178  16.045  -20.785  -23.593 0.8000000119
57192  22.716  -21.145  -24.137 0.5000000000
57194  21.613  -20.320  -24.421 0.6999999881
57195  20.286  -20.434  -24.073 0.6999999881
57197  15.625  -20.818  -23.876 0.8000000119
57251  20.469  -20.119  -26.397 0.6000000238
57264  22.422  -19.872  -27.061 0.5000000000
58193  16.336  -19.628  -23.827 0.8000000119
58194  15.858  -20.094  -24.007 0.8000000119
58210  22.851  -19.764  -24.750 0.5000000000
58214  15.909  -20.049  -24.373 0.8000000119
58224  17.247  -19.254  -25.389 0.6000000238
59246  17.824  -18.308  -24.134 0.8000000119
59247  17.099  -18.565  -24.110 0.8000000119
59248  16.585  -19.092  -24.001 0.8000000119
59264  20.454  -18.406  -24.880 0.8000000119
59265  17.142  -18.323  -25.009 0.6999999881
59266  16.744  -18.889  -24.512 0.8000000119
59279  17.770  -18.725  -25.591 0.6999999881
59290  20.352  -18.740  -27.031 0.6000000238
59291  18.528  -18.246  -26.218 0.6000000238
59292  17.890  -18.164  -25.659 0.6999999881
60150  20.150  -17.458  -25.052 0.8000000119
60167  17.701  -16.854  -25.079 0.8000000119
60189  20.111  -17.008  -27.325 0.6000000238
61097  17.982  -16.134  -24.973 0.8000000119
61118  19.858  -15.708  -27.187 0.6000000238
61128  24.176  -16.902  -28.503 0.5000000000
61130  22.439  -16.373  -28.046 0.6000000238
62044  18.240  -14.850  -25.032 0.6999999881
62045  17.928  -15.341  -24.986 0.6999999881
62051  17.949  -15.106  -25.150 0.6000000238
62074  22.112  -15.455  -28.094 0.6000000238
62087  25.949  -15.887  -28.936 0.4000000060
63080  21.100  -13.556  -27.845 0.6000000238
64023  21.168  -12.894  -26.462 0.4000000060
64024  20.406  -13.093  -26.203 0.6000000238
64040  20.393  -12.907  -27.053 0.5000000000
64050  24.732  -13.610  -28.606 0.4000000060
64054  20.847  -12.889  -27.497 0.6000000238
64982  21.602  -11.767  -26.985 0.4000000060
64995  21.158  -12.289  -27.120 0.4000000060
64996  20.697  -12.650  -26.900 0.5000000000
65009  24.354  -12.722  -28.608 0.4000000060
65012  21.278  -12.380  -27.561 0.5000000000
65959  24.974  -12.058  -26.645 0.3000000119
65990  22.919  -11.233  -28.390 0.4000000060
66002  22.879  -10.297  -28.391 0.4000000060
66914  22.686  -10.583  -27.604 0.4000000060
66921  22.752  -9.900  -27.902 0.4000000060
66929  22.694  -10.046  -28.213 0.4000000060
66938  24.011  -9.872  -29.121 0.4000000060
115898  24.540  -34.051  -20.473 0.8000000119
116099  19.264  -33.366  -17.782 0.4000000060
116823  13.626  -49.794  -27.427 0.4000000060
116915  9.182  -53.106  -23.529 0.4000000060
117269  15.867  -21.607  -24.626 0.8000000119
117994  22.088  -11.897  -26.670 0.4000000060
118498  15.201  -37.159  -20.404 0.6999999881
118524  17.031  -37.172  -29.978 0.5000000000
118705  22.162  -31.169  -16.728 0.4000000060
119525  17.462  -21.984  -25.369 0.6999999881
119678  25.607  -18.757  -24.801 0.4000000060
120295  18.692  -35.974  -24.131 0.8999999762
120454  21.828  -37.436  -18.037 0.8999999762
120941  13.870  -26.453  -23.968 0.8999999762
121064  15.878  -22.766  -23.314 0.8999999762
121099  10.156  -43.006  -24.171 0.5000000000
121662  11.493  -38.911  -22.443 0.4000000060
122053  23.464  -14.186  -26.439 0.3000000119
122257  13.749  -38.716  -20.981 0.6000000238
122276  21.598  -14.512  -28.110 0.6000000238
122438  22.295  -14.079  -26.360 0.3000000119
122608  14.151  -29.021  -25.270 0.8999999762
122743  13.893  -50.090  -23.274 0.6000000238
122751  14.846  -50.872  -24.782 0.6000000238
123727  19.951  -37.553  -17.754 0.8999999762
124488  19.845  -25.559  -23.596 0.8000000119
124641  17.124  -32.793  -24.511 0.8999999762
125205  15.223  -44.174  -26.609 0.6000000238
125496  17.381  -22.246  -23.400 0.8999999762
125598  16.742  -30.275  -26.502 0.6999999881
126023  16.864  -35.724  -29.689 0.6000000238
126108  26.233  -16.847  -26.046 0.4000000060
126579  20.154  -35.910  -23.515 1.0000000000
126716  19.505  -35.861  -28.779 0.5000000000
127058  16.656  -20.853  -23.451 0.8999999762
127130  15.764  -23.043  -24.636 0.8000000119
127265  26.081  -25.414  -22.632 0.6000000238
127769  20.599  -37.023  -23.395 0.8999999762
128088  14.379  -41.620  -20.919 0.6999999881
128469  13.654  -26.380  -23.201 0.8999999762
128889  19.387  -13.980  -25.587 0.6000000238
128896  9.722  -40.867  -24.191 0.3000000119
129045  16.335  -19.519  -24.657 0.8000000119
129367  19.769  -23.716  -25.558 0.5000000000
129501  19.633  -42.202  -24.278 1.0000000000
129605  14.197  -46.036  -23.075 0.6999999881
129674  9.200  -44.050  -26.557 0.3000000119
130343  19.061  -32.176  -29.216 0.6000000238
130724  21.856  -23.133  -18.612 0.3000000119
130818  27.336  -12.089  -29.170 0.3000000119
131230  16.704  -24.189  -25.408 0.8000000119
132323  25.474  -15.328  -28.716 0.4000000060
132532  24.571  -34.454  -19.280 0.6999999881
132571  22.922  -30.209  -25.619 0.6000000238
132881  22.659  -38.104  -19.255 1.0000000000
133397  14.151  -40.905  -20.637 0.6999999881
133435  18.236  -36.589  -29.578 0.5000000000
133494  11.223  -53.485  -23.850 0.3000000119
133605  16.295  -34.569  -27.458 0.8999999762
133693  18.536  -18.142  -24.339 0.8000000119
134019  18.775  -21.309  -25.576 0.6000000238
134957  18.931  -37.308  -28.712 0.4000000060
135207  14.504  -29.684  -25.440 0.8999999762
135416  12.369  -41.114  -21.509 0.6999999881
135829  9.197  -49.666  -25.148 0.5000000000
135927  19.685  -29.247  -17.013 0.4000000060
135955  16.194  -25.678  -22.451 1.0000000000
136231  22.749  -22.834  -23.501 0.6999999881
136232  9.459  -43.051  -26.093 0.3000000119
136267  21.901  -30.506  -16.609 0.4000000060
136553  15.864  -38.960  -29.996 0.3000000119
136648  19.777  -32.633  -23.417 1.0000000000
136694  20.226  -32.657  -28.784 0.6000000238
136888  11.936  -51.650  -23.696 0.5000000000
137149  17.868  -33.439  -17.993 0.4000000060
137518  15.540  -36.121  -28.098 0.6999999881
137610  16.826  -36.424  -19.013 0.6000000238
137762  16.683  -19.578  -23.638 0.8999999762
137851  15.969  -40.216  -25.415 0.8000000119
137935  17.504  -44.461  -25.230 0.8999999762
138172  12.999  -52.580  -25.890 0.4000000060
138192  16.974  -40.390  -25.183 0.8000000119
138207  10.826  -48.979  -24.666 0.5000000000
138567  20.366  -29.281  -22.723 1.0000000000
138811  15.006  -31.813  -26.697 0.8999999762
138926  21.416  -26.431  -18.208 0.4000000060
