#!ascii label  , from subject sub-v1s12x0050109_ses-1 vox2ras=TkReg
884
18903  25.255  -57.180  -43.140 0.3000000119
29698  23.483  -47.878  -34.236 0.6000000238
32965  20.756  -44.340  -33.395 0.6999999881
18904  24.196  -56.954  -42.713 0.4000000060
24205  23.065  -52.323  -37.850 0.4000000060
21057  24.900  -56.397  -43.499 0.5000000000
21056  25.838  -56.352  -43.636 0.5000000000
29708  23.302  -48.127  -35.037 0.6999999881
30781  22.903  -46.352  -33.597 0.6999999881
29699  23.241  -46.965  -34.203 0.5000000000
31903  22.028  -44.818  -34.426 0.6000000238
32964  21.174  -44.688  -33.689 0.6000000238
32966  19.978  -43.598  -33.932 0.6999999881
34011  20.117  -43.109  -33.276 0.6999999881
21022  23.055  -55.732  -42.349 0.5000000000
23099  23.208  -53.085  -38.403 0.4000000060
21041  23.579  -56.192  -42.716 0.6000000238
116897  22.906  -51.024  -36.936 0.4000000060
26478  22.973  -50.305  -36.695 0.5000000000
22070  23.285  -54.898  -41.946 0.6000000238
26467  23.598  -50.796  -35.771 0.6000000238
27544  23.393  -49.695  -35.853 0.6000000238
22084  24.641  -55.264  -42.556 0.6000000238
28628  22.677  -48.068  -35.875 0.6000000238
30789  22.718  -46.124  -34.779 0.6000000238
31911  21.939  -44.702  -35.603 0.6000000238
35169  20.727  -42.767  -34.529 0.6999999881
34032  20.718  -43.786  -34.669 0.6999999881
35170  19.946  -43.036  -34.221 0.6999999881
35171  19.748  -43.179  -33.930 0.6999999881
35149  20.372  -42.455  -32.754 0.6999999881
36381  20.249  -41.642  -33.477 0.6999999881
37577  19.736  -41.825  -33.045 0.6999999881
36371  19.769  -41.619  -32.804 0.6999999881
37587  20.553  -40.633  -33.053 0.6999999881
22060  22.513  -54.981  -40.890 0.5000000000
23116  22.884  -54.108  -39.538 0.5000000000
23100  22.887  -54.027  -38.635 0.5000000000
25337  22.259  -51.076  -37.726 0.4000000060
22059  23.081  -54.475  -41.288 0.5000000000
26482  21.893  -50.371  -37.575 0.5000000000
27556  22.410  -49.707  -36.863 0.6000000238
22057  24.609  -54.030  -41.278 0.6000000238
22058  23.806  -54.203  -41.319 0.5000000000
24244  24.468  -52.756  -40.667 0.5000000000
129967  22.806  -47.272  -35.851 0.6999999881
31910  22.254  -45.395  -35.498 0.6000000238
125046  22.873  -46.706  -35.418 0.6999999881
34046  21.513  -43.923  -35.157 0.6000000238
32983  21.745  -44.485  -35.755 0.6000000238
34031  21.347  -43.306  -35.009 0.6000000238
35168  21.801  -42.415  -34.848 0.6000000238
36392  21.107  -41.971  -34.240 0.6999999881
36370  20.773  -41.736  -32.384 0.6999999881
36391  22.222  -41.591  -34.575 0.6000000238
37588  19.883  -41.176  -32.605 0.6999999881
36364  19.923  -40.955  -32.443 0.6999999881
36380  21.414  -41.130  -33.840 0.6999999881
115044  22.515  -51.477  -38.169 0.4000000060
23131  23.008  -54.211  -40.429 0.5000000000
122832  23.486  -52.783  -39.278 0.4000000060
25338  21.868  -50.822  -38.142 0.5000000000
27564  21.662  -49.591  -37.500 0.6000000238
23115  23.492  -53.348  -39.967 0.4000000060
28636  22.480  -48.925  -36.295 0.6000000238
23130  23.679  -53.784  -40.716 0.4000000060
24230  23.603  -52.254  -39.768 0.4000000060
24245  23.942  -52.924  -40.403 0.4000000060
25360  23.379  -51.551  -39.623 0.4000000060
29718  22.466  -47.720  -36.286 0.6999999881
119290  22.363  -45.798  -36.037 0.6000000238
126593  21.894  -45.130  -36.168 0.6000000238
35182  22.397  -42.865  -35.485 0.6000000238
34045  22.030  -43.800  -35.804 0.6000000238
35167  22.900  -42.052  -35.213 0.6000000238
36363  20.991  -40.923  -32.058 0.6999999881
37575  20.375  -40.475  -32.358 0.6999999881
37586  21.712  -40.303  -33.417 0.6000000238
24214  23.316  -51.988  -38.802 0.4000000060
25346  22.602  -51.226  -38.873 0.4000000060
27557  21.917  -49.083  -36.987 0.6999999881
26490  22.840  -50.928  -39.195 0.4000000060
131546  22.640  -47.339  -36.376 0.8000000119
25359  24.325  -51.647  -40.268 0.5000000000
30807  22.835  -46.756  -35.920 0.6999999881
117840  22.480  -44.900  -36.380 0.6000000238
34044  22.901  -43.207  -36.050 0.5000000000
34058  22.884  -43.986  -36.384 0.6000000238
36362  22.103  -41.074  -31.559 0.6999999881
36390  24.618  -41.040  -35.418 0.6000000238
119875  23.381  -41.287  -34.990 0.6000000238
124221  20.612  -39.691  -32.007 0.8000000119
37567  21.134  -39.998  -31.716 0.8000000119
37597  23.813  -40.550  -34.741 0.6000000238
37598  22.599  -40.818  -34.225 0.6000000238
27569  22.154  -49.631  -38.355 0.5000000000
27570  21.599  -49.410  -37.864 0.6000000238
27575  23.210  -50.169  -38.994 0.5000000000
27567  24.800  -49.170  -38.694 0.6999999881
30816  22.990  -46.865  -36.168 0.6999999881
131680  23.123  -45.316  -36.454 0.6999999881
34043  23.975  -43.205  -36.271 0.6000000238
32991  23.508  -44.621  -36.583 0.6000000238
35180  24.704  -42.399  -36.015 0.6000000238
37559  22.416  -40.440  -31.299 0.6000000238
36400  24.081  -41.818  -35.503 0.6000000238
38754  21.046  -39.162  -32.071 0.6999999881
38746  21.197  -39.158  -31.903 0.6999999881
38774  24.097  -39.793  -34.409 0.6999999881
37585  22.870  -40.060  -33.828 0.6999999881
38764  21.507  -38.832  -32.456 0.6999999881
28652  22.870  -48.571  -38.077 0.5000000000
28653  22.055  -48.833  -37.948 0.6000000238
28645  21.819  -48.801  -37.313 0.6000000238
28650  25.136  -48.163  -38.059 0.6999999881
27568  23.565  -49.310  -38.456 0.6000000238
29727  22.849  -47.304  -36.888 0.6999999881
128297  24.716  -50.205  -39.392 0.6999999881
31929  23.213  -46.105  -36.468 0.6999999881
121680  24.602  -43.650  -36.547 0.5000000000
37543  23.627  -40.317  -29.473 0.5000000000
38735  23.301  -39.363  -30.584 0.6000000238
36389  25.363  -40.857  -35.380 0.6000000238
36399  25.087  -41.611  -35.707 0.6000000238
39884  21.601  -38.163  -32.178 0.6000000238
39873  22.411  -38.271  -31.409 0.5000000000
117309  22.717  -37.529  -31.393 0.5000000000
37595  25.699  -40.158  -35.191 0.6999999881
37596  24.995  -40.291  -35.304 0.6999999881
118578  22.829  -39.111  -33.349 0.6999999881
39883  22.296  -37.633  -32.410 0.5000000000
38773  25.333  -39.588  -35.096 0.6999999881
39893  24.545  -38.169  -33.947 0.6000000238
28644  22.396  -48.077  -37.515 0.6000000238
29734  24.425  -47.509  -37.519 0.6999999881
29735  23.376  -47.719  -37.545 0.6000000238
29733  25.324  -47.337  -37.449 0.6999999881
30815  23.548  -46.714  -36.518 0.6999999881
34056  24.597  -44.430  -36.811 0.6999999881
31920  23.977  -45.311  -36.764 0.6999999881
34042  25.253  -43.887  -36.458 0.6000000238
38717  23.834  -39.364  -29.228 0.4000000060
118779  25.016  -43.097  -36.272 0.5000000000
40935  23.302  -37.208  -30.909 0.4000000060
36388  25.766  -40.838  -35.085 0.6000000238
36398  25.428  -41.531  -35.382 0.6000000238
40945  22.148  -37.595  -31.938 0.5000000000
39894  23.136  -38.204  -33.208 0.5000000000
40953  22.787  -36.786  -32.236 0.4000000060
39901  25.636  -38.821  -34.910 0.6999999881
118851  25.821  -38.031  -34.756 0.5000000000
29725  25.451  -46.718  -36.929 0.6000000238
29726  24.702  -46.784  -37.078 0.6999999881
129724  24.243  -46.564  -36.732 0.6999999881
30813  26.468  -46.511  -36.630 0.6999999881
125918  25.695  -46.297  -36.538 0.6999999881
31928  24.342  -46.146  -36.747 0.6000000238
31919  25.003  -45.273  -36.924 0.6000000238
34030  25.663  -43.076  -35.228 0.6000000238
120326  25.603  -43.515  -35.799 0.5000000000
35179  25.281  -42.441  -35.756 0.6000000238
36379  25.721  -41.576  -34.176 0.6000000238
136847  25.682  -41.686  -34.937 0.6000000238
40944  22.829  -36.823  -31.737 0.5000000000
41968  23.223  -36.285  -31.318 0.4000000060
37584  26.078  -40.081  -34.947 0.6000000238
134063  23.376  -35.600  -32.101 0.4000000060
38772  26.035  -39.445  -35.066 0.6000000238
120207  26.530  -37.834  -34.785 0.5000000000
31927  25.343  -45.890  -36.547 0.6999999881
30805  27.025  -46.161  -36.430 0.6999999881
31918  25.706  -45.357  -36.384 0.6000000238
32990  25.481  -44.670  -36.653 0.6000000238
31916  27.572  -45.612  -36.489 0.6999999881
32981  25.811  -44.353  -35.998 0.5000000000
34019  25.903  -43.263  -34.297 0.6000000238
34029  26.030  -43.854  -34.755 0.6000000238
35158  25.719  -42.485  -34.115 0.6000000238
129923  25.927  -40.730  -34.438 0.6000000238
38762  26.375  -39.423  -34.662 0.6000000238
39892  26.384  -38.576  -34.895 0.5000000000
31909  27.279  -45.276  -35.782 0.6999999881
137175  26.671  -45.233  -35.581 0.6999999881
32973  26.601  -44.455  -34.604 0.6000000238
34018  26.505  -43.928  -33.762 0.5000000000
35147  26.426  -42.933  -32.361 0.6000000238
35140  26.072  -42.100  -32.062 0.6000000238
37566  25.907  -40.540  -32.504 0.6000000238
38761  26.748  -38.804  -34.204 0.5000000000
23127  25.821  -53.253  -40.860 0.5000000000
138886  25.923  -51.248  -40.546 0.5000000000
24241  27.013  -51.415  -40.724 0.5000000000
27574  25.947  -49.785  -39.414 0.6999999881
27572  28.218  -49.583  -39.941 0.6999999881
26487  27.368  -50.319  -40.243 0.5000000000
27566  25.978  -48.853  -38.755 0.6999999881
27573  26.897  -49.466  -39.466 0.6999999881
29732  26.066  -47.259  -37.297 0.6999999881
18902  26.314  -57.251  -43.043 0.3000000119
34020  20.157  -43.627  -33.590 0.6999999881
31892  22.454  -45.587  -34.054 0.6000000238
35150  19.871  -42.233  -33.224 0.6999999881
123173  21.838  -41.879  -31.808 0.6999999881
35181  23.518  -42.540  -35.776 0.6000000238
134124  21.889  -39.550  -33.126 0.6999999881
38745  22.176  -39.397  -31.457 0.6000000238
39895  22.040  -38.231  -32.657 0.6999999881
39874  21.583  -38.443  -31.897 0.6000000238
38763  24.322  -38.996  -34.108 0.6999999881
39865  23.453  -38.281  -30.491 0.5000000000
40960  24.731  -37.416  -33.652 0.5000000000
31917  26.556  -45.632  -35.951 0.6999999881
137895  26.106  -44.248  -35.270 0.5000000000
36369  25.691  -41.301  -33.012 0.6000000238
37574  26.140  -40.248  -34.020 0.6000000238
32989  26.078  -45.042  -36.012 0.6000000238
35148  25.789  -42.369  -33.027 0.6000000238
32972  27.297  -44.458  -34.576 0.5000000000
125932  28.750  -48.512  -39.034 0.6000000238
29716  32.234  -48.621  -38.274 0.6000000238
30801  33.342  -47.827  -38.467 0.4000000060
29729  30.633  -48.731  -38.885 0.5000000000
28654  28.623  -48.987  -39.390 0.6000000238
122883  23.799  -50.272  -34.781 0.5000000000
31914  32.896  -47.276  -37.347 0.4000000060
28627  23.325  -48.781  -35.400 0.5000000000
28604  23.526  -48.546  -33.523 0.5000000000
29721  31.077  -48.529  -38.894 0.5000000000
32986  33.225  -46.491  -37.147 0.4000000060
28617  23.581  -48.648  -34.412 0.5000000000
133365  23.176  -47.064  -33.190 0.5000000000
29720  32.019  -48.725  -38.802 0.6000000238
28605  23.406  -47.769  -33.317 0.5000000000
29722  29.895  -47.987  -39.020 0.5000000000
28648  27.497  -48.286  -38.501 0.6000000238
34036  34.170  -44.569  -36.453 0.4000000060
34037  33.162  -44.410  -35.919 0.4000000060
128959  33.561  -47.134  -38.560 0.4000000060
27522  20.878  -48.389  -32.587 0.5000000000
30809  31.639  -48.080  -39.141 0.5000000000
29689  22.607  -46.804  -32.715 0.5000000000
29691  20.856  -47.480  -32.357 0.5000000000
29723  28.404  -47.555  -38.025 0.6000000238
130047  26.826  -47.741  -37.743 0.6000000238
31893  21.681  -45.447  -33.304 0.5000000000
138601  21.068  -46.073  -32.144 0.5000000000
29692  20.088  -47.493  -32.297 0.4000000060
31924  30.423  -46.473  -38.345 0.5000000000
30810  30.205  -47.382  -38.644 0.5000000000
31925  29.137  -46.161  -37.736 0.6000000238
30812  27.551  -46.683  -37.235 0.6000000238
31926  28.035  -46.100  -37.157 0.6000000238
29724  26.940  -47.247  -37.261 0.6000000238
31913  33.597  -46.997  -38.151 0.4000000060
34052  34.109  -45.447  -36.960 0.4000000060
31887  21.138  -45.450  -32.448 0.5000000000
31895  20.850  -46.247  -32.003 0.5000000000
131868  19.546  -47.694  -32.025 0.4000000060
31894  21.175  -45.440  -32.637 0.6000000238
30774  20.177  -47.130  -31.776 0.4000000060
31923  32.448  -46.403  -38.693 0.6000000238
32994  30.683  -45.385  -38.047 0.6000000238
31915  29.275  -45.215  -37.342 0.6000000238
120346  28.432  -45.568  -37.022 0.6000000238
34023  34.242  -43.740  -35.843 0.4000000060
134130  20.951  -46.084  -31.757 0.5000000000
30760  19.944  -47.290  -30.800 0.4000000060
29652  19.131  -47.837  -30.179 0.4000000060
131021  33.197  -46.186  -38.684 0.6000000238
32993  34.051  -46.515  -38.396 0.4000000060
34063  31.518  -44.786  -38.063 0.6000000238
31922  33.358  -47.810  -39.047 0.6000000238
133082  30.400  -44.320  -37.391 0.6000000238
32988  28.210  -45.073  -36.456 0.6000000238
35175  33.369  -43.542  -35.377 0.4000000060
34051  34.999  -45.630  -37.675 0.4000000060
32951  21.283  -45.398  -31.721 0.6000000238
30759  20.455  -46.723  -30.404 0.5000000000
30744  19.758  -47.164  -29.817 0.5000000000
30745  18.314  -47.623  -29.687 0.5000000000
34060  35.017  -45.480  -38.465 0.4000000060
32992  34.727  -45.863  -38.290 0.4000000060
35194  33.675  -43.989  -38.077 0.5000000000
34053  31.527  -43.666  -37.689 0.5000000000
35189  30.955  -42.740  -36.897 0.5000000000
34055  29.933  -43.891  -36.695 0.6000000238
32979  29.024  -44.355  -36.396 0.6000000238
34034  36.470  -44.570  -37.322 0.4000000060
34035  35.317  -44.630  -36.875 0.4000000060
35174  35.891  -43.828  -36.393 0.4000000060
35160  35.113  -42.818  -35.433 0.4000000060
35142  21.460  -42.721  -32.076 0.6000000238
34048  37.064  -43.926  -37.572 0.4000000060
34050  35.842  -45.313  -37.881 0.4000000060
31862  21.522  -45.599  -30.599 0.6000000238
31849  20.828  -45.957  -29.080 0.5000000000
30729  19.328  -46.575  -29.093 0.4000000060
35193  34.797  -44.166  -38.160 0.4000000060
35195  32.594  -43.839  -37.933 0.5000000000
34039  30.277  -43.172  -36.354 0.5000000000
34040  29.536  -43.589  -35.942 0.6000000238
34041  28.785  -43.983  -35.519 0.6000000238
32971  27.924  -44.605  -35.489 0.6000000238
124634  37.763  -43.251  -36.704 0.4000000060
34001  22.028  -43.816  -31.485 0.6000000238
33992  22.363  -44.362  -30.521 0.6000000238
31848  21.431  -45.541  -29.607 0.5000000000
31851  18.404  -45.759  -29.024 0.5000000000
35192  36.022  -44.272  -38.226 0.4000000060
35186  33.509  -42.666  -37.789 0.5000000000
35188  31.425  -42.031  -36.983 0.5000000000
35178  29.951  -42.884  -35.571 0.5000000000
36395  36.369  -43.088  -35.944 0.4000000060
34000  22.660  -43.728  -30.660 0.6000000238
32917  21.766  -44.834  -29.175 0.5000000000
32902  21.104  -44.774  -28.628 0.5000000000
35187  32.330  -42.474  -37.656 0.5000000000
35176  30.989  -41.923  -36.403 0.4000000060
35163  30.292  -42.118  -35.281 0.4000000060
34026  29.187  -43.401  -35.107 0.4000000060
34027  28.210  -43.972  -34.636 0.6000000238
32963  26.953  -44.325  -33.967 0.4000000060
36382  38.208  -42.163  -36.261 0.4000000060
35190  37.489  -43.564  -37.361 0.4000000060
132738  22.610  -41.959  -31.116 0.6000000238
36408  36.985  -43.048  -37.753 0.4000000060
36351  22.999  -41.401  -30.595 0.5000000000
33991  22.717  -43.988  -29.891 0.5000000000
32901  21.669  -44.261  -28.673 0.5000000000
32903  20.272  -44.596  -28.428 0.4000000060
33958  22.661  -43.237  -28.828 0.4000000060
36405  32.547  -41.470  -37.258 0.5000000000
36406  31.753  -41.457  -37.029 0.5000000000
36396  31.158  -41.140  -36.391 0.6000000238
35164  29.619  -42.674  -34.758 0.4000000060
35165  28.801  -43.229  -34.232 0.4000000060
34016  27.929  -43.696  -33.711 0.4000000060
36386  30.510  -41.282  -35.086 0.5000000000
36350  23.489  -41.211  -29.594 0.5000000000
35122  23.167  -42.927  -29.413 0.6000000238
36336  23.522  -41.718  -28.871 0.4000000060
35155  28.426  -43.029  -33.346 0.5000000000
34017  27.135  -44.031  -33.398 0.5000000000
37594  30.648  -40.451  -34.935 0.5000000000
36397  30.722  -41.535  -35.850 0.5000000000
36387  29.974  -41.904  -34.467 0.5000000000
35154  29.263  -42.489  -33.897 0.5000000000
36401  37.880  -42.593  -37.444 0.4000000060
36361  25.958  -41.300  -31.716 0.5000000000
35146  27.200  -43.080  -32.180 0.4000000060
35156  27.532  -43.476  -32.899 0.5000000000
36377  29.622  -41.736  -33.604 0.5000000000
36376  30.267  -41.122  -34.201 0.5000000000
125451  23.771  -41.060  -28.652 0.4000000060
135189  26.456  -41.865  -31.355 0.4000000060
36359  27.122  -41.876  -30.946 0.4000000060
35139  26.814  -42.523  -31.587 0.5000000000
36368  28.595  -42.024  -32.255 0.5000000000
35145  28.048  -42.796  -32.474 0.5000000000
36378  28.853  -42.258  -33.077 0.5000000000
117719  29.246  -41.639  -32.848 0.5000000000
124335  28.417  -41.725  -31.599 0.4000000060
32957  20.882  -44.264  -32.844 0.6000000238
34010  21.034  -43.467  -32.464 0.6000000238
37558  23.112  -40.380  -30.552 0.5000000000
34028  27.471  -44.116  -34.020 0.4000000060
29690  21.846  -47.522  -32.287 0.5000000000
30782  22.175  -46.104  -33.030 0.5000000000
30783  21.393  -46.121  -32.410 0.5000000000
30761  19.412  -47.792  -31.289 0.4000000060
34062  32.814  -45.049  -38.275 0.6000000238
31878  20.565  -46.656  -31.359 0.6000000238
34059  35.713  -45.229  -38.264 0.4000000060
32950  21.875  -44.828  -31.104 0.6000000238
31863  20.989  -46.161  -29.995 0.5000000000
30730  18.370  -46.734  -29.379 0.5000000000
28559  17.043  -48.710  -30.550 0.5000000000
32916  22.295  -44.492  -29.722 0.5000000000
31850  20.038  -46.013  -28.778 0.5000000000
32918  21.186  -45.371  -28.939 0.5000000000
35177  30.543  -42.376  -36.050 0.5000000000
31837  19.718  -45.235  -28.558 0.5000000000
36404  33.659  -41.598  -37.330 0.5000000000
35132  23.112  -42.494  -30.314 0.6000000238
35138  27.706  -42.328  -31.650 0.4000000060
11736  22.220  -65.255  -36.274 0.3000000119
11748  23.410  -64.941  -37.974 0.3000000119
12791  22.909  -64.558  -36.652 0.3000000119
12818  25.052  -64.377  -39.254 0.3000000119
12806  23.978  -64.524  -38.188 0.3000000119
12805  24.699  -64.094  -38.468 0.3000000119
12829  26.204  -64.366  -40.346 0.3000000119
12817  25.793  -63.914  -39.559 0.3000000119
14763  25.324  -62.184  -36.827 0.3000000119
13785  25.132  -63.377  -37.948 0.3000000119
13801  26.275  -63.227  -38.922 0.3000000119
12816  26.713  -63.766  -39.781 0.3000000119
117766  25.640  -62.584  -37.624 0.3000000119
124434  27.095  -61.606  -37.540 0.3000000119
13773  26.498  -62.062  -37.782 0.3000000119
13783  26.926  -62.591  -38.524 0.4000000060
13800  27.319  -63.203  -39.249 0.4000000060
13799  28.343  -63.228  -39.653 0.4000000060
115782  29.288  -63.150  -40.395 0.3000000119
15797  29.918  -60.754  -37.331 0.3000000119
14773  28.741  -61.622  -37.816 0.4000000060
124451  29.642  -61.928  -38.559 0.4000000060
14802  29.218  -62.728  -39.287 0.4000000060
15782  29.316  -60.563  -36.784 0.3000000119
13798  29.888  -62.633  -40.327 0.4000000060
16725  30.928  -59.564  -36.075 0.4000000060
16734  30.622  -60.135  -36.899 0.4000000060
14816  30.564  -62.052  -41.045 0.4000000060
15832  31.414  -60.855  -41.153 0.3000000119
15796  30.830  -60.643  -37.783 0.4000000060
15807  30.318  -61.288  -38.171 0.3000000119
15806  31.128  -61.015  -38.677 0.4000000060
16724  31.493  -59.600  -36.821 0.4000000060
15805  31.746  -60.539  -39.271 0.5000000000
14786  30.645  -61.618  -39.148 0.4000000060
21039  25.202  -55.818  -43.324 0.5000000000
17738  31.797  -58.807  -36.015 0.4000000060
14800  30.946  -61.575  -40.440 0.4000000060
120306  27.382  -57.176  -43.083 0.3000000119
19944  28.097  -56.443  -43.779 0.4000000060
18860  31.092  -58.008  -41.411 0.3000000119
25327  23.712  -51.645  -35.106 0.4000000060
25308  23.705  -51.611  -34.137 0.4000000060
25371  24.647  -52.222  -40.652 0.4000000060
24243  25.249  -52.598  -40.808 0.4000000060
23128  24.957  -53.310  -40.959 0.4000000060
16733  32.060  -59.636  -37.652 0.4000000060
15795  31.577  -60.367  -38.235 0.3000000119
22068  25.065  -54.583  -41.809 0.4000000060
17747  32.240  -59.145  -36.809 0.4000000060
19945  27.125  -56.720  -44.068 0.4000000060
15816  31.733  -60.397  -40.523 0.4000000060
21037  27.224  -55.894  -43.488 0.5000000000
15831  31.579  -60.168  -41.508 0.5000000000
19933  28.543  -56.223  -43.344 0.4000000060
18901  28.305  -56.823  -43.396 0.4000000060
17779  31.727  -59.151  -41.809 0.3000000119
18900  29.014  -56.535  -42.967 0.4000000060
120938  23.620  -49.952  -33.709 0.4000000060
118188  25.057  -51.083  -40.161 0.4000000060
17746  32.869  -58.737  -37.327 0.4000000060
16740  32.680  -59.207  -38.305 0.4000000060
117498  25.609  -53.955  -41.271 0.4000000060
21021  25.698  -55.165  -42.427 0.5000000000
16748  32.602  -59.287  -39.375 0.4000000060
21020  26.680  -55.337  -42.463 0.5000000000
129853  34.119  -57.576  -38.009 0.4000000060
17760  33.871  -58.049  -39.105 0.4000000060
17754  33.028  -58.733  -38.919 0.4000000060
17761  33.149  -58.616  -39.901 0.5000000000
17777  33.083  -58.042  -41.199 0.5000000000
22056  26.524  -54.280  -41.259 0.4000000060
121328  27.774  -55.260  -41.553 0.5000000000
18828  35.126  -56.732  -37.718 0.4000000060
18859  32.600  -57.631  -42.084 0.5000000000
21036  28.201  -56.004  -43.539 0.4000000060
119283  32.043  -58.381  -41.987 0.4000000060
18881  30.976  -56.723  -42.128 0.4000000060
18882  29.742  -56.478  -42.403 0.4000000060
19921  29.289  -56.077  -42.902 0.4000000060
23114  26.578  -53.120  -40.723 0.4000000060
24228  27.166  -52.368  -40.674 0.3000000119
18843  34.463  -57.227  -39.915 0.4000000060
17776  33.891  -57.002  -40.896 0.4000000060
22055  27.216  -54.469  -40.602 0.4000000060
28558  17.803  -48.649  -30.607 0.4000000060
19886  36.062  -56.017  -38.452 0.4000000060
128494  35.826  -56.138  -39.514 0.4000000060
18858  33.428  -56.931  -41.950 0.5000000000
18879  32.808  -56.602  -42.254 0.5000000000
21000  27.640  -54.895  -40.851 0.5000000000
20999  28.286  -55.299  -41.031 0.4000000060
19892  36.023  -55.450  -40.041 0.4000000060
18880  32.073  -56.629  -42.298 0.4000000060
21035  28.969  -55.928  -43.075 0.4000000060
19920  30.289  -55.909  -42.366 0.4000000060
21017  29.686  -55.841  -42.570 0.4000000060
25369  28.265  -51.389  -40.589 0.4000000060
22047  26.833  -53.949  -40.356 0.3000000119
18842  35.060  -56.309  -40.502 0.4000000060
19902  34.230  -56.225  -41.492 0.4000000060
138464  27.251  -54.354  -40.002 0.3000000119
19901  35.071  -55.612  -40.821 0.4000000060
20995  33.471  -55.516  -41.389 0.4000000060
19903  33.320  -56.134  -42.050 0.4000000060
19918  32.359  -56.046  -42.397 0.5000000000
22042  35.857  -54.030  -39.430 0.4000000060
22054  34.101  -54.796  -40.315 0.4000000060
21015  31.812  -55.788  -42.306 0.4000000060
21016  30.780  -55.756  -42.286 0.4000000060
133912  29.057  -55.557  -40.969 0.4000000060
20996  32.357  -55.448  -41.567 0.4000000060
13849  26.703  -62.404  -44.050 0.3000000119
15786  25.824  -61.434  -36.448 0.3000000119
15799  28.236  -61.167  -37.075 0.3000000119
116555  30.088  -59.889  -36.152 0.4000000060
17737  32.715  -58.338  -36.361 0.4000000060
136800  33.562  -57.992  -37.424 0.4000000060
18821  34.166  -57.129  -36.172 0.4000000060
19878  35.803  -55.839  -37.645 0.4000000060
23113  27.177  -53.336  -39.745 0.3000000119
22025  36.464  -53.932  -38.697 0.4000000060
25358  28.692  -51.694  -40.367 0.4000000060
136324  27.474  -53.702  -39.044 0.4000000060
22046  27.403  -54.132  -39.471 0.4000000060
22027  33.421  -53.843  -38.576 0.4000000060
20985  32.948  -54.919  -40.527 0.4000000060
122435  31.823  -55.102  -40.457 0.4000000060
20997  31.339  -55.512  -41.503 0.4000000060
20987  29.680  -55.525  -40.248 0.3000000119
20988  28.609  -55.226  -39.990 0.4000000060
20973  32.443  -54.595  -39.404 0.4000000060
21038  26.222  -55.806  -43.348 0.4000000060
27571  29.840  -49.947  -40.058 0.4000000060
11760  23.591  -65.295  -38.528 0.3000000119
12796  23.563  -64.236  -37.410 0.3000000119
11771  24.742  -65.013  -39.792 0.3000000119
12874  26.025  -63.580  -44.557 0.3000000119
12873  26.757  -63.087  -44.350 0.3000000119
12804  25.435  -63.651  -38.727 0.3000000119
13774  25.941  -61.913  -37.157 0.3000000119
117712  26.192  -62.678  -38.236 0.4000000060
14788  27.379  -61.982  -38.120 0.3000000119
15798  29.054  -61.013  -37.223 0.3000000119
13782  28.020  -62.615  -38.728 0.4000000060
15783  28.624  -60.603  -36.615 0.3000000119
16749  32.144  -59.870  -39.956 0.4000000060
17778  32.386  -58.791  -41.695 0.5000000000
16766  32.597  -59.139  -40.657 0.5000000000
18829  34.254  -57.298  -37.073 0.4000000060
19919  31.441  -55.902  -42.459 0.4000000060
121183  30.456  -55.586  -41.291 0.4000000060
128146  29.304  -50.312  -37.580 0.4000000060
27563  30.181  -49.935  -38.249 0.4000000060
28635  29.337  -49.167  -36.814 0.4000000060
30803  31.420  -48.113  -37.239 0.3000000119
28634  30.908  -48.968  -38.345 0.5000000000
27565  30.437  -50.075  -39.168 0.4000000060
28647  29.994  -49.223  -39.258 0.4000000060
27501  34.729  -49.258  -33.151 0.3000000119
27518  35.408  -48.834  -33.908 0.3000000119
30780  29.879  -46.265  -33.303 0.3000000119
31902  29.741  -45.864  -34.387 0.3000000119
32969  31.650  -44.761  -34.911 0.3000000119
32976  33.194  -45.447  -36.524 0.3000000119
28600  35.140  -48.045  -33.609 0.3000000119
29686  33.601  -47.009  -33.214 0.3000000119
30779  31.078  -46.413  -32.737 0.3000000119
26418  33.613  -50.187  -32.995 0.3000000119
28586  34.490  -47.969  -32.493 0.3000000119
32970  30.977  -44.566  -34.161 0.3000000119
34024  32.422  -43.595  -34.754 0.3000000119
130306  34.172  -46.803  -32.672 0.3000000119
34008  30.926  -43.910  -32.456 0.3000000119
30771  33.798  -45.758  -31.963 0.3000000119
31884  33.255  -45.179  -31.963 0.3000000119
31876  32.830  -44.855  -31.650 0.3000000119
33999  31.597  -43.791  -31.605 0.3000000119
28570  33.841  -47.535  -31.895 0.3000000119
117611  31.680  -43.340  -33.855 0.3000000119
132516  32.190  -42.887  -34.067 0.3000000119
35161  33.933  -42.726  -34.944 0.3000000119
123269  33.308  -44.729  -31.171 0.3000000119
34014  31.322  -43.263  -32.936 0.3000000119
36373  33.440  -41.419  -33.683 0.3000000119
33998  31.788  -43.178  -31.116 0.3000000119
36366  31.779  -41.923  -32.112 0.3000000119
36375  31.981  -42.026  -32.997 0.3000000119
36374  32.306  -41.380  -32.612 0.3000000119
123268  35.558  -42.250  -35.139 0.3000000119
121766  33.829  -41.843  -34.273 0.3000000119
36384  34.621  -42.007  -34.665 0.3000000119
36383  36.692  -42.245  -35.512 0.3000000119
36394  38.460  -42.519  -37.035 0.3000000119
37600  39.171  -41.450  -36.858 0.3000000119
37604  38.864  -41.521  -37.164 0.3000000119
30804  30.008  -47.778  -36.450 0.3000000119
29707  30.014  -48.804  -37.221 0.4000000060
32977  32.198  -45.531  -35.898 0.3000000119
35162  32.851  -42.774  -34.509 0.3000000119
26477  28.904  -50.346  -36.770 0.5000000000
28585  34.917  -47.703  -33.091 0.3000000119
32962  30.554  -44.517  -33.197 0.3000000119
31891  29.812  -45.717  -33.646 0.3000000119
129321  30.268  -45.822  -34.973 0.3000000119
31907  31.593  -46.273  -35.920 0.3000000119
30772  32.654  -45.619  -32.272 0.3000000119
29677  34.396  -47.107  -32.554 0.3000000119
34025  31.648  -44.061  -34.411 0.3000000119
137124  31.040  -44.656  -32.133 0.3000000119
35137  31.578  -42.541  -31.606 0.3000000119
36365  32.100  -41.251  -31.759 0.3000000119
35152  32.405  -42.301  -33.764 0.3000000119
129202  32.712  -43.840  -30.857 0.3000000119
126787  32.675  -41.646  -33.395 0.3000000119
22045  28.165  -54.600  -39.197 0.3000000119
20976  29.129  -54.968  -39.127 0.4000000060
22011  30.236  -54.206  -37.633 0.4000000060
23086  29.689  -53.869  -37.044 0.4000000060
22032  27.850  -53.987  -38.684 0.3000000119
24193  29.785  -52.610  -36.504 0.4000000060
23076  30.530  -53.280  -36.865 0.3000000119
23097  28.246  -53.858  -37.865 0.4000000060
24194  28.622  -52.541  -36.662 0.4000000060
25326  29.437  -51.102  -36.023 0.3000000119
23088  28.004  -53.191  -37.530 0.3000000119
139088  28.318  -53.137  -36.888 0.4000000060
25331  28.958  -51.821  -36.350 0.4000000060
25336  28.412  -51.752  -38.111 0.3000000119
125345  28.878  -50.992  -37.631 0.4000000060
27543  29.022  -49.700  -36.321 0.4000000060
24204  27.941  -52.515  -38.331 0.3000000119
25344  29.590  -51.179  -39.326 0.3000000119
26485  29.833  -50.910  -40.298 0.3000000119
25345  28.684  -51.740  -39.494 0.3000000119
120381  28.721  -51.047  -36.588 0.4000000060
22012  29.121  -54.247  -37.529 0.4000000060
16710  29.594  -59.590  -35.531 0.3000000119
20986  30.745  -55.398  -40.234 0.3000000119
17697  26.072  -59.156  -32.979 0.3000000119
134669  26.761  -59.713  -34.486 0.3000000119
16711  28.716  -59.678  -35.428 0.3000000119
16709  30.369  -59.465  -35.581 0.3000000119
22030  29.649  -54.648  -38.277 0.3000000119
20974  31.272  -54.935  -39.262 0.3000000119
17695  27.561  -58.521  -33.401 0.3000000119
16693  28.328  -59.315  -34.726 0.3000000119
17714  27.951  -58.942  -34.043 0.3000000119
17726  31.089  -58.990  -35.167 0.3000000119
17724  32.749  -58.163  -35.342 0.3000000119
22029  30.781  -54.553  -38.372 0.3000000119
18758  26.909  -57.903  -31.958 0.3000000119
17694  28.396  -58.312  -33.511 0.3000000119
18777  27.991  -57.839  -32.888 0.3000000119
17712  29.683  -58.626  -34.254 0.3000000119
17713  28.788  -58.795  -34.149 0.3000000119
17725  31.959  -58.461  -35.086 0.3000000119
18776  28.957  -57.578  -32.905 0.3000000119
17693  29.288  -58.183  -33.574 0.3000000119
17711  30.667  -58.471  -34.318 0.3000000119
18792  30.250  -58.021  -33.540 0.3000000119
18822  33.502  -57.627  -35.707 0.3000000119
18820  34.807  -56.530  -36.956 0.3000000119
20956  36.186  -54.953  -37.639 0.3000000119
18756  28.473  -57.316  -32.230 0.3000000119
18808  33.526  -57.359  -34.665 0.3000000119
18790  32.269  -57.741  -33.795 0.3000000119
18807  34.009  -57.072  -35.356 0.3000000119
22028  32.102  -54.179  -38.503 0.3000000119
18755  29.869  -57.104  -32.457 0.3000000119
138234  29.209  -57.060  -32.218 0.3000000119
18774  30.760  -57.276  -32.700 0.3000000119
18791  31.393  -57.756  -33.471 0.3000000119
19846  33.879  -56.647  -34.898 0.3000000119
19860  35.235  -55.821  -37.098 0.3000000119
22026  35.451  -53.675  -38.556 0.3000000119
23085  31.159  -53.666  -37.352 0.3000000119
120298  31.696  -57.031  -32.773 0.3000000119
18789  33.062  -57.252  -33.764 0.3000000119
20928  33.975  -56.094  -35.525 0.3000000119
22007  35.839  -53.965  -37.875 0.3000000119
17715  27.155  -59.153  -33.910 0.3000000119
16694  27.540  -59.462  -34.582 0.3000000119
11770  25.407  -64.650  -40.056 0.3000000119
13784  25.727  -63.087  -38.279 0.4000000060
13865  26.017  -62.816  -44.525 0.3000000119
14762  26.557  -61.487  -37.043 0.3000000119
14772  29.540  -61.356  -37.788 0.4000000060
14774  27.807  -61.553  -37.640 0.3000000119
14787  28.765  -62.225  -38.466 0.4000000060
14801  30.184  -62.181  -39.715 0.4000000060
14815  30.997  -61.233  -41.724 0.3000000119
15817  31.327  -61.073  -39.835 0.5000000000
16679  26.353  -59.414  -33.752 0.3000000119
16712  27.885  -59.757  -35.278 0.3000000119
16726  29.189  -60.105  -36.167 0.4000000060
16735  29.823  -60.303  -36.655 0.4000000060
16741  32.183  -59.909  -38.738 0.4000000060
16767  32.012  -59.693  -41.248 0.5000000000
17710  31.670  -58.291  -34.375 0.3000000119
17727  30.094  -59.099  -34.957 0.3000000119
17728  29.187  -59.219  -34.828 0.3000000119
17736  33.491  -57.825  -36.674 0.4000000060
17745  33.339  -58.471  -38.139 0.4000000060
18757  27.651  -57.585  -32.132 0.3000000119
18775  29.812  -57.640  -33.028 0.3000000119
18809  32.625  -57.982  -34.437 0.3000000119
18835  34.934  -56.930  -38.881 0.4000000060
18884  28.023  -57.203  -42.370 0.4000000060
18911  27.629  -56.754  -43.919 0.4000000060
18912  26.871  -57.049  -43.835 0.4000000060
18913  26.069  -57.057  -43.621 0.3000000119
19819  29.678  -56.546  -31.980 0.3000000119
19861  34.283  -56.547  -36.101 0.3000000119
19877  36.700  -55.146  -38.258 0.4000000060
19891  36.673  -55.307  -39.133 0.4000000060
19934  25.503  -56.802  -43.641 0.5000000000
19935  24.141  -56.546  -43.083 0.5000000000
19946  26.411  -56.761  -43.909 0.4000000060
20939  34.518  -55.644  -36.772 0.3000000119
20957  35.394  -54.930  -37.373 0.3000000119
20972  37.009  -54.556  -38.896 0.4000000060
20975  30.187  -55.161  -39.139 0.3000000119
20983  36.631  -54.799  -39.551 0.4000000060
20984  35.859  -54.791  -40.095 0.4000000060
20989  27.729  -54.744  -40.040 0.5000000000
20994  34.679  -55.241  -40.731 0.4000000060
20998  29.801  -55.681  -41.711 0.4000000060
21001  27.146  -54.902  -41.517 0.4000000060
21002  22.381  -55.904  -41.228 0.5000000000
21014  32.632  -55.860  -42.130 0.4000000060
21018  28.340  -55.644  -42.377 0.4000000060
21019  27.539  -55.532  -42.445 0.5000000000
21040  24.312  -55.976  -43.122 0.5000000000
21054  27.618  -56.443  -43.890 0.4000000060
21055  26.805  -56.379  -43.837 0.4000000060
22006  36.632  -54.439  -38.244 0.4000000060
22008  34.762  -53.454  -38.096 0.3000000119
22010  31.677  -53.899  -37.854 0.3000000119
22031  28.639  -54.440  -38.358 0.4000000060
22041  36.549  -54.342  -39.360 0.4000000060
22043  34.766  -54.051  -39.412 0.4000000060
22044  33.611  -54.329  -39.446 0.4000000060
22053  35.103  -54.573  -40.033 0.4000000060
22067  25.883  -54.503  -41.730 0.5000000000
22069  24.116  -54.685  -41.902 0.6000000238
22071  22.724  -55.302  -41.740 0.5000000000
22085  23.758  -55.464  -42.463 0.6000000238
23077  29.142  -53.301  -36.734 0.4000000060
23087  28.629  -53.736  -37.054 0.4000000060
23098  27.663  -53.302  -38.599 0.3000000119
23129  24.249  -53.470  -40.839 0.5000000000
24183  30.460  -51.883  -36.164 0.3000000119
24203  28.110  -52.494  -37.321 0.4000000060
24213  27.729  -52.433  -39.646 0.3000000119
24229  23.972  -52.237  -40.297 0.4000000060
24242  26.228  -52.402  -40.770 0.5000000000
25357  29.400  -51.387  -40.198 0.3000000119
25370  25.494  -51.808  -40.741 0.5000000000
26483  22.132  -50.542  -38.582 0.4000000060
26484  21.406  -50.098  -38.013 0.6000000238
26486  28.954  -50.511  -40.517 0.4000000060
26488  26.029  -50.664  -40.114 0.5000000000
26489  23.825  -50.933  -39.644 0.4000000060
26491  28.256  -50.986  -40.693 0.4000000060
27500  34.998  -48.355  -33.237 0.3000000119
27504  23.374  -49.283  -33.090 0.5000000000
27521  23.603  -49.165  -33.822 0.5000000000
27536  23.692  -49.408  -34.660 0.5000000000
27555  29.228  -49.757  -37.160 0.5000000000
27562  30.375  -49.422  -38.561 0.4000000060
28637  22.056  -48.436  -36.604 0.6000000238
28642  30.556  -49.150  -38.095 0.5000000000
28643  30.254  -49.480  -37.934 0.5000000000
28646  30.553  -49.112  -38.763 0.4000000060
28649  26.231  -48.043  -38.008 0.6999999881
28651  24.080  -48.402  -38.022 0.6999999881
28655  27.180  -48.780  -39.028 0.6999999881
29653  18.304  -48.236  -30.110 0.5000000000
29654  17.460  -48.022  -30.028 0.5000000000
29664  33.961  -46.562  -31.958 0.3000000119
29678  33.264  -46.314  -32.531 0.3000000119
29679  22.841  -47.792  -32.562 0.5000000000
29685  34.673  -47.330  -33.190 0.3000000119
29709  23.098  -47.436  -35.187 0.6999999881
29717  31.081  -48.701  -37.846 0.4000000060
29728  22.011  -47.839  -36.826 0.6999999881
29730  29.589  -48.432  -39.022 0.5000000000
29731  27.928  -47.941  -38.164 0.6000000238
30728  20.294  -46.555  -29.408 0.5000000000
30773  30.884  -45.847  -32.569 0.3000000119
30784  20.777  -46.647  -32.054 0.5000000000
30798  22.574  -46.071  -35.720 0.6000000238
30802  32.675  -48.191  -37.897 0.3000000119
30806  26.087  -45.960  -36.232 0.6999999881
30808  32.716  -48.342  -38.795 0.6000000238
30811  28.827  -46.928  -37.903 0.6000000238
30814  24.977  -46.339  -36.776 0.6999999881
31836  20.554  -45.382  -28.678 0.5000000000
31852  17.627  -46.019  -29.509 0.5000000000
31875  33.379  -45.275  -31.375 0.3000000119
31877  21.054  -46.205  -31.004 0.6000000238
31885  31.800  -45.209  -32.189 0.3000000119
31886  30.346  -45.518  -32.772 0.3000000119
31901  30.288  -45.251  -34.058 0.3000000119
31908  29.729  -46.360  -34.994 0.3000000119
31921  22.466  -45.587  -36.262 0.6000000238
32935  21.980  -45.010  -30.116 0.6000000238
32948  32.981  -44.374  -30.888 0.3000000119
32949  32.753  -44.344  -31.330 0.3000000119
32956  21.443  -44.412  -31.984 0.6000000238
32974  21.437  -44.220  -34.747 0.6000000238
32975  20.413  -44.061  -34.149 0.6999999881
32978  31.150  -45.333  -34.929 0.3000000119
32980  26.451  -44.750  -35.404 0.6000000238
32982  21.997  -44.549  -36.204 0.6000000238
32984  35.282  -45.541  -38.215 0.4000000060
32985  34.223  -46.274  -37.798 0.4000000060
32987  29.778  -44.525  -37.153 0.6000000238
33976  22.354  -44.054  -29.051 0.5000000000
34007  31.278  -43.202  -32.003 0.3000000119
34009  26.755  -43.662  -32.794 0.4000000060
34015  31.081  -43.901  -33.482 0.3000000119
34021  19.825  -43.226  -33.755 0.6999999881
34022  34.826  -43.501  -35.840 0.4000000060
34033  20.031  -43.535  -34.234 0.6999999881
34038  32.342  -44.567  -35.354 0.3000000119
34047  37.264  -43.667  -37.525 0.4000000060
34049  36.466  -44.481  -37.771 0.4000000060
34054  30.684  -43.671  -37.158 0.5000000000
34057  23.932  -43.934  -36.574 0.5000000000
34061  34.241  -45.640  -38.579 0.4000000060
35121  23.369  -42.081  -29.545 0.6000000238
35141  22.524  -42.886  -31.124 0.6000000238
35144  31.557  -42.602  -32.500 0.3000000119
35151  19.855  -42.692  -33.576 0.6999999881
35153  31.794  -42.688  -33.386 0.3000000119
35157  26.146  -43.211  -33.264 0.6000000238
35159  19.873  -42.580  -33.662 0.6999999881
35166  25.613  -42.367  -35.081 0.6000000238
35172  37.741  -43.332  -37.194 0.4000000060
35173  37.084  -43.976  -36.859 0.4000000060
35183  37.400  -43.714  -37.374 0.4000000060
35184  37.106  -44.053  -37.352 0.4000000060
35191  36.786  -43.894  -37.844 0.4000000060
36385  33.138  -42.047  -34.118 0.3000000119
36393  20.241  -42.407  -34.072 0.6999999881
36407  37.552  -43.377  -37.421 0.4000000060
37568  20.421  -40.419  -32.210 0.6999999881
37576  19.476  -41.027  -32.746 0.6999999881
37592  35.457  -41.521  -34.445 0.3000000119
38765  20.979  -39.736  -32.489 0.6999999881
39875  21.320  -38.735  -32.142 0.6000000238
41976  22.909  -36.024  -31.938 0.4000000060
115018  28.114  -61.943  -38.186 0.3000000119
116500  22.932  -51.827  -37.205 0.4000000060
116650  31.305  -60.084  -37.477 0.4000000060
117045  27.005  -44.913  -35.150 0.6999999881
118667  29.983  -50.520  -38.724 0.4000000060
120076  32.128  -47.306  -39.046 0.6000000238
120125  20.417  -43.348  -34.522 0.6999999881
120370  28.455  -51.765  -37.052 0.4000000060
120784  29.075  -55.697  -42.106 0.4000000060
121048  29.599  -46.314  -34.254 0.3000000119
122112  21.701  -46.692  -32.331 0.5000000000
122693  30.095  -50.573  -39.607 0.3000000119
122879  23.802  -46.964  -37.055 0.6999999881
123377  26.308  -53.730  -41.009 0.4000000060
123783  23.039  -43.340  -30.133 0.5000000000
125641  27.821  -51.827  -40.551 0.3000000119
126879  20.928  -46.837  -32.174 0.5000000000
127137  23.222  -53.460  -39.185 0.5000000000
127417  29.368  -56.983  -42.221 0.4000000060
128201  31.841  -57.486  -42.057 0.4000000060
128556  30.564  -46.530  -35.594 0.3000000119
129114  33.610  -56.550  -34.028 0.3000000119
130054  29.086  -51.205  -40.622 0.4000000060
130194  34.048  -46.475  -32.252 0.3000000119
130516  31.659  -42.822  -37.522 0.5000000000
130918  23.529  -50.655  -33.194 0.4000000060
131375  37.535  -43.798  -37.042 0.4000000060
132132  22.706  -46.205  -36.113 0.6999999881
132504  24.738  -56.817  -43.323 0.3000000119
132638  22.860  -43.554  -29.410 0.5000000000
133046  34.169  -55.806  -41.398 0.4000000060
134198  19.263  -45.769  -28.737 0.5000000000
134437  34.276  -48.766  -32.525 0.3000000119
134487  26.432  -54.780  -41.862 0.5000000000
135292  19.001  -47.259  -29.550 0.5000000000
135311  19.939  -40.877  -32.462 0.6999999881
135347  35.091  -56.693  -39.737 0.4000000060
135606  26.032  -46.758  -36.849 0.6999999881
135678  30.192  -45.112  -33.110 0.3000000119
136438  23.791  -51.022  -34.741 0.4000000060
136528  23.212  -51.601  -39.334 0.4000000060
136539  34.421  -53.724  -38.668 0.4000000060
136641  24.094  -49.682  -38.860 0.6999999881
138028  33.740  -57.902  -40.220 0.4000000060
139180  30.525  -49.293  -38.354 0.4000000060
