#!ascii label  , from subject sub-v1s12x0050109_ses-1 vox2ras=TkReg
1781
37602  31.114  -40.371  -36.084 0.6000000238
116883  32.777  -40.554  -36.839 0.5000000000
38770  31.475  -39.332  -35.278 0.6999999881
116193  31.224  -39.075  -34.321 0.6000000238
38760  30.737  -39.596  -33.688 0.6000000238
38751  30.716  -39.547  -32.651 0.6000000238
37608  32.171  -39.796  -36.257 0.6999999881
119226  31.467  -39.847  -35.967 0.6000000238
38771  30.831  -39.730  -34.697 0.5000000000
37582  30.465  -40.326  -33.985 0.5000000000
37572  30.404  -40.244  -32.985 0.6000000238
38786  33.091  -39.744  -36.402 0.5000000000
37609  31.748  -40.590  -36.571 0.5000000000
37603  30.831  -40.695  -35.714 0.6000000238
37564  30.178  -40.059  -32.079 0.6000000238
35186  33.509  -42.666  -37.789 0.5000000000
35185  34.760  -42.908  -37.707 0.5000000000
39880  32.410  -37.988  -32.789 0.6000000238
39870  31.587  -38.447  -31.696 0.6999999881
39907  32.886  -38.654  -35.442 0.6000000238
39900  31.899  -38.662  -34.789 0.6999999881
115698  32.335  -38.115  -33.543 0.6000000238
39881  31.845  -38.505  -32.761 0.6000000238
38740  31.124  -38.953  -32.216 0.6000000238
38781  32.521  -39.137  -35.932 0.6000000238
38769  32.178  -38.850  -35.446 0.6999999881
38741  30.552  -39.436  -31.674 0.6000000238
37607  33.940  -40.675  -36.856 0.5000000000
38780  33.417  -39.074  -35.906 0.5000000000
38742  29.931  -39.962  -31.140 0.6000000238
36404  33.659  -41.598  -37.330 0.5000000000
38732  29.610  -39.800  -30.189 0.6000000238
36403  34.988  -41.819  -37.384 0.5000000000
38733  28.700  -40.141  -29.738 0.6000000238
38714  28.183  -39.775  -28.909 0.6999999881
37540  27.731  -40.283  -29.478 0.6000000238
38715  27.225  -39.590  -29.038 0.6999999881
37541  26.901  -40.221  -29.692 0.6000000238
38716  26.681  -39.529  -29.783 0.6000000238
39864  26.619  -38.402  -30.668 0.6000000238
38734  26.442  -39.115  -30.527 0.6000000238
43000  26.581  -35.691  -33.883 0.5000000000
43932  25.779  -33.945  -32.322 0.6999999881
115596  26.035  -34.720  -33.138 0.6000000238
44925  26.142  -33.260  -31.922 0.8000000119
42985  24.903  -34.438  -32.210 0.6999999881
40940  32.553  -37.472  -31.511 0.6000000238
40941  31.936  -37.911  -31.157 0.6999999881
39888  32.959  -37.999  -34.602 0.6999999881
135002  32.360  -38.183  -34.390 0.6999999881
40957  32.824  -37.679  -33.305 0.6000000238
39871  30.967  -38.837  -31.238 0.6999999881
136892  31.372  -38.324  -30.907 0.6999999881
39906  33.822  -38.479  -35.375 0.6000000238
39898  33.209  -38.269  -35.020 0.6000000238
39862  30.803  -38.574  -30.248 0.8000000119
129458  35.782  -39.270  -36.067 0.5000000000
38779  34.537  -39.107  -35.927 0.5000000000
39845  30.346  -38.514  -29.279 0.8000000119
38731  30.344  -39.305  -30.704 0.6000000238
38784  35.600  -40.023  -36.494 0.5000000000
38785  34.240  -39.832  -36.411 0.5000000000
39846  29.511  -38.889  -28.865 0.8000000119
36409  36.081  -43.076  -37.877 0.5000000000
39847  28.560  -39.126  -28.543 0.8000000119
39827  28.034  -38.639  -28.135 0.8000000119
116366  29.130  -39.519  -29.289 0.6999999881
124707  27.069  -38.055  -29.204 0.6999999881
39828  27.365  -38.719  -28.696 0.6999999881
41966  27.359  -36.796  -30.738 0.6999999881
40914  27.242  -37.258  -29.459 0.6999999881
39848  26.743  -38.729  -29.636 0.6999999881
39863  26.898  -37.736  -30.335 0.6000000238
126957  27.908  -35.545  -32.260 0.6999999881
40932  27.291  -37.187  -31.809 0.6999999881
42990  27.858  -35.265  -33.549 0.6999999881
41981  27.727  -36.057  -33.494 0.6000000238
133037  26.764  -34.355  -33.254 0.8000000119
43940  27.786  -34.544  -33.470 0.8000000119
41989  27.531  -35.890  -34.000 0.6000000238
44924  27.123  -33.192  -32.421 0.8999999762
43923  24.977  -34.081  -31.024 0.6999999881
43933  24.997  -34.039  -31.646 0.6999999881
131264  32.809  -36.949  -31.077 0.6000000238
40930  32.296  -37.331  -30.659 0.6999999881
40911  32.084  -37.160  -29.787 0.6999999881
40950  32.781  -37.572  -32.394 0.6000000238
41952  31.836  -36.994  -28.944 0.6000000238
40955  34.306  -37.441  -34.180 0.4000000060
40968  33.652  -37.944  -34.606 0.6000000238
40949  33.380  -37.285  -32.932 0.6000000238
40931  31.544  -37.838  -30.243 0.6999999881
40967  34.459  -37.708  -34.680 0.6000000238
39844  30.974  -38.095  -29.597 0.8000000119
39905  36.150  -38.730  -35.829 0.4000000060
122212  35.023  -38.502  -35.561 0.5000000000
40913  30.672  -37.927  -28.875 0.8000000119
134316  36.772  -40.054  -36.692 0.5000000000
39825  29.875  -38.280  -28.462 0.8000000119
37605  37.256  -41.142  -37.375 0.4000000060
40895  28.390  -37.884  -27.863 0.8000000119
36402  36.506  -42.107  -37.609 0.5000000000
41936  27.531  -36.674  -28.758 0.8000000119
42958  27.972  -35.247  -29.220 0.8000000119
40896  27.568  -37.800  -28.408 0.8000000119
42983  28.203  -35.104  -31.874 0.8000000119
41953  27.457  -36.481  -29.862 0.6999999881
43922  28.591  -34.560  -31.369 0.8999999762
42975  27.727  -35.870  -30.992 0.6999999881
43930  28.603  -34.489  -32.749 0.8999999762
134510  27.690  -36.272  -32.246 0.6999999881
131642  27.892  -35.597  -33.016 0.6000000238
44932  27.942  -33.829  -33.279 0.8999999762
43939  28.466  -34.226  -33.211 0.8999999762
44904  26.230  -33.358  -30.122 0.8000000119
43909  25.983  -34.073  -29.663 0.8000000119
44918  25.934  -33.096  -31.063 0.8000000119
43910  25.394  -34.435  -30.270 0.8000000119
45893  26.561  -32.721  -31.545 0.8000000119
44926  25.442  -33.587  -31.432 0.6999999881
41965  32.797  -36.612  -30.276 0.6999999881
41951  32.483  -36.491  -29.326 0.6000000238
40939  33.237  -37.027  -31.861 0.6000000238
120292  33.349  -36.509  -31.063 0.5000000000
41933  32.201  -36.458  -28.588 0.6999999881
41979  34.618  -36.460  -33.017 0.4000000060
117605  33.931  -36.785  -32.499 0.5000000000
40892  31.124  -37.405  -28.480 0.6999999881
41998  35.026  -36.983  -34.472 0.5000000000
40965  36.205  -37.142  -35.233 0.5000000000
40973  34.638  -37.992  -35.095 0.6000000238
39904  37.345  -38.695  -36.012 0.4000000060
40971  36.873  -37.813  -35.524 0.4000000060
41918  29.266  -36.467  -26.985 0.8000000119
40894  29.342  -37.844  -27.836 0.8000000119
38777  38.586  -39.685  -36.949 0.4000000060
129596  27.955  -37.080  -27.848 0.8000000119
40876  28.823  -37.190  -27.489 0.8000000119
39826  28.929  -38.469  -28.208 0.8000000119
43908  28.418  -34.575  -29.913 0.8000000119
43895  28.307  -34.683  -28.647 0.8000000119
41935  27.790  -36.297  -28.102 0.8000000119
42942  27.738  -35.907  -28.715 0.8000000119
44916  29.561  -33.450  -31.420 0.8999999762
44922  29.725  -33.477  -32.820 0.8999999762
44917  29.118  -33.964  -32.182 0.8999999762
45890  30.240  -33.012  -33.297 0.8999999762
44923  29.183  -33.805  -33.197 0.8999999762
44931  28.714  -33.738  -33.301 0.8999999762
45871  26.748  -32.848  -29.512 0.8000000119
44889  26.431  -33.521  -28.905 0.8000000119
44930  29.180  -33.181  -33.427 0.8999999762
45891  28.306  -32.403  -32.873 0.8999999762
45883  26.522  -32.687  -30.593 0.8000000119
45892  27.405  -32.546  -32.126 0.8000000119
41964  33.531  -36.045  -30.385 0.6000000238
41950  33.162  -35.973  -29.618 0.6000000238
42940  32.826  -35.807  -28.704 0.6000000238
133543  34.056  -35.633  -30.435 0.6000000238
42999  35.265  -35.997  -33.534 0.4000000060
42989  35.073  -35.839  -32.623 0.4000000060
41973  34.427  -36.265  -32.080 0.4000000060
41974  33.790  -36.519  -31.709 0.5000000000
41934  31.575  -36.801  -28.133 0.6999999881
40874  30.784  -37.183  -27.651 0.6999999881
43006  36.228  -35.976  -34.435 0.5000000000
41987  35.493  -36.266  -34.218 0.4000000060
40875  29.809  -37.271  -27.390 0.6999999881
41996  36.732  -36.625  -34.900 0.5000000000
41899  29.224  -35.521  -26.668 0.8000000119
43894  28.691  -34.117  -27.894 0.8000000119
42924  28.497  -35.566  -27.247 0.8000000119
44902  29.360  -33.347  -29.942 0.8000000119
45869  29.949  -32.807  -30.628 0.8999999762
44903  28.934  -33.957  -30.679 0.8999999762
45881  30.181  -32.980  -32.065 0.8999999762
45899  30.026  -32.851  -33.674 0.8999999762
46857  27.816  -31.586  -29.481 0.8000000119
46882  29.345  -32.323  -33.489 1.0000000000
45870  27.173  -32.243  -30.024 0.8000000119
46873  28.595  -31.669  -32.554 1.0000000000
46874  27.766  -31.909  -31.822 0.8000000119
46866  27.629  -31.728  -30.672 0.8000000119
117970  33.581  -35.387  -29.173 0.6000000238
42922  32.920  -35.443  -27.812 0.6000000238
42956  34.379  -35.219  -30.052 0.6000000238
136775  32.465  -35.702  -27.152 0.6999999881
42981  35.572  -35.286  -32.174 0.4000000060
42982  34.880  -35.696  -31.643 0.4000000060
42972  34.636  -35.447  -30.777 0.4000000060
42998  35.881  -35.553  -33.943 0.4000000060
41916  31.323  -36.641  -27.272 0.6999999881
122239  37.337  -36.051  -34.587 0.5000000000
138523  36.231  -35.099  -33.557 0.4000000060
41917  30.378  -36.768  -26.964 0.8000000119
43878  28.697  -34.743  -27.091 0.8000000119
42909  29.835  -35.454  -26.237 0.8000000119
44887  29.313  -33.382  -28.591 0.8000000119
43879  28.300  -34.858  -27.749 0.8000000119
45850  29.810  -32.689  -29.289 0.8000000119
44888  28.804  -33.985  -29.239 0.8000000119
45889  30.795  -32.519  -32.681 0.8999999762
46864  31.540  -31.902  -32.050 0.8999999762
45898  30.596  -32.468  -33.506 1.0000000000
46880  31.014  -31.851  -33.406 1.0000000000
47864  30.603  -31.400  -33.420 1.0000000000
125685  28.100  -31.261  -30.288 0.8000000119
45852  26.785  -32.845  -28.490 0.8000000119
47859  29.853  -30.659  -32.676 1.0000000000
47853  28.637  -30.665  -30.486 0.8000000119
47860  28.953  -30.953  -31.939 0.8000000119
135276  34.103  -35.121  -29.496 0.6000000238
42957  33.791  -35.552  -29.854 0.6000000238
42939  33.531  -35.129  -28.419 0.6000000238
42923  31.832  -36.143  -26.794 0.6999999881
42906  32.363  -35.580  -26.298 0.6999999881
43929  35.976  -34.684  -31.681 0.4000000060
42971  35.358  -35.147  -31.192 0.5000000000
42907  31.470  -35.919  -26.010 0.8000000119
42883  31.881  -35.475  -25.443 0.8000000119
42988  35.690  -35.373  -33.171 0.4000000060
42908  30.567  -35.778  -26.042 0.8000000119
43942  36.829  -34.759  -33.352 0.4000000060
43937  37.013  -34.251  -32.585 0.4000000060
122935  28.970  -34.099  -26.967 0.8000000119
43861  29.364  -34.693  -26.353 0.8000000119
44869  29.288  -33.481  -27.392 0.8000000119
45880  30.705  -32.411  -31.312 0.8999999762
122372  30.742  -31.633  -29.458 0.8000000119
46870  31.872  -31.263  -32.865 1.0000000000
124789  32.176  -31.149  -32.188 1.0000000000
46879  31.584  -30.990  -33.144 1.0000000000
48846  30.187  -29.764  -32.142 1.0000000000
46856  28.337  -30.984  -29.610 0.8999999762
45851  27.305  -32.243  -28.745 0.8000000119
46847  27.782  -31.464  -28.338 0.8999999762
47852  29.344  -30.141  -31.281 1.0000000000
47846  29.223  -29.890  -29.882 1.0000000000
47847  28.740  -30.405  -29.268 1.0000000000
48839  30.369  -28.995  -31.784 1.0000000000
49741  30.497  -28.207  -31.813 1.0000000000
123398  30.094  -27.861  -31.010 1.0000000000
50647  31.339  -26.409  -32.409 1.0000000000
50642  30.564  -27.205  -31.916 1.0000000000
43876  33.583  -34.859  -27.624 0.6999999881
43877  33.037  -35.224  -26.996 0.6999999881
117751  33.644  -34.652  -26.813 0.6999999881
43892  34.716  -34.308  -28.733 0.6000000238
114752  34.160  -34.547  -28.187 0.6000000238
43907  34.703  -34.678  -29.511 0.6000000238
43920  35.724  -34.531  -30.740 0.5000000000
43843  31.406  -34.963  -24.876 0.8000000119
43928  36.573  -34.336  -31.981 0.4000000060
42884  30.962  -35.437  -25.434 0.8000000119
43845  29.794  -34.286  -25.661 0.8000000119
44847  29.409  -33.733  -26.350 0.8000000119
45831  29.849  -32.660  -27.974 0.8000000119
45808  29.676  -32.926  -26.798 0.8000000119
45849  30.282  -32.031  -28.832 0.6999999881
46855  31.131  -31.766  -30.542 0.8999999762
46854  31.344  -31.044  -29.652 0.8000000119
46863  31.859  -31.208  -31.099 0.8999999762
47845  32.025  -30.441  -30.517 1.0000000000
47857  32.924  -30.664  -32.745 1.0000000000
48838  32.841  -29.866  -31.436 1.0000000000
48837  34.082  -29.389  -32.102 1.0000000000
47863  32.762  -30.566  -33.173 1.0000000000
49743  34.321  -28.465  -32.821 1.0000000000
48847  33.412  -29.860  -33.357 1.0000000000
49744  33.082  -27.972  -33.518 1.0000000000
49745  31.585  -28.030  -32.962 1.0000000000
48833  29.299  -29.251  -29.528 1.0000000000
47840  28.542  -30.204  -28.429 1.0000000000
50646  32.108  -27.085  -33.059 1.0000000000
49742  29.865  -28.513  -30.785 1.0000000000
127440  29.439  -28.673  -29.861 1.0000000000
50637  28.775  -28.003  -29.788 1.0000000000
51510  30.121  -26.082  -31.577 1.0000000000
50643  29.574  -27.190  -30.998 1.0000000000
43875  34.229  -34.314  -27.379 0.6999999881
43860  33.091  -35.017  -26.195 0.6999999881
44886  35.349  -33.796  -28.604 0.5000000000
43842  32.301  -34.946  -24.998 0.6999999881
43891  35.207  -34.150  -29.220 0.6000000238
44915  36.055  -33.918  -30.321 0.5000000000
43906  35.438  -34.322  -29.902 0.5000000000
44831  30.956  -34.190  -24.584 0.8000000119
44832  30.167  -33.856  -25.061 0.8000000119
44833  29.753  -33.595  -25.640 0.6999999881
45789  29.686  -33.130  -26.001 0.8000000119
130255  30.306  -31.909  -27.949 0.8000000119
45830  30.137  -32.163  -27.090 0.8000000119
46845  30.750  -31.318  -28.497 0.6999999881
47838  31.595  -30.195  -29.232 0.8999999762
47830  31.397  -30.052  -28.060 0.8000000119
49725  31.609  -28.690  -28.056 0.8000000119
129204  31.625  -27.933  -27.923 0.8000000119
48832  32.092  -29.647  -30.114 0.8999999762
48826  31.704  -29.314  -28.768 0.8000000119
115984  31.804  -28.352  -28.806 0.8000000119
49740  32.778  -29.091  -31.095 1.0000000000
122014  32.126  -28.837  -29.820 0.8999999762
49736  32.236  -27.935  -29.811 0.8999999762
134092  32.592  -28.412  -30.724 0.8999999762
49739  33.818  -28.493  -31.714 1.0000000000
48844  32.509  -29.092  -33.524 1.0000000000
50648  33.389  -27.038  -33.333 1.0000000000
51514  32.598  -26.155  -33.040 1.0000000000
50638  27.639  -27.209  -30.038 1.0000000000
124086  32.821  -25.239  -32.877 1.0000000000
51515  31.473  -25.542  -32.333 1.0000000000
50644  28.432  -26.898  -30.550 1.0000000000
120107  30.232  -24.948  -31.340 1.0000000000
120159  28.866  -25.358  -30.576 1.0000000000
120060  35.559  -33.499  -27.705 0.6999999881
115843  34.861  -33.803  -27.070 0.6999999881
43858  34.241  -34.152  -26.532 0.6999999881
136557  34.152  -34.098  -25.753 0.6999999881
44830  33.600  -34.265  -25.191 0.6999999881
43841  32.825  -34.381  -24.703 0.6999999881
44901  35.833  -33.707  -29.432 0.5000000000
133968  31.901  -34.361  -24.478 0.6999999881
44900  36.505  -33.238  -29.416 0.5000000000
44817  31.442  -33.569  -24.161 0.8000000119
44818  30.575  -33.317  -24.507 0.6999999881
45807  29.961  -32.444  -26.134 0.6999999881
45788  29.993  -32.953  -25.281 0.6999999881
46811  30.430  -31.579  -26.341 0.6999999881
46827  30.554  -31.431  -27.402 0.6999999881
46844  31.204  -30.655  -28.603 0.6999999881
47831  30.994  -30.713  -27.684 0.6999999881
48817  31.494  -29.283  -27.663 0.8000000119
48800  31.394  -29.192  -26.727 0.8000000119
49707  31.427  -28.377  -26.272 0.8000000119
49718  31.500  -28.509  -27.243 0.8000000119
50614  31.524  -27.539  -26.941 0.8000000119
50624  31.655  -27.166  -27.832 0.8000000119
50629  31.901  -27.303  -28.818 0.8999999762
51499  31.887  -26.477  -28.274 0.8000000119
50636  32.492  -26.935  -30.163 1.0000000000
50641  33.887  -27.465  -32.356 1.0000000000
49735  32.827  -27.628  -31.142 1.0000000000
50645  33.910  -27.237  -33.032 1.0000000000
123977  33.638  -26.357  -32.630 1.0000000000
52474  32.895  -24.428  -32.448 1.0000000000
51508  27.436  -26.317  -30.172 1.0000000000
49738  27.047  -27.419  -29.641 1.0000000000
52475  31.824  -24.597  -32.248 1.0000000000
52472  30.445  -23.954  -31.130 1.0000000000
51512  28.270  -25.945  -30.625 1.0000000000
53389  29.840  -24.510  -30.458 1.0000000000
44828  35.653  -33.471  -25.658 0.6999999881
44829  34.812  -33.724  -26.002 0.6999999881
44815  33.420  -33.842  -24.418 0.6000000238
44816  32.476  -33.736  -24.154 0.6000000238
45774  31.982  -32.903  -23.821 0.6000000238
45775  30.969  -32.739  -23.969 0.6999999881
46781  30.594  -31.651  -24.707 0.6999999881
124181  30.829  -32.032  -24.110 0.6999999881
134131  30.570  -31.361  -25.470 0.6999999881
134467  30.865  -30.715  -26.014 0.6999999881
48786  31.336  -29.182  -25.732 0.8000000119
117339  31.080  -30.393  -26.916 0.6999999881
47810  31.246  -29.908  -26.308 0.8000000119
50603  31.470  -27.512  -25.808 0.8000000119
51470  31.621  -26.690  -26.331 0.8000000119
52457  32.073  -25.794  -27.783 0.8000000119
134915  32.594  -25.416  -29.838 0.8000000119
51498  32.318  -25.640  -28.786 0.8000000119
123082  33.484  -25.393  -32.039 1.0000000000
52468  32.766  -24.552  -29.548 0.6999999881
52471  33.108  -24.579  -31.064 1.0000000000
53390  33.095  -23.601  -31.449 1.0000000000
53392  32.829  -23.716  -31.784 1.0000000000
54367  32.478  -22.466  -31.071 1.0000000000
50630  26.371  -27.285  -29.452 1.0000000000
53394  31.287  -23.406  -31.371 1.0000000000
53391  30.732  -23.438  -30.763 1.0000000000
52470  27.958  -25.808  -30.161 1.0000000000
51509  26.936  -26.427  -29.742 1.0000000000
123115  34.303  -33.809  -24.931 0.6999999881
45759  31.443  -32.054  -23.710 0.6000000238
46780  31.032  -31.229  -23.967 0.6999999881
47783  30.840  -30.863  -24.911 0.6999999881
47796  31.188  -30.038  -25.292 0.8000000119
49696  31.431  -28.330  -25.244 0.6999999881
50588  31.530  -27.481  -24.827 0.6999999881
52420  31.940  -25.972  -25.820 0.6999999881
52440  31.967  -25.892  -26.816 0.6999999881
52456  32.465  -25.074  -27.304 0.6999999881
53381  32.932  -24.047  -28.808 0.8000000119
52463  32.561  -24.919  -28.311 0.6999999881
53387  33.131  -23.510  -30.581 0.8999999762
54366  32.841  -22.887  -31.309 1.0000000000
55371  32.892  -22.254  -30.546 1.0000000000
51501  26.627  -26.580  -29.005 1.0000000000
54368  31.664  -22.654  -31.044 1.0000000000
52466  27.980  -25.824  -29.512 1.0000000000
53383  29.726  -24.786  -29.404 1.0000000000
44814  34.867  -33.278  -24.222 0.6000000238
44798  34.018  -33.476  -24.083 0.6000000238
45757  33.171  -33.123  -23.724 0.6000000238
119187  33.496  -32.258  -23.202 0.6000000238
45758  32.450  -32.211  -23.393 0.6000000238
121879  32.837  -31.450  -22.955 0.6000000238
46768  31.869  -31.352  -23.337 0.6000000238
47766  31.590  -30.520  -23.519 0.6000000238
47782  31.215  -30.255  -24.280 0.6000000238
133608  31.574  -29.682  -23.660 0.6999999881
129194  31.533  -28.223  -24.321 0.6999999881
51447  31.732  -26.743  -24.406 0.6999999881
51460  31.617  -26.711  -25.312 0.6999999881
51459  31.956  -26.028  -24.824 0.6999999881
52419  32.396  -25.330  -25.296 0.6999999881
52439  32.403  -25.224  -26.312 0.6999999881
56358  38.680  -21.198  -30.193 0.3000000119
53376  33.035  -23.978  -27.904 0.6999999881
53362  32.891  -24.316  -26.819 0.6999999881
54351  33.537  -22.838  -28.082 0.8000000119
134145  23.481  -28.531  -27.386 0.8999999762
54363  33.194  -22.538  -30.012 1.0000000000
49730  24.504  -27.858  -28.500 1.0000000000
50640  26.397  -26.885  -29.434 1.0000000000
50631  25.573  -27.210  -29.097 1.0000000000
54365  31.345  -22.807  -30.186 1.0000000000
52464  29.887  -25.179  -28.155 1.0000000000
53388  30.480  -23.820  -29.810 1.0000000000
52469  28.741  -25.258  -29.960 1.0000000000
51500  27.335  -26.226  -29.113 1.0000000000
52465  29.046  -25.578  -28.814 1.0000000000
45755  35.031  -32.641  -23.582 0.6000000238
45756  34.203  -32.920  -23.556 0.6000000238
46767  34.811  -31.376  -23.073 0.6000000238
123147  33.850  -31.417  -22.909 0.6000000238
47764  34.239  -30.552  -22.870 0.6000000238
48752  33.561  -29.824  -22.735 0.6999999881
116957  32.944  -29.168  -22.805 0.6999999881
47765  32.308  -30.657  -22.974 0.6000000238
48754  32.111  -29.328  -23.082 0.6999999881
51468  38.147  -27.275  -27.026 0.3000000119
51469  37.623  -27.313  -27.448 0.3000000119
49668  31.627  -28.806  -23.668 0.6999999881
50572  31.677  -27.450  -24.030 0.6999999881
51446  32.165  -26.165  -24.052 0.6999999881
126564  38.327  -22.311  -28.944 0.3000000119
56351  38.469  -21.992  -27.742 0.4000000060
129634  38.611  -21.519  -28.849 0.4000000060
56350  38.897  -21.140  -27.479 0.4000000060
49708  22.778  -28.870  -26.607 0.6999999881
49709  22.024  -28.522  -26.589 0.6999999881
115581  39.794  -16.966  -26.108 0.3000000119
57258  39.081  -20.495  -28.867 0.3000000119
54336  33.484  -23.211  -27.318 0.6999999881
50634  23.641  -27.300  -28.292 0.8999999762
60184  39.923  -17.490  -27.759 0.3000000119
57244  39.340  -20.238  -27.110 0.3000000119
54350  33.634  -22.047  -28.467 0.8000000119
50633  24.142  -27.295  -28.574 0.8999999762
59287  39.828  -18.445  -27.271 0.3000000119
58230  39.625  -19.346  -26.561 0.3000000119
55369  33.278  -21.490  -29.112 0.8000000119
55359  32.514  -21.617  -28.542 1.0000000000
51502  25.863  -26.862  -28.830 1.0000000000
54360  31.136  -23.252  -29.012 1.0000000000
51488  28.445  -26.277  -28.024 1.0000000000
51489  27.409  -26.527  -27.822 1.0000000000
53382  30.453  -24.289  -28.587 1.0000000000
52458  29.835  -25.401  -27.092 1.0000000000
52459  29.343  -25.785  -27.720 1.0000000000
135120  29.667  -25.466  -26.277 1.0000000000
48751  34.530  -29.590  -23.109 0.6999999881
118981  33.741  -29.120  -22.872 0.6999999881
50600  38.053  -27.821  -26.535 0.3000000119
50601  37.625  -28.140  -26.404 0.4000000060
49666  33.364  -28.447  -23.005 0.6999999881
49667  32.342  -28.419  -23.184 0.6999999881
50571  32.137  -27.538  -23.499 0.6999999881
50623  37.162  -27.324  -27.499 0.4000000060
138330  32.472  -26.343  -23.640 0.6999999881
51497  37.590  -26.419  -28.795 0.3000000119
136598  36.626  -27.048  -26.948 0.5000000000
52394  33.352  -25.386  -23.524 0.6999999881
52395  32.997  -24.889  -23.923 0.6999999881
52454  36.961  -26.544  -28.114 0.5000000000
53327  32.889  -24.686  -24.781 0.6999999881
54349  37.337  -24.885  -28.789 0.4000000060
54310  37.367  -24.062  -25.852 0.6000000238
54309  37.803  -23.386  -26.436 0.5000000000
54348  37.630  -23.884  -29.204 0.3000000119
53326  33.405  -23.865  -25.418 0.6999999881
131851  38.636  -17.287  -23.572 0.4000000060
127192  38.418  -22.168  -25.979 0.4000000060
53337  33.405  -23.564  -26.377 0.6999999881
137792  21.302  -27.473  -27.062 0.6999999881
61076  39.100  -16.811  -24.510 0.4000000060
56331  38.639  -21.726  -26.583 0.4000000060
136621  21.541  -28.907  -25.936 0.6000000238
118438  39.386  -16.421  -25.510 0.3000000119
60159  39.776  -17.717  -25.756 0.3000000119
60143  39.479  -17.301  -25.177 0.4000000060
56330  38.932  -20.919  -26.217 0.4000000060
54335  33.815  -21.980  -27.792 0.6999999881
120774  34.226  -21.464  -26.578 0.6999999881
49721  22.608  -28.171  -27.336 0.6999999881
59255  39.073  -18.611  -24.393 0.4000000060
57228  39.271  -20.099  -25.726 0.4000000060
57229  38.802  -20.824  -25.171 0.4000000060
55357  33.584  -21.365  -28.129 0.8000000119
59273  39.797  -18.516  -25.927 0.3000000119
134758  39.245  -19.755  -25.116 0.4000000060
56360  33.290  -21.317  -28.642 0.8000000119
51503  25.072  -26.931  -28.660 1.0000000000
55342  32.896  -21.125  -27.616 0.8999999762
54352  31.636  -22.576  -28.255 1.0000000000
51472  28.168  -26.431  -26.757 1.0000000000
53363  30.231  -24.951  -26.406 1.0000000000
53377  30.404  -24.666  -27.434 1.0000000000
54353  30.995  -23.714  -27.834 1.0000000000
126229  28.554  -26.081  -26.038 1.0000000000
52441  27.834  -26.247  -25.939 1.0000000000
52422  28.366  -25.654  -25.348 1.0000000000
134888  35.372  -29.643  -23.565 0.6000000238
48770  35.815  -29.230  -24.124 0.6000000238
49664  35.093  -28.912  -23.672 0.6000000238
49665  34.274  -28.626  -23.223 0.6999999881
49695  36.682  -28.481  -25.625 0.5000000000
122745  35.993  -28.144  -25.149 0.6000000238
115696  33.897  -27.775  -23.317 0.6999999881
49706  37.042  -28.105  -26.400 0.5000000000
50602  36.438  -27.761  -25.929 0.4000000060
50570  32.937  -27.654  -23.200 0.6999999881
125044  32.611  -26.895  -23.421 0.6999999881
50585  35.883  -27.340  -25.082 0.6000000238
50569  33.422  -26.936  -23.382 0.6999999881
51458  36.255  -26.843  -26.005 0.6000000238
51426  33.816  -26.125  -23.514 0.6999999881
52438  36.625  -26.662  -27.059 0.6000000238
52417  36.626  -25.907  -27.119 0.6000000238
52393  34.309  -25.217  -23.649 0.6999999881
127225  33.766  -24.566  -23.700 0.6999999881
53361  37.055  -24.995  -26.774 0.5000000000
53324  36.332  -24.261  -24.436 0.6000000238
53311  33.624  -24.019  -24.460 0.6000000238
59230  36.973  -18.303  -22.175 0.4000000060
55340  38.257  -22.635  -26.882 0.4000000060
133567  38.159  -22.713  -25.918 0.4000000060
54293  37.294  -23.425  -24.840 0.5000000000
54295  35.784  -23.785  -23.957 0.6000000238
60127  38.042  -17.232  -22.795 0.4000000060
55298  38.187  -22.265  -25.219 0.5000000000
136649  33.891  -23.116  -25.251 0.6999999881
59239  38.631  -18.293  -23.686 0.4000000060
58169  37.592  -18.601  -22.714 0.5000000000
56307  38.583  -21.560  -25.584 0.4000000060
56293  38.314  -21.464  -24.841 0.4000000060
54311  33.840  -22.713  -26.047 0.6999999881
50635  23.134  -27.054  -28.051 0.8999999762
50626  22.484  -27.403  -27.688 0.6999999881
134619  39.487  -18.825  -25.033 0.4000000060
116325  38.489  -19.843  -24.320 0.4000000060
56332  33.861  -20.739  -26.793 0.6999999881
55341  34.023  -21.020  -27.279 0.6999999881
58202  39.063  -19.397  -24.658 0.4000000060
51493  24.019  -26.719  -27.800 0.8999999762
123576  32.131  -22.009  -27.658 0.8999999762
51492  24.810  -26.703  -27.813 0.8999999762
51491  25.644  -26.690  -27.778 1.0000000000
54337  31.492  -23.076  -27.136 1.0000000000
51490  26.500  -26.633  -27.767 1.0000000000
54313  30.482  -24.483  -25.657 1.0000000000
51473  27.254  -26.490  -26.695 1.0000000000
51474  26.346  -26.519  -26.720 1.0000000000
53328  29.884  -24.594  -24.692 1.0000000000
122741  28.250  -23.212  -24.702 0.8999999762
54301  28.843  -23.718  -24.252 1.0000000000
137916  28.471  -25.026  -24.804 1.0000000000
53342  27.207  -24.748  -25.396 1.0000000000
52423  27.519  -25.726  -25.520 1.0000000000
54314  28.013  -24.211  -24.816 1.0000000000
54315  27.244  -23.829  -25.473 1.0000000000
121364  26.668  -24.010  -25.617 0.8999999762
118333  27.612  -23.138  -25.364 1.0000000000
55322  27.375  -22.234  -25.919 0.8999999762
50586  35.431  -27.725  -24.448 0.6000000238
137514  34.996  -27.421  -24.022 0.6999999881
50587  34.413  -27.053  -23.709 0.6999999881
135732  35.207  -27.031  -24.281 0.6999999881
51445  34.775  -26.231  -23.899 0.6999999881
52418  36.410  -25.893  -26.022 0.6000000238
51443  36.032  -25.779  -24.964 0.6000000238
52392  35.281  -25.525  -24.138 0.6999999881
53325  35.822  -24.805  -24.341 0.6000000238
53309  35.053  -24.546  -23.845 0.6000000238
124874  34.970  -23.696  -23.713 0.6000000238
60118  37.170  -16.657  -21.798 0.3000000119
53335  36.841  -24.983  -25.915 0.6000000238
53336  36.405  -24.961  -25.063 0.6000000238
54282  34.285  -23.734  -23.932 0.6000000238
59221  36.478  -18.000  -21.534 0.4000000060
60119  36.574  -17.210  -21.323 0.4000000060
124715  37.014  -22.780  -24.299 0.6000000238
54279  36.270  -22.834  -24.025 0.6000000238
54281  34.856  -22.797  -24.048 0.6000000238
55300  37.337  -22.008  -24.373 0.4000000060
54297  34.403  -22.737  -24.763 0.6000000238
58170  36.831  -19.100  -22.563 0.5000000000
133047  37.485  -20.602  -24.015 0.4000000060
57210  38.266  -20.596  -24.437 0.4000000060
55318  34.350  -21.913  -25.799 0.6000000238
117593  37.588  -19.409  -23.206 0.5000000000
58203  37.922  -19.967  -23.868 0.4000000060
55317  34.263  -20.815  -26.288 0.6000000238
114828  37.278  -20.075  -23.576 0.4000000060
51505  23.751  -27.001  -28.299 0.8999999762
121746  32.935  -21.041  -26.754 0.8999999762
56333  33.404  -20.783  -27.072 0.8000000119
51477  23.651  -26.412  -26.974 0.8999999762
51476  24.528  -26.447  -26.845 0.8999999762
52444  25.059  -26.077  -26.099 0.8999999762
51475  25.436  -26.500  -26.769 0.8999999762
54338  30.822  -24.126  -26.702 1.0000000000
53329  28.979  -24.575  -24.399 1.0000000000
52424  26.569  -25.436  -25.693 1.0000000000
136637  26.607  -24.674  -25.580 0.8999999762
56312  27.929  -21.585  -26.027 1.0000000000
56334  27.318  -21.498  -26.579 1.0000000000
55323  26.833  -23.023  -25.831 0.8999999762
57231  27.840  -21.025  -26.533 1.0000000000
56335  26.697  -21.329  -27.106 0.8999999762
51444  35.666  -26.485  -24.656 0.6999999881
61066  37.506  -15.809  -22.088 0.3000000119
135526  36.605  -16.499  -21.152 0.3000000119
60120  35.972  -17.676  -20.863 0.3000000119
54280  35.528  -22.821  -23.856 0.6000000238
59222  35.797  -18.432  -21.196 0.5000000000
59223  35.099  -18.912  -20.923 0.4000000060
55282  36.718  -21.959  -24.123 0.5000000000
56273  37.078  -21.238  -24.096 0.5000000000
56274  36.300  -20.999  -24.209 0.5000000000
54296  34.853  -21.872  -24.737 0.5000000000
59231  36.277  -18.756  -21.895 0.5000000000
55301  35.380  -20.937  -24.495 0.5000000000
58171  35.860  -19.551  -22.421 0.5000000000
57185  36.653  -20.456  -23.805 0.5000000000
58183  36.695  -19.812  -23.138 0.5000000000
56309  34.034  -20.586  -25.974 0.6999999881
57165  35.323  -20.104  -22.990 0.5000000000
56310  33.436  -20.838  -26.219 0.6000000238
55319  32.533  -21.881  -25.809 0.8999999762
54312  31.252  -23.546  -25.908 0.8999999762
55343  32.168  -22.214  -26.628 0.8999999762
54298  31.191  -23.459  -24.869 0.8999999762
55307  28.839  -22.661  -24.257 0.8999999762
128198  29.381  -23.305  -23.869 0.8999999762
54300  29.603  -23.974  -24.071 0.8999999762
130377  30.652  -24.061  -25.019 1.0000000000
53343  25.965  -24.454  -25.662 0.8999999762
52443  26.018  -26.102  -26.125 0.8999999762
56311  28.352  -21.417  -25.427 0.8000000119
57230  28.311  -20.864  -25.960 0.6999999881
54317  25.347  -23.651  -25.678 0.8999999762
55344  26.572  -21.975  -26.301 0.8999999762
54339  26.144  -22.612  -25.928 0.8999999762
61055  36.939  -15.839  -21.348 0.3000000119
61039  36.108  -16.861  -20.656 0.3000000119
61040  35.547  -16.447  -20.106 0.4000000060
134809  35.008  -16.100  -19.732 0.3000000119
60106  35.412  -17.283  -20.243 0.3000000119
61041  34.816  -16.782  -19.782 0.4000000060
59209  35.235  -18.139  -20.478 0.4000000060
55284  35.289  -21.751  -24.401 0.6000000238
58158  35.087  -19.515  -21.548 0.5000000000
58159  34.364  -19.400  -20.892 0.4000000060
57186  35.786  -20.510  -24.071 0.5000000000
55302  34.842  -21.053  -25.024 0.5000000000
57166  34.635  -20.312  -22.452 0.5000000000
58184  35.926  -20.036  -23.482 0.5000000000
56295  34.642  -20.797  -24.906 0.5000000000
57187  34.876  -20.410  -23.491 0.5000000000
56296  34.156  -20.634  -25.135 0.5000000000
57167  34.144  -20.700  -22.883 0.5000000000
56246  33.714  -21.001  -23.277 0.5000000000
55285  32.913  -21.605  -24.009 0.6000000238
55304  32.754  -21.656  -24.955 0.6000000238
127589  32.083  -21.934  -22.621 0.6999999881
55305  31.888  -22.674  -24.784 0.6999999881
55320  31.767  -22.800  -25.569 0.6999999881
55257  31.537  -22.313  -22.907 0.6999999881
54283  31.109  -23.228  -24.015 0.8000000119
53344  25.027  -24.562  -25.650 0.8999999762
55306  29.537  -22.645  -23.606 0.8999999762
54299  30.409  -23.850  -24.275 0.8999999762
56299  28.704  -21.612  -24.686 0.6999999881
54341  24.920  -23.054  -25.668 0.8999999762
55345  25.675  -22.097  -26.205 0.8999999762
57246  27.382  -20.797  -27.196 1.0000000000
133465  34.256  -16.138  -19.634 0.3000000119
121453  33.886  -16.938  -19.632 0.4000000060
61980  33.753  -15.403  -19.647 0.3000000119
59210  34.283  -18.602  -20.241 0.4000000060
124230  32.873  -16.982  -19.777 0.3000000119
58149  33.655  -19.179  -20.475 0.4000000060
60108  33.563  -17.818  -19.794 0.4000000060
60109  32.608  -17.830  -20.068 0.4000000060
57159  33.821  -20.497  -21.833 0.4000000060
58150  32.822  -19.209  -20.478 0.4000000060
59212  32.442  -18.501  -20.359 0.4000000060
58160  33.501  -19.899  -20.961 0.4000000060
129990  32.886  -20.538  -21.386 0.4000000060
136606  32.523  -20.926  -21.661 0.5000000000
126577  33.176  -21.003  -22.223 0.5000000000
56249  30.490  -22.085  -22.698 0.6000000238
55288  30.134  -22.615  -23.205 0.8000000119
56298  29.208  -21.836  -23.888 0.6999999881
57214  28.681  -20.785  -25.133 0.6999999881
56336  25.925  -21.514  -26.828 0.8999999762
56337  24.963  -21.590  -26.604 0.8999999762
58244  27.583  -19.505  -27.784 0.8999999762
137641  26.576  -20.386  -27.993 0.8000000119
56353  26.166  -21.074  -27.431 0.8000000119
58252  27.145  -19.443  -28.308 0.6999999881
59311  27.332  -18.741  -28.703 0.8000000119
62998  33.369  -14.642  -19.793 0.3000000119
61043  32.476  -16.138  -20.093 0.3000000119
61056  32.089  -16.980  -20.535 0.3000000119
118253  32.016  -16.054  -20.950 0.4000000060
60121  31.917  -17.920  -20.649 0.4000000060
60122  31.593  -17.329  -21.167 0.4000000060
59226  30.971  -18.802  -21.519 0.5000000000
58161  32.379  -19.882  -20.862 0.5000000000
58163  30.674  -19.604  -21.699 0.5000000000
59233  30.403  -18.876  -22.290 0.5000000000
56240  31.178  -20.992  -21.718 0.5000000000
58172  30.120  -19.629  -22.390 0.5000000000
126113  30.455  -21.161  -22.254 0.5000000000
57169  29.841  -21.277  -22.843 0.6000000238
56276  29.720  -22.000  -23.193 0.6999999881
57188  29.523  -20.544  -23.401 0.6999999881
58205  28.998  -20.144  -24.824 0.6999999881
58220  29.270  -19.337  -24.981 0.6999999881
58221  28.692  -19.979  -25.671 0.6999999881
59274  28.992  -19.173  -25.793 0.6999999881
58243  28.108  -19.506  -27.187 0.8000000119
60177  28.928  -18.075  -27.064 0.6999999881
126965  34.258  -14.769  -19.645 0.3000000119
63968  33.103  -13.895  -20.173 0.3000000119
63011  32.364  -14.673  -21.329 0.4000000060
61988  32.379  -15.376  -20.583 0.3000000119
132092  32.120  -15.414  -21.400 0.4000000060
61057  31.648  -16.621  -21.480 0.4000000060
60130  31.246  -17.200  -21.937 0.4000000060
59232  30.749  -17.954  -22.335 0.5000000000
58185  30.084  -19.061  -22.918 0.6000000238
60132  31.031  -17.053  -22.903 0.3000000119
126592  30.234  -18.407  -23.070 0.5000000000
60133  30.492  -17.620  -23.409 0.4000000060
131641  29.918  -20.421  -22.598 0.6999999881
58186  29.743  -19.614  -23.277 0.6999999881
59242  29.643  -19.074  -24.109 0.6000000238
58204  29.315  -19.890  -24.118 0.6999999881
57213  29.120  -20.848  -24.229 0.6999999881
125773  29.402  -18.490  -25.545 0.6000000238
62011  32.070  -15.117  -22.177 0.3000000119
62001  31.812  -15.857  -21.909 0.3000000119
61067  31.435  -16.417  -22.434 0.3000000119
62012  31.664  -15.554  -22.935 0.3000000119
63038  31.750  -14.862  -23.752 0.3000000119
61072  30.751  -16.804  -23.785 0.3000000119
61078  30.977  -16.156  -24.060 0.4000000060
59257  29.670  -18.615  -24.734 0.5000000000
60145  30.325  -17.372  -24.347 0.5000000000
61079  30.608  -16.491  -24.683 0.5000000000
60160  30.146  -17.137  -25.226 0.6000000238
60161  29.662  -17.657  -25.754 0.6000000238
64920  33.423  -12.473  -20.676 0.4000000060
64925  32.958  -12.494  -21.453 0.3000000119
63976  32.524  -13.810  -21.651 0.3000000119
64926  32.668  -13.113  -21.799 0.3000000119
63028  32.292  -14.360  -22.370 0.3000000119
63994  32.482  -13.492  -22.681 0.3000000119
63029  31.994  -14.814  -22.925 0.3000000119
63042  32.129  -14.174  -24.185 0.3000000119
63043  31.696  -14.626  -24.657 0.3000000119
62024  31.048  -15.703  -24.661 0.4000000060
124491  31.332  -15.104  -25.101 0.4000000060
61087  30.372  -16.403  -25.561 0.6000000238
129487  30.989  -15.522  -25.362 0.4000000060
62034  31.153  -15.105  -26.010 0.4000000060
61103  30.186  -16.198  -26.372 0.5000000000
61088  29.904  -16.914  -26.056 0.6000000238
60196  27.823  -18.015  -29.030 0.6999999881
59312  26.614  -18.769  -28.876 0.8000000119
65915  33.301  -11.765  -21.133 0.4000000060
64939  33.041  -11.882  -22.059 0.3000000119
64940  32.718  -12.613  -22.396 0.3000000119
64950  32.569  -12.764  -23.379 0.3000000119
132814  32.258  -13.587  -24.528 0.3000000119
64011  31.988  -13.998  -24.999 0.4000000060
63048  31.619  -14.494  -25.518 0.4000000060
63059  31.517  -14.316  -26.464 0.4000000060
62048  30.575  -15.521  -26.680 0.4000000060
61104  29.697  -16.711  -26.916 0.5000000000
63060  31.017  -14.837  -27.038 0.4000000060
61115  30.056  -16.000  -27.261 0.4000000060
60194  28.982  -17.100  -28.369 0.6999999881
61116  29.540  -16.532  -27.842 0.4000000060
62070  29.733  -15.531  -28.810 0.4000000060
61126  28.641  -16.898  -29.041 0.6000000238
61136  28.803  -16.238  -29.271 0.5000000000
61137  28.113  -16.599  -29.442 0.6000000238
59319  27.081  -18.164  -29.095 0.6999999881
132861  26.946  -17.085  -29.404 0.6999999881
135471  33.920  -10.376  -21.012 0.3000000119
65942  33.120  -11.280  -22.653 0.3000000119
65930  32.804  -11.993  -23.006 0.3000000119
126334  32.673  -12.087  -23.935 0.3000000119
64958  32.453  -12.863  -24.424 0.3000000119
117883  32.239  -13.309  -25.215 0.4000000060
136291  32.102  -12.887  -26.913 0.3000000119
63067  31.376  -14.107  -27.435 0.3000000119
64038  31.618  -13.476  -27.755 0.3000000119
62057  29.934  -15.804  -28.180 0.4000000060
63068  30.826  -14.589  -27.974 0.3000000119
64039  31.189  -13.775  -28.365 0.3000000119
62069  30.269  -15.100  -28.484 0.3000000119
137357  30.140  -14.137  -29.118 0.3000000119
63074  29.836  -14.865  -29.108 0.3000000119
126309  29.568  -14.200  -29.351 0.4000000060
62084  28.533  -15.673  -29.438 0.5000000000
61138  27.247  -16.583  -29.437 0.5000000000
61139  26.412  -16.700  -29.220 0.5000000000
66855  33.395  -10.478  -22.338 0.3000000119
137432  33.190  -10.784  -23.177 0.3000000119
65943  32.922  -11.379  -23.537 0.3000000119
125518  32.575  -12.096  -24.790 0.3000000119
135681  32.507  -12.085  -25.325 0.3000000119
64993  31.979  -12.824  -27.683 0.3000000119
64048  31.620  -13.101  -28.312 0.3000000119
65006  31.305  -12.923  -28.913 0.3000000119
64062  30.028  -13.581  -29.312 0.3000000119
63090  28.075  -14.750  -29.361 0.4000000060
62085  27.660  -15.761  -29.433 0.5000000000
115381  27.092  -14.983  -29.167 0.5000000000
62086  26.765  -15.832  -29.226 0.5000000000
66874  33.360  -10.027  -23.317 0.3000000119
66875  33.082  -10.734  -23.957 0.3000000119
65951  32.772  -11.419  -24.410 0.3000000119
65957  32.626  -11.511  -25.343 0.3000000119
126100  32.427  -12.135  -25.896 0.3000000119
124126  32.331  -12.247  -26.951 0.3000000119
64992  32.274  -11.998  -28.127 0.3000000119
65005  31.884  -12.466  -28.634 0.3000000119
131301  29.376  -13.558  -29.428 0.4000000060
64064  27.968  -13.669  -29.202 0.4000000060
122377  27.249  -14.118  -28.997 0.4000000060
64065  27.235  -13.338  -28.922 0.4000000060
131479  26.182  -15.028  -28.852 0.5000000000
63075  26.021  -14.222  -28.701 0.4000000060
68691  34.248  -8.565  -21.429 0.3000000119
134225  33.539  -9.701  -22.453 0.3000000119
66886  32.919  -10.739  -24.861 0.3000000119
66894  32.825  -10.723  -25.810 0.3000000119
65969  32.564  -11.434  -26.370 0.3000000119
65983  32.522  -11.356  -27.466 0.3000000119
65988  32.461  -11.222  -28.514 0.3000000119
123553  30.559  -12.933  -29.276 0.3000000119
65996  30.863  -11.584  -29.312 0.3000000119
65019  29.715  -12.907  -29.416 0.3000000119
125477  28.708  -12.995  -29.351 0.4000000060
127314  27.696  -12.757  -29.093 0.3000000119
68697  33.745  -8.520  -22.683 0.3000000119
68715  33.675  -8.527  -23.440 0.3000000119
69568  33.890  -7.811  -23.766 0.3000000119
66885  33.249  -10.032  -24.360 0.3000000119
67848  33.365  -9.375  -25.691 0.3000000119
66904  33.123  -10.007  -26.246 0.3000000119
67853  33.383  -9.294  -26.605 0.3000000119
66905  32.778  -10.654  -26.836 0.3000000119
66920  32.741  -10.568  -27.887 0.3000000119
67854  33.110  -9.905  -27.262 0.3000000119
65995  31.693  -11.686  -29.291 0.3000000119
67840  33.419  -9.351  -24.816 0.3000000119
69586  33.983  -7.667  -24.652 0.3000000119
129533  33.756  -8.188  -25.347 0.3000000119
68742  33.544  -8.695  -25.995 0.3000000119
66925  32.537  -10.566  -28.697 0.3000000119
66932  31.526  -11.170  -29.348 0.3000000119
69585  34.176  -7.048  -23.968 0.3000000119
129909  34.312  -6.927  -24.823 0.3000000119
69597  34.096  -7.487  -25.520 0.3000000119
69598  33.839  -8.006  -26.236 0.3000000119
67866  33.382  -9.144  -27.503 0.3000000119
67867  33.001  -9.778  -28.180 0.3000000119
69605  34.287  -7.233  -26.463 0.4000000060
130228  34.598  -6.421  -26.012 0.4000000060
69606  34.021  -7.924  -27.170 0.4000000060
127882  34.520  -6.267  -25.132 0.3000000119
71343  34.947  -5.831  -26.361 0.4000000060
47858  30.976  -30.505  -33.208 1.0000000000
48845  31.197  -29.558  -33.118 1.0000000000
57245  28.124  -20.258  -26.655 0.6999999881
59300  28.067  -18.945  -27.756 0.8000000119
59310  28.079  -18.396  -28.400 0.8000000119
60186  28.678  -17.836  -28.013 0.6999999881
39890  31.776  -38.564  -33.887 0.6000000238
38759  31.187  -39.010  -33.280 0.6000000238
37606  35.378  -40.930  -36.905 0.5000000000
40956  33.423  -37.630  -33.940 0.6000000238
43931  28.168  -34.715  -33.244 0.8999999762
41980  34.120  -37.116  -33.423 0.5000000000
38778  37.137  -39.461  -36.459 0.4000000060
40972  35.852  -37.942  -35.435 0.5000000000
38783  38.223  -40.430  -37.242 0.4000000060
40893  30.286  -37.707  -28.066 0.6999999881
42974  28.032  -35.156  -30.490 0.8999999762
41915  32.191  -36.170  -27.781 0.6999999881
40966  35.286  -37.351  -34.933 0.5000000000
40964  37.308  -37.384  -35.307 0.5000000000
41898  30.031  -36.115  -26.500 0.8000000119
42941  27.950  -35.500  -28.092 0.8000000119
45868  30.389  -32.183  -29.967 0.8000000119
43893  34.106  -34.820  -28.933 0.6000000238
43938  36.259  -34.798  -32.731 0.4000000060
42997  36.650  -35.314  -33.997 0.4000000060
42885  30.116  -35.081  -25.773 0.8000000119
43919  36.330  -34.085  -31.197 0.5000000000
43921  35.051  -34.906  -30.336 0.5000000000
48840  29.640  -29.263  -30.612 1.0000000000
44868  34.812  -34.005  -27.951 0.6999999881
47850  33.668  -30.133  -32.502 1.0000000000
48848  32.200  -30.190  -33.402 1.0000000000
51511  29.049  -26.347  -31.083 1.0000000000
137465  31.220  -30.251  -27.447 0.8000000119
52473  33.245  -24.426  -32.086 1.0000000000
51487  31.715  -26.591  -27.322 0.8000000119
51506  32.804  -25.849  -30.686 1.0000000000
120497  33.235  -26.535  -31.629 1.0000000000
48771  31.350  -29.209  -24.571 0.6999999881
125353  33.123  -23.523  -29.582 0.8000000119
54364  32.420  -22.154  -30.338 1.0000000000
55365  32.825  -21.544  -29.422 1.0000000000
119602  33.229  -30.644  -22.728 0.6000000238
138639  31.993  -30.020  -23.140 0.6999999881
53380  37.620  -25.456  -29.796 0.4000000060
118091  24.305  -28.507  -27.759 1.0000000000
50632  24.758  -27.275  -28.816 1.0000000000
55356  38.105  -22.894  -28.308 0.4000000060
53340  29.146  -25.215  -24.963 1.0000000000
122574  37.282  -26.006  -29.060 0.4000000060
54333  37.689  -23.624  -27.756 0.5000000000
53375  36.927  -25.627  -28.019 0.5000000000
134208  38.145  -18.752  -23.212 0.4000000060
58182  38.430  -19.203  -23.864 0.4000000060
53341  27.884  -25.144  -25.069 1.0000000000
133746  37.627  -22.634  -24.745 0.5000000000
57247  26.661  -20.780  -27.666 0.8000000119
131343  35.641  -19.062  -21.571 0.5000000000
57211  35.105  -20.610  -24.251 0.5000000000
56275  33.700  -20.994  -24.191 0.5000000000
56247  32.897  -21.503  -23.005 0.6000000238
56239  32.167  -21.337  -22.024 0.5000000000
56248  31.297  -21.723  -22.265 0.5000000000
59224  31.831  -18.876  -20.798 0.5000000000
58231  28.571  -19.400  -26.447 0.6999999881
132509  29.283  -18.068  -26.254 0.6999999881
60185  29.225  -17.295  -27.481 0.6000000238
64016  32.211  -12.938  -26.145 0.3000000119
40933  26.890  -37.898  -31.444 0.5000000000
40943  27.232  -37.657  -32.739 0.5000000000
40942  27.595  -36.844  -33.173 0.5000000000
38753  26.406  -39.651  -33.544 0.5000000000
39882  27.006  -38.209  -33.508 0.5000000000
37565  26.150  -40.508  -31.247 0.5000000000
38743  26.271  -39.527  -31.440 0.5000000000
38752  26.624  -39.108  -32.896 0.5000000000
36360  26.489  -41.318  -30.894 0.5000000000
127835  27.903  -41.720  -31.108 0.4000000060
37556  27.313  -40.804  -30.030 0.5000000000
36358  28.617  -41.150  -31.071 0.4000000060
37555  28.217  -40.705  -30.227 0.5000000000
37573  29.845  -40.614  -32.400 0.5000000000
37554  29.158  -40.448  -30.629 0.5000000000
135893  24.860  -31.581  -25.373 0.6999999881
136181  23.836  -32.434  -25.385 0.6999999881
46799  25.809  -31.609  -25.539 0.8000000119
46830  27.051  -31.724  -27.059 0.8000000119
46813  26.608  -31.517  -26.133 0.8000000119
46828  28.067  -30.740  -27.953 0.8999999762
46800  23.795  -31.617  -25.411 0.6999999881
136097  26.106  -30.317  -25.996 0.8999999762
47833  27.577  -30.509  -27.381 0.8999999762
47832  28.122  -29.926  -27.766 0.8999999762
48787  23.698  -29.992  -25.756 0.6000000238
115565  24.282  -30.785  -25.455 0.8000000119
48801  26.692  -29.721  -26.994 0.8999999762
48819  27.375  -29.679  -27.400 0.8999999762
49726  28.208  -28.704  -28.561 0.8999999762
45771  37.788  -32.413  -24.819 0.5000000000
45787  37.097  -32.724  -24.715 0.5000000000
45773  35.592  -32.927  -24.003 0.5000000000
44845  36.272  -33.323  -26.269 0.6000000238
115543  35.071  -33.562  -25.088 0.5000000000
44846  35.516  -33.486  -26.680 0.6000000238
127870  22.879  -29.576  -25.934 0.6000000238
48802  24.230  -29.598  -26.250 0.8999999762
47814  25.998  -29.768  -26.482 0.8999999762
128303  25.572  -30.201  -25.874 0.8999999762
129282  26.843  -28.808  -27.722 0.8999999762
49727  27.137  -28.150  -28.865 0.8999999762
49737  28.011  -28.092  -29.299 0.8999999762
46779  37.044  -31.313  -23.988 0.5000000000
47762  36.228  -30.954  -23.656 0.5000000000
46765  36.428  -31.881  -23.735 0.5000000000
135605  35.176  -32.039  -23.271 0.5000000000
46778  37.921  -31.602  -24.453 0.5000000000
119270  37.164  -32.172  -24.230 0.5000000000
48822  24.223  -29.098  -26.948 0.8999999762
48803  23.532  -29.277  -26.487 0.6999999881
48821  25.496  -29.138  -27.207 0.8999999762
49719  25.811  -28.591  -27.962 0.8999999762
49728  26.022  -27.949  -28.865 0.8999999762
47780  36.777  -30.380  -24.020 0.5000000000
47763  35.288  -30.520  -23.305 0.5000000000
47779  37.499  -30.630  -24.305 0.5000000000
47778  38.241  -30.653  -24.624 0.5000000000
49720  25.017  -28.506  -27.940 0.8999999762
49729  25.183  -27.860  -28.739 0.8999999762
47781  36.038  -30.025  -23.775 0.5000000000
48785  37.021  -29.249  -25.102 0.5000000000
48769  36.513  -29.580  -24.390 0.5000000000
48768  37.708  -29.888  -24.697 0.5000000000
49694  37.462  -28.684  -25.797 0.4000000060
51496  21.607  -26.593  -27.225 0.6000000238
51480  20.837  -26.337  -26.871 0.6000000238
51495  22.425  -26.801  -27.588 0.8000000119
51479  21.523  -25.877  -26.640 0.6999999881
53365  21.249  -25.136  -25.942 0.6999999881
53366  20.599  -24.930  -25.904 0.6999999881
53348  20.210  -24.380  -25.702 0.6999999881
52447  22.398  -25.901  -26.467 0.8000000119
51478  22.792  -26.369  -27.110 0.8000000119
53364  22.047  -25.313  -25.929 0.6999999881
116639  21.901  -24.350  -25.583 0.6999999881
54320  21.425  -23.443  -25.479 0.6999999881
118847  22.329  -23.256  -25.459 0.6999999881
55326  21.806  -22.461  -25.484 0.6999999881
52427  23.712  -25.410  -25.737 0.8000000119
53346  23.300  -24.710  -25.563 0.8000000119
52445  24.143  -26.035  -26.123 0.8000000119
55325  22.702  -22.315  -25.564 0.6999999881
54319  23.238  -23.051  -25.519 0.6999999881
52426  24.601  -25.420  -25.735 0.8000000119
55324  23.540  -22.169  -25.686 0.6999999881
55347  24.253  -21.918  -25.992 0.8000000119
56356  23.679  -20.633  -26.927 0.6000000238
118557  24.572  -23.750  -25.597 0.8000000119
54318  24.194  -22.835  -25.606 0.8000000119
56355  24.559  -20.822  -27.105 0.6000000238
57262  24.100  -20.145  -27.397 0.6000000238
58246  23.646  -19.550  -27.617 0.6000000238
57261  25.111  -20.180  -27.691 0.6000000238
58245  24.450  -19.648  -27.798 0.6000000238
55346  24.921  -22.361  -25.949 0.8000000119
59313  24.810  -18.528  -28.481 0.6000000238
56354  25.461  -20.985  -27.307 0.6999999881
58254  26.128  -19.364  -28.639 0.6000000238
59321  25.993  -17.980  -29.084 0.6999999881
60197  25.326  -17.905  -28.801 0.6000000238
114742  25.791  -18.641  -28.854 0.6000000238
129468  25.816  -17.324  -29.036 0.6000000238
57270  25.813  -19.912  -28.242 0.6999999881
58253  26.763  -19.263  -28.612 0.6999999881
37583  29.926  -41.016  -33.155 0.4000000060
36367  29.178  -41.238  -32.135 0.5000000000
36357  29.498  -40.575  -31.588 0.5000000000
37557  26.658  -40.726  -30.355 0.5000000000
37542  26.468  -39.957  -30.418 0.5000000000
48827  28.964  -28.850  -29.005 0.8999999762
49693  38.164  -28.463  -25.863 0.3000000119
52446  23.253  -25.947  -26.285 0.8000000119
38744  26.179  -39.886  -32.255 0.5000000000
36349  26.998  -41.339  -30.397 0.5000000000
126452  25.269  -30.829  -25.486 0.8000000119
44826  37.404  -32.899  -25.369 0.5000000000
52428  22.864  -25.393  -25.828 0.8000000119
129793  22.568  -24.793  -25.620 0.6999999881
122311  23.727  -23.827  -25.513 0.8000000119
56313  22.992  -21.600  -25.922 0.6999999881
56338  23.641  -21.617  -26.136 0.6999999881
44921  36.975  -33.627  -31.737 0.4000000060
45888  37.726  -32.305  -31.351 0.4000000060
45879  36.866  -33.045  -30.257 0.4000000060
44913  37.258  -32.877  -31.237 0.4000000060
45848  36.782  -33.035  -28.689 0.5000000000
45877  38.086  -32.243  -30.815 0.4000000060
45887  38.369  -31.801  -31.922 0.4000000060
44867  36.388  -33.156  -27.839 0.5000000000
132662  36.081  -33.241  -27.111 0.5000000000
45847  37.581  -32.806  -28.830 0.5000000000
45866  37.910  -32.700  -29.813 0.4000000060
45867  37.143  -32.895  -29.590 0.4000000060
45876  39.033  -31.953  -30.934 0.4000000060
45865  38.717  -32.429  -29.974 0.4000000060
45878  37.472  -32.674  -30.533 0.4000000060
46862  39.782  -31.521  -30.940 0.4000000060
45806  36.875  -33.062  -26.925 0.5000000000
45829  37.225  -32.899  -27.899 0.5000000000
116851  39.054  -32.366  -29.233 0.4000000060
45864  39.536  -32.005  -29.913 0.4000000060
47844  42.100  -29.524  -30.306 0.4000000060
46851  41.496  -30.341  -29.958 0.4000000060
46853  40.323  -31.331  -30.345 0.4000000060
131267  42.700  -28.740  -30.822 0.4000000060
46860  41.142  -30.363  -30.930 0.4000000060
45828  37.790  -32.916  -27.087 0.5000000000
119144  38.209  -32.711  -27.980 0.5000000000
48778  45.395  -29.373  -25.537 0.3000000119
45846  39.005  -32.566  -28.448 0.4000000060
123907  45.163  -28.981  -26.614 0.3000000119
45863  40.145  -31.728  -29.237 0.4000000060
47792  45.855  -29.861  -26.283 0.3000000119
48797  45.212  -28.317  -27.973 0.3000000119
49724  44.460  -27.318  -29.326 0.3000000119
48815  43.789  -27.443  -29.110 0.3000000119
47836  42.452  -29.253  -29.586 0.4000000060
119200  41.830  -30.102  -29.403 0.4000000060
46852  40.854  -31.086  -29.629 0.4000000060
49723  45.047  -27.429  -29.599 0.3000000119
137481  44.401  -27.419  -30.036 0.3000000119
128139  43.277  -28.163  -30.762 0.4000000060
130815  38.334  -32.790  -26.431 0.4000000060
136874  38.490  -32.851  -27.130 0.4000000060
121724  39.538  -32.446  -28.102 0.4000000060
132758  39.117  -32.737  -27.495 0.4000000060
48767  45.028  -28.971  -25.037 0.3000000119
50594  43.625  -26.889  -26.368 0.3000000119
48798  44.496  -27.644  -27.066 0.3000000119
49716  43.959  -27.159  -28.138 0.3000000119
48816  42.953  -28.424  -28.163 0.4000000060
47828  42.459  -29.441  -28.317 0.4000000060
46842  41.325  -30.804  -28.933 0.4000000060
49715  44.538  -27.359  -28.421 0.3000000119
48825  43.079  -28.337  -29.374 0.3000000119
45805  37.616  -32.955  -26.200 0.4000000060
48780  42.340  -28.029  -26.140 0.3000000119
130930  41.620  -29.948  -25.985 0.3000000119
47809  41.812  -30.158  -26.574 0.4000000060
46794  41.280  -30.589  -26.024 0.4000000060
46810  40.771  -31.512  -26.831 0.4000000060
45803  39.504  -32.519  -26.712 0.4000000060
50610  43.448  -26.900  -26.538 0.3000000119
48799  42.165  -29.276  -26.367 0.3000000119
46809  41.350  -30.878  -26.759 0.4000000060
45826  39.863  -32.402  -27.476 0.4000000060
49705  43.304  -27.060  -27.057 0.3000000119
121781  42.775  -28.187  -27.155 0.3000000119
47808  42.397  -29.431  -27.270 0.4000000060
47829  41.891  -30.298  -27.478 0.4000000060
46826  40.495  -31.870  -27.594 0.4000000060
49704  43.901  -26.852  -27.165 0.3000000119
49717  43.421  -27.473  -27.926 0.3000000119
47837  41.881  -30.251  -28.523 0.4000000060
46843  40.671  -31.496  -28.555 0.4000000060
47795  39.008  -30.655  -24.903 0.4000000060
47794  39.793  -30.792  -25.184 0.4000000060
132503  38.648  -31.329  -24.781 0.4000000060
115493  38.174  -32.635  -25.563 0.4000000060
117536  40.862  -29.290  -25.386 0.3000000119
46796  39.883  -31.536  -25.546 0.4000000060
45804  38.976  -32.439  -25.956 0.4000000060
48781  41.606  -29.248  -25.777 0.4000000060
47793  40.577  -30.891  -25.621 0.4000000060
46795  40.397  -31.642  -26.109 0.4000000060
45785  39.765  -32.126  -26.042 0.4000000060
56314  22.167  -21.623  -25.762 0.6000000238
56315  21.185  -21.664  -25.639 0.6000000238
57263  23.219  -20.024  -27.237 0.5000000000
56339  22.505  -21.037  -26.359 0.5000000000
58247  22.776  -19.417  -27.448 0.5000000000
59302  23.306  -18.883  -27.763 0.5000000000
60198  24.464  -17.731  -28.506 0.5000000000
61127  25.020  -17.127  -28.727 0.5000000000
61140  25.546  -16.544  -28.872 0.4000000060
67877  31.820  -9.903  -28.864 0.3000000119
68771  31.369  -8.972  -28.533 0.3000000119
68777  30.372  -8.624  -29.004 0.3000000119
68755  33.684  -8.426  -27.673 0.3000000119
68768  33.569  -8.248  -28.169 0.3000000119
121815  32.376  -9.252  -28.563 0.3000000119
68770  32.172  -8.327  -28.432 0.3000000119
68776  31.051  -7.928  -28.425 0.3000000119
68785  29.785  -8.046  -29.372 0.3000000119
69637  29.511  -7.362  -29.550 0.3000000119
69612  34.407  -7.291  -27.554 0.3000000119
69624  33.863  -7.726  -28.213 0.3000000119
69625  33.122  -7.812  -28.392 0.3000000119
70476  32.921  -6.804  -28.365 0.3000000119
69630  31.795  -7.194  -28.258 0.3000000119
70477  31.963  -6.218  -28.305 0.3000000119
69631  30.891  -7.088  -28.468 0.3000000119
121708  29.978  -6.802  -29.502 0.3000000119
118948  29.151  -5.603  -29.796 0.3000000119
70458  34.683  -6.579  -26.980 0.3000000119
70465  34.357  -7.276  -28.122 0.3000000119
70475  33.869  -7.182  -28.362 0.3000000119
71369  33.805  -6.402  -28.493 0.3000000119
71370  32.816  -5.832  -28.471 0.3000000119
71380  31.537  -5.593  -28.627 0.3000000119
70490  30.863  -5.861  -29.171 0.3000000119
70491  30.050  -6.000  -29.555 0.3000000119
71354  35.190  -6.034  -27.336 0.3000000119
71367  35.536  -5.751  -28.662 0.3000000119
71368  35.035  -6.021  -28.925 0.3000000119
134686  33.688  -5.691  -28.618 0.3000000119
72248  32.255  -5.169  -28.635 0.3000000119
72258  31.646  -4.809  -29.047 0.3000000119
73193  31.559  -4.006  -29.394 0.3000000119
71353  35.636  -5.434  -27.717 0.3000000119
71366  35.973  -5.349  -29.199 0.3000000119
71378  34.945  -5.574  -29.341 0.3000000119
72255  34.617  -4.887  -29.525 0.3000000119
72257  32.511  -4.324  -29.028 0.3000000119
72238  36.047  -5.113  -28.448 0.3000000119
72253  36.111  -5.066  -29.890 0.3000000119
72264  35.824  -4.691  -30.319 0.3000000119
131862  35.125  -4.673  -30.073 0.3000000119
72246  36.393  -4.809  -29.149 0.3000000119
72263  36.502  -4.363  -30.377 0.3000000119
134848  37.108  -3.427  -29.650 0.3000000119
46861  40.501  -30.830  -31.626 0.4000000060
135986  37.438  -33.085  -31.875 0.4000000060
45897  37.821  -32.430  -32.108 0.4000000060
45886  39.663  -31.308  -32.104 0.4000000060
48831  43.260  -28.377  -31.566 0.4000000060
47849  41.916  -29.352  -31.839 0.4000000060
47807  45.822  -29.392  -27.602 0.3000000119
48814  45.483  -27.856  -29.362 0.3000000119
49733  45.078  -27.476  -30.419 0.3000000119
48777  46.159  -29.920  -25.234 0.3000000119
49681  44.469  -28.189  -25.035 0.3000000119
50595  43.269  -26.661  -25.956 0.3000000119
118719  44.175  -27.504  -24.599 0.3000000119
48783  38.503  -29.755  -24.956 0.4000000060
48782  39.485  -29.946  -25.058 0.4000000060
116335  40.339  -30.070  -25.286 0.4000000060
49690  41.397  -28.371  -25.525 0.3000000119
50596  41.963  -27.487  -25.665 0.3000000119
118808  20.910  -22.687  -25.461 0.6000000238
72225  35.326  -5.218  -26.723 0.3000000119
125945  35.940  -4.620  -27.627 0.3000000119
72237  36.327  -4.336  -28.235 0.3000000119
73183  36.703  -3.955  -28.901 0.3000000119
73171  36.369  -3.451  -28.003 0.3000000119
49679  46.169  -28.917  -24.116 0.3000000119
44914  36.627  -33.455  -30.785 0.4000000060
44885  36.047  -33.361  -28.610 0.5000000000
45844  40.089  -32.117  -28.301 0.4000000060
49689  44.072  -27.340  -26.217 0.3000000119
120490  39.332  -31.972  -25.491 0.4000000060
70464  34.971  -6.723  -27.945 0.3000000119
134248  31.115  -5.236  -29.190 0.3000000119
72256  33.641  -4.484  -29.114 0.3000000119
73191  34.257  -4.009  -29.807 0.3000000119
74006  36.712  -2.998  -28.602 0.3000000119
44929  37.615  -33.450  -32.493 0.3000000119
42960  25.191  -35.096  -30.011 0.6000000238
42944  25.132  -35.728  -29.288 0.6999999881
45896  38.602  -31.967  -32.851 0.3000000119
38776  39.444  -39.993  -36.847 0.3000000119
39903  38.828  -39.144  -36.402 0.3000000119
43862  25.298  -34.796  -26.689 0.6999999881
117757  37.377  -34.864  -33.712 0.3000000119
42925  25.179  -35.716  -27.147 0.6999999881
42943  25.317  -35.733  -28.154 0.6999999881
43941  38.226  -34.282  -33.665 0.3000000119
44928  38.292  -32.799  -32.954 0.3000000119
116322  25.649  -34.891  -28.967 0.6999999881
44937  38.674  -33.251  -33.576 0.3000000119
46883  40.573  -31.149  -34.007 0.3000000119
45903  39.983  -31.947  -34.091 0.3000000119
45904  39.000  -32.288  -33.615 0.3000000119
46876  41.878  -30.269  -33.725 0.3000000119
46877  41.094  -30.402  -33.790 0.3000000119
46878  40.148  -31.002  -33.362 0.3000000119
40970  37.993  -38.222  -35.729 0.3000000119
121243  25.567  -33.909  -26.321 0.6999999881
42996  38.053  -35.125  -34.182 0.3000000119
134395  37.373  -35.376  -34.181 0.3000000119
136449  25.692  -34.262  -26.939 0.6999999881
43881  25.832  -34.457  -27.719 0.6999999881
44941  39.159  -33.933  -34.083 0.3000000119
44936  39.485  -32.871  -34.114 0.3000000119
45902  41.014  -31.875  -34.288 0.3000000119
119584  39.195  -31.537  -32.811 0.3000000119
46868  42.408  -30.477  -33.310 0.3000000119
128503  37.960  -37.006  -35.087 0.4000000060
129633  25.051  -33.728  -25.701 0.6999999881
43004  38.928  -35.757  -34.690 0.3000000119
43005  38.038  -35.761  -34.543 0.3000000119
43944  39.975  -34.760  -34.495 0.3000000119
43945  38.954  -34.886  -34.347 0.3000000119
44871  26.041  -33.841  -27.123 0.6999999881
44939  41.049  -33.589  -34.552 0.3000000119
43880  26.237  -33.874  -27.987 0.6999999881
47855  41.363  -29.855  -32.352 0.3000000119
46869  40.771  -30.391  -32.981 0.3000000119
46875  42.283  -29.636  -33.198 0.3000000119
47854  42.125  -29.312  -32.686 0.3000000119
44848  26.159  -33.200  -26.444 0.6999999881
116793  39.913  -35.685  -34.697 0.3000000119
45809  26.629  -32.421  -26.700 0.6999999881
43001  41.701  -35.048  -34.400 0.3000000119
43943  41.072  -34.679  -34.656 0.3000000119
45832  26.955  -32.386  -27.698 0.6999999881
48841  42.986  -28.802  -32.367 0.3000000119
43002  41.240  -35.798  -34.683 0.3000000119
130837  27.369  -31.832  -27.825 0.6999999881
48842  42.611  -28.930  -32.269 0.3000000119
124280  39.731  -28.392  -25.117 0.3000000119
43924  24.462  -34.475  -31.438 0.5000000000
40897  24.571  -37.244  -28.513 0.6999999881
42961  24.573  -35.481  -30.354 0.6000000238
41954  24.546  -36.438  -29.660 0.6000000238
42976  24.653  -34.685  -30.729 0.6000000238
42910  24.719  -35.615  -26.306 0.6999999881
138091  25.012  -34.288  -25.918 0.6999999881
40969  38.995  -38.586  -35.807 0.3000000119
44834  24.467  -34.123  -25.479 0.6999999881
132864  38.353  -37.790  -35.436 0.4000000060
45790  24.520  -33.130  -25.421 0.6999999881
41995  38.839  -36.581  -34.933 0.4000000060
45811  25.286  -32.373  -25.506 0.6999999881
41994  39.946  -36.498  -34.816 0.3000000119
41993  40.622  -36.841  -34.691 0.3000000119
41985  41.351  -36.661  -34.022 0.3000000119
44938  38.117  -33.646  -33.108 0.3000000119
45810  26.127  -32.429  -25.849 0.6999999881
42995  41.586  -35.930  -34.332 0.3000000119
40962  39.914  -37.141  -34.797 0.3000000119
39891  26.860  -37.947  -34.499 0.5000000000
41991  26.296  -36.577  -34.090 0.5000000000
121215  27.251  -37.253  -33.960 0.4000000060
35103  23.079  -42.348  -28.661 0.4000000060
33960  20.956  -43.860  -28.411 0.5000000000
41990  27.226  -36.557  -34.280 0.4000000060
40951  27.501  -36.508  -33.910 0.5000000000
41982  25.372  -35.907  -33.419 0.5000000000
32919  18.823  -45.041  -28.649 0.4000000060
123070  17.611  -45.239  -29.302 0.4000000060
33959  21.969  -43.573  -28.475 0.5000000000
42986  24.041  -35.047  -31.975 0.4000000060
32921  17.156  -44.399  -29.376 0.4000000060
31853  16.999  -45.256  -29.762 0.4000000060
33961  19.893  -43.726  -28.240 0.4000000060
35104  21.242  -42.827  -28.207 0.5000000000
35105  20.383  -43.127  -28.205 0.4000000060
36316  23.397  -41.505  -28.246 0.5000000000
38700  24.207  -39.778  -28.114 0.4000000060
41967  23.868  -35.881  -30.836 0.5000000000
40916  23.902  -37.683  -29.925 0.4000000060
39850  23.957  -38.455  -29.375 0.4000000060
40934  23.902  -36.809  -30.409 0.4000000060
32936  16.424  -44.477  -30.046 0.4000000060
35133  14.836  -42.244  -30.631 0.4000000060
33962  18.905  -43.484  -28.446 0.4000000060
127879  15.722  -41.853  -29.823 0.4000000060
36318  21.852  -42.091  -27.777 0.5000000000
135447  20.316  -42.516  -28.032 0.4000000060
128909  16.458  -40.969  -29.285 0.4000000060
38701  17.928  -39.636  -28.372 0.4000000060
37528  17.331  -40.152  -28.681 0.4000000060
36297  23.183  -41.131  -27.724 0.5000000000
37506  23.482  -40.348  -27.521 0.5000000000
39832  18.416  -38.722  -28.200 0.4000000060
39831  18.957  -37.994  -28.106 0.4000000060
37525  23.875  -40.739  -27.958 0.5000000000
37505  24.066  -40.046  -27.806 0.6000000238
39830  24.198  -38.871  -28.444 0.6000000238
39849  24.274  -37.970  -28.799 0.5000000000
33995  14.628  -42.871  -31.180 0.4000000060
35125  15.514  -42.360  -30.173 0.4000000060
33977  17.113  -43.344  -29.163 0.4000000060
36338  16.275  -41.749  -29.469 0.4000000060
36319  20.764  -41.967  -27.827 0.5000000000
36320  19.791  -41.878  -27.952 0.4000000060
36337  16.978  -41.699  -28.986 0.4000000060
36299  21.276  -41.315  -27.555 0.5000000000
37527  18.612  -40.407  -28.027 0.4000000060
135379  17.902  -40.635  -28.423 0.4000000060
36298  22.301  -41.337  -27.552 0.5000000000
38682  23.698  -39.546  -27.303 0.5000000000
39829  24.420  -38.349  -27.933 0.6000000238
137058  24.482  -37.844  -28.187 0.6000000238
33994  15.344  -42.994  -30.583 0.4000000060
35107  18.417  -42.579  -28.469 0.4000000060
35123  16.716  -42.454  -29.266 0.4000000060
35108  17.488  -42.509  -28.805 0.4000000060
127190  18.499  -41.121  -28.236 0.4000000060
37508  21.693  -40.681  -27.281 0.5000000000
37510  19.434  -40.321  -27.641 0.4000000060
37511  18.817  -39.553  -27.796 0.4000000060
38683  22.934  -39.827  -27.007 0.5000000000
39811  19.570  -38.042  -27.496 0.4000000060
41937  24.959  -36.439  -28.431 0.6000000238
127220  24.735  -36.966  -27.578 0.6000000238
39794  24.260  -38.277  -27.312 0.6000000238
32937  15.824  -44.498  -30.730 0.4000000060
33978  16.446  -43.675  -29.712 0.4000000060
129791  17.884  -41.610  -28.525 0.4000000060
130309  20.872  -40.666  -27.379 0.5000000000
36300  20.195  -41.081  -27.601 0.5000000000
37526  19.220  -41.117  -27.931 0.5000000000
123632  21.074  -40.074  -27.076 0.5000000000
38684  20.460  -39.431  -27.087 0.5000000000
38666  23.245  -39.042  -26.781 0.5000000000
121059  21.993  -40.001  -26.890 0.5000000000
39809  21.324  -39.318  -26.785 0.5000000000
115728  19.904  -38.757  -27.209 0.4000000060
139047  20.125  -38.147  -27.039 0.5000000000
40879  20.035  -37.452  -27.194 0.4000000060
41920  25.033  -36.298  -27.559 0.6000000238
40857  24.391  -37.457  -26.942 0.6000000238
39795  23.538  -38.263  -26.667 0.6000000238
38667  22.295  -39.201  -26.637 0.5000000000
39810  20.653  -38.663  -26.846 0.5000000000
40858  23.890  -37.551  -26.509 0.6000000238
40859  23.047  -37.612  -26.311 0.6000000238
39797  21.559  -38.395  -26.514 0.5000000000
41900  24.147  -36.818  -26.307 0.6000000238
41921  24.688  -36.465  -26.785 0.6000000238
44836  22.953  -33.692  -25.380 0.5000000000
137994  23.266  -34.364  -25.181 0.6000000238
43863  22.338  -35.134  -25.590 0.5000000000
43846  23.885  -34.820  -25.186 0.6000000238
42888  22.833  -35.649  -25.355 0.6000000238
42911  22.153  -36.058  -25.767 0.5000000000
42912  21.258  -36.065  -26.545 0.5000000000
40860  22.119  -37.643  -26.229 0.5000000000
40861  21.331  -37.547  -26.440 0.5000000000
40878  20.749  -36.922  -26.775 0.5000000000
126092  20.609  -36.040  -27.325 0.5000000000
45791  23.430  -33.035  -25.398 0.5000000000
45792  22.513  -32.931  -25.696 0.5000000000
115090  24.490  -32.234  -25.392 0.6000000238
44835  23.787  -33.883  -25.240 0.6000000238
41903  21.666  -36.875  -26.198 0.5000000000
42886  24.190  -35.607  -25.572 0.6000000238
42887  23.507  -35.625  -25.322 0.6000000238
41984  23.379  -36.098  -32.464 0.4000000060
41975  23.409  -35.578  -31.611 0.4000000060
42992  25.097  -35.162  -32.916 0.4000000060
41880  23.831  -36.267  -25.692 0.6000000238
120207  26.530  -37.834  -34.785 0.5000000000
40961  23.353  -37.398  -33.028 0.5000000000
40959  25.993  -37.302  -34.383 0.5000000000
41983  24.772  -36.528  -33.357 0.5000000000
123478  22.334  -42.710  -28.278 0.5000000000
32905  18.408  -44.186  -28.616 0.4000000060
33963  17.962  -43.356  -28.667 0.4000000060
37544  16.690  -40.164  -29.132 0.4000000060
36321  18.878  -41.835  -28.232 0.4000000060
33993  15.861  -43.734  -30.355 0.4000000060
41902  22.577  -36.914  -25.930 0.6000000238
36352  15.168  -41.642  -30.160 0.3000000119
38718  17.090  -39.440  -29.001 0.3000000119
36339  15.691  -41.087  -29.743 0.3000000119
39833  17.585  -38.595  -28.959 0.3000000119
37545  16.008  -40.213  -29.685 0.3000000119
39851  16.872  -38.797  -29.529 0.3000000119
38719  16.329  -39.350  -29.665 0.3000000119
32904  19.327  -44.390  -28.450 0.4000000060
32920  17.967  -44.788  -28.893 0.4000000060
33979  15.911  -43.040  -29.978 0.4000000060
35106  19.500  -42.727  -28.225 0.4000000060
35124  16.068  -42.416  -29.682 0.4000000060
36317  22.751  -41.903  -27.973 0.5000000000
36348  27.683  -41.304  -30.567 0.4000000060
37507  22.640  -40.586  -27.297 0.5000000000
37509  20.262  -40.189  -27.352 0.5000000000
37593  30.949  -40.001  -35.538 0.6000000238
37601  31.906  -39.311  -35.845 0.6999999881
38681  24.182  -39.133  -27.658 0.6000000238
38685  19.649  -39.506  -27.414 0.4000000060
38699  27.848  -39.256  -28.496 0.8000000119
38713  30.034  -39.165  -29.726 0.6000000238
39796  22.642  -38.379  -26.480 0.6000000238
39808  23.937  -38.762  -27.054 0.6000000238
39812  19.169  -38.748  -27.636 0.4000000060
39869  32.222  -38.028  -32.023 0.6000000238
39872  26.661  -38.549  -31.866 0.6000000238
39889  32.756  -37.852  -34.024 0.6999999881
39897  33.870  -38.143  -34.914 0.6000000238
39899  32.560  -38.377  -35.014 0.6000000238
40877  24.519  -37.719  -27.674 0.6000000238
40912  31.394  -37.577  -29.326 0.8000000119
40915  24.258  -37.242  -29.461 0.6000000238
40952  23.632  -36.767  -32.932 0.5000000000
40958  26.894  -37.267  -34.589 0.5000000000
41881  23.086  -36.282  -25.533 0.6000000238
41897  30.979  -36.373  -26.499 0.8000000119
41901  23.452  -36.903  -26.035 0.6000000238
41919  28.300  -36.363  -27.512 0.8000000119
41986  40.902  -37.069  -34.471 0.3000000119
41988  34.808  -36.683  -33.863 0.4000000060
41992  41.120  -36.514  -34.643 0.3000000119
41997  35.773  -36.618  -34.779 0.5000000000
42959  27.691  -35.864  -29.640 0.6999999881
42973  34.068  -35.997  -31.146 0.5000000000
42977  23.991  -35.069  -31.162 0.5000000000
42984  28.123  -35.056  -32.919 0.8999999762
42991  27.288  -35.072  -33.831 0.8000000119
42993  24.191  -35.640  -32.653 0.4000000060
43003  40.761  -36.286  -34.811 0.3000000119
43844  30.515  -34.682  -25.161 0.8000000119
43847  23.065  -35.022  -25.123 0.6000000238
43859  33.651  -34.485  -26.003 0.6999999881
43896  26.075  -34.190  -28.669 0.8000000119
43936  37.569  -34.273  -33.118 0.3000000119
44813  35.727  -33.307  -24.681 0.5000000000
44827  36.553  -33.218  -25.222 0.5000000000
44849  25.517  -33.155  -25.773 0.6999999881
44870  26.508  -33.178  -27.586 0.6999999881
44905  25.589  -33.716  -30.627 0.6999999881
44933  26.893  -33.791  -32.841 0.6999999881
44940  40.179  -33.737  -34.426 0.3000000119
45754  35.746  -32.322  -23.621 0.5000000000
45772  36.388  -32.735  -24.216 0.5000000000
45776  30.461  -32.451  -24.612 0.6999999881
45786  38.639  -32.075  -25.081 0.4000000060
45802  40.197  -32.138  -26.739 0.4000000060
45827  38.903  -32.746  -26.734 0.4000000060
45845  39.556  -32.205  -28.853 0.4000000060
45882  27.088  -32.243  -31.146 0.8000000119
45895  39.555  -31.593  -33.527 0.3000000119
45900  28.074  -33.142  -33.032 0.8999999762
45905  40.522  -32.731  -34.395 0.3000000119
46766  35.638  -31.533  -23.398 0.5000000000
46777  39.247  -31.444  -25.126 0.4000000060
46797  30.259  -32.047  -25.408 0.6999999881
46798  26.094  -30.808  -25.708 0.8999999762
46812  27.135  -30.994  -26.826 0.8999999762
46825  41.225  -31.095  -27.776 0.4000000060
46829  27.530  -31.219  -27.519 0.8999999762
46846  28.303  -30.945  -28.776 0.8999999762
46865  28.204  -31.321  -31.298 0.8000000119
46871  31.211  -32.056  -33.080 1.0000000000
46872  29.580  -31.519  -33.200 1.0000000000
46881  30.293  -32.173  -33.745 1.0000000000
47797  24.700  -30.102  -25.759 0.8000000119
47811  30.765  -30.951  -26.875 0.6999999881
47812  27.080  -30.317  -26.987 0.8999999762
47813  26.590  -30.504  -26.356 0.8999999762
47815  25.026  -29.526  -26.460 0.8999999762
47839  28.983  -29.668  -28.961 1.0000000000
47851  32.557  -30.552  -31.817 1.0000000000
47856  33.604  -30.221  -33.038 1.0000000000
47861  42.658  -29.219  -32.631 0.3000000119
47862  41.645  -29.793  -33.291 0.3000000119
48753  32.653  -29.935  -22.787 0.6999999881
48766  45.737  -29.322  -24.758 0.3000000119
48779  44.677  -28.551  -25.802 0.3000000119
48784  37.752  -29.295  -25.194 0.5000000000
48818  27.820  -29.011  -27.914 0.8999999762
48820  26.202  -29.252  -27.245 0.8999999762
48824  43.931  -27.647  -30.386 0.3000000119
48828  28.537  -29.406  -28.339 0.8999999762
48836  42.493  -28.914  -31.462 0.4000000060
48843  34.119  -29.601  -32.970 1.0000000000
49682  36.239  -28.863  -24.874 0.5000000000
49683  35.589  -28.462  -24.361 0.6000000238
49722  21.885  -27.791  -27.197 0.6999999881
49731  23.859  -27.856  -28.194 0.8999999762
49732  45.593  -27.689  -30.304 0.3000000119
49734  44.634  -27.587  -30.748 0.3000000119
49746  33.892  -28.863  -33.438 1.0000000000
50568  34.848  -27.982  -23.768 0.6999999881
50582  43.816  -27.182  -25.573 0.3000000119
50611  42.797  -26.925  -26.123 0.3000000119
50612  37.399  -27.679  -26.963 0.3000000119
50613  36.803  -27.431  -26.869 0.4000000060
50625  23.193  -27.697  -27.902 0.8999999762
50627  21.753  -27.117  -27.479 0.6000000238
50639  26.800  -26.795  -29.889 1.0000000000
51427  32.002  -26.818  -23.762 0.6999999881
51471  29.122  -26.032  -26.755 1.0000000000
51486  37.270  -26.971  -27.984 0.3000000119
51494  23.243  -26.746  -27.798 0.8999999762
51504  24.383  -26.942  -28.516 1.0000000000
51507  32.283  -26.302  -29.340 0.8000000119
51513  33.454  -26.206  -32.991 1.0000000000
52409  32.490  -25.463  -24.357 0.6999999881
52421  29.145  -25.657  -25.756 1.0000000000
52425  25.534  -25.422  -25.772 0.8999999762
52442  26.976  -26.238  -26.007 1.0000000000
52455  36.893  -27.083  -27.553 0.5000000000
52460  22.102  -26.322  -27.114 0.8000000119
53310  34.458  -24.374  -23.704 0.6000000238
53323  36.864  -24.204  -25.001 0.6000000238
53338  32.843  -24.531  -25.802 0.6999999881
53339  29.817  -25.149  -25.544 1.0000000000
53345  24.154  -24.636  -25.570 0.8000000119
53347  20.990  -24.333  -25.651 0.6999999881
53393  32.081  -23.806  -31.936 1.0000000000
54284  30.150  -23.302  -23.630 0.8999999762
54294  36.623  -23.570  -24.324 0.6000000238
54316  26.078  -23.408  -25.744 0.8999999762
54321  20.573  -23.601  -25.528 0.6999999881
54334  37.369  -24.417  -27.214 0.5000000000
54340  25.514  -22.813  -25.801 0.8999999762
54357  33.425  -21.918  -29.177 0.8000000119
54358  33.447  -22.984  -28.895 0.8000000119
54359  31.957  -22.191  -29.364 1.0000000000
54369  32.251  -23.020  -31.505 1.0000000000
55256  32.289  -22.085  -23.188 0.6999999881
55283  35.963  -21.847  -24.092 0.5000000000
55286  31.957  -22.483  -23.796 0.6999999881
55287  30.904  -22.792  -23.271 0.8000000119
55299  37.875  -21.977  -24.692 0.5000000000
55303  34.621  -21.303  -25.452 0.6000000238
55316  37.796  -23.093  -25.420 0.5000000000
55321  28.131  -22.263  -25.209 0.8000000119
55358  33.066  -21.148  -28.617 0.8999999762
55363  33.431  -21.518  -28.726 0.8000000119
55364  33.116  -21.420  -29.247 1.0000000000
55370  33.141  -21.734  -29.695 0.8000000119
56294  37.739  -21.315  -24.408 0.4000000060
56297  33.617  -20.855  -25.201 0.6000000238
56308  34.369  -20.752  -25.557 0.5000000000
56352  33.488  -21.064  -27.727 0.8000000119
57160  31.927  -20.637  -21.280 0.5000000000
57161  31.106  -20.313  -21.433 0.5000000000
57168  30.482  -20.362  -21.913 0.5000000000
57209  38.912  -20.108  -24.831 0.4000000060
57212  34.371  -20.666  -24.130 0.5000000000
57248  22.865  -20.470  -26.785 0.5000000000
57259  27.090  -20.173  -27.870 0.8999999762
57260  26.044  -20.531  -27.899 0.8000000119
57269  26.513  -19.909  -28.301 0.8000000119
58162  31.428  -19.711  -21.138 0.5000000000
58219  39.493  -19.343  -25.447 0.4000000060
58232  27.664  -20.051  -27.354 1.0000000000
58255  25.194  -19.354  -28.294 0.6000000238
58256  24.202  -19.073  -28.046 0.6000000238
59211  33.229  -18.575  -20.133 0.4000000060
59225  31.311  -17.987  -21.357 0.5000000000
59240  38.199  -18.041  -22.975 0.4000000060
59241  29.934  -18.861  -23.492 0.5000000000
59254  39.518  -18.140  -25.047 0.3000000119
59256  30.038  -18.263  -24.029 0.6000000238
59288  28.955  -18.666  -26.355 0.6999999881
59289  28.506  -18.823  -27.076 0.6999999881
59301  27.637  -19.006  -28.246 0.6999999881
59314  23.885  -18.331  -28.165 0.5000000000
59320  26.430  -18.252  -29.057 0.6999999881
60107  34.574  -17.646  -19.898 0.4000000060
60128  37.597  -17.822  -22.452 0.4000000060
60129  37.067  -17.528  -21.926 0.4000000060
60144  39.128  -17.756  -24.336 0.4000000060
60146  29.898  -17.929  -24.947 0.6000000238
60175  39.914  -17.637  -26.655 0.3000000119
60176  29.449  -17.454  -26.582 0.6000000238
60195  28.406  -17.641  -28.762 0.6999999881
60206  28.139  -17.365  -29.226 0.6000000238
60207  27.468  -17.383  -29.335 0.6999999881
60208  26.602  -17.582  -29.237 0.6999999881
61042  33.284  -16.153  -19.683 0.3000000119
61071  31.203  -16.254  -23.339 0.3000000119
61979  34.720  -15.411  -19.644 0.3000000119
61986  35.519  -15.640  -19.920 0.3000000119
61987  32.873  -15.368  -19.858 0.3000000119
62018  31.326  -15.598  -23.860 0.4000000060
62025  30.728  -15.964  -25.214 0.4000000060
62035  30.642  -15.760  -25.851 0.5000000000
62083  29.255  -15.607  -29.230 0.5000000000
62999  32.690  -14.635  -20.315 0.3000000119
63037  32.216  -14.221  -23.298 0.3000000119
63073  30.503  -14.354  -28.719 0.3000000119
63089  29.063  -14.893  -29.442 0.5000000000
63091  26.606  -14.383  -28.857 0.5000000000
63969  32.653  -14.027  -20.826 0.4000000060
64004  32.372  -13.530  -23.761 0.3000000119
64017  31.929  -13.771  -25.873 0.4000000060
64063  28.807  -14.028  -29.427 0.4000000060
64066  26.471  -13.585  -28.745 0.4000000060
64965  32.422  -12.589  -25.298 0.3000000119
65004  32.142  -11.723  -29.056 0.3000000119
65018  31.708  -12.194  -29.103 0.3000000119
66842  33.610  -10.569  -21.463 0.3000000119
66893  33.160  -10.044  -25.292 0.3000000119
66926  32.118  -10.722  -29.156 0.3000000119
67804  33.823  -9.000  -22.038 0.3000000119
67811  33.561  -9.166  -22.970 0.3000000119
67829  33.485  -9.273  -23.889 0.3000000119
68732  33.672  -8.522  -24.445 0.3000000119
68747  33.647  -8.586  -26.882 0.3000000119
68756  33.262  -8.902  -28.081 0.3000000119
68769  32.992  -8.670  -28.400 0.3000000119
69613  34.058  -7.854  -27.890 0.3000000119
70463  35.386  -6.160  -28.084 0.3000000119
70474  34.615  -6.609  -28.446 0.3000000119
70483  31.139  -6.380  -28.414 0.3000000119
70484  30.580  -6.612  -29.178 0.3000000119
71371  32.088  -5.670  -28.452 0.3000000119
71377  35.464  -5.449  -29.392 0.3000000119
71379  34.128  -5.243  -28.888 0.3000000119
71385  30.460  -5.248  -29.446 0.3000000119
72224  35.613  -4.739  -27.063 0.3000000119
72247  33.152  -5.061  -28.686 0.3000000119
72254  35.414  -5.147  -29.842 0.3000000119
73190  36.712  -4.349  -29.793 0.3000000119
73192  33.231  -3.799  -29.411 0.3000000119
73199  36.185  -4.006  -30.739 0.3000000119
73200  35.263  -4.001  -30.414 0.3000000119
74017  37.002  -2.416  -29.107 0.3000000119
115017  41.092  -30.059  -25.608 0.4000000060
115507  33.038  -34.749  -25.432 0.6999999881
115959  31.329  -29.856  -27.178 0.8000000119
116292  25.501  -35.130  -27.723 0.6999999881
116758  40.031  -29.235  -25.148 0.4000000060
117505  38.414  -32.581  -29.037 0.4000000060
117807  24.053  -21.319  -26.608 0.6999999881
118122  22.592  -34.370  -25.464 0.5000000000
118241  20.692  -37.854  -26.721 0.5000000000
118311  36.368  -33.455  -30.027 0.5000000000
118363  24.002  -40.328  -28.397 0.4000000060
118455  33.329  -25.303  -32.601 1.0000000000
118519  33.073  -22.844  -30.964 1.0000000000
119211  32.563  -35.198  -25.642 0.6999999881
119236  41.786  -29.663  -30.869 0.4000000060
119389  40.729  -35.550  -34.741 0.3000000119
119928  29.466  -21.299  -23.491 0.6999999881
119956  33.007  -26.175  -23.391 0.6999999881
120913  24.629  -34.885  -25.746 0.6999999881
121143  24.320  -36.171  -26.076 0.6999999881
121189  23.284  -21.121  -26.490 0.6000000238
121954  22.841  -24.001  -25.509 0.8000000119
123521  32.303  -11.119  -29.095 0.3000000119
124558  29.308  -16.267  -28.758 0.6000000238
124704  33.547  -8.828  -25.248 0.3000000119
125246  30.244  -12.190  -29.327 0.3000000119
125677  34.480  -5.984  -28.757 0.3000000119
125697  16.429  -42.993  -29.542 0.4000000060
126288  38.098  -23.138  -29.765 0.3000000119
126596  28.448  -18.417  -27.687 0.8000000119
127556  32.048  -11.304  -29.313 0.3000000119
127643  36.982  -33.183  -25.964 0.6000000238
127847  33.899  -22.235  -26.942 0.6999999881
128160  30.341  -7.494  -29.172 0.3000000119
128532  30.465  -15.311  -27.618 0.4000000060
128608  31.133  -12.251  -29.221 0.3000000119
129108  31.125  -28.730  -32.821 1.0000000000
129130  34.455  -32.148  -23.182 0.6000000238
129421  17.181  -40.875  -28.786 0.4000000060
130184  36.994  -3.897  -30.298 0.3000000119
130788  30.663  -13.636  -29.006 0.3000000119
131284  29.106  -25.669  -31.043 1.0000000000
131333  34.736  -5.776  -25.569 0.3000000119
131415  22.931  -32.168  -25.545 0.5000000000
131681  37.128  -29.894  -24.442 0.5000000000
131701  28.390  -5.782  -29.876 0.3000000119
131853  35.156  -6.326  -28.477 0.3000000119
132279  31.783  -28.082  -23.714 0.6999999881
132350  32.710  -25.706  -23.713 0.6999999881
132793  40.922  -31.171  -26.200 0.4000000060
132953  24.099  -38.096  -26.876 0.6000000238
133097  33.898  -27.913  -33.295 1.0000000000
133103  17.681  -44.022  -28.873 0.4000000060
133142  32.959  -21.713  -29.896 1.0000000000
133740  24.817  -28.983  -27.265 0.8999999762
134289  31.415  -15.167  -24.402 0.4000000060
135062  31.811  -13.475  -26.888 0.3000000119
135161  34.448  -20.009  -21.561 0.4000000060
135282  29.448  -27.917  -30.391 1.0000000000
135862  29.802  -26.671  -31.271 1.0000000000
136849  35.436  -20.317  -23.747 0.5000000000
137219  34.372  -6.860  -25.583 0.4000000060
137368  24.158  -40.300  -28.009 0.5000000000
137611  31.079  -24.087  -31.622 1.0000000000
138155  35.083  -19.938  -22.151 0.5000000000
138551  27.331  -26.015  -29.900 1.0000000000
138743  29.760  -33.359  -33.452 0.8999999762
