#!ascii label  , from subject sub-v1s12x0050109_ses-1 vox2ras=TkReg
1372
8153  12.317  -69.028  -37.490 0.5000000000
19852  11.030  -56.905  -35.758 0.6000000238
19853  10.106  -56.999  -35.887 0.6000000238
19869  9.699  -56.377  -36.519 0.6000000238
19854  9.195  -57.101  -36.029 0.6999999881
19870  8.821  -56.445  -36.492 0.6000000238
139025  9.017  -58.122  -34.950 0.6999999881
18816  8.677  -57.677  -35.480 0.6000000238
19960  14.990  -56.494  -45.053 0.5000000000
16827  15.886  -59.317  -46.788 0.6000000238
17830  15.541  -58.278  -46.431 0.6000000238
18924  15.028  -56.956  -45.751 0.5000000000
14878  15.801  -61.911  -46.653 0.5000000000
15888  15.618  -60.029  -46.704 0.4000000060
16828  15.066  -58.915  -46.444 0.5000000000
138079  14.868  -57.894  -46.297 0.6000000238
24233  13.676  -51.607  -40.311 0.5000000000
10792  14.132  -65.488  -41.609 0.4000000060
23121  13.110  -52.535  -39.515 0.5000000000
24234  12.610  -51.869  -39.971 0.5000000000
122639  12.848  -54.151  -38.554 0.6000000238
20963  11.859  -55.486  -37.517 0.6000000238
19867  11.606  -56.426  -36.345 0.6000000238
125092  11.381  -57.255  -35.049 0.6999999881
19868  10.680  -56.443  -36.433 0.6000000238
18814  10.465  -57.552  -35.222 0.6999999881
18782  11.258  -57.848  -33.556 0.6000000238
18798  10.845  -57.820  -34.421 0.6999999881
120366  11.657  -57.807  -32.706 0.6000000238
18764  10.737  -58.164  -32.708 0.6000000238
17701  10.321  -58.265  -33.622 0.6999999881
119159  11.092  -57.925  -31.855 0.6999999881
117068  7.354  -57.027  -35.947 0.6000000238
21059  15.969  -55.354  -43.672 0.5000000000
19959  16.045  -56.611  -45.003 0.6000000238
19948  16.061  -55.961  -44.399 0.5000000000
128091  16.369  -60.087  -46.879 0.6000000238
16826  16.413  -59.319  -46.543 0.6999999881
18935  15.268  -57.670  -46.086 0.6000000238
13880  14.981  -62.455  -45.440 0.4000000060
23101  14.499  -53.351  -39.514 0.5000000000
23120  14.094  -52.361  -39.815 0.5000000000
9005  12.571  -67.335  -39.581 0.5000000000
23102  13.505  -53.542  -39.077 0.5000000000
20943  13.039  -55.896  -36.814 0.6999999881
20981  13.438  -54.544  -38.427 0.6000000238
19865  13.481  -56.492  -36.172 0.6999999881
118724  12.626  -55.525  -37.391 0.6000000238
19866  12.534  -56.334  -36.187 0.6999999881
20944  12.166  -56.001  -36.921 0.6000000238
18813  12.237  -57.079  -34.925 0.6999999881
18781  12.152  -57.518  -33.530 0.6000000238
18797  12.569  -57.280  -34.281 0.6000000238
18763  12.623  -57.618  -32.686 0.6000000238
127366  11.742  -57.423  -34.289 0.6000000238
18745  12.804  -57.613  -31.659 0.6000000238
129678  12.227  -57.491  -30.913 0.6999999881
134838  7.162  -58.021  -34.073 0.6999999881
129286  6.480  -56.846  -35.727 0.5000000000
17685  9.771  -58.457  -32.701 0.6999999881
17702  9.356  -58.557  -33.600 0.6999999881
19856  6.905  -57.499  -35.260 0.6000000238
19936  17.385  -56.015  -43.561 0.5000000000
21058  16.903  -55.495  -43.753 0.5000000000
21043  16.722  -54.872  -43.094 0.5000000000
17818  16.998  -58.231  -45.086 0.6999999881
19947  16.857  -56.273  -44.316 0.6000000238
15887  16.804  -60.794  -46.605 0.5000000000
16814  16.784  -59.861  -46.208 0.6999999881
124320  16.915  -58.920  -45.902 0.6999999881
131505  16.833  -58.296  -45.646 0.6000000238
18922  16.916  -57.532  -45.134 0.6000000238
13879  15.921  -63.011  -46.495 0.4000000060
13884  16.779  -62.354  -47.126 0.4000000060
14884  16.448  -61.129  -46.921 0.5000000000
125907  15.640  -54.209  -39.619 0.5000000000
20961  14.324  -55.646  -37.778 0.5000000000
22034  14.947  -54.368  -39.140 0.5000000000
20980  14.198  -54.911  -38.346 0.5000000000
115742  14.206  -56.620  -36.689 0.6000000238
20962  13.434  -55.356  -37.680 0.5000000000
19849  13.525  -57.152  -35.282 0.6999999881
17718  14.251  -58.247  -34.521 0.6000000238
18795  13.782  -57.661  -34.704 0.6999999881
19850  12.808  -56.712  -35.447 0.6999999881
132623  14.325  -58.310  -33.730 0.6000000238
134765  13.781  -57.785  -33.874 0.6000000238
19840  12.917  -57.066  -34.856 0.6999999881
17668  14.968  -58.263  -31.726 0.6999999881
17684  14.125  -58.144  -33.078 0.6000000238
115060  13.019  -57.450  -33.631 0.6000000238
18728  14.743  -57.420  -30.392 0.6000000238
18761  14.307  -58.048  -31.808 0.6999999881
121884  13.275  -57.716  -32.265 0.6999999881
131231  14.518  -56.470  -29.614 0.6000000238
19796  14.197  -56.967  -29.904 0.6000000238
18744  13.661  -57.714  -31.504 0.6999999881
19842  5.582  -56.605  -34.328 0.6000000238
18730  13.069  -57.428  -30.763 0.6999999881
17687  8.002  -58.404  -32.956 0.6999999881
118824  6.191  -57.172  -34.951 0.6000000238
118631  13.697  -56.303  -29.646 0.6999999881
19797  13.350  -56.982  -30.082 0.6000000238
19798  12.509  -57.063  -30.252 0.8000000119
18746  11.397  -57.558  -31.078 0.6999999881
18765  10.147  -58.152  -31.799 0.6999999881
17686  8.812  -58.565  -32.721 0.6999999881
130293  17.529  -55.739  -42.693 0.6000000238
122784  16.812  -58.741  -44.450 0.6999999881
17811  16.880  -58.006  -43.944 0.6999999881
132547  17.031  -57.410  -44.478 0.6000000238
15880  17.204  -60.710  -46.225 0.5000000000
135270  16.810  -59.962  -45.550 0.6999999881
124925  16.886  -63.411  -46.830 0.4000000060
14883  17.337  -61.698  -46.874 0.5000000000
22050  16.240  -53.978  -40.177 0.5000000000
23117  16.895  -53.127  -40.678 0.5000000000
20992  15.794  -54.924  -39.227 0.5000000000
19881  14.581  -56.343  -37.321 0.6000000238
17742  14.575  -58.006  -36.147 0.6000000238
19882  13.819  -56.063  -37.070 0.6999999881
17732  14.416  -58.601  -35.320 0.6999999881
19864  14.229  -57.127  -36.032 0.6999999881
16685  14.662  -58.870  -33.994 0.6000000238
133533  14.553  -58.985  -34.708 0.6000000238
18812  14.130  -57.781  -35.333 0.6999999881
17680  17.141  -58.665  -32.391 0.6999999881
17682  15.377  -58.797  -32.489 0.6999999881
17700  14.696  -58.711  -33.167 0.6999999881
20912  4.910  -56.007  -33.463 0.6000000238
132961  17.029  -57.609  -31.070 0.6000000238
17667  15.856  -58.302  -31.659 0.6999999881
17683  14.547  -58.379  -32.401 0.6999999881
20863  16.700  -55.324  -29.406 0.6000000238
19783  16.246  -56.077  -29.486 0.6000000238
19794  16.624  -56.672  -29.858 0.6000000238
138911  16.235  -57.213  -30.172 0.6000000238
18742  15.313  -57.813  -31.011 0.6999999881
19833  5.659  -56.575  -33.265 0.6000000238
125613  15.068  -55.224  -29.641 0.6000000238
19795  15.835  -56.823  -29.748 0.6000000238
18749  8.544  -57.607  -31.194 0.6999999881
18750  7.774  -57.445  -31.513 0.6000000238
18783  7.311  -58.014  -33.290 0.6999999881
19841  6.171  -57.113  -33.978 0.6000000238
133161  15.603  -54.737  -29.667 0.5000000000
21922  14.293  -54.937  -29.847 0.6000000238
20866  12.981  -55.586  -29.790 0.8000000119
20878  11.675  -55.800  -29.778 0.8000000119
19799  11.145  -56.419  -30.033 0.8000000119
18733  10.151  -57.223  -30.519 0.8000000119
18748  9.525  -57.593  -30.927 0.6999999881
18767  8.225  -58.190  -31.996 0.6999999881
19785  12.796  -56.474  -29.821 0.8000000119
19786  12.008  -56.519  -29.904 0.8000000119
18905  17.267  -57.012  -43.527 0.6999999881
125687  17.461  -56.466  -42.629 0.6999999881
131782  17.197  -54.782  -42.223 0.6000000238
16792  16.721  -59.565  -44.500 0.6999999881
19905  17.289  -55.399  -41.438 0.6000000238
15870  16.989  -60.604  -44.800 0.6000000238
22061  17.195  -53.710  -40.886 0.5000000000
21004  16.934  -54.778  -40.365 0.5000000000
25266  0.770  -52.046  -30.942 0.6000000238
19888  16.097  -55.704  -39.160 0.5000000000
25287  0.360  -51.304  -32.156 0.5000000000
19889  15.609  -56.470  -38.426 0.5000000000
24146  2.245  -52.589  -32.682 0.6000000238
18832  15.291  -57.284  -37.770 0.6999999881
19880  15.073  -56.686  -37.697 0.6000000238
16731  14.659  -59.009  -35.994 0.6999999881
18825  14.762  -57.159  -36.938 0.6999999881
23036  3.809  -53.880  -32.356 0.6000000238
16701  14.942  -59.533  -34.437 0.6999999881
16718  14.732  -59.412  -35.267 0.6000000238
17679  17.752  -58.407  -32.625 0.6999999881
16670  16.686  -59.204  -32.925 0.6999999881
16672  15.263  -59.414  -33.467 0.6999999881
129801  5.359  -55.999  -32.456 0.6000000238
21965  4.275  -54.546  -32.373 0.6000000238
17665  17.458  -57.707  -31.476 0.6000000238
16671  15.955  -59.246  -32.911 0.6999999881
117677  6.646  -55.715  -31.659 0.6000000238
20904  4.054  -54.881  -32.629 0.6000000238
19810  18.475  -56.749  -31.237 0.6000000238
18726  16.886  -57.201  -30.453 0.6000000238
20900  7.904  -55.440  -31.625 0.6999999881
19824  6.474  -56.612  -32.070 0.6000000238
19825  5.895  -56.472  -32.494 0.6000000238
19782  17.060  -55.955  -29.575 0.6000000238
21949  10.498  -54.514  -31.012 0.6000000238
21950  9.292  -55.214  -31.144 0.6000000238
20890  9.340  -56.041  -30.541 0.6999999881
20892  7.659  -56.444  -31.391 0.6000000238
18769  6.841  -57.414  -32.678 0.6000000238
21938  12.066  -54.454  -30.396 0.6000000238
20889  9.968  -55.284  -30.575 0.8000000119
20876  12.709  -54.775  -30.151 0.6000000238
21939  11.454  -54.977  -30.013 0.6999999881
19801  9.609  -56.767  -30.322 0.8000000119
17803  16.902  -58.031  -42.729 0.6999999881
123432  17.184  -57.306  -42.402 0.6999999881
18890  17.208  -57.063  -41.601 0.6999999881
135718  16.587  -60.051  -43.529 0.6999999881
120166  16.564  -59.127  -43.092 0.6999999881
19924  17.408  -56.088  -41.675 0.6000000238
19906  17.122  -55.747  -40.609 0.6000000238
25251  1.926  -52.430  -30.333 0.6000000238
117762  2.083  -53.122  -29.688 0.6000000238
25265  1.480  -51.803  -30.875 0.6000000238
25252  1.295  -52.394  -30.482 0.6000000238
19895  16.691  -55.691  -39.759 0.6000000238
26432  0.766  -50.698  -32.164 0.5000000000
118217  15.383  -58.065  -38.016 0.6999999881
18840  15.731  -57.247  -38.557 0.6999999881
24167  2.205  -51.525  -33.216 0.4000000060
25304  0.989  -50.805  -32.716 0.5000000000
16730  15.024  -59.940  -36.112 0.6999999881
17751  15.120  -58.999  -37.600 0.8000000119
24165  4.098  -52.248  -32.944 0.5000000000
16717  15.255  -59.951  -35.072 0.6000000238
17741  14.950  -58.165  -37.099 0.6999999881
24144  4.387  -53.119  -32.497 0.6000000238
125437  16.144  -59.723  -33.457 0.6999999881
23034  6.899  -53.967  -32.391 0.6999999881
131702  5.388  -53.920  -32.265 0.6000000238
17698  18.139  -58.396  -33.245 0.6999999881
23033  7.959  -53.991  -32.554 0.5000000000
21963  6.340  -54.999  -31.783 0.6000000238
19821  19.286  -56.538  -32.483 0.6000000238
124094  18.748  -57.067  -32.039 0.6000000238
18759  18.274  -57.787  -32.512 0.6999999881
21962  7.332  -54.898  -31.833 0.6999999881
19809  19.176  -56.380  -31.594 0.6000000238
18740  18.089  -57.467  -31.686 0.6000000238
21960  9.308  -54.382  -31.814 0.5000000000
124636  8.254  -54.584  -32.017 0.6000000238
19792  18.152  -56.343  -30.412 0.6000000238
23022  11.004  -53.860  -31.480 0.6000000238
21959  10.153  -54.040  -31.691 0.5000000000
21961  8.627  -55.078  -31.579 0.6999999881
133988  12.004  -53.701  -31.159 0.6000000238
117397  16.612  -58.693  -41.957 0.6999999881
17796  16.935  -57.940  -41.657 0.6999999881
18869  16.781  -57.634  -40.834 0.6000000238
115886  16.707  -56.528  -39.919 0.6000000238
24090  2.784  -52.514  -30.133 0.4000000060
22989  2.450  -53.697  -29.190 0.5000000000
18850  15.999  -57.351  -39.439 0.6000000238
26393  1.730  -50.966  -31.420 0.5000000000
21925  1.561  -54.562  -29.154 0.6000000238
17768  15.722  -58.432  -39.303 0.6999999881
17758  15.457  -58.801  -38.450 0.6999999881
18839  16.147  -56.476  -39.201 0.6000000238
25303  1.924  -50.686  -33.216 0.5000000000
130058  15.430  -60.356  -36.819 0.6999999881
15755  18.678  -60.240  -34.969 0.6999999881
15756  17.827  -60.427  -34.815 0.6999999881
15772  17.241  -60.739  -35.511 0.6999999881
24164  5.032  -52.450  -32.975 0.6000000238
17716  18.923  -57.956  -34.452 0.6999999881
16697  19.056  -59.492  -34.686 0.6999999881
16700  16.499  -60.178  -34.082 0.6999999881
132628  16.006  -60.292  -34.864 0.6999999881
129206  5.983  -52.582  -33.082 0.5000000000
24142  6.077  -53.457  -32.510 0.5000000000
18778  18.770  -57.139  -33.792 0.6000000238
18794  18.598  -57.960  -33.874 0.6999999881
17717  18.669  -58.824  -34.188 0.6999999881
16684  17.053  -59.631  -33.505 0.6999999881
23049  6.853  -52.972  -32.979 0.5000000000
20899  19.799  -56.000  -31.952 0.5000000000
19831  19.192  -56.562  -33.436 0.6000000238
19822  18.827  -57.149  -32.915 0.6000000238
17782  16.420  -58.663  -40.945 0.6999999881
121435  15.967  -58.000  -40.195 0.6999999881
22976  3.150  -53.908  -29.021 0.4000000060
16755  15.944  -59.810  -39.806 0.6999999881
21911  3.263  -54.666  -28.629 0.4000000060
17767  15.837  -58.977  -40.024 0.6999999881
20854  2.087  -55.056  -28.794 0.6000000238
16745  15.357  -59.721  -38.070 0.8000000119
16756  15.668  -59.516  -39.056 0.6999999881
14769  16.884  -61.135  -37.068 0.6000000238
15792  16.001  -60.813  -36.980 0.6000000238
18718  3.469  -57.643  -29.340 0.6000000238
15771  18.200  -60.743  -35.541 0.6999999881
15791  17.554  -61.063  -36.283 0.6999999881
118661  16.602  -60.866  -36.258 0.6000000238
16716  19.817  -59.300  -34.993 0.6000000238
18811  19.229  -57.443  -35.035 0.6000000238
17669  4.433  -58.878  -30.784 0.5000000000
123333  19.099  -56.574  -34.365 0.6000000238
18793  18.887  -57.207  -34.512 0.6999999881
20922  19.690  -56.067  -33.880 0.5000000000
15822  16.060  -60.349  -39.268 0.6999999881
20852  3.523  -55.489  -28.484 0.4000000060
15811  15.785  -60.364  -38.462 0.8000000119
19776  2.991  -56.035  -28.574 0.5000000000
14768  17.809  -61.392  -37.102 0.8000000119
18710  3.876  -57.399  -28.683 0.4000000060
19775  3.882  -56.437  -28.414 0.4000000060
14783  16.321  -60.939  -37.919 0.6999999881
18717  4.157  -58.128  -29.081 0.4000000060
19787  3.218  -56.839  -28.887 0.5000000000
16715  20.567  -59.213  -35.425 0.6000000238
135039  19.396  -60.002  -35.087 0.6000000238
118062  19.163  -60.578  -35.527 0.6999999881
17644  5.631  -59.035  -29.152 0.4000000060
17730  19.944  -58.098  -35.368 0.6000000238
17731  19.332  -58.515  -34.704 0.6000000238
16646  5.980  -59.987  -30.252 0.4000000060
17646  3.939  -58.459  -29.893 0.6000000238
19847  19.596  -56.391  -35.486 0.6000000238
20933  20.203  -55.942  -35.397 0.5000000000
20921  21.297  -55.507  -34.681 0.5000000000
20851  4.470  -55.613  -28.405 0.4000000060
14794  16.843  -61.220  -38.656 0.8000000119
19774  4.596  -57.163  -28.480 0.4000000060
14782  17.209  -61.381  -37.866 0.6999999881
18708  5.256  -57.822  -28.522 0.4000000060
15790  19.746  -60.974  -36.056 0.6000000238
129885  18.657  -61.138  -36.332 0.6999999881
15770  20.139  -60.188  -35.419 0.6000000238
16617  6.485  -59.391  -28.811 0.4000000060
16635  6.317  -59.775  -29.519 0.4000000060
18810  19.603  -56.899  -35.747 0.6000000238
15700  6.429  -60.545  -29.724 0.4000000060
130167  19.884  -56.391  -35.874 0.4000000060
132550  5.763  -56.435  -28.417 0.4000000060
14781  18.033  -61.676  -37.861 0.6999999881
19773  5.519  -57.128  -28.423 0.4000000060
14766  20.239  -61.383  -36.705 0.6999999881
14767  18.688  -61.524  -37.255 0.6000000238
17632  5.904  -58.588  -28.596 0.4000000060
16714  21.180  -59.176  -35.834 0.6000000238
15769  21.009  -59.925  -35.785 0.6000000238
15686  6.616  -60.486  -28.378 0.4000000060
18824  20.295  -57.379  -36.199 0.6000000238
15687  6.244  -61.086  -28.112 0.3000000119
19863  20.254  -56.733  -36.285 0.4000000060
20942  20.500  -56.181  -36.165 0.4000000060
19862  20.980  -56.538  -36.846 0.4000000060
17618  7.193  -59.092  -27.737 0.4000000060
16616  6.831  -59.763  -28.150 0.4000000060
17740  21.465  -58.609  -36.274 0.6000000238
118140  20.968  -57.811  -36.480 0.6000000238
17750  21.566  -57.919  -37.066 0.6000000238
19879  21.327  -56.798  -37.757 0.4000000060
19887  21.444  -57.004  -38.600 0.5000000000
20959  21.606  -56.358  -38.387 0.4000000060
132783  2.055  -58.666  -25.458 0.3000000119
20978  21.602  -56.629  -39.053 0.4000000060
18681  8.142  -57.906  -26.382 0.4000000060
18671  3.536  -57.664  -25.020 0.3000000119
20821  0.178  -55.602  -25.302 0.4000000060
18667  8.328  -57.126  -25.879 0.4000000060
18669  7.040  -58.169  -24.719 0.4000000060
18659  4.471  -57.679  -24.428 0.3000000119
18658  5.475  -57.686  -24.103 0.3000000119
19737  1.984  -56.940  -25.126 0.3000000119
18672  2.557  -57.731  -25.280 0.3000000119
19738  1.030  -56.863  -24.996 0.3000000119
18656  7.297  -57.353  -24.424 0.4000000060
129834  6.801  -56.913  -23.990 0.4000000060
17589  6.136  -58.457  -24.439 0.4000000060
115241  2.922  -56.847  -25.092 0.3000000119
131350  2.330  -56.168  -25.048 0.3000000119
25225  -1.164  -51.539  -27.821 0.4000000060
26366  -0.956  -50.326  -29.343 0.3000000119
26395  -0.965  -49.718  -30.383 0.3000000119
121251  1.644  -56.299  -25.086 0.3000000119
127737  0.704  -54.878  -25.254 0.3000000119
19726  6.672  -56.214  -23.728 0.4000000060
19727  5.912  -56.741  -23.960 0.4000000060
19728  4.865  -56.803  -24.137 0.3000000119
18660  3.851  -56.668  -24.623 0.3000000119
19736  3.096  -55.980  -24.841 0.3000000119
24052  -0.328  -52.713  -26.415 0.3000000119
20818  2.449  -55.291  -24.804 0.3000000119
26356  -0.444  -50.364  -28.404 0.3000000119
121883  1.640  -54.917  -24.982 0.3000000119
27454  0.471  -49.518  -28.624 0.4000000060
27455  -0.237  -49.701  -29.177 0.3000000119
131014  0.525  -49.069  -29.613 0.3000000119
27476  0.163  -48.824  -31.006 0.3000000119
125084  5.259  -55.969  -24.109 0.4000000060
20804  4.853  -55.174  -24.411 0.4000000060
20805  4.061  -55.176  -24.592 0.3000000119
25224  -0.302  -51.335  -27.232 0.4000000060
21883  2.854  -54.440  -24.744 0.3000000119
24065  0.152  -51.971  -26.659 0.3000000119
26355  0.179  -50.553  -27.624 0.4000000060
25223  0.628  -51.233  -26.952 0.4000000060
138190  1.546  -48.421  -30.200 0.3000000119
21871  5.289  -54.436  -24.394 0.4000000060
21872  4.391  -54.340  -24.567 0.4000000060
22934  3.584  -53.867  -24.701 0.4000000060
22944  2.790  -53.408  -25.018 0.4000000060
21884  2.073  -54.091  -24.966 0.3000000119
24050  1.970  -52.141  -25.866 0.3000000119
25222  1.362  -51.194  -26.778 0.3000000119
26354  1.258  -50.557  -27.294 0.3000000119
27443  1.699  -49.759  -27.766 0.5000000000
26364  0.789  -49.839  -27.918 0.4000000060
27453  1.274  -49.237  -28.613 0.4000000060
28562  2.482  -47.609  -30.879 0.3000000119
131639  5.095  -53.264  -24.565 0.4000000060
24034  4.003  -52.525  -24.795 0.4000000060
24035  3.233  -52.569  -25.160 0.3000000119
26343  2.584  -50.872  -26.571 0.3000000119
26352  2.983  -50.085  -26.963 0.3000000119
27440  4.227  -49.290  -27.296 0.3000000119
24036  2.532  -52.658  -25.464 0.3000000119
25212  2.487  -51.521  -26.077 0.3000000119
26353  2.172  -50.312  -27.183 0.3000000119
27442  2.581  -49.648  -27.615 0.3000000119
27451  3.040  -49.085  -28.130 0.3000000119
25213  1.897  -51.409  -26.416 0.3000000119
27452  2.205  -49.214  -28.312 0.3000000119
28537  1.946  -48.811  -28.983 0.3000000119
29672  2.317  -46.877  -31.480 0.3000000119
22931  7.289  -53.407  -23.968 0.3000000119
22932  6.429  -53.483  -24.234 0.3000000119
24023  5.722  -52.806  -24.528 0.3000000119
25196  5.269  -51.418  -24.853 0.3000000119
26340  4.968  -50.026  -25.959 0.3000000119
27439  5.064  -49.150  -27.195 0.3000000119
124475  5.274  -52.135  -24.705 0.3000000119
26331  4.563  -50.556  -25.637 0.3000000119
26341  4.198  -50.246  -26.182 0.3000000119
27430  4.605  -49.668  -26.643 0.3000000119
131822  4.669  -48.739  -27.801 0.3000000119
130782  4.013  -48.101  -29.218 0.3000000119
119985  2.687  -48.707  -28.872 0.3000000119
29642  3.683  -47.773  -29.989 0.3000000119
28548  2.245  -48.343  -29.866 0.3000000119
29643  3.284  -47.479  -30.602 0.3000000119
24020  8.542  -52.495  -23.850 0.3000000119
24022  6.841  -52.524  -24.429 0.3000000119
25182  5.996  -51.892  -24.671 0.3000000119
26330  5.334  -50.585  -25.300 0.3000000119
27429  5.452  -49.498  -26.508 0.3000000119
28534  5.096  -48.240  -28.301 0.3000000119
29641  4.463  -47.535  -29.767 0.3000000119
29657  3.997  -47.097  -30.658 0.3000000119
30767  2.867  -46.364  -31.576 0.3000000119
28512  5.909  -48.954  -27.082 0.3000000119
123840  5.481  -48.576  -27.698 0.3000000119
117934  5.197  -47.225  -29.362 0.3000000119
30750  5.140  -46.159  -30.392 0.3000000119
30752  3.629  -46.289  -31.370 0.3000000119
31869  3.966  -45.385  -31.228 0.3000000119
28523  6.345  -48.238  -27.642 0.3000000119
29629  6.263  -47.446  -28.276 0.3000000119
30720  5.830  -46.919  -28.878 0.3000000119
28510  7.584  -48.586  -26.761 0.3000000119
29616  6.934  -47.608  -27.851 0.3000000119
30708  7.023  -46.938  -28.200 0.3000000119
30733  6.244  -46.233  -29.044 0.3000000119
30734  5.595  -46.397  -29.681 0.3000000119
31868  4.842  -45.470  -30.679 0.3000000119
32941  4.311  -44.624  -30.600 0.3000000119
8164  12.658  -68.474  -38.357 0.5000000000
9791  12.463  -66.640  -40.040 0.5000000000
10775  13.447  -65.783  -40.763 0.4000000060
18815  9.548  -57.680  -35.394 0.6999999881
18800  8.245  -58.122  -34.840 0.6999999881
124021  15.235  -63.565  -45.158 0.4000000060
10762  13.187  -66.417  -40.482 0.5000000000
18780  13.462  -57.751  -32.990 0.6000000238
20979  15.529  -55.724  -38.670 0.5000000000
18762  13.872  -57.970  -32.341 0.6000000238
132395  15.679  -57.967  -38.708 0.6999999881
15793  15.768  -60.529  -36.219 0.6000000238
20911  19.821  -56.066  -32.880 0.5000000000
16698  18.315  -59.803  -34.355 0.6999999881
16636  5.471  -59.313  -29.838 0.4000000060
20910  20.529  -55.673  -33.178 0.5000000000
17729  20.769  -58.392  -35.874 0.6000000238
20932  21.248  -55.664  -35.659 0.4000000060
15789  20.672  -60.757  -36.084 0.6000000238
16729  21.739  -59.627  -36.230 0.6000000238
15671  6.525  -60.554  -27.404 0.3000000119
18823  20.890  -57.156  -37.002 0.4000000060
18831  21.431  -57.301  -37.894 0.4000000060
18668  7.746  -57.702  -25.282 0.4000000060
119117  5.614  -53.696  -24.400 0.3000000119
24021  7.740  -52.728  -24.042 0.3000000119
134404  21.593  -62.375  -38.013 0.5000000000
13778  20.117  -62.287  -38.048 0.5000000000
14780  19.226  -62.073  -38.310 0.6999999881
14805  17.994  -61.873  -39.258 0.6999999881
14806  16.584  -60.971  -39.496 0.6000000238
14779  20.598  -61.886  -37.364 0.5000000000
125949  19.571  -61.773  -37.470 0.6000000238
14793  17.590  -61.613  -38.577 0.6000000238
115097  16.368  -60.147  -42.413 0.6000000238
13791  18.860  -62.144  -39.126 0.6999999881
14823  17.177  -61.565  -40.693 0.6000000238
124174  16.363  -60.415  -41.224 0.6000000238
131010  17.575  -61.801  -39.996 0.6999999881
137109  17.017  -61.376  -39.967 0.6000000238
16784  16.308  -59.519  -41.664 0.6000000238
15802  22.119  -61.309  -37.168 0.5000000000
116436  19.243  -62.636  -40.586 0.6999999881
13825  17.809  -62.095  -40.839 0.6999999881
14842  17.392  -61.925  -41.624 0.6000000238
119861  16.691  -60.810  -42.100 0.6000000238
13806  19.409  -62.500  -39.708 0.6000000238
133683  18.464  -62.235  -40.067 0.6999999881
14843  16.920  -61.184  -41.403 0.6000000238
12821  20.706  -63.267  -39.930 0.6000000238
14777  22.953  -61.400  -37.544 0.5000000000
14765  21.240  -61.251  -36.737 0.5000000000
131920  20.449  -63.253  -40.584 0.6999999881
13824  18.535  -62.523  -41.064 0.6000000238
15859  16.816  -60.806  -43.195 0.6000000238
15800  23.530  -60.546  -37.535 0.5000000000
15787  22.024  -60.576  -36.580 0.5000000000
18836  23.664  -57.976  -38.987 0.5000000000
134048  23.097  -59.943  -37.072 0.5000000000
18848  22.890  -57.675  -39.934 0.4000000060
20948  8.642  -55.671  -37.028 0.4000000060
20947  9.552  -55.761  -37.064 0.4000000060
20946  10.370  -55.895  -37.026 0.5000000000
20945  11.275  -55.995  -37.004 0.5000000000
22016  10.625  -54.694  -37.956 0.5000000000
16737  22.787  -59.183  -37.160 0.5000000000
22015  11.568  -54.779  -37.974 0.5000000000
25362  11.241  -51.874  -39.999 0.6000000238
17756  23.373  -58.330  -38.311 0.4000000060
22014  12.563  -54.880  -38.006 0.5000000000
22035  12.143  -54.113  -38.371 0.5000000000
24235  11.616  -52.244  -39.517 0.5000000000
122434  8.800  -54.875  -37.555 0.5000000000
20965  10.075  -55.324  -37.530 0.5000000000
137148  8.924  -54.321  -37.969 0.5000000000
22037  10.246  -53.924  -38.296 0.5000000000
22038  9.376  -53.848  -38.298 0.5000000000
22036  11.252  -53.873  -38.345 0.5000000000
23105  10.690  -53.134  -38.586 0.5000000000
24215  10.963  -52.585  -38.993 0.5000000000
17757  22.504  -58.025  -38.085 0.5000000000
23104  11.473  -52.975  -38.776 0.5000000000
18867  23.205  -57.464  -40.997 0.4000000060
18837  22.690  -57.787  -38.918 0.4000000060
18868  22.450  -57.321  -40.643 0.4000000060
19857  5.706  -56.521  -35.372 0.5000000000
22039  8.551  -53.708  -38.254 0.5000000000
17739  22.153  -58.882  -36.705 0.5000000000
18838  21.853  -57.405  -38.669 0.4000000060
20924  4.299  -55.575  -34.247 0.5000000000
20936  3.823  -55.042  -34.797 0.5000000000
21995  3.315  -54.462  -35.244 0.5000000000
20923  4.994  -56.057  -34.807 0.5000000000
18849  22.179  -57.358  -39.707 0.4000000060
20925  3.721  -55.094  -33.801 0.5000000000
119282  3.267  -54.723  -34.271 0.5000000000
21978  2.906  -54.604  -32.909 0.5000000000
121890  1.924  -54.327  -33.798 0.5000000000
23058  1.146  -53.922  -34.374 0.5000000000
23068  1.488  -53.198  -35.252 0.4000000060
21967  2.396  -54.173  -32.668 0.5000000000
21987  1.103  -54.123  -33.566 0.6000000238
23069  0.383  -53.124  -34.966 0.6000000238
21966  3.418  -54.389  -32.574 0.5000000000
23038  1.434  -53.711  -32.749 0.5000000000
21969  0.695  -53.858  -33.082 0.5000000000
23050  -0.417  -53.372  -33.197 0.6000000238
23059  0.077  -53.817  -33.972 0.6000000238
23070  -0.932  -53.013  -34.858 0.6000000238
24187  -0.329  -52.194  -35.855 0.5000000000
24202  -1.482  -51.798  -36.679 0.5000000000
120405  -1.791  -52.352  -36.730 0.5000000000
133362  2.940  -53.836  -32.384 0.5000000000
24147  1.247  -52.864  -32.569 0.5000000000
119906  0.270  -52.995  -32.677 0.5000000000
23039  -0.872  -52.786  -32.635 0.6000000238
116352  -0.973  -53.371  -33.919 0.6000000238
23060  -1.751  -53.127  -34.264 0.6000000238
24188  -1.330  -52.186  -35.973 0.6000000238
24189  -1.892  -52.445  -36.060 0.5000000000
18804  0.585  -57.389  -34.686 0.5000000000
20954  -2.017  -54.917  -36.783 0.5000000000
135959  2.677  -53.353  -32.467 0.5000000000
25286  0.535  -51.803  -32.479 0.5000000000
24148  -0.238  -52.131  -32.258 0.6000000238
24128  -0.861  -52.576  -31.639 0.6000000238
23023  -1.892  -53.634  -31.507 0.6000000238
23041  -2.534  -53.461  -32.855 0.6000000238
21970  -2.560  -53.910  -32.169 0.6000000238
23053  -2.769  -53.568  -33.708 0.6000000238
21971  -3.004  -54.174  -32.952 0.6000000238
23072  -2.136  -53.085  -35.469 0.6000000238
23073  -2.617  -53.508  -35.240 0.5000000000
22004  -2.442  -53.918  -36.540 0.5000000000
20955  -2.596  -54.519  -36.186 0.5000000000
20926  -2.248  -55.595  -35.111 0.5000000000
20937  -2.272  -55.328  -36.060 0.5000000000
19858  -0.973  -56.747  -35.603 0.5000000000
134022  -0.273  -52.280  -31.489 0.6000000238
24109  -0.519  -52.761  -30.969 0.6000000238
21942  -0.841  -54.535  -30.758 0.6000000238
20893  -0.690  -55.366  -31.208 0.6000000238
21952  -1.474  -54.897  -31.371 0.6000000238
20895  -2.521  -54.690  -32.244 0.6000000238
115101  -1.409  -55.482  -31.805 0.6000000238
20916  -2.834  -54.891  -33.601 0.5000000000
20915  -2.061  -55.637  -33.301 0.5000000000
20927  -2.827  -54.771  -34.580 0.5000000000
19836  -0.876  -56.261  -33.602 0.5000000000
19835  0.132  -56.590  -33.375 0.6000000238
19837  -1.671  -56.012  -34.323 0.5000000000
19843  -0.099  -56.898  -34.195 0.5000000000
18787  0.784  -57.100  -33.851 0.5000000000
16687  2.929  -58.999  -34.369 0.5000000000
20882  -0.055  -55.200  -30.547 0.6000000238
19804  0.177  -55.862  -31.104 0.6000000238
19816  -0.361  -55.946  -31.972 0.6000000238
20905  -1.237  -55.830  -32.599 0.6000000238
19834  0.878  -56.730  -33.168 0.6000000238
17705  2.162  -57.800  -33.873 0.5000000000
19789  1.263  -55.759  -29.986 0.6000000238
19827  0.393  -56.376  -32.623 0.6000000238
18785  2.260  -58.010  -33.058 0.6000000238
17704  2.679  -58.418  -33.784 0.5000000000
18719  2.716  -57.035  -29.615 0.6000000238
19788  2.066  -56.222  -29.583 0.6000000238
19802  2.196  -56.801  -30.175 0.6000000238
18736  1.988  -56.933  -30.962 0.6000000238
18770  1.767  -57.518  -32.378 0.6000000238
17703  3.097  -58.618  -33.007 0.5000000000
18734  3.181  -57.802  -30.137 0.6000000238
18752  2.594  -57.599  -31.306 0.6000000238
17670  3.605  -58.330  -30.815 0.6000000238
17689  2.550  -58.046  -32.164 0.6000000238
16659  3.974  -58.835  -31.672 0.6000000238
15725  5.031  -60.645  -32.001 0.5000000000
119898  5.568  -60.052  -30.871 0.4000000060
15839  16.244  -60.402  -40.123 0.6000000238
13807  17.236  -61.495  -39.312 0.6999999881
15788  21.382  -60.481  -36.215 0.5000000000
16728  22.500  -59.806  -36.716 0.5000000000
16744  23.920  -58.978  -38.104 0.5000000000
16736  23.378  -59.476  -37.589 0.5000000000
24216  10.203  -52.414  -38.904 0.6000000238
23051  -1.436  -53.044  -33.353 0.6000000238
23040  -1.740  -53.000  -32.680 0.6000000238
23062  -2.821  -53.622  -34.487 0.6000000238
119164  -2.374  -55.426  -34.177 0.5000000000
19803  1.093  -56.313  -30.879 0.6000000238
19815  0.649  -56.361  -31.778 0.6000000238
17671  3.205  -58.159  -31.531 0.6000000238
16674  3.856  -59.041  -32.616 0.6000000238
8152  13.724  -69.019  -37.650 0.4000000060
7414  16.589  -69.458  -37.194 0.5000000000
135560  16.144  -68.509  -37.318 0.5000000000
8150  15.754  -68.762  -37.575 0.4000000060
8151  14.918  -68.421  -38.131 0.4000000060
8162  14.695  -67.612  -38.679 0.4000000060
8163  13.798  -68.158  -38.533 0.4000000060
114942  16.067  -67.841  -37.262 0.5000000000
8141  16.519  -68.766  -36.725 0.5000000000
8991  15.294  -67.003  -38.520 0.5000000000
9773  14.414  -66.912  -39.294 0.5000000000
8992  13.567  -67.472  -39.210 0.4000000060
138381  15.520  -66.537  -37.325 0.5000000000
9772  15.323  -66.142  -38.862 0.5000000000
10750  14.397  -66.184  -39.857 0.5000000000
9790  13.341  -66.992  -39.949 0.4000000060
122859  13.762  -66.087  -40.677 0.4000000060
125418  15.366  -65.306  -37.879 0.5000000000
10749  15.490  -65.368  -38.719 0.5000000000
11776  15.777  -64.860  -39.342 0.5000000000
10761  15.330  -65.413  -39.455 0.5000000000
118174  14.598  -65.754  -40.292 0.5000000000
10774  14.153  -65.789  -41.075 0.4000000060
14877  17.598  -61.510  -45.978 0.5000000000
131859  17.878  -62.282  -46.620 0.4000000060
13878  18.054  -63.130  -46.441 0.4000000060
12901  17.695  -63.720  -46.655 0.4000000060
11871  16.942  -64.200  -46.056 0.4000000060
12895  16.059  -64.055  -45.952 0.4000000060
11788  15.773  -65.008  -40.166 0.5000000000
11838  15.633  -65.628  -44.429 0.4000000060
10821  15.194  -66.118  -43.747 0.4000000060
10808  14.497  -65.408  -42.382 0.4000000060
11787  16.461  -64.807  -40.489 0.4000000060
11806  15.765  -65.348  -41.126 0.5000000000
131403  14.726  -65.775  -42.192 0.4000000060
10773  15.030  -65.583  -40.825 0.4000000060
14876  17.894  -62.396  -45.469 0.4000000060
11858  17.646  -64.691  -45.333 0.4000000060
11859  16.878  -64.919  -45.282 0.4000000060
11773  18.011  -64.975  -40.141 0.4000000060
133190  15.732  -66.344  -43.298 0.4000000060
10807  14.919  -66.180  -42.920 0.4000000060
11786  17.229  -64.838  -40.866 0.4000000060
11805  16.513  -65.313  -41.490 0.4000000060
118520  15.752  -66.009  -42.127 0.4000000060
122852  15.201  -65.806  -41.668 0.4000000060
14867  17.300  -61.603  -44.250 0.5000000000
14866  17.725  -62.534  -43.944 0.4000000060
12863  18.238  -63.616  -44.019 0.4000000060
11835  18.081  -64.869  -44.441 0.4000000060
11836  17.711  -65.191  -44.603 0.4000000060
10818  17.132  -65.789  -44.260 0.4000000060
10789  17.419  -65.605  -43.024 0.4000000060
10819  16.429  -66.093  -44.195 0.4000000060
11785  17.950  -65.131  -41.231 0.4000000060
10788  17.903  -65.345  -42.386 0.4000000060
10790  16.585  -65.924  -42.568 0.4000000060
14856  17.154  -61.643  -42.646 0.5000000000
14855  17.732  -62.535  -42.728 0.5000000000
13839  18.009  -62.502  -41.759 0.6000000238
13838  18.340  -63.150  -42.719 0.5000000000
11820  18.389  -64.762  -43.831 0.4000000060
10803  17.995  -65.592  -43.937 0.4000000060
9832  18.015  -66.480  -44.857 0.4000000060
10802  18.786  -66.699  -43.717 0.4000000060
11803  19.305  -63.974  -43.103 0.4000000060
13823  19.120  -62.987  -41.469 0.5000000000
11818  19.627  -64.300  -43.681 0.4000000060
130595  18.069  -65.047  -45.762 0.4000000060
11817  20.897  -64.238  -42.923 0.5000000000
11833  20.742  -64.547  -44.308 0.4000000060
11834  19.336  -64.467  -45.104 0.4000000060
10844  19.525  -65.020  -47.074 0.4000000060
12845  20.372  -63.547  -41.337 0.6000000238
12833  19.818  -63.071  -41.031 0.6000000238
11816  21.927  -64.281  -43.814 0.5000000000
122323  21.951  -64.630  -45.155 0.4000000060
13790  19.719  -62.433  -38.860 0.5000000000
22992  0.069  -53.062  -30.493 0.5000000000
21926  0.829  -54.427  -29.633 0.5000000000
20867  2.334  -55.722  -28.893 0.5000000000
22991  0.466  -53.670  -29.910 0.5000000000
20868  1.706  -55.391  -29.228 0.5000000000
21941  0.084  -54.430  -30.205 0.5000000000
128355  15.637  -67.118  -37.731 0.5000000000
8977  15.639  -67.863  -37.966 0.5000000000
13867  18.149  -63.459  -45.257 0.4000000060
12877  18.052  -64.478  -45.160 0.4000000060
11804  17.281  -65.399  -41.875 0.4000000060
12862  18.572  -63.975  -43.587 0.4000000060
11819  18.747  -64.456  -43.807 0.4000000060
11821  18.042  -65.220  -43.798 0.4000000060
117455  18.711  -65.897  -43.057 0.4000000060
114488  18.092  -65.916  -46.068 0.4000000060
11802  20.123  -64.023  -42.334 0.5000000000
117271  20.365  -64.676  -45.737 0.5000000000
11801  21.071  -63.786  -41.636 0.5000000000
17763  27.702  -58.404  -39.710 0.3000000119
15818  27.064  -59.684  -39.932 0.3000000119
16752  26.260  -59.205  -39.374 0.3000000119
18845  27.353  -57.687  -40.119 0.3000000119
18863  27.961  -57.387  -41.076 0.3000000119
18862  28.914  -57.404  -41.067 0.3000000119
18883  28.688  -57.128  -42.279 0.3000000119
15836  26.665  -60.506  -40.570 0.3000000119
14820  25.187  -60.997  -41.126 0.4000000060
15837  25.666  -60.538  -40.424 0.4000000060
16771  28.125  -59.684  -40.140 0.3000000119
15820  25.212  -60.104  -39.636 0.4000000060
14776  23.658  -61.417  -38.155 0.4000000060
14791  22.181  -61.926  -37.828 0.4000000060
130187  28.405  -58.972  -39.747 0.3000000119
17764  26.196  -58.600  -39.244 0.3000000119
16743  24.900  -58.941  -38.637 0.4000000060
18885  26.643  -57.336  -41.963 0.3000000119
17765  25.743  -57.982  -39.453 0.3000000119
13836  24.295  -61.904  -42.248 0.4000000060
13837  23.670  -62.069  -41.735 0.4000000060
12831  22.304  -62.967  -41.153 0.4000000060
12819  22.052  -62.933  -40.259 0.4000000060
14819  26.226  -61.034  -41.354 0.4000000060
13820  23.978  -61.638  -41.331 0.4000000060
13822  22.764  -62.531  -40.618 0.4000000060
13787  22.669  -62.352  -39.151 0.4000000060
15835  27.755  -60.487  -40.726 0.3000000119
14821  24.352  -61.139  -40.829 0.4000000060
14804  23.709  -61.563  -39.653 0.4000000060
13789  20.566  -62.707  -38.621 0.4000000060
16770  29.081  -59.472  -40.362 0.3000000119
14789  24.093  -61.147  -38.936 0.4000000060
122190  22.107  -62.458  -38.491 0.4000000060
14775  24.125  -60.778  -38.162 0.4000000060
121071  24.178  -58.510  -38.530 0.4000000060
134060  23.617  -63.309  -43.939 0.4000000060
12844  22.542  -63.219  -42.152 0.4000000060
13851  24.620  -62.304  -43.386 0.4000000060
13852  23.757  -62.346  -42.552 0.4000000060
114780  23.248  -62.884  -42.867 0.4000000060
118978  21.855  -63.436  -41.594 0.4000000060
14838  28.172  -61.551  -42.715 0.3000000119
14854  26.353  -61.801  -43.314 0.4000000060
15833  29.903  -60.036  -41.388 0.3000000119
15834  28.865  -60.338  -40.993 0.3000000119
13804  21.859  -62.879  -39.309 0.4000000060
16769  30.045  -59.205  -40.674 0.3000000119
11800  21.838  -63.779  -42.529 0.4000000060
12860  22.748  -63.526  -43.410 0.4000000060
18847  23.924  -57.697  -39.847 0.3000000119
18866  24.371  -57.470  -40.659 0.3000000119
18846  24.865  -57.698  -39.765 0.3000000119
13805  20.229  -62.804  -39.408 0.4000000060
12832  21.524  -63.353  -40.811 0.4000000060
11784  20.924  -63.598  -40.611 0.4000000060
15819  26.052  -59.856  -39.846 0.3000000119
18864  26.980  -57.419  -40.897 0.3000000119
123615  27.420  -57.303  -41.803 0.3000000119
14840  25.757  -61.437  -42.132 0.4000000060
16753  25.497  -59.387  -39.180 0.4000000060
14803  24.097  -60.978  -39.974 0.4000000060
15821  24.518  -60.478  -39.410 0.4000000060
14790  22.879  -62.004  -38.318 0.4000000060
17755  25.505  -58.583  -39.013 0.4000000060
13835  25.230  -61.789  -42.827 0.4000000060
12830  23.116  -62.611  -41.668 0.4000000060
13821  23.387  -62.063  -40.946 0.4000000060
14839  26.932  -61.496  -42.486 0.3000000119
14822  23.765  -61.575  -40.454 0.4000000060
14817  28.544  -61.087  -41.763 0.3000000119
13850  25.709  -62.221  -43.860 0.4000000060
15851  29.678  -60.799  -42.200 0.3000000119
5231  14.967  -72.927  -35.910 0.3000000119
5246  14.439  -73.310  -36.430 0.3000000119
5222  15.700  -72.962  -34.863 0.3000000119
5232  14.024  -73.128  -35.768 0.3000000119
5230  16.207  -72.625  -36.064 0.3000000119
5245  15.494  -73.004  -36.832 0.3000000119
124880  15.933  -72.509  -34.645 0.3000000119
4571  15.375  -73.167  -33.660 0.3000000119
5956  16.383  -71.554  -34.855 0.3000000119
5962  17.019  -71.900  -35.515 0.3000000119
5243  17.310  -72.144  -37.371 0.3000000119
7415  15.643  -69.679  -37.629 0.3000000119
126317  15.420  -73.133  -32.874 0.3000000119
4566  15.270  -73.518  -32.965 0.3000000119
5949  15.341  -72.159  -33.901 0.3000000119
5216  15.418  -72.833  -33.544 0.3000000119
4572  14.772  -73.305  -34.103 0.3000000119
6679  18.022  -70.802  -36.676 0.3000000119
7407  17.084  -69.684  -36.684 0.3000000119
7413  17.507  -70.246  -37.073 0.3000000119
6655  15.236  -71.137  -34.061 0.3000000119
5955  17.333  -71.257  -35.566 0.3000000119
6664  15.957  -70.673  -34.724 0.3000000119
7394  16.150  -69.811  -35.096 0.3000000119
7399  16.600  -69.262  -35.660 0.3000000119
7406  17.612  -70.103  -36.420 0.3000000119
8136  16.458  -68.571  -35.954 0.3000000119
11752  15.180  -64.914  -37.273 0.4000000060
8960  15.623  -66.902  -36.800 0.4000000060
3239  11.669  -76.085  -30.754 0.3000000119
2087  11.540  -77.659  -29.889 0.3000000119
4573  13.520  -73.247  -34.478 0.3000000119
5224  13.284  -73.099  -35.244 0.3000000119
3272  14.743  -75.339  -31.737 0.3000000119
3273  14.050  -75.210  -32.200 0.3000000119
3258  12.357  -75.213  -31.241 0.3000000119
3259  11.902  -75.383  -31.305 0.3000000119
2098  11.400  -76.886  -30.706 0.3000000119
123402  15.237  -74.640  -31.751 0.3000000119
3916  14.490  -74.198  -32.902 0.3000000119
3896  12.848  -74.728  -31.915 0.3000000119
120338  11.249  -74.789  -33.019 0.3000000119
2659  11.507  -76.090  -31.615 0.3000000119
3915  14.775  -73.695  -33.311 0.3000000119
4567  13.865  -73.959  -33.289 0.3000000119
4562  12.284  -73.654  -33.020 0.3000000119
3917  11.455  -74.073  -33.589 0.3000000119
128962  12.852  -73.430  -33.638 0.3000000119
4575  11.723  -73.575  -34.195 0.3000000119
5229  17.230  -72.147  -36.325 0.3000000119
5972  17.771  -71.574  -36.989 0.3000000119
4560  15.355  -73.614  -32.144 0.3000000119
6663  16.901  -70.670  -35.332 0.3000000119
2645  12.307  -76.145  -29.876 0.3000000119
3921  11.431  -74.321  -34.501 0.3000000119
3905  14.669  -74.696  -32.417 0.3000000119
3257  13.351  -75.367  -31.425 0.3000000119
4561  12.922  -73.764  -32.966 0.3000000119
3897  12.056  -74.637  -31.885 0.3000000119
117453  11.096  -74.991  -34.009 0.3000000119
8948  16.137  -67.805  -36.380 0.3000000119
9786  22.390  -68.271  -39.156 0.3000000119
8990  21.526  -68.174  -38.177 0.3000000119
122897  20.825  -67.395  -38.733 0.3000000119
10759  19.732  -66.242  -38.971 0.4000000060
10748  18.901  -65.569  -38.655 0.4000000060
11762  18.005  -64.885  -38.963 0.3000000119
11775  16.389  -64.618  -39.506 0.3000000119
127208  22.380  -68.024  -40.073 0.3000000119
9801  21.899  -67.783  -40.412 0.4000000060
9802  20.975  -66.807  -40.792 0.4000000060
10770  20.051  -65.865  -40.976 0.4000000060
10772  18.730  -65.274  -40.597 0.3000000119
9817  20.053  -67.182  -42.956 0.4000000060
10786  19.934  -66.426  -42.229 0.4000000060
10787  19.126  -65.597  -41.898 0.3000000119
9831  19.020  -67.137  -44.061 0.3000000119
10718  21.063  -66.897  -36.373 0.3000000119
10732  21.666  -67.222  -36.995 0.3000000119
9770  20.840  -67.617  -37.733 0.4000000060
10747  19.426  -66.214  -37.858 0.4000000060
121247  18.498  -65.327  -37.871 0.3000000119
11750  17.484  -64.598  -38.018 0.3000000119
116892  16.643  -64.401  -38.130 0.3000000119
10746  22.684  -67.201  -38.310 0.3000000119
118929  22.785  -67.879  -38.974 0.3000000119
10758  22.938  -67.845  -39.808 0.3000000119
9800  22.841  -67.556  -41.110 0.3000000119
117132  22.148  -67.695  -41.225 0.3000000119
116755  21.277  -67.181  -41.690 0.4000000060
9814  24.094  -67.172  -41.649 0.3000000119
119434  23.194  -67.642  -42.252 0.3000000119
9815  22.395  -67.740  -41.924 0.3000000119
9816  21.494  -67.366  -42.266 0.4000000060
9842  23.214  -67.176  -43.199 0.3000000119
117375  21.243  -67.098  -43.930 0.4000000060
9844  20.055  -66.977  -44.604 0.4000000060
11854  22.760  -64.620  -45.291 0.3000000119
10834  22.316  -65.423  -45.371 0.4000000060
9854  21.262  -66.460  -45.146 0.4000000060
9855  20.016  -66.398  -46.138 0.4000000060
12892  23.682  -64.300  -45.008 0.3000000119
11855  21.405  -64.925  -46.053 0.4000000060
11832  23.085  -63.986  -44.714 0.3000000119
11664  17.681  -64.801  -30.748 0.3000000119
11677  17.491  -64.727  -31.748 0.3000000119
10668  16.815  -65.054  -32.402 0.3000000119
10681  16.975  -65.250  -33.527 0.3000000119
10705  20.777  -66.139  -35.840 0.3000000119
10692  19.700  -65.637  -34.840 0.3000000119
10693  18.926  -65.715  -34.692 0.3000000119
10696  16.784  -65.112  -34.481 0.3000000119
116936  22.531  -65.486  -36.864 0.3000000119
11737  21.486  -65.863  -36.203 0.3000000119
10706  20.020  -66.352  -35.529 0.3000000119
10720  19.858  -66.703  -36.052 0.3000000119
10721  18.517  -65.684  -36.137 0.3000000119
10722  17.726  -65.272  -35.981 0.3000000119
125383  17.096  -64.717  -36.581 0.3000000119
11739  16.163  -64.507  -36.680 0.3000000119
10723  14.679  -65.040  -36.397 0.3000000119
9738  14.725  -66.167  -35.879 0.3000000119
11761  23.048  -65.824  -38.186 0.3000000119
10801  23.845  -66.404  -43.286 0.3000000119
9843  22.249  -66.642  -44.054 0.3000000119
10816  24.025  -65.450  -44.058 0.3000000119
10833  23.420  -64.948  -45.047 0.3000000119
12875  24.765  -63.713  -44.799 0.3000000119
12858  24.493  -63.071  -44.235 0.3000000119
10648  17.771  -65.213  -30.156 0.3000000119
11676  18.240  -64.481  -32.219 0.3000000119
11690  18.356  -64.819  -33.229 0.3000000119
10680  17.867  -65.282  -33.752 0.3000000119
129131  20.395  -64.827  -34.699 0.3000000119
11708  18.576  -65.328  -34.018 0.3000000119
8949  15.259  -67.142  -35.710 0.3000000119
9685  18.081  -65.826  -29.986 0.3000000119
11663  18.130  -64.421  -31.326 0.3000000119
12741  18.868  -64.035  -31.508 0.3000000119
11675  19.063  -64.254  -32.783 0.3000000119
11707  19.228  -65.226  -34.179 0.3000000119
11722  21.578  -65.100  -35.613 0.3000000119
10647  18.496  -65.135  -29.905 0.3000000119
12725  19.063  -63.961  -30.620 0.3000000119
12763  19.869  -63.836  -33.027 0.3000000119
122245  19.911  -64.669  -34.264 0.3000000119
9745  15.141  -65.910  -36.792 0.3000000119
10735  15.494  -64.856  -37.779 0.3000000119
11763  16.978  -64.441  -38.817 0.3000000119
10760  18.836  -65.396  -39.566 0.3000000119
123312  19.297  -65.438  -41.025 0.4000000060
10835  21.192  -65.653  -46.103 0.4000000060
13866  25.250  -62.687  -44.250 0.3000000119
9768  22.331  -68.232  -38.400 0.3000000119
9788  21.628  -68.203  -38.862 0.3000000119
9756  20.948  -67.626  -37.126 0.3000000119
117158  21.404  -67.595  -39.646 0.4000000060
9789  20.465  -66.541  -39.874 0.4000000060
10771  19.587  -65.677  -40.168 0.4000000060
9830  20.541  -67.181  -43.293 0.4000000060
10731  22.426  -66.411  -37.434 0.3000000119
9743  20.590  -67.130  -36.563 0.3000000119
10733  19.105  -66.085  -36.748 0.3000000119
9757  20.130  -67.092  -37.028 0.3000000119
10734  17.881  -65.127  -36.953 0.4000000060
119352  16.809  -64.506  -37.393 0.3000000119
10757  23.330  -66.418  -39.218 0.3000000119
117344  23.631  -66.870  -40.477 0.3000000119
9829  22.086  -67.408  -42.876 0.4000000060
10832  24.100  -64.639  -44.794 0.3000000119
10695  17.501  -65.363  -34.265 0.3000000119
10708  18.543  -65.739  -35.329 0.3000000119
10709  17.493  -65.319  -35.063 0.3000000119
11831  25.271  -64.018  -44.737 0.3000000119
128674  11.953  -53.413  -38.623 0.4000000060
2625  12.679  -76.596  -29.337 0.3000000119
3274  11.561  -74.983  -32.116 0.3000000119
3904  15.051  -74.032  -32.619 0.3000000119
3906  13.692  -74.439  -32.681 0.3000000119
3907  12.481  -74.120  -32.491 0.3000000119
3908  11.809  -74.098  -32.726 0.3000000119
4568  11.974  -73.507  -33.547 0.3000000119
4574  12.391  -73.252  -34.502 0.3000000119
4581  11.866  -73.729  -35.020 0.3000000119
5223  14.424  -73.092  -35.063 0.3000000119
5244  16.532  -72.576  -37.169 0.3000000119
5961  17.730  -71.377  -36.127 0.3000000119
5986  17.418  -71.844  -37.876 0.3000000119
6670  17.744  -70.683  -35.943 0.3000000119
7398  17.146  -69.942  -35.780 0.3000000119
8135  16.961  -69.417  -36.231 0.3000000119
8976  21.401  -67.962  -37.644 0.3000000119
8989  22.013  -68.481  -38.591 0.3000000119
9742  21.112  -67.498  -36.830 0.3000000119
9744  15.420  -66.148  -37.820 0.5000000000
9754  22.126  -67.779  -37.655 0.3000000119
9755  21.508  -67.795  -37.373 0.3000000119
9769  21.884  -68.293  -37.924 0.3000000119
9771  20.178  -66.952  -38.024 0.4000000060
9787  22.020  -68.334  -39.401 0.3000000119
9845  18.659  -66.757  -45.373 0.4000000060
9859  19.593  -65.675  -46.797 0.4000000060
9860  19.228  -65.568  -47.009 0.4000000060
9861  18.465  -66.020  -46.686 0.4000000060
9865  18.705  -65.407  -47.119 0.4000000060
9866  18.186  -65.331  -47.060 0.4000000060
10669  16.041  -65.208  -32.146 0.3000000119
10682  16.121  -65.091  -33.038 0.3000000119
10694  18.178  -65.534  -34.517 0.3000000119
10707  19.394  -66.075  -35.422 0.3000000119
10717  21.916  -66.181  -36.682 0.3000000119
10719  20.375  -66.809  -36.048 0.3000000119
10736  15.105  -65.256  -37.153 0.3000000119
10791  15.098  -66.130  -42.391 0.4000000060
10804  18.137  -65.287  -42.883 0.4000000060
10805  17.492  -65.646  -43.915 0.4000000060
10806  16.796  -66.081  -43.596 0.4000000060
10815  24.865  -64.889  -44.086 0.3000000119
10817  23.107  -65.874  -44.005 0.3000000119
10820  15.793  -66.145  -44.111 0.4000000060
10843  20.374  -65.306  -46.671 0.4000000060
10847  18.937  -65.020  -47.243 0.4000000060
10848  18.568  -65.049  -47.221 0.4000000060
11653  18.463  -64.339  -30.647 0.3000000119
11689  19.512  -64.466  -33.647 0.3000000119
11691  17.597  -64.944  -32.822 0.3000000119
11723  20.576  -65.470  -35.227 0.3000000119
11724  16.611  -64.849  -35.229 0.3000000119
11740  15.383  -64.704  -36.963 0.4000000060
11741  15.000  -64.834  -36.829 0.3000000119
11749  22.987  -65.183  -37.423 0.3000000119
11751  15.962  -64.498  -37.757 0.3000000119
11764  16.199  -64.544  -38.650 0.3000000119
11765  15.720  -64.807  -38.581 0.5000000000
11774  17.198  -64.589  -39.776 0.3000000119
11822  14.721  -65.465  -43.183 0.4000000060
11837  17.060  -65.469  -44.746 0.4000000060
11839  14.943  -65.290  -44.016 0.4000000060
11853  24.471  -64.180  -44.881 0.3000000119
11856  19.119  -64.618  -46.496 0.4000000060
11857  18.445  -64.975  -47.009 0.4000000060
11860  16.253  -64.889  -45.159 0.4000000060
11868  19.910  -64.908  -46.715 0.4000000060
11869  18.922  -64.915  -47.118 0.4000000060
11870  18.059  -64.968  -47.150 0.4000000060
12807  20.997  -63.268  -39.154 0.4000000060
12820  21.337  -63.354  -39.944 0.6000000238
12822  19.993  -62.847  -40.210 0.6000000238
12846  19.473  -63.674  -42.083 0.5000000000
12847  18.848  -63.505  -42.458 0.5000000000
12859  23.910  -62.729  -43.400 0.4000000060
12861  18.807  -64.093  -43.411 0.4000000060
12876  24.059  -63.748  -44.770 0.3000000119
12893  18.096  -63.991  -46.152 0.4000000060
12894  17.558  -64.270  -45.960 0.4000000060
12900  17.994  -63.502  -46.800 0.4000000060
13777  20.952  -62.461  -37.923 0.5000000000
13786  23.390  -61.835  -39.023 0.4000000060
13788  21.345  -62.762  -38.541 0.4000000060
13802  23.182  -62.098  -39.942 0.4000000060
13803  22.509  -62.557  -39.855 0.4000000060
13883  17.680  -62.898  -47.059 0.4000000060
14672  6.555  -60.934  -29.002 0.4000000060
14778  21.443  -61.880  -37.499 0.5000000000
14792  18.397  -61.855  -38.516 0.6999999881
14818  27.375  -61.143  -41.525 0.3000000119
14824  16.691  -60.967  -40.463 0.6000000238
14841  24.772  -61.511  -41.713 0.4000000060
15714  5.461  -60.486  -31.289 0.4000000060
15757  16.906  -60.450  -34.787 0.6999999881
15758  15.592  -60.002  -34.178 0.6999999881
15773  16.344  -60.561  -35.532 0.6999999881
15774  15.618  -60.292  -35.569 0.6000000238
15801  22.826  -60.639  -36.952 0.5000000000
15803  15.579  -60.419  -37.574 0.6000000238
15808  24.247  -60.264  -38.709 0.4000000060
15809  23.843  -59.866  -38.134 0.4000000060
15810  16.300  -60.777  -38.755 0.8000000119
15838  24.792  -60.673  -40.227 0.4000000060
15881  15.551  -60.981  -46.555 0.5000000000
16634  6.707  -60.201  -28.984 0.4000000060
16647  5.223  -59.434  -30.574 0.5000000000
16658  4.861  -59.650  -31.378 0.6000000238
16673  4.423  -59.650  -32.237 0.6000000238
16683  17.953  -59.231  -33.717 0.6999999881
16699  17.457  -60.050  -34.140 0.6999999881
16738  15.080  -59.878  -37.163 0.6999999881
16742  25.721  -58.949  -38.966 0.3000000119
16750  29.176  -58.713  -40.134 0.3000000119
16751  27.676  -59.138  -39.647 0.3000000119
16754  24.739  -59.740  -39.010 0.4000000060
16772  16.113  -59.673  -40.611 0.6999999881
16831  15.988  -58.828  -46.742 0.6000000238
16832  15.495  -58.672  -46.528 0.5000000000
17600  3.166  -58.610  -25.204 0.3000000119
17631  6.719  -58.878  -28.249 0.4000000060
17633  4.950  -58.388  -28.816 0.4000000060
17645  4.777  -58.693  -29.455 0.4000000060
17656  4.748  -58.964  -30.091 0.4000000060
17666  16.832  -58.175  -31.662 0.6999999881
17681  16.335  -58.780  -32.314 0.6999999881
17688  3.362  -58.512  -32.218 0.6000000238
17699  17.461  -58.934  -33.067 0.6999999881
17719  8.805  -58.439  -34.281 0.6999999881
17720  7.877  -58.377  -33.990 0.6999999881
17721  2.252  -58.265  -34.527 0.5000000000
17748  23.082  -58.717  -37.714 0.5000000000
17749  22.325  -58.407  -37.389 0.5000000000
17762  28.497  -58.350  -39.936 0.3000000119
17766  24.743  -58.187  -39.062 0.4000000060
17829  16.393  -58.621  -46.299 0.6999999881
17831  14.603  -58.132  -46.388 0.6000000238
18657  6.452  -57.594  -24.194 0.4000000060
18673  1.523  -57.676  -25.247 0.3000000119
18709  4.494  -57.797  -28.675 0.4000000060
18716  15.016  -56.971  -29.765 0.6000000238
18727  15.570  -57.381  -30.265 0.6000000238
18729  13.912  -57.389  -30.597 0.6000000238
18731  11.684  -57.132  -30.379 0.8000000119
18732  10.880  -57.182  -30.509 0.8000000119
18735  2.607  -57.327  -30.506 0.6000000238
18741  16.256  -57.710  -30.873 0.6000000238
18743  14.478  -57.771  -31.171 0.6999999881
18747  10.534  -57.649  -31.110 0.6999999881
18751  3.059  -57.803  -30.884 0.6000000238
18753  2.010  -57.472  -31.700 0.6000000238
18760  17.635  -58.099  -32.018 0.6000000238
18766  9.135  -58.262  -31.803 0.6999999881
18768  7.473  -57.871  -32.321 0.6000000238
18779  18.560  -57.711  -33.247 0.6999999881
18784  6.700  -57.600  -33.621 0.6000000238
18786  1.542  -57.330  -33.328 0.5000000000
18796  13.278  -57.380  -34.446 0.6999999881
18799  9.787  -58.203  -34.561 0.6999999881
18801  7.414  -57.949  -34.714 0.6999999881
18802  6.716  -57.644  -34.499 0.6999999881
18817  7.792  -57.613  -35.410 0.6000000238
18830  21.846  -57.738  -37.838 0.6000000238
18914  17.073  -56.804  -44.333 0.6000000238
18923  16.114  -57.265  -45.486 0.6000000238
18934  16.244  -57.960  -45.924 0.6000000238
19729  4.409  -55.934  -24.370 0.4000000060
19739  0.455  -56.340  -25.233 0.4000000060
19784  15.283  -56.165  -29.488 0.6000000238
19793  17.390  -56.556  -30.100 0.6000000238
19800  10.347  -56.614  -30.200 0.8000000119
19811  17.669  -57.133  -30.899 0.6000000238
19812  8.842  -56.825  -30.561 0.6999999881
19813  8.183  -56.726  -31.050 0.6000000238
19814  1.439  -56.908  -31.700 0.6000000238
19823  7.117  -57.070  -31.802 0.6000000238
19826  1.152  -56.792  -32.530 0.6000000238
19828  -0.360  -56.166  -32.837 0.6000000238
19832  6.237  -57.027  -33.005 0.6000000238
19839  19.567  -56.172  -34.870 0.5000000000
19844  -0.905  -56.608  -34.650 0.5000000000
19845  -1.541  -56.308  -35.136 0.5000000000
19848  19.219  -56.695  -35.121 0.6000000238
19851  11.941  -56.768  -35.613 0.6000000238
19855  8.285  -57.089  -36.034 0.6000000238
19859  -1.690  -56.159  -35.880 0.5000000000
19876  -1.651  -55.773  -36.526 0.5000000000
19894  21.712  -57.043  -39.378 0.5000000000
19923  17.401  -55.330  -42.157 0.6999999881
19958  16.808  -56.856  -44.882 0.6000000238
20803  5.677  -55.215  -24.149 0.4000000060
20817  3.287  -55.214  -24.647 0.3000000119
20819  1.824  -55.693  -25.031 0.3000000119
20820  1.058  -55.801  -25.130 0.3000000119
20853  2.710  -55.239  -28.609 0.5000000000
20864  15.881  -55.384  -29.455 0.6000000238
20865  14.419  -55.793  -29.528 0.6999999881
20869  1.173  -55.039  -29.541 0.5000000000
20875  17.813  -55.822  -29.751 0.6000000238
20877  12.191  -55.255  -29.882 0.6000000238
20879  10.476  -55.775  -30.081 0.8000000119
20880  9.890  -56.089  -30.225 0.8000000119
20881  0.621  -55.101  -30.013 0.6000000238
20891  8.202  -55.888  -31.348 0.6999999881
20894  -2.038  -55.080  -31.798 0.6000000238
20901  7.152  -56.035  -31.557 0.6999999881
20902  5.948  -55.914  -31.863 0.6000000238
20903  4.714  -55.289  -32.442 0.6000000238
20906  -2.125  -55.384  -32.329 0.5000000000
20913  4.204  -55.314  -33.166 0.5000000000
20914  3.599  -54.836  -32.980 0.5000000000
20935  4.456  -55.425  -35.444 0.5000000000
20938  -2.799  -54.664  -35.507 0.5000000000
20960  14.993  -56.072  -38.085 0.5000000000
20964  10.959  -55.405  -37.538 0.5000000000
20966  9.345  -55.270  -37.422 0.5000000000
20977  21.810  -55.888  -39.018 0.4000000060
20991  16.499  -54.905  -39.860 0.5000000000
21003  17.210  -54.784  -41.079 0.6000000238
21024  17.257  -54.911  -41.734 0.6000000238
21042  17.258  -55.179  -42.931 0.6000000238
21873  3.636  -54.602  -24.639 0.3000000119
21885  1.252  -54.067  -25.310 0.3000000119
21910  4.151  -54.846  -28.631 0.4000000060
21912  2.364  -54.418  -28.799 0.6000000238
21923  13.754  -55.475  -29.696 0.8000000119
21924  1.750  -53.845  -29.201 0.6000000238
21940  11.060  -55.544  -29.933 0.6999999881
21943  -1.544  -54.266  -31.201 0.6000000238
21948  11.284  -54.356  -30.692 0.6000000238
21951  8.695  -55.942  -30.975 0.6999999881
21953  -2.089  -54.433  -31.659 0.6000000238
21964  5.024  -54.621  -32.116 0.6000000238
21968  1.615  -54.251  -32.975 0.5000000000
21979  2.266  -54.492  -33.020 0.5000000000
21980  -3.042  -54.115  -34.029 0.6000000238
21986  2.721  -54.568  -33.637 0.5000000000
21988  -2.983  -54.036  -34.969 0.5000000000
21996  2.684  -54.350  -34.523 0.5000000000
22005  -2.818  -53.921  -35.811 0.5000000000
22017  9.633  -54.640  -37.875 0.5000000000
22049  16.846  -54.064  -40.448 0.5000000000
22051  15.496  -53.327  -40.016 0.5000000000
22933  4.951  -53.812  -24.530 0.4000000060
22943  3.564  -53.126  -24.803 0.4000000060
22990  1.243  -53.384  -29.678 0.5000000000
23010  -0.514  -53.622  -30.527 0.6000000238
23011  -1.285  -53.826  -30.907 0.6000000238
23035  4.684  -53.920  -32.291 0.6000000238
23037  2.175  -53.552  -32.544 0.5000000000
23052  -2.181  -53.160  -33.566 0.6000000238
23057  2.033  -53.968  -34.826 0.4000000060
23061  -2.322  -53.285  -34.565 0.6000000238
23071  -1.773  -52.914  -35.292 0.6000000238
23083  -2.272  -53.169  -36.088 0.5000000000
23103  12.620  -53.444  -38.859 0.4000000060
23106  9.854  -53.144  -38.555 0.6000000238
23122  12.229  -52.745  -39.190 0.4000000060
24024  4.337  -53.360  -24.638 0.4000000060
24033  4.578  -51.905  -24.844 0.3000000119
24066  -0.730  -52.118  -27.000 0.3000000119
24091  1.468  -52.828  -30.056 0.6000000238
24092  0.775  -52.832  -30.311 0.6000000238
24108  0.171  -52.443  -30.970 0.5000000000
24110  -1.195  -53.139  -31.171 0.6000000238
24127  -0.352  -51.988  -31.979 0.6000000238
24129  -1.567  -52.921  -31.893 0.6000000238
24143  5.280  -53.209  -32.533 0.5000000000
24145  3.314  -53.042  -32.491 0.5000000000
24149  -0.947  -52.590  -32.170 0.6000000238
24166  3.080  -51.968  -33.085 0.4000000060
24236  10.756  -52.102  -39.485 0.6000000238
25199  2.850  -51.984  -25.648 0.3000000119
25214  1.119  -51.884  -26.394 0.3000000119
25236  -1.086  -50.852  -28.523 0.3000000119
25264  2.355  -51.786  -30.730 0.6000000238
25276  0.246  -51.690  -31.647 0.6000000238
25285  1.384  -51.587  -32.948 0.5000000000
26342  3.437  -50.544  -26.383 0.3000000119
26344  1.865  -50.873  -26.850 0.3000000119
26365  0.124  -49.944  -28.260 0.4000000060
26394  0.862  -51.259  -31.482 0.6000000238
26414  0.909  -50.535  -31.924 0.5000000000
26415  0.551  -50.923  -31.931 0.5000000000
26431  1.257  -50.425  -32.441 0.5000000000
26444  1.645  -50.316  -32.876 0.5000000000
27431  3.802  -49.868  -26.804 0.3000000119
27441  3.411  -49.470  -27.446 0.3000000119
27465  -0.238  -49.270  -30.279 0.3000000119
27477  -0.615  -49.108  -31.386 0.3000000119
28511  6.769  -48.810  -27.007 0.3000000119
28524  3.848  -48.875  -27.927 0.3000000119
28535  4.329  -48.405  -28.476 0.3000000119
28536  3.518  -48.562  -28.656 0.3000000119
28547  3.200  -48.257  -29.447 0.3000000119
28549  1.420  -48.728  -29.566 0.3000000119
28550  0.979  -48.585  -30.509 0.3000000119
29600  7.242  -48.082  -27.367 0.3000000119
29615  7.632  -47.215  -27.599 0.3000000119
29630  5.471  -47.617  -28.624 0.3000000119
29631  4.775  -47.881  -28.963 0.3000000119
30735  4.884  -46.840  -30.195 0.3000000119
30751  4.479  -46.252  -30.845 0.3000000119
31856  6.015  -45.613  -29.506 0.3000000119
31857  5.497  -45.607  -30.119 0.3000000119
31870  2.889  -45.512  -31.457 0.3000000119
114529  18.648  -66.095  -46.550 0.4000000060
114827  1.690  -56.439  -30.299 0.6000000238
115151  20.435  -55.747  -34.280 0.5000000000
115622  5.747  -48.046  -28.123 0.3000000119
115842  26.939  -58.867  -39.541 0.3000000119
116548  14.658  -65.794  -41.657 0.4000000060
117259  19.078  -64.429  -44.504 0.4000000060
118249  10.739  -54.980  -30.269 0.6999999881
118287  14.098  -54.189  -38.877 0.5000000000
119659  14.045  -73.660  -33.827 0.3000000119
119791  25.337  -63.304  -44.695 0.3000000119
119816  11.976  -57.652  -31.831 0.6999999881
120046  14.954  -55.316  -38.521 0.5000000000
120277  12.819  -66.135  -40.386 0.4000000060
120361  9.842  -54.654  -31.262 0.6000000238
120421  12.849  -67.865  -39.006 0.5000000000
120560  3.019  -53.213  -29.538 0.4000000060
120730  12.043  -76.705  -29.390 0.3000000119
121918  16.895  -59.126  -45.394 0.6999999881
122772  14.943  -64.648  -36.267 0.3000000119
124023  3.134  -46.960  -31.183 0.3000000119
124185  5.473  -55.257  -31.938 0.6000000238
124195  1.130  -53.967  -29.417 0.6000000238
126679  18.939  -64.833  -33.611 0.3000000119
126710  4.923  -56.390  -28.379 0.4000000060
126901  5.861  -54.373  -32.098 0.6000000238
126921  24.309  -59.484  -38.478 0.4000000060
127213  18.762  -61.800  -37.891 0.6999999881
127822  5.984  -55.922  -23.849 0.4000000060
128425  4.831  -52.662  -24.671 0.4000000060
128467  16.559  -72.447  -35.494 0.3000000119
128722  18.244  -64.732  -30.220 0.3000000119
129069  19.393  -61.362  -36.767 0.6000000238
129499  18.537  -65.318  -41.639 0.4000000060
129598  17.072  -56.754  -40.722 0.6000000238
130367  16.317  -54.704  -29.495 0.5000000000
130596  18.199  -65.650  -46.742 0.4000000060
130604  18.084  -65.325  -46.780 0.4000000060
131525  -2.196  -53.287  -32.182 0.6000000238
131593  18.562  -62.913  -41.829 0.6000000238
132254  8.564  -58.563  -33.527 0.6999999881
132779  2.624  -56.387  -29.029 0.5000000000
133089  2.995  -47.914  -30.150 0.3000000119
133484  16.328  -65.632  -44.629 0.4000000060
133594  6.455  -46.742  -28.600 0.3000000119
134155  16.511  -57.217  -40.214 0.6999999881
134186  14.851  -59.150  -36.744 0.6999999881
134326  15.303  -65.296  -39.974 0.5000000000
135134  12.304  -55.969  -29.688 0.8000000119
135167  18.382  -64.700  -43.971 0.4000000060
135354  14.678  -65.574  -36.176 0.3000000119
135361  -2.711  -55.010  -32.802 0.5000000000
135736  19.136  -66.125  -35.859 0.3000000119
135798  9.183  -56.042  -36.789 0.4000000060
136296  3.725  -55.795  -24.596 0.3000000119
136432  0.606  -55.667  -30.481 0.6000000238
136440  2.239  -54.678  -24.808 0.3000000119
136658  2.690  -54.038  -35.252 0.5000000000
137159  8.749  -54.442  -32.005 0.5000000000
138228  14.740  -58.583  -36.487 0.6999999881
138321  3.256  -54.772  -33.479 0.5000000000
138485  18.338  -58.620  -33.751 0.6999999881
138624  15.400  -69.419  -34.710 0.3000000119
139037  -0.621  -50.875  -27.829 0.4000000060
139049  18.551  -66.481  -30.436 0.3000000119
