#!ascii label  , from subject sub-v1s12x0050109_ses-1 vox2ras=TkReg
1582
128292  9.164  -57.699  -44.068 0.6999999881
17804  8.905  -58.017  -43.261 0.8000000119
17797  9.886  -58.213  -41.482 0.8000000119
17785  9.144  -58.493  -40.655 0.6999999881
16806  8.656  -58.646  -44.279 0.6000000238
136788  8.650  -57.922  -43.875 0.6000000238
17798  8.529  -58.610  -42.392 0.6000000238
16796  9.098  -59.356  -43.846 0.6000000238
18893  11.036  -57.868  -41.572 0.8000000119
17784  10.228  -58.096  -40.329 0.6999999881
17769  9.871  -57.955  -39.762 0.6999999881
18853  9.455  -57.644  -39.561 0.6999999881
17812  9.304  -58.005  -44.802 0.6000000238
18894  9.880  -57.812  -42.800 0.6999999881
117097  9.087  -58.195  -39.684 0.6999999881
15852  10.017  -60.170  -41.894 0.6000000238
15841  11.060  -60.549  -41.149 0.6000000238
14827  9.937  -61.057  -40.120 0.6000000238
12826  9.291  -63.984  -38.531 0.6000000238
12825  9.429  -63.228  -38.857 0.6000000238
18851  11.544  -57.336  -39.876 0.8000000119
19909  11.438  -56.526  -39.865 0.8000000119
19910  10.543  -56.391  -39.819 0.6999999881
21009  10.069  -55.682  -40.575 0.6999999881
21010  9.200  -55.844  -40.809 0.6999999881
18870  11.992  -57.514  -40.674 0.8000000119
19896  10.925  -57.034  -39.603 0.6999999881
19911  9.631  -56.386  -39.896 0.6999999881
118876  11.833  -57.580  -41.753 0.6999999881
17783  11.045  -57.875  -40.483 0.8000000119
19897  10.091  -57.174  -39.537 0.6999999881
130271  10.769  -57.517  -43.234 0.6999999881
16805  9.515  -58.799  -44.619 0.6999999881
15862  11.332  -59.943  -42.582 0.6000000238
16795  10.376  -59.442  -43.713 0.6000000238
13810  10.061  -62.343  -38.820 0.6000000238
14808  10.017  -61.662  -39.453 0.6000000238
11769  9.094  -64.621  -38.228 0.6000000238
8994  8.416  -67.462  -38.196 0.6999999881
126412  8.447  -66.900  -38.916 0.6000000238
7420  8.742  -69.198  -38.395 0.5000000000
8173  8.636  -68.472  -38.940 0.6000000238
6705  9.347  -70.743  -38.522 0.5000000000
21007  11.939  -55.695  -40.310 0.8999999762
21008  11.025  -55.678  -40.374 0.8000000119
21029  10.612  -55.096  -41.446 0.6999999881
19927  12.678  -57.036  -40.732 0.6999999881
19908  12.371  -56.702  -40.120 0.8999999762
18906  12.385  -57.242  -42.591 0.8000000119
18892  12.473  -57.308  -41.326 0.8000000119
18915  11.426  -57.171  -44.262 0.8000000119
18927  10.528  -57.839  -45.246 0.6999999881
18916  10.244  -57.571  -44.654 0.6999999881
17820  10.285  -58.307  -45.117 0.8000000119
16804  10.680  -59.043  -44.608 0.8000000119
15840  11.983  -60.469  -41.575 0.6999999881
14807  10.795  -61.529  -39.661 0.6999999881
12810  9.785  -63.535  -38.109 0.6000000238
9777  8.429  -66.392  -38.048 0.6999999881
8155  8.505  -68.359  -37.736 0.6999999881
21006  12.724  -55.671  -40.590 0.8999999762
21028  11.512  -54.898  -41.101 0.8000000119
21030  9.719  -55.305  -41.744 0.6999999881
18891  13.072  -56.855  -41.436 0.8000000119
19907  13.184  -56.304  -40.756 0.8000000119
18926  12.027  -57.231  -45.635 0.6999999881
129410  11.988  -56.923  -44.991 0.6000000238
119202  11.157  -57.388  -45.205 0.8000000119
16818  11.132  -58.619  -45.133 0.8000000119
16794  11.619  -59.594  -43.492 0.8000000119
14825  11.887  -60.991  -40.707 0.6999999881
118317  11.352  -62.605  -39.137 0.8000000119
135516  11.328  -62.041  -39.476 0.6999999881
12808  10.956  -63.449  -38.271 0.8000000119
8963  8.797  -67.161  -36.486 0.6999999881
9759  8.825  -66.232  -37.090 0.6999999881
12797  9.925  -64.193  -37.601 0.6999999881
8145  8.507  -68.438  -36.698 0.6999999881
8980  8.476  -66.926  -37.295 0.6999999881
23125  2.531  -53.228  -39.359 0.6000000238
23126  1.970  -52.787  -38.813 0.6000000238
118100  1.752  -53.677  -38.911 0.6000000238
22021  1.273  -55.092  -37.936 0.6999999881
22063  12.389  -54.813  -40.959 0.8999999762
19938  13.663  -56.506  -42.459 0.6000000238
19962  13.003  -56.666  -45.286 0.6000000238
19951  12.719  -56.798  -43.973 0.6000000238
17819  12.153  -57.627  -45.986 0.6999999881
16802  12.984  -59.425  -44.477 0.6999999881
16817  12.120  -58.668  -45.297 0.6999999881
24263  9.982  -52.495  -41.912 0.6999999881
24264  9.063  -52.450  -41.915 0.6999999881
16793  12.669  -59.814  -43.475 0.8000000119
16803  11.884  -59.218  -44.417 0.8000000119
24252  9.353  -52.070  -40.969 0.6000000238
24265  8.229  -52.579  -41.988 0.6999999881
15861  12.335  -60.177  -42.563 0.6999999881
24253  8.372  -52.043  -40.969 0.5000000000
121945  7.583  -52.253  -41.187 0.6999999881
12824  11.348  -63.192  -38.800 0.8000000119
129139  12.320  -61.668  -40.681 0.8000000119
25374  8.728  -51.553  -40.159 0.5000000000
25375  7.923  -51.457  -40.129 0.5000000000
10725  9.459  -65.867  -36.914 0.6999999881
25349  7.291  -51.002  -38.942 0.5000000000
24219  7.631  -51.564  -38.552 0.6000000238
25350  6.471  -50.937  -38.762 0.5000000000
25367  5.632  -51.454  -39.360 0.6000000238
24256  5.474  -52.534  -40.019 0.6999999881
23135  4.286  -53.462  -40.519 0.6999999881
25351  5.671  -50.960  -38.978 0.5000000000
114729  5.023  -51.630  -38.934 0.6000000238
24238  4.860  -52.258  -39.409 0.6000000238
24240  2.651  -52.472  -38.966 0.6000000238
24220  6.745  -51.668  -38.352 0.6000000238
25368  4.129  -52.044  -38.981 0.6000000238
24239  3.332  -52.263  -39.058 0.6000000238
24221  5.849  -51.366  -38.579 0.5000000000
25352  4.306  -51.931  -38.666 0.5000000000
24224  1.991  -51.957  -38.474 0.6000000238
23110  1.066  -52.851  -38.598 0.6000000238
22040  0.992  -53.921  -38.228 0.6999999881
20971  -0.522  -55.355  -37.453 0.6000000238
118371  0.621  -56.565  -37.574 0.6999999881
25353  3.497  -51.937  -38.571 0.6000000238
25354  2.144  -51.446  -38.154 0.6000000238
24225  0.992  -52.052  -38.558 0.6000000238
23112  -0.584  -52.489  -38.288 0.6999999881
22023  -0.786  -54.256  -37.511 0.5000000000
22077  11.962  -53.981  -41.865 0.8999999762
126793  13.795  -55.703  -41.191 0.6999999881
120544  11.075  -54.311  -42.247 0.8000000119
21045  9.352  -54.996  -42.820 0.6999999881
22088  10.557  -53.824  -42.890 0.6999999881
22087  11.343  -53.380  -42.560 0.8000000119
18937  12.979  -57.070  -46.127 0.6999999881
24262  10.910  -52.514  -41.965 0.8000000119
24269  9.670  -52.898  -42.655 0.6000000238
24251  10.417  -52.167  -40.941 0.6999999881
25363  10.424  -51.753  -39.972 0.6000000238
13826  12.349  -62.392  -40.461 0.8000000119
14844  12.944  -61.665  -41.842 0.8000000119
12834  12.283  -63.151  -40.275 0.8000000119
115462  9.527  -51.659  -39.537 0.5000000000
11778  11.616  -64.016  -38.833 0.8000000119
119420  8.931  -51.515  -39.645 0.5000000000
23107  9.024  -53.017  -38.550 0.5000000000
23108  8.145  -52.732  -38.403 0.6000000238
24218  8.682  -51.937  -38.703 0.6000000238
23109  7.386  -52.489  -38.223 0.6000000238
24206  6.066  -52.382  -37.970 0.6000000238
19875  -0.957  -56.506  -36.579 0.5000000000
24208  4.499  -52.070  -38.216 0.5000000000
20953  -1.232  -55.732  -37.109 0.5000000000
19885  -0.324  -56.352  -37.308 0.6000000238
135854  2.997  -51.647  -37.928 0.6000000238
25355  1.180  -51.354  -38.223 0.6999999881
135773  -0.571  -51.543  -38.265 0.6999999881
23095  -0.118  -53.542  -37.882 0.6999999881
24209  3.963  -52.272  -37.565 0.6000000238
24211  -1.341  -52.083  -38.092 0.6000000238
24198  2.424  -51.874  -36.947 0.6999999881
25342  0.523  -50.872  -37.876 0.6000000238
24212  -0.923  -51.360  -37.320 0.5000000000
21005  13.425  -55.354  -40.999 0.6999999881
22062  13.026  -54.802  -41.006 0.6999999881
22076  12.920  -53.738  -41.547 0.6999999881
131074  11.803  -52.761  -42.291 0.6999999881
25377  11.359  -52.222  -41.356 0.6999999881
24268  11.200  -52.859  -42.485 0.6999999881
18805  -0.236  -57.154  -35.103 0.5000000000
124115  8.219  -54.333  -37.799 0.5000000000
23091  7.620  -53.581  -38.055 0.6000000238
18827  -0.195  -57.273  -36.121 0.5000000000
22018  7.535  -54.366  -37.627 0.5000000000
20967  7.959  -54.956  -37.349 0.5000000000
23092  6.810  -52.961  -37.944 0.6000000238
24207  5.302  -52.137  -38.114 0.6000000238
23096  -1.994  -53.067  -36.860 0.5000000000
20968  7.049  -54.837  -37.257 0.5000000000
22019  6.845  -54.009  -37.682 0.6000000238
23080  5.079  -53.651  -37.134 0.6000000238
22075  13.634  -54.272  -41.451 0.6999999881
138518  13.673  -53.125  -41.869 0.6999999881
23143  12.231  -53.028  -42.188 0.6999999881
23082  2.855  -52.840  -36.254 0.5000000000
20949  7.499  -55.625  -36.895 0.5000000000
24200  0.316  -51.297  -36.526 0.5000000000
20950  6.495  -55.492  -36.749 0.5000000000
118355  4.319  -54.022  -36.626 0.5000000000
24197  3.410  -52.470  -36.941 0.5000000000
24199  1.371  -51.487  -36.642 0.5000000000
24185  1.915  -52.496  -36.090 0.5000000000
23068  1.488  -53.198  -35.252 0.5000000000
20952  4.878  -55.308  -36.207 0.5000000000
23067  3.099  -53.768  -35.830 0.5000000000
24186  0.853  -52.303  -35.893 0.5000000000
19873  6.003  -56.179  -36.186 0.5000000000
22003  3.737  -54.282  -36.073 0.5000000000
23081  3.632  -53.385  -36.422 0.5000000000
19872  6.932  -56.317  -36.390 0.5000000000
117836  5.008  -54.655  -36.679 0.5000000000
21994  3.924  -54.836  -35.603 0.5000000000
16703  2.456  -59.148  -35.066 0.6000000238
16720  1.949  -59.369  -35.898 0.6000000238
18803  1.538  -57.621  -34.360 0.5000000000
16702  3.215  -59.770  -34.887 0.6999999881
16719  2.678  -59.956  -35.584 0.6000000238
15776  2.323  -60.104  -36.197 0.6000000238
13758  2.716  -62.454  -35.423 0.6999999881
15759  3.800  -60.484  -34.484 0.6000000238
15760  3.189  -60.816  -35.243 0.6999999881
14753  2.722  -61.557  -35.717 0.6999999881
14770  2.387  -61.450  -36.436 0.6999999881
12786  2.635  -63.465  -34.933 0.8000000119
15744  4.172  -60.205  -33.631 0.5000000000
16686  3.574  -59.587  -34.125 0.5000000000
14744  3.129  -61.794  -35.161 0.8000000119
14743  3.758  -61.654  -34.562 0.6000000238
11680  1.628  -64.458  -32.816 0.6999999881
15732  4.539  -60.410  -32.799 0.5000000000
119142  3.734  -59.313  -33.384 0.5000000000
12776  2.821  -64.225  -34.080 0.6999999881
11712  2.094  -64.638  -33.846 0.6999999881
12775  3.292  -63.415  -34.373 0.6999999881
14736  4.393  -62.054  -33.770 0.6999999881
13733  0.687  -63.336  -32.408 0.6999999881
11679  2.343  -64.500  -32.773 0.6999999881
14725  4.674  -62.182  -32.777 0.6000000238
13737  4.224  -63.164  -33.212 0.8000000119
18713  -2.193  -57.118  -28.688 0.6999999881
18721  -1.674  -57.415  -29.527 0.8000000119
15713  6.031  -60.783  -30.639 0.4000000060
14737  0.476  -62.210  -33.151 0.6999999881
14714  5.556  -61.269  -31.323 0.5000000000
138798  1.146  -63.708  -32.190 0.6999999881
14724  5.116  -61.899  -31.969 0.6000000238
139090  4.745  -62.511  -32.117 0.6000000238
127615  3.623  -64.003  -32.987 0.6999999881
13731  4.461  -63.089  -32.235 0.8000000119
12755  3.858  -63.852  -32.283 0.8000000119
28500  -2.870  -49.073  -25.502 0.5000000000
135202  -3.024  -49.186  -25.786 0.5000000000
123334  -3.602  -50.041  -26.646 0.5000000000
133425  -3.657  -53.957  -29.390 0.5000000000
21895  -2.729  -54.688  -27.605 0.6000000238
22978  -2.943  -53.609  -28.602 0.6000000238
22995  -4.525  -53.875  -29.937 0.6000000238
24068  -5.556  -53.062  -28.154 0.6000000238
20843  -2.788  -55.586  -27.481 0.6999999881
115487  -3.496  -54.498  -28.586 0.6999999881
19768  -2.864  -56.268  -27.623 0.6999999881
20844  -3.546  -56.018  -27.788 0.6999999881
15733  1.183  -60.926  -32.172 0.6999999881
16649  0.400  -59.655  -31.343 0.6999999881
132879  0.065  -59.183  -30.728 0.8000000119
14703  5.255  -62.440  -29.994 0.5000000000
14726  1.190  -61.879  -31.750 0.6999999881
14715  5.227  -62.245  -30.979 0.6000000238
13732  1.206  -63.205  -31.799 0.8000000119
12742  4.065  -63.671  -31.462 0.6999999881
13726  1.637  -62.875  -31.083 0.8000000119
12744  2.137  -63.964  -31.502 0.8000000119
27407  -2.284  -49.277  -24.452 0.5000000000
28499  -2.486  -48.870  -26.074 0.6000000238
29587  -1.909  -48.318  -26.485 0.5000000000
28513  -2.429  -48.456  -26.824 0.6000000238
27444  -3.240  -49.426  -26.955 0.6000000238
26357  -4.188  -50.598  -27.217 0.6000000238
27456  -3.341  -49.293  -27.959 0.6000000238
137193  -4.260  -50.397  -27.995 0.5000000000
22993  -3.373  -53.300  -29.777 0.5000000000
24095  -3.666  -53.080  -30.724 0.5000000000
22967  -2.285  -53.783  -27.561 0.6000000238
24113  -4.181  -52.750  -30.988 0.6000000238
22996  -5.156  -54.060  -29.630 0.6999999881
25226  -4.819  -51.146  -28.098 0.6000000238
20834  -2.061  -55.214  -26.876 0.6000000238
20842  -2.118  -56.047  -27.182 0.6999999881
20855  -4.266  -55.818  -28.143 0.6999999881
21913  -4.503  -55.182  -28.781 0.6999999881
21928  -4.955  -54.626  -29.424 0.8000000119
24081  -5.413  -53.218  -29.424 0.6999999881
137531  -1.711  -55.709  -26.766 0.6999999881
19777  -1.729  -56.928  -28.148 0.6999999881
18698  -1.164  -57.152  -27.946 0.6999999881
18712  -1.395  -57.093  -28.823 0.8000000119
132008  0.152  -59.110  -29.829 0.8000000119
17648  -0.506  -58.135  -29.703 0.8000000119
13690  4.247  -63.021  -29.341 0.5000000000
115882  3.010  -61.827  -28.689 0.6000000238
15716  1.165  -60.242  -31.093 0.8000000119
16648  0.766  -59.830  -30.406 0.8000000119
13712  4.606  -63.103  -30.349 0.6000000238
13677  3.492  -62.487  -28.911 0.6999999881
14716  1.651  -61.813  -30.914 0.8000000119
13714  2.859  -63.368  -30.079 0.6999999881
13715  2.154  -62.711  -30.428 0.6999999881
13725  2.519  -63.622  -30.787 0.8000000119
27406  -1.545  -49.705  -24.310 0.4000000060
28478  -1.956  -49.263  -25.146 0.5000000000
29605  -1.995  -47.847  -27.283 0.4000000060
28526  -2.825  -48.851  -27.252 0.5000000000
117329  -3.614  -49.432  -28.939 0.5000000000
22977  -2.197  -52.924  -27.992 0.5000000000
24111  -3.486  -52.308  -31.152 0.6000000238
24114  -4.262  -52.042  -31.168 0.6000000238
26368  -4.540  -50.502  -28.907 0.6000000238
22956  -1.486  -53.767  -26.757 0.6000000238
25256  -5.165  -52.308  -29.893 0.6999999881
25239  -5.350  -52.153  -28.815 0.6999999881
20833  -1.255  -55.433  -26.353 0.6000000238
17634  -0.342  -58.015  -28.618 0.8000000119
15701  2.420  -61.155  -28.912 0.6999999881
14689  2.028  -61.073  -29.745 0.6999999881
134317  1.402  -60.393  -29.990 0.8000000119
16637  0.878  -59.948  -29.444 0.8000000119
118688  2.694  -62.001  -29.374 0.6999999881
28477  -1.085  -49.450  -24.958 0.4000000060
27388  -0.184  -50.539  -23.380 0.4000000060
26295  -0.164  -50.656  -22.428 0.4000000060
29586  -1.068  -48.113  -26.313 0.5000000000
28497  -0.477  -48.808  -25.555 0.4000000060
26273  -0.644  -50.543  -21.541 0.5000000000
28539  -2.808  -48.714  -28.013 0.5000000000
27466  -2.508  -49.320  -30.566 0.5000000000
27468  -4.034  -49.999  -29.494 0.5000000000
28566  -1.906  -48.756  -30.880 0.5000000000
26379  -4.500  -50.741  -30.044 0.6999999881
19766  -0.760  -56.860  -27.042 0.6000000238
17647  0.053  -58.725  -29.027 0.8000000119
15688  1.978  -60.578  -28.214 0.6000000238
16618  1.256  -60.089  -27.798 0.6000000238
16603  0.870  -59.500  -27.462 0.6999999881
17620  0.059  -58.156  -27.557 0.6999999881
117759  1.663  -60.493  -29.177 0.6999999881
28440  -0.669  -48.591  -21.454 0.3000000119
138111  -0.307  -48.017  -26.168 0.4000000060
135342  0.416  -49.161  -25.187 0.3000000119
122189  0.787  -50.266  -23.611 0.4000000060
27387  0.505  -50.505  -22.783 0.4000000060
26282  0.194  -50.485  -22.340 0.4000000060
28439  -0.268  -49.643  -21.509 0.5000000000
29604  -1.381  -47.603  -27.024 0.4000000060
29537  -0.177  -48.534  -22.060 0.3000000119
28525  -2.439  -48.259  -27.633 0.4000000060
27479  -2.087  -49.569  -31.094 0.5000000000
28538  -2.472  -48.291  -28.539 0.4000000060
26416  -1.637  -49.578  -31.158 0.6000000238
135800  -1.536  -47.161  -28.661 0.4000000060
28583  -1.503  -49.074  -31.489 0.4000000060
28551  -2.464  -48.577  -29.708 0.5000000000
18697  -0.544  -57.549  -27.777 0.6999999881
133452  0.773  -59.684  -28.142 0.6999999881
28424  -0.904  -49.746  -20.649 0.4000000060
116749  0.461  -49.556  -21.999 0.4000000060
29552  -0.314  -47.389  -22.668 0.3000000119
29603  -0.622  -47.442  -26.776 0.3000000119
29632  -1.468  -47.238  -29.346 0.4000000060
29675  -0.983  -48.320  -31.590 0.4000000060
29644  -1.357  -47.456  -30.045 0.4000000060
28476  1.009  -49.614  -24.481 0.3000000119
27404  1.673  -49.863  -23.650 0.3000000119
125584  1.369  -50.203  -22.943 0.4000000060
28438  1.328  -49.415  -22.369 0.3000000119
29536  0.621  -48.443  -22.297 0.3000000119
29585  0.377  -48.364  -25.705 0.3000000119
29617  -0.867  -47.007  -27.521 0.3000000119
30738  -0.896  -46.957  -29.596 0.3000000119
30722  -0.974  -46.732  -28.975 0.3000000119
133850  -0.368  -46.641  -29.983 0.3000000119
27386  2.157  -49.802  -23.050 0.3000000119
29535  1.682  -48.458  -22.493 0.3000000119
28475  1.917  -49.267  -24.410 0.3000000119
29534  2.556  -48.639  -22.664 0.3000000119
30710  -0.315  -46.427  -27.974 0.3000000119
31842  0.311  -45.871  -28.914 0.3000000119
30736  0.273  -46.015  -29.548 0.3000000119
120654  -0.836  -47.759  -22.277 0.3000000119
28495  2.080  -48.504  -25.047 0.3000000119
28474  2.774  -48.808  -24.216 0.3000000119
31830  0.345  -45.904  -28.437 0.3000000119
24254  7.138  -51.658  -40.259 0.6000000238
24255  6.218  -51.860  -40.165 0.6999999881
24267  5.913  -52.815  -40.923 0.6999999881
24257  4.826  -53.077  -39.948 0.6999999881
28552  -3.038  -48.904  -28.847 0.4000000060
26378  -3.730  -50.383  -30.564 0.6000000238
29551  0.867  -47.396  -22.647 0.3000000119
16798  8.053  -59.042  -42.947 0.6999999881
19898  9.226  -57.160  -39.587 0.6999999881
118017  8.613  -65.671  -38.428 0.6000000238
10753  8.864  -65.196  -37.939 0.6999999881
22078  10.196  -54.632  -42.547 0.6999999881
14845  12.517  -61.265  -41.250 0.8000000119
11753  9.991  -64.753  -37.294 0.6999999881
11767  10.322  -64.543  -37.590 0.8000000119
22022  0.328  -54.647  -37.718 0.6999999881
25365  7.369  -51.191  -39.539 0.5000000000
23123  4.017  -52.916  -39.597 0.6000000238
19884  0.562  -57.310  -37.534 0.6000000238
25341  1.493  -51.051  -37.751 0.6999999881
128607  10.501  -52.896  -42.650 0.8000000119
24237  10.078  -51.877  -39.359 0.5000000000
24217  9.458  -51.902  -39.036 0.6000000238
22020  6.165  -53.443  -37.602 0.6000000238
2155  12.641  -77.772  -39.064 0.4000000060
135183  12.798  -78.278  -37.570 0.4000000060
3996  12.014  -75.648  -40.893 0.3000000119
136279  12.238  -77.604  -39.665 0.4000000060
2156  11.526  -77.748  -39.417 0.4000000060
1697  12.048  -78.491  -37.528 0.4000000060
4622  13.390  -73.325  -39.687 0.4000000060
3986  14.007  -74.940  -39.361 0.5000000000
3335  14.061  -75.813  -39.109 0.5000000000
4623  12.685  -74.128  -39.685 0.3000000119
136549  13.289  -74.787  -39.778 0.4000000060
2721  13.376  -77.276  -38.899 0.4000000060
2728  13.317  -76.507  -39.653 0.3000000119
2160  12.729  -77.280  -39.733 0.3000000119
3988  11.741  -74.595  -40.187 0.3000000119
4610  12.451  -72.978  -39.270 0.4000000060
5289  13.568  -72.479  -39.702 0.4000000060
4621  14.314  -73.110  -39.683 0.5000000000
5275  11.807  -72.297  -38.469 0.3000000119
4611  11.614  -73.767  -39.209 0.3000000119
4612  10.469  -73.536  -38.720 0.4000000060
132128  10.461  -73.046  -38.196 0.3000000119
5992  9.455  -71.408  -37.607 0.4000000060
127278  9.796  -72.563  -38.783 0.4000000060
6002  9.700  -71.792  -38.915 0.4000000060
5274  12.842  -71.839  -39.172 0.4000000060
5988  12.227  -71.288  -38.210 0.4000000060
5989  11.283  -71.770  -37.684 0.4000000060
6682  11.177  -70.525  -36.587 0.4000000060
7409  11.443  -69.747  -36.485 0.5000000000
5990  10.566  -72.007  -37.367 0.4000000060
6671  9.854  -70.318  -36.006 0.4000000060
5991  9.738  -72.275  -37.910 0.4000000060
6672  9.255  -70.069  -35.811 0.4000000060
121381  8.857  -69.907  -37.807 0.4000000060
9006  8.614  -67.743  -39.605 0.6000000238
133974  11.403  -68.663  -37.093 0.6000000238
8978  10.894  -67.947  -37.556 0.6000000238
125860  10.405  -69.169  -35.832 0.6000000238
8154  10.670  -68.097  -36.510 0.6000000238
8950  9.532  -68.095  -35.693 0.6000000238
9746  9.990  -66.719  -36.411 0.6999999881
7410  8.595  -69.509  -35.933 0.5000000000
8951  8.877  -67.983  -35.874 0.6000000238
10724  9.907  -65.948  -36.775 0.6999999881
9792  11.738  -66.298  -39.501 0.6999999881
10763  12.227  -65.841  -40.050 0.6999999881
136344  11.197  -67.716  -38.431 0.6000000238
9775  11.232  -66.877  -38.835 0.6999999881
12849  12.712  -63.247  -40.982 0.6999999881
13840  12.773  -62.272  -41.300 0.6999999881
15860  13.144  -60.570  -42.875 0.6999999881
122267  10.621  -65.979  -37.821 0.6999999881
10752  10.646  -65.075  -37.761 0.6999999881
123758  13.501  -64.118  -42.137 0.5000000000
12864  13.651  -63.551  -42.570 0.6000000238
11777  12.143  -64.728  -39.843 0.6999999881
12848  13.150  -63.319  -41.834 0.6000000238
13853  13.370  -62.471  -42.332 0.6999999881
124554  13.791  -61.107  -43.441 0.6999999881
10764  11.700  -65.157  -39.124 0.6999999881
127066  13.534  -60.216  -43.803 0.6000000238
14869  13.863  -62.099  -43.238 0.6000000238
14868  14.374  -61.751  -44.273 0.6000000238
15871  14.271  -60.723  -44.480 0.6000000238
19961  14.099  -56.395  -45.049 0.5000000000
18855  7.970  -58.078  -39.339 0.6000000238
17770  8.167  -58.559  -39.515 0.6000000238
15872  13.963  -59.809  -44.919 0.6000000238
16816  13.313  -58.892  -45.571 0.6000000238
18936  14.202  -57.362  -46.259 0.5000000000
18925  13.928  -56.691  -45.793 0.5000000000
19914  7.111  -56.894  -40.599 0.6000000238
19912  8.770  -56.519  -40.054 0.6000000238
18871  7.583  -57.462  -39.642 0.6000000238
15882  14.761  -60.384  -45.814 0.6000000238
16829  13.839  -58.431  -46.265 0.5000000000
135022  12.554  -58.154  -46.018 0.5000000000
19939  7.383  -55.993  -42.494 0.6000000238
21032  8.089  -55.826  -42.202 0.6000000238
19929  7.591  -56.332  -41.375 0.6000000238
19913  7.950  -56.713  -40.234 0.6000000238
21031  8.871  -55.556  -41.991 0.6000000238
19928  8.381  -56.098  -41.073 0.6000000238
21027  14.338  -54.701  -41.659 0.6000000238
16815  14.489  -59.320  -46.043 0.6000000238
21046  7.817  -55.560  -43.026 0.6000000238
21060  8.299  -54.790  -43.540 0.6000000238
125744  8.480  -55.235  -43.084 0.6000000238
22098  9.039  -54.085  -43.413 0.6000000238
22099  8.880  -54.613  -43.315 0.6000000238
24270  8.859  -52.987  -42.658 0.5000000000
22089  9.679  -54.195  -43.154 0.6000000238
120550  10.158  -53.436  -43.041 0.5000000000
19931  6.086  -56.743  -42.330 0.6999999881
19940  6.739  -56.048  -43.207 0.6000000238
21061  7.747  -55.111  -43.674 0.6000000238
23153  8.635  -53.633  -43.207 0.6000000238
24271  8.188  -53.196  -42.697 0.6000000238
22104  4.356  -55.034  -43.713 0.6000000238
21047  7.356  -55.599  -43.379 0.6000000238
22101  7.215  -54.828  -43.952 0.6000000238
23154  7.836  -53.818  -43.246 0.5000000000
130227  6.714  -54.910  -44.242 0.6000000238
22092  5.687  -54.422  -43.466 0.6000000238
22103  5.384  -54.944  -44.107 0.6000000238
21062  6.955  -55.248  -44.043 0.6000000238
23144  7.385  -53.047  -42.157 0.6000000238
22091  6.618  -54.448  -43.718 0.6000000238
23155  6.909  -53.802  -42.924 0.5000000000
23156  6.005  -53.891  -42.692 0.6000000238
22093  4.740  -54.469  -43.147 0.5000000000
22094  3.744  -54.613  -42.733 0.5000000000
24266  6.730  -52.424  -41.120 0.6000000238
23146  5.484  -53.448  -41.714 0.6000000238
23157  5.086  -53.946  -42.467 0.6000000238
22079  4.193  -54.151  -42.120 0.6000000238
22080  3.273  -54.352  -41.763 0.6999999881
22095  2.724  -54.720  -42.341 0.6999999881
22096  1.630  -54.612  -42.074 0.6999999881
22083  0.526  -54.550  -41.180 0.6999999881
23147  4.636  -53.698  -41.460 0.6000000238
23148  3.735  -53.776  -41.232 0.6999999881
23137  2.797  -53.802  -40.020 0.6999999881
22081  2.287  -54.457  -41.473 0.6999999881
22064  2.093  -54.420  -40.573 0.6999999881
22066  0.988  -54.524  -40.687 0.6000000238
23124  3.127  -53.040  -39.549 0.6000000238
19949  15.012  -56.049  -44.229 0.5000000000
19950  13.927  -56.405  -43.996 0.5000000000
21044  15.648  -54.977  -42.766 0.5000000000
19937  14.778  -55.763  -43.083 0.5000000000
22072  17.218  -54.253  -41.632 0.6000000238
22086  17.023  -54.357  -42.292 0.6000000238
21025  16.396  -54.453  -42.500 0.6000000238
21026  15.504  -54.418  -42.227 0.6000000238
125535  14.487  -53.336  -41.993 0.6000000238
23132  17.044  -52.665  -40.963 0.5000000000
23139  16.431  -52.557  -41.437 0.6000000238
24231  15.513  -51.564  -40.426 0.6000000238
24248  15.255  -51.341  -40.761 0.5000000000
24259  14.753  -51.565  -41.312 0.6000000238
23142  13.145  -52.501  -41.958 0.6000000238
24232  14.738  -51.480  -40.405 0.5000000000
24260  13.522  -51.809  -41.521 0.6000000238
25372  11.289  -51.983  -40.611 0.5000000000
25361  11.996  -51.794  -40.390 0.5000000000
24261  11.845  -52.363  -41.890 0.6000000238
24250  13.016  -51.513  -40.904 0.6000000238
122385  8.630  -69.104  -37.272 0.6000000238
8962  9.475  -67.311  -36.127 0.6999999881
23145  6.358  -53.213  -41.927 0.6000000238
23136  3.468  -53.575  -40.286 0.6999999881
19925  14.493  -55.533  -41.908 0.6000000238
23150  12.496  -52.345  -41.949 0.6000000238
25376  12.093  -51.878  -41.189 0.6000000238
2734  12.481  -76.768  -40.469 0.3000000119
3987  12.655  -75.126  -40.182 0.3000000119
3336  13.412  -75.585  -39.811 0.4000000060
3973  11.104  -74.025  -39.348 0.3000000119
4602  10.882  -72.738  -37.918 0.4000000060
5247  10.142  -72.410  -37.597 0.4000000060
6681  12.080  -70.228  -36.833 0.4000000060
6683  10.328  -70.804  -36.423 0.3000000119
136525  10.876  -69.406  -36.167 0.5000000000
8143  11.022  -68.937  -36.307 0.6000000238
6684  9.595  -70.811  -36.478 0.5000000000
7401  9.079  -69.461  -35.451 0.5000000000
6685  8.930  -70.300  -36.238 0.5000000000
9776  10.707  -67.004  -37.744 0.6000000238
11808  13.126  -64.163  -41.496 0.6999999881
22090  7.312  -54.349  -43.601 0.6000000238
21012  0.281  -54.770  -40.725 0.6000000238
22073  16.472  -53.710  -42.026 0.6000000238
135595  16.334  -52.855  -40.450 0.5000000000
22074  15.573  -53.389  -42.147 0.6000000238
23140  15.280  -52.210  -41.755 0.6000000238
23133  16.524  -52.283  -40.706 0.5000000000
24258  15.813  -51.630  -41.101 0.6000000238
23119  15.116  -52.180  -40.091 0.5000000000
24249  14.247  -51.271  -40.896 0.5000000000
2631  2.514  -75.791  -29.633 0.4000000060
2652  3.095  -75.723  -30.498 0.4000000060
2090  2.527  -76.632  -30.401 0.5000000000
2616  0.960  -75.364  -28.280 0.5000000000
3223  0.519  -74.692  -28.858 0.5000000000
3875  -0.249  -74.524  -29.302 0.5000000000
130177  1.174  -75.837  -28.818 0.5000000000
2615  1.627  -75.298  -28.415 0.5000000000
2651  3.762  -75.584  -30.861 0.4000000060
2662  4.131  -76.048  -31.902 0.4000000060
2663  3.569  -76.682  -32.015 0.5000000000
969  11.207  -79.905  -34.860 0.3000000119
138629  9.948  -80.913  -33.992 0.3000000119
1270  10.978  -79.615  -35.573 0.3000000119
1282  11.449  -79.313  -36.130 0.3000000119
3210  1.352  -75.191  -27.763 0.4000000060
3211  0.469  -74.930  -27.881 0.5000000000
3200  -0.222  -74.932  -27.512 0.5000000000
3209  2.431  -74.996  -27.891 0.4000000060
2614  2.408  -75.296  -28.757 0.4000000060
3244  3.405  -75.348  -30.029 0.3000000119
3208  3.777  -75.231  -28.917 0.3000000119
2685  4.087  -76.922  -33.144 0.4000000060
2650  4.576  -75.745  -31.124 0.3000000119
116399  4.801  -75.768  -31.738 0.4000000060
2673  3.935  -76.623  -32.555 0.5000000000
2649  5.281  -75.940  -30.882 0.3000000119
956  11.444  -80.296  -34.158 0.3000000119
678  9.859  -81.439  -33.350 0.3000000119
1269  11.796  -79.590  -35.420 0.3000000119
1281  12.148  -79.130  -36.091 0.3000000119
1687  11.758  -78.741  -36.708 0.3000000119
3198  1.892  -75.141  -27.205 0.3000000119
3199  0.740  -75.466  -27.294 0.4000000060
3197  2.748  -75.149  -27.187 0.3000000119
2089  5.136  -76.486  -30.463 0.3000000119
3278  5.693  -75.376  -32.985 0.4000000060
2671  5.248  -76.071  -33.251 0.4000000060
3262  5.185  -75.517  -32.022 0.4000000060
2629  5.635  -76.633  -30.282 0.3000000119
939  12.262  -80.450  -32.492 0.4000000060
676  11.743  -80.975  -32.712 0.4000000060
668  10.829  -81.646  -32.173 0.4000000060
655  10.305  -82.041  -31.552 0.4000000060
417  10.189  -82.212  -30.835 0.4000000060
418  9.376  -82.344  -30.188 0.5000000000
1260  12.141  -79.673  -34.210 0.3000000119
968  11.765  -79.829  -34.650 0.3000000119
1261  12.076  -79.626  -34.821 0.3000000119
1686  12.548  -78.484  -36.757 0.3000000119
2148  13.258  -77.891  -38.062 0.3000000119
2581  2.829  -75.718  -26.543 0.3000000119
139013  6.381  -74.423  -31.603 0.3000000119
3277  6.543  -74.773  -32.893 0.3000000119
2682  6.762  -76.293  -33.563 0.4000000060
2116  6.349  -77.285  -33.587 0.4000000060
2628  6.051  -76.824  -30.032 0.3000000119
117724  6.130  -75.280  -30.726 0.3000000119
3220  6.198  -76.181  -30.123 0.3000000119
3242  5.621  -75.585  -31.046 0.3000000119
1221  8.139  -80.843  -30.277 0.5000000000
1231  7.461  -80.122  -31.329 0.5000000000
1635  11.768  -79.031  -30.073 0.3000000119
1229  12.195  -80.123  -30.910 0.3000000119
1240  11.886  -79.085  -31.326 0.3000000119
931  12.232  -80.856  -31.296 0.3000000119
117476  11.864  -81.303  -31.241 0.4000000060
642  9.958  -81.682  -28.973 0.5000000000
917  9.052  -81.488  -29.430 0.5000000000
1228  12.259  -80.048  -31.946 0.3000000119
128985  11.127  -81.898  -31.238 0.4000000060
416  10.576  -81.987  -30.217 0.4000000060
649  10.065  -81.921  -29.357 0.5000000000
643  9.036  -82.187  -29.684 0.5000000000
121576  12.425  -79.287  -34.979 0.3000000119
1677  12.582  -78.704  -35.931 0.3000000119
123623  12.928  -78.197  -36.497 0.3000000119
1696  13.257  -78.127  -37.151 0.3000000119
2154  13.746  -77.078  -38.011 0.4000000060
3899  6.639  -74.355  -32.282 0.3000000119
3287  7.403  -75.492  -33.387 0.4000000060
127766  6.173  -77.282  -29.372 0.3000000119
121408  6.330  -75.383  -29.776 0.3000000119
122768  6.334  -74.546  -30.204 0.3000000119
2115  7.280  -77.150  -33.438 0.4000000060
133786  6.337  -76.340  -29.471 0.3000000119
1650  7.285  -78.658  -32.778 0.4000000060
1642  7.712  -78.989  -31.878 0.5000000000
2088  8.617  -77.934  -30.480 0.4000000060
1641  8.207  -78.275  -31.365 0.5000000000
2054  12.243  -78.344  -28.137 0.3000000119
1220  8.549  -80.123  -29.911 0.5000000000
1230  8.081  -79.509  -30.879 0.5000000000
1219  12.101  -79.974  -29.164 0.3000000119
1212  9.215  -79.815  -28.761 0.4000000060
135599  8.795  -79.541  -29.579 0.5000000000
1640  11.383  -77.937  -30.823 0.3000000119
118580  12.174  -80.433  -30.033 0.4000000060
116977  12.041  -81.151  -29.159 0.4000000060
916  9.712  -81.067  -28.708 0.5000000000
1213  9.115  -80.407  -29.274 0.5000000000
1648  12.038  -79.072  -32.479 0.3000000119
130100  11.991  -81.306  -30.607 0.4000000060
648  11.030  -81.768  -29.493 0.5000000000
641  10.623  -81.793  -28.655 0.5000000000
2124  12.423  -78.066  -34.649 0.3000000119
2699  12.574  -77.669  -35.297 0.4000000060
132999  12.886  -77.264  -36.083 0.3000000119
2132  12.807  -78.044  -35.985 0.4000000060
2706  13.586  -76.700  -36.775 0.4000000060
11809  9.528  -64.278  -41.529 0.5000000000
2720  13.911  -76.520  -38.651 0.3000000119
130884  6.342  -75.847  -27.057 0.3000000119
124889  6.370  -75.110  -28.696 0.3000000119
3275  8.077  -74.589  -32.790 0.3000000119
2596  6.383  -76.436  -28.312 0.3000000119
115109  8.342  -75.479  -32.384 0.3000000119
135290  8.487  -77.260  -31.343 0.5000000000
2072  8.875  -77.575  -29.555 0.4000000060
122181  8.734  -77.059  -30.531 0.3000000119
2053  12.896  -78.066  -27.825 0.3000000119
1625  9.070  -78.590  -28.708 0.5000000000
1624  11.909  -78.834  -28.781 0.3000000119
125906  9.464  -79.536  -27.752 0.4000000060
1211  12.067  -80.488  -28.252 0.4000000060
914  11.574  -81.391  -28.053 0.4000000060
909  10.735  -81.356  -27.724 0.4000000060
910  9.949  -80.803  -27.784 0.4000000060
130990  11.562  -78.217  -31.716 0.3000000119
121240  11.533  -77.542  -33.193 0.3000000119
915  10.952  -81.838  -28.143 0.4000000060
634  10.374  -81.617  -28.220 0.5000000000
2691  11.767  -77.178  -34.593 0.3000000119
124766  11.921  -76.474  -35.398 0.4000000060
12850  9.393  -63.162  -41.422 0.5000000000
2713  13.959  -76.770  -37.423 0.4000000060
3316  13.962  -75.717  -36.896 0.5000000000
10793  9.265  -65.348  -41.530 0.5000000000
3195  6.317  -75.184  -27.570 0.3000000119
18872  6.710  -57.586  -39.943 0.5000000000
129174  9.026  -76.887  -28.790 0.3000000119
2627  8.897  -76.329  -29.919 0.3000000119
17799  5.167  -58.145  -40.994 0.6000000238
2052  13.821  -77.637  -28.214 0.3000000119
1612  12.543  -79.211  -26.832 0.3000000119
2610  12.348  -77.271  -28.805 0.3000000119
134533  12.103  -79.876  -27.332 0.3000000119
1194  11.942  -80.128  -26.114 0.3000000119
1613  9.223  -78.359  -27.750 0.4000000060
2071  9.018  -77.724  -28.543 0.4000000060
123122  8.539  -58.806  -40.148 0.5000000000
17807  4.309  -58.583  -42.731 0.5000000000
1205  11.679  -80.641  -27.557 0.3000000119
1196  10.706  -80.356  -26.631 0.3000000119
1197  10.117  -80.116  -27.011 0.3000000119
136188  10.014  -79.391  -26.116 0.3000000119
17786  8.000  -59.071  -41.567 0.5000000000
2107  11.341  -76.816  -32.496 0.3000000119
2679  11.250  -76.686  -33.570 0.3000000119
16788  7.799  -59.685  -41.988 0.5000000000
118843  11.118  -76.087  -34.458 0.3000000119
119813  8.429  -61.173  -40.769 0.5000000000
3293  11.390  -75.331  -34.968 0.4000000060
13828  8.988  -61.791  -40.119 0.6000000238
3929  12.404  -74.411  -35.866 0.4000000060
3945  13.464  -74.704  -36.635 0.5000000000
12835  9.230  -62.903  -39.889 0.5000000000
3943  14.922  -74.308  -37.664 0.4000000060
3944  14.494  -75.118  -37.451 0.3000000119
3327  14.585  -75.584  -37.928 0.4000000060
10777  9.247  -64.826  -40.786 0.6000000238
5987  16.748  -71.955  -38.612 0.3000000119
5272  15.973  -72.458  -39.000 0.4000000060
118558  15.033  -73.822  -38.440 0.4000000060
3972  14.552  -75.012  -38.537 0.3000000119
10778  8.897  -65.646  -40.512 0.6000000238
122938  17.108  -71.413  -38.122 0.3000000119
5999  15.920  -71.778  -39.114 0.5000000000
6000  14.775  -71.543  -39.321 0.4000000060
5273  13.847  -71.726  -39.594 0.4000000060
9803  8.749  -66.618  -40.659 0.6000000238
6689  16.694  -70.507  -37.863 0.3000000119
6702  15.693  -70.995  -38.545 0.5000000000
6703  14.565  -70.768  -38.295 0.4000000060
6001  13.467  -70.964  -38.717 0.4000000060
6690  15.080  -70.339  -37.820 0.4000000060
6691  13.771  -70.314  -37.549 0.5000000000
6692  12.701  -70.526  -37.389 0.4000000060
6680  12.991  -70.056  -36.947 0.5000000000
18895  6.290  -57.090  -41.057 0.6000000238
18897  4.879  -57.798  -42.150 0.6000000238
125057  14.804  -77.908  -28.645 0.3000000119
2038  13.697  -78.280  -27.443 0.3000000119
1598  13.287  -78.918  -26.489 0.3000000119
18896  5.550  -57.400  -41.595 0.6000000238
2069  13.132  -77.125  -28.719 0.3000000119
1599  12.464  -79.617  -25.822 0.3000000119
1587  11.492  -79.480  -25.389 0.3000000119
18908  4.835  -57.631  -43.510 0.6000000238
128491  13.295  -76.213  -30.089 0.3000000119
1185  11.147  -80.200  -25.784 0.3000000119
18918  4.925  -57.457  -44.891 0.6000000238
3286  11.053  -75.622  -33.533 0.3000000119
18929  4.634  -57.438  -45.701 0.6000000238
17834  4.082  -58.067  -45.988 0.6000000238
18940  2.803  -57.702  -46.218 0.5000000000
4590  15.116  -73.623  -37.271 0.4000000060
4600  15.753  -73.049  -38.337 0.4000000060
121568  14.921  -69.087  -37.691 0.4000000060
7416  14.152  -69.776  -37.386 0.5000000000
2051  15.675  -78.156  -28.862 0.3000000119
1611  15.182  -78.373  -27.620 0.3000000119
131031  14.366  -78.092  -27.766 0.3000000119
1597  14.319  -78.631  -26.871 0.3000000119
1585  13.061  -79.139  -25.602 0.3000000119
1568  12.848  -79.067  -25.272 0.3000000119
1569  12.222  -78.904  -25.184 0.3000000119
19930  6.825  -56.518  -41.809 0.5000000000
2068  14.325  -77.462  -29.291 0.3000000119
2624  13.844  -76.953  -29.779 0.3000000119
19941  6.034  -56.384  -43.707 0.5000000000
18907  5.362  -57.035  -42.854 0.6000000238
2086  14.867  -77.402  -30.206 0.3000000119
136093  10.916  -78.938  -25.562 0.3000000119
18917  5.502  -56.885  -44.289 0.6000000238
2644  14.432  -76.761  -30.544 0.3000000119
130376  5.328  -56.702  -45.000 0.6000000238
4579  13.483  -73.425  -36.004 0.3000000119
4580  12.646  -73.548  -35.474 0.3000000119
18938  4.160  -57.211  -46.147 0.6000000238
19967  1.794  -56.802  -45.162 0.6000000238
19953  5.836  -56.188  -44.743 0.6000000238
19963  5.230  -56.249  -45.138 0.6000000238
19964  4.688  -56.721  -45.725 0.6000000238
19965  3.892  -56.580  -45.735 0.6000000238
19971  2.571  -57.139  -45.843 0.6000000238
19966  2.876  -56.596  -45.466 0.6000000238
19968  0.712  -56.843  -44.656 0.5000000000
19952  6.379  -55.649  -44.309 0.5000000000
21063  5.887  -55.508  -44.617 0.5000000000
21070  4.404  -56.149  -45.111 0.5000000000
21072  2.251  -56.143  -44.521 0.6000000238
19942  -0.928  -56.142  -42.487 0.5000000000
21034  -0.529  -55.610  -41.239 0.6000000238
21053  -0.913  -56.075  -41.743 0.6000000238
19943  -1.567  -56.493  -42.017 0.5000000000
19932  -1.121  -56.375  -41.458 0.6000000238
18898  -2.039  -57.209  -41.768 0.6000000238
21066  2.765  -55.664  -43.833 0.5000000000
21067  1.681  -55.698  -43.497 0.5000000000
19954  1.169  -56.192  -44.183 0.6000000238
21050  1.154  -55.166  -42.579 0.6000000238
21068  0.661  -55.710  -43.196 0.5000000000
21069  -0.216  -55.797  -42.911 0.5000000000
22097  0.705  -54.638  -41.789 0.6000000238
23138  2.230  -53.946  -39.618 0.6000000238
21033  0.035  -54.966  -41.341 0.6000000238
18877  -2.122  -57.434  -41.582 0.5000000000
15762  -1.542  -60.795  -35.087 0.5000000000
22102  6.220  -54.868  -44.303 0.5000000000
21065  3.880  -55.571  -44.279 0.5000000000
21049  2.208  -55.296  -42.811 0.6000000238
15749  -2.871  -60.408  -33.934 0.5000000000
14730  -3.963  -61.057  -32.160 0.6000000238
15748  -1.957  -60.437  -34.111 0.6000000238
15747  -1.108  -60.702  -34.385 0.6000000238
15764  -2.521  -60.166  -34.930 0.5000000000
14746  -1.032  -61.489  -34.766 0.5000000000
129966  -0.702  -62.558  -34.052 0.5000000000
16777  -0.673  -58.873  -40.217 0.5000000000
119361  -1.623  -58.242  -40.535 0.5000000000
17657  -1.450  -58.351  -30.880 0.6000000238
17650  -2.007  -57.973  -30.239 0.6999999881
16662  -1.580  -59.207  -31.488 0.6000000238
17658  -2.183  -58.759  -30.858 0.6999999881
126621  -2.580  -60.764  -31.232 0.6000000238
14717  -2.966  -61.542  -31.084 0.6000000238
135889  -1.870  -59.890  -31.786 0.6000000238
16663  -2.185  -59.699  -31.377 0.6000000238
136353  -0.170  -59.498  -31.659 0.6000000238
16675  -0.544  -60.111  -32.513 0.6000000238
15728  -2.218  -60.547  -32.181 0.6000000238
14728  -2.933  -61.269  -31.813 0.5000000000
14719  -3.970  -61.533  -31.508 0.6000000238
16660  0.148  -59.872  -32.217 0.6000000238
15736  -0.777  -60.580  -33.279 0.6000000238
15737  -2.676  -60.713  -32.869 0.5000000000
14729  -3.428  -61.258  -32.012 0.6000000238
15735  0.048  -60.468  -33.079 0.6000000238
118500  -1.633  -60.549  -33.302 0.6000000238
15745  0.411  -61.189  -33.329 0.6000000238
15746  -0.153  -60.985  -34.062 0.6000000238
14745  -0.289  -61.660  -34.352 0.6000000238
13739  -0.392  -63.401  -33.023 0.5000000000
12768  -1.657  -64.415  -32.814 0.5000000000
11715  -0.387  -65.171  -33.849 0.5000000000
11742  0.225  -64.431  -35.952 0.5000000000
12794  0.041  -63.953  -36.728 0.5000000000
16651  -2.567  -59.545  -30.677 0.6000000238
134548  -2.782  -60.444  -29.672 0.6999999881
14727  0.885  -61.499  -32.629 0.5000000000
13738  0.151  -63.171  -32.863 0.6000000238
12766  0.141  -64.108  -32.685 0.6000000238
12767  -0.782  -64.364  -32.793 0.5000000000
11714  0.556  -65.036  -33.733 0.6000000238
11728  0.390  -64.843  -34.859 0.5000000000
12792  1.521  -63.443  -36.156 0.6000000238
12793  0.783  -63.770  -36.490 0.6000000238
18675  -0.225  -56.959  -26.079 0.4000000060
18700  -3.382  -57.555  -27.936 0.6999999881
137406  -4.626  -57.498  -26.776 0.5000000000
17610  -3.717  -58.670  -26.431 0.5000000000
17609  0.306  -58.182  -26.722 0.6000000238
18683  -0.137  -57.564  -26.859 0.5000000000
129649  -3.798  -58.408  -26.991 0.6000000238
16604  -3.379  -59.194  -27.182 0.5000000000
17608  0.736  -58.613  -26.248 0.5000000000
18699  -2.898  -56.861  -28.096 0.6000000238
17635  -3.259  -58.209  -28.459 0.8000000119
130157  -2.498  -57.678  -29.482 0.6999999881
132671  -3.189  -58.964  -29.263 0.8000000119
15689  -2.699  -61.074  -28.618 0.6999999881
11696  0.862  -64.615  -33.102 0.6000000238
11727  1.246  -64.652  -34.645 0.6000000238
18685  -4.807  -57.565  -26.187 0.5000000000
19751  -0.740  -56.186  -26.202 0.5000000000
19769  -3.733  -56.799  -27.693 0.6999999881
17604  -4.252  -58.220  -25.745 0.5000000000
17602  1.058  -58.298  -25.557 0.4000000060
118008  0.310  -57.017  -25.346 0.4000000060
16594  1.702  -59.760  -26.289 0.4000000060
15663  2.103  -60.336  -26.718 0.5000000000
14661  2.921  -61.350  -28.048 0.4000000060
133337  -5.197  -57.041  -26.718 0.5000000000
18676  -4.897  -57.514  -25.461 0.5000000000
20832  -0.524  -55.501  -25.727 0.3000000119
135446  -0.980  -54.154  -26.266 0.3000000119
19753  -4.642  -57.033  -27.303 0.6000000238
15652  2.386  -60.195  -25.942 0.4000000060
118972  2.922  -60.914  -26.443 0.4000000060
14675  3.679  -62.014  -28.339 0.4000000060
20857  -5.764  -55.605  -28.093 0.6000000238
20856  -5.075  -55.896  -28.306 0.6000000238
14660  3.805  -61.753  -27.621 0.4000000060
20835  -6.172  -55.767  -27.239 0.5000000000
122884  -5.724  -56.427  -26.601 0.5000000000
22946  0.890  -53.312  -25.729 0.3000000119
22955  -0.712  -53.479  -26.310 0.3000000119
22965  -1.127  -52.889  -26.766 0.3000000119
22966  -1.714  -53.140  -27.269 0.4000000060
14659  4.579  -61.725  -27.417 0.3000000119
14688  5.123  -62.373  -29.017 0.4000000060
14673  5.780  -61.657  -28.637 0.4000000060
24067  -1.471  -52.443  -27.499 0.4000000060
21915  -5.832  -54.932  -28.627 0.6000000238
21896  -6.332  -55.030  -26.837 0.4000000060
126054  -1.924  -52.132  -28.407 0.4000000060
22945  1.849  -53.206  -25.547 0.3000000119
127996  1.270  -52.624  -25.933 0.3000000119
22968  -5.919  -54.171  -28.001 0.5000000000
24093  -2.318  -51.957  -29.597 0.4000000060
25254  -2.760  -51.711  -30.788 0.4000000060
26398  -3.356  -50.896  -31.200 0.5000000000
25253  -2.048  -51.173  -30.084 0.4000000060
25267  -2.470  -50.719  -30.910 0.4000000060
28564  0.570  -48.314  -31.359 0.3000000119
28580  0.262  -48.016  -31.627 0.3000000119
28565  -0.268  -48.547  -31.561 0.3000000119
28581  -0.414  -48.319  -31.619 0.3000000119
29674  0.110  -47.639  -31.604 0.3000000119
27389  -1.113  -50.338  -23.388 0.4000000060
29658  1.596  -47.393  -31.455 0.3000000119
2026  10.480  -78.354  -25.936 0.3000000119
131793  13.111  -73.924  -36.203 0.4000000060
134401  -1.534  -49.905  -30.764 0.3000000119
13759  2.182  -63.037  -35.785 0.6000000238
27353  -1.174  -50.357  -21.110 0.4000000060
16602  1.438  -59.922  -27.034 0.5000000000
27478  -1.340  -49.355  -31.294 0.3000000119
3985  14.533  -74.075  -39.208 0.3000000119
5287  15.071  -72.610  -39.342 0.4000000060
21071  3.368  -56.103  -44.844 0.5000000000
3222  3.064  -75.240  -29.292 0.4000000060
2632  1.622  -76.153  -29.065 0.5000000000
3868  -0.234  -74.605  -28.292 0.5000000000
2109  3.450  -77.254  -32.642 0.5000000000
130221  10.567  -81.486  -32.918 0.4000000060
119036  3.140  -75.103  -28.668 0.4000000060
2672  4.537  -76.282  -32.827 0.4000000060
2118  4.513  -77.497  -33.372 0.4000000060
123562  12.111  -80.537  -33.048 0.4000000060
669  9.836  -81.917  -32.315 0.4000000060
439  8.879  -82.548  -31.922 0.4000000060
2599  0.267  -76.010  -26.525 0.3000000119
2073  5.471  -77.265  -29.832 0.3000000119
3261  5.895  -74.915  -31.975 0.3000000119
3289  6.007  -75.942  -33.442 0.4000000060
2683  5.758  -76.621  -33.529 0.4000000060
1253  12.297  -80.156  -33.391 0.3000000119
1659  12.248  -79.502  -33.501 0.4000000060
3288  6.635  -75.423  -33.369 0.4000000060
115615  7.593  -77.828  -33.125 0.4000000060
115972  9.012  -62.423  -40.793 0.5000000000
1671  12.596  -78.571  -35.247 0.4000000060
3874  6.381  -74.275  -29.454 0.3000000119
2670  8.162  -76.201  -32.940 0.4000000060
2108  8.046  -77.121  -32.973 0.4000000060
132808  8.223  -77.468  -32.115 0.5000000000
1636  8.481  -78.946  -30.317 0.5000000000
117131  11.374  -77.250  -31.590 0.3000000119
1660  11.900  -78.490  -33.357 0.3000000119
2114  11.809  -77.840  -33.976 0.3000000119
11791  9.336  -63.969  -40.476 0.6000000238
2647  8.641  -76.184  -31.245 0.3000000119
2660  8.371  -76.631  -32.231 0.4000000060
1601  9.700  -79.163  -26.800 0.3000000119
15854  7.807  -60.294  -41.885 0.5000000000
3302  12.951  -75.515  -36.388 0.4000000060
2611  9.174  -76.431  -27.998 0.3000000119
2027  9.919  -78.650  -26.328 0.3000000119
5259  16.673  -72.459  -38.134 0.4000000060
4601  15.328  -73.807  -38.018 0.4000000060
3959  14.924  -74.688  -38.026 0.4000000060
6688  17.694  -71.065  -37.498 0.3000000119
1584  14.180  -78.929  -25.929 0.3000000119
4589  15.925  -73.109  -37.819 0.3000000119
1567  13.691  -78.767  -25.439 0.3000000119
2011  13.002  -78.472  -25.262 0.3000000119
133539  14.274  -75.689  -31.647 0.3000000119
19955  0.174  -56.264  -43.805 0.5000000000
21052  -0.363  -55.666  -41.956 0.6000000238
127410  -2.852  -58.505  -30.091 0.6999999881
16620  -3.271  -59.111  -28.328 0.6999999881
17651  -3.102  -58.154  -29.215 0.6999999881
127312  -4.027  -57.695  -27.247 0.6000000238
22947  0.402  -54.083  -25.601 0.3000000119
22954  0.036  -53.340  -25.922 0.3000000119
15853  8.614  -60.254  -42.028 0.5000000000
10776  12.763  -65.395  -40.524 0.6000000238
21048  3.264  -55.193  -43.229 0.4000000060
19917  -0.502  -55.824  -40.817 0.5000000000
22052  1.848  -54.335  -39.338 0.5000000000
21011  0.933  -54.805  -40.170 0.5000000000
19916  0.175  -55.151  -40.405 0.5000000000
18875  -0.196  -56.850  -40.631 0.5000000000
123164  0.455  -56.100  -40.320 0.5000000000
138016  2.163  -53.405  -39.171 0.5000000000
17792  -0.734  -57.772  -40.571 0.4000000060
20993  1.677  -55.115  -39.344 0.5000000000
19915  1.227  -55.617  -39.936 0.5000000000
18874  0.934  -57.240  -40.248 0.5000000000
16776  0.160  -59.108  -40.041 0.5000000000
20982  1.696  -55.644  -38.489 0.6000000238
129473  1.366  -56.596  -39.929 0.5000000000
17790  1.055  -58.070  -40.166 0.5000000000
13780  0.762  -62.642  -37.605 0.5000000000
19890  1.685  -56.570  -38.394 0.6000000238
15815  0.039  -60.891  -38.770 0.5000000000
13794  0.310  -62.163  -38.175 0.5000000000
18857  1.522  -57.408  -39.596 0.6000000238
16763  0.370  -59.443  -39.515 0.6000000238
15827  0.191  -60.154  -39.176 0.5000000000
20969  1.380  -56.026  -37.846 0.6000000238
18833  1.307  -57.401  -38.239 0.6000000238
17774  1.136  -58.214  -39.511 0.6000000238
14795  1.308  -60.807  -38.139 0.6000000238
17752  0.838  -58.239  -38.210 0.6000000238
14784  1.478  -61.433  -37.787 0.5000000000
13770  1.203  -63.046  -36.938 0.5000000000
17759  0.878  -58.498  -38.670 0.6000000238
16747  0.714  -59.728  -38.739 0.6000000238
14690  -2.938  -62.044  -29.679 0.5000000000
14676  -2.647  -61.977  -28.651 0.5000000000
15702  -2.721  -61.285  -29.506 0.5000000000
13769  1.858  -62.678  -36.552 0.6000000238
17753  1.029  -58.796  -37.478 0.6000000238
14771  2.032  -61.419  -37.157 0.6000000238
15813  1.317  -60.069  -38.189 0.6000000238
15804  1.759  -60.537  -37.501 0.6000000238
16739  1.457  -59.530  -37.574 0.6000000238
25237  -1.649  -51.413  -28.917 0.3000000119
27390  -2.007  -49.761  -23.553 0.3000000119
7417  12.871  -69.650  -37.057 0.4000000060
8165  11.623  -68.391  -38.168 0.5000000000
9793  8.562  -66.838  -39.780 0.5000000000
116591  8.623  -66.142  -39.860 0.5000000000
8993  11.876  -67.847  -39.089 0.4000000060
131923  9.020  -64.655  -39.010 0.4000000060
11789  13.361  -65.024  -41.159 0.4000000060
15843  8.730  -60.765  -41.098 0.4000000060
14809  9.620  -61.912  -39.516 0.4000000060
14828  9.069  -61.259  -40.222 0.4000000060
11779  9.219  -63.908  -39.412 0.4000000060
11861  15.485  -64.654  -44.798 0.4000000060
12878  14.767  -64.178  -44.109 0.4000000060
13868  14.422  -62.973  -44.055 0.4000000060
16787  8.025  -59.611  -42.621 0.4000000060
11840  14.573  -64.668  -43.416 0.4000000060
12879  14.122  -63.845  -43.344 0.4000000060
14879  14.902  -61.366  -45.552 0.4000000060
18834  0.612  -58.073  -37.583 0.5000000000
19874  -0.143  -57.055  -37.024 0.5000000000
17744  0.780  -58.484  -36.711 0.5000000000
17734  0.543  -57.988  -36.031 0.5000000000
18819  0.357  -57.552  -35.439 0.5000000000
17743  1.409  -59.156  -36.693 0.5000000000
18818  1.138  -57.912  -35.234 0.5000000000
15675  -2.946  -60.299  -27.857 0.4000000060
16596  -3.313  -59.337  -26.355 0.4000000060
17733  1.150  -58.681  -35.906 0.5000000000
15794  2.243  -60.671  -36.705 0.5000000000
11823  14.077  -64.592  -42.713 0.4000000060
13880  14.981  -62.455  -45.440 0.4000000060
3245  0.583  -74.950  -29.748 0.4000000060
2653  0.407  -75.927  -30.019 0.4000000060
674  -3.622  -81.781  -32.337 0.4000000060
2633  0.857  -75.863  -28.973 0.4000000060
2634  0.762  -77.011  -29.267 0.4000000060
947  -2.707  -80.967  -31.926 0.4000000060
138978  0.337  -77.148  -29.801 0.4000000060
665  -1.668  -82.050  -30.839 0.4000000060
937  -1.960  -81.050  -30.949 0.4000000060
1234  -2.203  -79.976  -31.423 0.4000000060
2076  1.244  -77.304  -29.279 0.5000000000
2077  0.930  -77.739  -29.186 0.5000000000
2078  0.572  -77.900  -29.392 0.4000000060
1233  -1.406  -80.257  -30.503 0.4000000060
2075  1.873  -76.727  -29.592 0.5000000000
2091  1.745  -77.541  -29.971 0.5000000000
1627  1.118  -78.372  -29.416 0.5000000000
1629  0.325  -78.697  -29.445 0.4000000060
1638  -0.385  -78.772  -30.057 0.4000000060
1222  1.124  -79.289  -29.770 0.4000000060
132297  1.036  -81.233  -31.318 0.4000000060
934  0.260  -80.632  -30.518 0.4000000060
935  -0.440  -80.950  -30.446 0.4000000060
926  -0.607  -80.290  -30.095 0.4000000060
1224  -0.842  -79.587  -30.207 0.4000000060
664  -0.859  -82.088  -30.658 0.4000000060
936  -1.176  -81.069  -30.466 0.4000000060
1232  1.440  -79.521  -30.885 0.5000000000
136812  1.067  -79.757  -30.057 0.4000000060
1223  0.648  -79.792  -29.873 0.4000000060
1215  0.050  -79.591  -29.701 0.4000000060
118386  1.577  -80.276  -31.634 0.5000000000
131009  0.962  -80.240  -30.652 0.4000000060
925  -0.017  -80.220  -29.983 0.4000000060
673  2.526  -81.775  -31.337 0.3000000119
660  3.232  -82.592  -30.598 0.3000000119
944  3.724  -80.821  -32.194 0.4000000060
945  2.785  -80.715  -32.165 0.3000000119
1244  4.150  -79.961  -32.743 0.4000000060
127975  3.356  -80.051  -32.623 0.4000000060
429  5.093  -83.003  -30.120 0.3000000119
124325  4.835  -82.391  -30.597 0.4000000060
671  4.135  -81.819  -31.228 0.4000000060
943  4.632  -80.791  -32.160 0.4000000060
933  5.794  -81.369  -31.382 0.4000000060
670  5.100  -81.556  -31.395 0.4000000060
1242  6.101  -79.761  -32.564 0.4000000060
1254  6.460  -78.843  -33.127 0.3000000119
946  1.925  -80.954  -31.745 0.3000000119
1255  5.534  -79.000  -33.217 0.3000000119
1256  4.555  -79.048  -33.119 0.4000000060
658  5.632  -82.270  -30.568 0.4000000060
1243  5.099  -79.886  -32.752 0.3000000119
941  6.294  -80.724  -31.761 0.4000000060
1241  6.846  -80.030  -32.039 0.4000000060
116411  6.815  -79.325  -32.589 0.4000000060
123602  2.182  -80.183  -32.124 0.4000000060
215  4.970  -83.290  -30.330 0.4000000060
1662  5.946  -78.154  -33.528 0.3000000119
651  6.655  -82.734  -30.215 0.4000000060
652  5.977  -82.926  -30.062 0.4000000060
923  8.274  -82.054  -29.908 0.4000000060
924  7.587  -81.471  -30.506 0.4000000060
657  6.395  -81.763  -30.806 0.4000000060
1247  2.011  -79.518  -32.007 0.4000000060
1651  2.556  -78.683  -32.419 0.4000000060
1664  4.089  -78.218  -33.200 0.3000000119
1245  3.498  -79.068  -32.865 0.4000000060
1663  4.995  -78.224  -33.437 0.3000000119
419  7.043  -83.063  -30.236 0.4000000060
428  7.612  -83.154  -30.693 0.4000000060
138435  8.141  -82.274  -30.035 0.4000000060
932  6.990  -80.995  -31.263 0.4000000060
2100  2.372  -77.524  -30.855 0.4000000060
2119  3.840  -77.565  -33.143 0.3000000119
135843  2.837  -76.942  -31.024 0.4000000060
1652  1.988  -78.854  -31.553 0.4000000060
2099  2.945  -77.212  -31.737 0.4000000060
1643  2.353  -78.086  -31.653 0.4000000060
2110  2.846  -77.832  -32.380 0.4000000060
15888  15.618  -60.029  -46.704 0.4000000060
656  7.090  -81.927  -30.513 0.4000000060
420  6.404  -83.070  -30.089 0.4000000060
426  9.521  -82.427  -31.196 0.4000000060
640  11.378  -81.685  -28.786 0.4000000060
647  11.747  -81.456  -29.804 0.5000000000
650  7.560  -82.515  -30.283 0.4000000060
659  4.166  -82.876  -30.263 0.4000000060
667  11.541  -81.254  -32.047 0.4000000060
672  3.273  -81.549  -31.566 0.4000000060
677  11.313  -81.225  -32.877 0.4000000060
900  11.097  -80.806  -27.384 0.3000000119
901  10.492  -80.719  -27.312 0.4000000060
922  12.186  -81.140  -30.305 0.4000000060
940  11.967  -80.742  -32.102 0.4000000060
942  5.520  -80.677  -32.097 0.4000000060
949  11.949  -80.080  -33.952 0.4000000060
950  11.702  -80.720  -33.436 0.3000000119
951  10.854  -80.999  -33.654 0.4000000060
957  10.558  -80.397  -34.364 0.3000000119
1184  11.904  -79.959  -25.569 0.3000000119
1195  11.394  -80.445  -26.697 0.3000000119
1214  0.729  -79.083  -29.432 0.4000000060
1239  12.393  -79.887  -32.851 0.3000000119
1246  2.688  -79.682  -32.495 0.4000000060
1268  12.292  -79.296  -35.486 0.3000000119
1586  12.324  -79.461  -25.399 0.3000000119
1600  10.261  -79.919  -26.135 0.3000000119
1626  8.798  -78.676  -29.592 0.5000000000
1628  0.782  -78.418  -29.303 0.4000000060
1637  1.695  -78.487  -30.521 0.4000000060
1649  7.903  -78.059  -32.450 0.5000000000
1661  6.872  -78.018  -33.405 0.4000000060
1665  3.298  -78.065  -32.897 0.4000000060
1672  12.292  -78.874  -34.314 0.3000000119
2025  11.322  -78.263  -25.623 0.3000000119
2117  5.392  -77.423  -33.549 0.4000000060
2139  13.296  -77.705  -36.637 0.4000000060
2147  13.673  -77.474  -37.308 0.3000000119
2149  12.337  -78.174  -38.357 0.4000000060
2161  11.979  -77.367  -40.245 0.4000000060
2648  5.892  -76.241  -30.438 0.3000000119
2658  13.993  -76.148  -31.095 0.3000000119
2661  4.721  -75.895  -32.312 0.4000000060
2664  3.290  -76.226  -31.260 0.4000000060
2669  11.221  -75.733  -32.663 0.3000000119
2680  7.977  -75.459  -33.134 0.4000000060
2681  7.695  -76.280  -33.341 0.4000000060
2684  4.859  -76.754  -33.386 0.4000000060
3186  2.216  -75.428  -26.693 0.3000000119
3221  3.650  -75.197  -29.503 0.3000000119
3237  12.777  -75.681  -30.606 0.3000000119
3256  14.757  -76.037  -31.294 0.3000000119
3303  11.978  -75.417  -35.808 0.4000000060
3315  14.273  -76.091  -37.361 0.5000000000
3331  14.345  -75.883  -38.380 0.4000000060
3342  12.764  -76.034  -40.501 0.3000000119
3861  -0.919  -74.653  -27.932 0.5000000000
3886  0.236  -74.690  -29.827 0.5000000000
3911  7.290  -74.201  -32.630 0.3000000119
3918  7.286  -74.804  -33.170 0.4000000060
3930  11.705  -74.600  -35.275 0.4000000060
4620  15.435  -73.046  -38.901 0.4000000060
5260  9.976  -73.044  -38.366 0.4000000060
5288  14.529  -72.190  -39.784 0.4000000060
5973  10.798  -71.317  -36.946 0.3000000119
5974  10.101  -71.634  -36.853 0.5000000000
5975  9.666  -71.688  -37.077 0.5000000000
5976  9.237  -71.040  -36.824 0.5000000000
6007  15.304  -72.116  -39.541 0.4000000060
6673  8.870  -69.728  -35.685 0.4000000060
6693  11.672  -70.890  -37.308 0.4000000060
6694  8.994  -70.598  -37.205 0.4000000060
6701  16.506  -71.369  -38.539 0.3000000119
7400  9.742  -69.682  -35.682 0.4000000060
7402  8.759  -69.254  -35.591 0.5000000000
7408  12.266  -69.846  -36.770 0.5000000000
7413  17.507  -70.246  -37.073 0.3000000119
7418  8.718  -69.767  -36.739 0.5000000000
8138  9.647  -68.895  -35.515 0.6000000238
8139  8.935  -68.740  -35.488 0.5000000000
8140  8.565  -68.709  -35.893 0.5000000000
8142  11.875  -69.368  -36.855 0.5000000000
8144  10.285  -68.376  -35.842 0.6000000238
8961  10.129  -67.532  -36.030 0.6000000238
8979  10.438  -67.201  -36.745 0.6000000238
9747  9.442  -66.507  -36.580 0.6999999881
9758  10.296  -66.273  -36.968 0.6999999881
9774  11.946  -67.086  -39.556 0.4000000060
10737  10.199  -65.313  -37.218 0.8000000119
10738  9.789  -65.313  -37.114 0.6999999881
10739  9.147  -65.489  -37.343 0.6999999881
10751  11.105  -65.627  -38.578 0.6999999881
10765  8.763  -65.466  -39.342 0.4000000060
11694  2.294  -64.599  -33.357 0.6999999881
11695  1.643  -64.703  -33.339 0.6999999881
11697  -0.197  -64.719  -33.178 0.6000000238
11713  1.432  -64.888  -33.796 0.6000000238
11754  9.474  -64.767  -37.546 0.6999999881
11766  11.016  -64.435  -38.162 0.8000000119
11768  9.478  -64.163  -37.911 0.6999999881
11790  12.590  -64.194  -40.584 0.6999999881
11792  9.085  -64.766  -39.928 0.4000000060
11807  13.785  -64.852  -41.924 0.4000000060
12726  3.457  -63.755  -30.725 0.6999999881
12743  3.226  -64.117  -31.452 0.8000000119
12756  2.928  -64.403  -32.313 0.6999999881
12757  1.756  -64.161  -32.207 0.6999999881
12758  1.043  -64.086  -32.547 0.6999999881
12764  3.581  -63.742  -33.747 0.6999999881
12765  3.025  -64.386  -33.252 0.6999999881
12777  2.032  -64.335  -34.460 0.6999999881
12787  1.797  -63.848  -35.289 0.6000000238
12788  1.069  -64.251  -35.644 0.5000000000
12798  0.377  -63.356  -37.208 0.5000000000
12809  10.371  -63.783  -37.867 0.8000000119
12823  11.887  -63.469  -39.600 0.8000000119
13676  4.262  -62.492  -28.699 0.4000000060
13691  3.199  -63.021  -29.470 0.6999999881
13692  2.583  -62.673  -29.837 0.6999999881
13693  -3.511  -62.194  -30.147 0.5000000000
13713  3.735  -63.435  -30.039 0.6000000238
13724  4.677  -62.908  -31.412 0.6000000238
13740  -1.093  -63.723  -32.998 0.5000000000
13746  3.886  -62.815  -34.155 0.6999999881
13747  3.246  -62.600  -34.788 0.8000000119
13748  0.048  -62.389  -33.784 0.6000000238
13768  2.363  -62.231  -36.142 0.6000000238
13779  1.587  -62.233  -37.324 0.5000000000
13792  10.727  -62.707  -38.615 0.8000000119
13793  9.845  -62.899  -38.558 0.6000000238
13808  11.866  -62.535  -39.803 0.8000000119
13809  10.670  -62.090  -39.085 0.6999999881
13811  9.579  -62.480  -39.176 0.4000000060
13827  11.721  -61.678  -40.074 0.6999999881
13869  13.867  -62.981  -43.079 0.6000000238
14658  5.406  -61.575  -27.752 0.3000000119
14674  4.668  -62.017  -28.176 0.4000000060
14702  5.727  -61.639  -30.608 0.5000000000
14704  2.130  -61.822  -30.165 0.6999999881
14705  -3.183  -61.885  -30.568 0.5000000000
14718  -3.383  -61.632  -31.257 0.6000000238
14735  4.526  -61.195  -33.285 0.6000000238
14738  0.219  -61.647  -33.955 0.6000000238
14785  1.033  -62.023  -37.923 0.5000000000
14796  0.747  -61.388  -38.323 0.5000000000
14826  10.970  -60.962  -40.312 0.6999999881
14857  13.359  -61.441  -42.562 0.8000000119
14858  12.777  -60.882  -42.025 0.8000000119
15674  1.832  -60.352  -27.420 0.6000000238
15715  1.628  -60.895  -30.594 0.8000000119
15717  -2.807  -61.500  -30.444 0.5000000000
15726  1.397  -60.914  -31.477 0.8000000119
15727  0.990  -60.237  -31.921 0.6999999881
15734  0.703  -60.591  -32.637 0.5000000000
15738  -3.495  -60.729  -32.854 0.6000000238
15761  -0.791  -61.111  -34.609 0.6000000238
15775  2.588  -60.744  -35.972 0.6999999881
15814  0.760  -60.512  -38.550 0.6000000238
15842  9.933  -60.604  -41.025 0.6000000238
16586  2.040  -59.501  -25.749 0.4000000060
16595  1.078  -59.316  -26.640 0.5000000000
16619  0.358  -58.915  -28.117 0.6999999881
16638  -0.629  -58.413  -30.727 0.8000000119
16650  -0.385  -59.129  -31.279 0.6000000238
16661  -0.740  -59.474  -31.827 0.6000000238
16676  -1.356  -60.148  -32.274 0.6000000238
16732  1.935  -59.876  -36.777 0.5000000000
16746  1.040  -59.288  -38.310 0.6000000238
16762  0.672  -58.935  -39.035 0.6000000238
16764  -0.204  -59.703  -39.852 0.5000000000
16785  10.160  -59.835  -42.774 0.6000000238
16786  8.939  -59.715  -42.826 0.6000000238
16797  8.348  -59.105  -43.512 0.6000000238
17601  1.386  -59.078  -25.918 0.4000000060
17619  0.572  -58.786  -27.119 0.6999999881
17621  -3.483  -58.371  -27.650 0.6000000238
17649  -1.193  -57.748  -30.202 0.8000000119
17672  -0.989  -58.720  -31.379 0.6000000238
17775  0.680  -58.741  -39.840 0.6000000238
17791  0.303  -58.447  -40.266 0.5000000000
17793  -1.914  -57.677  -41.118 0.5000000000
17805  8.463  -58.357  -43.527 0.6000000238
17806  8.433  -58.643  -43.802 0.6000000238
17813  8.605  -58.056  -44.146 0.6000000238
17832  13.301  -57.730  -46.280 0.5000000000
17833  11.379  -57.655  -45.580 0.6999999881
18674  0.793  -57.566  -25.294 0.4000000060
18682  0.337  -57.789  -25.906 0.4000000060
18684  -4.300  -58.080  -26.567 0.5000000000
18711  -0.863  -57.359  -28.591 0.6999999881
18720  -0.944  -57.417  -29.360 0.8000000119
18722  -2.949  -57.464  -28.731 0.6000000238
18826  0.361  -57.730  -36.835 0.5000000000
18841  1.430  -57.788  -38.923 0.6000000238
18852  10.701  -57.627  -39.842 0.6999999881
18854  8.797  -57.810  -39.499 0.6000000238
18873  5.892  -57.813  -40.452 0.6000000238
18876  -1.295  -56.918  -41.221 0.5000000000
18928  5.077  -56.924  -45.451 0.6000000238
18930  1.196  -57.367  -45.257 0.6000000238
18939  3.576  -57.683  -46.248 0.6000000238
19740  -0.150  -56.286  -25.556 0.4000000060
19752  -1.382  -56.159  -26.777 0.6000000238
19754  -5.347  -57.000  -25.967 0.5000000000
19767  -1.576  -56.663  -27.447 0.6999999881
19770  -5.427  -56.374  -27.468 0.5000000000
19778  -2.258  -56.671  -27.792 0.6999999881
19871  7.913  -56.388  -36.500 0.5000000000
19883  1.264  -56.769  -37.872 0.6999999881
19899  8.435  -57.324  -39.588 0.6000000238
19900  1.781  -56.367  -39.210 0.5000000000
19926  13.655  -56.247  -41.429 0.6999999881
19956  -0.734  -56.410  -43.452 0.5000000000
19970  3.295  -57.030  -46.137 0.6000000238
20822  -6.050  -55.731  -26.281 0.4000000060
20845  -4.483  -56.434  -27.826 0.6999999881
20934  5.217  -55.896  -35.848 0.5000000000
20951  5.569  -55.377  -36.496 0.5000000000
20970  0.545  -55.691  -37.593 0.6000000238
21013  -0.164  -55.160  -40.850 0.6000000238
21051  0.282  -55.261  -42.275 0.6000000238
21064  4.938  -55.568  -44.589 0.5000000000
21886  -0.150  -54.808  -25.480 0.3000000119
21892  -0.375  -54.107  -25.911 0.3000000119
21893  -0.837  -54.770  -25.943 0.3000000119
21894  -2.007  -54.411  -27.010 0.6000000238
21904  -3.520  -55.320  -28.066 0.6999999881
21905  -6.213  -55.057  -27.694 0.5000000000
21914  -5.299  -55.228  -28.841 0.8000000119
21927  -4.271  -54.314  -29.450 0.6999999881
21929  -5.371  -54.642  -29.170 0.6000000238
22001  5.971  -54.448  -37.173 0.6000000238
22002  4.349  -54.820  -36.187 0.5000000000
22024  -1.798  -54.046  -37.159 0.5000000000
22065  1.784  -54.540  -39.990 0.5000000000
22082  1.224  -54.463  -41.347 0.6999999881
22100  7.832  -54.579  -43.661 0.6000000238
22979  -5.686  -54.115  -29.022 0.6000000238
22994  -3.974  -53.694  -30.118 0.6000000238
23012  -4.075  -53.263  -30.616 0.6000000238
23093  5.542  -52.936  -37.523 0.6000000238
23094  4.806  -52.610  -37.499 0.6000000238
23111  0.305  -52.943  -38.346 0.6999999881
23118  16.028  -51.994  -40.220 0.6000000238
23134  5.135  -53.280  -40.678 0.6999999881
23141  14.141  -52.176  -41.904 0.6000000238
23149  2.904  -53.998  -40.943 0.6999999881
23151  10.785  -53.263  -42.891 0.8000000119
23152  9.374  -53.537  -43.153 0.5000000000
23158  8.442  -54.266  -43.513 0.6000000238
24051  0.524  -52.628  -26.155 0.3000000119
24080  -2.642  -52.723  -29.068 0.5000000000
24094  -2.998  -52.597  -30.380 0.4000000060
24096  -4.729  -53.192  -30.220 0.6999999881
24112  -3.856  -52.826  -31.114 0.6000000238
24196  4.258  -52.991  -36.946 0.5000000000
24201  -0.679  -51.446  -36.568 0.5000000000
24210  3.133  -51.845  -37.588 0.6000000238
24222  5.123  -51.643  -38.754 0.5000000000
24223  2.768  -51.885  -38.546 0.6000000238
24226  0.092  -52.178  -38.658 0.6999999881
24227  -0.691  -51.861  -38.464 0.6999999881
24246  16.479  -52.009  -40.922 0.5000000000
24247  15.979  -51.672  -40.652 0.6000000238
25227  -5.182  -52.004  -27.743 0.6000000238
25238  -5.025  -51.325  -29.395 0.6999999881
25255  -4.736  -51.613  -30.446 0.6999999881
25268  -3.147  -51.303  -31.215 0.5000000000
25269  -3.709  -51.750  -31.288 0.6000000238
25333  1.736  -51.179  -37.266 0.6999999881
25334  0.910  -50.898  -37.176 0.6000000238
25335  -0.055  -50.908  -37.177 0.6000000238
25339  3.593  -51.893  -38.168 0.6000000238
25340  2.396  -51.446  -37.720 0.6999999881
25343  -0.380  -51.176  -37.923 0.6999999881
25347  8.784  -51.539  -39.153 0.5000000000
25348  8.111  -51.314  -38.876 0.6000000238
25356  0.074  -51.514  -38.410 0.6999999881
25364  8.131  -51.311  -39.425 0.5000000000
25366  6.476  -51.041  -39.329 0.6000000238
25373  9.575  -51.643  -40.130 0.5000000000
26283  -0.224  -50.479  -21.924 0.5000000000
26296  -0.688  -50.700  -22.600 0.4000000060
26367  -1.449  -50.844  -29.412 0.3000000119
26377  -1.679  -50.343  -30.389 0.3000000119
26396  -1.892  -49.831  -31.128 0.6000000238
26397  -2.517  -50.288  -31.020 0.5000000000
26399  -4.097  -51.215  -31.022 0.6000000238
27352  -0.568  -50.317  -21.400 0.5000000000
27365  2.432  -49.563  -22.892 0.3000000119
27366  1.770  -49.800  -22.765 0.4000000060
27367  0.711  -50.168  -22.347 0.4000000060
27368  -0.009  -50.146  -21.827 0.5000000000
27385  2.696  -49.460  -23.026 0.3000000119
27403  2.463  -49.418  -23.560 0.3000000119
27405  -0.039  -49.817  -24.544 0.4000000060
27432  -3.186  -49.478  -26.104 0.5000000000
27445  -3.768  -49.938  -27.509 0.6000000238
27457  -3.965  -49.887  -28.431 0.5000000000
27467  -3.281  -49.464  -29.983 0.5000000000
27480  -2.938  -50.035  -30.982 0.5000000000
27498  -1.078  -48.890  -31.714 0.3000000119
27499  -1.329  -49.351  -31.364 0.6000000238
28436  2.841  -49.177  -22.863 0.3000000119
28437  2.188  -49.255  -22.637 0.3000000119
28479  -2.672  -49.032  -25.097 0.5000000000
28494  3.051  -48.145  -24.860 0.3000000119
28496  1.177  -48.854  -25.153 0.3000000119
28498  -1.496  -48.770  -25.750 0.4000000060
28514  -2.817  -49.040  -26.348 0.5000000000
28563  1.516  -48.095  -30.968 0.3000000119
28579  0.935  -47.822  -31.513 0.3000000119
28582  -1.390  -48.742  -31.511 0.4000000060
29538  -1.474  -47.555  -21.925 0.3000000119
29618  -2.051  -47.672  -28.145 0.4000000060
29633  -2.026  -47.692  -29.071 0.4000000060
29645  -1.789  -47.919  -29.970 0.5000000000
29659  -0.885  -47.445  -30.693 0.3000000119
29660  -1.503  -48.024  -30.940 0.4000000060
30711  -0.960  -46.776  -28.314 0.3000000119
30721  -0.280  -46.363  -28.656 0.3000000119
30737  -0.314  -46.386  -29.204 0.3000000119
30769  -0.173  -47.138  -30.913 0.3000000119
114881  8.104  -82.642  -30.346 0.4000000060
115008  0.510  -59.474  -28.836 0.6999999881
116079  2.147  -62.045  -36.801 0.6000000238
116132  -2.670  -60.631  -30.285 0.6000000238
116244  7.233  -79.404  -32.191 0.5000000000
116472  17.058  -53.448  -41.445 0.5000000000
116501  3.295  -75.088  -27.943 0.4000000060
116642  -3.018  -60.097  -29.024 0.6999999881
116658  2.898  -51.662  -38.167 0.6000000238
116976  9.127  -69.922  -38.848 0.5000000000
116992  8.851  -65.128  -38.588 0.6000000238
118624  8.616  -67.966  -36.301 0.6999999881
118958  1.102  -60.106  -28.582 0.6999999881
119245  10.560  -69.949  -36.114 0.5000000000
119560  6.463  -55.154  -44.418 0.5000000000
119883  11.461  -73.121  -38.593 0.4000000060
120112  8.443  -67.663  -37.040 0.6999999881
120263  -2.577  -61.383  -27.997 0.5000000000
120380  -2.960  -59.620  -29.895 0.6000000238
120612  8.487  -66.205  -39.049 0.6000000238
120918  11.567  -77.892  -32.475 0.3000000119
121082  1.809  -57.154  -38.888 0.6000000238
121473  4.215  -61.109  -34.002 0.6000000238
121665  1.064  -76.793  -29.008 0.5000000000
121981  10.922  -73.456  -38.531 0.3000000119
122336  -1.507  -47.288  -27.818 0.4000000060
122378  1.775  -58.560  -35.241 0.5000000000
122389  11.534  -81.657  -30.434 0.4000000060
122870  -2.198  -48.923  -25.829 0.6000000238
122903  13.759  -74.044  -39.661 0.5000000000
123090  10.539  -79.416  -25.759 0.3000000119
123884  -1.455  -54.629  -26.486 0.3000000119
125573  1.040  -58.916  -38.031 0.6000000238
126119  8.692  -65.762  -37.735 0.6999999881
126168  5.008  -75.772  -32.765 0.4000000060
126181  14.212  -76.341  -37.904 0.3000000119
126436  9.482  -52.437  -38.722 0.5000000000
126872  0.436  -57.764  -40.413 0.5000000000
127873  12.633  -51.923  -41.544 0.6000000238
128677  8.511  -69.093  -36.395 0.5000000000
129088  1.603  -54.623  -38.669 0.5000000000
129428  6.023  -61.537  -29.721 0.4000000060
129608  -1.185  -53.054  -37.491 0.6999999881
129738  -0.797  -50.091  -24.176 0.4000000060
130147  -1.649  -52.354  -37.316 0.6000000238
130462  -3.898  -52.403  -31.307 0.6000000238
131058  3.221  -58.976  -33.749 0.5000000000
131179  4.199  -59.671  -32.969 0.5000000000
131632  2.488  -60.790  -27.353 0.5000000000
131971  -1.498  -51.879  -37.487 0.5000000000
131987  3.191  -61.296  -27.230 0.4000000060
132971  14.128  -74.008  -36.790 0.4000000060
133261  -1.360  -54.929  -37.275 0.5000000000
133797  12.517  -79.020  -35.458 0.3000000119
133822  -4.666  -52.396  -30.610 0.6999999881
134049  2.359  -53.403  -35.590 0.5000000000
134305  14.924  -73.338  -39.157 0.4000000060
135338  -0.493  -47.809  -31.495 0.3000000119
135487  -0.030  -77.885  -29.907 0.4000000060
135536  0.104  -56.894  -37.362 0.6000000238
135553  10.231  -63.073  -38.303 0.6000000238
135702  4.153  -63.500  -30.759 0.6000000238
135797  7.745  -51.840  -40.621 0.5000000000
136168  -3.253  -58.609  -28.819 0.8000000119
136234  5.688  -53.670  -37.382 0.6000000238
136294  12.301  -80.801  -30.680 0.3000000119
136354  7.016  -51.118  -38.642 0.6000000238
136390  1.277  -60.311  -30.524 0.8000000119
136613  -2.848  -54.132  -28.062 0.6000000238
137177  -1.029  -51.612  -38.052 0.6999999881
137280  0.822  -62.429  -32.286 0.6999999881
137541  11.297  -58.100  -45.621 0.8000000119
137618  12.664  -76.272  -36.086 0.4000000060
138273  -1.834  -60.506  -34.896 0.5000000000
138686  4.811  -61.277  -32.591 0.6000000238
138718  6.179  -82.493  -30.318 0.4000000060
138821  11.000  -60.187  -41.918 0.6000000238
139207  1.735  -58.020  -34.841 0.5000000000
