#!ascii label  , from subject sub-v1s12x0050109_ses-1 vox2ras=TkReg
331
16495  30.911  -59.289  -14.671 0.0000000000
20798  35.034  -55.240  -24.467 0.0000000000
15599  35.873  -60.506  -20.905 0.0000000000
15628  29.268  -60.136  -22.642 0.0000000000
14656  36.327  -61.248  -28.292 0.0000000000
13638  34.314  -62.343  -25.048 0.0000000000
11629  35.599  -63.557  -26.914 0.0000000000
18654  31.828  -58.076  -23.906 0.0000000000
18638  26.741  -57.044  -22.559 0.0000000000
117758  33.170  -60.498  -17.962 0.0000000000
14609  32.748  -61.310  -21.711 0.0000000000
15648  32.707  -60.826  -25.743 0.0000000000
17605  35.816  -58.390  -26.359 0.0000000000
15708  36.103  -60.708  -31.064 0.0000000000
19625  32.542  -56.763  -13.106 0.0000000000
129400  34.833  -60.345  -13.972 0.0000000000
15546  36.500  -60.658  -16.871 0.0000000000
18608  27.035  -57.828  -18.961 0.0000000000
12679  36.535  -63.045  -25.655 0.0000000000
19722  34.396  -56.743  -23.994 0.0000000000
20792  31.259  -55.917  -22.844 0.0000000000
115304  33.988  -60.516  -19.304 0.0000000000
114925  34.038  -60.639  -20.978 0.0000000000
13661  34.615  -62.231  -26.470 0.0000000000
13651  33.044  -62.247  -25.253 0.0000000000
15657  33.861  -60.766  -26.821 0.0000000000
16578  34.531  -59.177  -25.996 0.0000000000
16600  35.771  -59.609  -27.746 0.0000000000
16626  35.380  -59.039  -30.193 0.0000000000
15505  36.244  -60.019  -13.626 0.0000000000
15535  35.276  -60.731  -15.850 0.0000000000
132068  36.920  -60.579  -15.097 0.0000000000
16545  29.622  -59.843  -20.598 0.0000000000
16546  28.138  -59.440  -21.110 0.0000000000
20787  26.296  -55.214  -22.060 0.0000000000
19693  25.259  -56.138  -20.560 0.0000000000
15625  36.612  -60.688  -22.525 0.0000000000
115332  35.240  -61.277  -23.259 0.0000000000
13626  37.015  -61.926  -24.598 0.0000000000
13659  36.346  -62.951  -26.398 0.0000000000
13667  36.066  -62.580  -27.883 0.0000000000
17588  30.436  -59.076  -24.100 0.0000000000
18646  27.846  -58.333  -23.091 0.0000000000
18644  29.517  -57.882  -23.488 0.0000000000
124638  29.260  -55.716  -22.893 0.0000000000
20824  34.278  -55.054  -26.324 0.0000000000
16499  32.184  -60.061  -15.826 0.0000000000
15590  31.414  -60.219  -19.807 0.0000000000
15627  30.746  -60.918  -22.391 0.0000000000
14627  33.083  -61.916  -23.368 0.0000000000
14628  32.194  -61.903  -23.667 0.0000000000
15643  30.928  -60.281  -24.431 0.0000000000
16573  32.020  -59.488  -24.955 0.0000000000
18666  34.792  -57.864  -24.645 0.0000000000
18665  35.836  -57.282  -25.008 0.0000000000
14665  37.210  -60.803  -29.364 0.0000000000
17611  36.693  -58.381  -28.182 0.0000000000
18701  36.448  -57.702  -28.284 0.0000000000
19756  35.544  -56.273  -27.153 0.0000000000
18526  31.043  -56.754  -12.823 0.0000000000
17503  31.533  -58.466  -13.396 0.0000000000
119909  33.445  -58.082  -13.262 0.0000000000
16493  32.775  -59.915  -14.309 0.0000000000
15537  33.596  -60.509  -15.365 0.0000000000
15561  34.931  -60.635  -17.309 0.0000000000
15572  35.905  -60.712  -18.323 0.0000000000
15570  37.635  -60.866  -18.287 0.0000000000
15597  37.556  -61.038  -20.207 0.0000000000
18628  26.370  -57.969  -21.361 0.0000000000
17511  30.367  -58.832  -14.176 0.0000000000
17512  29.613  -58.560  -14.590 0.0000000000
16501  30.137  -59.064  -15.129 0.0000000000
19721  34.988  -56.168  -24.227 0.0000000000
20790  33.931  -55.362  -23.559 0.0000000000
15586  34.993  -60.620  -19.463 0.0000000000
115229  34.266  -60.550  -20.174 0.0000000000
15600  34.966  -60.601  -20.972 0.0000000000
14657  35.564  -61.733  -27.690 0.0000000000
14648  33.840  -61.695  -26.649 0.0000000000
15670  34.545  -61.306  -27.340 0.0000000000
15656  34.718  -60.298  -27.272 0.0000000000
15669  35.463  -60.743  -27.816 0.0000000000
15694  33.552  -59.973  -30.216 0.0000000000
15520  36.623  -60.434  -14.296 0.0000000000
15621  29.523  -60.251  -21.601 0.0000000000
118189  28.851  -59.791  -21.302 0.0000000000
16555  28.837  -59.950  -22.094 0.0000000000
20777  25.728  -54.828  -21.670 0.0000000000
14624  37.120  -61.504  -23.981 0.0000000000
13625  37.233  -62.138  -24.229 0.0000000000
11611  36.055  -63.520  -26.185 0.0000000000
12693  36.158  -63.054  -26.741 0.0000000000
116950  36.046  -62.902  -27.054 0.0000000000
12704  35.957  -63.089  -27.381 0.0000000000
18655  30.808  -58.416  -23.900 0.0000000000
17581  29.980  -58.633  -23.763 0.0000000000
18642  31.199  -57.611  -23.343 0.0000000000
20783  29.905  -56.096  -22.729 0.0000000000
115603  29.948  -55.135  -22.752 0.0000000000
119709  28.932  -55.095  -22.855 0.0000000000
137738  32.565  -60.305  -16.530 0.0000000000
15551  31.983  -60.106  -16.803 0.0000000000
126008  32.445  -60.354  -18.039 0.0000000000
15619  31.293  -60.798  -21.223 0.0000000000
14610  31.776  -61.296  -21.926 0.0000000000
14626  34.895  -61.735  -23.893 0.0000000000
116361  34.102  -61.657  -23.237 0.0000000000
13627  33.905  -62.090  -24.180 0.0000000000
14641  32.745  -61.711  -25.532 0.0000000000
14635  32.592  -62.115  -24.548 0.0000000000
14642  32.130  -61.102  -25.187 0.0000000000
15634  31.103  -60.850  -24.198 0.0000000000
15642  31.500  -60.612  -24.755 0.0000000000
16574  31.308  -59.886  -24.734 0.0000000000
16579  32.698  -59.892  -25.489 0.0000000000
17595  34.158  -58.682  -25.119 0.0000000000
17594  35.353  -58.192  -25.394 0.0000000000
17593  36.212  -57.650  -25.942 0.0000000000
12729  33.080  -63.982  -32.112 0.0000000000
14695  35.108  -61.378  -31.226 0.0000000000
13697  35.253  -62.091  -31.226 0.0000000000
122352  35.840  -61.529  -31.155 0.0000000000
15693  37.260  -60.306  -29.948 0.0000000000
15678  37.172  -59.948  -29.245 0.0000000000
17637  36.906  -58.826  -29.421 0.0000000000
17639  34.993  -58.345  -29.715 0.0000000000
17623  35.982  -57.725  -29.204 0.0000000000
18702  35.479  -57.165  -28.579 0.0000000000
18686  36.207  -57.029  -27.525 0.0000000000
18687  34.925  -56.578  -28.034 0.0000000000
19608  31.395  -56.071  -12.784 0.0000000000
19626  31.714  -56.807  -12.985 0.0000000000
18549  31.052  -57.611  -13.046 0.0000000000
120613  32.052  -57.614  -13.181 0.0000000000
16480  34.804  -59.654  -13.471 0.0000000000
18547  34.249  -57.897  -13.174 0.0000000000
121311  34.196  -59.279  -13.416 0.0000000000
16482  32.792  -59.340  -13.681 0.0000000000
15523  33.429  -60.240  -14.478 0.0000000000
15524  32.820  -60.268  -15.111 0.0000000000
15522  34.205  -60.486  -14.624 0.0000000000
116845  35.993  -60.733  -16.119 0.0000000000
15547  35.518  -60.714  -16.734 0.0000000000
115345  35.102  -60.537  -18.049 0.0000000000
15560  35.757  -60.670  -17.536 0.0000000000
14589  38.809  -62.313  -19.399 0.0000000000
14590  38.200  -61.499  -19.664 0.0000000000
15583  37.436  -60.951  -19.471 0.0000000000
18637  27.243  -57.740  -22.894 0.0000000000
125545  27.315  -58.415  -22.518 0.0000000000
18627  26.705  -57.842  -22.246 0.0000000000
19723  33.531  -56.873  -23.745 0.0000000000
18641  32.313  -57.049  -23.446 0.0000000000
15574  33.607  -60.506  -18.602 0.0000000000
15575  32.684  -60.377  -18.707 0.0000000000
116078  33.238  -60.427  -19.170 0.0000000000
15617  33.143  -60.845  -20.962 0.0000000000
13650  34.165  -62.362  -25.667 0.0000000000
14640  33.490  -62.111  -25.919 0.0000000000
14649  33.163  -61.552  -26.036 0.0000000000
15658  33.284  -61.034  -26.343 0.0000000000
16592  33.441  -60.161  -26.154 0.0000000000
119272  34.249  -59.962  -26.675 0.0000000000
16591  35.238  -59.333  -26.905 0.0000000000
16590  36.384  -58.456  -27.374 0.0000000000
16642  35.810  -59.794  -30.692 0.0000000000
16643  34.689  -59.826  -30.479 0.0000000000
16627  34.147  -59.099  -30.031 0.0000000000
15506  35.431  -60.038  -13.608 0.0000000000
120193  35.052  -60.611  -14.860 0.0000000000
15521  35.675  -60.422  -14.163 0.0000000000
118911  36.017  -60.629  -15.181 0.0000000000
15534  36.737  -60.666  -15.897 0.0000000000
17561  28.066  -59.239  -20.235 0.0000000000
17562  27.437  -58.818  -20.057 0.0000000000
129721  27.265  -56.117  -22.596 0.0000000000
121558  26.213  -56.217  -22.188 0.0000000000
19704  25.581  -55.715  -21.499 0.0000000000
20765  25.015  -55.128  -20.908 0.0000000000
15614  36.719  -60.629  -21.600 0.0000000000
15615  35.745  -60.490  -21.737 0.0000000000
14614  36.440  -61.070  -23.308 0.0000000000
14625  36.130  -61.707  -24.110 0.0000000000
13636  36.442  -62.252  -24.975 0.0000000000
13648  36.411  -62.708  -25.686 0.0000000000
123183  35.528  -62.348  -25.521 0.0000000000
13649  35.772  -62.499  -26.223 0.0000000000
13668  35.914  -62.498  -27.472 0.0000000000
16567  29.920  -59.989  -23.857 0.0000000000
16562  28.651  -59.534  -22.751 0.0000000000
17582  29.168  -58.827  -23.639 0.0000000000
18645  28.535  -58.201  -23.450 0.0000000000
18636  27.988  -57.599  -23.218 0.0000000000
18643  30.467  -57.278  -23.007 0.0000000000
19710  29.095  -56.411  -23.068 0.0000000000
19711  28.392  -56.800  -23.065 0.0000000000
20785  27.734  -55.224  -22.640 0.0000000000
137454  27.722  -54.650  -22.570 0.0000000000
20823  35.260  -55.271  -26.000 0.0000000000
16500  31.499  -59.660  -15.242 0.0000000000
117563  30.745  -59.414  -15.696 0.0000000000
16509  31.408  -59.707  -16.265 0.0000000000
15620  30.418  -60.571  -21.447 0.0000000000
125026  29.890  -60.548  -22.321 0.0000000000
14616  33.380  -61.511  -22.465 0.0000000000
13628  32.949  -62.209  -24.112 0.0000000000
14617  32.412  -61.629  -22.644 0.0000000000
14618  31.519  -61.419  -22.959 0.0000000000
14619  30.805  -60.925  -23.480 0.0000000000
15635  30.454  -60.399  -23.999 0.0000000000
124075  30.516  -59.747  -24.280 0.0000000000
17587  31.256  -59.041  -24.439 0.0000000000
17586  32.420  -58.604  -24.485 0.0000000000
118400  33.544  -59.428  -25.517 0.0000000000
17596  33.070  -59.115  -24.927 0.0000000000
17585  33.572  -58.217  -24.558 0.0000000000
18652  34.072  -57.402  -24.189 0.0000000000
18651  35.053  -57.041  -24.352 0.0000000000
19732  36.034  -56.347  -25.291 0.0000000000
137370  34.636  -62.624  -31.252 0.0000000000
13674  36.811  -61.709  -29.359 0.0000000000
14655  36.905  -61.281  -28.818 0.0000000000
15668  36.374  -60.105  -28.375 0.0000000000
16599  36.685  -59.063  -28.308 0.0000000000
17638  36.213  -58.459  -29.645 0.0000000000
119737  36.540  -57.820  -27.376 0.0000000000
18677  36.424  -57.361  -26.641 0.0000000000
19755  36.207  -56.733  -26.656 0.0000000000
20808  35.731  -55.638  -25.525 0.0000000000
19743  34.919  -55.625  -26.761 0.0000000000
20655  30.104  -55.610  -12.560 0.0000000000
20654  30.938  -55.375  -12.593 0.0000000000
18527  30.376  -57.041  -12.779 0.0000000000
17504  30.644  -58.431  -13.455 0.0000000000
16484  31.145  -59.056  -13.806 0.0000000000
18546  34.661  -57.077  -13.239 0.0000000000
18548  32.961  -57.470  -13.206 0.0000000000
17502  32.556  -58.452  -13.363 0.0000000000
16483  31.951  -59.172  -13.660 0.0000000000
16494  31.638  -59.511  -14.276 0.0000000000
116245  32.171  -59.899  -14.770 0.0000000000
15550  32.991  -60.432  -15.990 0.0000000000
132876  33.109  -60.465  -16.683 0.0000000000
15536  34.427  -60.663  -15.606 0.0000000000
15548  34.703  -60.712  -16.517 0.0000000000
120991  34.245  -60.663  -17.058 0.0000000000
15573  34.521  -60.566  -18.649 0.0000000000
132565  35.282  -60.625  -18.705 0.0000000000
15585  35.895  -60.669  -20.025 0.0000000000
15571  36.837  -60.823  -18.810 0.0000000000
15584  36.745  -60.778  -19.708 0.0000000000
15598  36.760  -60.718  -20.617 0.0000000000
16557  27.605  -59.058  -21.861 0.0000000000
17563  26.833  -58.479  -20.699 0.0000000000
18618  26.280  -57.891  -20.453 0.0000000000
19703  25.670  -56.688  -21.255 0.0000000000
19692  25.742  -57.087  -20.126 0.0000000000
13637  35.243  -62.074  -24.674 0.0000000000
13639  33.367  -62.341  -24.839 0.0000000000
13660  35.824  -62.648  -26.877 0.0000000000
13717  33.805  -63.147  -31.512 0.0000000000
14629  31.424  -61.397  -23.760 0.0000000000
14636  31.814  -61.478  -24.479 0.0000000000
14647  34.971  -62.134  -27.164 0.0000000000
14693  36.892  -60.664  -30.629 0.0000000000
14694  36.519  -61.305  -30.831 0.0000000000
15507  34.025  -59.988  -13.803 0.0000000000
15549  33.801  -60.608  -16.362 0.0000000000
15562  33.539  -60.554  -17.202 0.0000000000
15563  32.662  -60.387  -17.298 0.0000000000
15564  31.921  -60.161  -17.662 0.0000000000
15587  33.373  -60.481  -19.795 0.0000000000
15605  30.232  -60.209  -20.772 0.0000000000
15618  32.226  -60.882  -21.029 0.0000000000
15626  35.538  -60.738  -22.521 0.0000000000
15636  29.930  -60.427  -23.290 0.0000000000
15679  36.989  -60.496  -28.804 0.0000000000
15707  36.758  -59.955  -30.495 0.0000000000
16481  33.567  -59.331  -13.562 0.0000000000
16492  33.302  -59.798  -13.902 0.0000000000
16530  28.728  -59.172  -19.601 0.0000000000
16547  27.458  -59.000  -20.921 0.0000000000
16556  28.260  -59.559  -22.006 0.0000000000
16563  27.972  -58.979  -22.667 0.0000000000
16568  29.283  -59.607  -23.411 0.0000000000
16575  29.860  -59.370  -23.826 0.0000000000
16580  32.002  -60.276  -25.195 0.0000000000
16607  37.048  -59.037  -28.906 0.0000000000
16608  36.979  -59.670  -28.771 0.0000000000
16624  37.116  -59.508  -29.659 0.0000000000
16625  36.468  -59.181  -30.082 0.0000000000
17500  34.761  -58.648  -13.214 0.0000000000
17501  33.899  -58.675  -13.314 0.0000000000
17554  28.032  -58.945  -19.599 0.0000000000
17569  26.965  -58.514  -21.649 0.0000000000
17576  28.518  -58.912  -23.262 0.0000000000
17622  36.826  -58.273  -28.907 0.0000000000
18617  26.883  -58.267  -19.834 0.0000000000
18635  28.835  -57.290  -23.296 0.0000000000
18650  35.618  -56.557  -24.666 0.0000000000
18653  32.957  -57.699  -24.031 0.0000000000
18664  36.368  -56.884  -25.902 0.0000000000
19609  30.630  -56.209  -12.679 0.0000000000
19712  27.650  -56.861  -22.866 0.0000000000
19714  34.150  -56.160  -23.723 0.0000000000
19717  30.554  -56.471  -22.750 0.0000000000
19718  29.766  -56.902  -22.936 0.0000000000
19733  35.579  -55.801  -24.867 0.0000000000
19742  35.949  -56.001  -26.212 0.0000000000
20784  28.358  -55.911  -22.883 0.0000000000
20786  26.928  -55.480  -22.375 0.0000000000
20809  35.276  -54.944  -25.230 0.0000000000
21844  25.286  -54.435  -21.415 0.0000000000
21852  28.325  -54.572  -22.718 0.0000000000
21853  27.100  -54.704  -22.355 0.0000000000
114866  28.830  -59.535  -20.398 0.0000000000
115438  35.184  -60.618  -20.311 0.0000000000
115827  34.168  -60.610  -17.828 0.0000000000
116669  35.924  -60.755  -19.155 0.0000000000
117412  34.961  -57.726  -13.106 0.0000000000
119083  25.933  -57.440  -21.030 0.0000000000
121574  37.758  -61.060  -18.997 0.0000000000
124754  32.406  -61.809  -25.008 0.0000000000
125533  31.328  -56.764  -22.945 0.0000000000
127086  32.250  -59.624  -14.072 0.0000000000
128894  33.243  -58.783  -13.411 0.0000000000
132882  26.179  -57.232  -21.839 0.0000000000
133091  33.001  -55.979  -13.117 0.0000000000
133267  36.445  -57.856  -26.712 0.0000000000
138284  30.364  -57.987  -23.509 0.0000000000
138831  28.347  -55.196  -22.796 0.0000000000
