#!ascii label  , from subject sub-v1s12x0050109_ses-1 vox2ras=TkReg
2059
13689  24.275  -61.700  -29.620 0.2000000030
14685  25.760  -61.822  -29.217 0.2000000030
15699  24.210  -60.606  -29.077 0.2000000030
13688  25.047  -62.063  -29.770 0.2000000030
16668  24.566  -59.746  -32.363 0.1000000015
13687  26.473  -62.304  -29.741 0.3000000119
14670  25.226  -61.222  -28.696 0.2000000030
16645  23.747  -60.058  -30.405 0.1000000015
14687  23.713  -61.124  -29.516 0.2000000030
124532  24.275  -59.624  -29.896 0.1000000015
16644  24.324  -59.591  -30.805 0.1000000015
16655  25.096  -59.260  -31.963 0.1000000015
17678  25.831  -58.947  -32.217 0.1000000015
16667  25.331  -59.486  -32.678 0.1000000015
17695  27.561  -58.521  -33.401 0.1000000015
17697  26.072  -59.156  -32.979 0.1000000015
17715  27.155  -59.153  -33.910 0.1000000015
17694  28.396  -58.312  -33.511 0.2000000030
17714  27.951  -58.942  -34.043 0.1000000015
16631  25.200  -59.245  -28.797 0.1000000015
17642  25.540  -58.534  -29.297 0.1000000015
14671  24.764  -60.561  -28.647 0.2000000030
17663  25.611  -58.825  -31.447 0.1000000015
17643  24.897  -59.131  -29.507 0.1000000015
17655  24.849  -59.157  -30.363 0.1000000015
17662  26.270  -58.374  -31.680 0.1000000015
18777  27.991  -57.839  -32.888 0.1000000015
18755  29.869  -57.104  -32.457 0.2000000030
18776  28.957  -57.578  -32.905 0.2000000030
19830  31.361  -56.399  -32.438 0.1000000015
17693  29.288  -58.183  -33.574 0.2000000030
21972  30.566  -54.991  -33.265 0.2000000030
20907  31.600  -55.553  -33.005 0.1000000015
20919  31.040  -54.814  -34.157 0.1000000015
18725  25.961  -58.245  -30.751 0.1000000015
18715  25.897  -57.876  -29.843 0.1000000015
17676  27.205  -58.150  -32.723 0.1000000015
20896  30.672  -55.698  -32.353 0.2000000030
21973  29.707  -54.379  -33.627 0.2000000030
23042  29.544  -53.538  -33.897 0.2000000030
118409  30.332  -54.400  -34.142 0.2000000030
21983  30.142  -53.890  -34.383 0.1000000015
23055  31.003  -53.746  -34.660 0.2000000030
117655  26.644  -57.727  -31.123 0.1000000015
18723  27.002  -57.168  -30.651 0.1000000015
18758  26.909  -57.903  -31.958 0.1000000015
18756  28.473  -57.316  -32.230 0.2000000030
19806  29.460  -56.163  -31.348 0.2000000030
19818  30.467  -56.491  -32.275 0.3000000119
24150  29.734  -52.817  -33.816 0.3000000119
24171  30.565  -53.160  -34.287 0.2000000030
132373  32.072  -52.447  -34.384 0.2000000030
21990  32.692  -54.224  -36.142 0.2000000030
20883  29.822  -55.385  -32.050 0.3000000119
138234  29.209  -57.060  -32.218 0.2000000030
24151  29.520  -52.206  -33.424 0.3000000119
26435  30.445  -50.853  -32.696 0.3000000119
25289  30.554  -51.514  -33.355 0.3000000119
118180  32.491  -51.567  -33.790 0.2000000030
23054  32.123  -53.216  -34.972 0.2000000030
24182  34.038  -52.968  -36.179 0.2000000030
26421  28.700  -50.877  -32.164 0.4000000060
129342  28.615  -52.388  -32.812 0.3000000119
25277  29.286  -51.477  -32.747 0.3000000119
21955  29.426  -54.673  -32.629 0.2000000030
21974  28.976  -53.956  -33.271 0.2000000030
26434  31.956  -50.869  -33.157 0.3000000119
25307  33.819  -51.773  -34.449 0.2000000030
26418  33.613  -50.187  -32.995 0.2000000030
26401  29.334  -50.073  -31.876 0.3000000119
135090  29.557  -50.696  -32.341 0.3000000119
27502  33.011  -49.473  -32.255 0.2000000030
27501  34.729  -49.258  -33.151 0.2000000030
27518  35.408  -48.834  -33.908 0.1000000015
26433  33.947  -50.748  -33.563 0.2000000030
26446  35.643  -50.627  -35.025 0.2000000030
26417  35.542  -49.896  -34.012 0.2000000030
25306  35.512  -51.493  -35.109 0.2000000030
28572  30.223  -48.398  -31.124 0.3000000119
27484  30.740  -49.056  -31.569 0.3000000119
137736  30.201  -49.666  -31.797 0.3000000119
28571  31.537  -48.303  -31.387 0.2000000030
28588  32.034  -48.915  -31.719 0.3000000119
29665  32.711  -47.323  -31.406 0.2000000030
27503  31.233  -49.627  -31.975 0.3000000119
28587  33.453  -48.526  -31.925 0.1000000015
28586  34.490  -47.969  -32.493 0.1000000015
28600  35.140  -48.045  -33.609 0.1000000015
28585  34.917  -47.703  -33.091 0.1000000015
29677  34.396  -47.107  -32.554 0.1000000015
27532  35.417  -49.258  -34.327 0.1000000015
29666  30.492  -47.443  -30.734 0.3000000119
135231  31.354  -47.708  -31.057 0.2000000030
30758  32.006  -46.842  -30.892 0.2000000030
31860  32.750  -45.001  -30.755 0.2000000030
124665  32.621  -43.846  -30.277 0.1000000015
30741  32.548  -45.883  -30.778 0.1000000015
32948  32.981  -44.374  -30.888 0.1000000015
30757  33.320  -46.139  -31.404 0.1000000015
28570  33.841  -47.535  -31.895 0.1000000015
130306  34.172  -46.803  -32.672 0.1000000015
29686  33.601  -47.009  -33.214 0.1000000015
29648  30.961  -46.512  -30.506 0.2000000030
129202  32.712  -43.840  -30.857 0.1000000015
33998  31.788  -43.178  -31.116 0.1000000015
123269  33.308  -44.729  -31.171 0.1000000015
31876  32.830  -44.855  -31.650 0.1000000015
30771  33.798  -45.758  -31.963 0.1000000015
137124  31.040  -44.656  -32.133 0.1000000015
30772  32.654  -45.619  -32.272 0.1000000015
31884  33.255  -45.179  -31.963 0.1000000015
35137  31.578  -42.541  -31.606 0.1000000015
34008  30.926  -43.910  -32.456 0.1000000015
30779  31.078  -46.413  -32.737 0.1000000015
127231  31.860  -42.563  -30.705 0.1000000015
17696  26.790  -58.792  -33.234 0.1000000015
17654  25.391  -58.595  -30.062 0.1000000015
120298  31.696  -57.031  -32.773 0.1000000015
15551  31.983  -60.106  -16.803 0.5000000000
15550  32.991  -60.432  -15.990 0.5000000000
16499  32.184  -60.061  -15.826 0.5000000000
16509  31.408  -59.707  -16.265 0.5000000000
16510  30.641  -59.511  -16.695 0.5000000000
15506  35.431  -60.038  -13.608 0.2000000030
120193  35.052  -60.611  -14.860 0.2000000030
129400  34.833  -60.345  -13.972 0.3000000119
15522  34.205  -60.486  -14.624 0.3000000119
15524  32.820  -60.268  -15.111 0.5000000000
116245  32.171  -59.899  -14.770 0.5000000000
16494  31.638  -59.511  -14.276 0.5000000000
16500  31.499  -59.660  -15.242 0.5000000000
16495  30.911  -59.289  -14.671 0.5000000000
117563  30.745  -59.414  -15.696 0.5000000000
16520  30.637  -59.556  -17.613 0.5000000000
16511  29.825  -59.196  -17.188 0.5000000000
117745  30.216  -59.611  -18.966 0.5000000000
15620  30.418  -60.571  -21.447 0.5000000000
16480  34.804  -59.654  -13.471 0.3000000119
121311  34.196  -59.279  -13.416 0.3000000119
16493  32.775  -59.915  -14.309 0.5000000000
16501  30.137  -59.064  -15.129 0.5000000000
16502  29.943  -59.238  -16.117 0.5000000000
132915  29.431  -58.914  -17.954 0.5000000000
16529  29.336  -59.104  -18.790 0.5000000000
16579  32.698  -59.892  -25.489 0.4000000060
16574  31.308  -59.886  -24.734 0.5000000000
15643  30.928  -60.281  -24.431 0.5000000000
125026  29.890  -60.548  -22.321 0.5000000000
16545  29.622  -59.843  -20.598 0.5000000000
118400  33.544  -59.428  -25.517 0.4000000060
16479  35.713  -59.221  -13.248 0.3000000119
18547  34.249  -57.897  -13.174 0.4000000060
119909  33.445  -58.082  -13.262 0.4000000060
16483  31.951  -59.172  -13.660 0.5000000000
17503  31.533  -58.466  -13.396 0.5000000000
16484  31.145  -59.056  -13.806 0.5000000000
17511  30.367  -58.832  -14.176 0.5000000000
17504  30.644  -58.431  -13.455 0.5000000000
17505  29.807  -58.359  -13.692 0.5000000000
17512  29.613  -58.560  -14.590 0.5000000000
17517  29.428  -58.711  -15.529 0.5000000000
17534  28.989  -58.607  -17.329 0.5000000000
16539  29.566  -59.534  -19.695 0.6000000238
15635  30.454  -60.399  -23.999 0.5000000000
15621  29.523  -60.251  -21.601 0.5000000000
118189  28.851  -59.791  -21.302 0.5000000000
16578  34.531  -59.177  -25.996 0.4000000060
16573  32.020  -59.488  -24.955 0.5000000000
19599  40.312  -56.327  -11.769 0.1000000015
21709  38.791  -54.923  -12.255 0.1000000015
21710  38.269  -54.559  -12.181 0.1000000015
19606  39.384  -56.024  -12.755 0.1000000015
21714  38.269  -54.699  -12.676 0.1000000015
21715  37.669  -54.078  -12.683 0.1000000015
19619  38.373  -55.939  -13.204 0.1000000015
20665  38.076  -55.112  -13.179 0.1000000015
21728  37.272  -53.965  -13.263 0.1000000015
17498  36.461  -58.397  -13.021 0.2000000030
120115  36.665  -56.665  -13.448 0.1000000015
17499  35.598  -58.099  -13.025 0.3000000119
17502  32.556  -58.452  -13.363 0.5000000000
18546  34.661  -57.077  -13.239 0.4000000060
120232  33.807  -57.265  -13.191 0.4000000060
120613  32.052  -57.614  -13.181 0.4000000060
18549  31.052  -57.611  -13.046 0.5000000000
18550  30.095  -57.859  -13.026 0.5000000000
18551  29.302  -57.829  -13.261 0.5000000000
117076  28.751  -58.558  -18.197 0.5000000000
15628  29.268  -60.136  -22.642 0.5000000000
124075  30.516  -59.747  -24.280 0.5000000000
17595  34.158  -58.682  -25.119 0.4000000060
16590  36.384  -58.456  -27.374 0.5000000000
17440  37.581  -58.894  -9.164 0.1000000015
135176  38.966  -58.280  -9.851 0.1000000015
121418  38.733  -57.414  -10.400 0.1000000015
19585  39.565  -56.497  -11.148 0.1000000015
19600  39.636  -55.667  -11.770 0.1000000015
20643  37.980  -54.746  -11.617 0.1000000015
20644  37.207  -54.368  -11.500 0.1000000015
19586  38.485  -56.405  -10.805 0.1000000015
20629  38.214  -55.540  -11.195 0.1000000015
123452  37.123  -53.611  -12.170 0.1000000015
23846  34.936  -51.968  -13.738 0.2000000030
25001  34.420  -51.301  -13.325 0.2000000030
123786  37.642  -56.693  -13.370 0.1000000015
19620  37.459  -55.850  -13.443 0.1000000015
20666  37.233  -54.888  -13.416 0.1000000015
122289  36.701  -54.266  -13.538 0.1000000015
22778  35.027  -52.892  -13.872 0.2000000030
19621  36.032  -56.210  -13.476 0.2000000030
20667  36.147  -55.208  -13.514 0.1000000015
20668  35.198  -54.965  -13.445 0.2000000030
21731  34.122  -53.874  -13.488 0.2000000030
22779  34.194  -52.634  -13.695 0.2000000030
23847  34.092  -51.676  -13.639 0.2000000030
19622  35.146  -56.120  -13.457 0.2000000030
19623  34.159  -56.465  -13.313 0.2000000030
133232  33.672  -55.970  -13.293 0.3000000119
20652  32.706  -55.222  -12.937 0.3000000119
19608  31.395  -56.071  -12.784 0.4000000060
18526  31.043  -56.754  -12.823 0.5000000000
17561  28.066  -59.239  -20.235 0.5000000000
18527  30.376  -57.041  -12.779 0.4000000060
125545  27.315  -58.415  -22.518 0.5000000000
17563  26.833  -58.479  -20.699 0.5000000000
17562  27.437  -58.818  -20.057 0.5000000000
18646  27.846  -58.333  -23.091 0.5000000000
16557  27.605  -59.058  -21.861 0.5000000000
16546  28.138  -59.440  -21.110 0.5000000000
18571  28.352  -57.884  -15.356 0.5000000000
18562  29.056  -58.094  -14.065 0.5000000000
17588  30.436  -59.076  -24.100 0.5000000000
17582  29.168  -58.827  -23.639 0.5000000000
16562  28.651  -59.534  -22.751 0.5000000000
17555  27.613  -58.489  -19.308 0.5000000000
17596  33.070  -59.115  -24.927 0.5000000000
17587  31.256  -59.041  -24.439 0.5000000000
16555  28.837  -59.950  -22.094 0.5000000000
117362  28.436  -58.703  -18.989 0.6000000238
16567  29.920  -59.989  -23.857 0.5000000000
17605  35.816  -58.390  -26.359 0.4000000060
17441  36.863  -59.139  -8.946 0.1000000015
18484  37.394  -57.998  -9.766 0.1000000015
18506  36.949  -57.238  -10.182 0.1000000015
18507  36.071  -57.321  -10.149 0.1000000015
138997  33.354  -57.215  -10.223 0.1000000015
18505  37.806  -57.294  -10.287 0.1000000015
19588  36.528  -56.347  -10.539 0.1000000015
20631  35.760  -55.108  -10.810 0.1000000015
21697  36.341  -54.056  -11.289 0.1000000015
132962  36.443  -53.233  -11.920 0.1000000015
22746  35.268  -52.541  -11.510 0.1000000015
22765  36.145  -52.919  -13.257 0.1000000015
23823  34.961  -51.683  -11.981 0.2000000030
23835  35.049  -51.581  -13.075 0.2000000030
22777  35.753  -53.216  -13.700 0.1000000015
23834  35.487  -52.234  -13.229 0.2000000030
21717  33.214  -54.436  -13.117 0.3000000119
22766  33.236  -53.510  -13.220 0.3000000119
23848  33.333  -51.553  -13.471 0.2000000030
21718  32.428  -54.365  -12.812 0.3000000119
22767  32.212  -53.257  -12.787 0.2000000030
20654  30.938  -55.375  -12.593 0.4000000060
21719  31.349  -54.346  -12.590 0.3000000119
20655  30.104  -55.610  -12.560 0.4000000060
19692  25.742  -57.087  -20.126 0.5000000000
18609  26.264  -57.231  -19.136 0.5000000000
18608  27.035  -57.828  -18.961 0.5000000000
125723  29.839  -56.428  -12.646 0.5000000000
20708  25.157  -55.636  -18.203 0.5000000000
19666  25.639  -56.234  -17.883 0.5000000000
19665  26.160  -56.792  -17.662 0.5000000000
18601  26.616  -57.257  -18.263 0.5000000000
18600  27.334  -57.704  -17.935 0.6000000238
18552  28.620  -57.539  -13.579 0.5000000000
19627  28.935  -57.300  -12.957 0.5000000000
131335  25.093  -55.747  -17.039 0.5000000000
19652  26.145  -56.857  -16.859 0.5000000000
18590  26.732  -57.258  -17.366 0.6000000238
17545  27.893  -58.250  -18.481 0.5000000000
17526  28.504  -58.274  -16.626 0.5000000000
17536  27.369  -57.646  -17.018 0.5000000000
17535  28.110  -58.145  -17.465 0.5000000000
17638  36.213  -58.459  -29.645 0.4000000060
18701  36.448  -57.702  -28.284 0.4000000060
18491  30.584  -57.168  -9.496 0.1000000015
18489  32.740  -57.422  -10.004 0.1000000015
19592  32.309  -55.935  -10.189 0.1000000015
19589  35.527  -56.242  -10.497 0.1000000015
18509  34.102  -57.357  -10.265 0.1000000015
126936  33.955  -55.593  -10.467 0.1000000015
123741  33.129  -55.721  -10.320 0.1000000015
19590  34.496  -56.423  -10.427 0.1000000015
20633  33.467  -54.828  -10.416 0.1000000015
119274  35.265  -54.356  -10.810 0.1000000015
129347  34.648  -53.557  -10.800 0.1000000015
23808  34.299  -52.512  -11.008 0.1000000015
23809  33.661  -52.096  -10.887 0.2000000030
24968  33.440  -51.370  -11.159 0.2000000030
24986  33.877  -50.749  -12.130 0.2000000030
24994  33.929  -50.686  -12.991 0.2000000030
25002  33.727  -50.988  -13.389 0.2000000030
25024  28.772  -51.994  -15.562 0.2000000030
23836  32.471  -52.068  -13.180 0.2000000030
125072  28.068  -52.440  -15.845 0.2000000030
23858  27.263  -52.257  -14.855 0.2000000030
25016  27.490  -52.071  -13.914 0.2000000030
25007  27.745  -51.857  -13.113 0.2000000030
119619  27.313  -52.344  -15.685 0.2000000030
23859  26.809  -52.536  -14.243 0.2000000030
126836  26.472  -52.945  -13.779 0.2000000030
23850  26.833  -52.954  -13.047 0.2000000030
23840  27.446  -52.457  -12.839 0.3000000119
22773  26.823  -53.669  -12.875 0.2000000030
21723  27.378  -54.306  -12.631 0.4000000060
23871  25.639  -52.458  -15.202 0.2000000030
23860  26.063  -52.751  -14.517 0.3000000119
22789  25.779  -53.311  -14.113 0.3000000119
134618  25.663  -53.886  -13.846 0.4000000060
21732  26.144  -54.321  -13.423 0.3000000119
21724  26.752  -54.504  -12.977 0.4000000060
20657  27.866  -55.057  -12.624 0.5000000000
21721  29.306  -54.457  -12.479 0.4000000060
116723  29.284  -55.812  -12.637 0.5000000000
22843  24.419  -53.379  -17.061 0.5000000000
22815  24.486  -53.437  -16.262 0.4000000060
21741  24.571  -54.037  -15.100 0.4000000060
21745  24.955  -54.606  -14.676 0.4000000060
20680  25.478  -55.194  -14.348 0.4000000060
20679  26.135  -55.622  -14.016 0.5000000000
19630  26.844  -56.026  -13.674 0.5000000000
19612  27.334  -55.645  -13.037 0.5000000000
19610  29.034  -56.635  -12.760 0.5000000000
20685  24.810  -55.168  -16.065 0.5000000000
118836  25.231  -55.811  -16.073 0.5000000000
19646  26.167  -56.793  -16.058 0.5000000000
18581  26.771  -57.215  -16.530 0.5000000000
18580  27.433  -57.538  -16.207 0.5000000000
18572  27.632  -57.498  -15.317 0.5000000000
18563  28.295  -57.666  -14.534 0.5000000000
18493  28.855  -57.296  -9.326 0.1000000015
125806  30.186  -57.562  -9.388 0.1000000015
19577  29.785  -56.828  -9.517 0.1000000015
132656  29.440  -55.975  -9.549 0.1000000015
20610  30.939  -55.617  -9.826 0.1000000015
123233  30.425  -55.135  -9.763 0.1000000015
21678  31.077  -54.742  -9.900 0.1000000015
134386  30.310  -54.323  -9.769 0.1000000015
21700  31.931  -54.177  -10.150 0.1000000015
22749  31.516  -53.255  -10.157 0.1000000015
22747  33.826  -53.418  -10.609 0.1000000015
23810  32.928  -52.191  -10.580 0.2000000030
23811  31.946  -52.265  -10.346 0.2000000030
24969  32.625  -51.380  -10.747 0.2000000030
26109  33.361  -50.303  -12.531 0.2000000030
25003  32.785  -51.004  -13.362 0.2000000030
25023  29.621  -51.367  -15.675 0.1000000015
26162  28.815  -51.020  -14.967 0.2000000030
25025  28.046  -51.723  -14.660 0.2000000030
118772  28.166  -51.328  -13.649 0.2000000030
23837  31.374  -52.474  -12.734 0.2000000030
26160  30.088  -50.431  -15.722 0.1000000015
133961  29.349  -50.499  -15.259 0.1000000015
26149  28.552  -50.695  -14.172 0.1000000015
22772  27.608  -53.472  -12.517 0.2000000030
119536  30.575  -53.884  -12.527 0.3000000119
22768  31.162  -53.429  -12.602 0.2000000030
24998  28.072  -51.922  -12.685 0.1000000015
119893  27.825  -52.677  -12.532 0.1000000015
22771  28.431  -53.241  -12.414 0.3000000119
119535  29.804  -53.830  -12.471 0.2000000030
19640  26.527  -56.332  -14.450 0.5000000000
19629  27.620  -56.452  -13.380 0.5000000000
19611  28.318  -55.965  -12.813 0.5000000000
19628  28.370  -56.900  -13.115 0.5000000000
119419  26.306  -56.592  -15.249 0.5000000000
18565  26.977  -56.977  -14.888 0.5000000000
18553  27.932  -57.133  -13.840 0.5000000000
18573  26.859  -57.129  -15.704 0.5000000000
18474  28.167  -57.757  -9.019 0.1000000015
19562  27.195  -56.380  -8.947 0.1000000015
20613  28.119  -55.236  -9.432 0.1000000015
19579  28.025  -56.006  -9.360 0.1000000015
20612  28.799  -55.569  -9.470 0.1000000015
21681  27.767  -54.578  -9.416 0.1000000015
120114  29.630  -55.116  -9.625 0.1000000015
118951  29.818  -53.710  -9.702 0.1000000015
117529  29.066  -53.714  -9.545 0.1000000015
22726  30.567  -53.317  -9.910 0.1000000015
22750  31.120  -52.643  -10.143 0.2000000030
26093  32.372  -50.713  -10.951 0.2000000030
26110  33.083  -50.539  -11.528 0.2000000030
119782  32.416  -50.064  -11.490 0.2000000030
123570  32.852  -49.981  -12.184 0.2000000030
26132  33.267  -50.414  -13.152 0.2000000030
26133  32.483  -50.243  -13.159 0.2000000030
24995  31.900  -51.601  -13.117 0.2000000030
27235  30.269  -49.526  -15.739 0.1000000015
120825  29.497  -49.759  -15.250 0.1000000015
27215  28.973  -49.950  -14.104 0.1000000015
26137  28.833  -50.489  -13.623 0.1000000015
25006  28.401  -51.245  -13.038 0.1000000015
23838  30.484  -52.175  -12.606 0.1000000015
24996  31.081  -51.554  -12.857 0.2000000030
26123  28.984  -50.700  -13.087 0.1000000015
24997  28.970  -51.448  -12.686 0.1000000015
23839  28.633  -52.379  -12.474 0.1000000015
22770  29.297  -53.080  -12.418 0.2000000030
22769  30.327  -53.036  -12.497 0.2000000030
19564  25.819  -55.939  -8.229 0.1000000015
20591  26.725  -55.767  -8.858 0.1000000015
20580  25.275  -55.345  -7.794 0.1000000015
20614  27.308  -55.380  -9.218 0.1000000015
21664  26.118  -54.312  -8.811 0.1000000015
131132  26.692  -53.828  -9.199 0.1000000015
118164  28.187  -53.837  -9.519 0.1000000015
22727  29.602  -52.914  -9.750 0.1000000015
23790  29.802  -52.120  -9.865 0.1000000015
23812  31.129  -51.894  -10.239 0.1000000015
24946  30.368  -51.631  -10.099 0.1000000015
24971  31.050  -51.001  -10.404 0.1000000015
26094  31.759  -50.423  -10.849 0.2000000030
26121  32.771  -49.978  -12.800 0.2000000030
27187  32.247  -49.595  -12.356 0.2000000030
26134  31.635  -49.997  -13.206 0.1000000015
25004  31.845  -50.786  -13.238 0.2000000030
28320  31.322  -48.291  -16.049 0.1000000015
28321  30.321  -48.534  -15.595 0.1000000015
27236  29.665  -49.056  -15.253 0.1000000015
28293  29.535  -48.469  -14.143 0.1000000015
27214  29.395  -49.318  -13.915 0.1000000015
26122  30.098  -51.472  -12.747 0.2000000030
22703  25.129  -53.903  -7.859 0.1000000015
22713  26.197  -53.359  -8.903 0.1000000015
22729  26.971  -53.083  -9.394 0.1000000015
121460  28.458  -52.955  -9.649 0.1000000015
24947  29.531  -51.436  -9.944 0.1000000015
24972  30.173  -50.765  -10.262 0.1000000015
131831  30.914  -49.977  -10.754 0.1000000015
26112  31.096  -49.299  -11.494 0.2000000030
26111  31.741  -49.668  -11.454 0.2000000030
27188  31.522  -49.192  -12.236 0.1000000015
29384  29.769  -47.147  -13.878 0.1000000015
126565  29.698  -47.791  -13.558 0.1000000015
27203  31.066  -48.905  -12.819 0.1000000015
27212  31.347  -49.381  -13.086 0.1000000015
27202  31.758  -49.306  -12.779 0.1000000015
28308  29.986  -47.837  -15.116 0.1000000015
28292  29.711  -48.474  -13.609 0.1000000015
27213  30.267  -49.025  -13.341 0.1000000015
26135  30.612  -49.822  -13.289 0.1000000015
25005  30.851  -50.689  -13.089 0.1000000015
26136  29.582  -49.928  -13.481 0.1000000015
132221  29.801  -50.660  -13.070 0.1000000015
23778  25.705  -52.787  -8.355 0.1000000015
23777  26.388  -52.461  -8.875 0.1000000015
24949  27.719  -51.403  -9.469 0.1000000015
24948  28.536  -51.239  -9.762 0.1000000015
26095  29.227  -50.589  -10.070 0.1000000015
122197  29.811  -49.876  -10.466 0.1000000015
30453  29.706  -46.381  -11.608 0.1000000015
29353  29.357  -47.020  -11.450 0.1000000015
28251  28.940  -48.064  -10.761 0.1000000015
27190  29.650  -48.459  -11.501 0.1000000015
27168  30.267  -49.212  -11.140 0.1000000015
30452  30.199  -45.891  -12.149 0.1000000015
29368  29.486  -47.020  -12.210 0.1000000015
28267  29.454  -47.646  -11.699 0.1000000015
28266  29.792  -48.164  -12.225 0.1000000015
27189  30.612  -48.724  -12.102 0.1000000015
30475  30.218  -46.014  -12.918 0.1000000015
30491  29.884  -46.563  -13.362 0.1000000015
122667  29.574  -47.057  -13.072 0.1000000015
28280  29.602  -47.623  -12.670 0.1000000015
26077  28.490  -50.387  -9.792 0.1000000015
27147  27.973  -48.932  -9.644 0.1000000015
26096  28.745  -49.658  -10.140 0.1000000015
27170  28.589  -48.748  -10.244 0.1000000015
123017  29.847  -46.065  -10.829 0.1000000015
29340  29.158  -47.368  -10.962 0.1000000015
29341  28.690  -47.324  -10.224 0.1000000015
27169  29.301  -48.999  -10.708 0.1000000015
119896  30.339  -45.761  -11.321 0.1000000015
15523  33.429  -60.240  -14.478 0.4000000060
17525  29.230  -58.726  -16.447 0.5000000000
16482  32.792  -59.340  -13.681 0.4000000060
18548  32.961  -57.470  -13.206 0.4000000060
117170  39.977  -55.844  -12.138 0.1000000015
21716  36.951  -53.487  -12.985 0.1000000015
18545  35.605  -57.035  -13.247 0.2000000030
19625  32.542  -56.763  -13.106 0.4000000060
19626  31.714  -56.807  -12.985 0.4000000060
18485  36.752  -58.191  -9.576 0.1000000015
20630  37.179  -55.357  -11.014 0.1000000015
24993  34.506  -51.118  -12.645 0.2000000030
21729  35.972  -54.119  -13.675 0.2000000030
125808  34.445  -54.702  -13.425 0.2000000030
127743  34.336  -55.577  -13.396 0.2000000030
20669  33.619  -55.120  -13.239 0.3000000119
22780  33.270  -52.431  -13.387 0.2000000030
20653  31.835  -55.257  -12.724 0.3000000119
18618  26.280  -57.891  -20.453 0.5000000000
18487  34.700  -58.141  -9.761 0.1000000015
18508  35.088  -57.366  -10.191 0.1000000015
19591  33.626  -56.488  -10.366 0.1000000015
127745  36.266  -55.589  -10.752 0.1000000015
126937  34.847  -55.411  -10.566 0.1000000015
22745  35.699  -53.342  -11.349 0.1000000015
22760  35.992  -52.631  -12.366 0.1000000015
23824  34.198  -51.504  -11.551 0.2000000030
21720  30.242  -54.673  -12.506 0.4000000060
19680  25.728  -56.725  -19.256 0.5000000000
126949  26.005  -56.738  -18.497 0.5000000000
20724  25.026  -55.653  -19.133 0.5000000000
20690  24.603  -54.797  -16.817 0.5000000000
19574  32.127  -56.815  -9.982 0.1000000015
19576  30.728  -56.473  -9.657 0.1000000015
132235  32.860  -56.598  -10.222 0.1000000015
20635  31.721  -55.276  -10.075 0.1000000015
20632  34.314  -54.658  -10.569 0.1000000015
21699  33.059  -53.938  -10.381 0.1000000015
120581  33.368  -52.899  -10.573 0.1000000015
23869  28.911  -52.855  -16.162 0.2000000030
23849  27.123  -52.490  -13.398 0.2000000030
23870  26.536  -52.360  -15.118 0.2000000030
22781  26.268  -53.515  -13.487 0.3000000119
21722  28.339  -54.202  -12.459 0.4000000060
22799  24.774  -53.316  -15.109 0.5000000000
23861  25.320  -53.020  -14.744 0.4000000060
21733  25.463  -54.457  -14.029 0.4000000060
20671  25.860  -54.978  -13.740 0.5000000000
20670  26.521  -55.188  -13.306 0.5000000000
20656  28.790  -55.112  -12.545 0.5000000000
119488  29.039  -53.765  -12.438 0.3000000119
117357  24.585  -52.507  -16.556 0.5000000000
23896  24.677  -52.880  -15.750 0.5000000000
20684  25.145  -55.422  -15.233 0.5000000000
19641  25.812  -55.944  -14.787 0.5000000000
19561  28.018  -56.921  -9.269 0.1000000015
19578  28.817  -56.444  -9.433 0.1000000015
20611  30.155  -55.867  -9.692 0.1000000015
21679  29.519  -54.292  -9.599 0.1000000015
22725  31.096  -53.954  -9.937 0.1000000015
22748  32.451  -53.134  -10.354 0.1000000015
26161  29.006  -50.125  -14.650 0.1000000015
18475  27.303  -57.387  -8.680 0.1000000015
131698  26.654  -56.885  -8.507 0.1000000015
21680  28.736  -54.617  -9.489 0.1000000015
21682  26.930  -54.520  -9.223 0.1000000015
23789  30.442  -52.429  -9.986 0.2000000030
24970  31.823  -51.287  -10.535 0.2000000030
124254  29.605  -52.252  -12.495 0.1000000015
20592  26.497  -55.136  -8.905 0.1000000015
19555  25.350  -56.309  -7.644 0.1000000015
21654  24.944  -54.513  -7.558 0.1000000015
21665  25.446  -54.483  -8.176 0.1000000015
20593  25.864  -55.152  -8.459 0.1000000015
22714  25.577  -53.668  -8.368 0.1000000015
120013  27.366  -53.858  -9.408 0.1000000015
22728  27.711  -53.290  -9.559 0.1000000015
23791  29.009  -52.133  -9.746 0.1000000015
27201  32.145  -49.619  -13.046 0.2000000030
28309  29.620  -48.440  -14.886 0.1000000015
123803  29.302  -49.258  -14.562 0.1000000015
23767  25.160  -53.170  -7.811 0.1000000015
135660  27.184  -52.060  -9.303 0.1000000015
118277  27.655  -52.700  -9.578 0.1000000015
23792  28.065  -52.084  -9.650 0.1000000015
29383  30.127  -46.690  -13.998 0.1000000015
29402  30.206  -47.146  -14.693 0.1000000015
29403  29.729  -47.783  -14.419 0.1000000015
28279  29.986  -48.405  -12.923 0.1000000015
24929  25.911  -51.903  -8.258 0.1000000015
24928  26.573  -51.578  -8.694 0.1000000015
24927  27.162  -51.112  -9.009 0.1000000015
30432  29.337  -46.702  -10.720 0.1000000015
30476  29.768  -46.457  -12.570 0.1000000015
122544  28.105  -49.819  -9.590 0.1000000015
28252  28.286  -48.086  -9.950 0.1000000015
127836  29.714  -46.210  -10.121 0.1000000015
30431  30.544  -45.837  -10.402 0.1000000015
15559  36.655  -60.693  -17.853 0.1000000015
15571  36.837  -60.823  -18.810 0.1000000015
15560  35.757  -60.670  -17.536 0.1000000015
15547  35.518  -60.714  -16.734 0.1000000015
15535  35.276  -60.731  -15.850 0.1000000015
15534  36.737  -60.666  -15.897 0.1000000015
118911  36.017  -60.629  -15.181 0.1000000015
15570  37.635  -60.866  -18.287 0.2000000030
15521  35.675  -60.422  -14.163 0.1000000015
15584  36.745  -60.778  -19.708 0.2000000030
15572  35.905  -60.712  -18.323 0.1000000015
15598  36.760  -60.718  -20.617 0.2000000030
115345  35.102  -60.537  -18.049 0.1000000015
15536  34.427  -60.663  -15.606 0.1000000015
15614  36.719  -60.629  -21.600 0.2000000030
15585  35.895  -60.669  -20.025 0.2000000030
15561  34.931  -60.635  -17.309 0.2000000030
132565  35.282  -60.625  -18.705 0.2000000030
15573  34.521  -60.566  -18.649 0.2000000030
15548  34.703  -60.712  -16.517 0.3000000119
15537  33.596  -60.509  -15.365 0.3000000119
120991  34.245  -60.663  -17.058 0.3000000119
132876  33.109  -60.465  -16.683 0.3000000119
15586  34.993  -60.620  -19.463 0.2000000030
115304  33.988  -60.516  -19.304 0.2000000030
14614  36.440  -61.070  -23.308 0.2000000030
15574  33.607  -60.506  -18.602 0.2000000030
15615  35.745  -60.490  -21.737 0.2000000030
11611  36.055  -63.520  -26.185 0.1000000015
15625  36.612  -60.688  -22.525 0.2000000030
15599  35.873  -60.506  -20.905 0.2000000030
117758  33.170  -60.498  -17.962 0.3000000119
137738  32.565  -60.305  -16.530 0.4000000060
13635  36.709  -62.540  -24.884 0.1000000015
14624  37.120  -61.504  -23.981 0.1000000015
115229  34.266  -60.550  -20.174 0.2000000030
116078  33.238  -60.427  -19.170 0.2000000030
12679  36.535  -63.045  -25.655 0.1000000015
126008  32.445  -60.354  -18.039 0.4000000060
13626  37.015  -61.926  -24.598 0.2000000030
15600  34.966  -60.601  -20.972 0.2000000030
14625  36.130  -61.707  -24.110 0.2000000030
12693  36.158  -63.054  -26.741 0.1000000015
116950  36.046  -62.902  -27.054 0.2000000030
13659  36.346  -62.951  -26.398 0.1000000015
115332  35.240  -61.277  -23.259 0.2000000030
114925  34.038  -60.639  -20.978 0.2000000030
15601  33.486  -60.575  -20.414 0.2000000030
15588  32.644  -60.411  -19.483 0.4000000060
13648  36.411  -62.708  -25.686 0.1000000015
15602  32.665  -60.549  -20.259 0.4000000060
15576  31.887  -60.215  -18.449 0.4000000060
14626  34.895  -61.735  -23.893 0.3000000119
116361  34.102  -61.657  -23.237 0.3000000119
13636  36.442  -62.252  -24.975 0.2000000030
13638  34.314  -62.343  -25.048 0.4000000060
121728  32.076  -60.390  -19.822 0.4000000060
127322  30.681  -59.639  -18.351 0.4000000060
14608  33.729  -61.021  -21.673 0.3000000119
13628  32.949  -62.209  -24.112 0.4000000060
13627  33.905  -62.090  -24.180 0.3000000119
25045  31.221  -52.114  -16.443 0.1000000015
16528  31.161  -59.936  -18.981 0.4000000060
14609  32.748  -61.310  -21.711 0.4000000060
15590  31.414  -60.219  -19.807 0.5000000000
14627  33.083  -61.916  -23.368 0.4000000060
14616  33.380  -61.511  -22.465 0.4000000060
14617  32.412  -61.629  -22.644 0.4000000060
129413  30.197  -52.146  -16.190 0.1000000015
128728  29.436  -52.268  -15.982 0.1000000015
16538  30.513  -59.900  -19.915 0.4000000060
15604  30.951  -60.371  -20.547 0.5000000000
15619  31.293  -60.798  -21.223 0.5000000000
23868  29.604  -52.929  -16.373 0.1000000015
22814  29.075  -53.766  -17.018 0.1000000015
22797  29.088  -53.442  -16.605 0.1000000015
23892  27.886  -52.804  -16.588 0.1000000015
14551  37.488  -60.685  -17.412 0.1000000015
15546  36.500  -60.658  -16.871 0.1000000015
116845  35.993  -60.733  -16.119 0.1000000015
15545  37.520  -60.640  -16.529 0.1000000015
132068  36.920  -60.579  -15.097 0.1000000015
15505  36.244  -60.019  -13.626 0.1000000015
114824  31.304  -59.816  -17.193 0.4000000060
14590  38.200  -61.499  -19.664 0.1000000015
15575  32.684  -60.377  -18.707 0.3000000119
15616  34.724  -60.663  -21.725 0.2000000030
15589  31.954  -60.300  -19.202 0.4000000060
15617  33.143  -60.845  -20.962 0.3000000119
15603  31.769  -60.507  -20.410 0.4000000060
23867  30.332  -53.072  -16.577 0.1000000015
22798  28.666  -53.248  -16.651 0.1000000015
15519  37.747  -60.411  -14.626 0.1000000015
10602  24.595  -65.180  -26.665 0.1000000015
10621  25.144  -65.957  -26.996 0.1000000015
8835  26.219  -67.096  -27.820 0.1000000015
9640  24.204  -65.976  -26.913 0.1000000015
117503  26.394  -65.962  -27.518 0.1000000015
120939  23.742  -65.214  -26.602 0.1000000015
9642  22.173  -66.082  -26.664 0.1000000015
9641  23.143  -65.865  -26.689 0.1000000015
6518  26.140  -70.984  -21.188 0.1000000015
121969  22.273  -66.674  -23.809 0.1000000015
9619  21.955  -66.006  -24.218 0.1000000015
11618  26.095  -64.417  -26.704 0.1000000015
10601  25.499  -65.182  -26.817 0.1000000015
10589  22.095  -65.198  -25.507 0.1000000015
132994  26.769  -64.759  -27.128 0.1000000015
10605  21.734  -65.788  -25.954 0.1000000015
10631  27.013  -66.024  -28.117 0.1000000015
7253  26.327  -69.844  -19.733 0.1000000015
6530  26.870  -71.644  -21.906 0.1000000015
119999  27.258  -71.714  -22.531 0.1000000015
7940  26.910  -68.828  -18.373 0.1000000015
7236  26.673  -69.278  -18.947 0.1000000015
6503  26.496  -70.501  -20.498 0.1000000015
6517  27.230  -70.956  -21.221 0.1000000015
5766  27.836  -71.267  -23.146 0.1000000015
8011  24.453  -68.608  -23.361 0.1000000015
8798  22.936  -67.365  -23.562 0.1000000015
11619  25.035  -64.344  -26.496 0.1000000015
117861  23.921  -64.351  -26.313 0.1000000015
11617  27.004  -64.173  -26.856 0.1000000015
10618  27.474  -65.229  -28.026 0.1000000015
9662  27.270  -66.295  -28.967 0.1000000015
6529  27.870  -71.451  -22.074 0.1000000015
7925  27.471  -68.864  -17.870 0.1000000015
7235  27.545  -69.675  -18.727 0.1000000015
123908  27.317  -70.027  -19.585 0.1000000015
7252  28.220  -70.809  -20.206 0.1000000015
6515  29.362  -70.723  -21.922 0.1000000015
6528  28.711  -71.099  -22.526 0.1000000015
7290  28.626  -70.442  -23.127 0.1000000015
8009  26.671  -69.322  -23.323 0.1000000015
8004  27.233  -68.677  -23.082 0.1000000015
8010  25.548  -68.937  -23.295 0.1000000015
8790  25.686  -67.162  -22.863 0.1000000015
8797  24.017  -67.643  -23.364 0.1000000015
123075  23.665  -66.754  -23.439 0.1000000015
9610  23.321  -65.953  -23.491 0.1000000015
11603  23.009  -64.006  -24.987 0.1000000015
12696  26.490  -63.678  -26.354 0.1000000015
12684  25.160  -63.042  -25.731 0.1000000015
12698  24.605  -63.558  -26.087 0.1000000015
11604  22.506  -64.589  -25.272 0.1000000015
11635  27.485  -64.658  -27.476 0.1000000015
10619  26.907  -65.330  -27.566 0.1000000015
7282  29.610  -70.261  -22.076 0.1000000015
7908  27.606  -68.615  -16.934 0.1000000015
119371  27.984  -70.762  -19.229 0.1000000015
6502  29.286  -70.775  -20.809 0.1000000015
7267  29.947  -70.369  -21.301 0.1000000015
8003  28.227  -69.173  -22.784 0.1000000015
8788  27.490  -68.161  -22.645 0.1000000015
9600  26.388  -66.758  -22.431 0.1000000015
7924  28.087  -69.559  -17.279 0.1000000015
7224  28.271  -70.198  -17.923 0.1000000015
7234  28.354  -71.013  -18.600 0.1000000015
122956  28.887  -71.022  -19.638 0.1000000015
8005  26.158  -68.269  -23.038 0.1000000015
8791  24.634  -66.960  -23.217 0.1000000015
10554  24.550  -65.412  -22.865 0.1000000015
9609  24.194  -66.104  -23.267 0.1000000015
10565  23.750  -65.268  -23.273 0.1000000015
11577  23.386  -64.516  -23.462 0.1000000015
10566  23.025  -65.238  -23.644 0.1000000015
13644  24.476  -62.814  -24.146 0.1000000015
11590  23.082  -63.912  -23.987 0.1000000015
10567  22.489  -65.250  -24.020 0.1000000015
12683  26.044  -63.188  -25.807 0.1000000015
12685  24.436  -63.065  -25.517 0.1000000015
12671  24.050  -63.023  -24.853 0.1000000015
12695  27.446  -63.707  -26.309 0.1000000015
12705  27.740  -64.144  -27.004 0.1000000015
11642  28.154  -64.852  -28.160 0.1000000015
11634  28.308  -64.435  -27.505 0.1000000015
125610  28.930  -64.666  -28.195 0.1000000015
131502  28.984  -64.409  -27.475 0.1000000015
7978  30.398  -69.824  -20.901 0.1000000015
7996  29.525  -69.397  -21.994 0.1000000015
7896  28.385  -69.451  -16.507 0.1000000015
125321  28.897  -69.990  -15.893 0.1000000015
7223  28.718  -70.531  -17.110 0.1000000015
126212  28.982  -71.110  -17.849 0.1000000015
7233  29.752  -70.946  -19.060 0.1000000015
7251  29.969  -70.548  -20.294 0.1000000015
8778  29.088  -68.325  -21.735 0.1000000015
8779  28.107  -68.019  -22.096 0.1000000015
9591  27.528  -66.884  -21.554 0.1000000015
9592  26.767  -66.358  -21.870 0.1000000015
9593  26.074  -65.939  -22.130 0.1000000015
9602  25.068  -66.248  -22.934 0.1000000015
10543  25.627  -65.301  -21.754 0.1000000015
10553  25.316  -65.526  -22.378 0.1000000015
11563  25.150  -64.623  -21.874 0.1000000015
133672  24.748  -64.797  -22.427 0.1000000015
13632  24.251  -63.088  -23.308 0.1000000015
12656  24.336  -63.506  -22.684 0.1000000015
13652  26.559  -62.932  -25.252 0.1000000015
13641  27.124  -62.788  -24.608 0.1000000015
13642  26.197  -62.583  -24.532 0.1000000015
13643  25.298  -62.561  -24.353 0.1000000015
12662  23.748  -63.277  -24.006 0.1000000015
12670  28.167  -63.331  -24.644 0.1000000015
13654  24.797  -62.685  -25.035 0.1000000015
12682  27.398  -63.265  -25.414 0.1000000015
12681  28.271  -63.707  -25.726 0.1000000015
12694  28.461  -64.112  -26.730 0.1000000015
11633  29.800  -64.845  -27.853 0.1000000015
128591  28.989  -69.789  -15.069 0.1000000015
8695  28.371  -68.691  -15.633 0.1000000015
7206  29.938  -70.695  -16.329 0.1000000015
7222  29.773  -70.919  -17.104 0.1000000015
7979  29.836  -68.927  -21.298 0.1000000015
7207  29.010  -70.761  -16.343 0.1000000015
7939  31.091  -69.416  -19.342 0.1000000015
8750  30.370  -68.017  -19.952 0.1000000015
8762  29.265  -67.749  -20.934 0.1000000015
8763  28.385  -67.333  -21.246 0.1000000015
114955  29.436  -67.266  -20.188 0.1000000015
9579  27.771  -66.416  -20.733 0.1000000015
9580  27.008  -65.959  -21.098 0.1000000015
10542  26.182  -65.621  -21.391 0.1000000015
10522  26.313  -65.240  -20.514 0.1000000015
10523  25.540  -64.646  -21.001 0.1000000015
11548  24.978  -63.688  -21.341 0.1000000015
134914  24.651  -63.945  -22.182 0.1000000015
13622  24.630  -62.899  -22.476 0.1000000015
11549  24.715  -63.172  -21.876 0.1000000015
119630  26.609  -62.473  -23.824 0.1000000015
132955  24.973  -62.586  -23.325 0.1000000015
13640  27.581  -62.763  -23.763 0.1000000015
11616  29.488  -64.442  -26.916 0.1000000015
8721  31.458  -68.074  -17.594 0.1000000015
7873  29.214  -70.587  -14.286 0.1000000015
7194  29.349  -70.818  -15.636 0.1000000015
7193  30.250  -70.551  -15.833 0.1000000015
7221  30.785  -70.332  -16.843 0.1000000015
7938  31.396  -68.615  -18.483 0.1000000015
121650  30.955  -67.095  -18.234 0.1000000015
9559  30.164  -66.463  -18.691 0.1000000015
7922  31.266  -69.834  -17.616 0.1000000015
8737  29.790  -66.803  -19.484 0.1000000015
10491  28.190  -65.654  -19.005 0.1000000015
10506  27.308  -65.369  -19.367 0.1000000015
8751  28.893  -66.352  -19.693 0.1000000015
9570  28.010  -65.966  -19.938 0.1000000015
10507  26.556  -64.914  -19.667 0.1000000015
11536  25.385  -63.536  -20.514 0.1000000015
12639  25.563  -62.923  -20.288 0.1000000015
12650  25.044  -62.927  -21.064 0.1000000015
13620  26.084  -62.379  -22.192 0.1000000015
13615  24.902  -62.804  -21.781 0.1000000015
13629  27.853  -62.784  -22.810 0.1000000015
13630  26.885  -62.435  -22.984 0.1000000015
12661  28.611  -63.364  -23.504 0.1000000015
12669  29.047  -64.014  -25.075 0.1000000015
7180  31.490  -69.789  -14.940 0.1000000015
7167  29.388  -71.067  -13.612 0.1000000015
7181  30.614  -70.553  -14.713 0.1000000015
7895  31.847  -69.382  -15.424 0.1000000015
7907  31.759  -69.198  -16.909 0.1000000015
8705  31.473  -67.722  -16.654 0.1000000015
7874  29.034  -70.358  -13.341 0.1000000015
7182  29.642  -71.090  -14.441 0.1000000015
7906  31.886  -69.433  -16.083 0.1000000015
9538  30.880  -66.932  -17.274 0.1000000015
9548  30.237  -66.272  -17.779 0.1000000015
9549  29.435  -65.891  -18.126 0.1000000015
131469  27.470  -65.046  -18.723 0.1000000015
11514  26.871  -64.577  -18.948 0.1000000015
11515  26.262  -64.035  -19.280 0.1000000015
11516  25.855  -63.430  -19.764 0.1000000015
12638  26.108  -62.892  -19.644 0.1000000015
13603  25.548  -62.641  -20.821 0.1000000015
138722  26.783  -62.528  -20.780 0.1000000015
12655  28.725  -63.249  -22.383 0.1000000015
13619  27.103  -62.501  -22.085 0.1000000015
117035  29.289  -63.759  -22.952 0.1000000015
11575  29.981  -64.857  -23.645 0.1000000015
7166  30.357  -70.983  -13.724 0.1000000015
7886  32.030  -68.859  -14.686 0.1000000015
8694  31.710  -67.890  -15.813 0.1000000015
8693  32.029  -68.693  -15.621 0.1000000015
9539  29.998  -66.080  -16.702 0.1000000015
10482  29.432  -65.754  -17.330 0.1000000015
10483  28.593  -65.235  -17.504 0.1000000015
11481  27.785  -64.246  -17.455 0.1000000015
11494  27.314  -64.339  -18.299 0.1000000015
12599  26.867  -63.103  -18.702 0.1000000015
12618  26.348  -63.318  -19.169 0.1000000015
115919  27.629  -62.627  -19.597 0.1000000015
134241  26.583  -62.867  -19.179 0.1000000015
13600  28.195  -62.719  -20.444 0.1000000015
13601  27.173  -62.606  -20.337 0.1000000015
13610  29.079  -63.060  -20.854 0.1000000015
13612  27.438  -62.597  -21.199 0.1000000015
12637  29.831  -63.411  -21.092 0.1000000015
12649  29.263  -63.373  -21.634 0.1000000015
13618  27.956  -62.761  -22.000 0.1000000015
12654  29.587  -63.770  -22.305 0.1000000015
133251  30.597  -65.343  -23.310 0.1000000015
10563  32.284  -66.449  -23.629 0.1000000015
7165  31.514  -69.959  -14.175 0.1000000015
8681  31.411  -67.292  -15.088 0.1000000015
123658  30.787  -66.768  -16.472 0.1000000015
9530  30.322  -66.235  -15.796 0.1000000015
6456  30.509  -70.729  -12.742 0.1000000015
9529  31.097  -67.036  -15.834 0.1000000015
10474  28.946  -65.164  -16.530 0.1000000015
11472  28.115  -63.813  -16.736 0.1000000015
12579  27.889  -63.383  -17.303 0.1000000015
12598  27.391  -63.482  -18.091 0.1000000015
13549  27.889  -62.872  -17.903 0.1000000015
13599  29.695  -63.092  -20.322 0.1000000015
13581  28.528  -62.666  -19.507 0.1000000015
131108  28.987  -62.851  -20.136 0.1000000015
126762  29.914  -63.717  -21.719 0.1000000015
12653  30.323  -64.199  -22.143 0.1000000015
11561  30.818  -64.925  -22.569 0.1000000015
10551  33.054  -66.075  -22.463 0.1000000015
11574  34.797  -65.052  -23.813 0.1000000015
7857  31.766  -69.056  -12.180 0.1000000015
123204  31.435  -69.782  -13.101 0.1000000015
121831  32.092  -68.263  -13.009 0.1000000015
9520  31.718  -67.744  -14.394 0.1000000015
10456  30.371  -65.858  -14.160 0.1000000015
10467  29.921  -65.615  -14.935 0.1000000015
8665  31.953  -68.293  -13.818 0.1000000015
11470  28.899  -64.638  -15.710 0.1000000015
11471  28.471  -64.242  -16.184 0.1000000015
13548  28.297  -62.846  -17.207 0.1000000015
121378  29.526  -62.526  -17.978 0.1000000015
116169  29.002  -62.594  -18.728 0.1000000015
12613  35.882  -64.397  -18.880 0.1000000015
11512  35.116  -64.981  -18.993 0.1000000015
11493  34.236  -65.204  -18.743 0.1000000015
12615  32.641  -63.991  -19.382 0.1000000015
12616  31.982  -63.558  -19.779 0.1000000015
133901  30.794  -62.736  -18.941 0.1000000015
13580  29.434  -62.767  -19.545 0.1000000015
130279  35.704  -64.661  -19.579 0.1000000015
118804  34.777  -65.124  -19.793 0.1000000015
11513  32.938  -64.783  -19.748 0.1000000015
13598  30.423  -62.966  -19.706 0.1000000015
12612  36.672  -63.932  -19.425 0.1000000015
11511  36.462  -64.238  -20.040 0.1000000015
10540  33.203  -65.545  -20.856 0.1000000015
12647  31.385  -64.320  -21.199 0.1000000015
12636  30.465  -63.408  -20.581 0.1000000015
12611  37.450  -63.287  -19.506 0.1000000015
12633  37.014  -63.627  -20.606 0.1000000015
11544  34.937  -64.989  -21.002 0.1000000015
11547  31.081  -64.537  -21.885 0.1000000015
11559  34.793  -65.189  -22.011 0.1000000015
131555  31.515  -65.166  -22.241 0.1000000015
12652  36.924  -63.513  -22.527 0.1000000015
133644  33.842  -65.722  -22.453 0.1000000015
11573  35.597  -64.476  -23.438 0.1000000015
7840  31.818  -68.562  -11.288 0.1000000015
137093  32.001  -68.844  -12.841 0.1000000015
126313  31.940  -68.327  -12.146 0.1000000015
8645  31.901  -67.421  -12.188 0.1000000015
9506  31.609  -67.320  -13.341 0.1000000015
9507  30.878  -66.175  -13.380 0.1000000015
10457  29.768  -65.020  -14.131 0.1000000015
11462  29.253  -64.606  -14.904 0.1000000015
12561  28.467  -63.530  -16.201 0.1000000015
13530  28.614  -62.933  -16.505 0.1000000015
13546  29.994  -62.482  -17.194 0.1000000015
13545  31.557  -62.604  -17.836 0.1000000015
13565  29.964  -62.649  -18.837 0.1000000015
11492  35.025  -64.941  -18.233 0.1000000015
12596  33.575  -64.520  -18.399 0.1000000015
13578  32.230  -63.238  -19.020 0.1000000015
12594  35.722  -64.174  -17.988 0.1000000015
13576  38.376  -62.472  -19.980 0.1000000015
12632  37.640  -63.162  -20.255 0.1000000015
123955  31.851  -68.090  -10.434 0.1000000015
8629  32.010  -67.708  -11.160 0.1000000015
9491  31.499  -66.480  -12.544 0.1000000015
10424  31.092  -65.492  -12.930 0.1000000015
10440  30.343  -65.256  -13.560 0.1000000015
11455  29.677  -64.200  -14.162 0.1000000015
12560  28.935  -63.248  -15.778 0.1000000015
13528  30.401  -62.538  -16.390 0.1000000015
13529  29.392  -62.695  -16.387 0.1000000015
13544  32.054  -62.618  -17.189 0.1000000015
129328  31.028  -62.448  -17.187 0.1000000015
12577  34.948  -64.429  -17.571 0.1000000015
118812  33.069  -63.102  -17.266 0.1000000015
12574  38.247  -63.592  -17.424 0.1000000015
138952  36.530  -63.705  -16.921 0.1000000015
128644  32.475  -62.975  -18.098 0.1000000015
12591  38.735  -63.409  -18.164 0.1000000015
12592  37.655  -63.399  -17.989 0.1000000015
131728  32.326  -66.997  -10.519 0.1000000015
134200  32.023  -66.681  -11.751 0.1000000015
10423  31.923  -65.926  -12.044 0.1000000015
119027  31.665  -64.948  -12.636 0.1000000015
11441  30.687  -64.555  -13.395 0.1000000015
12501  30.645  -63.887  -13.647 0.1000000015
12521  30.264  -63.570  -14.265 0.1000000015
12542  30.229  -63.124  -15.034 0.1000000015
13514  32.712  -62.792  -15.427 0.1000000015
13527  31.443  -62.525  -16.379 0.1000000015
13525  33.575  -63.166  -16.717 0.1000000015
13526  32.621  -62.729  -16.347 0.1000000015
127701  33.894  -63.793  -17.300 0.1000000015
12593  36.577  -63.714  -17.628 0.1000000015
13543  39.209  -63.232  -18.080 0.1000000015
14589  38.809  -62.313  -19.399 0.1000000015
10409  32.630  -66.519  -10.884 0.1000000015
10422  32.512  -65.758  -11.613 0.1000000015
11412  32.997  -65.566  -11.376 0.1000000015
12500  31.287  -64.036  -13.277 0.1000000015
12520  31.178  -63.429  -13.972 0.1000000015
125229  32.004  -63.547  -13.624 0.1000000015
12541  31.024  -62.954  -14.778 0.1000000015
13515  31.772  -62.657  -15.506 0.1000000015
13513  33.572  -63.016  -15.918 0.1000000015
12558  34.906  -63.913  -16.954 0.1000000015
12559  34.328  -63.563  -16.638 0.1000000015
12575  37.338  -63.615  -17.192 0.1000000015
12576  35.632  -63.890  -17.111 0.1000000015
14564  39.203  -61.747  -18.119 0.1000000015
14565  38.481  -61.039  -17.877 0.1000000015
125158  33.216  -65.133  -11.792 0.1000000015
11426  32.538  -65.001  -12.191 0.1000000015
12484  33.045  -64.472  -12.549 0.1000000015
120217  32.842  -63.755  -13.317 0.1000000015
135805  32.759  -63.281  -14.009 0.1000000015
12519  32.103  -63.018  -14.565 0.1000000015
14549  40.224  -61.775  -16.908 0.1000000015
12553  39.050  -63.578  -17.513 0.1000000015
12557  35.398  -63.784  -16.355 0.1000000015
14550  39.292  -61.217  -17.273 0.1000000015
11425  33.977  -65.024  -11.821 0.1000000015
11439  34.816  -64.590  -12.582 0.1000000015
12499  33.758  -64.082  -13.018 0.1000000015
12497  36.173  -64.289  -13.696 0.1000000015
12498  35.290  -64.086  -13.681 0.1000000015
12518  33.521  -63.501  -13.883 0.1000000015
12516  35.674  -63.946  -14.717 0.1000000015
138071  34.104  -63.460  -14.511 0.1000000015
12539  34.411  -63.398  -15.536 0.1000000015
13524  40.113  -62.525  -16.920 0.1000000015
13512  40.404  -62.747  -16.180 0.1000000015
12554  38.619  -63.789  -16.828 0.1000000015
12555  37.221  -63.787  -16.377 0.1000000015
12556  36.172  -63.798  -16.322 0.1000000015
130220  34.897  -63.647  -16.296 0.1000000015
115338  38.640  -60.625  -16.346 0.1000000015
119904  38.171  -63.938  -16.221 0.1000000015
12496  37.035  -64.310  -13.631 0.1000000015
12517  34.872  -63.661  -14.631 0.1000000015
119673  34.379  -63.807  -13.718 0.1000000015
12515  36.464  -64.084  -14.692 0.1000000015
12536  38.617  -63.868  -15.370 0.1000000015
121806  36.787  -63.905  -15.563 0.1000000015
12538  35.230  -63.721  -15.603 0.1000000015
12537  37.709  -64.009  -15.543 0.1000000015
122978  35.919  -63.915  -15.605 0.1000000015
8013  22.487  -68.247  -23.576 0.1000000015
9611  22.572  -65.894  -23.774 0.1000000015
10620  25.820  -65.804  -27.165 0.1000000015
11620  22.979  -64.181  -25.961 0.1000000015
10579  22.177  -65.228  -24.638 0.1000000015
10603  23.021  -64.834  -26.353 0.1000000015
11621  22.553  -64.729  -26.014 0.1000000015
6504  25.601  -70.357  -20.338 0.1000000015
9612  21.680  -66.986  -24.188 0.1000000015
10580  21.659  -65.802  -25.008 0.1000000015
7268  27.310  -70.579  -20.352 0.1000000015
6542  28.552  -70.958  -23.177 0.1000000015
8796  25.070  -67.917  -23.182 0.1000000015
12697  25.557  -63.650  -26.259 0.1000000015
12686  23.725  -63.554  -25.582 0.1000000015
6516  28.442  -71.022  -21.317 0.1000000015
6527  29.088  -70.646  -22.750 0.1000000015
7291  27.761  -69.835  -23.241 0.1000000015
7298  27.149  -70.393  -23.409 0.1000000015
8002  29.125  -69.888  -22.653 0.1000000015
12672  23.467  -63.489  -24.670 0.1000000015
11591  22.646  -64.592  -24.390 0.1000000015
116185  26.796  -63.315  -25.852 0.1000000015
13653  25.676  -62.739  -25.166 0.1000000015
8780  27.183  -67.269  -22.280 0.1000000015
8789  26.717  -67.680  -22.751 0.1000000015
11576  24.151  -64.449  -22.888 0.1000000015
123304  23.750  -63.734  -23.349 0.1000000015
7959  30.670  -69.807  -20.039 0.1000000015
7923  30.473  -70.586  -18.198 0.1000000015
122000  25.795  -62.456  -23.827 0.1000000015
8736  30.745  -67.434  -19.191 0.1000000015
9578  28.606  -66.805  -20.442 0.1000000015
10521  27.107  -65.684  -20.174 0.1000000015
11535  25.888  -64.294  -20.047 0.1000000015
13621  25.184  -62.546  -22.327 0.1000000015
119862  29.043  -63.823  -24.265 0.1000000015
11602  29.823  -64.674  -25.370 0.1000000015
12680  29.180  -64.223  -26.011 0.1000000015
136911  29.297  -70.847  -14.960 0.1000000015
7205  31.091  -70.220  -16.311 0.1000000015
9560  29.269  -66.023  -18.944 0.1000000015
10490  28.679  -65.590  -18.343 0.1000000015
13613  26.304  -62.453  -21.244 0.1000000015
11589  29.737  -64.619  -24.416 0.1000000015
7192  31.118  -70.202  -15.548 0.1000000015
10484  27.922  -65.045  -18.156 0.1000000015
11495  26.765  -63.786  -18.702 0.1000000015
13602  26.232  -62.629  -20.350 0.1000000015
13583  26.773  -62.719  -19.656 0.1000000015
11562  29.966  -64.457  -22.923 0.1000000015
11588  30.406  -65.508  -24.099 0.1000000015
8680  31.872  -68.057  -15.153 0.1000000015
7872  32.073  -69.006  -13.634 0.1000000015
124045  29.497  -65.410  -15.738 0.1000000015
11480  28.338  -64.533  -16.860 0.1000000015
13582  27.179  -62.723  -19.014 0.1000000015
13566  28.026  -62.648  -18.712 0.1000000015
13611  28.467  -62.927  -21.431 0.1000000015
11560  31.572  -65.797  -22.915 0.1000000015
10564  31.190  -66.123  -23.797 0.1000000015
122504  32.519  -66.162  -22.866 0.1000000015
10466  30.688  -66.457  -15.007 0.1000000015
12578  28.235  -63.268  -16.751 0.1000000015
120580  28.618  -62.642  -17.930 0.1000000015
12648  30.584  -63.891  -21.355 0.1000000015
119157  33.951  -65.796  -23.424 0.1000000015
10552  32.336  -65.638  -22.186 0.1000000015
10541  33.153  -65.776  -21.738 0.1000000015
122638  34.757  -65.219  -22.948 0.1000000015
9521  31.091  -66.762  -14.191 0.1000000015
11463  28.751  -63.926  -15.510 0.1000000015
13547  29.021  -62.592  -17.162 0.1000000015
12614  33.306  -64.640  -19.058 0.1000000015
116794  33.698  -65.268  -19.590 0.1000000015
12634  32.395  -64.185  -19.998 0.1000000015
129778  31.098  -63.784  -20.781 0.1000000015
12617  31.226  -63.384  -20.175 0.1000000015
13579  31.392  -63.035  -19.399 0.1000000015
122590  30.631  -62.546  -18.089 0.1000000015
11531  33.967  -65.402  -20.428 0.1000000015
11533  32.570  -64.886  -20.497 0.1000000015
13563  38.183  -63.089  -18.908 0.1000000015
11530  35.708  -64.680  -20.413 0.1000000015
11545  32.503  -65.356  -21.295 0.1000000015
10539  33.997  -65.483  -21.403 0.1000000015
120395  38.601  -62.688  -19.324 0.1000000015
11543  35.784  -64.613  -21.203 0.1000000015
11557  36.314  -64.027  -23.003 0.1000000015
11558  35.531  -64.679  -22.504 0.1000000015
12595  34.257  -64.622  -17.895 0.1000000015
124408  34.482  -64.113  -17.330 0.1000000015
118033  33.411  -63.797  -17.947 0.1000000015
14578  39.164  -62.279  -18.729 0.1000000015
12522  29.424  -63.635  -14.952 0.1000000015
13516  30.765  -62.689  -15.603 0.1000000015
13542  39.516  -62.986  -17.507 0.1000000015
14563  39.396  -62.612  -18.168 0.1000000015
14610  31.776  -61.296  -21.926 0.4000000060
13651  33.044  -62.247  -25.253 0.3000000119
14635  32.592  -62.115  -24.548 0.3000000119
14628  32.194  -61.903  -23.667 0.3000000119
14618  31.519  -61.419  -22.959 0.4000000060
15627  30.746  -60.918  -22.391 0.4000000060
14642  32.130  -61.102  -25.187 0.3000000119
14619  30.805  -60.925  -23.480 0.4000000060
12716  30.237  -63.319  -31.230 0.1000000015
13700  31.507  -62.625  -30.905 0.1000000015
15710  33.166  -60.892  -30.419 0.2000000030
16626  35.380  -59.039  -30.193 0.3000000119
17581  29.980  -58.633  -23.763 0.4000000060
13650  34.165  -62.362  -25.667 0.3000000119
119737  36.540  -57.820  -27.376 0.4000000060
17594  35.353  -58.192  -25.394 0.4000000060
16643  34.689  -59.826  -30.479 0.2000000030
17623  35.982  -57.725  -29.204 0.3000000119
17593  36.212  -57.650  -25.942 0.4000000060
18666  34.792  -57.864  -24.645 0.4000000060
18655  30.808  -58.416  -23.900 0.4000000060
12749  28.676  -64.142  -32.701 0.1000000015
15694  33.552  -59.973  -30.216 0.3000000119
18665  35.836  -57.282  -25.008 0.4000000060
17585  33.572  -58.217  -24.558 0.4000000060
18654  31.828  -58.076  -23.906 0.4000000060
12733  28.973  -63.680  -31.910 0.1000000015
18645  28.535  -58.201  -23.450 0.5000000000
15695  32.499  -60.218  -29.861 0.2000000030
16627  34.147  -59.099  -30.031 0.3000000119
18652  34.072  -57.402  -24.189 0.4000000060
18637  27.243  -57.740  -22.894 0.4000000060
18628  26.370  -57.969  -21.361 0.4000000060
18677  36.424  -57.361  -26.641 0.4000000060
19723  33.531  -56.873  -23.745 0.4000000060
18641  32.313  -57.049  -23.446 0.4000000060
18642  31.199  -57.611  -23.343 0.5000000000
12718  28.341  -63.155  -31.113 0.2000000030
13701  30.516  -62.677  -30.683 0.2000000030
14699  30.798  -61.895  -30.356 0.2000000030
16628  32.937  -59.265  -29.603 0.2000000030
14698  31.794  -61.819  -30.565 0.2000000030
18702  35.479  -57.165  -28.579 0.3000000119
18686  36.207  -57.029  -27.525 0.3000000119
12734  28.013  -63.569  -31.887 0.1000000015
18651  35.053  -57.041  -24.352 0.4000000060
17639  34.993  -58.345  -29.715 0.3000000119
19755  36.207  -56.733  -26.656 0.4000000060
19722  34.396  -56.743  -23.994 0.4000000060
18644  29.517  -57.882  -23.488 0.5000000000
18636  27.988  -57.599  -23.218 0.5000000000
18627  26.705  -57.842  -22.246 0.4000000060
19732  36.034  -56.347  -25.291 0.4000000060
19715  33.163  -56.139  -23.400 0.4000000060
18643  30.467  -57.278  -23.007 0.5000000000
19710  29.095  -56.411  -23.068 0.5000000000
18638  26.741  -57.044  -22.559 0.4000000060
13683  29.872  -62.008  -30.120 0.2000000030
14679  31.133  -61.154  -30.007 0.2000000030
17640  33.769  -58.483  -29.472 0.4000000060
138441  32.911  -58.597  -29.124 0.2000000030
17624  34.600  -57.734  -29.176 0.3000000119
117799  33.432  -58.012  -28.862 0.4000000060
18687  34.925  -56.578  -28.034 0.3000000119
20792  31.259  -55.917  -22.844 0.5000000000
19711  28.392  -56.800  -23.065 0.5000000000
121558  26.213  -56.217  -22.188 0.4000000060
19703  25.670  -56.688  -21.255 0.4000000060
18703  34.110  -57.245  -28.571 0.4000000060
20808  35.731  -55.638  -25.525 0.4000000060
19721  34.988  -56.168  -24.227 0.4000000060
20783  29.905  -56.096  -22.729 0.5000000000
14680  30.214  -61.319  -29.739 0.2000000030
13703  28.672  -62.692  -30.442 0.2000000030
15696  31.492  -60.408  -29.666 0.2000000030
19693  25.259  -56.138  -20.560 0.4000000060
16629  31.872  -59.666  -29.318 0.2000000030
19756  35.544  -56.273  -27.153 0.3000000119
20798  35.034  -55.240  -24.467 0.4000000060
20790  33.931  -55.362  -23.559 0.4000000060
12719  27.379  -63.012  -31.129 0.2000000030
15697  30.553  -60.581  -29.449 0.2000000030
17625  32.503  -58.327  -28.562 0.3000000119
18704  32.977  -57.620  -28.254 0.4000000060
19757  34.261  -56.112  -27.460 0.3000000119
137601  31.900  -55.364  -22.940 0.5000000000
124638  29.260  -55.716  -22.893 0.5000000000
20709  24.741  -54.997  -17.734 0.4000000060
13704  27.806  -62.643  -30.401 0.2000000030
13684  28.994  -62.152  -29.876 0.2000000030
20823  35.260  -55.271  -26.000 0.4000000060
21856  34.554  -54.773  -23.981 0.4000000060
20785  27.734  -55.224  -22.640 0.5000000000
19704  25.581  -55.715  -21.499 0.4000000060
23895  25.140  -52.156  -15.921 0.4000000060
122470  27.015  -62.589  -30.392 0.2000000030
14681  29.324  -61.485  -29.442 0.2000000030
16630  30.913  -59.857  -29.146 0.2000000030
16610  31.317  -59.245  -28.733 0.2000000030
21859  32.158  -54.553  -23.099 0.5000000000
115603  29.948  -55.135  -22.752 0.5000000000
13720  25.657  -62.914  -31.273 0.2000000030
18688  33.575  -56.840  -27.924 0.4000000060
19743  34.919  -55.625  -26.761 0.3000000119
20791  32.871  -55.170  -23.233 0.5000000000
138457  30.556  -55.752  -22.744 0.5000000000
129721  27.265  -56.117  -22.596 0.5000000000
130142  25.750  -62.327  -29.895 0.2000000030
115050  24.458  -52.658  -17.376 0.4000000060
20725  24.765  -55.058  -18.655 0.4000000060
20740  24.835  -55.556  -19.980 0.4000000060
13685  28.135  -62.239  -29.720 0.2000000030
17612  32.029  -57.999  -27.910 0.4000000060
20787  26.296  -55.214  -22.060 0.4000000060
20765  25.015  -55.128  -20.908 0.4000000060
13686  27.295  -62.267  -29.681 0.2000000030
15680  30.030  -60.067  -28.907 0.2000000030
122123  30.365  -59.337  -28.519 0.2000000030
14682  28.465  -61.652  -29.174 0.2000000030
126988  24.451  -53.843  -18.798 0.4000000060
21835  24.582  -54.601  -20.087 0.4000000060
21834  24.812  -54.210  -20.917 0.4000000060
21866  34.773  -54.284  -24.637 0.3000000119
21851  30.498  -54.049  -22.941 0.5000000000
119709  28.932  -55.095  -22.855 0.5000000000
20777  25.728  -54.828  -21.670 0.4000000060
18689  32.492  -57.248  -27.591 0.4000000060
20824  34.278  -55.054  -26.324 0.4000000060
21876  34.733  -54.190  -25.187 0.3000000119
121817  33.845  -54.329  -23.617 0.4000000060
19758  33.008  -56.472  -27.230 0.4000000060
22909  31.549  -53.864  -23.113 0.5000000000
14666  28.818  -61.040  -28.742 0.2000000030
22872  24.452  -53.801  -19.541 0.4000000060
137454  27.722  -54.650  -22.570 0.5000000000
127228  27.703  -54.098  -22.502 0.5000000000
21867  34.466  -53.537  -24.442 0.4000000060
21858  32.994  -54.246  -23.324 0.5000000000
135375  29.337  -54.076  -22.866 0.5000000000
22919  31.961  -52.889  -23.376 0.5000000000
22918  33.511  -52.799  -23.678 0.5000000000
15634  31.103  -60.850  -24.198 0.4000000060
17586  32.420  -58.604  -24.485 0.4000000060
22856  24.442  -53.401  -18.007 0.4000000060
21811  24.536  -54.481  -19.153 0.4000000060
15670  34.545  -61.306  -27.340 0.3000000119
15657  33.861  -60.766  -26.821 0.3000000119
15658  33.284  -61.034  -26.343 0.2000000030
15648  32.707  -60.826  -25.743 0.2000000030
13666  36.499  -61.936  -28.488 0.2000000030
15669  35.463  -60.743  -27.816 0.3000000119
16600  35.771  -59.609  -27.746 0.3000000119
16591  35.238  -59.333  -26.905 0.3000000119
14665  37.210  -60.803  -29.364 0.2000000030
15678  37.172  -59.948  -29.245 0.2000000030
16599  36.685  -59.063  -28.308 0.2000000030
15709  34.271  -60.739  -30.658 0.2000000030
13707  24.262  -62.365  -30.431 0.1000000015
118692  22.608  -61.852  -30.392 0.1000000015
18705  27.125  -57.280  -28.399 0.1000000015
13649  35.772  -62.499  -26.223 0.1000000015
14640  33.490  -62.111  -25.919 0.2000000030
14649  33.163  -61.552  -26.036 0.2000000030
14657  35.564  -61.733  -27.690 0.2000000030
14648  33.840  -61.695  -26.649 0.2000000030
12704  35.957  -63.089  -27.381 0.1000000015
13667  36.066  -62.580  -27.883 0.1000000015
131530  36.214  -62.070  -27.934 0.2000000030
12708  35.907  -63.122  -28.304 0.1000000015
135108  26.818  -62.779  -30.865 0.1000000015
13721  24.806  -62.812  -31.162 0.1000000015
15683  27.367  -60.587  -27.956 0.1000000015
128717  28.719  -59.499  -28.062 0.1000000015
17615  28.788  -58.561  -27.795 0.1000000015
17614  29.544  -58.281  -27.705 0.1000000015
15684  26.406  -60.605  -27.991 0.1000000015
17628  27.976  -58.809  -27.673 0.1000000015
118540  28.905  -57.749  -27.487 0.1000000015
18679  29.910  -56.978  -26.656 0.1000000015
17629  27.373  -58.029  -27.864 0.1000000015
19761  28.296  -56.340  -27.247 0.1000000015
20828  29.815  -55.330  -25.841 0.1000000015
20829  29.004  -55.172  -26.657 0.1000000015
21889  29.587  -54.503  -26.572 0.1000000015
13668  35.914  -62.498  -27.472 0.2000000030
20811  33.741  -54.408  -25.948 0.3000000119
14683  27.602  -61.762  -29.036 0.1000000015
14667  27.955  -61.222  -28.439 0.1000000015
126570  29.570  -59.638  -28.441 0.1000000015
17613  31.017  -58.237  -27.759 0.1000000015
19746  31.289  -56.125  -26.327 0.2000000030
20825  32.978  -55.200  -26.131 0.3000000119
24013  33.958  -52.272  -25.026 0.3000000119
25154  32.601  -51.847  -24.160 0.3000000119
13708  23.387  -61.867  -30.112 0.1000000015
14669  26.091  -61.298  -28.476 0.1000000015
17627  30.257  -58.640  -28.000 0.1000000015
18678  30.882  -56.925  -26.716 0.1000000015
20826  31.765  -55.340  -25.858 0.2000000030
22938  33.017  -53.058  -26.064 0.3000000119
15685  25.515  -60.578  -28.272 0.1000000015
19747  30.283  -56.198  -26.182 0.1000000015
21880  30.974  -54.010  -25.808 0.2000000030
22949  32.628  -52.344  -26.168 0.3000000119
21888  30.415  -53.808  -26.584 0.1000000015
22958  31.282  -52.528  -27.208 0.2000000030
25203  31.493  -51.661  -26.241 0.4000000060
21890  29.189  -54.694  -27.537 0.1000000015
22959  30.760  -53.150  -27.866 0.1000000015
24056  30.652  -52.526  -27.797 0.3000000119
14598  38.133  -61.562  -20.460 0.1000000015
14607  37.523  -60.994  -22.377 0.1000000015
117138  28.459  -53.606  -22.642 0.4000000060
22920  31.043  -53.034  -23.094 0.4000000060
24000  33.944  -52.407  -24.240 0.3000000119
24002  32.312  -52.163  -23.733 0.4000000060
24003  31.454  -52.200  -23.413 0.4000000060
25170  31.978  -51.688  -24.409 0.4000000060
130175  30.664  -51.244  -24.132 0.4000000060
25187  31.773  -51.629  -25.191 0.4000000060
25189  29.646  -51.421  -25.407 0.5000000000
24041  31.080  -51.992  -27.066 0.3000000119
25205  29.556  -51.659  -26.653 0.5000000000
21897  30.314  -53.552  -28.808 0.2000000030
21898  30.103  -53.880  -27.830 0.1000000015
25206  28.700  -51.895  -26.757 0.4000000060
20846  29.770  -54.595  -29.579 0.1000000015
125866  30.013  -53.993  -29.512 0.1000000015
24071  29.570  -52.962  -29.039 0.2000000030
24057  30.026  -52.358  -28.282 0.2000000030
20871  27.863  -56.351  -30.042 0.1000000015
20859  28.726  -55.397  -29.503 0.1000000015
118894  29.594  -53.677  -29.627 0.2000000030
19791  28.529  -56.120  -30.401 0.1000000015
19779  29.155  -55.416  -30.292 0.1000000015
21843  26.896  -53.792  -22.242 0.4000000060
117282  25.912  -53.980  -21.850 0.3000000119
22911  27.744  -53.226  -22.380 0.4000000060
23992  29.891  -52.043  -22.896 0.4000000060
22910  29.235  -52.903  -22.716 0.4000000060
25144  30.345  -51.521  -23.250 0.4000000060
23993  29.148  -51.868  -22.563 0.4000000060
25188  30.825  -51.359  -25.172 0.4000000060
25172  29.265  -51.084  -24.383 0.4000000060
26306  29.457  -50.829  -23.590 0.4000000060
25190  28.618  -51.701  -25.911 0.5000000000
24058  28.873  -52.508  -28.161 0.3000000119
24042  29.339  -51.953  -27.539 0.4000000060
24043  28.209  -52.277  -27.254 0.4000000060
22997  28.703  -54.178  -30.890 0.2000000030
21916  29.547  -54.356  -30.046 0.2000000030
24072  28.136  -53.061  -28.630 0.2000000030
20870  29.883  -55.046  -30.772 0.1000000015
132639  29.507  -54.666  -30.574 0.2000000030
17713  28.788  -58.795  -34.149 0.1000000015
23981  26.971  -52.087  -21.888 0.4000000060
22899  26.407  -53.090  -21.986 0.4000000060
25136  28.092  -51.170  -21.902 0.4000000060
26279  29.124  -50.643  -22.707 0.4000000060
25146  28.909  -51.008  -22.398 0.4000000060
130265  28.872  -50.373  -22.899 0.4000000060
25173  27.521  -51.025  -24.740 0.4000000060
26307  28.489  -50.577  -23.938 0.4000000060
25191  27.618  -51.701  -25.496 0.3000000119
24045  26.275  -52.436  -26.741 0.4000000060
24029  26.647  -52.147  -25.999 0.4000000060
22960  26.382  -53.080  -28.479 0.3000000119
128105  27.047  -53.110  -28.243 0.3000000119
24059  27.565  -52.768  -27.772 0.4000000060
21931  28.665  -54.191  -31.652 0.2000000030
23013  28.070  -53.736  -31.511 0.2000000030
22981  27.416  -53.574  -29.838 0.2000000030
22970  28.491  -53.502  -29.416 0.2000000030
20884  29.719  -55.526  -31.290 0.2000000030
17726  31.089  -58.990  -35.167 0.1000000015
17712  29.683  -58.626  -34.254 0.1000000015
18792  30.250  -58.021  -33.540 0.1000000015
121976  24.494  -52.995  -19.780 0.3000000119
23982  26.083  -51.699  -21.625 0.4000000060
23974  25.243  -52.407  -21.316 0.3000000119
25137  27.091  -50.988  -21.674 0.4000000060
26281  28.057  -49.888  -22.055 0.4000000060
26270  27.840  -50.281  -21.806 0.4000000060
27361  28.176  -49.955  -22.368 0.4000000060
26280  28.525  -50.385  -22.275 0.4000000060
26308  27.185  -50.412  -24.021 0.4000000060
26290  27.926  -50.060  -23.097 0.4000000060
138723  26.052  -51.335  -25.112 0.4000000060
25174  26.432  -50.992  -24.708 0.3000000119
26372  25.527  -50.928  -29.668 0.3000000119
136909  25.478  -51.563  -28.388 0.3000000119
125585  25.538  -51.826  -27.817 0.3000000119
25219  25.407  -51.512  -26.864 0.3000000119
120043  25.285  -51.284  -25.851 0.3000000119
23025  27.745  -52.633  -32.260 0.2000000030
24115  27.001  -52.589  -31.624 0.2000000030
117441  26.122  -51.871  -30.960 0.3000000119
24098  26.012  -52.439  -30.315 0.2000000030
24073  25.839  -52.591  -28.086 0.3000000119
24046  25.799  -52.266  -27.190 0.3000000119
23024  28.172  -53.475  -32.222 0.2000000030
22999  26.607  -53.169  -30.320 0.2000000030
21956  28.770  -54.138  -32.441 0.2000000030
23951  24.470  -52.257  -19.246 0.3000000119
26220  25.013  -50.090  -18.695 0.3000000119
25104  24.550  -51.533  -19.825 0.3000000119
25127  24.809  -51.195  -20.555 0.4000000060
119742  24.680  -52.791  -20.584 0.3000000119
27351  26.585  -49.086  -21.254 0.3000000119
27333  25.883  -48.979  -20.661 0.4000000060
28423  26.743  -48.580  -21.628 0.4000000060
27350  27.419  -49.564  -21.814 0.4000000060
27363  26.872  -48.454  -22.171 0.4000000060
27362  27.568  -49.368  -22.048 0.4000000060
27377  25.920  -49.003  -23.183 0.3000000119
26291  26.729  -49.708  -23.377 0.4000000060
119444  26.988  -49.200  -22.581 0.4000000060
28532  25.571  -48.887  -28.315 0.3000000119
136517  25.417  -49.361  -27.692 0.2000000030
27424  25.318  -49.205  -26.368 0.2000000030
27397  25.037  -49.772  -24.599 0.2000000030
26310  25.224  -50.346  -24.603 0.3000000119
27396  25.521  -49.773  -23.985 0.3000000119
27473  25.679  -49.974  -29.982 0.3000000119
27448  25.375  -49.954  -28.097 0.3000000119
26348  25.249  -50.757  -27.329 0.2000000030
26336  25.086  -50.734  -26.348 0.2000000030
26324  25.026  -50.471  -25.346 0.2000000030
25278  28.158  -51.737  -32.311 0.2000000030
127053  27.092  -51.052  -31.614 0.3000000119
26404  26.645  -50.634  -31.276 0.3000000119
26384  25.750  -50.739  -30.355 0.3000000119
25075  24.792  -51.379  -17.431 0.3000000119
119599  24.491  -52.164  -18.129 0.3000000119
29530  26.487  -47.615  -22.245 0.3000000119
120448  26.324  -47.276  -25.768 0.2000000030
29575  26.182  -47.349  -24.837 0.2000000030
29543  25.717  -47.944  -23.505 0.2000000030
28448  25.888  -48.170  -22.895 0.2000000030
30688  26.397  -47.122  -26.747 0.2000000030
28488  25.409  -48.621  -25.760 0.2000000030
29576  25.650  -47.941  -25.254 0.2000000030
29562  25.605  -47.994  -24.273 0.2000000030
23923  24.899  -51.648  -16.690 0.2000000030
19807  28.737  -56.470  -30.995 0.1000000015
19790  29.322  -55.761  -30.799 0.1000000015
26422  27.792  -51.023  -31.868 0.3000000119
137201  28.598  -53.533  -32.828 0.2000000030
15642  31.500  -60.612  -24.755 0.3000000119
16592  33.441  -60.161  -26.154 0.3000000119
119272  34.249  -59.962  -26.675 0.3000000119
17611  36.693  -58.381  -28.182 0.2000000030
15597  37.556  -61.038  -20.207 0.1000000015
14641  32.745  -61.711  -25.532 0.2000000030
17626  31.651  -58.630  -28.342 0.1000000015
19744  33.593  -55.690  -26.810 0.3000000119
25074  25.275  -51.028  -17.052 0.3000000119
22900  25.586  -53.225  -21.633 0.3000000119
19759  31.916  -56.748  -26.972 0.3000000119
22937  34.130  -52.863  -25.220 0.2000000030
19745  32.385  -55.960  -26.565 0.2000000030
15682  28.302  -60.445  -28.194 0.1000000015
14656  36.327  -61.248  -28.292 0.2000000030
15656  34.718  -60.298  -27.272 0.3000000119
14655  36.905  -61.281  -28.818 0.1000000015
15668  36.374  -60.105  -28.375 0.2000000030
18693  28.309  -57.177  -27.440 0.1000000015
13661  34.615  -62.231  -26.470 0.2000000030
14668  27.030  -61.296  -28.369 0.1000000015
16612  27.713  -59.723  -27.768 0.1000000015
16611  29.528  -58.981  -28.122 0.1000000015
18691  30.512  -57.583  -27.209 0.1000000015
19748  29.448  -56.182  -26.356 0.1000000015
134905  30.442  -54.766  -25.681 0.1000000015
18690  31.477  -57.487  -27.357 0.2000000030
134209  33.703  -53.078  -25.639 0.3000000119
20827  30.708  -55.401  -25.742 0.2000000030
20812  32.398  -54.537  -25.750 0.3000000119
24027  33.266  -52.005  -25.522 0.4000000060
25155  31.658  -51.664  -23.822 0.4000000060
20813  31.235  -54.656  -25.648 0.3000000119
22939  32.100  -53.170  -26.340 0.3000000119
22950  31.936  -52.541  -26.808 0.3000000119
119722  28.493  -52.634  -22.429 0.4000000060
26289  29.583  -50.777  -23.087 0.4000000060
138802  29.874  -54.446  -29.819 0.2000000030
22980  28.588  -53.902  -30.184 0.2000000030
23980  27.845  -52.294  -22.141 0.4000000060
25145  29.627  -51.109  -22.888 0.4000000060
22998  27.604  -53.595  -30.843 0.2000000030
24082  25.916  -52.785  -28.931 0.3000000119
22982  26.526  -53.221  -29.328 0.2000000030
23015  26.917  -53.102  -31.170 0.2000000030
26272  25.801  -50.473  -21.243 0.4000000060
26256  25.128  -50.438  -20.689 0.4000000060
26271  26.839  -50.062  -21.473 0.4000000060
26360  25.431  -50.426  -28.996 0.3000000119
25270  27.200  -51.818  -31.850 0.2000000030
25271  26.564  -51.427  -31.387 0.2000000030
27315  25.263  -49.364  -19.367 0.4000000060
27378  25.337  -49.247  -24.005 0.2000000030
28531  25.973  -48.122  -28.801 0.2000000030
28519  25.742  -47.992  -27.959 0.2000000030
28505  25.568  -48.459  -26.551 0.2000000030
117417  25.098  -49.519  -25.444 0.2000000030
27334  25.312  -49.523  -20.309 0.3000000119
26236  24.856  -50.128  -19.765 0.2000000030
28388  25.676  -48.616  -19.032 0.3000000119
139193  24.697  -51.297  -18.157 0.2000000030
26209  25.684  -49.855  -17.817 0.2000000030
15693  37.260  -60.306  -29.948 0.1000000015
122352  35.840  -61.529  -31.155 0.1000000015
15708  36.103  -60.708  -31.064 0.1000000015
123183  35.528  -62.348  -25.521 0.1000000015
17637  36.906  -58.826  -29.421 0.1000000015
14696  33.941  -61.641  -30.961 0.1000000015
16642  35.810  -59.794  -30.692 0.1000000015
126907  35.218  -60.478  -30.902 0.1000000015
25046  26.395  -51.629  -16.422 0.1000000015
25047  25.534  -51.516  -16.431 0.1000000015
25071  27.591  -52.103  -17.500 0.1000000015
25072  26.902  -51.221  -17.145 0.1000000015
26208  26.305  -50.329  -17.361 0.1000000015
117243  27.706  -51.198  -17.777 0.1000000015
133233  25.681  -50.519  -17.398 0.1000000015
26207  27.137  -50.271  -17.515 0.1000000015
27282  27.332  -49.331  -17.608 0.1000000015
27299  26.045  -48.954  -17.859 0.1000000015
28374  25.915  -48.580  -18.314 0.2000000030
28354  26.759  -48.694  -17.670 0.1000000015
28353  27.475  -48.513  -17.625 0.2000000030
29508  26.484  -47.343  -20.120 0.2000000030
28371  28.127  -47.879  -17.642 0.2000000030
29476  26.754  -47.554  -18.224 0.2000000030
28405  26.023  -47.983  -19.587 0.2000000030
29473  29.225  -47.546  -17.886 0.2000000030
29474  28.470  -46.870  -17.907 0.2000000030
29475  27.139  -46.884  -18.751 0.2000000030
29523  26.621  -47.473  -20.991 0.2000000030
121083  26.713  -47.691  -21.679 0.2000000030
30620  26.629  -46.897  -22.427 0.1000000015
29490  26.921  -46.750  -19.729 0.2000000030
29507  26.886  -46.794  -20.649 0.2000000030
119480  27.155  -46.343  -21.188 0.1000000015
31720  27.584  -45.598  -21.379 0.1000000015
117231  27.115  -46.241  -21.968 0.1000000015
25073  25.962  -50.940  -16.912 0.1000000015
23922  27.337  -52.287  -16.837 0.1000000015
126406  27.967  -50.093  -17.869 0.1000000015
28372  27.122  -47.935  -17.720 0.2000000030
30563  27.873  -46.451  -18.444 0.2000000030
27486  27.925  -49.496  -31.218 0.2000000030
27472  26.289  -49.350  -30.578 0.2000000030
27487  26.891  -49.802  -31.097 0.2000000030
123068  28.810  -49.568  -31.486 0.2000000030
28555  28.381  -48.261  -30.736 0.2000000030
27461  25.891  -48.975  -29.878 0.2000000030
27471  27.172  -48.989  -30.792 0.2000000030
28557  26.596  -48.524  -30.274 0.2000000030
28573  28.864  -48.801  -31.131 0.2000000030
28544  25.806  -48.715  -29.163 0.2000000030
29651  27.630  -47.457  -30.163 0.1000000015
29650  28.357  -47.626  -30.449 0.2000000030
28542  26.924  -47.717  -29.895 0.2000000030
29638  26.532  -47.624  -29.203 0.2000000030
30726  28.731  -46.243  -30.014 0.1000000015
29637  28.179  -46.924  -30.135 0.1000000015
116296  27.406  -47.004  -29.641 0.1000000015
136100  30.316  -45.416  -29.997 0.1000000015
31861  31.380  -45.674  -30.324 0.1000000015
117688  29.053  -48.597  -17.822 0.1000000015
30715  26.571  -46.867  -28.163 0.1000000015
31847  28.238  -45.744  -29.304 0.1000000015
29624  26.903  -46.980  -28.885 0.1000000015
31846  29.235  -45.508  -29.774 0.1000000015
32913  31.491  -44.203  -29.667 0.1000000015
116560  29.985  -44.749  -29.565 0.1000000015
134374  32.357  -43.315  -29.910 0.1000000015
29472  30.223  -47.363  -18.275 0.1000000015
28368  31.261  -48.746  -19.014 0.1000000015
28370  29.981  -48.308  -18.175 0.1000000015
29595  25.816  -47.855  -26.206 0.1000000015
29611  26.187  -47.272  -27.667 0.1000000015
31835  27.737  -45.763  -28.513 0.1000000015
30714  27.119  -46.312  -28.210 0.1000000015
32914  30.111  -44.092  -29.122 0.1000000015
33974  32.047  -43.462  -29.507 0.1000000015
33956  31.287  -43.041  -28.736 0.1000000015
28369  30.824  -48.116  -18.661 0.1000000015
30561  29.530  -46.528  -18.243 0.1000000015
127948  28.122  -45.642  -26.717 0.1000000015
128107  27.028  -46.609  -26.142 0.1000000015
33934  28.809  -43.754  -26.736 0.1000000015
121393  27.762  -45.654  -27.377 0.1000000015
30702  27.205  -46.119  -27.454 0.1000000015
133169  26.910  -46.453  -26.920 0.1000000015
33943  28.613  -43.878  -27.345 0.1000000015
31823  28.019  -45.320  -27.975 0.1000000015
35090  30.501  -42.357  -26.930 0.1000000015
123716  29.033  -43.169  -27.770 0.1000000015
32915  28.792  -44.940  -29.150 0.1000000015
32900  28.533  -44.592  -28.200 0.1000000015
36295  31.843  -41.578  -27.511 0.1000000015
35102  30.718  -42.604  -27.941 0.1000000015
132306  29.546  -43.620  -28.519 0.1000000015
35101  31.732  -42.490  -28.572 0.1000000015
29471  31.101  -47.257  -18.668 0.1000000015
30560  30.552  -46.544  -18.504 0.1000000015
30673  27.399  -46.506  -25.383 0.1000000015
36281  30.899  -41.941  -26.142 0.1000000015
35076  29.641  -42.804  -26.573 0.1000000015
36296  31.288  -41.909  -26.945 0.1000000015
30658  27.668  -46.232  -24.704 0.1000000015
29649  29.252  -47.949  -30.733 0.1000000015
30743  29.356  -46.975  -30.417 0.1000000015
33975  30.716  -43.594  -28.958 0.1000000015
36315  32.023  -41.890  -28.376 0.1000000015
30672  27.844  -46.324  -26.167 0.1000000015
19860  35.235  -55.821  -37.098 0.1000000015
21997  34.676  -54.381  -37.399 0.1000000015
20956  36.186  -54.953  -37.639 0.1000000015
19878  35.803  -55.839  -37.645 0.1000000015
128494  35.826  -56.138  -39.514 0.1000000015
18843  34.463  -57.227  -39.915 0.1000000015
17777  33.083  -58.042  -41.199 0.1000000015
20928  33.975  -56.094  -35.525 0.1000000015
21998  33.726  -55.147  -36.573 0.1000000015
19886  36.062  -56.017  -38.452 0.1000000015
18828  35.126  -56.732  -37.718 0.1000000015
21999  33.702  -53.681  -37.062 0.1000000015
21989  33.120  -54.609  -36.389 0.1000000015
20930  32.427  -55.046  -35.333 0.1000000015
129928  33.741  -56.150  -34.556 0.1000000015
18820  34.807  -56.530  -36.956 0.1000000015
22007  35.839  -53.965  -37.875 0.1000000015
21991  32.163  -53.838  -35.534 0.1000000015
21981  31.653  -54.545  -35.112 0.1000000015
118644  33.919  -53.780  -37.329 0.1000000015
23064  33.724  -53.455  -36.772 0.1000000015
24168  36.183  -51.843  -36.261 0.1000000015
23074  33.897  -52.997  -37.348 0.1000000015
23063  34.702  -52.900  -37.012 0.1000000015
25323  35.831  -51.061  -36.458 0.1000000015
20929  33.345  -55.655  -35.324 0.1000000015
18859  32.600  -57.631  -42.084 0.1000000015
7266  30.046  -69.890  -21.537 0.1000000015
7997  28.912  -68.943  -22.351 0.1000000015
8704  31.924  -68.570  -16.274 0.1000000015
8761  30.097  -68.463  -20.579 0.1000000015
9478  32.140  -67.075  -11.268 0.1000000015
9601  25.742  -66.324  -22.565 0.1000000015
9654  26.460  -66.581  -27.801 0.1000000015
10441  30.065  -64.586  -13.775 0.1000000015
10562  33.189  -66.242  -23.148 0.1000000015
10604  22.397  -65.366  -26.279 0.1000000015
11440  32.123  -64.187  -12.847 0.1000000015
11454  30.186  -64.107  -13.771 0.1000000015
11532  33.261  -65.291  -20.184 0.1000000015
11534  32.006  -64.716  -21.028 0.1000000015
11546  31.791  -64.958  -21.643 0.1000000015
11578  22.876  -64.667  -23.874 0.1000000015
11636  26.262  -65.262  -27.121 0.1000000015
12535  39.460  -63.347  -16.713 0.1000000015
12540  33.346  -63.100  -14.818 0.1000000015
12597  32.949  -63.830  -18.642 0.1000000015
12635  31.823  -64.070  -20.512 0.1000000015
12660  29.446  -64.128  -23.615 0.1000000015
12717  29.269  -63.263  -31.135 0.1000000015
12732  29.965  -63.784  -31.979 0.1000000015
13517  29.798  -62.918  -15.636 0.1000000015
13562  39.118  -62.982  -18.796 0.1000000015
13564  31.540  -62.765  -18.587 0.1000000015
13567  27.440  -62.869  -18.444 0.1000000015
13577  38.157  -62.820  -19.767 0.1000000015
13614  25.354  -62.564  -21.493 0.1000000015
13631  25.903  -62.413  -23.078 0.1000000015
13637  35.243  -62.074  -24.674 0.4000000060
13639  33.367  -62.341  -24.839 0.4000000060
13660  35.824  -62.648  -26.877 0.1000000015
13702  29.569  -62.708  -30.534 0.2000000030
13705  26.243  -62.626  -30.566 0.2000000030
13706  25.271  -62.517  -30.516 0.1000000015
13719  26.571  -63.023  -31.306 0.1000000015
14579  38.557  -61.533  -18.769 0.1000000015
14612  37.678  -61.615  -22.959 0.1000000015
14615  34.429  -61.089  -22.467 0.2000000030
14629  31.424  -61.397  -23.760 0.4000000060
14636  31.814  -61.478  -24.479 0.3000000119
14647  34.971  -62.134  -27.164 0.2000000030
14678  32.119  -61.026  -30.206 0.2000000030
14684  26.708  -61.811  -29.049 0.1000000015
14686  24.493  -61.163  -29.038 0.2000000030
14693  36.892  -60.664  -30.629 0.1000000015
14694  36.519  -61.305  -30.831 0.1000000015
15507  34.025  -59.988  -13.803 0.4000000060
15549  33.801  -60.608  -16.362 0.3000000119
15562  33.539  -60.554  -17.202 0.3000000119
15563  32.662  -60.387  -17.298 0.4000000060
15564  31.921  -60.161  -17.662 0.5000000000
15587  33.373  -60.481  -19.795 0.2000000030
15605  30.232  -60.209  -20.772 0.5000000000
15618  32.226  -60.882  -21.029 0.4000000060
15626  35.538  -60.738  -22.521 0.2000000030
15636  29.930  -60.427  -23.290 0.5000000000
15679  36.989  -60.496  -28.804 0.1000000015
15681  29.189  -60.270  -28.557 0.1000000015
15698  29.669  -60.790  -29.137 0.2000000030
15707  36.758  -59.955  -30.495 0.1000000015
15711  23.300  -60.643  -30.119 0.2000000030
16481  33.567  -59.331  -13.562 0.4000000060
16492  33.302  -59.798  -13.902 0.4000000060
16519  31.278  -59.840  -18.052 0.4000000060
16530  28.728  -59.172  -19.601 0.5000000000
16547  27.458  -59.000  -20.921 0.5000000000
16556  28.260  -59.559  -22.006 0.5000000000
16563  27.972  -58.979  -22.667 0.5000000000
16568  29.283  -59.607  -23.411 0.5000000000
16575  29.860  -59.370  -23.826 0.5000000000
16580  32.002  -60.276  -25.195 0.3000000119
16607  37.048  -59.037  -28.906 0.2000000030
16608  36.979  -59.670  -28.771 0.2000000030
16609  32.184  -58.980  -28.928 0.3000000119
16613  26.765  -59.777  -27.770 0.1000000015
16624  37.116  -59.508  -29.659 0.1000000015
16625  36.468  -59.181  -30.082 0.1000000015
16632  24.501  -59.842  -29.044 0.1000000015
16633  23.880  -60.286  -29.606 0.2000000030
16656  24.414  -59.591  -31.652 0.1000000015
16679  26.353  -59.414  -33.752 0.1000000015
17500  34.761  -58.648  -13.214 0.3000000119
17501  33.899  -58.675  -13.314 0.4000000060
17513  28.923  -58.176  -15.008 0.5000000000
17518  28.735  -58.304  -15.834 0.5000000000
17527  27.899  -57.892  -16.663 0.5000000000
17554  28.032  -58.945  -19.599 0.5000000000
17569  26.965  -58.514  -21.649 0.5000000000
17576  28.518  -58.912  -23.262 0.5000000000
17616  28.170  -57.960  -27.680 0.1000000015
17622  36.826  -58.273  -28.907 0.4000000060
17664  24.979  -59.242  -31.184 0.1000000015
17677  26.516  -58.541  -32.487 0.1000000015
17727  30.094  -59.099  -34.957 0.1000000015
18490  31.360  -57.165  -9.629 0.1000000015
18492  29.550  -57.735  -9.280 0.1000000015
18528  29.575  -57.229  -12.807 0.5000000000
18544  36.245  -57.512  -13.089 0.2000000030
18564  27.583  -57.235  -14.543 0.5000000000
18579  28.097  -57.874  -16.010 0.5000000000
18617  26.883  -58.267  -19.834 0.5000000000
18635  28.835  -57.290  -23.296 0.5000000000
18650  35.618  -56.557  -24.666 0.4000000060
18653  32.957  -57.699  -24.031 0.4000000060
18664  36.368  -56.884  -25.902 0.4000000060
18692  29.648  -57.616  -27.242 0.1000000015
18694  27.699  -57.269  -27.860 0.1000000015
18724  26.408  -57.392  -30.307 0.1000000015
18757  27.651  -57.585  -32.132 0.1000000015
18775  29.812  -57.640  -33.028 0.2000000030
18835  34.934  -56.930  -38.881 0.1000000015
19563  26.419  -56.252  -8.549 0.1000000015
19575  31.519  -56.215  -9.921 0.1000000015
19587  37.488  -56.346  -10.661 0.1000000015
19607  32.191  -56.028  -12.934 0.3000000119
19609  30.630  -56.209  -12.679 0.4000000060
19624  33.357  -56.659  -13.196 0.3000000119
19639  27.234  -56.708  -14.137 0.5000000000
19647  25.652  -56.212  -15.625 0.5000000000
19653  25.608  -56.364  -16.462 0.5000000000
19675  25.461  -56.220  -18.786 0.5000000000
19681  25.269  -56.277  -19.657 0.5000000000
19712  27.650  -56.861  -22.866 0.4000000060
19714  34.150  -56.160  -23.723 0.4000000060
19716  32.139  -56.086  -23.055 0.5000000000
19717  30.554  -56.471  -22.750 0.5000000000
19718  29.766  -56.902  -22.936 0.5000000000
19733  35.579  -55.801  -24.867 0.4000000060
19742  35.949  -56.001  -26.212 0.4000000060
19749  28.764  -55.935  -26.680 0.1000000015
19760  28.976  -56.910  -26.905 0.1000000015
19780  28.365  -55.902  -29.911 0.1000000015
19805  29.956  -55.974  -31.879 0.3000000119
19808  27.757  -56.740  -30.651 0.1000000015
19819  29.678  -56.546  -31.980 0.2000000030
19820  28.979  -56.782  -31.666 0.1000000015
19829  32.238  -56.339  -32.811 0.1000000015
19877  36.700  -55.146  -38.258 0.1000000015
19891  36.673  -55.307  -39.133 0.1000000015
20628  39.063  -55.692  -11.317 0.1000000015
20634  32.601  -54.967  -10.243 0.1000000015
20642  38.896  -55.047  -11.756 0.1000000015
20651  39.362  -55.323  -12.115 0.1000000015
20658  27.118  -54.965  -12.862 0.5000000000
20664  38.885  -55.304  -12.703 0.1000000015
20741  24.706  -55.096  -19.421 0.5000000000
20782  31.117  -54.978  -22.835 0.5000000000
20784  28.358  -55.911  -22.883 0.5000000000
20786  26.928  -55.480  -22.375 0.4000000060
20789  34.593  -55.545  -23.933 0.4000000060
20809  35.276  -54.944  -25.230 0.4000000060
20810  34.655  -54.611  -25.675 0.3000000119
20814  29.998  -54.565  -25.856 0.1000000015
20858  29.854  -54.795  -30.161 0.2000000030
20860  27.825  -56.201  -29.491 0.1000000015
20939  34.518  -55.644  -36.772 0.1000000015
20957  35.394  -54.930  -37.373 0.1000000015
21698  33.844  -54.090  -10.509 0.1000000015
21727  37.812  -54.428  -13.112 0.1000000015
21730  35.122  -53.920  -13.650 0.2000000030
21746  24.528  -54.268  -15.969 0.4000000060
21756  24.459  -54.042  -16.707 0.5000000000
21781  24.499  -54.195  -17.436 0.5000000000
21798  24.553  -54.352  -18.298 0.4000000060
21844  25.286  -54.435  -21.415 0.4000000060
21852  28.325  -54.572  -22.718 0.5000000000
21853  27.100  -54.704  -22.355 0.5000000000
21857  34.452  -53.992  -24.105 0.3000000119
21877  34.198  -53.699  -25.470 0.2000000030
21878  33.227  -53.742  -25.804 0.3000000119
21879  32.056  -53.941  -25.782 0.3000000119
21930  29.234  -54.645  -31.059 0.1000000015
21944  29.414  -54.847  -31.618 0.2000000030
21954  30.055  -55.078  -32.706 0.2000000030
21982  30.879  -54.179  -34.719 0.2000000030
22759  36.558  -53.148  -12.630 0.1000000015
22764  36.525  -53.580  -13.484 0.1000000015
22790  25.060  -53.787  -14.423 0.4000000060
22800  24.549  -53.580  -15.611 0.4000000060
22891  24.933  -53.380  -21.082 0.4000000060
22892  24.574  -53.659  -20.367 0.3000000119
22898  27.158  -52.895  -22.176 0.4000000060
22917  34.179  -53.238  -23.940 0.4000000060
22926  34.526  -53.498  -24.932 0.2000000030
22927  34.323  -52.864  -24.625 0.2000000030
22951  31.346  -53.128  -26.880 0.2000000030
22969  30.130  -53.378  -29.260 0.2000000030
22971  27.248  -53.318  -28.971 0.3000000119
23014  27.475  -53.219  -31.691 0.2000000030
23043  28.959  -53.059  -33.323 0.2000000030
23822  35.443  -52.037  -12.464 0.2000000030
23841  27.236  -52.974  -12.695 0.2000000030
23845  35.488  -52.566  -13.654 0.2000000030
23872  25.064  -52.726  -15.329 0.5000000000
23924  24.569  -51.976  -17.177 0.3000000119
23975  24.738  -51.917  -20.683 0.3000000119
23991  30.672  -52.181  -23.129 0.4000000060
23994  28.528  -51.762  -22.243 0.4000000060
24001  33.227  -52.165  -23.921 0.4000000060
24014  33.427  -51.988  -24.612 0.3000000119
24028  32.380  -51.867  -25.965 0.3000000119
24040  31.854  -52.102  -26.673 0.3000000119
24044  27.079  -52.552  -26.866 0.4000000060
24060  26.457  -52.799  -27.576 0.3000000119
24070  30.397  -52.950  -28.685 0.2000000030
24083  25.710  -52.281  -29.545 0.3000000119
24099  25.700  -51.573  -30.218 0.2000000030
24116  26.467  -52.574  -31.016 0.2000000030
24130  28.346  -53.026  -32.739 0.2000000030
24169  35.522  -52.112  -35.815 0.2000000030
24170  33.933  -52.398  -35.078 0.2000000030
24180  36.016  -51.797  -36.911 0.1000000015
24181  35.513  -52.356  -36.667 0.1000000015
24190  34.991  -52.414  -37.138 0.1000000015
25085  24.738  -50.859  -18.564 0.3000000119
25086  24.542  -51.472  -18.855 0.3000000119
25126  25.337  -51.292  -21.176 0.4000000060
25138  26.205  -50.897  -21.466 0.4000000060
25156  30.744  -51.386  -23.670 0.4000000060
25157  30.029  -51.215  -23.324 0.4000000060
25171  30.031  -51.203  -24.318 0.4000000060
25186  32.606  -51.803  -24.974 0.4000000060
25192  25.871  -51.621  -25.554 0.4000000060
25193  25.462  -51.030  -24.996 0.4000000060
25204  30.554  -51.575  -26.452 0.5000000000
25207  27.767  -52.134  -26.323 0.4000000060
25208  25.747  -51.995  -26.306 0.3000000119
25218  30.298  -51.898  -27.445 0.4000000060
25230  25.584  -52.057  -28.710 0.3000000119
25242  25.536  -51.632  -29.416 0.3000000119
25257  26.025  -51.068  -30.923 0.3000000119
25288  34.925  -51.013  -34.192 0.2000000030
25305  36.234  -51.548  -35.815 0.1000000015
25322  36.360  -51.420  -36.216 0.1000000015
26237  24.639  -50.795  -19.283 0.3000000119
26255  25.829  -49.706  -21.070 0.4000000060
26257  24.684  -50.800  -20.063 0.4000000060
26305  30.091  -51.155  -23.600 0.4000000060
26309  25.967  -50.418  -24.253 0.3000000119
26383  26.121  -50.219  -30.798 0.2000000030
26402  28.330  -50.235  -31.667 0.3000000119
26403  27.436  -50.362  -31.476 0.3000000119
26419  31.640  -50.239  -32.520 0.3000000119
26420  30.328  -50.218  -32.174 0.3000000119
26445  36.223  -51.057  -35.765 0.1000000015
27283  26.510  -49.539  -17.562 0.1000000015
27300  25.525  -49.201  -18.436 0.1000000015
27376  27.590  -49.611  -22.582 0.4000000060
27436  25.508  -48.791  -27.295 0.2000000030
27462  25.588  -49.467  -29.091 0.2000000030
27470  27.965  -48.737  -30.885 0.2000000030
27485  29.660  -49.276  -31.483 0.3000000119
27500  34.998  -48.355  -33.237 0.1000000015
28373  26.408  -48.248  -17.978 0.2000000030
28387  26.155  -48.024  -18.653 0.3000000119
28406  25.607  -48.715  -19.957 0.3000000119
28449  25.575  -48.555  -23.742 0.2000000030
28468  25.273  -48.825  -24.685 0.2000000030
28504  25.838  -47.892  -27.079 0.2000000030
28543  26.250  -48.249  -29.587 0.2000000030
28556  27.531  -48.163  -30.488 0.1000000015
28615  35.128  -48.572  -34.177 0.1000000015
29491  26.536  -47.392  -19.152 0.2000000030
29542  26.075  -47.483  -22.995 0.2000000030
29625  26.268  -47.442  -28.455 0.1000000015
29664  33.961  -46.562  -31.958 0.1000000015
29678  33.264  -46.314  -32.531 0.1000000015
29685  34.673  -47.330  -33.190 0.1000000015
30593  27.371  -46.104  -20.363 0.2000000030
30611  26.786  -46.919  -21.527 0.2000000030
30674  26.754  -46.859  -25.322 0.2000000030
30687  27.453  -46.110  -26.800 0.1000000015
30703  26.696  -46.645  -27.533 0.1000000015
30727  27.520  -46.342  -29.054 0.1000000015
30742  29.904  -46.042  -30.252 0.1000000015
30773  30.884  -45.847  -32.569 0.1000000015
31834  28.256  -45.271  -28.624 0.1000000015
31875  33.379  -45.275  -31.375 0.1000000015
31885  31.800  -45.209  -32.189 0.1000000015
31886  30.346  -45.518  -32.772 0.1000000015
32890  28.323  -44.951  -27.356 0.1000000015
32934  31.440  -44.960  -30.080 0.1000000015
32949  32.753  -44.344  -31.330 0.1000000015
33942  28.980  -43.146  -26.982 0.1000000015
33957  30.027  -43.079  -28.215 0.1000000015
35089  31.437  -42.177  -27.719 0.1000000015
35091  29.620  -42.764  -27.380 0.1000000015
35120  32.152  -42.877  -29.331 0.1000000015
35131  32.197  -42.667  -29.832 0.1000000015
36280  31.612  -41.353  -26.469 0.1000000015
114866  28.830  -59.535  -20.398 0.5000000000
115035  30.027  -59.343  -18.144 0.5000000000
115399  32.649  -53.504  -23.334 0.5000000000
115438  35.184  -60.618  -20.311 0.2000000030
115827  34.168  -60.610  -17.828 0.3000000119
115944  25.100  -50.687  -17.850 0.2000000030
115982  25.377  -51.027  -28.151 0.3000000119
116302  33.527  -52.476  -25.612 0.3000000119
116429  25.253  -49.840  -27.032 0.2000000030
116669  35.924  -60.755  -19.155 0.1000000015
116744  25.439  -51.280  -28.894 0.3000000119
117412  34.961  -57.726  -13.106 0.4000000060
117728  39.709  -62.134  -17.544 0.1000000015
117959  26.212  -48.179  -20.630 0.3000000119
117964  37.066  -63.638  -19.959 0.1000000015
118026  37.730  -54.164  -12.049 0.1000000015
118497  25.222  -53.868  -21.446 0.3000000119
119071  30.110  -53.054  -22.910 0.4000000060
119083  25.933  -57.440  -21.030 0.4000000060
119195  36.541  -54.875  -11.061 0.1000000015
119250  25.387  -58.842  -30.767 0.1000000015
119441  30.196  -58.094  -27.572 0.1000000015
120687  24.446  -53.087  -18.917 0.4000000060
120957  26.414  -57.693  -19.692 0.5000000000
121049  26.020  -52.513  -21.761 0.4000000060
121261  22.695  -62.308  -30.478 0.1000000015
121574  37.758  -61.060  -18.997 0.1000000015
122455  29.560  -55.135  -12.518 0.4000000060
123856  26.664  -51.520  -25.248 0.4000000060
124015  32.801  -52.624  -23.566 0.4000000060
124055  29.185  -44.225  -28.862 0.1000000015
124754  32.406  -61.809  -25.008 0.3000000119
125320  36.698  -55.786  -13.529 0.2000000030
125533  31.328  -56.764  -22.945 0.5000000000
125700  26.082  -52.849  -29.664 0.2000000030
125942  24.961  -61.571  -29.245 0.2000000030
126495  31.310  -51.388  -24.318 0.4000000060
127086  32.250  -59.624  -14.072 0.5000000000
127243  22.910  -66.517  -23.600 0.1000000015
128103  26.594  -52.072  -31.446 0.2000000030
128367  28.554  -51.248  -24.972 0.4000000060
128573  30.630  -52.257  -33.901 0.2000000030
128874  25.679  -56.442  -17.164 0.5000000000
128894  33.243  -58.783  -13.411 0.4000000060
129432  29.905  -70.757  -15.199 0.1000000015
130005  29.240  -55.531  -26.285 0.1000000015
130035  27.525  -47.174  -17.917 0.2000000030
130194  34.048  -46.475  -32.252 0.1000000015
130347  25.098  -49.986  -26.089 0.2000000030
130522  35.491  -64.776  -21.732 0.1000000015
132135  24.709  -54.708  -15.365 0.5000000000
132339  26.244  -55.654  -8.617 0.1000000015
132645  38.152  -58.326  -9.690 0.1000000015
132878  36.837  -63.587  -18.626 0.1000000015
132882  26.179  -57.232  -21.839 0.4000000060
133091  33.001  -55.979  -13.117 0.4000000060
133267  36.445  -57.856  -26.712 0.4000000060
133538  24.527  -52.304  -20.035 0.3000000119
133595  30.917  -58.829  -28.275 0.1000000015
133965  37.949  -63.790  -16.803 0.1000000015
134041  37.819  -57.454  -13.060 0.1000000015
134437  34.276  -48.766  -32.525 0.1000000015
134757  28.866  -43.809  -28.142 0.1000000015
134807  27.524  -45.787  -27.892 0.1000000015
134935  32.669  -48.159  -31.605 0.2000000030
135266  26.392  -54.501  -22.060 0.3000000119
135347  35.091  -56.693  -39.737 0.1000000015
135423  29.419  -54.990  -26.080 0.1000000015
135535  27.960  -46.426  -29.671 0.1000000015
136434  25.378  -51.309  -27.528 0.3000000119
136510  36.209  -64.344  -19.475 0.1000000015
136885  39.440  -55.585  -12.390 0.1000000015
137375  30.989  -51.706  -23.459 0.4000000060
137379  33.479  -53.596  -23.542 0.5000000000
137637  26.662  -47.256  -21.963 0.3000000119
138028  33.740  -57.902  -40.220 0.1000000015
138221  26.936  -47.323  -29.431 0.1000000015
138284  30.364  -57.987  -23.509 0.4000000060
138831  28.347  -55.196  -22.796 0.5000000000
