#!ascii label  , from subject sub-v1s12x0050109_ses-1 vox2ras=TkReg
234
81338  25.311  5.262  -27.917 0.0000000000
72215  22.054  -3.866  -25.203 0.0000000000
123799  24.874  10.167  -29.624 0.0000000000
91959  22.169  19.096  -29.025 0.0000000000
72207  20.665  -5.404  -24.902 0.0000000000
87423  26.392  11.961  -26.911 0.0000000000
137743  25.040  14.148  -26.269 0.0000000000
78632  23.158  2.682  -28.904 0.0000000000
76622  24.009  0.675  -26.936 0.0000000000
78603  26.228  2.886  -26.394 0.0000000000
82199  26.844  6.980  -26.343 0.0000000000
80432  27.421  4.748  -25.340 0.0000000000
83078  25.235  7.445  -28.970 0.0000000000
84798  26.816  9.719  -26.673 0.0000000000
90486  22.539  16.627  -28.949 0.0000000000
90476  24.133  16.200  -26.453 0.0000000000
73976  24.168  -1.872  -25.087 0.0000000000
88182  24.546  13.359  -27.732 0.0000000000
88899  24.240  14.214  -27.600 0.0000000000
79565  24.175  3.986  -28.602 0.0000000000
78616  24.880  2.818  -27.582 0.0000000000
137478  25.712  4.010  -27.158 0.0000000000
72216  21.474  -4.306  -25.337 0.0000000000
120993  24.707  8.336  -29.910 0.0000000000
83916  26.141  8.755  -27.979 0.0000000000
84812  26.016  9.833  -28.341 0.0000000000
87413  26.821  13.145  -25.507 0.0000000000
87412  27.450  12.150  -25.537 0.0000000000
91971  21.411  18.737  -29.544 0.0000000000
90492  22.126  16.678  -30.007 0.0000000000
91201  22.374  17.342  -29.134 0.0000000000
92676  26.149  20.301  -27.029 0.0000000000
91947  26.102  18.691  -26.869 0.0000000000
91193  24.708  17.988  -27.023 0.0000000000
91192  25.673  18.024  -26.752 0.0000000000
129425  25.657  16.865  -26.328 0.0000000000
76612  25.185  0.401  -25.838 0.0000000000
75702  23.977  -0.629  -26.001 0.0000000000
70442  19.765  -6.435  -24.544 0.0000000000
85762  25.937  10.672  -28.697 0.0000000000
86641  25.418  11.643  -28.397 0.0000000000
87424  25.704  12.551  -26.964 0.0000000000
88884  25.710  14.344  -25.780 0.0000000000
76632  22.858  0.435  -28.294 0.0000000000
77610  23.309  1.844  -28.369 0.0000000000
77583  24.499  1.372  -27.061 0.0000000000
77572  26.338  1.511  -25.628 0.0000000000
82200  26.365  6.373  -26.637 0.0000000000
80454  26.510  4.964  -26.361 0.0000000000
127886  27.413  5.940  -25.365 0.0000000000
81351  23.820  4.998  -29.222 0.0000000000
81364  23.976  5.935  -29.301 0.0000000000
81349  25.224  6.000  -28.222 0.0000000000
83066  26.092  7.171  -27.760 0.0000000000
83906  27.199  8.800  -26.211 0.0000000000
124852  28.014  9.957  -25.270 0.0000000000
85748  26.546  10.530  -27.063 0.0000000000
85717  27.719  10.756  -25.615 0.0000000000
137184  23.405  15.510  -28.925 0.0000000000
133728  23.542  18.939  -27.817 0.0000000000
91950  23.266  18.275  -27.950 0.0000000000
129667  23.438  16.876  -27.377 0.0000000000
88892  23.946  14.988  -27.240 0.0000000000
127203  24.424  15.151  -26.582 0.0000000000
89640  25.665  15.287  -25.909 0.0000000000
73161  21.905  -2.965  -26.327 0.0000000000
75712  23.071  -1.011  -27.322 0.0000000000
129044  26.998  3.601  -25.581 0.0000000000
77571  26.956  2.176  -25.381 0.0000000000
123558  24.155  13.915  -28.741 0.0000000000
80470  24.861  4.377  -28.206 0.0000000000
79554  25.313  3.678  -27.585 0.0000000000
80469  25.586  4.600  -27.390 0.0000000000
69589  19.209  -7.485  -23.783 0.0000000000
70435  19.807  -7.015  -24.036 0.0000000000
83943  24.873  9.220  -29.591 0.0000000000
124264  25.539  9.042  -28.766 0.0000000000
84824  25.415  9.996  -29.032 0.0000000000
88167  27.139  13.745  -25.153 0.0000000000
126670  27.322  12.953  -25.207 0.0000000000
135888  21.722  18.065  -29.788 0.0000000000
91208  21.711  17.337  -29.881 0.0000000000
91970  22.292  18.280  -29.397 0.0000000000
91184  26.106  17.450  -26.569 0.0000000000
75701  24.805  -0.365  -25.615 0.0000000000
115595  20.933  -4.280  -26.134 0.0000000000
86655  25.089  11.471  -29.155 0.0000000000
124300  24.715  12.136  -28.767 0.0000000000
88176  24.756  13.756  -26.866 0.0000000000
87425  25.094  13.098  -27.107 0.0000000000
88169  25.515  13.439  -26.284 0.0000000000
92705  20.526  19.559  -29.463 0.0000000000
78604  25.583  2.707  -26.976 0.0000000000
78605  25.045  2.039  -27.064 0.0000000000
77582  25.178  1.451  -26.632 0.0000000000
77581  25.781  1.991  -26.390 0.0000000000
71334  19.899  -5.830  -25.019 0.0000000000
122114  20.526  -6.081  -24.485 0.0000000000
135249  26.973  6.117  -26.028 0.0000000000
132500  27.236  6.346  -25.557 0.0000000000
80482  23.604  4.169  -29.127 0.0000000000
125233  23.928  7.165  -29.804 0.0000000000
82233  24.493  6.803  -29.199 0.0000000000
124180  24.715  6.133  -28.780 0.0000000000
82232  25.269  6.691  -28.620 0.0000000000
82218  25.805  6.578  -28.067 0.0000000000
83077  25.796  7.276  -28.389 0.0000000000
83907  26.578  8.800  -27.052 0.0000000000
120665  27.659  9.245  -25.546 0.0000000000
84797  27.406  9.849  -25.967 0.0000000000
86640  26.073  11.174  -28.245 0.0000000000
85749  26.315  10.575  -27.959 0.0000000000
86639  26.369  11.229  -27.449 0.0000000000
86613  27.727  11.502  -25.487 0.0000000000
85705  28.346  10.706  -24.833 0.0000000000
89666  22.591  16.125  -30.306 0.0000000000
89654  23.112  16.030  -29.138 0.0000000000
126076  23.009  15.472  -30.502 0.0000000000
122995  25.002  20.210  -27.135 0.0000000000
93473  25.349  21.027  -26.962 0.0000000000
92678  24.318  19.353  -27.410 0.0000000000
91949  24.014  18.522  -27.438 0.0000000000
91186  24.203  16.964  -26.837 0.0000000000
90477  23.559  16.260  -26.944 0.0000000000
89642  23.896  15.672  -26.674 0.0000000000
90474  26.456  16.840  -26.419 0.0000000000
118214  25.782  16.199  -25.998 0.0000000000
90473  26.879  16.293  -26.178 0.0000000000
89639  26.508  15.622  -25.790 0.0000000000
73987  21.444  -2.818  -27.193 0.0000000000
76631  23.449  0.433  -27.676 0.0000000000
75722  23.063  -0.308  -27.816 0.0000000000
74830  23.634  -1.510  -25.793 0.0000000000
74839  23.454  -1.020  -26.535 0.0000000000
73978  23.011  -2.175  -25.810 0.0000000000
80433  26.919  4.870  -25.845 0.0000000000
126881  26.593  4.174  -26.040 0.0000000000
138333  27.081  4.279  -25.551 0.0000000000
88190  24.454  12.976  -28.686 0.0000000000
88891  24.509  14.488  -26.736 0.0000000000
79566  23.735  3.390  -28.779 0.0000000000
78617  23.933  2.716  -28.246 0.0000000000
79555  24.489  3.497  -28.190 0.0000000000
132489  25.463  3.145  -27.313 0.0000000000
79540  25.829  3.468  -26.951 0.0000000000
72206  21.395  -4.901  -24.814 0.0000000000
71333  21.387  -5.688  -24.338 0.0000000000
71332  22.099  -5.072  -24.400 0.0000000000
83035  27.530  7.515  -25.051 0.0000000000
83104  24.179  7.937  -30.289 0.0000000000
83090  24.682  7.625  -29.607 0.0000000000
83917  25.695  8.103  -28.579 0.0000000000
83929  25.187  8.273  -29.267 0.0000000000
84811  26.399  9.719  -27.507 0.0000000000
88175  26.430  12.775  -26.205 0.0000000000
87422  26.949  12.047  -26.262 0.0000000000
139076  27.008  12.605  -25.763 0.0000000000
87400  27.911  12.686  -24.950 0.0000000000
92677  25.527  19.334  -27.019 0.0000000000
91948  24.811  18.756  -27.217 0.0000000000
91185  25.187  17.319  -26.561 0.0000000000
90475  24.893  16.532  -26.304 0.0000000000
75710  24.378  0.133  -26.264 0.0000000000
75711  23.619  -0.248  -26.916 0.0000000000
70443  18.889  -6.837  -24.426 0.0000000000
71346  20.059  -5.277  -25.563 0.0000000000
117654  20.781  -4.814  -25.463 0.0000000000
73152  21.631  -3.710  -25.868 0.0000000000
85775  24.582  10.671  -30.098 0.0000000000
85774  25.325  10.838  -29.386 0.0000000000
86654  25.720  11.141  -28.852 0.0000000000
87437  25.811  11.785  -27.607 0.0000000000
87438  25.028  12.450  -27.832 0.0000000000
88168  26.312  13.622  -25.594 0.0000000000
88883  26.614  14.364  -25.416 0.0000000000
91972  20.263  18.767  -29.777 0.0000000000
92691  21.440  19.631  -28.963 0.0000000000
77595  23.225  1.005  -28.247 0.0000000000
77594  23.784  1.218  -27.680 0.0000000000
77593  24.219  2.010  -27.650 0.0000000000
76621  24.831  0.844  -26.484 0.0000000000
77573  25.552  1.146  -26.070 0.0000000000
76611  25.946  0.684  -25.445 0.0000000000
124376  25.687  5.402  -27.321 0.0000000000
80455  26.014  5.170  -26.819 0.0000000000
81320  26.442  5.671  -26.467 0.0000000000
81303  26.793  5.443  -26.080 0.0000000000
81287  27.737  5.320  -25.061 0.0000000000
82166  27.603  6.605  -24.984 0.0000000000
126989  28.090  5.950  -24.850 0.0000000000
81286  28.639  5.300  -24.615 0.0000000000
80481  24.199  4.548  -28.746 0.0000000000
81350  24.590  5.293  -28.630 0.0000000000
81337  25.667  5.968  -27.641 0.0000000000
82201  25.934  6.527  -27.330 0.0000000000
83056  26.266  7.128  -26.950 0.0000000000
83065  26.312  7.912  -27.404 0.0000000000
83055  26.731  7.878  -26.642 0.0000000000
83054  27.246  7.729  -25.960 0.0000000000
83889  27.617  8.443  -25.328 0.0000000000
83888  28.108  9.159  -24.757 0.0000000000
86625  26.787  11.303  -26.715 0.0000000000
85731  27.139  10.600  -26.394 0.0000000000
88900  23.621  14.855  -28.575 0.0000000000
92690  22.327  19.896  -28.306 0.0000000000
91957  23.300  19.544  -27.755 0.0000000000
91958  22.893  18.883  -28.502 0.0000000000
126554  22.852  18.090  -28.736 0.0000000000
91195  22.920  17.297  -28.088 0.0000000000
91194  23.716  17.658  -27.426 0.0000000000
90485  23.092  16.445  -27.881 0.0000000000
89653  23.397  15.651  -27.707 0.0000000000
128483  25.028  14.875  -26.220 0.0000000000
89641  24.757  15.727  -26.186 0.0000000000
89626  26.288  14.933  -25.652 0.0000000000
89625  27.035  15.080  -25.565 0.0000000000
73151  22.346  -3.303  -25.502 0.0000000000
74852  22.438  -1.569  -27.468 0.0000000000
73998  22.304  -2.010  -26.981 0.0000000000
73985  22.443  -2.319  -26.394 0.0000000000
121052  22.563  -2.715  -25.819 0.0000000000
118007  26.077  4.303  -26.723 0.0000000000
79539  26.283  3.642  -26.441 0.0000000000
79523  26.576  3.428  -26.040 0.0000000000
79512  27.628  3.915  -25.099 0.0000000000
78586  26.781  2.874  -25.752 0.0000000000
119523  26.420  2.279  -25.914 0.0000000000
80418  28.090  4.613  -24.852 0.0000000000
81302  27.175  5.429  -25.630 0.0000000000
81321  25.890  5.899  -26.936 0.0000000000
82165  28.382  6.582  -24.579 0.0000000000
86624  27.328  11.393  -26.055 0.0000000000
125374  26.059  7.828  -28.048 0.0000000000
126590  27.189  6.858  -25.694 0.0000000000
