#!ascii label  , from subject sub-v1s12x0050109_ses-1 vox2ras=TkReg
613
64933  17.827  -12.538  -21.487 0.1428571492
138881  16.552  -13.361  -21.295 0.1428571492
66847  17.351  -10.954  -21.648 0.1428571492
122972  18.723  -12.835  -21.406 0.1428571492
126940  18.550  -11.902  -21.527 0.2857142985
64934  16.951  -12.280  -21.508 0.1428571492
136661  19.051  -12.323  -21.459 0.1428571492
66866  18.463  -10.260  -22.017 0.5714285970
65921  19.100  -11.051  -21.740 0.1428571492
66864  20.142  -10.076  -22.233 0.2857142985
67819  21.436  -9.628  -22.518 0.1428571492
67820  20.696  -9.647  -22.484 0.2857142985
69577  22.302  -7.352  -23.347 0.2857142985
69578  21.558  -7.530  -23.390 0.1428571492
72192  23.363  -4.972  -23.905 0.2857142985
70431  23.509  -6.402  -23.444 0.2857142985
72204  23.542  -4.198  -24.251 0.2857142985
119132  22.756  -4.574  -24.349 0.2857142985
132545  24.609  -2.280  -24.664 0.2857142985
75701  24.805  -0.365  -25.615 0.8571428657
74829  24.450  -1.143  -25.380 0.4285714328
73141  24.692  -3.086  -24.354 0.2857142985
77572  26.338  1.511  -25.628 0.7142857313
76611  25.946  0.684  -25.445 0.7142857313
76612  25.185  0.401  -25.838 0.7142857313
77571  26.956  2.176  -25.381 0.8571428657
77581  25.781  1.991  -26.390 0.8571428657
77573  25.552  1.146  -26.070 0.7142857313
80418  28.090  4.613  -24.852 0.4285714328
78586  26.781  2.874  -25.752 0.7142857313
119523  26.420  2.279  -25.914 0.8571428657
81285  29.427  5.630  -24.183 0.2857142985
126989  28.090  5.950  -24.850 0.5714285970
138333  27.081  4.279  -25.551 0.8571428657
80432  27.421  4.748  -25.340 0.7142857313
129044  26.998  3.601  -25.581 0.8571428657
83013  29.126  7.026  -24.083 0.1428571492
82163  29.743  6.283  -23.857 0.1428571492
82165  28.382  6.582  -24.579 0.4285714328
81287  27.737  5.320  -25.061 0.5714285970
80433  26.919  4.870  -25.845 0.8571428657
83862  29.610  8.775  -23.396 0.1428571492
83011  30.821  7.605  -23.636 0.1428571492
124078  29.413  7.849  -23.520 0.1428571492
83014  28.271  7.298  -24.529 0.4285714328
81303  26.793  5.443  -26.080 0.8571428657
85692  30.075  10.221  -23.657 0.1428571492
84760  30.091  9.487  -23.386 0.1428571492
84772  29.671  9.692  -23.861 0.1428571492
83874  28.964  8.347  -23.697 0.1428571492
83875  28.278  8.237  -24.442 0.4285714328
83035  27.530  7.515  -25.051 0.5714285970
132500  27.236  6.346  -25.557 0.7142857313
81320  26.442  5.671  -26.467 0.8571428657
85703  29.153  10.774  -24.086 0.1428571492
133668  28.629  9.989  -24.381 0.1428571492
83888  28.108  9.159  -24.757 0.5714285970
82199  26.844  6.980  -26.343 0.8571428657
135249  26.973  6.117  -26.028 0.8571428657
82200  26.365  6.373  -26.637 0.8571428657
86602  29.227  11.555  -24.114 0.1428571492
85705  28.346  10.706  -24.833 0.1428571492
124852  28.014  9.957  -25.270 0.8571428657
83889  27.617  8.443  -25.328 0.8571428657
83906  27.199  8.800  -26.211 0.8571428657
87399  28.541  12.498  -24.629 0.1428571492
88157  29.179  13.124  -24.404 0.1428571492
128618  28.189  11.324  -25.068 0.4285714328
85731  27.139  10.600  -26.394 0.8571428657
83907  26.578  8.800  -27.052 0.8571428657
124307  28.036  11.975  -25.037 0.4285714328
85748  26.546  10.530  -27.063 0.8571428657
84798  26.816  9.719  -26.673 0.8571428657
84811  26.399  9.719  -27.507 0.8571428657
88159  27.844  13.451  -24.864 0.1428571492
88882  27.806  14.070  -24.861 0.2857142985
87400  27.911  12.686  -24.950 0.5714285970
139076  27.008  12.605  -25.763 0.8571428657
87412  27.450  12.150  -25.537 0.8571428657
86625  26.787  11.303  -26.715 0.8571428657
86639  26.369  11.229  -27.449 0.8571428657
126399  27.441  14.532  -25.210 0.2857142985
88167  27.139  13.745  -25.153 0.7142857313
126670  27.322  12.953  -25.207 0.5714285970
87413  26.821  13.145  -25.507 0.8571428657
87423  26.392  11.961  -26.911 0.8571428657
87437  25.811  11.785  -27.607 0.8571428657
85749  26.315  10.575  -27.959 0.8571428657
88168  26.312  13.622  -25.594 0.8571428657
88169  25.515  13.439  -26.284 0.8571428657
87424  25.704  12.551  -26.964 0.8571428657
87425  25.094  13.098  -27.107 0.7142857313
88884  25.710  14.344  -25.780 0.8571428657
137743  25.040  14.148  -26.269 0.8571428657
128483  25.028  14.875  -26.220 0.8571428657
88176  24.756  13.756  -26.866 0.7142857313
118214  25.782  16.199  -25.998 0.7142857313
89640  25.665  15.287  -25.909 0.8571428657
89641  24.757  15.727  -26.186 0.8571428657
90476  24.133  16.200  -26.453 0.8571428657
91186  24.203  16.964  -26.837 0.7142857313
127203  24.424  15.151  -26.582 0.8571428657
91945  27.462  18.178  -27.542 0.1428571492
90475  24.893  16.532  -26.304 0.8571428657
91185  25.187  17.319  -26.561 0.7142857313
91192  25.673  18.024  -26.752 0.7142857313
93484  27.623  20.548  -28.171 0.1428571492
91947  26.102  18.691  -26.869 0.5714285970
122995  25.002  20.210  -27.135 0.5714285970
127965  26.585  19.385  -27.113 0.1428571492
94309  27.253  21.170  -28.884 0.1428571492
93473  25.349  21.027  -26.962 0.5714285970
94320  26.745  22.274  -29.212 0.1428571492
95096  26.993  22.508  -30.985 0.1428571492
94298  26.316  21.510  -27.565 0.1428571492
95849  26.563  23.207  -31.367 0.1428571492
92676  26.149  20.301  -27.029 0.5714285970
95087  26.621  22.995  -29.610 0.1428571492
96551  26.326  24.146  -31.681 0.1428571492
96547  26.085  24.035  -30.600 0.1428571492
63021  17.722  -14.048  -21.070 0.1428571492
63022  16.700  -13.951  -21.158 0.1428571492
66846  18.114  -11.013  -21.679 0.2857142985
126941  19.412  -11.931  -21.509 0.1428571492
66845  20.516  -10.845  -21.962 0.2857142985
132626  19.815  -10.710  -21.931 0.2857142985
69560  22.823  -7.925  -23.021 0.2857142985
69561  22.049  -8.079  -23.072 0.2857142985
68720  21.262  -8.188  -23.110 0.1428571492
73968  23.973  -2.593  -24.820 0.2857142985
73142  23.729  -3.376  -24.573 0.2857142985
74828  25.239  -0.872  -24.996 0.4285714328
73976  24.168  -1.872  -25.087 0.5714285970
78566  27.477  2.928  -25.151 0.2857142985
75710  24.378  0.133  -26.264 0.7142857313
80417  28.949  4.520  -24.439 0.1428571492
79539  26.283  3.642  -26.441 0.8571428657
127886  27.413  5.940  -25.365 0.7142857313
86595  29.763  11.155  -23.691 0.1428571492
120665  27.659  9.245  -25.546 0.8571428657
83055  26.731  7.878  -26.642 0.8571428657
88883  26.614  14.364  -25.416 0.8571428657
129425  25.657  16.865  -26.328 0.8571428657
93471  26.707  20.755  -27.502 0.1428571492
95867  25.616  22.254  -33.937 0.1428571492
120851  20.108  -9.324  -22.624 0.2857142985
66865  19.312  -10.189  -22.110 0.4285714328
67822  18.778  -9.493  -22.464 0.2857142985
68706  20.829  -8.913  -22.781 0.1428571492
69576  23.136  -7.188  -23.245 0.2857142985
71320  23.885  -5.591  -23.597 0.2857142985
71322  22.260  -5.751  -24.016 0.2857142985
71323  21.791  -6.259  -23.911 0.2857142985
72193  22.703  -5.205  -24.061 0.2857142985
74830  23.634  -1.510  -25.793 0.7142857313
83873  30.405  8.818  -23.430 0.1428571492
117806  31.382  10.755  -23.422 0.1428571492
87398  29.218  12.266  -24.218 0.1428571492
86603  28.603  11.814  -24.583 0.2857142985
85717  27.719  10.756  -25.615 0.8571428657
83056  26.266  7.128  -26.950 0.8571428657
82201  25.934  6.527  -27.330 1.0000000000
88873  28.550  13.867  -24.703 0.1428571492
129682  28.253  14.588  -25.032 0.1428571492
89624  27.909  15.204  -25.459 0.2857142985
86641  25.418  11.643  -28.397 0.8571428657
89625  27.035  15.080  -25.565 0.5714285970
90473  26.879  16.293  -26.178 0.5714285970
90474  26.456  16.840  -26.419 0.5714285970
119218  26.517  18.047  -26.986 0.4285714328
91191  27.071  17.373  -26.981 0.2857142985
91946  26.810  18.681  -27.197 0.1428571492
127592  27.237  20.031  -27.444 0.1428571492
94299  25.626  21.870  -27.073 0.2857142985
128779  26.265  22.675  -28.537 0.1428571492
95077  25.960  23.482  -28.706 0.1428571492
94319  27.085  21.667  -29.448 0.1428571492
96548  25.764  24.863  -30.674 0.1428571492
97236  26.227  24.980  -32.465 0.1428571492
89638  27.429  15.762  -25.888 0.4285714328
132707  27.206  16.756  -26.677 0.4285714328
91184  26.106  17.450  -26.569 0.5714285970
65922  17.580  -11.667  -21.561 0.1428571492
63986  17.149  -13.219  -21.429 0.1428571492
65923  16.661  -11.343  -21.561 0.2857142985
65920  19.990  -11.409  -21.696 0.1428571492
67821  19.550  -9.616  -22.439 0.1428571492
70432  22.534  -6.511  -23.616 0.2857142985
76621  24.831  0.844  -26.484 0.7142857313
79512  27.628  3.915  -25.099 0.8571428657
79523  26.576  3.428  -26.040 0.8571428657
81286  28.639  5.300  -24.615 0.5714285970
82166  27.603  6.605  -24.984 0.5714285970
121055  28.842  9.037  -23.938 0.2857142985
82996  30.175  8.087  -23.397 0.1428571492
126823  28.839  7.764  -24.033 0.1428571492
83054  27.246  7.729  -25.960 0.8571428657
84797  27.406  9.849  -25.967 0.8571428657
86613  27.727  11.502  -25.487 0.8571428657
88175  26.430  12.775  -26.205 0.8571428657
87422  26.949  12.047  -26.262 0.8571428657
86640  26.073  11.174  -28.245 0.8571428657
89626  26.288  14.933  -25.652 0.8571428657
92675  27.439  19.152  -27.564 0.1428571492
92677  25.527  19.334  -27.019 0.5714285970
126304  27.266  21.454  -30.276 0.1428571492
93472  25.959  21.155  -27.106 0.4285714328
94310  26.650  21.835  -28.451 0.1428571492
120793  26.488  22.092  -32.090 0.1428571492
94297  26.910  21.156  -28.072 0.1428571492
95068  25.999  22.341  -27.636 0.1428571492
95840  26.495  23.421  -30.413 0.1428571492
89639  26.508  15.622  -25.790 0.5714285970
71332  22.099  -5.072  -24.400 0.5714285970
95078  25.668  23.172  -27.867 0.1428571492
71333  21.387  -5.688  -24.338 0.5714285970
71334  19.899  -5.830  -25.019 0.5714285970
71335  19.009  -6.093  -24.977 0.2857142985
72216  21.474  -4.306  -25.337 0.5714285970
71346  20.059  -5.277  -25.563 0.5714285970
70443  18.889  -6.837  -24.426 0.4285714328
72206  21.395  -4.901  -24.814 0.5714285970
71348  18.255  -5.787  -25.555 0.2857142985
71347  19.204  -5.520  -25.545 0.4285714328
73151  22.346  -3.303  -25.502 0.4285714328
73152  21.631  -3.710  -25.868 0.5714285970
115595  20.933  -4.280  -26.134 0.5714285970
72228  20.197  -4.176  -26.877 0.4285714328
121052  22.563  -2.715  -25.819 0.5714285970
73161  21.905  -2.965  -26.327 0.5714285970
73162  21.055  -3.560  -26.817 0.4285714328
73985  22.443  -2.319  -26.394 0.7142857313
73986  21.951  -2.425  -26.865 0.4285714328
74831  22.900  -1.642  -26.609 0.4285714328
72218  19.407  -5.028  -26.010 0.4285714328
124010  18.498  -5.178  -26.215 0.2857142985
133909  17.656  -5.456  -25.919 0.2857142985
73978  23.011  -2.175  -25.810 0.7142857313
75712  23.071  -1.011  -27.322 0.7142857313
75723  22.477  -0.940  -28.044 0.4285714328
76631  23.449  0.433  -27.676 0.7142857313
76632  22.858  0.435  -28.294 0.5714285970
77595  23.225  1.005  -28.247 0.7142857313
77611  22.499  1.253  -28.653 0.2857142985
75702  23.977  -0.629  -26.001 0.5714285970
75711  23.619  -0.248  -26.916 0.5714285970
75722  23.063  -0.308  -27.816 0.7142857313
77594  23.784  1.218  -27.680 0.7142857313
77610  23.309  1.844  -28.369 0.7142857313
78617  23.933  2.716  -28.246 0.7142857313
78632  23.158  2.682  -28.904 0.7142857313
78633  22.446  2.153  -28.829 0.4285714328
79576  23.036  3.400  -29.288 0.4285714328
77582  25.178  1.451  -26.632 0.5714285970
76622  24.009  0.675  -26.936 0.5714285970
78605  25.045  2.039  -27.064 0.5714285970
78616  24.880  2.818  -27.582 0.5714285970
79555  24.489  3.497  -28.190 0.7142857313
79565  24.175  3.986  -28.602 0.7142857313
81338  25.311  5.262  -27.917 0.7142857313
80482  23.604  4.169  -29.127 0.5714285970
81364  23.976  5.935  -29.301 0.5714285970
126881  26.593  4.174  -26.040 0.7142857313
137478  25.712  4.010  -27.158 0.5714285970
132489  25.463  3.145  -27.313 0.5714285970
80469  25.586  4.600  -27.390 0.7142857313
79554  25.313  3.678  -27.585 0.7142857313
81349  25.224  6.000  -28.222 0.7142857313
124180  24.715  6.133  -28.780 0.7142857313
82232  25.269  6.691  -28.620 0.7142857313
82233  24.493  6.803  -29.199 0.7142857313
118007  26.077  4.303  -26.723 0.5714285970
80470  24.861  4.377  -28.206 0.7142857313
81337  25.667  5.968  -27.641 0.8571428657
82218  25.805  6.578  -28.067 0.8571428657
83078  25.235  7.445  -28.970 0.7142857313
125233  23.928  7.165  -29.804 0.5714285970
83956  24.345  8.826  -30.633 0.2857142985
83077  25.796  7.276  -28.389 0.7142857313
123799  24.874  10.167  -29.624 0.7142857313
83066  26.092  7.171  -27.760 0.7142857313
83917  25.695  8.103  -28.579 0.8571428657
83090  24.682  7.625  -29.607 0.8571428657
83929  25.187  8.273  -29.267 0.8571428657
83943  24.873  9.220  -29.591 0.5714285970
84824  25.415  9.996  -29.032 0.8571428657
85775  24.582  10.671  -30.098 0.7142857313
83916  26.141  8.755  -27.979 0.8571428657
84812  26.016  9.833  -28.341 0.8571428657
85774  25.325  10.838  -29.386 0.8571428657
85762  25.937  10.672  -28.697 0.8571428657
86654  25.720  11.141  -28.852 0.8571428657
86655  25.089  11.471  -29.155 0.7142857313
88891  24.509  14.488  -26.736 0.7142857313
88899  24.240  14.214  -27.600 0.7142857313
123558  24.155  13.915  -28.741 0.7142857313
88892  23.946  14.988  -27.240 0.7142857313
89642  23.896  15.672  -26.674 0.7142857313
129667  23.438  16.876  -27.377 0.7142857313
89653  23.397  15.651  -27.707 0.7142857313
91195  22.920  17.297  -28.088 0.7142857313
126554  22.852  18.090  -28.736 0.7142857313
90486  22.539  16.627  -28.949 0.5714285970
91950  23.266  18.275  -27.950 0.7142857313
91201  22.374  17.342  -29.134 0.5714285970
91970  22.292  18.280  -29.397 0.5714285970
91194  23.716  17.658  -27.426 0.5714285970
91208  21.711  17.337  -29.881 0.5714285970
133728  23.542  18.939  -27.817 0.5714285970
91958  22.893  18.883  -28.502 0.5714285970
91959  22.169  19.096  -29.025 0.5714285970
135888  21.722  18.065  -29.788 0.5714285970
92691  21.440  19.631  -28.963 0.5714285970
91971  21.411  18.737  -29.544 0.5714285970
91957  23.300  19.544  -27.755 0.5714285970
91210  19.888  17.867  -29.818 0.4285714328
90504  20.853  16.394  -30.762 0.4285714328
91972  20.263  18.767  -29.777 0.5714285970
92707  18.894  19.928  -29.724 0.4285714328
75700  25.615  -0.101  -25.231 0.2857142985
79540  25.829  3.468  -26.951 0.5714285970
93500  19.712  20.333  -29.478 0.2857142985
92706  19.597  19.554  -29.801 0.4285714328
91974  18.554  19.529  -29.429 0.2857142985
122114  20.526  -6.081  -24.485 0.5714285970
70435  19.807  -7.015  -24.036 0.5714285970
72205  22.083  -4.382  -24.780 0.2857142985
70442  19.765  -6.435  -24.544 0.5714285970
73143  22.781  -3.752  -24.777 0.2857142985
72215  22.054  -3.866  -25.203 0.5714285970
70444  18.052  -6.334  -24.944 0.2857142985
72229  19.219  -4.668  -26.845 0.4285714328
73987  21.444  -2.818  -27.193 0.5714285970
72230  18.254  -4.566  -26.773 0.2857142985
73163  19.434  -3.920  -27.456 0.2857142985
74852  22.438  -1.569  -27.468 0.5714285970
76595  26.604  0.898  -25.083 0.2857142985
76644  21.403  0.332  -28.624 0.2857142985
83065  26.312  7.912  -27.404 0.8571428657
120993  24.707  8.336  -29.910 0.7142857313
88182  24.546  13.359  -27.732 0.7142857313
88190  24.454  12.976  -28.686 0.7142857313
90485  23.092  16.445  -27.881 0.7142857313
91209  21.002  17.825  -30.021 0.2857142985
91193  24.708  17.988  -27.023 0.5714285970
91949  24.014  18.522  -27.438 0.5714285970
91948  24.811  18.756  -27.217 0.5714285970
92678  24.318  19.353  -27.410 0.5714285970
118860  20.868  -3.164  -27.634 0.4285714328
78603  26.228  2.886  -26.394 0.7142857313
80454  26.510  4.964  -26.361 0.7142857313
124376  25.687  5.402  -27.321 0.7142857313
80455  26.014  5.170  -26.819 0.7142857313
90477  23.559  16.260  -26.944 0.8571428657
74839  23.454  -1.020  -26.535 0.5714285970
124300  24.715  12.136  -28.767 0.7142857313
77583  24.499  1.372  -27.061 0.5714285970
72207  20.665  -5.404  -24.902 0.5714285970
117654  20.781  -4.814  -25.463 0.5714285970
72217  20.140  -4.758  -26.183 0.4285714328
69589  19.209  -7.485  -23.783 0.5714285970
118484  20.267  -3.589  -27.566 0.4285714328
73998  22.304  -2.010  -26.981 0.5714285970
73999  21.812  -2.175  -27.575 0.4285714328
121146  22.527  -0.180  -28.260 0.4285714328
75740  21.924  -0.371  -28.442 0.4285714328
74853  21.912  -1.600  -28.057 0.4285714328
76643  22.168  0.440  -28.584 0.2857142985
77593  24.219  2.010  -27.650 0.7142857313
79566  23.735  3.390  -28.779 0.7142857313
78604  25.583  2.707  -26.976 0.5714285970
80481  24.199  4.548  -28.746 0.7142857313
81351  23.820  4.998  -29.222 0.7142857313
81350  24.590  5.293  -28.630 0.7142857313
81365  23.329  5.475  -29.649 0.2857142985
83104  24.179  7.937  -30.289 0.5714285970
83114  23.805  8.306  -31.090 0.2857142985
124264  25.539  9.042  -28.766 0.8571428657
92690  22.327  19.896  -28.306 0.7142857313
92705  20.526  19.559  -29.463 0.5714285970
73176  20.258  -2.851  -28.182 0.4285714328
66848  16.782  -10.490  -21.760 0.4285714328
72191  24.299  -4.709  -23.757 0.1428571492
133154  24.284  -3.869  -24.134 0.1428571492
74819  24.898  -1.627  -24.796 0.1428571492
127195  25.105  -4.885  -23.516 0.1428571492
74818  25.726  -1.477  -24.591 0.1428571492
73140  25.746  -3.213  -24.103 0.1428571492
75689  26.136  -0.697  -24.708 0.1428571492
122325  27.794  1.293  -24.606 0.2857142985
78565  28.284  2.591  -24.582 0.1428571492
87438  25.028  12.450  -27.832 0.5714285970
137165  25.435  27.087  -32.519 0.1428571492
86667  24.724  11.296  -29.903 0.4285714328
131654  25.230  27.417  -31.778 0.1428571492
129247  25.754  24.596  -29.918 0.1428571492
88191  24.145  13.544  -29.979 0.4285714328
116320  23.690  14.569  -30.203 0.4285714328
95823  23.836  23.315  -28.055 0.2857142985
94302  22.982  21.610  -27.755 0.2857142985
92680  23.067  20.245  -27.618 0.2857142985
94301  23.889  21.740  -27.040 0.2857142985
88204  22.557  14.253  -32.161 0.1428571492
88900  23.621  14.855  -28.575 0.5714285970
94311  22.081  21.581  -28.337 0.2857142985
92679  23.940  20.189  -27.358 0.4285714328
126076  23.009  15.472  -30.502 0.4285714328
89654  23.112  16.030  -29.138 0.5714285970
89667  22.030  15.752  -31.328 0.4285714328
93487  20.404  21.052  -29.091 0.1428571492
93485  21.767  20.819  -28.464 0.1428571492
131239  21.106  20.843  -28.911 0.1428571492
89681  21.231  15.752  -31.231 0.1428571492
90498  21.514  16.504  -30.545 0.4285714328
94321  19.527  21.098  -29.081 0.1428571492
94312  20.291  21.760  -28.682 0.1428571492
139124  21.628  22.168  -28.585 0.1428571492
89694  21.244  16.095  -30.968 0.2857142985
93501  18.922  20.541  -29.386 0.2857142985
92681  18.628  19.699  -28.031 0.1428571492
127860  21.008  22.256  -28.677 0.1428571492
93488  18.872  20.826  -28.688 0.1428571492
94303  19.378  21.323  -27.590 0.1428571492
94313  19.557  21.444  -28.450 0.1428571492
95062  19.818  21.796  -26.834 0.1428571492
122154  17.849  -9.571  -22.367 0.4285714328
68710  16.985  -8.374  -22.696 0.2857142985
87450  24.423  12.667  -29.482 0.2857142985
129931  25.388  18.560  -26.946 0.4285714328
93474  24.410  21.024  -26.954 0.2857142985
95071  22.498  22.446  -28.339 0.2857142985
95069  24.205  22.570  -27.395 0.2857142985
95080  21.379  22.870  -28.493 0.2857142985
120088  16.438  -9.103  -22.285 0.2857142985
68704  22.600  -8.672  -22.776 0.1428571492
68705  21.777  -8.846  -22.765 0.1428571492
70430  24.373  -6.245  -23.333 0.1428571492
127533  27.663  2.030  -24.812 0.1428571492
117149  26.455  0.166  -24.885 0.1428571492
86656  24.432  11.957  -29.539 0.4285714328
88192  22.780  14.967  -31.713 0.2857142985
95079  22.895  23.276  -28.356 0.2857142985
94300  24.861  21.847  -26.780 0.2857142985
95822  24.396  23.858  -28.051 0.2857142985
97216  25.032  25.321  -28.886 0.1428571492
97226  24.660  26.207  -29.097 0.1428571492
130509  20.552  22.549  -28.248 0.2857142985
123684  22.119  23.217  -28.484 0.2857142985
97225  25.352  25.444  -29.694 0.1428571492
97232  25.440  25.927  -30.787 0.1428571492
95836  25.687  24.140  -28.749 0.1428571492
96544  25.584  24.703  -29.131 0.1428571492
126713  28.831  3.192  -24.342 0.2857142985
135983  25.454  21.487  -26.949 0.4285714328
95829  24.213  24.420  -28.437 0.2857142985
94290  25.188  22.741  -27.211 0.2857142985
95821  25.081  23.572  -27.717 0.1428571492
66867  17.580  -10.325  -21.913 0.4285714328
77552  27.073  1.439  -24.973 0.4285714328
137184  23.405  15.510  -28.925 0.5714285970
92708  18.420  20.179  -29.261 0.2857142985
93486  20.753  20.278  -29.085 0.2857142985
90492  22.126  16.678  -30.007 0.5714285970
93476  22.548  20.824  -27.848 0.2857142985
73967  25.427  -2.290  -24.423 0.1428571492
72203  25.134  -4.019  -23.760 0.1428571492
74817  26.740  -1.521  -24.346 0.1428571492
88203  23.514  13.473  -31.026 0.2857142985
95070  23.352  22.773  -28.025 0.2857142985
126032  23.396  22.221  -27.693 0.2857142985
93475  23.423  20.934  -27.295 0.2857142985
124667  21.161  21.576  -28.817 0.1428571492
89666  22.591  16.125  -30.306 0.5714285970
89680  21.861  16.109  -30.916 0.4285714328
75688  27.210  -0.474  -24.432 0.1428571492
86668  24.035  11.821  -30.252 0.2857142985
128171  24.636  23.244  -27.606 0.2857142985
96538  25.240  24.502  -28.609 0.2857142985
97899  24.942  26.294  -29.952 0.1428571492
132391  23.285  4.782  -29.493 0.4285714328
82261  23.496  7.505  -30.545 0.2857142985
95824  21.698  24.151  -27.903 0.1428571492
95830  23.342  24.099  -28.410 0.1428571492
97219  21.739  26.255  -28.556 0.1428571492
95061  20.238  22.317  -26.332 0.1428571492
138872  22.224  24.660  -28.045 0.1428571492
95831  22.364  23.870  -28.333 0.1428571492
136604  22.695  24.239  -28.310 0.1428571492
95825  21.183  23.743  -27.336 0.1428571492
95826  20.660  23.086  -26.766 0.1428571492
96536  21.796  24.215  -27.099 0.1428571492
97209  22.138  25.744  -28.146 0.1428571492
95832  21.462  23.644  -28.200 0.1428571492
131820  22.043  24.174  -26.217 0.1428571492
136610  23.871  6.580  -29.561 0.2857142985
96532  21.237  23.604  -26.235 0.1428571492
97203  22.496  25.396  -27.418 0.1428571492
73977  23.586  -2.197  -25.317 0.2857142985
96540  23.748  24.967  -28.592 0.1428571492
96541  22.821  24.950  -28.238 0.1428571492
97218  23.086  25.939  -28.536 0.1428571492
96531  22.363  24.817  -26.800 0.1428571492
73150  23.129  -2.847  -25.173 0.4285714328
69580  20.049  -7.660  -23.514 0.4285714328
133448  20.346  -6.616  -24.156 0.2857142985
69579  20.846  -7.610  -23.441 0.1428571492
70441  21.050  -6.489  -23.940 0.2857142985
68722  19.416  -8.209  -23.231 0.2857142985
70433  21.730  -6.872  -23.648 0.1428571492
137170  21.144  -7.098  -23.635 0.1428571492
68721  20.509  -8.185  -23.170 0.1428571492
138164  20.009  -8.167  -23.223 0.2857142985
68708  18.578  -8.681  -22.930 0.2857142985
68709  17.780  -8.856  -22.732 0.2857142985
68723  18.571  -7.881  -23.479 0.2857142985
68724  17.823  -8.173  -23.202 0.2857142985
74010  21.437  -2.079  -28.142 0.2857142985
74867  21.290  -1.554  -28.427 0.2857142985
78649  21.753  2.465  -29.013 0.1428571492
78648  22.380  2.838  -29.150 0.2857142985
80492  22.854  4.226  -29.547 0.1428571492
82271  23.018  7.235  -30.621 0.1428571492
83972  23.629  8.651  -31.920 0.1428571492
84839  24.406  9.826  -30.314 0.1428571492
83986  23.872  9.069  -32.254 0.1428571492
85787  24.017  10.332  -30.906 0.1428571492
85804  23.176  10.416  -32.152 0.1428571492
87474  22.450  12.793  -31.380 0.1428571492
117128  23.475  14.208  -31.108 0.1428571492
87463  22.051  13.648  -32.274 0.1428571492
130200  22.787  13.439  -31.594 0.1428571492
90499  21.109  16.934  -30.361 0.1428571492
91218  19.414  16.852  -30.326 0.1428571492
89683  19.687  15.678  -30.625 0.1428571492
91211  18.933  17.357  -29.778 0.1428571492
91973  19.167  18.404  -29.386 0.1428571492
66868  16.931  -9.762  -22.176 0.2857142985
86694  23.074  11.153  -31.416 0.1428571492
74011  20.851  -2.190  -28.386 0.2857142985
74868  20.550  -1.499  -28.561 0.2857142985
124439  21.796  2.970  -29.303 0.1428571492
81366  22.909  5.070  -29.719 0.1428571492
81378  22.713  5.659  -29.823 0.1428571492
138362  23.347  6.457  -29.975 0.1428571492
83116  22.731  7.854  -31.320 0.1428571492
83115  23.206  8.009  -31.316 0.1428571492
83973  23.000  8.496  -32.085 0.1428571492
84878  23.550  9.530  -32.471 0.1428571492
124931  21.587  12.964  -31.844 0.1428571492
90506  19.155  16.276  -30.469 0.1428571492
90505  20.035  16.356  -30.663 0.1428571492
74012  20.212  -2.121  -28.477 0.2857142985
136435  18.255  -9.154  -22.632 0.2857142985
79577  22.294  3.467  -29.472 0.1428571492
89682  20.510  15.581  -30.902 0.1428571492
73177  19.606  -3.343  -27.911 0.1428571492
86679  24.182  11.075  -30.589 0.1428571492
87451  24.203  12.710  -30.273 0.1428571492
85803  23.752  9.982  -31.959 0.1428571492
83974  22.325  8.523  -32.079 0.1428571492
67805  16.142  -9.932  -21.823 0.1428571492
67806  15.630  -9.902  -21.407 0.1428571492
69581  17.912  -7.449  -23.747 0.1428571492
79511  28.468  3.891  -24.638 0.1428571492
79510  29.333  3.826  -24.150 0.1428571492
89637  28.369  15.736  -26.016 0.1428571492
138340  16.152  -10.719  -21.617 0.1428571492
68725  17.288  -7.518  -23.230 0.1428571492
137189  18.488  -7.321  -23.988 0.1428571492
90472  27.837  16.337  -26.562 0.1428571492
70452  17.351  -5.922  -25.380 0.1428571492
69590  17.931  -6.891  -24.373 0.1428571492
116622  17.166  -9.138  -22.498 0.1428571492
67823  15.880  -9.105  -21.922 0.1428571492
70436  17.457  -6.798  -23.896 0.1428571492
63987  15.970  -13.386  -21.032 0.1428571492
70434  20.539  -7.060  -23.770 0.2857142985
71321  23.040  -5.734  -23.751 0.2857142985
74000  21.162  -2.631  -27.956 0.2857142985
75724  21.761  -1.052  -28.344 0.4285714328
81302  27.175  5.429  -25.630 0.5714285970
81321  25.890  5.899  -26.936 0.7142857313
81377  23.031  5.778  -29.861 0.1428571492
82164  28.905  6.123  -24.416 0.4285714328
83012  30.042  7.153  -23.498 0.1428571492
83117  22.139  7.748  -31.039 0.1428571492
83971  24.070  8.911  -31.696 0.1428571492
83987  23.361  9.121  -32.518 0.1428571492
83988  22.588  9.262  -32.713 0.1428571492
84858  24.121  9.536  -31.301 0.1428571492
84891  22.927  9.771  -33.023 0.1428571492
85704  28.671  11.257  -24.500 0.2857142985
85788  23.740  10.742  -31.352 0.1428571492
86624  27.328  11.393  -26.055 0.8571428657
88158  28.414  13.133  -24.696 0.1428571492
89684  18.857  15.968  -30.420 0.1428571492
89695  20.536  15.935  -30.909 0.4285714328
89696  19.568  16.121  -30.617 0.1428571492
89697  18.996  16.054  -30.467 0.1428571492
91217  20.418  16.985  -30.408 0.1428571492
95086  27.169  22.168  -30.074 0.1428571492
95828  25.422  23.886  -28.183 0.1428571492
95835  26.025  23.927  -29.563 0.1428571492
96535  24.914  24.197  -28.163 0.2857142985
119448  27.296  20.947  -29.932 0.1428571492
124065  19.227  19.102  -29.953 0.1428571492
125374  26.059  7.828  -28.048 0.8571428657
126590  27.189  6.858  -25.694 0.7142857313
132121  28.107  3.305  -24.772 0.1428571492
133722  24.000  9.336  -32.071 0.1428571492
134569  18.779  20.112  -27.461 0.1428571492
137239  21.474  20.259  -28.704 0.1428571492
139085  30.402  6.378  -23.583 0.1428571492
