# transform file /out/sourcedata/freesurfer/sub-v1s12x0050110_ses-1/mri/transforms/cc_up.lta
# created by oesteban on Sun Mar  8 14:03:49 2026

type      = 0 # LINEAR_VOX_TO_VOX
nxforms   = 1
mean      = 131.0000 129.0000 114.0000
sigma     = 10000.0000
1 4 4
9.975649118423462e-01 3.755676746368408e-02 5.876660719513893e-02 -1.219660472869873e+01 
-3.749176859855652e-02 9.992944002151489e-01 -2.208642195910215e-03 2.222826766967773e+01 
-5.880809947848320e-02 0.000000000000000e+00 9.982692003250122e-01 2.789078140258789e+01 
0.000000000000000e+00 0.000000000000000e+00 0.000000000000000e+00 1.000000000000000e+00 
src volume info
valid = 1  # volume info valid
filename = /out/sourcedata/freesurfer/sub-v1s12x0050110_ses-1/mri/norm.mgz
volume = 256 256 256
voxelsize = 1.000000000000000e+00 1.000000000000000e+00 1.000000000000000e+00
xras   = -1.000000000000000e+00 0.000000000000000e+00 0.000000000000000e+00
yras   = 0.000000000000000e+00 0.000000000000000e+00 -1.000000000000000e+00
zras   = 0.000000000000000e+00 1.000000000000000e+00 0.000000000000000e+00
cras   = -4.822731018066406e+00 6.811141967773438e+00 -1.545807647705078e+01
dst volume info
valid = 1  # volume info valid
filename = /out/sourcedata/freesurfer/sub-v1s12x0050110_ses-1/mri/norm.mgz
volume = 256 256 256
voxelsize = 1.000000000000000e+00 1.000000000000000e+00 1.000000000000000e+00
xras   = -1.000000000000000e+00 0.000000000000000e+00 0.000000000000000e+00
yras   = 0.000000000000000e+00 0.000000000000000e+00 -1.000000000000000e+00
zras   = 0.000000000000000e+00 1.000000000000000e+00 0.000000000000000e+00
cras   = -4.822731018066406e+00 6.811141967773438e+00 -1.545807647705078e+01
