# transform file /out/sourcedata/freesurfer/sub-v1s12x0050117_ses-1/mri/transforms/cc_up.lta
# created by oesteban on Sun Mar  8 14:10:45 2026

type      = 0 # LINEAR_VOX_TO_VOX
nxforms   = 1
mean      = 130.0000 127.0000 121.0000
sigma     = 10000.0000
1 4 4
9.990613460540771e-01 2.866571582853794e-02 3.247690945863724e-02 -8.675294876098633e+00 
-2.865057997405529e-02 9.995890855789185e-01 -9.313565096817911e-04 2.390378189086914e+01 
-3.249026089906693e-02 0.000000000000000e+00 9.994720220565796e-01 1.831641769409180e+01 
0.000000000000000e+00 0.000000000000000e+00 0.000000000000000e+00 1.000000000000000e+00 
src volume info
valid = 1  # volume info valid
filename = /out/sourcedata/freesurfer/sub-v1s12x0050117_ses-1/mri/norm.mgz
volume = 256 256 256
voxelsize = 1.000000000000000e+00 1.000000000000000e+00 1.000000000000000e+00
xras   = -1.000000000000000e+00 0.000000000000000e+00 0.000000000000000e+00
yras   = 0.000000000000000e+00 0.000000000000000e+00 -1.000000000000000e+00
zras   = 0.000000000000000e+00 1.000000000000000e+00 0.000000000000000e+00
cras   = 2.446601867675781e+00 -7.716705322265625e+00 -6.751747131347656e+00
dst volume info
valid = 1  # volume info valid
filename = /out/sourcedata/freesurfer/sub-v1s12x0050117_ses-1/mri/norm.mgz
volume = 256 256 256
voxelsize = 1.000000000000000e+00 1.000000000000000e+00 1.000000000000000e+00
xras   = -1.000000000000000e+00 0.000000000000000e+00 0.000000000000000e+00
yras   = 0.000000000000000e+00 0.000000000000000e+00 -1.000000000000000e+00
zras   = 0.000000000000000e+00 1.000000000000000e+00 0.000000000000000e+00
cras   = 2.446601867675781e+00 -7.716705322265625e+00 -6.751747131347656e+00
