#Insight Transform File V1.0
#Transform 0
Transform: AffineTransform_float_3_3
Parameters: 1 -2.09024e-05 0.000474583 1.98916e-05 1 0.00109279 -0.000474557 -0.00109277 1 -0.0102264 -0.0677779 -0.108058
FixedParameters: 0 0 0

#Transform 1
Transform: AffineTransform_float_3_3
Parameters: 1 0.000291306 -0.000254752 -0.000291481 1 0.00034494 0.00025402 -0.000344767 1 0.00505667 0.0651737 0.11196
FixedParameters: 0 0 0

#Transform 2
Transform: AffineTransform_float_3_3
Parameters: 0.999999 0.000517339 -0.000673193 -0.00051722 1 8.85027e-05 0.000673284 -8.78062e-05 1 -0.00815146 -0.0584031 0.183866
FixedParameters: 0 0 0

#Transform 3
Transform: AffineTransform_float_3_3
Parameters: 0.999999 0.000657955 -0.000420798 -0.000658203 0.999999 -0.000253076 0.000420479 0.000252878 1 -0.0139895 -0.0161181 0.12585
FixedParameters: 0 0 0

#Transform 4
Transform: AffineTransform_float_3_3
Parameters: 1 0.000630108 -0.000236352 -0.000630012 1 0.00094478 0.00023661 -0.000945116 0.999999 -0.0198407 -0.0769604 0.110452
FixedParameters: 0 0 0

#Transform 5
Transform: AffineTransform_float_3_3
Parameters: 0.999999 0.000209171 -0.000890293 -0.000209194 0.999999 0.000709842 0.000890008 -0.000709416 0.999999 -0.0169007 0.0309532 0.165491
FixedParameters: 0 0 0

#Transform 6
Transform: AffineTransform_float_3_3
Parameters: 1 -0.000421433 -0.000564683 0.000420897 1 -0.000474909 0.000565083 0.000474434 0.999999 0.0225138 -0.0755145 0.754612
FixedParameters: 0 0 0

#Transform 7
Transform: AffineTransform_float_3_3
Parameters: 0.999998 -0.00144074 0.000910346 0.00144068 0.999999 0.000707544 -0.000911859 -0.000707041 0.999999 0.0584226 -0.0361625 0.936535
FixedParameters: 0 0 0

#Transform 8
Transform: AffineTransform_float_3_3
Parameters: 0.999998 -0.00126822 0.00114891 0.00126667 0.999998 0.00137241 -0.00115086 -0.00137098 0.999998 0.102087 -0.0447495 0.741497
FixedParameters: 0 0 0

#Transform 9
Transform: AffineTransform_float_3_3
Parameters: 0.999995 -0.00300973 0.000953694 0.00300894 0.999995 0.000926606 -0.000956754 -0.000922812 0.999999 0.14917 -0.0819316 0.979138
FixedParameters: 0 0 0

#Transform 10
Transform: AffineTransform_float_3_3
Parameters: 0.999992 -0.00380571 0.00138097 0.00380279 0.99999 0.00227804 -0.0013893 -0.00227302 0.999997 0.0753957 0.00337795 0.871
FixedParameters: 0 0 0

#Transform 11
Transform: AffineTransform_float_3_3
Parameters: 0.999992 -0.00340778 0.001824 0.00340422 0.999992 0.0019475 -0.00183045 -0.00194139 0.999996 0.14587 -0.0810502 0.681139
FixedParameters: 0 0 0

#Transform 12
Transform: AffineTransform_float_3_3
Parameters: 0.999992 -0.00352323 0.00161351 0.00351805 0.999989 0.00317339 -0.00162504 -0.00316768 0.999994 0.156258 -0.0601556 0.664743
FixedParameters: 0 0 0

#Transform 13
Transform: AffineTransform_float_3_3
Parameters: 0.999993 -0.00339009 0.00169214 0.00338346 0.999988 0.00366743 -0.00170424 -0.00366166 0.999991 0.154137 -0.0679788 0.673096
FixedParameters: 0 0 0

#Transform 14
Transform: AffineTransform_float_3_3
Parameters: 0.999996 -0.00274248 3.21354e-05 0.0027422 0.999988 0.00416068 -4.3832e-05 -0.00416034 0.999991 0.168203 -0.103417 0.65317
FixedParameters: 0 0 0

#Transform 15
Transform: AffineTransform_float_3_3
Parameters: 0.999997 -0.0021962 0.00089498 0.00219173 0.999982 0.00552712 -0.000907384 -0.00552557 0.999985 0.149219 -0.104404 0.607746
FixedParameters: 0 0 0

#Transform 16
Transform: AffineTransform_float_3_3
Parameters: 0.999995 -0.00310439 0.0011134 0.00309921 0.999983 0.00491354 -0.00112838 -0.00490962 0.999988 0.179626 -0.11251 0.6495
FixedParameters: 0 0 0

#Transform 17
Transform: AffineTransform_float_3_3
Parameters: 0.999995 -0.00307375 0.00110007 0.00306778 0.99998 0.0055168 -0.0011173 -0.00551372 0.999984 0.172193 -0.127618 0.565394
FixedParameters: 0 0 0

#Transform 18
Transform: AffineTransform_float_3_3
Parameters: 0.999996 -0.00265114 0.000946141 0.00264705 0.999986 0.00467948 -0.000958244 -0.00467665 0.999988 0.172377 -0.0813124 0.617115
FixedParameters: 0 0 0

#Transform 19
Transform: AffineTransform_float_3_3
Parameters: 0.999996 -0.00274259 0.000527878 0.00273925 0.99998 0.00584775 -0.000543846 -0.00584559 0.999983 0.158856 -0.111841 0.569889
FixedParameters: 0 0 0

#Transform 20
Transform: AffineTransform_float_3_3
Parameters: 0.999996 -0.00251667 0.000883601 0.00251317 0.999988 0.00423258 -0.000894198 -0.00423103 0.99999 0.171782 -0.0345897 0.601744
FixedParameters: 0 0 0

#Transform 21
Transform: AffineTransform_float_3_3
Parameters: 0.999996 -0.00281344 3.9358e-05 0.00281266 0.999979 0.00577067 -5.56187e-05 -0.00577041 0.999984 0.182568 -0.0951226 0.531281
FixedParameters: 0 0 0

#Transform 22
Transform: AffineTransform_float_3_3
Parameters: 0.999997 -0.00253614 -0.000201378 0.00253746 0.999986 0.00466522 0.000190338 -0.00466617 0.999989 0.202791 -0.0310997 0.549991
FixedParameters: 0 0 0

#Transform 23
Transform: AffineTransform_float_3_3
Parameters: 0.999996 -0.00285857 9.16194e-05 0.00285838 0.999984 0.00479952 -0.000105916 -0.00479962 0.999988 0.202693 -0.0783744 0.530343
FixedParameters: 0 0 0

#Transform 24
Transform: AffineTransform_float_3_3
Parameters: 0.999995 -0.00324799 0.000233568 0.00324665 0.999979 0.00556984 -0.000252241 -0.00556825 0.999985 0.206709 -0.0643099 0.58556
FixedParameters: 0 0 0

#Transform 25
Transform: AffineTransform_float_3_3
Parameters: 0.999996 -0.00290838 -0.000307134 0.00290997 0.999982 0.00530012 0.000291621 -0.00530171 0.999986 0.208902 -0.0684799 0.541522
FixedParameters: 0 0 0

#Transform 26
Transform: AffineTransform_float_3_3
Parameters: 0.999996 -0.00289464 0.000103941 0.0028937 0.999982 0.00518341 -0.000119376 -0.00518343 0.999986 0.204662 -0.0660233 0.579136
FixedParameters: 0 0 0

#Transform 27
Transform: AffineTransform_float_3_3
Parameters: 0.999994 -0.00356062 -0.000144623 0.00356093 0.999986 0.00399293 0.000130575 -0.00399294 0.999991 0.210623 -0.109393 0.464975
FixedParameters: 0 0 0

#Transform 28
Transform: AffineTransform_float_3_3
Parameters: 0.999995 -0.00306936 -0.000352286 0.0030715 0.999984 0.00461558 0.000337761 -0.00461614 0.999989 0.230396 -0.0220243 0.502436
FixedParameters: 0 0 0

#Transform 29
Transform: AffineTransform_float_3_3
Parameters: 0.999995 -0.00307674 0.000173873 0.00307587 0.999986 0.0043354 -0.000187546 -0.00433561 0.999991 0.212383 -0.046275 0.512947
FixedParameters: 0 0 0

#Transform 30
Transform: AffineTransform_float_3_3
Parameters: 0.999996 -0.00268369 -0.000182832 0.00268541 0.999984 0.00506893 0.000169308 -0.00506911 0.999987 0.202411 -0.0550557 0.576573
FixedParameters: 0 0 0

#Transform 31
Transform: AffineTransform_float_3_3
Parameters: 0.999996 -0.00288271 -0.000355944 0.0028841 0.999984 0.00483156 0.000342333 -0.00483274 0.999988 0.202185 -0.0048639 0.459514
FixedParameters: 0 0 0

#Transform 32
Transform: AffineTransform_float_3_3
Parameters: 0.999995 -0.00321357 -4.91222e-05 0.00321413 0.999984 0.00457319 3.4071e-05 -0.00457337 0.99999 0.212466 -0.0389554 0.52986
FixedParameters: 0 0 0

#Transform 33
Transform: AffineTransform_float_3_3
Parameters: 0.999995 -0.00330577 -0.000384886 0.00330838 0.999972 0.00669958 0.000362169 -0.0067012 0.999977 0.197515 -0.0801336 0.529108
FixedParameters: 0 0 0

#Transform 34
Transform: AffineTransform_float_3_3
Parameters: 0.999994 -0.00335961 -0.000347665 0.00336165 0.999977 0.00587775 0.000328118 -0.00587917 0.999983 0.1878 0.00824197 0.50069
FixedParameters: 0 0 0

#Transform 35
Transform: AffineTransform_float_3_3
Parameters: 0.999993 -0.0036347 -0.000731735 0.00364005 0.999971 0.00677231 0.000707026 -0.0067745 0.999977 0.20155 -0.115033 0.525485
FixedParameters: 0 0 0

#Transform 36
Transform: AffineTransform_float_3_3
Parameters: 0.999995 -0.00323212 -0.000588896 0.00323465 0.999981 0.00515155 0.000571524 -0.00515369 0.999986 0.209351 0.0248473 0.421651
FixedParameters: 0 0 0

#Transform 37
Transform: AffineTransform_float_3_3
Parameters: 0.999995 -0.00318434 -0.00043735 0.00318744 0.999979 0.00564604 0.000419046 -0.00564723 0.999984 0.203106 -0.0874701 0.520344
FixedParameters: 0 0 0

#Transform 38
Transform: AffineTransform_float_3_3
Parameters: 0.999994 -0.00332776 -0.000318846 0.00333038 0.999978 0.00585355 0.00029948 -0.00585479 0.999983 0.210949 -0.0423453 0.413459
FixedParameters: 0 0 0

#Transform 39
Transform: AffineTransform_float_3_3
Parameters: 0.999996 -0.0028244 -0.000876508 0.00282847 0.999982 0.00523886 0.000861463 -0.00524077 0.999986 0.201921 -0.0432336 0.402579
FixedParameters: 0 0 0

#Transform 40
Transform: AffineTransform_float_3_3
Parameters: 0.999995 -0.00321137 -0.000505439 0.00321411 0.999974 0.00650036 0.000484614 -0.00650198 0.999979 0.212617 -0.100646 0.444646
FixedParameters: 0 0 0

#Transform 41
Transform: AffineTransform_float_3_3
Parameters: 0.999995 -0.00321149 -0.000717543 0.0032148 0.999978 0.00574019 0.000698504 -0.00574169 0.999983 0.202138 0.000372523 0.386599
FixedParameters: 0 0 0

#Transform 42
Transform: AffineTransform_float_3_3
Parameters: 0.999995 -0.00305408 -0.000541732 0.00305767 0.999973 0.00677753 0.000521464 -0.00677922 0.999977 0.201498 -0.127364 0.458396
FixedParameters: 0 0 0

#Transform 43
Transform: AffineTransform_float_3_3
Parameters: 0.999996 -0.00272064 -0.000603426 0.00272473 0.999975 0.00661144 0.00058544 -0.00661317 0.999978 0.184727 -0.0634851 0.399948
FixedParameters: 0 0 0

#Transform 44
Transform: AffineTransform_float_3_3
Parameters: 0.999995 -0.0030638 -0.000820999 0.00306929 0.999971 0.00696248 0.000799359 -0.00696515 0.999976 0.189789 -0.104208 0.403794
FixedParameters: 0 0 0

#Transform 45
Transform: AffineTransform_float_3_3
Parameters: 0.999989 -0.00271279 0.00367672 0.00268031 0.999957 0.00893392 -0.00370053 -0.00892349 0.999953 0.135875 -0.678441 0.490686
FixedParameters: 0 0 0

#Transform 46
Transform: AffineTransform_float_3_3
Parameters: 0.999995 -2.09716e-06 0.00310639 1.53313e-05 0.999992 -0.00405565 -0.00310658 0.00405586 0.999987 -0.0780928 -0.172911 -0.0237681
FixedParameters: 0 0 0

#Transform 47
Transform: AffineTransform_float_3_3
Parameters: 0.999997 -0.00213031 0.00059897 0.00212986 0.999998 0.000621887 -0.000600825 -0.000621332 1 0.040352 -0.100033 0.385915
FixedParameters: 0 0 0

#Transform 48
Transform: AffineTransform_float_3_3
Parameters: 0.999996 -0.00296682 0.000153641 0.00296657 0.999989 0.00349021 -0.000163775 -0.0034899 0.999994 0.120612 -0.0685387 0.58254
FixedParameters: 0 0 0

#Transform 49
Transform: AffineTransform_float_3_3
Parameters: 0.999993 -0.00307786 0.00212282 0.00305982 0.999956 0.00885286 -0.0021498 -0.00884633 0.999959 0.0986861 -0.0880099 0.688165
FixedParameters: 0 0 0

#Transform 50
Transform: AffineTransform_float_3_3
Parameters: 0.999992 -0.00345915 0.00180749 0.0034502 0.999983 0.00474082 -0.00182375 -0.0047349 0.999987 0.0778359 -0.0305448 0.393144
FixedParameters: 0 0 0

#Transform 51
Transform: AffineTransform_float_3_3
Parameters: 0.999994 -0.0027548 0.00205319 0.00274269 0.999976 0.0063079 -0.00207048 -0.00630216 0.999978 0.10452 -0.0782708 0.565835
FixedParameters: 0 0 0

#Transform 52
Transform: AffineTransform_float_3_3
Parameters: 0.999992 -0.00309996 0.00240874 0.00308611 0.999979 0.00570427 -0.00242697 -0.00569631 0.999981 0.104144 0.00371714 0.411527
FixedParameters: 0 0 0

#Transform 53
Transform: AffineTransform_float_3_3
Parameters: 0.999987 -0.00336008 0.00376577 0.00334068 0.999982 0.00505298 -0.00378287 -0.0050407 0.99998 0.0966839 -0.0593092 0.454152
FixedParameters: 0 0 0

#Transform 54
Transform: AffineTransform_float_3_3
Parameters: 0.999989 -0.00313941 0.00342379 0.00311546 0.99997 0.00713215 -0.00344642 -0.00712113 0.999969 0.100745 -0.108565 0.526267
FixedParameters: 0 0 0

#Transform 55
Transform: AffineTransform_float_3_3
Parameters: 0.999991 -0.00308346 0.00288616 0.00306718 0.99998 0.00554978 -0.00290313 -0.00554122 0.99998 0.107614 -0.019446 0.50026
FixedParameters: 0 0 0

#Transform 56
Transform: AffineTransform_float_3_3
Parameters: 0.999991 -0.00312997 0.00268412 0.00310923 0.999966 0.0076666 -0.00270791 -0.00765852 0.999967 0.0903644 -0.0717979 0.552323
FixedParameters: 0 0 0

#Transform 57
Transform: AffineTransform_float_3_3
Parameters: 0.999991 -0.00341648 0.00251817 0.00340233 0.999978 0.00572015 -0.00253739 -0.00571131 0.99998 0.0943259 0.0393056 0.456196
FixedParameters: 0 0 0

#Transform 58
Transform: AffineTransform_float_3_3
Parameters: 0.999992 -0.00296198 0.00262774 0.00294561 0.999976 0.006205 -0.00264596 -0.00619729 0.999977 0.0854528 0.027461 0.412138
FixedParameters: 0 0 0

#Transform 59
Transform: AffineTransform_float_3_3
Parameters: 0.999991 -0.00363949 0.00214014 0.00362508 0.999971 0.00671303 -0.00216427 -0.00670509 0.999975 0.0657926 0.109819 0.427114
FixedParameters: 0 0 0

#Transform 60
Transform: AffineTransform_float_3_3
Parameters: 0.999994 -0.00296994 0.0020838 0.00295423 0.999965 0.00777045 -0.00210743 -0.00776379 0.999968 0.0585305 0.149018 0.397645
FixedParameters: 0 0 0

#Transform 61
Transform: AffineTransform_float_3_3
Parameters: 0.999992 -0.00361199 0.00176329 0.00359817 0.999964 0.00781906 -0.00179093 -0.00781246 0.999968 0.071097 0.0728038 0.459063
FixedParameters: 0 0 0

#Transform 62
Transform: AffineTransform_float_3_3
Parameters: 0.999994 -0.0030905 0.00200015 0.00307381 0.99996 0.00840328 -0.00202606 -0.00839659 0.999963 0.0589794 0.145748 0.353525
FixedParameters: 0 0 0

#Transform 63
Transform: AffineTransform_float_3_3
Parameters: 0.999994 -0.00288148 0.0014839 0.00287016 0.999966 0.00764727 -0.00150562 -0.00764274 0.999969 0.0499791 0.189809 0.381993
FixedParameters: 0 0 0

#Transform 64
Transform: AffineTransform_float_3_3
Parameters: 0.999991 -0.00369148 0.00222108 0.0036734 0.999959 0.00824355 -0.00225142 -0.00823499 0.999964 0.0839401 0.171607 0.324939
FixedParameters: 0 0 0

#Transform 65
Transform: AffineTransform_float_3_3
Parameters: 0.999991 -0.00373666 0.00194352 0.00371811 0.999947 0.00957845 -0.00197836 -0.00957107 0.999952 0.0690286 0.102228 0.442982
FixedParameters: 0 0 0

#Transform 66
Transform: AffineTransform_float_3_3
Parameters: 0.999993 -0.00302378 0.00197462 0.00300631 0.999957 0.00873232 -0.0020011 -0.0087254 0.99996 0.0536763 0.182922 0.337393
FixedParameters: 0 0 0

#Transform 67
Transform: AffineTransform_float_3_3
Parameters: 0.999987 -0.00248594 0.00443865 0.00244832 0.999961 0.00851263 -0.00446051 -0.00850119 0.999954 0.0591232 0.136318 0.397816
FixedParameters: 0 0 0

#Transform 68
Transform: AffineTransform_float_3_3
Parameters: 0.99998 -0.00189731 0.00616311 0.00184561 0.999963 0.00831466 -0.00617905 -0.00830322 0.999947 0.0548547 0.234182 0.391016
FixedParameters: 0 0 0

#Transform 69
Transform: AffineTransform_float_3_3
Parameters: 0.999985 -0.00234211 0.00497638 0.002299 0.999959 0.00867932 -0.0049963 -0.00866783 0.99995 0.0666022 0.163378 0.389246
FixedParameters: 0 0 0

#Transform 70
Transform: AffineTransform_float_3_3
Parameters: 0.999981 -0.00207027 0.00570392 0.00202258 0.999964 0.00822782 -0.00572068 -0.00821576 0.99995 0.0632962 0.163473 0.421955
FixedParameters: 0 0 0

#Transform 71
Transform: AffineTransform_float_3_3
Parameters: 0.999973 -0.00120411 0.00733671 0.0011549 0.999977 0.00668657 -0.007345 -0.00667773 0.999951 -0.123559 0.0154097 0.404995
FixedParameters: 0 0 0

#Transform 72
Transform: AffineTransform_float_3_3
Parameters: 0.99995 -0.00421443 0.00907322 0.00418241 0.999984 0.00352173 -0.00908711 -0.00348378 0.999953 -0.0223179 -0.0265774 0.452417
FixedParameters: 0 0 0

#Transform 73
Transform: AffineTransform_float_3_3
Parameters: 0.999931 -0.00498858 0.010713 0.00494933 0.999981 0.00375328 -0.0107312 -0.00369894 0.999936 0.0314944 0.0242975 0.428554
FixedParameters: 0 0 0

#Transform 74
Transform: AffineTransform_float_3_3
Parameters: 0.999932 -0.00334353 0.0111174 0.00329062 0.999983 0.00475161 -0.0111332 -0.00471551 0.999927 -0.0296469 -0.026276 0.351512
FixedParameters: 0 0 0

#Transform 75
Transform: AffineTransform_float_3_3
Parameters: 0.999854 -0.00790212 0.0151903 0.00780643 0.999949 0.00631557 -0.0152401 -0.00619544 0.999865 0.0367069 -0.0111322 0.496188
FixedParameters: 0 0 0

#Transform 76
Transform: AffineTransform_float_3_3
Parameters: 0.999914 -0.00678877 0.0112768 0.0067002 0.999947 0.00789609 -0.0113302 -0.00781972 0.999906 0.00528523 -0.102922 0.489515
FixedParameters: 0 0 0

#Transform 77
Transform: AffineTransform_float_3_3
Parameters: 0.999959 -0.00352517 0.00837518 0.00347622 0.999977 0.00583374 -0.00839586 -0.00580447 0.999948 -0.0699726 0.0684047 0.34851
FixedParameters: 0 0 0

#Transform 78
Transform: AffineTransform_float_3_3
Parameters: 0.99995 -0.00365089 0.00930925 0.00360223 0.99998 0.00526399 -0.00932792 -0.0052299 0.999943 -0.0568602 0.0460778 0.35136
FixedParameters: 0 0 0

#Transform 79
Transform: AffineTransform_float_3_3
Parameters: 0.999961 -0.0029182 0.00827271 0.00287351 0.999981 0.00543879 -0.00828795 -0.00541521 0.999952 -0.0721715 0.0869204 0.339755
FixedParameters: 0 0 0

#Transform 80
Transform: AffineTransform_float_3_3
Parameters: 0.999964 -0.00302273 0.00793752 0.00297975 0.999981 0.00536634 -0.00795345 -0.00534198 0.999954 -0.0681273 0.0908988 0.295048
FixedParameters: 0 0 0

#Transform 81
Transform: AffineTransform_float_3_3
Parameters: 0.999966 -0.00286129 0.00770304 0.00282621 0.999986 0.00457542 -0.00771687 -0.0045531 0.99996 -0.104339 0.0817767 0.245204
FixedParameters: 0 0 0

#Transform 82
Transform: AffineTransform_float_3_3
Parameters: 0.999959 -0.00299564 0.0086 0.00296125 0.999988 0.00398179 -0.00861148 -0.00395672 0.999955 -0.0775886 0.0218615 0.279451
FixedParameters: 0 0 0

#Transform 83
Transform: AffineTransform_float_3_3
Parameters: 0.999927 -0.00453147 0.0112764 0.00448841 0.999982 0.00383754 -0.0112937 -0.00378718 0.99993 -0.0338808 0.0664627 0.254317
FixedParameters: 0 0 0

#Transform 84
Transform: AffineTransform_float_3_3
Parameters: 0.999947 -0.00269263 0.00992767 0.00265117 0.999987 0.00413932 -0.00993896 -0.00411283 0.999942 -0.10543 0.033835 0.249462
FixedParameters: 0 0 0

#Transform 85
Transform: AffineTransform_float_3_3
Parameters: 0.999944 -0.00403357 0.00971931 0.00399183 0.999983 0.00428978 -0.00973723 -0.00425073 0.999944 -0.0723726 0.0542128 0.199267
FixedParameters: 0 0 0

#Transform 86
Transform: AffineTransform_float_3_3
Parameters: 0.999939 -0.00423677 0.0102493 0.00417953 0.999975 0.00561768 -0.0102731 -0.00557486 0.999932 -0.0299624 0.0393846 0.170756
FixedParameters: 0 0 0

#Transform 87
Transform: AffineTransform_float_3_3
Parameters: 0.99994 -0.00430185 0.0101248 0.00424877 0.999977 0.00526438 -0.0101469 -0.00522025 0.999934 -0.0137739 0.0703826 0.160079
FixedParameters: 0 0 0

#Transform 88
Transform: AffineTransform_float_3_3
Parameters: 0.999937 -0.00498698 0.010069 0.00492855 0.999971 0.00576804 -0.0100975 -0.00571769 0.999933 -0.0105528 0.0701663 0.157416
FixedParameters: 0 0 0

#Transform 89
Transform: AffineTransform_float_3_3
Parameters: 0.999944 -0.00477934 0.00949099 0.00473301 0.999977 0.00487755 -0.00951419 -0.00483246 0.999943 0.0218737 0.112792 0.163483
FixedParameters: 0 0 0

#Transform 90
Transform: AffineTransform_float_3_3
Parameters: 0.999944 -0.00481151 0.00949163 0.0047521 0.999969 0.00626957 -0.00952108 -0.00622452 0.999935 0.0282534 0.045554 0.196425
FixedParameters: 0 0 0

#Transform 91
Transform: AffineTransform_float_3_3
Parameters: 0.999934 -0.00508876 0.0102742 0.00501473 0.999962 0.00723091 -0.0103102 -0.00717876 0.999921 0.0866845 -0.0155786 0.281928
FixedParameters: 0 0 0

#Transform 92
Transform: AffineTransform_float_3_3
Parameters: 0.999953 -0.00542061 0.00809801 0.00534483 0.999942 0.00934198 -0.00814874 -0.00929876 0.999923 0.0992696 -0.0944223 0.294834
FixedParameters: 0 0 0

#Transform 93
Transform: AffineTransform_float_3_3
Parameters: 0.999959 -0.00466326 0.00781898 0.00458671 0.999943 0.00967454 -0.00786408 -0.00963841 0.999922 0.142956 -0.08379 0.541287
FixedParameters: 0 0 0

#Transform 94
Transform: AffineTransform_float_3_3
Parameters: 0.999954 -0.00704744 0.0066074 0.00694254 0.999851 0.0158112 -0.0067176 -0.015765 0.999853 0.104978 -0.453152 0.680751
FixedParameters: 0 0 0

#Transform 95
Transform: AffineTransform_float_3_3
Parameters: 0.999969 -0.00557033 0.0055467 0.00550223 0.999911 0.0121385 -0.00561346 -0.0121077 0.999911 0.073108 -0.348637 0.466387
FixedParameters: 0 0 0

#Transform 96
Transform: AffineTransform_float_3_3
Parameters: 0.99996 -0.00577606 0.00675675 0.00569805 0.999918 0.0115011 -0.00682273 -0.0114621 0.999911 0.0531287 -0.257422 0.276757
FixedParameters: 0 0 0

#Transform 97
Transform: AffineTransform_float_3_3
Parameters: 0.999952 -0.00369203 0.00906154 0.00361545 0.999959 0.00835957 -0.00909178 -0.00832617 0.999924 -0.0426506 -0.295205 0.14658
FixedParameters: 0 0 0

#Transform 98
Transform: AffineTransform_float_3_3
Parameters: 0.999926 -0.00408455 0.0114966 0.00401172 0.999972 0.00631075 -0.011522 -0.00626399 0.999914 -0.0740587 -0.349155 0.265292
FixedParameters: 0 0 0

#Transform 99
Transform: AffineTransform_float_3_3
Parameters: 0.999948 -0.003637 0.00953807 0.00359158 0.999983 0.00474141 -0.00955569 -0.00470656 0.999943 0.0291795 -0.259887 0.172401
FixedParameters: 0 0 0

#Transform 100
Transform: AffineTransform_float_3_3
Parameters: 0.999941 -0.00389064 0.0100771 0.00381226 0.999962 0.00773908 -0.0101064 -0.00770002 0.99992 0.021297 -0.259635 0.174362
FixedParameters: 0 0 0

#Transform 101
Transform: AffineTransform_float_3_3
Parameters: 0.999939 -0.00374988 0.0104317 0.00365482 0.999951 0.00915232 -0.0104655 -0.00911383 0.999904 0.00674509 -0.232405 0.158584
FixedParameters: 0 0 0

#Transform 102
Transform: AffineTransform_float_3_3
Parameters: 0.99994 -0.00375116 0.0103006 0.00365574 0.999951 0.00924316 -0.0103347 -0.0092055 0.999905 0.0156852 -0.242644 0.21697
FixedParameters: 0 0 0

#Transform 103
Transform: AffineTransform_float_3_3
Parameters: 0.99995 -0.00339559 0.00935074 0.00330439 0.999947 0.00976109 -0.00938392 -0.00972931 0.999909 0.0290593 -0.26636 0.211486
FixedParameters: 0 0 0

#Transform 104
Transform: AffineTransform_float_3_3
Parameters: 0.999957 -0.00314338 0.00876529 0.00304612 0.999934 0.0111164 -0.00879974 -0.0110894 0.9999 -0.00330699 -0.292047 0.290356
FixedParameters: 0 0 0

#Transform 105
Transform: AffineTransform_float_3_3
Parameters: 0.999961 -0.00238067 0.00859231 0.00228142 0.99993 0.0115528 -0.0086193 -0.0115329 0.999896 -0.0355756 -0.22961 0.223739
FixedParameters: 0 0 0

#Transform 106
Transform: AffineTransform_float_3_3
Parameters: 0.999965 -0.00248549 0.00796733 0.00239306 0.999929 0.011607 -0.00799553 -0.0115877 0.999901 -0.0275589 -0.280778 0.241319
FixedParameters: 0 0 0

#Transform 107
Transform: AffineTransform_float_3_3
Parameters: 0.999965 -0.00240043 0.00803637 0.00231099 0.999934 0.0111926 -0.00806341 -0.0111736 0.999905 -0.0211958 -0.237967 0.195497
FixedParameters: 0 0 0

#Transform 108
Transform: AffineTransform_float_3_3
Parameters: 0.999967 -0.00239657 0.00786456 0.00229711 0.999918 0.0125684 -0.00789413 -0.0125499 0.999891 -0.0449528 -0.316028 0.179012
FixedParameters: 0 0 0

#Transform 109
Transform: AffineTransform_float_3_3
Parameters: 0.999968 -0.00231278 0.0077331 0.00222537 0.999935 0.0112188 -0.00775875 -0.0112016 0.999908 -0.0381035 -0.227738 0.162007
FixedParameters: 0 0 0

#Transform 110
Transform: AffineTransform_float_3_3
Parameters: 0.999967 -0.00238475 0.00778684 0.0022821 0.99991 0.0132604 -0.00781859 -0.0132418 0.999881 -0.0385513 -0.359872 0.193672
FixedParameters: 0 0 0

#Transform 111
Transform: AffineTransform_float_3_3
Parameters: 0.999967 -0.00228693 0.0078103 0.00219664 0.999931 0.0115829 -0.00783623 -0.0115659 0.999902 -0.0501348 -0.196741 0.0817666
FixedParameters: 0 0 0

#Transform 112
Transform: AffineTransform_float_3_3
Parameters: 0.999967 -0.00246224 0.00769187 0.00235498 0.999901 0.0138657 -0.00772545 -0.0138465 0.999874 -0.0325256 -0.316445 0.182925
FixedParameters: 0 0 0

#Transform 113
Transform: AffineTransform_float_3_3
Parameters: 0.99997 -0.00229153 0.0073889 0.00219993 0.99992 0.0124673 -0.00741657 -0.0124506 0.999895 -0.0550442 -0.121372 0.114257
FixedParameters: 0 0 0

#Transform 114
Transform: AffineTransform_float_3_3
Parameters: 0.999967 -0.00280499 0.00759316 0.00269017 0.999882 0.0151633 -0.00763475 -0.0151425 0.999857 -0.041015 -0.280569 0.202436
FixedParameters: 0 0 0

#Transform 115
Transform: AffineTransform_float_3_3
Parameters: 0.99997 -0.00196852 0.00758985 0.00186863 0.99991 0.0132575 -0.0076148 -0.0132432 0.999884 -0.0282643 -0.101411 0.0923492
FixedParameters: 0 0 0

#Transform 116
Transform: AffineTransform_float_3_3
Parameters: 0.999966 -0.00228379 0.00792277 0.00216881 0.999894 0.0143952 -0.00795461 -0.0143775 0.999865 -0.0190596 -0.264247 0.180299
FixedParameters: 0 0 0

#Transform 117
Transform: AffineTransform_float_3_3
Parameters: 0.999967 -0.00215589 0.00787944 0.00204739 0.999903 0.0137867 -0.00790846 -0.0137701 0.999874 -0.0240295 -0.165864 0.0547343
FixedParameters: 0 0 0

#Transform 118
Transform: AffineTransform_float_3_3
Parameters: 0.999969 -0.00213883 0.00752056 0.00202451 0.999882 0.0152524 -0.00755251 -0.0152363 0.999856 -0.0238233 -0.270014 0.120012
FixedParameters: 0 0 0

#Transform 119
Transform: AffineTransform_float_3_3
Parameters: 0.999966 -0.00199441 0.00802977 0.00187268 0.999883 0.015229 -0.00805904 -0.0152137 0.999852 -0.0494175 -0.175659 0.0699518
FixedParameters: 0 0 0

#Transform 120
Transform: AffineTransform_float_3_3
Parameters: 0.999972 -0.00201172 0.00725731 0.00189295 0.999866 0.0162721 -0.00728892 -0.0162582 0.999841 -0.0460118 -0.256903 0.126323
FixedParameters: 0 0 0

#Transform 121
Transform: AffineTransform_float_3_3
Parameters: 0.999975 -0.00196417 0.00672804 0.00185183 0.999859 0.016669 -0.00676024 -0.0166559 0.999838 -0.0564693 -0.195747 0.0511736
FixedParameters: 0 0 0

#Transform 122
Transform: AffineTransform_float_3_3
Parameters: 0.99997 -0.00194547 0.0075489 0.00182079 0.999861 0.0165859 -0.00757994 -0.016571 0.999834 -0.0340466 -0.255618 0.105794
FixedParameters: 0 0 0

#Transform 123
Transform: AffineTransform_float_3_3
Parameters: 0.999969 -0.00266662 0.00738548 0.00253735 0.999846 0.0173814 -0.0074305 -0.0173622 0.999821 -0.0267277 -0.225539 0.0476417
FixedParameters: 0 0 0

#Transform 124
Transform: AffineTransform_float_3_3
Parameters: 0.999971 -0.00212525 0.00738677 0.0020023 0.99986 0.0166241 -0.00742069 -0.0166084 0.999834 -0.0290996 -0.248214 0.121108
FixedParameters: 0 0 0

#Transform 125
Transform: AffineTransform_float_3_3
Parameters: 0.999971 -0.00264972 0.0072299 0.00252401 0.999846 0.0173555 -0.0072745 -0.0173372 0.999824 -0.0250311 -0.235997 0.042808
FixedParameters: 0 0 0

#Transform 126
Transform: AffineTransform_float_3_3
Parameters: 0.999973 -0.00192082 0.00715353 0.00180535 0.99987 0.0160325 -0.00718238 -0.0160195 0.999846 -0.0562564 -0.234405 0.103925
FixedParameters: 0 0 0

#Transform 127
Transform: AffineTransform_float_3_3
Parameters: 0.999968 -0.00230846 0.0077484 0.00216976 0.999838 0.0178482 -0.00778928 -0.017831 0.999811 -0.0608474 -0.277256 0.048205
FixedParameters: 0 0 0

#Transform 128
Transform: AffineTransform_float_3_3
Parameters: 0.999969 -0.00244778 0.00747064 0.0023206 0.999853 0.016983 -0.00751164 -0.0169651 0.999828 -0.0608345 -0.26647 0.0725479
FixedParameters: 0 0 0

#Transform 129
Transform: AffineTransform_float_3_3
Parameters: 0.999969 -0.00255787 0.00743286 0.00241595 0.999816 0.0190177 -0.00748034 -0.018999 0.999792 -0.0544338 -0.310168 0.0715185
FixedParameters: 0 0 0

#Transform 130
Transform: AffineTransform_float_3_3
Parameters: 0.999969 -0.00209669 0.00749109 0.00196551 0.999846 0.0174486 -0.00752682 -0.0174325 0.99982 -0.0552674 -0.243628 0.076403
FixedParameters: 0 0 0

#Transform 131
Transform: AffineTransform_float_3_3
Parameters: 0.999966 -0.002488 0.00780046 0.00233959 0.999815 0.0190616 -0.00784622 -0.0190427 0.999788 -0.0463292 -0.321486 0.0423868
FixedParameters: 0 0 0

#Transform 132
Transform: AffineTransform_float_3_3
Parameters: 0.999966 -0.00344692 0.00754946 0.00330886 0.999828 0.0182447 -0.00761097 -0.018219 0.999805 -0.101208 -0.445942 0.0904203
FixedParameters: 0 0 0

#Transform 133
Transform: AffineTransform_float_3_3
Parameters: 0.999977 -0.00420794 0.00525056 0.00412408 0.999865 0.0158896 -0.00531672 -0.0158681 0.99986 -0.0647222 -0.288362 0.1442
FixedParameters: 0 0 0

#Transform 134
Transform: AffineTransform_float_3_3
Parameters: 0.999971 -0.00283377 0.00695849 0.00272766 0.999881 0.0151827 -0.00700047 -0.0151636 0.99986 -0.125132 -0.239102 -0.0186801
FixedParameters: 0 0 0

#Transform 135
Transform: AffineTransform_float_3_3
Parameters: 0.999951 -0.00106204 0.00977051 0.00106491 0.999999 -0.000291338 -0.00977065 0.000301327 0.999952 -0.0727338 -0.447773 -0.47609
FixedParameters: 0 0 0

#Transform 136
Transform: AffineTransform_float_3_3
Parameters: 0.999947 -0.000803384 0.0103313 0.000740914 0.999981 0.006086 -0.0103359 -0.00607794 0.999928 -0.167582 -0.405292 -0.714616
FixedParameters: 0 0 0

#Transform 137
Transform: AffineTransform_float_3_3
Parameters: 0.999943 -0.00194428 0.0104614 0.00187257 0.999975 0.00684995 -0.0104741 -0.00682959 0.999921 -0.151029 -0.465346 -0.396497
FixedParameters: 0 0 0

#Transform 138
Transform: AffineTransform_float_3_3
Parameters: 0.999929 -0.00379722 0.011301 0.00374663 0.999982 0.0045373 -0.0113185 -0.00449465 0.999926 -0.0805487 -0.217371 -0.327407
FixedParameters: 0 0 0

#Transform 139
Transform: AffineTransform_float_3_3
Parameters: 0.999928 -0.00412148 0.0112846 0.0040273 0.999957 0.00841403 -0.0113189 -0.00836834 0.9999 -0.0855141 -0.319409 -0.497165
FixedParameters: 0 0 0

#Transform 140
Transform: AffineTransform_float_3_3
Parameters: 0.99994 -0.00406014 0.0101928 0.00396588 0.999949 0.00928848 -0.0102299 -0.0092473 0.999905 -0.105229 -0.3055 -0.499905
FixedParameters: 0 0 0

#Transform 141
Transform: AffineTransform_float_3_3
Parameters: 0.999945 -0.00322623 0.00999138 0.00311709 0.999936 0.0109275 -0.0100258 -0.0108961 0.99989 -0.133069 -0.328775 -0.496351
FixedParameters: 0 0 0

#Transform 142
Transform: AffineTransform_float_3_3
Parameters: 0.999951 -0.00215942 0.0096085 0.00205474 0.99994 0.010803 -0.00963126 -0.0107826 0.999896 -0.172065 -0.299039 -0.404743
FixedParameters: 0 0 0

#Transform 143
Transform: AffineTransform_float_3_3
Parameters: 0.999952 -0.00214097 0.00965053 0.00202465 0.999925 0.0120679 -0.00967569 -0.012047 0.999881 -0.19696 -0.333893 -0.470346
FixedParameters: 0 0 0

#Transform 144
Transform: AffineTransform_float_3_3
Parameters: 0.999951 -0.00222948 0.00972414 0.00212228 0.999937 0.0110482 -0.00974796 -0.0110278 0.999892 -0.184319 -0.282208 -0.417327
FixedParameters: 0 0 0

#Transform 145
Transform: AffineTransform_float_3_3
Parameters: 0.999944 -0.00272722 0.0102843 0.00260178 0.999922 0.01221 -0.0103161 -0.0121823 0.999872 -0.16561 -0.335652 -0.461142
FixedParameters: 0 0 0

#Transform 146
Transform: AffineTransform_float_3_3
Parameters: 0.999943 -0.00247192 0.0103545 0.00235491 0.999933 0.0113056 -0.0103818 -0.0112803 0.999882 -0.179687 -0.314871 -0.398593
FixedParameters: 0 0 0

#Transform 147
Transform: AffineTransform_float_3_3
Parameters: 0.99994 -0.00262847 0.0106824 0.00250314 0.999928 0.0116893 -0.0107124 -0.0116618 0.999874 -0.150014 -0.321024 -0.475784
FixedParameters: 0 0 0

#Transform 148
Transform: AffineTransform_float_3_3
Parameters: 0.999936 -0.00285531 0.0109792 0.00273574 0.999936 0.0109057 -0.0110104 -0.0108752 0.99988 -0.138697 -0.362317 -0.37413
FixedParameters: 0 0 0

#Transform 149
Transform: AffineTransform_float_3_3
Parameters: 0.999936 -0.00234694 0.011051 0.00222109 0.999932 0.0114167 -0.0110762 -0.0113911 0.999873 -0.168971 -0.318629 -0.460293
FixedParameters: 0 0 0

#Transform 150
Transform: AffineTransform_float_3_3
Parameters: 0.999939 -0.00255622 0.0107707 0.00243487 0.999934 0.0112233 -0.0107988 -0.0111968 0.999879 -0.159332 -0.376358 -0.382463
FixedParameters: 0 0 0

#Transform 151
Transform: AffineTransform_float_3_3
Parameters: 0.999939 -0.00231586 0.0108296 0.0021835 0.999922 0.012252 -0.0108573 -0.0122282 0.999866 -0.157823 -0.316062 -0.438218
FixedParameters: 0 0 0

#Transform 152
Transform: AffineTransform_float_3_3
Parameters: 0.999938 -0.00221801 0.010882 0.00208456 0.999922 0.0123359 -0.0109082 -0.012312 0.999864 -0.16687 -0.38658 -0.362589
FixedParameters: 0 0 0

#Transform 153
Transform: AffineTransform_float_3_3
Parameters: 0.99994 -0.00279167 0.0105885 0.00265857 0.999918 0.0125341 -0.0106226 -0.0125053 0.999865 -0.145462 -0.315085 -0.477667
FixedParameters: 0 0 0

#Transform 154
Transform: AffineTransform_float_3_3
Parameters: 0.99994 -0.00256687 0.0106665 0.00242882 0.999913 0.0129451 -0.0106986 -0.0129189 0.999859 -0.135215 -0.343317 -0.313627
FixedParameters: 0 0 0

#Transform 155
Transform: AffineTransform_float_3_3
Parameters: 0.999939 -0.00292936 0.0106679 0.00279011 0.999911 0.0130793 -0.0107055 -0.0130483 0.999858 -0.147128 -0.307716 -0.437001
FixedParameters: 0 0 0

#Transform 156
Transform: AffineTransform_float_3_3
Parameters: 0.99994 -0.00273848 0.0105299 0.0026038 0.999916 0.0127294 -0.0105638 -0.0127007 0.999864 -0.139786 -0.364712 -0.348537
FixedParameters: 0 0 0

#Transform 157
Transform: AffineTransform_float_3_3
Parameters: 0.999942 -0.00285239 0.0104364 0.00271671 0.999911 0.0130151 -0.0104734 -0.0129859 0.999861 -0.162005 -0.320007 -0.485475
FixedParameters: 0 0 0

#Transform 158
Transform: AffineTransform_float_3_3
Parameters: 0.999938 -0.00298226 0.0107164 0.00284472 0.999914 0.0128045 -0.010753 -0.0127727 0.999861 -0.161109 -0.399254 -0.401164
FixedParameters: 0 0 0

#Transform 159
Transform: AffineTransform_float_3_3
Parameters: 0.999938 -0.00289744 0.0107729 0.00276116 0.999916 0.0126423 -0.0108084 -0.0126121 0.999862 -0.166949 -0.352784 -0.500741
FixedParameters: 0 0 0

#Transform 160
Transform: AffineTransform_float_3_3
Parameters: 0.999938 -0.00271357 0.0107245 0.00257767 0.999916 0.0126375 -0.0107581 -0.0126092 0.999863 -0.163154 -0.393541 -0.383177
FixedParameters: 0 0 0

#Transform 161
Transform: AffineTransform_float_3_3
Parameters: 0.999932 -0.00369685 0.0110428 0.00354917 0.999904 0.0133934 -0.0110908 -0.013353 0.999849 -0.130827 -0.367142 -0.474238
FixedParameters: 0 0 0

#Transform 162
Transform: AffineTransform_float_3_3
Parameters: 0.999942 -0.00361386 0.0101398 0.00348666 0.999916 0.0124911 -0.0101847 -0.012456 0.999871 -0.134672 -0.388224 -0.379745
FixedParameters: 0 0 0

#Transform 163
Transform: AffineTransform_float_3_3
Parameters: 0.999941 -0.0041721 0.0100322 0.00405715 0.999926 0.0114839 -0.0100801 -0.0114419 0.999884 -0.0961613 -0.28406 -0.305608
FixedParameters: 0 0 0

#Transform 164
Transform: AffineTransform_float_3_3
Parameters: 0.999948 -0.00372054 0.00958252 0.00359503 0.999907 0.0131703 -0.00963051 -0.013136 0.999867 -0.0906446 -0.399776 -0.324966
FixedParameters: 0 0 0

#Transform 165
Transform: AffineTransform_float_3_3
Parameters: 0.999945 -0.00395435 0.00974644 0.00381833 0.999895 0.0139735 -0.00980094 -0.0139354 0.999855 -0.0936124 -0.260608 -0.416113
FixedParameters: 0 0 0

#Transform 166
Transform: AffineTransform_float_3_3
Parameters: 0.999947 -0.0041287 0.0093863 0.00400105 0.999901 0.0135067 -0.00944173 -0.0134674 0.999865 -0.102908 -0.365691 -0.316262
FixedParameters: 0 0 0

#Transform 167
Transform: AffineTransform_float_3_3
Parameters: 0.999937 -0.00441859 0.0102982 0.00427949 0.999901 0.0134347 -0.0103569 -0.0133902 0.999857 -0.106776 -0.281416 -0.324291
FixedParameters: 0 0 0

#Transform 168
Transform: AffineTransform_float_3_3
Parameters: 0.999945 -0.00443654 0.00947277 0.00430218 0.999891 0.0140997 -0.00953413 -0.0140585 0.999856 -0.105525 -0.32318 -0.360439
FixedParameters: 0 0 0

#Transform 169
Transform: AffineTransform_float_3_3
Parameters: 0.999944 -0.00409332 0.00973688 0.00395544 0.999893 0.0141375 -0.00979361 -0.0140982 0.999852 -0.115821 -0.337223 -0.391615
FixedParameters: 0 0 0

#Transform 170
Transform: AffineTransform_float_3_3
Parameters: 0.999946 -0.00394272 0.00968141 0.00379572 0.999879 0.0150986 -0.00973983 -0.0150617 0.999839 -0.134378 -0.38825 -0.346919
FixedParameters: 0 0 0

#Transform 171
Transform: AffineTransform_float_3_3
Parameters: 0.999943 -0.00403293 0.00995311 0.00388727 0.999885 0.0146075 -0.0100109 -0.0145675 0.999844 -0.140093 -0.359596 -0.440167
FixedParameters: 0 0 0

#Transform 172
Transform: AffineTransform_float_3_3
Parameters: 0.999943 -0.00420484 0.00981254 0.00405606 0.999877 0.0151168 -0.00987469 -0.0150767 0.999838 -0.134858 -0.383735 -0.368037
FixedParameters: 0 0 0

#Transform 173
Transform: AffineTransform_float_3_3
Parameters: 0.999937 -0.00379336 0.01057 0.0036319 0.999876 0.0152836 -0.0106267 -0.0152436 0.999828 -0.156362 -0.358383 -0.395037
FixedParameters: 0 0 0

#Transform 174
Transform: AffineTransform_float_3_3
Parameters: 0.999942 -0.00356944 0.0101541 0.00341154 0.999873 0.0155884 -0.0102087 -0.0155528 0.999827 -0.152734 -0.384054 -0.359952
FixedParameters: 0 0 0

#Transform 175
Transform: AffineTransform_float_3_3
Parameters: 0.999939 -0.00351028 0.0104691 0.00335133 0.999879 0.0151895 -0.0105209 -0.0151531 0.99983 -0.153594 -0.338998 -0.421465
FixedParameters: 0 0 0

#Transform 176
Transform: AffineTransform_float_3_3
Parameters: 0.999944 -0.00375789 0.00990959 0.00360035 0.999868 0.0158701 -0.00996802 -0.0158337 0.999825 -0.14661 -0.381894 -0.352817
FixedParameters: 0 0 0

#Transform 177
Transform: AffineTransform_float_3_3
Parameters: 0.999946 -0.00354098 0.00981337 0.00338408 0.999867 0.015947 -0.00986817 -0.0159127 0.999825 -0.173024 -0.364346 -0.39055
FixedParameters: 0 0 0

#Transform 178
Transform: AffineTransform_float_3_3
Parameters: 0.999946 -0.00391029 0.00957278 0.00375263 0.999858 0.0164205 -0.00963522 -0.0163841 0.99982 -0.163767 -0.403117 -0.325363
FixedParameters: 0 0 0

#Transform 179
Transform: AffineTransform_float_3_3
Parameters: 0.999941 -0.00371189 0.010164 0.00354576 0.99986 0.016337 -0.0102228 -0.0163002 0.999815 -0.178516 -0.392838 -0.422434
FixedParameters: 0 0 0

#Transform 180
Transform: AffineTransform_float_3_3
Parameters: 0.999945 -0.00367711 0.00988074 0.00351173 0.999855 0.0166651 -0.00994062 -0.0166294 0.999813 -0.17468 -0.399777 -0.343427
FixedParameters: 0 0 0

#Transform 181
Transform: AffineTransform_float_3_3
Parameters: 0.999936 -0.00396663 0.0106169 0.00378137 0.999841 0.0174206 -0.0106841 -0.0173798 0.999792 -0.168003 -0.367602 -0.366191
FixedParameters: 0 0 0

#Transform 182
Transform: AffineTransform_float_3_3
Parameters: 0.999945 -0.00375407 0.0097978 0.00359271 0.999858 0.0165012 -0.00985862 -0.0164658 0.999816 -0.163777 -0.353485 -0.375035
FixedParameters: 0 0 0

#Transform 183
Transform: AffineTransform_float_3_3
Parameters: 0.999936 -0.00388785 0.0106471 0.00369951 0.999838 0.0175939 -0.0107142 -0.0175526 0.999789 -0.181181 -0.438701 -0.368439
FixedParameters: 0 0 0

#Transform 184
Transform: AffineTransform_float_3_3
Parameters: 0.99994 -0.00408809 0.0101987 0.00391625 0.999852 0.0167888 -0.010266 -0.0167478 0.999808 -0.155185 -0.359609 -0.311256
FixedParameters: 0 0 0

#Transform 185
Transform: AffineTransform_float_3_3
Parameters: 0.999944 -0.0036005 0.00989166 0.00344397 0.999868 0.0158458 -0.00994805 -0.0158105 0.999826 -0.176977 -0.363781 -0.32193
FixedParameters: 0 0 0

#Transform 186
Transform: AffineTransform_float_3_3
Parameters: 0.999946 -0.00424496 0.00954309 0.0040753 0.999835 0.0177283 -0.00961732 -0.0176877 0.999797 -0.14563 -0.337985 -0.333165
FixedParameters: 0 0 0

#Transform 187
Transform: AffineTransform_float_3_3
Parameters: 0.999947 -0.00455779 0.00921957 0.0044 0.999844 0.0170819 -0.009296 -0.0170403 0.999811 -0.152215 -0.327682 -0.341936
FixedParameters: 0 0 0

#Transform 188
Transform: AffineTransform_float_3_3
Parameters: 0.999948 -0.00427423 0.00927135 0.004098 0.999812 0.0189419 -0.00935089 -0.0189031 0.999777 -0.158668 -0.410455 -0.350503
FixedParameters: 0 0 0

#Transform 189
Transform: AffineTransform_float_3_3
Parameters: 0.999944 -0.00431091 0.00972002 0.00413603 0.999831 0.0179342 -0.00979573 -0.017894 0.999792 -0.167905 -0.358208 -0.393018
