# transform file /out/sourcedata/freesurfer/sub-v1s12x0050134_ses-1/mri/transforms/cc_up.lta
# created by oesteban on Sun Mar  8 14:28:04 2026

type      = 0 # LINEAR_VOX_TO_VOX
nxforms   = 1
mean      = 131.0000 131.0000 112.0000
sigma     = 10000.0000
1 4 4
9.957746863365173e-01 5.232528224587440e-02 7.546417415142059e-02 -1.664470672607422e+01 
-5.217567086219788e-02 9.986301064491272e-01 -3.954101353883743e-03 2.342532157897949e+01 
-7.556769996881485e-02 0.000000000000000e+00 9.971407055854797e-01 3.323101425170898e+01 
0.000000000000000e+00 0.000000000000000e+00 0.000000000000000e+00 1.000000000000000e+00 
src volume info
valid = 1  # volume info valid
filename = /out/sourcedata/freesurfer/sub-v1s12x0050134_ses-1/mri/norm.mgz
volume = 256 256 256
voxelsize = 1.000000000000000e+00 1.000000000000000e+00 1.000000000000000e+00
xras   = -1.000000000000000e+00 0.000000000000000e+00 0.000000000000000e+00
yras   = 0.000000000000000e+00 0.000000000000000e+00 -1.000000000000000e+00
zras   = 0.000000000000000e+00 1.000000000000000e+00 0.000000000000000e+00
cras   = -9.196044921875000e+00 -1.179168701171875e+00 -1.906265258789062e+01
dst volume info
valid = 1  # volume info valid
filename = /out/sourcedata/freesurfer/sub-v1s12x0050134_ses-1/mri/norm.mgz
volume = 256 256 256
voxelsize = 1.000000000000000e+00 1.000000000000000e+00 1.000000000000000e+00
xras   = -1.000000000000000e+00 0.000000000000000e+00 0.000000000000000e+00
yras   = 0.000000000000000e+00 0.000000000000000e+00 -1.000000000000000e+00
zras   = 0.000000000000000e+00 1.000000000000000e+00 0.000000000000000e+00
cras   = -9.196044921875000e+00 -1.179168701171875e+00 -1.906265258789062e+01
