#Insight Transform File V1.0
#Transform 0
Transform: AffineTransform_float_3_3
Parameters: 1 6.46913e-05 0.000146609 -6.47845e-05 1 0.000317866 -0.000146568 -0.000317885 1 0.0219279 -0.0499058 -0.043365
FixedParameters: 0 0 0

#Transform 1
Transform: AffineTransform_float_3_3
Parameters: 1 0.00021543 -0.000558625 -0.00021507 0.999999 0.00034493 0.000558786 -0.000345277 1 -0.0251832 0.132919 0.0235053
FixedParameters: 0 0 0

#Transform 2
Transform: AffineTransform_float_3_3
Parameters: 0.999999 0.000368345 -0.000771394 -0.000368246 1 6.42978e-05 0.000771441 -6.37295e-05 0.999999 -0.0255639 0.0494752 0.145493
FixedParameters: 0 0 0

#Transform 3
Transform: AffineTransform_float_3_3
Parameters: 0.999999 0.000440468 -0.00117101 -0.000441028 0.999999 -0.000217489 0.00117079 0.000217935 0.999999 -0.0639655 0.00536163 -0.0183606
FixedParameters: 0 0 0

#Transform 4
Transform: AffineTransform_float_3_3
Parameters: 0.999999 0.00108331 -0.00105779 -0.00108344 0.999999 -0.000253702 0.00105809 0.000254576 0.999999 -0.0625208 0.00281714 0.0402666
FixedParameters: 0 0 0

#Transform 5
Transform: AffineTransform_float_3_3
Parameters: 1 0.000732921 -0.000878917 -0.00073321 1 -0.000136158 0.00087868 0.000136051 1 -0.0349369 -0.0033927 -0.0638009
FixedParameters: 0 0 0

#Transform 6
Transform: AffineTransform_float_3_3
Parameters: 1 0.000782652 -0.000904822 -0.000783287 0.999999 -0.000573702 0.000904777 0.0005737 0.999999 -0.0520049 0.0298462 0.0179027
FixedParameters: 0 0 0

#Transform 7
Transform: AffineTransform_float_3_3
Parameters: 0.999999 0.00105374 -0.00104328 -0.0010546 0.999999 -0.000619015 0.00104282 0.000620383 0.999999 -0.0732336 0.0060218 -0.0363476
FixedParameters: 0 0 0

#Transform 8
Transform: AffineTransform_float_3_3
Parameters: 0.999999 0.000892509 -0.00120674 -0.000893405 0.999999 -0.000537739 0.00120663 0.000538476 0.999999 -0.0638428 0.0147657 0.0252096
FixedParameters: 0 0 0

#Transform 9
Transform: AffineTransform_float_3_3
Parameters: 0.999999 0.00102051 -0.00143217 -0.00102087 0.999999 -0.000258192 0.00143244 0.000259699 0.999998 -0.0824847 -0.0356662 -0.00724585
FixedParameters: 0 0 0

#Transform 10
Transform: AffineTransform_float_3_3
Parameters: 0.999998 0.00125802 -0.00114712 -0.00125847 0.999999 -0.000367956 0.00114705 0.000369425 0.999999 -0.0943106 0.0427875 -0.0180228
FixedParameters: 0 0 0

#Transform 11
Transform: AffineTransform_float_3_3
Parameters: 0.999998 0.000902366 -0.00133997 -0.000902314 1 3.85577e-05 0.00134 -3.75353e-05 0.999999 -0.0948286 -0.0112218 -0.0153893
FixedParameters: 0 0 0

#Transform 12
Transform: AffineTransform_float_3_3
Parameters: 0.999998 0.00120121 -0.00111808 -0.00120066 0.999999 -0.000339061 0.00111765 0.000340899 0.999999 -0.100667 0.0644694 -0.041966
FixedParameters: 0 0 0

#Transform 13
Transform: AffineTransform_float_3_3
Parameters: 0.999998 0.000868198 -0.00140903 -0.000868236 1 4.58533e-06 0.001409 -3.53442e-06 0.999999 -0.0862606 -0.0262795 0.0508651
FixedParameters: 0 0 0

#Transform 14
Transform: AffineTransform_float_3_3
Parameters: 0.999999 0.00114124 -0.00108677 -0.00114111 0.999999 8.23435e-05 0.00108692 -8.12587e-05 0.999999 -0.0832738 0.0934073 -0.0824883
FixedParameters: 0 0 0

#Transform 15
Transform: AffineTransform_float_3_3
Parameters: 0.999998 0.00083483 -0.00147741 -0.000835039 0.999999 -4.51786e-05 0.00147731 4.56626e-05 0.999999 -0.0718274 0.00878468 0.0120266
FixedParameters: 0 0 0

#Transform 16
Transform: AffineTransform_float_3_3
Parameters: 0.999998 0.00129708 -0.00116739 -0.00129796 0.999999 -0.000549127 0.00116682 0.000549928 0.999999 -0.0972733 0.114309 -0.0982985
FixedParameters: 0 0 0

#Transform 17
Transform: AffineTransform_float_3_3
Parameters: 0.999999 0.00105872 -0.00150733 -0.00105882 0.999999 -6.04582e-06 0.00150723 7.84243e-06 0.999998 -0.0921583 -0.00087814 -0.010407
FixedParameters: 0 0 0

#Transform 18
Transform: AffineTransform_float_3_3
Parameters: 0.999998 0.00138105 -0.00188237 -0.0013825 0.999999 -0.000834781 0.00188131 0.000837128 0.999998 -0.11322 0.11467 -0.0923915
FixedParameters: 0 0 0

#Transform 19
Transform: AffineTransform_float_3_3
Parameters: 0.999997 0.00149664 -0.00191968 -0.00149583 0.999998 0.000246285 0.00192028 -0.00024333 0.999997 -0.12281 0.00705544 0.0139913
FixedParameters: 0 0 0

#Transform 20
Transform: AffineTransform_float_3_3
Parameters: 0.999997 0.00153808 -0.00183156 -0.00153877 0.999999 -0.000527174 0.0018303 0.000529977 0.999999 -0.127906 0.0874446 -0.096763
FixedParameters: 0 0 0

#Transform 21
Transform: AffineTransform_float_3_3
Parameters: 0.999998 0.00133168 -0.00181244 -0.00133151 0.999999 8.22905e-05 0.00181253 -8.02544e-05 0.999998 -0.122874 -0.000773967 0.0202901
FixedParameters: 0 0 0

#Transform 22
Transform: AffineTransform_float_3_3
Parameters: 0.999996 0.00175148 -0.00186637 -0.00175307 0.999998 -0.000519933 0.00186536 0.000523658 0.999998 -0.116976 0.0957867 -0.0987267
FixedParameters: 0 0 0

#Transform 23
Transform: AffineTransform_float_3_3
Parameters: 0.999997 0.00154088 -0.00176879 -0.00154002 0.999998 2.72202e-05 0.00176829 -2.45789e-05 0.999998 -0.139153 0.0168166 0.00411763
FixedParameters: 0 0 0

#Transform 24
Transform: AffineTransform_float_3_3
Parameters: 0.999997 0.00163343 -0.00213908 -0.00163365 0.999999 -0.000327929 0.00213833 0.000331499 0.999998 -0.144626 0.101558 -0.0974197
FixedParameters: 0 0 0

#Transform 25
Transform: AffineTransform_float_3_3
Parameters: 0.999996 0.00146008 -0.00234276 -0.00146024 0.999999 3.62516e-06 0.00234267 -7.49052e-07 0.999998 -0.12733 0.0064977 -0.0182723
FixedParameters: 0 0 0

#Transform 26
Transform: AffineTransform_float_3_3
Parameters: 0.999996 0.00165343 -0.00224332 -0.00165464 0.999998 -0.000633008 0.00224243 0.000636988 0.999997 -0.137727 0.0794492 -0.191507
FixedParameters: 0 0 0

#Transform 27
Transform: AffineTransform_float_3_3
Parameters: 0.999996 0.00171732 -0.00230074 -0.00171877 0.999999 -0.000669861 0.00229965 0.000673515 0.999997 -0.108133 0.0461953 -0.0503702
FixedParameters: 0 0 0

#Transform 28
Transform: AffineTransform_float_3_3
Parameters: 0.999996 0.00160255 -0.00243599 -0.00160353 0.999998 -0.000531387 0.00243551 0.000535169 0.999997 -0.154591 -0.00878211 -0.152274
FixedParameters: 0 0 0

#Transform 29
Transform: AffineTransform_float_3_3
Parameters: 0.999995 0.00188938 -0.00229172 -0.00189202 0.999998 -0.000933401 0.0022894 0.000937813 0.999997 -0.156543 0.0346067 -0.0855298
FixedParameters: 0 0 0

#Transform 30
Transform: AffineTransform_float_3_3
Parameters: 0.999996 0.00179857 -0.0024567 -0.00180013 0.999998 -0.000641165 0.00245556 0.000645168 0.999997 -0.164323 0.0305613 -0.1888
FixedParameters: 0 0 0

#Transform 31
Transform: AffineTransform_float_3_3
Parameters: 0.999996 0.00180587 -0.00249929 -0.00180813 0.999998 -0.000861434 0.00249823 0.000865607 0.999996 -0.157901 0.0808085 -0.0817863
FixedParameters: 0 0 0

#Transform 32
Transform: AffineTransform_float_3_3
Parameters: 0.999995 0.00168681 -0.00239829 -0.0016879 0.999998 -0.000188457 0.00239755 0.000192584 0.999997 -0.177715 0.00929589 -0.107298
FixedParameters: 0 0 0

#Transform 33
Transform: AffineTransform_float_3_3
Parameters: 0.999995 0.00206048 -0.00264007 -0.0020626 0.999997 -0.00103726 0.0026383 0.00104266 0.999997 -0.173094 0.0918034 -0.121962
FixedParameters: 0 0 0

#Transform 34
Transform: AffineTransform_float_3_3
Parameters: 0.999994 0.00205776 -0.00274732 -0.00205831 0.999998 -0.000295838 0.00274634 0.000300935 0.999996 -0.182614 0.00480211 -0.115325
FixedParameters: 0 0 0

#Transform 35
Transform: AffineTransform_float_3_3
Parameters: 0.999995 0.00208127 -0.00208327 -0.00208302 0.999997 -0.000601124 0.00208243 0.000605565 0.999998 -0.167159 0.119531 -0.193746
FixedParameters: 0 0 0

#Transform 36
Transform: AffineTransform_float_3_3
Parameters: 0.999996 0.00176663 -0.00220023 -0.00176767 0.999998 -0.000304405 0.00219993 0.00030878 0.999998 -0.17895 0.0106234 -0.122265
FixedParameters: 0 0 0

#Transform 37
Transform: AffineTransform_float_3_3
Parameters: 0.999996 0.00182922 -0.00209729 -0.00183023 0.999999 -0.000636972 0.00209615 0.000640983 0.999998 -0.193888 0.0858756 -0.204989
FixedParameters: 0 0 0

#Transform 38
Transform: AffineTransform_float_3_3
Parameters: 0.999996 0.00189662 -0.00236979 -0.00189643 0.999999 7.83424e-05 0.00236992 -7.35401e-05 0.999997 -0.196944 0.00171331 -0.130789
FixedParameters: 0 0 0

#Transform 39
Transform: AffineTransform_float_3_3
Parameters: 0.999996 0.00183655 -0.00210906 -0.00183901 0.999998 -0.00107856 0.00210719 0.00108204 0.999997 -0.186774 0.121733 -0.195213
FixedParameters: 0 0 0

#Transform 40
Transform: AffineTransform_float_3_3
Parameters: 0.999996 0.00166497 -0.00238332 -0.00166527 0.999999 -2.8421e-05 0.00238311 3.29795e-05 0.999997 -0.192919 0.00367759 -0.0939222
FixedParameters: 0 0 0

#Transform 41
Transform: AffineTransform_float_3_3
Parameters: 0.999996 0.00188837 -0.00200751 -0.00189059 0.999997 -0.00107565 0.00200554 0.00107896 0.999998 -0.193015 0.0879689 -0.280548
FixedParameters: 0 0 0

#Transform 42
Transform: AffineTransform_float_3_3
Parameters: 0.999996 0.00180451 -0.00211578 -0.00180521 0.999999 -0.000131737 0.00211517 0.000136582 0.999998 -0.185152 0.0251021 -0.0781224
FixedParameters: 0 0 0

#Transform 43
Transform: AffineTransform_float_3_3
Parameters: 0.999996 0.00186543 -0.00216329 -0.00186704 0.999998 -0.000757073 0.00216166 0.000761482 0.999997 -0.197629 0.0219702 -0.31824
FixedParameters: 0 0 0

#Transform 44
Transform: AffineTransform_float_3_3
Parameters: 0.999994 0.00228858 -0.00238444 -0.00228974 0.999997 -0.000580423 0.00238293 0.000586279 0.999997 -0.180105 0.0184497 -0.120461
FixedParameters: 0 0 0

#Transform 45
Transform: AffineTransform_float_3_3
Parameters: 0.999996 0.00180705 -0.00211976 -0.00180796 0.999998 -0.00028347 0.0021195 0.000287732 0.999998 -0.189421 -0.00472766 -0.269927
FixedParameters: 0 0 0

#Transform 46
Transform: AffineTransform_float_3_3
Parameters: 0.999995 0.00202193 -0.00238397 -0.0020228 0.999998 -0.000520287 0.00238302 0.000525679 0.999997 -0.173983 0.0325657 -0.140945
FixedParameters: 0 0 0

#Transform 47
Transform: AffineTransform_float_3_3
Parameters: 0.999996 0.00184135 -0.00243024 -0.00184287 0.999998 -0.000268201 0.00242909 0.000272378 0.999997 -0.184638 0.01718 -0.187357
FixedParameters: 0 0 0

#Transform 48
Transform: AffineTransform_float_3_3
Parameters: 0.999995 0.00203954 -0.00249675 -0.00204006 0.999997 -0.000330855 0.00249567 0.000336226 0.999997 -0.209391 0.0482243 -0.148775
FixedParameters: 0 0 0

#Transform 49
Transform: AffineTransform_float_3_3
Parameters: 0.999996 0.00170574 -0.00226768 -0.00170463 0.999998 0.000577274 0.00226909 -0.000572877 0.999997 -0.202759 -0.021965 -0.179146
FixedParameters: 0 0 0

#Transform 50
Transform: AffineTransform_float_3_3
Parameters: 0.999997 0.00185041 -0.00200226 -0.00184955 0.999998 0.000261796 0.00200306 -0.000258573 0.999998 -0.194792 0.0184785 -0.157995
FixedParameters: 0 0 0

#Transform 51
Transform: AffineTransform_float_3_3
Parameters: 0.999997 0.00144951 -0.00194589 -0.00144741 0.999999 0.000805821 0.00194638 -0.000803517 0.999998 -0.194954 -0.0475631 -0.250169
FixedParameters: 0 0 0

#Transform 52
Transform: AffineTransform_float_3_3
Parameters: 0.999998 0.00189369 -0.00125212 -0.00189421 0.999999 -0.000175776 0.0012513 0.000178092 0.999999 -0.213349 0.0459759 -0.204553
FixedParameters: 0 0 0

#Transform 53
Transform: AffineTransform_float_3_3
Parameters: 0.999997 0.00190655 -0.00186299 -0.00190534 0.999998 0.000490162 0.00186378 -0.000486636 0.999998 -0.203235 -0.0337067 -0.236297
FixedParameters: 0 0 0

#Transform 54
Transform: AffineTransform_float_3_3
Parameters: 0.999998 0.0015275 -0.00167742 -0.00152815 0.999998 -0.000289542 0.0016773 0.000291854 0.999998 -0.211306 0.0620837 -0.220231
FixedParameters: 0 0 0

#Transform 55
Transform: AffineTransform_float_3_3
Parameters: 0.999997 0.00183057 -0.00194634 -0.00183047 0.999998 0.000189435 0.00194598 -0.000186474 0.999998 -0.214197 -0.0313322 -0.241004
FixedParameters: 0 0 0

#Transform 56
Transform: AffineTransform_float_3_3
Parameters: 0.999996 0.00229727 -0.00203174 -0.00229879 0.999997 -0.000889818 0.00202968 0.000894658 0.999998 -0.219525 0.0638437 -0.285602
FixedParameters: 0 0 0

#Transform 57
Transform: AffineTransform_float_3_3
Parameters: 0.999995 0.00183149 -0.0024833 -0.00182944 0.999998 0.000546596 0.00248426 -0.000542254 0.999997 -0.204056 -0.0376359 -0.240795
FixedParameters: 0 0 0

#Transform 58
Transform: AffineTransform_float_3_3
Parameters: 0.999996 0.00235386 -0.00169173 -0.00235402 0.999997 -9.23727e-06 0.00169149 1.33796e-05 0.999998 -0.221913 0.0381035 -0.247458
FixedParameters: 0 0 0

#Transform 59
Transform: AffineTransform_float_3_3
Parameters: 0.999997 0.00205661 -0.00121118 -0.00205493 0.999998 0.00127948 0.00121366 -0.00127686 0.999999 -0.175873 -0.0913997 -0.290743
FixedParameters: 0 0 0

#Transform 60
Transform: AffineTransform_float_3_3
Parameters: 0.999998 0.00170364 -0.00155963 -0.00170423 0.999999 -0.00030117 0.00155935 0.000303449 0.999998 -0.160238 0.00333302 -0.31465
FixedParameters: 0 0 0

#Transform 61
Transform: AffineTransform_float_3_3
Parameters: 0.999996 0.00203102 -0.00151317 -0.00202926 0.999997 0.00135351 0.00151636 -0.00135029 0.999998 -0.187518 -0.0961473 -0.270254
FixedParameters: 0 0 0

#Transform 62
Transform: AffineTransform_float_3_3
Parameters: 0.999996 0.00179916 -0.00190909 -0.00179875 0.999998 0.000148023 0.00190951 -0.000145341 0.999998 -0.193441 0.0194389 -0.358603
FixedParameters: 0 0 0

#Transform 63
Transform: AffineTransform_float_3_3
Parameters: 0.999996 0.00209634 -0.00224811 -0.00209579 0.999998 0.000463168 0.00224944 -0.000457889 0.999998 -0.189632 -0.0741171 -0.262434
FixedParameters: 0 0 0

#Transform 64
Transform: AffineTransform_float_3_3
Parameters: 0.999995 0.00216849 -0.00230031 -0.00216586 0.999996 0.00120701 0.00230228 -0.00120251 0.999997 -0.184787 0.000502186 -0.330729
FixedParameters: 0 0 0

#Transform 65
Transform: AffineTransform_float_3_3
Parameters: 0.999998 0.001669 -0.000862147 -0.0016677 0.999998 0.00104562 0.000864645 -0.00104434 0.999999 -0.133274 -0.0401869 -0.260528
FixedParameters: 0 0 0

#Transform 66
Transform: AffineTransform_float_3_3
Parameters: 0.999999 0.000265015 0.0014472 -0.000266192 1 0.000714518 -0.00144728 -0.000714494 0.999998 -0.0553346 -0.00535317 -0.411529
FixedParameters: 0 0 0

#Transform 67
Transform: AffineTransform_float_3_3
Parameters: 1 0.000331435 -0.000332458 -0.000330935 1 0.000750487 0.000332955 -0.000751076 1 -0.0837913 -0.142261 -0.317514
FixedParameters: 0 0 0

#Transform 68
Transform: AffineTransform_float_3_3
Parameters: 0.999999 -0.000253164 -0.00176468 0.000256042 0.999999 0.00145584 0.00176397 -0.00145646 0.999997 -0.00428363 -0.105192 -0.381286
FixedParameters: 0 0 0

#Transform 69
Transform: AffineTransform_float_3_3
Parameters: 1 0.000439179 -0.00107837 -0.000436832 0.999998 0.00192109 0.00107879 -0.00192067 0.999998 -0.0833601 -0.144866 -0.301472
FixedParameters: 0 0 0

#Transform 70
Transform: AffineTransform_float_3_3
Parameters: 0.999999 0.000687939 -0.00131995 -0.000686541 0.999999 0.00122054 0.00132031 -0.00121925 0.999998 -0.0998732 -0.0514876 -0.356986
FixedParameters: 0 0 0

#Transform 71
Transform: AffineTransform_float_3_3
Parameters: 0.999998 0.00072997 -0.00195238 -0.000726187 0.999997 0.00201387 0.00195409 -0.00201267 0.999996 -0.11604 -0.159267 -0.268004
FixedParameters: 0 0 0

#Transform 72
Transform: AffineTransform_float_3_3
Parameters: 0.999997 0.000714113 -0.00205879 -0.000712552 0.999999 0.000730352 0.00205938 -0.000729137 0.999997 -0.152013 -0.0789863 -0.403459
FixedParameters: 0 0 0

#Transform 73
Transform: AffineTransform_float_3_3
Parameters: 0.999997 0.00117236 -0.00223133 -0.00116873 0.999999 0.0012409 0.0022329 -0.00123819 0.999997 -0.151965 -0.15624 -0.315821
FixedParameters: 0 0 0

#Transform 74
Transform: AffineTransform_float_3_3
Parameters: 0.999997 0.00142708 -0.00219081 -0.00142588 0.999999 0.000617621 0.00219202 -0.000614708 0.999997 -0.173656 -0.0843756 -0.402474
FixedParameters: 0 0 0

#Transform 75
Transform: AffineTransform_float_3_3
Parameters: 0.999996 0.00138796 -0.00239937 -0.0013862 0.999998 0.00077877 0.00240011 -0.000776016 0.999997 -0.18711 -0.116173 -0.286465
FixedParameters: 0 0 0

#Transform 76
Transform: AffineTransform_float_3_3
Parameters: 0.999996 0.00134106 -0.00251926 -0.00134018 0.999999 0.000301972 0.00251908 -0.00029916 0.999997 -0.189843 -0.0525898 -0.376335
FixedParameters: 0 0 0

#Transform 77
Transform: AffineTransform_float_3_3
Parameters: 0.999994 0.00151193 -0.00286709 -0.00150959 0.999998 0.000914077 0.00286889 -0.000909886 0.999995 -0.179332 -0.13412 -0.318009
FixedParameters: 0 0 0

#Transform 78
Transform: AffineTransform_float_3_3
Parameters: 0.999995 0.00177757 -0.00255068 -0.00177779 0.999999 -1.10815e-06 0.00255052 5.40249e-06 0.999997 -0.196531 -0.0735733 -0.506518
FixedParameters: 0 0 0

#Transform 79
Transform: AffineTransform_float_3_3
Parameters: 0.999994 0.00178051 -0.00292184 -0.00177923 0.999998 0.0005672 0.00292239 -0.000561289 0.999996 -0.188806 -0.155477 -0.358043
FixedParameters: 0 0 0

#Transform 80
Transform: AffineTransform_float_3_3
Parameters: 0.999997 0.00170887 -0.0018246 -0.00170956 0.999999 -0.000154936 0.00182394 0.000157572 0.999998 -0.15295 -0.0571785 -0.500134
FixedParameters: 0 0 0

#Transform 81
Transform: AffineTransform_float_3_3
Parameters: 0.999996 0.00135393 -0.00245209 -0.00135088 0.999998 0.00102207 0.00245347 -0.00101853 0.999997 -0.163179 -0.150412 -0.363352
FixedParameters: 0 0 0

#Transform 82
Transform: AffineTransform_float_3_3
Parameters: 0.999996 0.00152447 -0.00218276 -0.00152458 0.999999 -9.71509e-05 0.00218329 0.000100406 0.999998 -0.153319 -0.0735965 -0.493252
FixedParameters: 0 0 0

#Transform 83
Transform: AffineTransform_float_3_3
Parameters: 0.999996 0.00153537 -0.0026027 -0.00153356 0.999998 0.000646636 0.00260409 -0.000642572 0.999996 -0.159397 -0.15495 -0.354896
FixedParameters: 0 0 0

#Transform 84
Transform: AffineTransform_float_3_3
Parameters: 0.999996 0.00145346 -0.00233226 -0.00145357 0.999999 -0.000272836 0.0023318 0.000275611 0.999998 -0.141135 -0.0876129 -0.489096
FixedParameters: 0 0 0

#Transform 85
Transform: AffineTransform_float_3_3
Parameters: 0.999996 0.0015463 -0.00264492 -0.00154492 0.999998 0.000385426 0.00264507 -0.000381192 0.999996 -0.164156 -0.132846 -0.351881
FixedParameters: 0 0 0

#Transform 86
Transform: AffineTransform_float_3_3
Parameters: 0.999996 0.00156807 -0.00223958 -0.00156776 0.999999 0.000404067 0.0022403 -0.000400382 0.999997 -0.145238 -0.113891 -0.52914
FixedParameters: 0 0 0

#Transform 87
Transform: AffineTransform_float_3_3
Parameters: 0.999996 0.00139587 -0.002382 -0.00139399 0.999998 0.000809752 0.00238283 -0.000807009 0.999997 -0.144232 -0.11458 -0.303836
FixedParameters: 0 0 0

#Transform 88
Transform: AffineTransform_float_3_3
Parameters: 0.999997 0.0014996 -0.00216727 -0.00149725 0.999998 0.000994398 0.00216881 -0.000991218 0.999997 -0.164911 -0.151227 -0.468795
FixedParameters: 0 0 0

#Transform 89
Transform: AffineTransform_float_3_3
Parameters: 0.999996 0.00132923 -0.00254358 -0.0013284 1 0.000283775 0.00254333 -0.000280371 0.999996 -0.176293 -0.100074 -0.375086
FixedParameters: 0 0 0

#Transform 90
Transform: AffineTransform_float_3_3
Parameters: 0.999997 0.00148131 -0.002231 -0.00148048 0.999999 0.000522629 0.002232 -0.000519359 0.999997 -0.181789 -0.109258 -0.441511
FixedParameters: 0 0 0

#Transform 91
Transform: AffineTransform_float_3_3
Parameters: 0.999997 0.00163742 -0.00212524 -0.00163527 0.999998 0.000966524 0.00212696 -0.000962882 0.999997 -0.201301 -0.0649222 -0.319266
FixedParameters: 0 0 0

#Transform 92
Transform: AffineTransform_float_3_3
Parameters: 0.999996 0.00134792 -0.00245185 -0.00134519 0.999998 0.00122901 0.00245335 -0.00122546 0.999996 -0.185168 -0.107321 -0.360757
FixedParameters: 0 0 0

#Transform 93
Transform: AffineTransform_float_3_3
Parameters: 0.999996 0.00160056 -0.00198598 -0.00159921 0.999999 0.000705224 0.00198772 -0.000701619 0.999998 -0.193847 -0.0716677 -0.379471
FixedParameters: 0 0 0

#Transform 94
Transform: AffineTransform_float_3_3
Parameters: 0.999996 0.00163697 -0.00255463 -0.00163536 0.999999 0.000619332 0.00255606 -0.000615705 0.999996 -0.205072 -0.143564 -0.376898
FixedParameters: 0 0 0

#Transform 95
Transform: AffineTransform_float_3_3
Parameters: 0.999995 0.00191058 -0.00224392 -0.00191128 0.999999 -0.000119187 0.00224334 0.000123574 0.999998 -0.222471 -0.0401037 -0.421178
FixedParameters: 0 0 0

#Transform 96
Transform: AffineTransform_float_3_3
Parameters: 0.999995 0.00191604 -0.00277633 -0.00191222 0.999997 0.00129673 0.00277939 -0.00129136 0.999995 -0.230668 -0.156945 -0.403665
FixedParameters: 0 0 0

#Transform 97
Transform: AffineTransform_float_3_3
Parameters: 0.999994 0.0020212 -0.00259956 -0.00202125 0.999998 3.13189e-05 0.00259953 -2.55844e-05 0.999996 -0.241996 -0.0477464 -0.464993
FixedParameters: 0 0 0

#Transform 98
Transform: AffineTransform_float_3_3
Parameters: 0.999996 0.00185661 -0.00232784 -0.00185408 0.999997 0.00126135 0.0023306 -0.00125738 0.999996 -0.228301 -0.143839 -0.385394
FixedParameters: 0 0 0

#Transform 99
Transform: AffineTransform_float_3_3
Parameters: 0.999996 0.00187133 -0.00222389 -0.00187201 0.999999 -0.000117545 0.00222334 0.000121682 0.999998 -0.207105 -0.0678912 -0.48266
FixedParameters: 0 0 0

#Transform 100
Transform: AffineTransform_float_3_3
Parameters: 0.999994 0.00178839 -0.00276026 -0.00178562 0.999998 0.00110789 0.00276237 -0.00110329 0.999996 -0.22548 -0.142653 -0.359483
FixedParameters: 0 0 0

#Transform 101
Transform: AffineTransform_float_3_3
Parameters: 0.999994 0.00227261 -0.00281576 -0.00227201 0.999997 -8.29997e-05 0.00281555 9.01748e-05 0.999996 -0.256034 -0.0927993 -0.503231
FixedParameters: 0 0 0

#Transform 102
Transform: AffineTransform_float_3_3
Parameters: 0.999995 0.00191349 -0.00224291 -0.00191233 0.999998 0.000695215 0.00224412 -0.000690757 0.999997 -0.246217 -0.138206 -0.428842
FixedParameters: 0 0 0

#Transform 103
Transform: AffineTransform_float_3_3
Parameters: 0.999995 0.00196555 -0.00221375 -0.00196629 0.999998 -0.000537334 0.00221284 0.000541787 0.999998 -0.278651 -0.0212571 -0.5352
FixedParameters: 0 0 0

#Transform 104
Transform: AffineTransform_float_3_3
Parameters: 0.999994 0.00228674 -0.00254717 -0.00228406 0.999997 0.000752718 0.00254861 -0.000746609 0.999996 -0.275257 -0.0832225 -0.422176
FixedParameters: 0 0 0

#Transform 105
Transform: AffineTransform_float_3_3
Parameters: 0.999993 0.00253254 -0.00254135 -0.00253259 0.999997 -0.000227427 0.00254042 0.000233866 0.999997 -0.296098 -0.0359501 -0.5342
FixedParameters: 0 0 0

#Transform 106
Transform: AffineTransform_float_3_3
Parameters: 0.999993 0.00226892 -0.002799 -0.00226803 0.999997 0.00028903 0.00279922 -0.000282478 0.999996 -0.28339 -0.114458 -0.45311
FixedParameters: 0 0 0

#Transform 107
Transform: AffineTransform_float_3_3
Parameters: 0.999993 0.00279414 -0.00245926 -0.00279501 0.999996 -0.000214499 0.00245862 0.000220798 0.999997 -0.330117 -0.0447569 -0.533352
FixedParameters: 0 0 0

#Transform 108
Transform: AffineTransform_float_3_3
Parameters: 0.999993 0.0025905 -0.00269393 -0.00258902 0.999997 0.000746745 0.00269533 -0.000740491 0.999997 -0.331796 -0.0974528 -0.470241
FixedParameters: 0 0 0

#Transform 109
Transform: AffineTransform_float_3_3
Parameters: 0.999993 0.00309416 -0.0023561 -0.00309471 0.999995 -0.00015189 0.00235567 0.000159026 0.999997 -0.338591 -0.0133754 -0.466875
FixedParameters: 0 0 0

#Transform 110
Transform: AffineTransform_float_3_3
Parameters: 0.999991 0.00302391 -0.00303851 -0.00302344 0.999995 0.00013546 0.00303896 -0.000125679 0.999995 -0.33008 -0.0877156 -0.457771
FixedParameters: 0 0 0

#Transform 111
Transform: AffineTransform_float_3_3
Parameters: 0.99999 0.00323465 -0.00303111 -0.0032352 0.999995 -2.62237e-05 0.00303052 3.64284e-05 0.999995 -0.328941 -0.0129405 -0.474658
FixedParameters: 0 0 0

#Transform 112
Transform: AffineTransform_float_3_3
Parameters: 0.999991 0.00315908 -0.00282331 -0.00315757 0.999995 0.000406729 0.00282461 -0.000396876 0.999996 -0.334957 -0.0700998 -0.442781
FixedParameters: 0 0 0

#Transform 113
Transform: AffineTransform_float_3_3
Parameters: 0.999991 0.00306462 -0.00271506 -0.00306379 0.999996 4.42331e-05 0.00271456 -3.56211e-05 0.999997 -0.327359 -0.0112558 -0.448004
FixedParameters: 0 0 0

#Transform 114
Transform: AffineTransform_float_3_3
Parameters: 0.99999 0.00329776 -0.00283405 -0.003298 0.999994 2.04025e-05 0.00283381 -1.11154e-05 0.999997 -0.365077 -0.0821991 -0.497245
FixedParameters: 0 0 0

#Transform 115
Transform: AffineTransform_float_3_3
Parameters: 0.999991 0.00307792 -0.00272326 -0.00307926 0.999995 -0.000273371 0.00272214 0.000282104 0.999997 -0.328071 -0.0226379 -0.433919
FixedParameters: 0 0 0

#Transform 116
Transform: AffineTransform_float_3_3
Parameters: 0.99999 0.00291518 -0.00323407 -0.00291522 0.999995 -1.41766e-05 0.00323454 2.32412e-05 0.999995 -0.331223 -0.088453 -0.480499
FixedParameters: 0 0 0

#Transform 117
Transform: AffineTransform_float_3_3
Parameters: 0.99999 0.00331789 -0.00283105 -0.00331789 0.999995 -0.000259443 0.00283027 0.000269348 0.999996 -0.335554 -0.00900744 -0.475185
FixedParameters: 0 0 0

#Transform 118
Transform: AffineTransform_float_3_3
Parameters: 0.999991 0.00333647 -0.00286114 -0.00333519 0.999994 0.00036384 0.00286225 -0.000353543 0.999996 -0.345368 -0.0962905 -0.508235
FixedParameters: 0 0 0

#Transform 119
Transform: AffineTransform_float_3_3
Parameters: 0.999991 0.00323264 -0.00281171 -0.00323334 0.999995 -0.000382956 0.0028102 0.000391665 0.999997 -0.32901 -4.91873e-05 -0.442701
FixedParameters: 0 0 0

#Transform 120
Transform: AffineTransform_float_3_3
Parameters: 0.999989 0.00363761 -0.00291566 -0.00363692 0.999993 -4.19009e-05 0.00291526 5.26363e-05 0.999995 -0.373914 -0.0787956 -0.587169
FixedParameters: 0 0 0

#Transform 121
Transform: AffineTransform_float_3_3
Parameters: 0.99999 0.00319819 -0.00290175 -0.00319779 0.999995 0.000129753 0.00290222 -0.000120597 0.999996 -0.312368 -0.0297507 -0.415897
FixedParameters: 0 0 0

#Transform 122
Transform: AffineTransform_float_3_3
Parameters: 0.99999 0.00337299 -0.00288013 -0.00337306 0.999994 0.000284158 0.00288118 -0.000273502 0.999996 -0.354068 -0.0451903 -0.56578
FixedParameters: 0 0 0

#Transform 123
Transform: AffineTransform_float_3_3
Parameters: 0.99999 0.00337675 -0.0028833 -0.00337698 0.999994 3.09885e-05 0.00288305 -2.1729e-05 0.999996 -0.320053 -0.0689344 -0.4151
FixedParameters: 0 0 0

#Transform 124
Transform: AffineTransform_float_3_3
Parameters: 0.99999 0.00325224 -0.00281983 -0.00325248 0.999995 1.99115e-05 0.00281959 -1.09749e-05 0.999997 -0.340422 -0.0632732 -0.552925
FixedParameters: 0 0 0

#Transform 125
Transform: AffineTransform_float_3_3
Parameters: 0.99999 0.00314966 -0.00322312 -0.00314763 0.999995 0.000519864 0.00322421 -0.000509509 0.999994 -0.306567 -0.0912392 -0.436317
FixedParameters: 0 0 0

#Transform 126
Transform: AffineTransform_float_3_3
Parameters: 0.99999 0.00303315 -0.0030787 -0.00303422 0.999995 -0.000258603 0.00307856 0.000268054 0.999995 -0.297049 -0.034036 -0.595113
FixedParameters: 0 0 0

#Transform 127
Transform: AffineTransform_float_3_3
Parameters: 0.999988 0.00319321 -0.00351933 -0.00319328 0.999995 0.000248133 0.0035201 -0.000236781 0.999994 -0.314055 -0.0902485 -0.457463
FixedParameters: 0 0 0

#Transform 128
Transform: AffineTransform_float_3_3
Parameters: 0.999989 0.00341411 -0.00321168 -0.00341579 0.999994 -0.000543733 0.00320972 0.000554777 0.999995 -0.343495 -0.0145592 -0.570328
FixedParameters: 0 0 0

#Transform 129
Transform: AffineTransform_float_3_3
Parameters: 0.999989 0.00329289 -0.0035178 -0.00329107 0.999994 0.000396565 0.00351904 -0.000385351 0.999994 -0.329684 -0.0790279 -0.465753
FixedParameters: 0 0 0

#Transform 130
Transform: AffineTransform_float_3_3
Parameters: 0.999988 0.00354144 -0.00345691 -0.00354584 0.999993 -0.00128989 0.00345262 0.00130258 0.999993 -0.325898 0.00513103 -0.508853
FixedParameters: 0 0 0

#Transform 131
Transform: AffineTransform_float_3_3
Parameters: 0.999988 0.00323231 -0.00352105 -0.00323065 0.999995 0.000301641 0.00352256 -0.000290267 0.999993 -0.330424 -0.049345 -0.521485
FixedParameters: 0 0 0

#Transform 132
Transform: AffineTransform_float_3_3
Parameters: 0.999989 0.00331412 -0.00333647 -0.00331627 0.999994 -0.000457283 0.00333567 0.000467947 0.999994 -0.299918 -0.0136613 -0.479758
FixedParameters: 0 0 0

#Transform 133
Transform: AffineTransform_float_3_3
Parameters: 0.999989 0.0032568 -0.00338932 -0.00325491 0.999995 0.000413286 0.00339068 -0.000402576 0.999994 -0.327647 -0.0585852 -0.485118
FixedParameters: 0 0 0

#Transform 134
Transform: AffineTransform_float_3_3
Parameters: 0.999988 0.00338809 -0.00337275 -0.00338833 0.999994 -0.000167716 0.00337158 0.000179728 0.999994 -0.304285 0.00517854 -0.517851
FixedParameters: 0 0 0

#Transform 135
Transform: AffineTransform_float_3_3
Parameters: 0.999989 0.00328534 -0.00354648 -0.00328325 0.999995 0.000614712 0.00354874 -0.000602735 0.999994 -0.315204 -0.10001 -0.521041
FixedParameters: 0 0 0

#Transform 136
Transform: AffineTransform_float_3_3
Parameters: 0.999989 0.00345573 -0.00321646 -0.0034564 0.999994 -0.00017732 0.00321655 0.000188708 0.999995 -0.308858 -0.0408495 -0.494653
FixedParameters: 0 0 0

#Transform 137
Transform: AffineTransform_float_3_3
Parameters: 0.999993 0.00278066 -0.00243928 -0.00278106 0.999996 -2.66934e-05 0.0024388 3.36461e-05 0.999997 -0.209192 -0.0639924 -0.239061
FixedParameters: 0 0 0

#Transform 138
Transform: AffineTransform_float_3_3
Parameters: 0.999988 0.00218326 -0.00426009 -0.00218287 0.999998 0.000102577 0.00426031 -9.36682e-05 0.999991 -0.221897 -0.045853 -0.423641
FixedParameters: 0 0 0

#Transform 139
Transform: AffineTransform_float_3_3
Parameters: 0.999991 0.00245264 -0.00327303 -0.00245101 0.999997 0.000300103 0.00327426 -0.000291616 0.999995 -0.227549 -0.0305452 -0.358502
FixedParameters: 0 0 0

#Transform 140
Transform: AffineTransform_float_3_3
Parameters: 0.999992 0.00234841 -0.00321634 -0.00234461 0.999997 0.00119971 0.00321908 -0.00119205 0.999994 -0.211223 -0.0966096 -0.339286
FixedParameters: 0 0 0

#Transform 141
Transform: AffineTransform_float_3_3
Parameters: 0.999993 0.00257716 -0.00275284 -0.00257227 0.999995 0.00142793 0.00275689 -0.00142061 0.999996 -0.228336 -0.0405718 -0.482305
FixedParameters: 0 0 0

#Transform 142
Transform: AffineTransform_float_3_3
Parameters: 0.999992 0.00234542 -0.00320701 -0.00233993 0.999996 0.00146297 0.00321103 -0.00145457 0.999994 -0.232301 -0.101407 -0.334469
FixedParameters: 0 0 0

#Transform 143
Transform: AffineTransform_float_3_3
Parameters: 0.999995 0.000990535 -0.0031873 -0.000981612 0.999995 0.00268867 0.00319006 -0.00268567 0.999991 -0.170314 -0.123595 -0.408184
FixedParameters: 0 0 0

#Transform 144
Transform: AffineTransform_float_3_3
Parameters: 0.999994 0.00173254 -0.00298791 -0.00172585 0.999996 0.0020524 0.00299098 -0.00204643 0.999993 -0.188932 -0.0894608 -0.296649
FixedParameters: 0 0 0

#Transform 145
Transform: AffineTransform_float_3_3
Parameters: 0.999994 0.00224585 -0.00266112 -0.00224135 0.999997 0.00164529 0.0026648 -0.00163958 0.999995 -0.207801 -0.0810483 -0.450946
FixedParameters: 0 0 0

#Transform 146
Transform: AffineTransform_float_3_3
Parameters: 0.999992 0.0021344 -0.00336113 -0.00213187 0.999997 0.000895323 0.00336297 -0.000888222 0.999994 -0.210439 -0.0521503 -0.351232
FixedParameters: 0 0 0

#Transform 147
Transform: AffineTransform_float_3_3
Parameters: 0.999991 0.00234834 -0.00368042 -0.00234278 0.999996 0.00154325 0.00368341 -0.00153453 0.999991 -0.26356 -0.122916 -0.459883
FixedParameters: 0 0 0

#Transform 148
Transform: AffineTransform_float_3_3
Parameters: 0.999989 0.00279145 -0.00371951 -0.00278831 0.999996 0.000787403 0.00372131 -0.000776916 0.999992 -0.270416 -0.0621305 -0.417494
FixedParameters: 0 0 0

#Transform 149
Transform: AffineTransform_float_3_3
Parameters: 0.999991 0.00251405 -0.00354304 -0.00251117 0.999997 0.00090803 0.00354551 -0.00089908 0.999993 -0.258389 -0.100582 -0.504465
FixedParameters: 0 0 0

#Transform 150
Transform: AffineTransform_float_3_3
Parameters: 0.999991 0.0022016 -0.00363542 -0.00219933 0.999997 0.000615597 0.00363661 -0.000608051 0.999994 -0.226676 -0.0431376 -0.493949
FixedParameters: 0 0 0

#Transform 151
Transform: AffineTransform_float_3_3
Parameters: 0.999989 0.00273403 -0.00380914 -0.00273017 0.999996 0.00103987 0.00381186 -0.00102906 0.999992 -0.274689 -0.125468 -0.447229
FixedParameters: 0 0 0

#Transform 152
Transform: AffineTransform_float_3_3
Parameters: 0.999991 0.00254932 -0.00337912 -0.00254877 0.999997 0.000137603 0.00337954 -0.000128527 0.999994 -0.270261 -0.0329225 -0.530173
FixedParameters: 0 0 0

#Transform 153
Transform: AffineTransform_float_3_3
Parameters: 0.999991 0.00251439 -0.00335622 -0.0025098 0.999996 0.00134237 0.00335915 -0.00133431 0.999993 -0.245305 -0.0946233 -0.429516
FixedParameters: 0 0 0

#Transform 154
Transform: AffineTransform_float_3_3
Parameters: 0.999993 0.0021542 -0.00296461 -0.00215075 0.999997 0.00101181 0.00296656 -0.00100571 0.999995 -0.230856 -0.0453115 -0.543493
FixedParameters: 0 0 0

#Transform 155
Transform: AffineTransform_float_3_3
Parameters: 0.999991 0.00257535 -0.0033885 -0.00257229 0.999996 0.00103847 0.00339092 -0.00102986 0.999994 -0.247518 -0.103477 -0.396182
FixedParameters: 0 0 0

#Transform 156
Transform: AffineTransform_float_3_3
Parameters: 0.999987 0.00342575 -0.00362477 -0.00343102 0.999993 -0.00153497 0.0036196 0.00154819 0.999992 -0.210789 0.0821178 -0.229135
FixedParameters: 0 0 0

#Transform 157
Transform: AffineTransform_float_3_3
Parameters: 0.999985 0.00263809 -0.00472786 -0.00264915 0.999994 -0.00239501 0.00472118 0.00240793 0.999986 -0.024272 0.260761 -0.189154
FixedParameters: 0 0 0

#Transform 158
Transform: AffineTransform_float_3_3
Parameters: 0.999991 0.00167133 -0.00401968 -0.00167484 0.999998 -0.000888835 0.00401781 0.000895265 0.999991 -0.0533213 0.13255 -0.41308
FixedParameters: 0 0 0

#Transform 159
Transform: AffineTransform_float_3_3
Parameters: 0.999995 0.00119735 -0.00312185 -0.00119845 0.999999 -0.000568738 0.00312128 0.000572618 0.999995 -0.0271108 0.0823811 -0.312038
FixedParameters: 0 0 0

#Transform 160
Transform: AffineTransform_float_3_3
Parameters: 0.999994 0.000795152 -0.00319093 -0.000795951 0.999999 -0.000306769 0.00319084 0.000309682 0.999995 -7.63857e-05 0.0267731 -0.368081
FixedParameters: 0 0 0

#Transform 161
Transform: AffineTransform_float_3_3
Parameters: 0.999997 0.00045922 -0.00247943 -0.000462463 1 -0.000909205 0.00247906 0.000910499 0.999997 -0.00441631 0.0787371 -0.468813
FixedParameters: 0 0 0

#Transform 162
Transform: AffineTransform_float_3_3
Parameters: 0.999995 0.000669251 -0.0031252 -0.000668539 1 0.00035809 0.0031252 -0.000355996 0.999995 -0.0040833 -0.00697244 -0.34565
FixedParameters: 0 0 0

#Transform 163
Transform: AffineTransform_float_3_3
Parameters: 0.999991 0.00113691 -0.0039238 -0.00113829 0.999999 -0.000477263 0.00392355 0.000481638 0.999993 -0.0403407 0.111322 -0.545066
FixedParameters: 0 0 0

#Transform 164
Transform: AffineTransform_float_3_3
Parameters: 0.999996 0.000677502 -0.00274091 -0.000674509 0.999999 0.000977197 0.00274225 -0.000974974 0.999996 0.00349689 -0.010922 -0.481378
FixedParameters: 0 0 0

#Transform 165
Transform: AffineTransform_float_3_3
Parameters: 0.999995 0.000561436 -0.00295276 -0.000557664 0.999999 0.00126653 0.00295382 -0.00126445 0.999995 -0.0537863 -0.167751 -0.472254
FixedParameters: 0 0 0

#Transform 166
Transform: AffineTransform_float_3_3
Parameters: 0.999999 0.00105377 -7.18481e-05 -0.00105402 0.999996 -0.00260779 6.87838e-05 0.00260791 0.999997 -0.0851509 -0.303515 -1.211
FixedParameters: 0 0 0

#Transform 167
Transform: AffineTransform_float_3_3
Parameters: 1 0.000677744 -8.88872e-05 -0.000678026 0.999999 0.000959078 8.92983e-05 -0.000959744 0.999999 -0.132425 -0.344036 -0.647448
FixedParameters: 0 0 0

#Transform 168
Transform: AffineTransform_float_3_3
Parameters: 0.999999 0.0012885 -0.000399333 -0.00128807 0.999999 0.00107195 0.00040119 -0.00107031 0.999999 -0.140482 -0.266118 -0.509218
FixedParameters: 0 0 0

#Transform 169
Transform: AffineTransform_float_3_3
Parameters: 0.999999 0.00127359 -0.00129224 -0.00127366 0.999999 0.000697533 0.0012926 -0.000696384 0.999999 -0.144721 -0.131016 -0.487416
FixedParameters: 0 0 0

#Transform 170
Transform: AffineTransform_float_3_3
Parameters: 0.999997 0.00188899 -0.00146314 -0.00188897 0.999998 0.000199543 0.00146287 -0.000197006 0.999999 -0.157373 -0.0762464 -0.530896
FixedParameters: 0 0 0

#Transform 171
Transform: AffineTransform_float_3_3
Parameters: 0.999997 0.00189611 -0.00116385 -0.00189583 0.999998 0.000145526 0.00116429 -0.000142729 0.999999 -0.156834 -0.0524248 -0.628546
FixedParameters: 0 0 0

#Transform 172
Transform: AffineTransform_float_3_3
Parameters: 0.999999 0.00150772 -0.000126201 -0.00150748 0.999998 0.000945568 0.000126805 -0.000944571 1 -0.132493 0.00738888 -0.636854
FixedParameters: 0 0 0

#Transform 173
Transform: AffineTransform_float_3_3
Parameters: 0.999998 0.00143689 -0.00123281 -0.00143698 0.999999 0.000170537 0.00123231 -0.000168589 0.999999 -0.132467 -0.0412205 -0.604541
FixedParameters: 0 0 0

#Transform 174
Transform: AffineTransform_float_3_3
Parameters: 0.999995 0.00204023 -0.00220012 -0.002043 0.999998 -0.00121539 0.00219813 0.00121985 0.999996 -0.164395 -0.0592998 -0.739849
FixedParameters: 0 0 0

#Transform 175
Transform: AffineTransform_float_3_3
Parameters: 0.999996 0.00183458 -0.00209787 -0.00183955 0.999996 -0.00223426 0.00209407 0.0022376 0.999995 -0.158301 0.000953624 -0.845132
FixedParameters: 0 0 0

#Transform 176
Transform: AffineTransform_float_3_3
Parameters: 0.999996 0.00166165 -0.00200683 -0.00166487 0.999998 -0.00133186 0.00200455 0.00133425 0.999997 -0.142267 -0.126636 -0.762089
FixedParameters: 0 0 0

#Transform 177
Transform: AffineTransform_float_3_3
Parameters: 0.999997 0.00154462 -0.00184449 -0.00155217 0.999991 -0.00402824 0.00183764 0.0040309 0.99999 -0.12504 -0.062281 -1.07462
FixedParameters: 0 0 0

#Transform 178
Transform: AffineTransform_float_3_3
Parameters: 0.999997 0.00162018 -0.00218079 -0.00162707 0.999994 -0.00290972 0.00217629 0.00291321 0.999993 -0.117933 -0.125365 -0.839274
FixedParameters: 0 0 0

#Transform 179
Transform: AffineTransform_float_3_3
Parameters: 0.999994 0.000951334 -0.00319003 -0.000962006 0.999995 -0.00306846 0.00318653 0.00307218 0.99999 -0.0921375 -0.095456 -0.968853
FixedParameters: 0 0 0

#Transform 180
Transform: AffineTransform_float_3_3
Parameters: 0.999997 0.00180314 -0.00172516 -0.00180529 0.999998 -0.00124732 0.00172279 0.00124986 0.999998 -0.0969051 -0.075678 -0.776129
FixedParameters: 0 0 0

#Transform 181
Transform: AffineTransform_float_3_3
Parameters: 0.999996 0.00154628 -0.00241215 -0.00155714 0.999989 -0.00441384 0.0024059 0.004417 0.999988 -0.108333 -0.0506054 -0.931569
FixedParameters: 0 0 0

#Transform 182
Transform: AffineTransform_float_3_3
Parameters: 0.999997 0.00160764 -0.00223057 -0.00161535 0.999994 -0.00334254 0.00222528 0.00334609 0.999992 -0.109665 -0.025453 -0.831899
FixedParameters: 0 0 0

#Transform 183
Transform: AffineTransform_float_3_3
Parameters: 0.999996 0.00162787 -0.00224332 -0.00163775 0.99999 -0.00423316 0.0022365 0.00423678 0.999989 -0.137752 -0.0690982 -0.974329
FixedParameters: 0 0 0

#Transform 184
Transform: AffineTransform_float_3_3
Parameters: 0.999994 0.00109457 -0.00325199 -0.00110696 0.999992 -0.00375908 0.00324791 0.00376235 0.999988 -0.081771 -0.0143931 -0.86307
FixedParameters: 0 0 0

#Transform 185
Transform: AffineTransform_float_3_3
Parameters: 0.999996 0.000973089 -0.00261838 -0.000985134 0.99999 -0.00438003 0.00261372 0.00438307 0.999987 -0.0929535 -0.0714249 -1.11644
FixedParameters: 0 0 0

#Transform 186
Transform: AffineTransform_float_3_3
