# transform file /out/sourcedata/freesurfer/sub-v1s12x0050121_ses-1/mri/transforms/cc_up.lta
# created by oesteban on Sun Mar  8 14:07:25 2026

type      = 0 # LINEAR_VOX_TO_VOX
nxforms   = 1
mean      = 132.0000 129.0000 110.0000
sigma     = 10000.0000
1 4 4
9.999285340309143e-01 1.107918284833431e-02 -4.517093300819397e-03 -2.732994556427002e+00 
-1.107906922698021e-02 9.999387264251709e-01 5.004876948078163e-05 2.045289421081543e+01 
4.517370369285345e-03 0.000000000000000e+00 9.999898672103882e-01 2.440927696228027e+01 
0.000000000000000e+00 0.000000000000000e+00 0.000000000000000e+00 1.000000000000000e+00 
src volume info
valid = 1  # volume info valid
filename = /out/sourcedata/freesurfer/sub-v1s12x0050121_ses-1/mri/norm.mgz
volume = 256 256 256
voxelsize = 1.000000000000000e+00 1.000000000000000e+00 1.000000000000000e+00
xras   = -1.000000000000000e+00 0.000000000000000e+00 0.000000000000000e+00
yras   = 0.000000000000000e+00 0.000000000000000e+00 -1.000000000000000e+00
zras   = 0.000000000000000e+00 1.000000000000000e+00 0.000000000000000e+00
cras   = -1.917160034179688e+00 8.263916015625000e+00 1.069204711914062e+01
dst volume info
valid = 1  # volume info valid
filename = /out/sourcedata/freesurfer/sub-v1s12x0050121_ses-1/mri/norm.mgz
volume = 256 256 256
voxelsize = 1.000000000000000e+00 1.000000000000000e+00 1.000000000000000e+00
xras   = -1.000000000000000e+00 0.000000000000000e+00 0.000000000000000e+00
yras   = 0.000000000000000e+00 0.000000000000000e+00 -1.000000000000000e+00
zras   = 0.000000000000000e+00 1.000000000000000e+00 0.000000000000000e+00
cras   = -1.917160034179688e+00 8.263916015625000e+00 1.069204711914062e+01
