#Insight Transform File V1.0
#Transform 0
Transform: AffineTransform_float_3_3
Parameters: 1 -5.74447e-05 3.24978e-05 5.74423e-05 1 3.70019e-05 -3.25021e-05 -3.69981e-05 1 -0.00321752 -0.11963 -0.107955
FixedParameters: 0 0 0

#Transform 1
Transform: AffineTransform_float_3_3
Parameters: 1 0.00044778 -0.00048957 -0.000448715 1 -0.000955209 0.000488714 0.00095479 0.999999 -0.027339 0.0421443 -0.0956758
FixedParameters: 0 0 0

#Transform 2
Transform: AffineTransform_float_3_3
Parameters: 0.999999 0.000391111 -0.000672517 -0.000391715 1 -0.00109674 0.000671166 0.00109726 0.999999 -0.0292388 0.0346806 -0.0217972
FixedParameters: 0 0 0

#Transform 3
Transform: AffineTransform_float_3_3
Parameters: 0.999999 0.000451203 -0.000566957 -0.00045079 0.999999 -0.000403502 0.000566101 0.000403498 1 -0.0285762 0.125439 -0.0765404
FixedParameters: 0 0 0

#Transform 4
Transform: AffineTransform_float_3_3
Parameters: 1 0.000395052 -0.000447275 -0.000394664 1 0.000434176 0.000447617 -0.000433823 1 -0.0314262 0.024626 -0.11036
FixedParameters: 0 0 0

#Transform 5
Transform: AffineTransform_float_3_3
Parameters: 1 0.000334958 -0.000571857 -0.000335385 1 0.000388192 0.000572609 -0.000387808 1 -0.0323034 0.107613 -0.0876138
FixedParameters: 0 0 0

#Transform 6
Transform: AffineTransform_float_3_3
Parameters: 1 0.000524162 -0.00043814 -0.000523589 1 -0.000338771 0.000437292 0.000339229 1 -0.0427431 0.0985982 -0.143597
FixedParameters: 0 0 0

#Transform 7
Transform: AffineTransform_float_3_3
Parameters: 1 0.000232886 -0.000289064 -0.000232735 1 0.000262067 0.000289186 -0.000261933 1 -0.0440114 -0.030492 -0.195481
FixedParameters: 0 0 0

#Transform 8
Transform: AffineTransform_float_3_3
Parameters: 1 0.000190751 -0.000399874 -0.000190976 0.999999 -0.000282681 0.000399766 0.000282319 1 -0.061132 0.106621 -0.183339
FixedParameters: 0 0 0

#Transform 9
Transform: AffineTransform_float_3_3
Parameters: 1 0.000491089 -0.000177836 -0.000491059 1 8.40873e-05 0.000177918 -8.39126e-05 1 -0.0622554 -0.010586 -0.212094
FixedParameters: 0 0 0

#Transform 10
Transform: AffineTransform_float_3_3
Parameters: 1 0.00016843 -0.000417056 -0.000168543 1 -0.00013593 0.00041701 0.00013607 1 -0.0660109 -0.0135484 -0.254427
FixedParameters: 0 0 0

#Transform 11
Transform: AffineTransform_float_3_3
Parameters: 0.999999 0.000440763 -0.000585799 -0.000440435 1 0.000280258 0.000586046 -0.000279742 1 -0.0820876 0.103856 -0.252285
FixedParameters: 0 0 0

#Transform 12
Transform: AffineTransform_float_3_3
Parameters: 1 0.000189935 -7.39588e-06 -0.000189927 1 0.000541001 7.60139e-06 -0.000540998 1 -0.0505447 0.0085499 -0.232535
FixedParameters: 0 0 0

#Transform 13
Transform: AffineTransform_float_3_3
Parameters: 1 0.000143757 -0.000324812 -0.000143558 1 0.000307047 0.0003249 -0.000306953 1 -0.0670014 -0.0409361 -0.292072
FixedParameters: 0 0 0

#Transform 14
Transform: AffineTransform_float_3_3
Parameters: 1 9.03299e-05 -0.000492278 -9.02571e-05 1 7.40444e-05 0.000492291 -7.39555e-05 1 -0.0602572 0.0819955 -0.304314
FixedParameters: 0 0 0

#Transform 15
Transform: AffineTransform_float_3_3
Parameters: 1 0.00015633 -0.000451199 -0.000156503 0.999999 0.00077207 0.000451933 -0.000771929 0.999999 -0.0669585 -0.0479996 -0.321776
FixedParameters: 0 0 0

#Transform 16
Transform: AffineTransform_float_3_3
Parameters: 0.999999 0.000327699 -0.000785955 -0.000327476 1 0.000455257 0.000785383 -0.000454743 0.999999 -0.0918316 -0.0321535 -0.372056
FixedParameters: 0 0 0

#Transform 17
Transform: AffineTransform_float_3_3
Parameters: 1 0.00015876 -0.000444663 -0.000158356 0.999999 0.000454313 0.000444807 -0.000454687 1 -0.0850375 -0.0211817 -0.388903
FixedParameters: 0 0 0

#Transform 18
Transform: AffineTransform_float_3_3
Parameters: 1 -2.68671e-05 -0.000312095 2.6652e-05 1 0.00104899 0.000312531 -0.00104901 1 -0.077058 -0.0150133 -0.400252
FixedParameters: 0 0 0

#Transform 19
Transform: AffineTransform_float_3_3
Parameters: 1 -1.5228e-05 -0.000672711 1.52401e-05 1 8.98975e-06 0.000672711 -9.01024e-06 1 -0.0766862 0.0864358 -0.364934
FixedParameters: 0 0 0

#Transform 20
Transform: AffineTransform_float_3_3
Parameters: 1 0.000166205 -0.000458001 -0.000166155 1 0.000593076 0.000457328 -0.000592924 0.999999 -0.0858561 -0.0275299 -0.381895
FixedParameters: 0 0 0

#Transform 21
Transform: AffineTransform_float_3_3
Parameters: 1 0.000179722 -0.000489442 -0.000179332 0.999999 0.00128609 0.000490396 -0.00128591 0.999999 -0.0950806 0.0437702 -0.378294
FixedParameters: 0 0 0

#Transform 22
Transform: AffineTransform_float_3_3
Parameters: 1 0.000104367 -0.000425286 -0.00010455 0.999999 0.000808044 0.000425947 -0.000807955 0.999999 -0.101023 -0.021012 -0.410756
FixedParameters: 0 0 0

#Transform 23
Transform: AffineTransform_float_3_3
Parameters: 1 0.000405843 -0.000287953 -0.000405581 1 0.000454117 0.000288322 -0.000453883 1 -0.103367 -0.00866046 -0.41532
FixedParameters: 0 0 0

#Transform 24
Transform: AffineTransform_float_3_3
Parameters: 1 8.50923e-05 -0.000479828 -8.42256e-05 0.999999 0.00090304 0.000479981 -0.000902958 0.999999 -0.0847671 -0.0125265 -0.402525
FixedParameters: 0 0 0

#Transform 25
Transform: AffineTransform_float_3_3
Parameters: 1 6.47414e-05 -0.000430443 -6.39665e-05 0.999999 0.000900027 0.000430559 -0.000899971 0.999999 -0.0907374 -0.0340376 -0.394358
FixedParameters: 0 0 0

#Transform 26
Transform: AffineTransform_float_3_3
Parameters: 0.999999 0.000365576 -0.000718925 -0.000364939 1 0.000443262 0.000719248 -0.000442737 0.999999 -0.0927412 0.0250762 -0.410611
FixedParameters: 0 0 0

#Transform 27
Transform: AffineTransform_float_3_3
Parameters: 0.999999 -0.00031142 -0.000881761 0.000312759 0.999999 0.00125272 0.000881471 -0.00125328 0.999999 -0.0744195 -0.102217 -0.369479
FixedParameters: 0 0 0

#Transform 28
Transform: AffineTransform_float_3_3
Parameters: 0.999999 -0.000634467 -0.00106244 0.000638621 0.999992 0.00400775 0.0010598 -0.00400825 0.999992 -0.0565763 0.0948574 -0.256391
FixedParameters: 0 0 0

#Transform 29
Transform: AffineTransform_float_3_3
Parameters: 0.999999 -6.96001e-05 -0.000901507 7.253e-05 0.999996 0.00286393 0.000901215 -0.00286406 0.999995 -0.0670798 0.106595 -0.299426
FixedParameters: 0 0 0

#Transform 30
Transform: AffineTransform_float_3_3
Parameters: 1 0.000146719 -0.00111035 -0.000143342 0.999996 0.00274816 0.00111039 -0.00274784 0.999995 -0.0810488 0.00428842 -0.349554
FixedParameters: 0 0 0

#Transform 31
Transform: AffineTransform_float_3_3
Parameters: 1 0.000164338 -0.00107897 -0.000161178 0.999997 0.00272718 0.0010791 -0.00272682 0.999995 -0.112638 0.161116 -0.335017
FixedParameters: 0 0 0

#Transform 32
Transform: AffineTransform_float_3_3
Parameters: 0.999999 0.000231297 -0.000958837 -0.000229258 0.999998 0.00203122 0.000958524 -0.00203078 0.999997 -0.10198 -0.0249057 -0.425057
FixedParameters: 0 0 0

#Transform 33
Transform: AffineTransform_float_3_3
Parameters: 1 -4.06179e-05 -0.000434004 3.92713e-05 0.999992 -0.00412302 0.000434219 0.00412299 0.999992 -0.0769522 -0.0405381 -0.718608
FixedParameters: 0 0 0

#Transform 34
Transform: AffineTransform_float_3_3
Parameters: 0.999999 0.000389286 -0.000676497 -0.000388617 1 -0.000148737 0.000675889 0.000149263 1 -0.0847299 0.0489146 -0.588228
FixedParameters: 0 0 0

#Transform 35
Transform: AffineTransform_float_3_3
Parameters: 1 0.000178269 -0.00104759 -0.000179105 1 1.64301e-05 0.00104809 -1.65707e-05 0.999999 -0.0971755 0.0310102 -0.568973
FixedParameters: 0 0 0

#Transform 36
Transform: AffineTransform_float_3_3
Parameters: 1 0.0001462 -0.00110417 -0.000146289 1 -4.0596e-05 0.00110416 4.04039e-05 0.999999 -0.0870288 0.127809 -0.498225
FixedParameters: 0 0 0

#Transform 37
Transform: AffineTransform_float_3_3
Parameters: 1 0.000146837 -0.00110408 -0.00014652 1 0.000537833 0.00110473 -0.000537167 1 -0.0901087 -0.0117925 -0.54305
FixedParameters: 0 0 0

#Transform 38
Transform: AffineTransform_float_3_3
Parameters: 1 0.000127641 -0.00113804 -0.000127307 1 0.000529574 0.00113867 -0.000528426 0.999999 -0.0897007 0.0817833 -0.541749
FixedParameters: 0 0 0

#Transform 39
Transform: AffineTransform_float_3_3
Parameters: 0.999999 6.09859e-05 -0.00125558 -6.10086e-05 1 0.000337748 0.00125612 -0.000337253 0.999999 -0.0977551 -0.0239681 -0.559842
FixedParameters: 0 0 0

#Transform 40
Transform: AffineTransform_float_3_3
Parameters: 1 0.000363278 -0.000976463 -0.000363236 0.999999 2.15972e-05 0.000976478 -2.14028e-05 0.999999 -0.0774226 -0.0047729 -0.550502
FixedParameters: 0 0 0

#Transform 41
Transform: AffineTransform_float_3_3
Parameters: 0.999999 0.000131556 -0.00126844 -0.000131081 0.999999 0.00106741 0.00126883 -0.00106759 0.999999 -0.0822914 0.056856 -0.536173
FixedParameters: 0 0 0

#Transform 42
Transform: AffineTransform_float_3_3
Parameters: 1 0.0001413 -0.00111449 -0.000140734 1 0.0008654 0.00111435 -0.000865601 0.999999 -0.0828982 -0.0300218 -0.514934
FixedParameters: 0 0 0

#Transform 43
Transform: AffineTransform_float_3_3
Parameters: 0.999999 -5.15955e-05 -0.00145671 5.25454e-05 0.999999 0.00109217 0.00145671 -0.00109283 0.999998 -0.0839693 0.0596063 -0.514926
FixedParameters: 0 0 0

#Transform 44
Transform: AffineTransform_float_3_3
Parameters: 1 0.000142317 -0.00111274 -0.000141193 1 0.000895401 0.00111349 -0.0008956 0.999999 -0.0859314 -0.00376577 -0.551987
FixedParameters: 0 0 0

#Transform 45
Transform: AffineTransform_float_3_3
Parameters: 1 0.000114095 -0.00116404 -0.000112671 0.999998 0.0015708 0.00116451 -0.0015702 0.999998 -0.0847606 -0.000121248 -0.568555
FixedParameters: 0 0 0

#Transform 46
Transform: AffineTransform_float_3_3
Parameters: 0.999998 0.000471993 -0.00156853 -0.000470074 0.999999 0.00104622 0.00156914 -0.00104578 0.999998 -0.0919015 0.0348857 -0.602578
FixedParameters: 0 0 0

#Transform 47
Transform: AffineTransform_float_3_3
Parameters: 0.999999 -2.39429e-05 -0.00140619 2.39482e-05 1 0.000486638 0.00140579 -0.000486363 0.999999 -0.0903305 -0.0665621 -0.658567
FixedParameters: 0 0 0

#Transform 48
Transform: AffineTransform_float_3_3
Parameters: 0.999999 5.09193e-05 -0.00127215 -5.10007e-05 1 -0.000225264 0.001273 0.000225736 1 -0.0903477 0.0224992 -0.65997
FixedParameters: 0 0 0

#Transform 49
Transform: AffineTransform_float_3_3
Parameters: 0.999999 0.000452598 -0.00173763 -0.000451097 0.999999 0.0012167 0.00173797 -0.0012153 0.999998 -0.0952894 -0.0229858 -0.592817
FixedParameters: 0 0 0

#Transform 50
Transform: AffineTransform_float_3_3
Parameters: 0.999999 0.000148944 -0.00150413 -0.000148203 1 0.000246894 0.0015042 -0.000246105 0.999999 -0.0823497 0.0708582 -0.556402
FixedParameters: 0 0 0

#Transform 51
Transform: AffineTransform_float_3_3
Parameters: 0.999999 6.80532e-05 -0.00145782 -6.68315e-05 1 0.000886341 0.00145756 -0.000886659 0.999999 -0.0886451 -0.0065408 -0.580459
FixedParameters: 0 0 0

#Transform 52
Transform: AffineTransform_float_3_3
Parameters: 0.999998 0.000254919 -0.00156232 -0.000252969 0.999998 0.00177464 0.00156295 -0.00177436 0.999997 -0.0961736 -0.00730786 -0.583011
FixedParameters: 0 0 0

#Transform 53
Transform: AffineTransform_float_3_3
Parameters: 0.999999 0.000251819 -0.00133338 -0.000250018 0.999999 0.00169758 0.00133348 -0.00169742 0.999998 -0.0811053 0.0529085 -0.587252
FixedParameters: 0 0 0

#Transform 54
Transform: AffineTransform_float_3_3
Parameters: 0.999998 0.000277073 -0.00157517 -0.00027471 0.999999 0.00145868 0.00157609 -0.00145832 0.999998 -0.0909751 -0.0512879 -0.595289
FixedParameters: 0 0 0

#Transform 55
Transform: AffineTransform_float_3_3
Parameters: 0.999998 0.000408701 -0.00164931 -0.000406423 0.999999 0.00151692 0.00164979 -0.00151609 0.999997 -0.10237 0.0546673 -0.592648
FixedParameters: 0 0 0

#Transform 56
Transform: AffineTransform_float_3_3
Parameters: 0.999999 1.02945e-05 -0.00181844 -6.98838e-06 0.999999 0.0015225 0.00181859 -0.0015235 0.999997 -0.086079 -0.0638711 -0.579877
FixedParameters: 0 0 0

#Transform 57
Transform: AffineTransform_float_3_3
Parameters: 0.999998 0.00018275 -0.00160386 -0.000179379 0.999998 0.00217153 0.00160439 -0.00217147 0.999996 -0.0866647 0.0257205 -0.583343
FixedParameters: 0 0 0

#Transform 58
Transform: AffineTransform_float_3_3
Parameters: 0.999999 0.000339064 -0.00180162 -0.000335468 0.999998 0.00161709 0.00180283 -0.00161691 0.999997 -0.0957582 -0.0372582 -0.595991
FixedParameters: 0 0 0

#Transform 59
Transform: AffineTransform_float_3_3
Parameters: 0.999998 0.00035443 -0.0019295 -0.000351827 0.999998 0.0017346 0.00192959 -0.00173341 0.999997 -0.096138 -0.0403791 -0.54584
FixedParameters: 0 0 0

#Transform 60
Transform: AffineTransform_float_3_3
Parameters: 0.999998 0.000323856 -0.00189255 -0.000320319 0.999998 0.0018841 0.0018935 -0.00188391 0.999997 -0.089365 0.0730756 -0.528611
FixedParameters: 0 0 0

#Transform 61
Transform: AffineTransform_float_3_3
Parameters: 0.999998 0.000312946 -0.00188246 -0.000308566 0.999997 0.0022495 0.00188272 -0.0022485 0.999996 -0.0876123 -0.0435208 -0.50582
FixedParameters: 0 0 0

#Transform 62
Transform: AffineTransform_float_3_3
Parameters: 0.999998 0.000406832 -0.00195816 -0.00040349 0.999999 0.00154928 0.00195866 -0.00154872 0.999997 -0.0795012 0.0503858 -0.553947
FixedParameters: 0 0 0

#Transform 63
Transform: AffineTransform_float_3_3
Parameters: 0.999998 0.000256259 -0.00207574 -0.000248206 0.999994 0.00367101 0.00207706 -0.00367099 0.999991 -0.0883618 0.00353715 -0.0955005
FixedParameters: 0 0 0

#Transform 64
Transform: AffineTransform_float_3_3
Parameters: 0.999998 0.000355591 -0.00194543 -0.000350309 0.999997 0.0022816 0.00194678 -0.0022804 0.999996 -0.0702871 0.144315 -0.428092
FixedParameters: 0 0 0

#Transform 65
Transform: AffineTransform_float_3_3
Parameters: 0.999997 0.000517673 -0.0026484 -0.000510654 0.999996 0.00277576 0.00264986 -0.00277424 0.999993 -0.0678148 0.227912 -0.405883
FixedParameters: 0 0 0

#Transform 66
Transform: AffineTransform_float_3_3
Parameters: 0.999998 7.55084e-05 -0.00230819 -6.97461e-05 0.999996 0.00269951 0.00230892 -0.00269849 0.999994 -0.0937151 -0.0468713 -0.50553
FixedParameters: 0 0 0

#Transform 67
Transform: AffineTransform_float_3_3
Parameters: 0.999995 0.000369637 -0.0029052 -0.000365551 0.999999 0.00140747 0.0029051 -0.00140653 0.999995 -0.106592 0.116578 -0.622056
FixedParameters: 0 0 0

#Transform 68
Transform: AffineTransform_float_3_3
Parameters: 0.999995 0.000370158 -0.00290756 -0.00036431 0.999998 0.00209271 0.00290808 -0.00209229 0.999994 -0.110216 0.0308282 -0.666152
FixedParameters: 0 0 0

#Transform 69
Transform: AffineTransform_float_3_3
Parameters: 0.999995 0.00028911 -0.00291338 -0.00028354 0.999998 0.00219023 0.00291411 -0.00218977 0.999993 -0.117547 0.0571571 -0.719194
FixedParameters: 0 0 0

#Transform 70
Transform: AffineTransform_float_3_3
Parameters: 0.999995 0.000348596 -0.00294671 -0.000341553 0.999997 0.00226766 0.00294725 -0.00226734 0.999993 -0.125671 0.0714667 -0.768809
FixedParameters: 0 0 0

#Transform 71
Transform: AffineTransform_float_3_3
Parameters: 0.999995 0.000355377 -0.0029459 -0.000341962 0.99999 0.00456942 0.00294754 -0.00456857 0.999985 -0.121778 0.0688629 -0.653619
FixedParameters: 0 0 0

#Transform 72
Transform: AffineTransform_float_3_3
Parameters: 0.999995 0.000718456 -0.00308279 -0.000707281 0.999994 0.00358041 0.00308487 -0.00357859 0.999989 -0.133065 0.0874567 -0.679041
FixedParameters: 0 0 0

#Transform 73
Transform: AffineTransform_float_3_3
Parameters: 0.999995 0.000551625 -0.00329788 -0.000540427 0.999993 0.00348311 0.00329915 -0.00348089 0.999989 -0.125667 -0.0109497 -0.748394
FixedParameters: 0 0 0

#Transform 74
Transform: AffineTransform_float_3_3
Parameters: 0.999994 0.000129291 -0.00366489 -0.000104343 0.999977 0.00677017 0.0036655 -0.00676983 0.999971 -0.0880742 0.0457903 -0.343569
FixedParameters: 0 0 0

#Transform 75
Transform: AffineTransform_float_3_3
Parameters: 0.999992 0.000191025 -0.00394008 -0.000158082 0.999964 0.0085071 0.00394166 -0.0085059 0.999956 -0.0814035 0.210298 -0.329687
FixedParameters: 0 0 0

#Transform 76
Transform: AffineTransform_float_3_3
Parameters: 0.999993 0.000358524 -0.00376632 -0.000341984 0.99999 0.00440087 0.00376847 -0.00440012 0.999983 -0.0991385 0.093252 -0.615563
FixedParameters: 0 0 0

#Transform 77
Transform: AffineTransform_float_3_3
Parameters: 0.999992 0.000985529 -0.00391039 -0.000972825 0.999994 0.00319301 0.00391324 -0.00318999 0.999987 -0.127456 0.176163 -0.677654
FixedParameters: 0 0 0

#Transform 78
Transform: AffineTransform_float_3_3
Parameters: 0.999992 0.000741844 -0.0039443 -0.000728962 0.999995 0.00323603 0.00394702 -0.00323297 0.999987 -0.132184 0.116289 -0.740202
FixedParameters: 0 0 0

#Transform 79
Transform: AffineTransform_float_3_3
Parameters: 0.999989 0.000894868 -0.00444214 -0.000886802 0.999998 0.00183024 0.00444312 -0.00182576 0.999989 -0.15268 0.121811 -0.494636
FixedParameters: 0 0 0

#Transform 80
Transform: AffineTransform_float_3_3
Parameters: 0.99999 0.000952353 -0.00434859 -0.00093867 0.999995 0.00308472 0.00435151 -0.00308027 0.999985 -0.170556 0.0271909 -0.473728
FixedParameters: 0 0 0

#Transform 81
Transform: AffineTransform_float_3_3
Parameters: 0.999981 0.00185278 -0.00584136 -0.00182747 0.999989 0.00431093 0.00584954 -0.00430006 0.999974 -0.192553 -0.298529 -0.23024
FixedParameters: 0 0 0

#Transform 82
Transform: AffineTransform_float_3_3
Parameters: 0.999971 0.00410186 -0.00630105 -0.00406071 0.999971 0.0065725 0.00632763 -0.00654651 0.999959 -0.259104 -0.337121 -0.258798
FixedParameters: 0 0 0

#Transform 83
Transform: AffineTransform_float_3_3
Parameters: 0.999968 0.00490918 -0.00628379 -0.00486648 0.999964 0.00684794 0.00631654 -0.00681706 0.999957 -0.187612 -0.140071 -0.580674
FixedParameters: 0 0 0

#Transform 84
Transform: AffineTransform_float_3_3
Parameters: 0.999988 0.00056718 -0.00497514 -0.000525577 0.999966 0.00825309 0.00497952 -0.00824989 0.999953 -0.12305 0.0657301 -0.452459
FixedParameters: 0 0 0

#Transform 85
Transform: AffineTransform_float_3_3
Parameters: 0.999987 0.000668255 -0.00510286 -0.000612775 0.999939 0.0109931 0.00511 -0.0109899 0.999927 -0.0769082 0.341031 -0.148031
FixedParameters: 0 0 0

#Transform 86
Transform: AffineTransform_float_3_3
Parameters: 0.999988 0.00106502 -0.00463954 -0.00102015 0.999954 0.00951493 0.00464951 -0.00951005 0.999943 -0.13081 0.335231 -0.458995
FixedParameters: 0 0 0

#Transform 87
Transform: AffineTransform_float_3_3
Parameters: 0.999985 0.00116505 -0.00546999 -0.00112568 0.999972 0.007277 0.00547842 -0.00727099 0.999958 -0.145954 0.481437 -0.719278
FixedParameters: 0 0 0

#Transform 88
Transform: AffineTransform_float_3_3
Parameters: 0.999988 0.00170645 -0.00461853 -0.0016891 0.999992 0.0036089 0.00462487 -0.0036011 0.999983 -0.154849 0.435436 -0.845342
FixedParameters: 0 0 0

#Transform 89
Transform: AffineTransform_float_3_3
Parameters: 0.999989 0.00132665 -0.00438651 -0.00130137 0.999982 0.00588677 0.00439392 -0.00588124 0.999973 -0.152226 0.397289 -0.905822
FixedParameters: 0 0 0

#Transform 90
Transform: AffineTransform_float_3_3
Parameters: 0.999989 0.00102555 -0.00458229 -0.000996736 0.99998 0.00630573 0.00458847 -0.00630127 0.99997 -0.161193 0.350213 -1.00408
FixedParameters: 0 0 0

#Transform 91
Transform: AffineTransform_float_3_3
Parameters: 0.999986 0.00110817 -0.00507115 -0.00106578 0.999964 0.00841477 0.00508045 -0.00840923 0.999952 -0.206466 0.111575 -1.29267
FixedParameters: 0 0 0

#Transform 92
Transform: AffineTransform_float_3_3
Parameters: 0.99999 0.00116354 -0.0042148 -0.00111003 0.999921 0.012575 0.00422951 -0.01257 0.999912 -0.182624 0.394605 -0.845021
FixedParameters: 0 0 0

#Transform 93
Transform: AffineTransform_float_3_3
Parameters: 0.999986 0.000747231 -0.00520054 -0.000711998 0.999977 0.00677091 0.00520505 -0.0067671 0.999964 -0.17282 0.377709 -0.898789
FixedParameters: 0 0 0

#Transform 94
Transform: AffineTransform_float_3_3
Parameters: 0.999983 0.00103168 -0.00563737 -0.000997513 0.999982 0.00587689 0.00564332 -0.00587111 0.999967 -0.18664 0.384537 -0.900015
FixedParameters: 0 0 0

#Transform 95
Transform: AffineTransform_float_3_3
Parameters: 0.999985 0.00123203 -0.00547262 -0.00119863 0.99998 0.00627697 0.00548028 -0.00627104 0.999965 -0.195408 0.430132 -0.927218
FixedParameters: 0 0 0

#Transform 96
Transform: AffineTransform_float_3_3
Parameters: 0.999983 0.0010556 -0.00561333 -0.00101854 0.999978 0.00660056 0.00562041 -0.00659544 0.999962 -0.203584 0.482322 -1.06982
FixedParameters: 0 0 0

#Transform 97
Transform: AffineTransform_float_3_3
Parameters: 0.999986 0.00183853 -0.00493628 -0.00181402 0.999986 0.00497932 0.00494542 -0.00496968 0.999975 -0.197895 0.533999 -0.978069
FixedParameters: 0 0 0

#Transform 98
Transform: AffineTransform_float_3_3
Parameters: 0.999985 0.00194278 -0.00514742 -0.00191276 0.999981 0.00583728 0.00515936 -0.00582771 0.99997 -0.199903 0.463741 -1.02254
FixedParameters: 0 0 0

#Transform 99
Transform: AffineTransform_float_3_3
Parameters: 0.999984 0.00173269 -0.0052772 -0.00169307 0.999972 0.00737583 0.00528964 -0.00736717 0.999959 -0.19619 0.409928 -1.13058
FixedParameters: 0 0 0

#Transform 100
Transform: AffineTransform_float_3_3
Parameters: 0.999987 0.000885315 -0.0051529 -0.000846018 0.99997 0.0076229 0.0051596 -0.00761809 0.999957 -0.190988 0.392131 -1.20115
FixedParameters: 0 0 0

#Transform 101
Transform: AffineTransform_float_3_3
Parameters: 0.999986 0.00152644 -0.00506323 -0.0014878 0.99997 0.0075776 0.00507548 -0.00757039 0.999958 -0.190442 0.358756 -1.16812
FixedParameters: 0 0 0

#Transform 102
Transform: AffineTransform_float_3_3
Parameters: 0.999985 0.00108246 -0.00540923 -0.0010403 0.999969 0.00782324 0.00541771 -0.00781776 0.999954 -0.199699 0.339024 -1.24947
FixedParameters: 0 0 0

#Transform 103
Transform: AffineTransform_float_3_3
Parameters: 0.999988 0.00143839 -0.00482 -0.0014052 0.999975 0.00697258 0.00483037 -0.00696641 0.999964 -0.201244 0.316014 -1.23171
FixedParameters: 0 0 0

#Transform 104
Transform: AffineTransform_float_3_3
Parameters: 0.999988 0.0016373 -0.00464533 -0.00159887 0.999966 0.00815501 0.00465841 -0.00814699 0.999956 -0.208116 0.393297 -1.19029
FixedParameters: 0 0 0

#Transform 105
Transform: AffineTransform_float_3_3
Parameters: 0.999986 0.00150771 -0.00504356 -0.00146778 0.999968 0.00786991 0.005056 -0.00786209 0.999957 -0.196529 0.384488 -1.13469
FixedParameters: 0 0 0

#Transform 106
Transform: AffineTransform_float_3_3
Parameters: 0.999986 0.00135236 -0.00500267 -0.0013117 0.999965 0.00823149 0.00501375 -0.00822451 0.999954 -0.196866 0.371817 -0.999732
FixedParameters: 0 0 0

#Transform 107
Transform: AffineTransform_float_3_3
Parameters: 0.999986 0.00149199 -0.00493917 -0.00145123 0.999964 0.00830843 0.0049514 -0.00830057 0.999953 -0.199555 0.345983 -0.973721
FixedParameters: 0 0 0

#Transform 108
Transform: AffineTransform_float_3_3
Parameters: 0.99998 0.00158675 -0.00600776 -0.00154571 0.999976 0.00681703 0.00601777 -0.00680798 0.999959 -0.237722 0.521449 -1.05025
FixedParameters: 0 0 0

#Transform 109
Transform: AffineTransform_float_3_3
Parameters: 0.999987 0.00129041 -0.00493662 -0.00124743 0.999961 0.00871385 0.0049475 -0.00870715 0.99995 -0.193242 0.470163 -0.939729
FixedParameters: 0 0 0

#Transform 110
Transform: AffineTransform_float_3_3
Parameters: 0.999986 0.00142826 -0.00508691 -0.0013793 0.999952 0.00962454 0.00510031 -0.00961745 0.99994 -0.191407 0.27583 -0.962613
FixedParameters: 0 0 0

#Transform 111
Transform: AffineTransform_float_3_3
Parameters: 0.999985 0.00123908 -0.00523271 -0.00118595 0.999948 0.0101362 0.00524477 -0.0101298 0.999935 -0.193003 0.412089 -1.03568
FixedParameters: 0 0 0

#Transform 112
Transform: AffineTransform_float_3_3
Parameters: 0.999983 0.00183222 -0.00557793 -0.0017833 0.999961 0.0086636 0.00559378 -0.00865439 0.999947 -0.223838 0.380899 -0.859449
FixedParameters: 0 0 0

#Transform 113
Transform: AffineTransform_float_3_3
Parameters: 0.999985 0.00132521 -0.00529509 -0.00128157 0.999965 0.00826897 0.00530591 -0.00826202 0.999952 -0.216335 0.42305 -0.857144
FixedParameters: 0 0 0

#Transform 114
Transform: AffineTransform_float_3_3
Parameters: 0.999984 0.00109396 -0.00555146 -0.00105185 0.999971 0.00761846 0.00555968 -0.00761255 0.999955 -0.219761 0.604521 -0.853085
FixedParameters: 0 0 0

#Transform 115
Transform: AffineTransform_float_3_3
Parameters: 0.999986 0.00120826 -0.00501997 -0.00115938 0.999953 0.00964954 0.00503095 -0.00964347 0.999941 -0.214533 0.393236 -0.914874
FixedParameters: 0 0 0

#Transform 116
Transform: AffineTransform_float_3_3
Parameters: 0.999984 0.00101234 -0.00554351 -0.000966811 0.999965 0.00826208 0.00555148 -0.00825592 0.999951 -0.231109 0.378622 -0.911303
FixedParameters: 0 0 0

#Transform 117
Transform: AffineTransform_float_3_3
Parameters: 0.999982 0.00109637 -0.00586701 -0.00105833 0.999979 0.00639973 0.00587419 -0.00639327 0.999962 -0.181316 0.542992 -0.670566
FixedParameters: 0 0 0

#Transform 118
Transform: AffineTransform_float_3_3
Parameters: 0.999967 0.00182955 -0.00789566 -0.00177736 0.999977 0.00657954 0.00790723 -0.00656547 0.999948 -0.323814 0.482374 -0.815037
FixedParameters: 0 0 0

#Transform 119
Transform: AffineTransform_float_3_3
Parameters: 0.999957 0.00335478 -0.00855936 -0.00329709 0.999972 0.00665926 0.00858137 -0.00663073 0.999941 -0.383206 0.229048 -0.862954
FixedParameters: 0 0 0

#Transform 120
Transform: AffineTransform_float_3_3
Parameters: 0.999954 0.00491023 -0.00831043 -0.00483158 0.999943 0.00947586 0.00835644 -0.00943414 0.999921 -0.314095 0.116529 -0.516797
FixedParameters: 0 0 0

#Transform 121
Transform: AffineTransform_float_3_3
Parameters: 0.999932 0.00770618 -0.00867636 -0.00765287 0.999951 0.00625028 0.00872361 -0.00618372 0.999943 -0.297171 0.192546 -0.657801
FixedParameters: 0 0 0

#Transform 122
Transform: AffineTransform_float_3_3
Parameters: 0.99998 0.00164173 -0.00609637 -0.00156754 0.999925 0.0121361 0.00611626 -0.0121259 0.999908 -0.108327 0.382651 -0.802245
FixedParameters: 0 0 0

#Transform 123
Transform: AffineTransform_float_3_3
Parameters: 0.99998 0.000114412 -0.0062082 -5.724e-05 0.999957 0.00925851 0.00620917 -0.00925849 0.999938 -0.124671 0.21325 -1.44886
FixedParameters: 0 0 0

#Transform 124
Transform: AffineTransform_float_3_3
Parameters: 0.999984 0.00121142 -0.0055368 -0.00113115 0.999894 0.0145482 0.00555354 -0.0145418 0.999879 -0.133852 0.475283 -0.796262
FixedParameters: 0 0 0

#Transform 125
Transform: AffineTransform_float_3_3
Parameters: 0.999976 0.00194675 -0.00675441 -0.00186937 0.999933 0.011402 0.00677586 -0.011389 0.999912 -0.167159 0.745025 -0.990926
FixedParameters: 0 0 0

#Transform 126
Transform: AffineTransform_float_3_3
Parameters: 0.999974 0.0019916 -0.006949 -0.00191969 0.999946 0.0102649 0.00696947 -0.0102511 0.999923 -0.172966 0.675258 -1.09838
FixedParameters: 0 0 0

#Transform 127
Transform: AffineTransform_float_3_3
Parameters: 0.999976 0.00190396 -0.00658791 -0.00182849 0.999932 0.0114411 0.00660893 -0.0114289 0.999913 -0.183315 0.676464 -1.23641
FixedParameters: 0 0 0

#Transform 128
Transform: AffineTransform_float_3_3
Parameters: 0.999975 0.00214563 -0.00675225 -0.0020768 0.999946 0.0102049 0.00677467 -0.0101901 0.999925 -0.17433 0.593033 -1.02517
FixedParameters: 0 0 0

#Transform 129
Transform: AffineTransform_float_3_3
Parameters: 0.999974 0.00228344 -0.00673956 -0.00221115 0.99994 0.0107274 0.00676324 -0.0107116 0.99992 -0.162633 0.685651 -1.05218
FixedParameters: 0 0 0

#Transform 130
Transform: AffineTransform_float_3_3
Parameters: 0.999977 0.00175137 -0.00662466 -0.0016796 0.999939 0.0108486 0.00664406 -0.0108374 0.999919 -0.160364 0.610937 -0.964381
FixedParameters: 0 0 0

#Transform 131
Transform: AffineTransform_float_3_3
Parameters: 0.999971 0.00202836 -0.00740853 -0.00196091 0.999957 0.00905549 0.00742611 -0.0090405 0.999932 -0.172656 0.659396 -1.08926
FixedParameters: 0 0 0

#Transform 132
Transform: AffineTransform_float_3_3
Parameters: 0.999969 0.00277819 -0.00737212 -0.00271187 0.999957 0.00891965 0.00739706 -0.00889936 0.999934 -0.186636 0.69323 -0.489192
FixedParameters: 0 0 0

#Transform 133
Transform: AffineTransform_float_3_3
Parameters: 0.999971 0.00132066 -0.00740884 -0.0011626 0.999772 0.0213289 0.00743545 -0.0213201 0.999744 -0.179359 0.643937 0.0775749
FixedParameters: 0 0 0

#Transform 134
Transform: AffineTransform_float_3_3
Parameters: 0.999967 0.00264827 -0.00765662 -0.00254199 0.999899 0.0139376 0.00769323 -0.0139174 0.999874 -0.190243 0.832993 -0.299516
FixedParameters: 0 0 0

#Transform 135
Transform: AffineTransform_float_3_3
Parameters: 0.999959 0.00284959 -0.00866916 -0.00275392 0.999935 0.0110252 0.00869995 -0.0110008 0.999902 -0.212306 0.953989 -0.615348
FixedParameters: 0 0 0

#Transform 136
Transform: AffineTransform_float_3_3
Parameters: 0.999965 0.00300988 -0.00779107 -0.00293179 0.999946 0.00998686 0.00782073 -0.00996313 0.99992 -0.207464 0.887284 -0.48471
FixedParameters: 0 0 0

#Transform 137
Transform: AffineTransform_float_3_3
Parameters: 0.999966 0.0028691 -0.0077494 -0.00278484 0.999937 0.010843 0.00778003 -0.0108209 0.999911 -0.209416 0.880461 -0.500346
FixedParameters: 0 0 0

#Transform 138
Transform: AffineTransform_float_3_3
Parameters: 0.999967 0.00286496 -0.00768715 -0.00277878 0.999934 0.0110864 0.00771817 -0.0110656 0.999909 -0.209148 0.814998 -0.575951
FixedParameters: 0 0 0

#Transform 139
Transform: AffineTransform_float_3_3
Parameters: 0.999966 0.00270579 -0.00772485 -0.00261614 0.999929 0.0116009 0.00775576 -0.0115801 0.999903 -0.21535 0.834224 -0.678124
FixedParameters: 0 0 0

#Transform 140
Transform: AffineTransform_float_3_3
Parameters: 0.99997 0.00241475 -0.00743074 -0.00232665 0.999927 0.0118231 0.00745947 -0.0118049 0.999902 -0.20149 0.785895 -0.893369
FixedParameters: 0 0 0

#Transform 141
Transform: AffineTransform_float_3_3
Parameters: 0.999969 0.00254175 -0.00755066 -0.00245149 0.999925 0.0120234 0.00758086 -0.0120046 0.9999 -0.205881 0.814489 -0.681112
FixedParameters: 0 0 0

#Transform 142
Transform: AffineTransform_float_3_3
Parameters: 0.999968 0.00246291 -0.00754851 -0.00237253 0.999925 0.0120018 0.00757759 -0.0119842 0.999899 -0.213535 0.820056 -0.693563
FixedParameters: 0 0 0

#Transform 143
Transform: AffineTransform_float_3_3
Parameters: 0.999969 0.00248542 -0.00755728 -0.00238979 0.999919 0.0125467 0.00758786 -0.0125283 0.999892 -0.214035 0.803506 -0.674006
FixedParameters: 0 0 0

#Transform 144
Transform: AffineTransform_float_3_3
Parameters: 0.999968 0.00243539 -0.00752986 -0.00234097 0.999919 0.0125367 0.00756052 -0.0125183 0.999893 -0.205888 0.764566 -0.674663
FixedParameters: 0 0 0

#Transform 145
Transform: AffineTransform_float_3_3
Parameters: 0.999969 0.00248271 -0.00755818 -0.00239064 0.999923 0.0121884 0.00758824 -0.0121696 0.999898 -0.214177 0.76941 -0.67548
FixedParameters: 0 0 0

#Transform 146
Transform: AffineTransform_float_3_3
Parameters: 0.999968 0.00246484 -0.00754404 -0.00236733 0.999915 0.0128399 0.00757561 -0.0128211 0.999889 -0.214024 0.858909 -0.610098
FixedParameters: 0 0 0

#Transform 147
Transform: AffineTransform_float_3_3
Parameters: 0.999967 0.00223589 -0.007895 -0.00213464 0.999914 0.012871 0.00792287 -0.012853 0.999886 -0.213917 0.882252 -0.777769
FixedParameters: 0 0 0

#Transform 148
Transform: AffineTransform_float_3_3
Parameters: 0.999965 0.00290486 -0.00776972 -0.00282677 0.999944 0.010125 0.00779907 -0.010103 0.999918 -0.199929 1.01648 -0.842338
FixedParameters: 0 0 0

#Transform 149
Transform: AffineTransform_float_3_3
Parameters: 0.999967 0.00258037 -0.00772786 -0.00248508 0.999922 0.0122483 0.00775931 -0.0122287 0.999895 -0.203321 0.922136 -0.696432
FixedParameters: 0 0 0

#Transform 150
Transform: AffineTransform_float_3_3
Parameters: 0.999968 0.00270445 -0.0075497 -0.00261252 0.999922 0.0122312 0.00758229 -0.0122108 0.999897 -0.206385 0.843593 -0.682102
FixedParameters: 0 0 0

#Transform 151
Transform: AffineTransform_float_3_3
Parameters: 0.999967 0.00268994 -0.00765605 -0.00259234 0.999916 0.0126973 0.00768954 -0.0126767 0.99989 -0.198918 0.757303 -0.5209
FixedParameters: 0 0 0

#Transform 152
Transform: AffineTransform_float_3_3
Parameters: 0.999959 0.00271058 -0.00863769 -0.00260452 0.99992 0.0123151 0.00867051 -0.0122919 0.999887 -0.2091 0.891625 -0.610485
FixedParameters: 0 0 0

#Transform 153
Transform: AffineTransform_float_3_3
Parameters: 0.999957 0.00219484 -0.0089859 -0.00209495 0.999936 0.0111034 0.0090095 -0.0110836 0.999898 -0.19035 1.06713 -0.711121
FixedParameters: 0 0 0

#Transform 154
Transform: AffineTransform_float_3_3
Parameters: 0.999963 0.00226116 -0.00821066 -0.00217581 0.999943 0.0104204 0.00823304 -0.0104016 0.999912 -0.16677 0.79739 -0.690587
FixedParameters: 0 0 0

#Transform 155
Transform: AffineTransform_float_3_3
Parameters: 0.99996 0.00262232 -0.00852781 -0.00255375 0.999964 0.00807393 0.00854891 -0.00805205 0.999931 -0.154304 0.440143 -0.518291
FixedParameters: 0 0 0

#Transform 156
Transform: AffineTransform_float_3_3
Parameters: 0.999938 0.00335213 -0.0106334 -0.0032332 0.999932 0.0112164 0.0106703 -0.0111816 0.999881 -0.124627 0.15278 -0.598658
FixedParameters: 0 0 0

#Transform 157
Transform: AffineTransform_float_3_3
Parameters: 0.999926 0.00528443 -0.0109594 -0.00507328 0.999803 0.019224 0.0110585 -0.019167 0.999755 -0.100111 0.122923 -0.168729
FixedParameters: 0 0 0

#Transform 158
Transform: AffineTransform_float_3_3
Parameters: 0.999902 0.00502758 -0.0130164 -0.00462181 0.999508 0.0310018 0.0131655 -0.0309391 0.999435 -0.0709415 0.397255 0.0527561
FixedParameters: 0 0 0

#Transform 159
Transform: AffineTransform_float_3_3
Parameters: 0.999894 0.00364622 -0.0140454 -0.00309667 0.999236 0.0389645 0.0141768 -0.0389165 0.999142 0.14662 0.485017 -0.332466
FixedParameters: 0 0 0

#Transform 160
Transform: AffineTransform_float_3_3
Parameters: 0.999938 0.00230615 -0.0109428 -0.00214478 0.99989 0.014662 0.0109755 -0.014637 0.999832 0.372516 0.615724 -0.891927
FixedParameters: 0 0 0

#Transform 161
Transform: AffineTransform_float_3_3
Parameters: 0.999932 0.000797377 -0.0116919 -0.000547811 0.999772 0.0213559 0.011707 -0.0213481 0.999703 0.374967 1.19805 -0.269272
FixedParameters: 0 0 0

#Transform 162
Transform: AffineTransform_float_3_3
Parameters: 0.999922 0.0019242 -0.0123362 -0.00175421 0.999904 0.013764 0.012361 -0.013741 0.999829 0.291695 1.24322 -0.798877
FixedParameters: 0 0 0

#Transform 163
Transform: AffineTransform_float_3_3
Parameters: 0.999935 0.00207414 -0.0112696 -0.00190055 0.99988 0.0153515 0.0112996 -0.0153285 0.999819 0.236766 1.1333 -1.05845
FixedParameters: 0 0 0

#Transform 164
Transform: AffineTransform_float_3_3
Parameters: 0.999925 0.00167108 -0.0120737 -0.00144693 0.999827 0.018544 0.0121031 -0.0185249 0.999755 0.207138 1.3343 -1.11295
FixedParameters: 0 0 0

#Transform 165
Transform: AffineTransform_float_3_3
Parameters: 0.999943 0.00179155 -0.0104782 -0.00159787 0.999829 0.0184423 0.0105098 -0.0184247 0.999775 0.194463 1.0815 -1.12941
FixedParameters: 0 0 0

#Transform 166
Transform: AffineTransform_float_3_3
Parameters: 0.999944 0.00171275 -0.0105019 -0.00150002 0.999794 0.0202238 0.0105343 -0.0202072 0.99974 0.163019 1.06593 -1.17672
FixedParameters: 0 0 0

#Transform 167
Transform: AffineTransform_float_3_3
Parameters: 0.99995 0.00186696 -0.00987265 -0.00168164 0.999822 0.0188137 0.00990597 -0.0187953 0.999774 0.146609 1.02538 -1.24374
FixedParameters: 0 0 0

#Transform 168
Transform: AffineTransform_float_3_3
Parameters: 0.999939 0.00107512 -0.0110482 -0.000826983 0.999749 0.022404 0.0110699 -0.022394 0.999688 0.140909 0.879016 -1.41844
FixedParameters: 0 0 0

#Transform 169
Transform: AffineTransform_float_3_3
Parameters: 0.999928 0.00111013 -0.0119275 -0.000760206 0.999569 0.0293537 0.0119547 -0.0293423 0.999498 0.0776208 0.959855 -1.66572
FixedParameters: 0 0 0

#Transform 170
Transform: AffineTransform_float_3_3
Parameters: 0.999925 0.00138701 -0.0121531 -0.00115354 0.999814 0.0192424 0.0121773 -0.0192266 0.999741 0.0031799 0.879061 -2.33822
FixedParameters: 0 0 0

#Transform 171
Transform: AffineTransform_float_3_3
Parameters: 0.999937 0.00175668 -0.0110238 -0.00151339 0.999755 0.022074 0.0110606 -0.022056 0.999695 -0.0292996 0.976217 -1.53676
FixedParameters: 0 0 0

#Transform 172
Transform: AffineTransform_float_3_3
Parameters: 0.999931 0.00230789 -0.0115102 -0.0020428 0.999732 0.0230433 0.0115601 -0.0230187 0.999668 -0.0309817 1.06403 -1.58917
FixedParameters: 0 0 0

#Transform 173
Transform: AffineTransform_float_3_3
Parameters: 0.999927 0.00244846 -0.0118769 -0.00218296 0.999749 0.0222994 0.0119279 -0.0222716 0.999681 -0.0487632 1.02301 -1.61649
FixedParameters: 0 0 0

#Transform 174
Transform: AffineTransform_float_3_3
Parameters: 0.999936 0.00264841 -0.0110007 -0.00238723 0.999717 0.0237009 0.01106 -0.0236732 0.999659 -0.0577587 0.980103 -1.4752
FixedParameters: 0 0 0

#Transform 175
Transform: AffineTransform_float_3_3
Parameters: 0.999935 0.00287492 -0.0110904 -0.00262512 0.999743 0.0225171 0.0111527 -0.0224859 0.999685 -0.0817082 1.02072 -1.25609
FixedParameters: 0 0 0

#Transform 176
Transform: AffineTransform_float_3_3
Parameters: 0.999941 0.00304896 -0.0104412 -0.0028044 0.999723 0.023352 0.0105093 -0.023321 0.999673 -0.0737272 0.935475 -1.08213
FixedParameters: 0 0 0

#Transform 177
Transform: AffineTransform_float_3_3
Parameters: 0.999938 0.00285318 -0.0108181 -0.00259955 0.999723 0.0233871 0.0108811 -0.0233579 0.999668 -0.0922227 1.00734 -0.938471
FixedParameters: 0 0 0

#Transform 178
Transform: AffineTransform_float_3_3
Parameters: 0.999938 0.00283731 -0.0108207 -0.00258516 0.999726 0.0232918 0.0108833 -0.0232623 0.99967 -0.0922638 1.0049 -0.920339
FixedParameters: 0 0 0

#Transform 179
Transform: AffineTransform_float_3_3
Parameters: 0.999937 0.00269099 -0.0108346 -0.00242509 0.999698 0.024447 0.0108971 -0.024419 0.999642 -0.0903305 1.02596 -0.927142
FixedParameters: 0 0 0

#Transform 180
Transform: AffineTransform_float_3_3
Parameters: 0.999939 0.00294468 -0.0105749 -0.00268804 0.999702 0.0242573 0.0106437 -0.0242267 0.99965 -0.0949832 0.995941 -0.958471
FixedParameters: 0 0 0

#Transform 181
Transform: AffineTransform_float_3_3
Parameters: 0.999935 0.00300974 -0.0110078 -0.00275469 0.999729 0.0230917 0.0110746 -0.0230603 0.999673 -0.0701385 1.03658 -1.06246
FixedParameters: 0 0 0

#Transform 182
Transform: AffineTransform_float_3_3
Parameters: 0.999929 0.0028749 -0.0115116 -0.00262465 0.999763 0.0216169 0.011571 -0.0215851 0.9997 -0.062827 1.01282 -1.11076
FixedParameters: 0 0 0

#Transform 183
Transform: AffineTransform_float_3_3
Parameters: 0.999933 0.00309881 -0.0111402 -0.00285044 0.999748 0.0222611 0.0112065 -0.0222269 0.99969 -0.0670508 0.92209 -1.04281
FixedParameters: 0 0 0

#Transform 184
Transform: AffineTransform_float_3_3
Parameters: 0.999938 0.00272269 -0.0107996 -0.0024628 0.999708 0.0240198 0.0108622 -0.0239922 0.999653 -0.0721104 0.940184 -1.07727
FixedParameters: 0 0 0

#Transform 185
Transform: AffineTransform_float_3_3
Parameters: 0.999939 0.00246965 -0.0108165 -0.00221831 0.999729 0.0231622 0.0108717 -0.0231368 0.999673 -0.0704234 0.834524 -0.677886
FixedParameters: 0 0 0

#Transform 186
Transform: AffineTransform_float_3_3
Parameters: 0.999939 0.00158274 -0.0109239 -0.0012405 0.999512 0.0312228 0.0109673 -0.0312072 0.999452 -0.0446298 0.96362 -0.851741
FixedParameters: 0 0 0

#Transform 187
Transform: AffineTransform_float_3_3
Parameters: 0.999931 0.00144804 -0.0116692 -0.00115737 0.999688 0.0249277 0.0117017 -0.0249123 0.999621 -0.0178759 0.919126 -1.49334
FixedParameters: 0 0 0

#Transform 188
Transform: AffineTransform_float_3_3
Parameters: 0.999922 0.00162761 -0.0124248 -0.00133814 0.999729 0.0232605 0.0124598 -0.0232425 0.999652 -0.0377082 0.893213 -1.58733
FixedParameters: 0 0 0

#Transform 189
Transform: AffineTransform_float_3_3
Parameters: 0.999925 0.00151102 -0.0121347 -0.00122181 0.999717 0.0237867 0.0121665 -0.0237703 0.999644 -0.0469604 0.923919 -1.59485
FixedParameters: 0 0 0

#Transform 190
Transform: AffineTransform_float_3_3
Parameters: 0.999926 0.00151843 -0.0120662 -0.00120872 0.999671 0.0256226 0.0121009 -0.0256065 0.9996 -0.0445001 0.909885 -1.71051
