#Insight Transform File V1.0
#Transform 0
Transform: AffineTransform_float_3_3
Parameters: 1 -0.000256028 0.00024817 0.000255889 1 9.73601e-05 -0.000248209 -9.81973e-05 1 0.0304887 0.0020181 0.0368355
FixedParameters: 0 0 0

#Transform 1
Transform: AffineTransform_float_3_3
Parameters: 0.999999 0.00102148 -0.000129987 -0.00102158 1 -0.000375206 0.00012922 0.000375221 1 -0.0019318 0.0559862 0.0437108
FixedParameters: 0 0 0

#Transform 2
Transform: AffineTransform_float_3_3
Parameters: 0.999996 0.00202136 -0.00184799 -0.00202451 0.999997 -0.00171453 0.0018446 0.0017185 0.999997 0.00455985 0.0171336 0.181937
FixedParameters: 0 0 0

#Transform 3
Transform: AffineTransform_float_3_3
Parameters: 0.999986 0.0042009 -0.00321076 -0.00419698 0.99999 0.00118774 0.00321633 -0.00117381 0.999994 -0.0590789 0.112632 0.0360452
FixedParameters: 0 0 0

#Transform 4
Transform: AffineTransform_float_3_3
Parameters: 0.999993 0.00289282 -0.0022378 -0.00288835 0.999994 0.00172423 0.00224246 -0.00171751 0.999996 -0.0255223 0.0532216 0.0616165
FixedParameters: 0 0 0

#Transform 5
Transform: AffineTransform_float_3_3
Parameters: 0.999997 0.00238215 -0.00076219 -0.0023822 0.999997 -8.2223e-06 0.00076259 1.01248e-05 1 -0.0150664 -0.0158082 -0.11303
FixedParameters: 0 0 0

#Transform 6
Transform: AffineTransform_float_3_3
Parameters: 0.99999 -0.000831264 -0.00451136 0.00086915 0.999964 0.0084595 0.00450432 -0.00846311 0.999954 -0.115805 -0.00553084 -0.192658
FixedParameters: 0 0 0

#Transform 7
Transform: AffineTransform_float_3_3
Parameters: 0.999993 0.000607246 -0.0034435 -0.00059503 0.999993 0.00361795 0.00344561 -0.00361525 0.999988 -0.0902776 0.0990287 -0.146014
FixedParameters: 0 0 0

#Transform 8
Transform: AffineTransform_float_3_3
Parameters: 0.999999 -2.90596e-05 -0.0017708 3.30981e-05 0.999998 0.00227844 0.00177054 -0.00227793 0.999996 0.0282427 -0.0189307 -0.192469
FixedParameters: 0 0 0

#Transform 9
Transform: AffineTransform_float_3_3
Parameters: 0.999999 0.000118716 -0.0012363 -0.000117321 0.999999 0.00139022 0.00123708 -0.00139047 0.999999 -0.035091 0.00545635 0.124085
FixedParameters: 0 0 0

#Transform 10
Transform: AffineTransform_float_3_3
Parameters: 1 0.000248642 -0.000643151 -0.000248615 0.999999 0.000788546 0.000643668 -0.000788137 0.999999 -0.00710145 -0.0161874 -0.0197166
FixedParameters: 0 0 0

#Transform 11
Transform: AffineTransform_float_3_3
Parameters: 0.999999 0.00120227 -0.000163996 -0.00120208 0.999999 0.00132888 0.00016524 -0.00132869 0.999999 0.0193733 -0.0868765 -0.0555861
FixedParameters: 0 0 0

#Transform 12
Transform: AffineTransform_float_3_3
Parameters: 0.999999 0.000780723 -0.00105454 -0.000779354 0.999999 0.00121911 0.0010556 -0.00121832 0.999999 -0.0605039 -0.0412624 -0.130106
FixedParameters: 0 0 0

#Transform 13
Transform: AffineTransform_float_3_3
Parameters: 1 0.000336172 -0.000999311 -0.000336118 1 8.37939e-05 0.000999198 -8.40842e-05 0.999999 -0.043934 -0.130379 -0.157626
FixedParameters: 0 0 0

#Transform 14
Transform: AffineTransform_float_3_3
Parameters: 1 1.0925e-05 -5.46548e-05 -1.1223e-05 0.999998 -0.00202689 5.39968e-05 0.00202691 0.999998 -0.00448171 -0.224649 -0.184646
FixedParameters: 0 0 0

#Transform 15
Transform: AffineTransform_float_3_3
Parameters: 1 0.000163692 0.000233152 -0.000163093 0.999999 -0.00149617 -0.000234435 0.00149611 0.999999 -0.0168843 -0.169444 -0.236835
FixedParameters: 0 0 0

#Transform 16
Transform: AffineTransform_float_3_3
Parameters: 0.999999 0.000714119 0.00100045 -0.000713844 0.999999 -0.00107882 -0.00100175 0.00107853 0.999999 0.0217758 -0.0935815 -0.273254
FixedParameters: 0 0 0

#Transform 17
Transform: AffineTransform_float_3_3
Parameters: 0.999999 0.000518603 0.000402922 -0.000520338 0.99999 0.00439983 -0.000400705 -0.00439939 0.999991 -0.130394 0.0382801 -0.336828
FixedParameters: 0 0 0

#Transform 18
Transform: AffineTransform_float_3_3
Parameters: 0.999997 -0.00244502 -8.0732e-05 0.00244546 0.999982 0.00535057 6.69115e-05 -0.00535054 0.999985 0.00553641 -0.0944667 -0.265738
FixedParameters: 0 0 0

#Transform 19
Transform: AffineTransform_float_3_3
Parameters: 0.999995 0.00196842 0.00251149 -0.00197761 0.999992 0.00356233 -0.00250374 -0.00356758 0.999991 0.0322755 -0.0871361 -0.131271
FixedParameters: 0 0 0

#Transform 20
Transform: AffineTransform_float_3_3
Parameters: 0.999993 0.00357 0.000656719 -0.00357142 0.999994 0.000967023 -0.000653864 -0.000969263 1 -0.019448 -0.00226064 -0.276995
FixedParameters: 0 0 0

#Transform 21
Transform: AffineTransform_float_3_3
Parameters: 0.999997 0.00201178 -0.000355255 -0.00201195 0.999996 0.00188037 0.000358862 -0.0018795 0.999998 -0.0801205 -0.0922446 -0.213219
FixedParameters: 0 0 0

#Transform 22
Transform: AffineTransform_float_3_3
Parameters: 0.999994 0.00165012 -0.00304311 -0.0016444 0.999997 0.0019074 0.00304697 -0.00190239 0.999993 -0.239283 0.0991376 -0.198621
FixedParameters: 0 0 0

#Transform 23
Transform: AffineTransform_float_3_3
Parameters: 0.99999 0.0013612 -0.00413782 -0.00134575 0.999992 0.00374565 0.00414273 -0.00374046 0.999984 -0.186533 0.201223 -0.0727459
FixedParameters: 0 0 0

#Transform 24
Transform: AffineTransform_float_3_3
Parameters: 0.999995 0.00200989 -0.00215896 -0.00201216 0.999998 -0.000714068 0.00215759 0.000718512 0.999997 -0.098842 -0.105557 -0.0955394
FixedParameters: 0 0 0

#Transform 25
Transform: AffineTransform_float_3_3
Parameters: 0.999997 0.00138119 -0.00158893 -0.00138042 0.999999 0.00103445 0.00158994 -0.00103298 0.999998 -0.0997802 -0.0303251 -0.194658
FixedParameters: 0 0 0

#Transform 26
Transform: AffineTransform_float_3_3
Parameters: 0.999976 -0.000622587 0.00697923 0.000633953 0.999998 -0.00161963 -0.00697892 0.00162425 0.999974 0.284718 -0.565043 -0.950244
FixedParameters: 0 0 0

#Transform 27
Transform: AffineTransform_float_3_3
Parameters: 0.99999 0.000903765 0.00436836 -0.00088482 0.99999 -0.00430401 -0.00437203 0.00429939 0.999981 0.0620412 -0.387592 -0.500834
FixedParameters: 0 0 0

#Transform 28
Transform: AffineTransform_float_3_3
Parameters: 0.999989 0.00113167 0.00459973 -0.00111203 0.99999 -0.0043553 -0.00460507 0.00435053 0.99998 0.0952723 -0.357669 -0.195511
FixedParameters: 0 0 0

#Transform 29
Transform: AffineTransform_float_3_3
Parameters: 0.999995 0.00235379 0.00202233 -0.0023441 0.999984 -0.00511749 -0.00203364 0.00511324 0.999985 0.016509 -0.316615 -0.3154
FixedParameters: 0 0 0

#Transform 30
Transform: AffineTransform_float_3_3
Parameters: 0.999996 0.00295984 0.000891241 -0.00296047 0.999996 1.98812e-05 -0.000890786 -2.19741e-05 1 -0.0272491 -0.228805 -0.384256
FixedParameters: 0 0 0

#Transform 31
Transform: AffineTransform_float_3_3
Parameters: 0.999996 0.00291171 0.000646311 -0.00291049 0.999994 -0.00186092 -0.000652215 0.00185839 0.999998 -0.0517858 -0.232289 -0.324804
FixedParameters: 0 0 0

#Transform 32
Transform: AffineTransform_float_3_3
Parameters: 0.999991 0.00145316 -0.00382697 -0.00145385 0.999999 -0.000275676 0.00382678 0.000281102 0.999993 -0.200375 -0.176314 -0.511342
FixedParameters: 0 0 0

#Transform 33
Transform: AffineTransform_float_3_3
Parameters: 0.999998 0.00180334 -0.000982492 -0.00180321 0.999998 0.000245876 0.000982062 -0.000244734 0.999999 -0.121297 -0.0610895 -0.540602
FixedParameters: 0 0 0

#Transform 34
Transform: AffineTransform_float_3_3
Parameters: 0.999997 0.00236009 -0.000592658 -0.00236006 0.999997 0.0001561 0.000592861 -0.000155009 1 -0.133954 -0.124262 -0.356439
FixedParameters: 0 0 0

#Transform 35
Transform: AffineTransform_float_3_3
Parameters: 0.999997 0.0013423 -0.00197201 -0.00133598 0.999994 0.00330344 0.00197749 -0.0033004 0.999993 -0.159928 -0.00775204 -0.133953
FixedParameters: 0 0 0

#Transform 36
Transform: AffineTransform_float_3_3
Parameters: 0.999983 0.00419271 -0.00414307 -0.00418913 0.999991 0.000793239 0.00414682 -0.000776 0.999991 -0.281327 -0.0549038 -0.262397
FixedParameters: 0 0 0

#Transform 37
Transform: AffineTransform_float_3_3
Parameters: 0.999994 0.00179474 -0.00303117 -0.00178382 0.999992 0.00351258 0.00303749 -0.00350628 0.999989 -0.277061 0.138246 -0.626105
FixedParameters: 0 0 0

#Transform 38
Transform: AffineTransform_float_3_3
Parameters: 0.99999 0.00139889 -0.00407091 -0.00139496 0.999998 0.00085122 0.00407149 -0.000845836 0.999992 -0.253683 -0.0885608 -0.510462
FixedParameters: 0 0 0

#Transform 39
Transform: AffineTransform_float_3_3
Parameters: 0.999993 0.00124105 -0.00351689 -0.00123789 0.999999 0.000817736 0.00351806 -0.000812636 0.999994 -0.242757 -0.0720333 -0.548609
FixedParameters: 0 0 0

#Transform 40
Transform: AffineTransform_float_3_3
Parameters: 0.999995 0.00181994 -0.00243378 -0.00182081 0.999998 -0.000121334 0.00243417 0.000126567 0.999997 -0.23309 -0.179054 -0.474703
FixedParameters: 0 0 0

#Transform 41
Transform: AffineTransform_float_3_3
Parameters: 0.999996 0.00208576 -0.00214498 -0.00209235 0.999992 -0.00328908 0.00213795 0.00329338 0.999992 -0.173493 -0.234001 -0.586416
FixedParameters: 0 0 0

#Transform 42
Transform: AffineTransform_float_3_3
Parameters: 0.999996 0.0020738 -0.00166574 -0.0020776 0.999995 -0.00247441 0.00166022 0.00247866 0.999996 -0.154779 -0.193753 -0.514953
FixedParameters: 0 0 0

#Transform 43
Transform: AffineTransform_float_3_3
Parameters: 0.999996 0.00214406 -0.0018925 -0.00214725 0.999996 -0.00192446 0.00188768 0.00192802 0.999997 -0.178626 -0.18112 -0.48985
FixedParameters: 0 0 0

#Transform 44
Transform: AffineTransform_float_3_3
Parameters: 0.999997 0.00209623 -0.00152971 -0.00209951 0.999995 -0.00252854 0.00152467 0.00253107 0.999995 -0.188147 -0.203078 -0.393523
FixedParameters: 0 0 0

#Transform 45
Transform: AffineTransform_float_3_3
Parameters: 0.999996 0.00260463 -0.00141703 -0.00260904 0.999992 -0.00290971 0.00140966 0.0029142 0.999995 -0.197687 -0.193683 -0.394996
FixedParameters: 0 0 0

#Transform 46
Transform: AffineTransform_float_3_3
Parameters: 0.999995 0.00254115 -0.00201192 -0.00254545 0.999994 -0.00213893 0.00200625 0.0021443 0.999995 -0.194438 -0.193253 -0.418522
FixedParameters: 0 0 0

#Transform 47
Transform: AffineTransform_float_3_3
Parameters: 0.999994 0.00238463 -0.0026457 -0.00239201 0.999993 -0.00279113 0.00263953 0.00279716 0.999992 -0.277719 -0.25654 -0.461422
FixedParameters: 0 0 0

#Transform 48
Transform: AffineTransform_float_3_3
Parameters: 0.999994 0.00271862 -0.00223513 -0.00272648 0.999991 -0.00350604 0.00222568 0.00351201 0.999992 -0.24033 -0.262275 -0.411211
FixedParameters: 0 0 0

#Transform 49
Transform: AffineTransform_float_3_3
Parameters: 0.999989 0.00328574 -0.00343299 -0.00329575 0.99999 -0.00297909 0.00342391 0.0029906 0.99999 -0.245491 -0.156373 -0.497311
FixedParameters: 0 0 0

#Transform 50
Transform: AffineTransform_float_3_3
Parameters: 0.999993 0.00357034 -0.00167826 -0.00357616 0.999988 -0.00359709 0.00166481 0.00360294 0.999992 -0.180928 -0.162481 -0.200208
FixedParameters: 0 0 0

#Transform 51
Transform: AffineTransform_float_3_3
Parameters: 0.999993 0.00338029 -0.00122684 -0.00338139 0.999994 -0.000891902 0.0012237 0.000895627 0.999999 -0.183142 -0.0585471 -0.0696443
FixedParameters: 0 0 0

#Transform 52
Transform: AffineTransform_float_3_3
Parameters: 0.999985 0.00524279 -0.00113174 -0.00524497 0.999984 -0.00184185 0.0011222 0.00184719 0.999998 -0.146621 -0.129695 -0.35602
FixedParameters: 0 0 0

#Transform 53
Transform: AffineTransform_float_3_3
Parameters: 0.999988 0.00477526 0.000179111 -0.00477455 0.999985 -0.00248661 -0.000190861 0.00248538 0.999997 -0.129889 -0.22359 -0.412344
FixedParameters: 0 0 0

#Transform 54
Transform: AffineTransform_float_3_3
Parameters: 0.999998 -0.000123651 0.00195822 0.000101164 0.999932 0.0117088 -0.00195924 -0.0117091 0.999929 -0.0958922 0.298682 -0.43127
FixedParameters: 0 0 0

#Transform 55
Transform: AffineTransform_float_3_3
Parameters: 0.999997 -0.00155926 0.00194287 0.00153824 0.999941 0.0107502 -0.00196004 -0.0107476 0.999941 -0.0427333 0.0722347 -0.51236
FixedParameters: 0 0 0

#Transform 56
Transform: AffineTransform_float_3_3
Parameters: 0.999998 0.000890252 -0.00204121 -0.000883796 0.999995 0.00322809 0.00204357 -0.00322647 0.999993 -0.209535 0.020362 -0.385139
FixedParameters: 0 0 0

#Transform 57
Transform: AffineTransform_float_3_3
Parameters: 0.999978 0.0027226 -0.0060805 -0.00270639 0.999993 0.00256046 0.00608758 -0.00254393 0.999979 -0.339291 -0.030711 -0.398266
FixedParameters: 0 0 0

#Transform 58
Transform: AffineTransform_float_3_3
Parameters: 0.999967 0.00242115 -0.00771716 -0.00236432 0.999971 0.00725503 0.00773402 -0.00723623 0.999944 -0.475711 0.184986 -0.773651
FixedParameters: 0 0 0

#Transform 59
Transform: AffineTransform_float_3_3
Parameters: 0.999962 0.00393424 -0.00770728 -0.00391664 0.999989 0.00229767 0.00771549 -0.00226719 0.999967 -0.41567 -0.0145038 -0.610265
FixedParameters: 0 0 0

#Transform 60
Transform: AffineTransform_float_3_3
Parameters: 0.999976 0.00507901 -0.00479909 -0.00507556 0.999987 0.000858578 0.00480335 -0.000833491 0.999988 -0.359346 -0.0197554 -0.67487
FixedParameters: 0 0 0

#Transform 61
Transform: AffineTransform_float_3_3
Parameters: 0.999977 0.00487085 -0.00474399 -0.00487065 0.999988 3.026e-05 0.00474456 -6.97096e-06 0.999989 -0.349713 -0.124264 -0.688174
FixedParameters: 0 0 0

#Transform 62
Transform: AffineTransform_float_3_3
Parameters: 0.999977 0.0051181 -0.00445695 -0.00511778 0.999987 3.87706e-05 0.00445725 -1.58563e-05 0.99999 -0.347421 -0.0988651 -0.660627
FixedParameters: 0 0 0

#Transform 63
Transform: AffineTransform_float_3_3
Parameters: 0.999967 0.00647559 -0.00492676 -0.00647363 0.999979 0.000406358 0.00492944 -0.000373868 0.999987 -0.368788 -0.0463908 -0.472902
FixedParameters: 0 0 0

#Transform 64
Transform: AffineTransform_float_3_3
Parameters: 0.999975 0.00598894 -0.00360594 -0.00598826 0.999982 0.000223815 0.0036069 -0.000202064 0.999993 -0.341097 -0.0702616 -0.483875
FixedParameters: 0 0 0

#Transform 65
Transform: AffineTransform_float_3_3
Parameters: 0.999971 0.00658316 -0.00382967 -0.0065882 0.999978 -0.00134321 0.00382096 0.00136851 0.999991 -0.34399 -0.111563 -0.579553
FixedParameters: 0 0 0

#Transform 66
Transform: AffineTransform_float_3_3
Parameters: 0.999976 0.00616521 -0.00318968 -0.00616815 0.99998 -0.00114411 0.0031823 0.00116283 0.999994 -0.377455 -0.0526717 -0.622061
FixedParameters: 0 0 0

#Transform 67
Transform: AffineTransform_float_3_3
Parameters: 0.999975 0.00633012 -0.00340605 -0.00633585 0.999979 -0.00168498 0.00339521 0.00170633 0.999993 -0.416316 -0.09678 -0.598789
FixedParameters: 0 0 0

#Transform 68
Transform: AffineTransform_float_3_3
Parameters: 0.999974 0.00646869 -0.0032131 -0.00647366 0.999978 -0.00151982 0.00320287 0.00154141 0.999993 -0.370283 -0.149014 -0.602352
FixedParameters: 0 0 0

#Transform 69
Transform: AffineTransform_float_3_3
Parameters: 0.999973 0.00637352 -0.00380419 -0.00637697 0.99998 -0.000978733 0.00379807 0.00100373 0.999992 -0.380873 -0.0588465 -0.588753
FixedParameters: 0 0 0

#Transform 70
Transform: AffineTransform_float_3_3
Parameters: 0.999959 0.00727037 -0.00543141 -0.00727621 0.999973 -0.00105355 0.00542379 0.00109279 0.999985 -0.469106 -0.0493917 -0.668044
FixedParameters: 0 0 0

#Transform 71
Transform: AffineTransform_float_3_3
Parameters: 0.999988 0.00389782 -0.00290073 -0.00389256 0.999991 0.00156809 0.00290596 -0.00155628 0.999995 -0.268411 0.0750908 -0.701374
FixedParameters: 0 0 0

#Transform 72
Transform: AffineTransform_float_3_3
Parameters: 0.999987 0.00458701 -0.00195616 -0.00458811 0.99999 -0.000459695 0.00195475 0.000467961 0.999998 -0.267079 -0.171983 -0.564491
FixedParameters: 0 0 0

#Transform 73
Transform: AffineTransform_float_3_3
Parameters: 0.999982 0.00558983 -0.00213132 -0.00559334 0.999983 -0.00161805 0.00212205 0.00162986 0.999996 -0.270381 -0.175891 -0.6187
FixedParameters: 0 0 0

#Transform 74
Transform: AffineTransform_float_3_3
Parameters: 0.999982 0.00555129 -0.00206759 -0.00555532 0.999983 -0.00158252 0.00205913 0.00159451 0.999996 -0.258717 -0.147694 -0.5122
FixedParameters: 0 0 0

#Transform 75
Transform: AffineTransform_float_3_3
Parameters: 0.999983 0.00537931 -0.00218401 -0.00538047 0.999985 -0.000927741 0.00217895 0.000939584 0.999997 -0.281244 -0.111699 -0.571798
FixedParameters: 0 0 0

#Transform 76
Transform: AffineTransform_float_3_3
Parameters: 0.999983 0.0053527 -0.00229985 -0.00535457 0.999985 -0.000798612 0.00229635 0.000810714 0.999997 -0.29287 -0.104968 -0.610186
FixedParameters: 0 0 0

#Transform 77
Transform: AffineTransform_float_3_3
Parameters: 0.999983 0.00550595 -0.0019471 -0.00550679 0.999984 -0.000365628 0.00194495 0.000376394 0.999998 -0.261472 -0.138815 -0.531595
FixedParameters: 0 0 0

#Transform 78
Transform: AffineTransform_float_3_3
Parameters: 0.999985 0.00525708 -0.00139342 -0.00525579 0.999987 0.000320783 0.00139493 -0.000313809 0.999999 -0.227242 -0.0345277 -0.51683
FixedParameters: 0 0 0

#Transform 79
Transform: AffineTransform_float_3_3
Parameters: 0.999982 0.00520973 -0.00280812 -0.00520952 0.999986 6.34009e-05 0.00280793 -4.80989e-05 0.999996 -0.258643 -0.12293 -0.498641
FixedParameters: 0 0 0

#Transform 80
Transform: AffineTransform_float_3_3
Parameters: 0.999986 0.00492982 -0.00217002 -0.00493206 0.999987 -0.00119754 0.00216369 0.00120802 0.999997 -0.247039 -0.132525 -0.571718
FixedParameters: 0 0 0

#Transform 81
Transform: AffineTransform_float_3_3
Parameters: 0.99998 0.00480424 -0.00402653 -0.00480927 0.999988 -0.0012536 0.00402045 0.00127221 0.999991 -0.318412 -0.199539 -0.527461
FixedParameters: 0 0 0

#Transform 82
Transform: AffineTransform_float_3_3
Parameters: 0.999983 0.00427092 -0.0039325 -0.00427737 0.99999 -0.00165307 0.0039259 0.00167012 0.999991 -0.352798 -0.135725 -0.483918
FixedParameters: 0 0 0

#Transform 83
Transform: AffineTransform_float_3_3
Parameters: 0.999983 0.00447877 -0.00367301 -0.00448577 0.999988 -0.00186063 0.00366465 0.00187646 0.999991 -0.340242 -0.225439 -0.526811
FixedParameters: 0 0 0

#Transform 84
Transform: AffineTransform_float_3_3
Parameters: 0.999985 0.00466688 -0.00291869 -0.00466052 0.999987 0.00219369 0.00292878 -0.00218015 0.999993 -0.290669 -0.160314 -0.655059
FixedParameters: 0 0 0

#Transform 85
Transform: AffineTransform_float_3_3
Parameters: 0.999984 0.00481182 -0.00295927 -0.00481617 0.999987 -0.00135806 0.00295255 0.00137192 0.999994 -0.279282 -0.154011 -0.748245
FixedParameters: 0 0 0

#Transform 86
Transform: AffineTransform_float_3_3
Parameters: 0.999988 0.0047598 -0.00164438 -0.00475915 0.999988 0.000385836 0.00164688 -0.000377737 0.999999 -0.17245 -0.220495 -0.679181
FixedParameters: 0 0 0

#Transform 87
Transform: AffineTransform_float_3_3
Parameters: 0.999982 0.00572486 -0.00186999 -0.00572503 0.999984 -0.000162033 0.00186886 0.000172299 0.999998 -0.129563 -0.187637 -0.630971
FixedParameters: 0 0 0

#Transform 88
Transform: AffineTransform_float_3_3
Parameters: 0.999979 0.00563989 -0.00331132 -0.00564366 0.999983 -0.00125038 0.00330448 0.00126909 0.999994 -0.225293 -0.229967 -0.586947
FixedParameters: 0 0 0

#Transform 89
Transform: AffineTransform_float_3_3
Parameters: 0.999982 0.00475304 -0.00372533 -0.00476044 0.999987 -0.00202469 0.00371524 0.0020417 0.999991 -0.290616 -0.219987 -0.663405
FixedParameters: 0 0 0

#Transform 90
Transform: AffineTransform_float_3_3
Parameters: 0.999973 0.0050101 -0.00539197 -0.00502334 0.999984 -0.00254331 0.00537852 0.00257081 0.999982 -0.337819 -0.172576 -0.510481
FixedParameters: 0 0 0

#Transform 91
Transform: AffineTransform_float_3_3
Parameters: 0.999975 0.00485112 -0.0051477 -0.00487979 0.999973 -0.00555743 0.00512071 0.00558234 0.999971 -0.265536 -0.216241 -0.377983
FixedParameters: 0 0 0

#Transform 92
Transform: AffineTransform_float_3_3
Parameters: 0.999965 0.00622235 -0.0055997 -0.00626041 0.999958 -0.00669216 0.00555814 0.00672776 0.999962 -0.218164 -0.320434 -0.61458
FixedParameters: 0 0 0

#Transform 93
Transform: AffineTransform_float_3_3
Parameters: 0.999953 0.00555538 -0.00791463 -0.00561845 0.999953 -0.0079038 0.00787025 0.00794798 0.999937 -0.445303 -0.522874 -0.82596
FixedParameters: 0 0 0

#Transform 94
Transform: AffineTransform_float_3_3
Parameters: 0.999962 0.0032824 -0.00810101 -0.0033366 0.999972 -0.00670075 0.00807875 0.00672738 0.999945 -0.429383 -0.446294 -0.858935
FixedParameters: 0 0 0

#Transform 95
Transform: AffineTransform_float_3_3
Parameters: 0.999966 0.00373785 -0.00734464 -0.00378063 0.999975 -0.00593098 0.00732229 0.00595834 0.999955 -0.391325 -0.454724 -0.728189
FixedParameters: 0 0 0

#Transform 96
Transform: AffineTransform_float_3_3
Parameters: 0.999965 0.00367217 -0.00756318 -0.00371349 0.999978 -0.00550411 0.00754253 0.00553164 0.999956 -0.405468 -0.339334 -0.708618
FixedParameters: 0 0 0

#Transform 97
Transform: AffineTransform_float_3_3
Parameters: 0.999965 0.00442408 -0.00710624 -0.00446938 0.99997 -0.00634267 0.00707792 0.00637369 0.999954 -0.387613 -0.444596 -0.69703
FixedParameters: 0 0 0

#Transform 98
Transform: AffineTransform_float_3_3
Parameters: 0.999963 0.00521699 -0.00676272 -0.00526885 0.999956 -0.00771242 0.0067223 0.00774779 0.999947 -0.358494 -0.378629 -0.763113
FixedParameters: 0 0 0

#Transform 99
Transform: AffineTransform_float_3_3
Parameters: 0.999943 0.00872057 -0.00617427 -0.00877238 0.999926 -0.00848555 0.00610006 0.00853918 0.999945 -0.404474 -0.422241 -0.909016
FixedParameters: 0 0 0

#Transform 100
Transform: AffineTransform_float_3_3
Parameters: 0.999966 0.00673464 -0.00476854 -0.00677596 0.99994 -0.00869544 0.00470931 0.00872726 0.999951 -0.319403 -0.413167 -0.869867
FixedParameters: 0 0 0

#Transform 101
Transform: AffineTransform_float_3_3
Parameters: 0.999976 0.00396604 -0.0057165 -0.00401211 0.99996 -0.00791333 0.00568533 0.00793552 0.999953 -0.357811 -0.399328 -0.550978
FixedParameters: 0 0 0

#Transform 102
Transform: AffineTransform_float_3_3
Parameters: 0.999979 0.00489915 -0.00426328 -0.00494416 0.999932 -0.0105145 0.00421102 0.0105354 0.999936 -0.294208 -0.454685 -0.648801
FixedParameters: 0 0 0

#Transform 103
Transform: AffineTransform_float_3_3
Parameters: 0.999979 0.00556222 -0.00320806 -0.00559441 0.999933 -0.0101089 0.00315172 0.0101267 0.999943 -0.265128 -0.482389 -0.654688
FixedParameters: 0 0 0

#Transform 104
Transform: AffineTransform_float_3_3
Parameters: 0.999972 0.00663893 -0.00361006 -0.00667862 0.999917 -0.0109916 0.00353696 0.0110158 0.999933 -0.331519 -0.471363 -0.752436
FixedParameters: 0 0 0

#Transform 105
Transform: AffineTransform_float_3_3
Parameters: 0.999972 0.00625982 -0.00421457 -0.00630166 0.999931 -0.00992059 0.00415199 0.0099475 0.999942 -0.347516 -0.571159 -0.984099
FixedParameters: 0 0 0

#Transform 106
Transform: AffineTransform_float_3_3
Parameters: 0.999983 0.0056055 -0.00149034 -0.00561567 0.999959 -0.00714107 0.00145037 0.00714998 0.999973 -0.164388 -0.560261 -1.13005
FixedParameters: 0 0 0

#Transform 107
Transform: AffineTransform_float_3_3
Parameters: 0.99998 0.00597453 -0.00247826 -0.00599895 0.999931 -0.0100531 0.00241769 0.0100675 0.999946 -0.177182 -0.640735 -0.941423
FixedParameters: 0 0 0

#Transform 108
Transform: AffineTransform_float_3_3
Parameters: 0.99998 0.00571021 -0.00242618 -0.00572675 0.999959 -0.00705584 0.00238658 0.00706932 0.999972 -0.244682 -0.487053 -0.628427
FixedParameters: 0 0 0

#Transform 109
Transform: AffineTransform_float_3_3
Parameters: 0.999979 0.00609938 -0.00178776 -0.00611161 0.999959 -0.00676493 0.00174626 0.00677514 0.999975 -0.173637 -0.428247 -0.480054
FixedParameters: 0 0 0

#Transform 110
Transform: AffineTransform_float_3_3
Parameters: 0.999979 0.00598474 -0.00246289 -0.00600244 0.999957 -0.00700942 0.00242169 0.00702349 0.999972 -0.196723 -0.443149 -0.578604
FixedParameters: 0 0 0

#Transform 111
Transform: AffineTransform_float_3_3
Parameters: 0.999973 0.00650139 -0.00313118 -0.00653025 0.999938 -0.00905819 0.00307234 0.00907883 0.999954 -0.307244 -0.462371 -0.717931
FixedParameters: 0 0 0

#Transform 112
Transform: AffineTransform_float_3_3
Parameters: 0.999975 0.00586703 -0.00408439 -0.0058853 0.999972 -0.00452323 0.00405753 0.00454758 0.999981 -0.354743 -0.296039 -0.535058
FixedParameters: 0 0 0

#Transform 113
Transform: AffineTransform_float_3_3
Parameters: 0.99997 0.00531556 -0.00566073 -0.00531295 0.999986 0.000511424 0.00566406 -0.000481651 0.999984 -0.293005 -0.137905 -0.682592
FixedParameters: 0 0 0

#Transform 114
Transform: AffineTransform_float_3_3
Parameters: 0.999971 0.00652925 -0.003843 -0.00655154 0.999961 -0.00592629 0.0038032 0.00595127 0.999975 -0.186269 -0.471002 -0.924118
FixedParameters: 0 0 0

#Transform 115
Transform: AffineTransform_float_3_3
Parameters: 0.999966 0.00563608 -0.00608176 -0.00565915 0.999976 -0.00376426 0.00606045 0.00379862 0.999975 -0.286325 -0.403533 -1.17291
FixedParameters: 0 0 0

#Transform 116
Transform: AffineTransform_float_3_3
Parameters: 0.999982 0.00583702 -0.00121916 -0.00584114 0.999977 -0.00350821 0.00119892 0.00351475 0.999993 -0.194151 -0.393142 -1.23897
FixedParameters: 0 0 0

#Transform 117
Transform: AffineTransform_float_3_3
Parameters: 0.999986 0.00539608 -7.57869e-05 -0.00539626 0.999981 0.002808 9.08967e-05 -0.00280772 0.999996 -0.231001 -0.129264 -0.998463
FixedParameters: 0 0 0

#Transform 118
Transform: AffineTransform_float_3_3
Parameters: 0.999982 0.00606393 -0.000111172 -0.0060651 0.999972 -0.00438959 8.49842e-05 0.0043894 0.99999 -0.192938 -0.40862 -0.843928
FixedParameters: 0 0 0

#Transform 119
Transform: AffineTransform_float_3_3
Parameters: 0.999976 0.00695827 -0.000241264 -0.00695909 0.999956 -0.00628264 0.000197912 0.0062839 0.99998 -0.169693 -0.424156 -0.822957
FixedParameters: 0 0 0

#Transform 120
Transform: AffineTransform_float_3_3
Parameters: 0.999976 0.00688972 -0.00022733 -0.00689072 0.999961 -0.00552887 0.000189426 0.00553104 0.999985 -0.166282 -0.393512 -0.791521
FixedParameters: 0 0 0

#Transform 121
Transform: AffineTransform_float_3_3
Parameters: 0.999975 0.0070821 -0.000175092 -0.00708239 0.999959 -0.00566105 0.000135168 0.00566128 0.999984 -0.168664 -0.431124 -0.702627
FixedParameters: 0 0 0

#Transform 122
Transform: AffineTransform_float_3_3
Parameters: 0.999975 0.00713388 0.000209612 -0.00713197 0.999946 -0.00751124 -0.00026361 0.00750947 0.999972 -0.158756 -0.475402 -0.805544
FixedParameters: 0 0 0

#Transform 123
Transform: AffineTransform_float_3_3
Parameters: 0.999973 0.00726297 7.23964e-05 -0.00726236 0.999953 -0.00638533 -0.000118919 0.00638405 0.99998 -0.134175 -0.465738 -0.685891
FixedParameters: 0 0 0

#Transform 124
Transform: AffineTransform_float_3_3
Parameters: 0.999974 0.00720018 0.000422092 -0.00719605 0.999942 -0.00791099 -0.000479121 0.00790815 0.999968 -0.168752 -0.422333 -0.801738
FixedParameters: 0 0 0

#Transform 125
Transform: AffineTransform_float_3_3
Parameters: 0.999974 0.00720758 0.000757596 -0.00720213 0.999946 -0.00751181 -0.000812239 0.00750545 0.999971 -0.153753 -0.509646 -0.698862
FixedParameters: 0 0 0

#Transform 126
Transform: AffineTransform_float_3_3
Parameters: 0.999972 0.00730646 0.00168846 -0.00729551 0.999954 -0.00630224 -0.0017339 0.00628971 0.999978 -0.10712 -0.372742 -0.651553
FixedParameters: 0 0 0

#Transform 127
Transform: AffineTransform_float_3_3
Parameters: 0.999971 0.00759727 0.000934447 -0.00759397 0.999966 -0.00322634 -0.000959597 0.00321854 0.999994 -0.124873 -0.312344 -0.444913
FixedParameters: 0 0 0

#Transform 128
Transform: AffineTransform_float_3_3
Parameters: 0.999962 0.00380962 0.0077585 -0.00377168 0.999981 -0.00490475 -0.00777684 0.00487536 0.999958 0.298793 -0.340005 -0.720875
FixedParameters: 0 0 0

#Transform 129
Transform: AffineTransform_float_3_3
Parameters: 0.99996 0.00322879 0.00838196 -0.00321205 0.999993 -0.00200935 -0.00838873 0.00198232 0.999962 0.25238 -0.604028 -0.799022
FixedParameters: 0 0 0

#Transform 130
Transform: AffineTransform_float_3_3
Parameters: 0.999966 0.00558624 0.00601776 -0.0055889 0.999985 0.000422507 -0.00601539 -0.000456367 0.999982 0.0282973 -0.321476 -0.910817
FixedParameters: 0 0 0

#Transform 131
Transform: AffineTransform_float_3_3
Parameters: 0.99997 0.00667807 0.00408861 -0.00667201 0.999976 -0.00162237 -0.00410023 0.00159491 0.99999 -0.031367 -0.495742 -0.752345
FixedParameters: 0 0 0

#Transform 132
Transform: AffineTransform_float_3_3
Parameters: 0.999987 0.00479238 0.00175468 -0.00478305 0.999975 -0.00520507 -0.00178024 0.00519693 0.999984 -0.0504531 -0.283833 -0.173114
FixedParameters: 0 0 0

#Transform 133
Transform: AffineTransform_float_3_3
Parameters: 0.999973 0.00706523 0.00213006 -0.00703499 0.999879 -0.0138725 -0.00222689 0.0138566 0.999902 -0.120064 -0.440767 -0.601741
FixedParameters: 0 0 0

#Transform 134
Transform: AffineTransform_float_3_3
Parameters: 0.999983 0.00559106 0.00166393 -0.00556845 0.999893 -0.0135982 -0.00174058 0.0135889 0.999906 -0.0871933 -0.613735 -0.271594
FixedParameters: 0 0 0

#Transform 135
Transform: AffineTransform_float_3_3
Parameters: 0.99998 0.00532461 0.00326386 -0.00528073 0.999894 -0.0135919 -0.00333581 0.0135743 0.999902 -0.0637458 -0.514564 -0.327252
FixedParameters: 0 0 0

#Transform 136
Transform: AffineTransform_float_3_3
Parameters: 0.999976 0.00580483 0.00375582 -0.00574928 0.999878 -0.0145616 -0.00384036 0.01454 0.999887 -0.0245719 -0.658621 -0.329689
FixedParameters: 0 0 0

#Transform 137
Transform: AffineTransform_float_3_3
Parameters: 0.999983 0.00549778 0.00203931 -0.00546584 0.999868 -0.0152717 -0.00212287 0.01526 0.999882 -0.188027 -0.597392 -0.559722
FixedParameters: 0 0 0

#Transform 138
Transform: AffineTransform_float_3_3
Parameters: 0.999992 0.00379504 -0.000476714 -0.00380179 0.999897 -0.0137846 0.000424605 0.0137863 0.999905 -0.188289 -0.653099 -0.397288
FixedParameters: 0 0 0

#Transform 139
Transform: AffineTransform_float_3_3
Parameters: 0.999992 0.00392017 0.000627028 -0.00391414 0.999943 -0.00990583 -0.000665203 0.00990319 0.999951 -0.138961 -0.50206 -0.347857
FixedParameters: 0 0 0

#Transform 140
Transform: AffineTransform_float_3_3
Parameters: 0.999986 0.00394129 -0.00370261 -0.00395015 0.999989 -0.00240184 0.00369244 0.0024167 0.99999 -0.309712 -0.103519 -0.575648
FixedParameters: 0 0 0

#Transform 141
Transform: AffineTransform_float_3_3
Parameters: 0.999983 0.00489211 -0.00288738 -0.00491476 0.999957 -0.0079798 0.00284856 0.00799368 0.999964 -0.332177 -0.390754 -0.784107
FixedParameters: 0 0 0

#Transform 142
Transform: AffineTransform_float_3_3
Parameters: 0.999995 0.00324417 0.00039218 -0.0032401 0.999956 -0.00884373 -0.000420148 0.00884256 0.999961 -0.190232 -0.492435 0.0637806
FixedParameters: 0 0 0

#Transform 143
Transform: AffineTransform_float_3_3
Parameters: 0.99999 0.0041191 0.00160817 -0.00410123 0.999931 -0.0109475 -0.00165313 0.0109409 0.999939 -0.161796 -0.404365 -0.197487
FixedParameters: 0 0 0

#Transform 144
Transform: AffineTransform_float_3_3
Parameters: 0.99998 0.0059153 0.00228451 -0.00588539 0.999898 -0.0129612 -0.00236116 0.0129475 0.999914 -0.168893 -0.428775 -0.627298
FixedParameters: 0 0 0

#Transform 145
Transform: AffineTransform_float_3_3
Parameters: 0.999977 0.00644856 0.00218997 -0.00642076 0.9999 -0.0126114 -0.00227073 0.0125971 0.999918 -0.162357 -0.533159 -0.467507
FixedParameters: 0 0 0

#Transform 146
Transform: AffineTransform_float_3_3
Parameters: 0.999976 0.00678311 0.00165026 -0.00676351 0.999908 -0.0116914 -0.00172959 0.0116794 0.99993 -0.173425 -0.537239 -0.412602
FixedParameters: 0 0 0

#Transform 147
Transform: AffineTransform_float_3_3
Parameters: 0.999976 0.00675943 0.00164635 -0.00673718 0.999892 -0.0130412 -0.00173481 0.0130294 0.999913 -0.176733 -0.574492 -0.459174
FixedParameters: 0 0 0

#Transform 148
Transform: AffineTransform_float_3_3
Parameters: 0.999975 0.00673587 0.00176911 -0.00671327 0.999898 -0.0126146 -0.00185395 0.0126026 0.999919 -0.21113 -0.518347 -0.614261
FixedParameters: 0 0 0

#Transform 149
Transform: AffineTransform_float_3_3
Parameters: 0.99997 0.00771408 0.000920919 -0.00770636 0.999937 -0.00816451 -0.000983366 0.00815723 0.999966 -0.190061 -0.353734 -0.534429
FixedParameters: 0 0 0

#Transform 150
Transform: AffineTransform_float_3_3
Parameters: 0.999985 0.00546354 -0.000931401 -0.00547149 0.999946 -0.00882462 0.000883346 0.00882959 0.99996 -0.220036 -0.4441 -0.600795
FixedParameters: 0 0 0

#Transform 151
Transform: AffineTransform_float_3_3
Parameters: 0.999976 0.00681232 0.00106797 -0.00680128 0.999932 -0.00948517 -0.00113207 0.00947734 0.999954 -0.117103 -0.44896 -0.574677
FixedParameters: 0 0 0

#Transform 152
Transform: AffineTransform_float_3_3
Parameters: 0.999969 0.00769604 0.00132784 -0.00768321 0.999922 -0.00987706 -0.00140422 0.00986636 0.99995 -0.124488 -0.44673 -0.549538
FixedParameters: 0 0 0

#Transform 153
Transform: AffineTransform_float_3_3
Parameters: 0.999974 0.00656533 0.00310578 -0.00654453 0.999955 -0.00676351 -0.00314993 0.00674361 0.999972 -0.0985609 -0.249893 -0.819209
FixedParameters: 0 0 0

#Transform 154
Transform: AffineTransform_float_3_3
Parameters: 0.999981 0.00527227 0.00330146 -0.00526824 0.999985 -0.00130331 -0.00330844 0.00128554 0.999993 -0.0747109 -0.163045 -0.599579
FixedParameters: 0 0 0

#Transform 155
Transform: AffineTransform_float_3_3
Parameters: 0.999978 0.0058576 0.00320751 -0.00584136 0.999971 -0.00495537 -0.00323626 0.00493599 0.999982 -0.13189 -0.301643 -0.811772
FixedParameters: 0 0 0

#Transform 156
Transform: AffineTransform_float_3_3
Parameters: 0.999972 0.00645159 0.00378903 -0.00642775 0.999959 -0.00637574 -0.00382953 0.00635079 0.999972 -0.0250726 -0.486548 -0.742461
FixedParameters: 0 0 0

#Transform 157
Transform: AffineTransform_float_3_3
Parameters: 0.999976 0.00612689 0.00316446 -0.00610628 0.999961 -0.00642431 -0.00320347 0.00640497 0.999975 -0.0535404 -0.403099 -0.718134
FixedParameters: 0 0 0

#Transform 158
Transform: AffineTransform_float_3_3
Parameters: 0.999979 0.00596922 0.00233467 -0.00595431 0.99996 -0.00669488 -0.00237405 0.00668072 0.999975 -0.0458005 -0.441806 -0.727214
FixedParameters: 0 0 0

#Transform 159
Transform: AffineTransform_float_3_3
Parameters: 0.999973 0.00685029 0.00274191 -0.00683649 0.999964 -0.00501384 -0.00277631 0.00499461 0.999984 -0.0960112 -0.371358 -0.618127
FixedParameters: 0 0 0

#Transform 160
Transform: AffineTransform_float_3_3
Parameters: 0.999979 0.00637578 0.000901006 -0.00636821 0.999953 -0.00739423 -0.000947696 0.00738871 0.999972 -0.120655 -0.432685 -0.62758
FixedParameters: 0 0 0

#Transform 161
Transform: AffineTransform_float_3_3
Parameters: 0.99997 0.00677231 0.00382397 -0.00674409 0.999951 -0.00725747 -0.00387302 0.00723146 0.999966 0.0863722 -0.511993 -0.824244
FixedParameters: 0 0 0

#Transform 162
Transform: AffineTransform_float_3_3
Parameters: 0.999986 0.00526048 -0.00106555 -0.00526385 0.99998 -0.00362793 0.00104687 0.00363347 0.999993 0.0370648 -0.450984 -1.17997
FixedParameters: 0 0 0

#Transform 163
Transform: AffineTransform_float_3_3
Parameters: 0.999984 0.00547573 -0.000795046 -0.00548195 0.999949 -0.00846131 0.000748394 0.00846591 0.999964 -0.103056 -0.510466 -0.556405
FixedParameters: 0 0 0

#Transform 164
Transform: AffineTransform_float_3_3
Parameters: 0.999985 0.00545081 0.000717 -0.00544823 0.999975 -0.00461781 -0.000741822 0.004614 0.999989 -0.0866047 -0.305338 -0.383411
FixedParameters: 0 0 0

#Transform 165
Transform: AffineTransform_float_3_3
Parameters: 0.999988 0.00468877 -0.00142179 -0.00469345 0.999983 -0.00329193 0.00140658 0.0032982 0.999993 -0.108313 -0.28296 -0.543788
FixedParameters: 0 0 0

#Transform 166
Transform: AffineTransform_float_3_3
Parameters: 0.99998 0.0017731 -0.00612125 -0.00175709 0.999995 0.00263358 0.00612546 -0.00262274 0.999978 -0.171636 -0.497391 -0.263018
FixedParameters: 0 0 0

#Transform 167
Transform: AffineTransform_float_3_3
Parameters: 0.999993 0.00219715 -0.00299185 -0.00219165 0.999996 0.0018146 0.00299515 -0.0018087 0.999994 -0.100975 -0.353979 -0.442228
FixedParameters: 0 0 0

#Transform 168
Transform: AffineTransform_float_3_3
Parameters: 0.999997 0.00184778 -0.0015703 -0.00184665 0.999998 0.000462831 0.00157168 -0.000460165 0.999999 -0.0895774 -0.468125 -0.711608
FixedParameters: 0 0 0

#Transform 169
Transform: AffineTransform_float_3_3
Parameters: 0.999993 0.00266323 0.00245107 -0.00265687 0.999994 -0.00226416 -0.00245736 0.00225781 0.999995 0.0854185 -0.46181 -0.613188
FixedParameters: 0 0 0

#Transform 170
Transform: AffineTransform_float_3_3
Parameters: 0.999989 0.00348687 0.00292249 -0.00347749 0.999989 -0.00326762 -0.00293352 0.00325723 0.999991 0.039226 -0.390745 -0.585062
FixedParameters: 0 0 0

#Transform 171
Transform: AffineTransform_float_3_3
Parameters: 0.999993 0.00341789 0.00141063 -0.00341269 0.999988 -0.00361216 -0.00142319 0.00360692 0.999992 -0.0493734 -0.346646 -0.377988
FixedParameters: 0 0 0

#Transform 172
Transform: AffineTransform_float_3_3
Parameters: 0.999995 0.00245178 -0.00229556 -0.00247424 0.999948 -0.00989786 0.00227076 0.00990296 0.999948 -0.232446 -0.110559 0.000186448
FixedParameters: 0 0 0

#Transform 173
Transform: AffineTransform_float_3_3
Parameters: 0.999986 0.00354222 -0.00393908 -0.00355773 0.999986 -0.00396743 0.00392508 0.00398183 0.999984 -0.331968 0.0287081 -0.462452
FixedParameters: 0 0 0

#Transform 174
Transform: AffineTransform_float_3_3
Parameters: 0.999979 0.00602005 0.00255035 -0.00600586 0.999967 -0.00538569 -0.00258286 0.00537046 0.999983 0.0470773 -0.218874 -0.865144
FixedParameters: 0 0 0

#Transform 175
Transform: AffineTransform_float_3_3
Parameters: 0.99999 0.00341968 -0.0026359 -0.00344693 0.999943 -0.0101529 0.00260099 0.0101619 0.999945 -0.250446 -0.530555 -0.654331
FixedParameters: 0 0 0

#Transform 176
Transform: AffineTransform_float_3_3
Parameters: 0.999993 0.00373711 -9.96819e-05 -0.00373739 0.99999 -0.00219784 9.16029e-05 0.00219791 0.999997 -0.074461 -0.197247 -0.369599
FixedParameters: 0 0 0

#Transform 177
Transform: AffineTransform_float_3_3
Parameters: 0.999991 0.00393599 0.00198756 -0.00392257 0.999972 -0.00639841 -0.00201214 0.0063901 0.999978 -0.0413751 -0.30232 -0.540024
FixedParameters: 0 0 0

#Transform 178
Transform: AffineTransform_float_3_3
Parameters: 0.999991 0.00403117 0.00134882 -0.00402139 0.999966 -0.00717852 -0.00137734 0.00717323 0.999973 -0.0718339 -0.32833 -0.431648
FixedParameters: 0 0 0

#Transform 179
Transform: AffineTransform_float_3_3
Parameters: 0.999987 0.00499085 0.00128411 -0.0049771 0.999929 -0.0108194 -0.00133815 0.0108127 0.999941 -0.0946798 -0.474907 -0.538612
FixedParameters: 0 0 0

#Transform 180
Transform: AffineTransform_float_3_3
Parameters: 0.999992 0.00348507 -0.00211473 -0.00348634 0.999993 -0.000720048 0.00211232 0.000727493 0.999998 -0.188626 -0.21264 -0.497968
FixedParameters: 0 0 0

#Transform 181
Transform: AffineTransform_float_3_3
Parameters: 0.999994 0.00342564 -0.000589299 -0.00342677 0.999989 -0.00298212 0.00057946 0.00298453 0.999995 -0.147046 -0.177876 -0.459789
FixedParameters: 0 0 0

#Transform 182
Transform: AffineTransform_float_3_3
Parameters: 0.999995 0.0032855 -0.000462187 -0.00328684 0.999991 -0.00265837 0.000453307 0.00265993 0.999996 -0.119646 -0.168531 -0.656627
FixedParameters: 0 0 0

#Transform 183
Transform: AffineTransform_float_3_3
Parameters: 0.999968 0.00286917 -0.00743682 -0.00291115 0.99998 -0.00564319 0.00741985 0.00566451 0.999956 -0.364949 -0.227123 -0.402459
FixedParameters: 0 0 0

#Transform 184
Transform: AffineTransform_float_3_3
Parameters: 0.999976 0.00282415 -0.00633927 -0.0028769 0.999961 -0.00832242 0.00631593 0.00834043 0.999946 -0.323501 -0.283009 -0.493016
FixedParameters: 0 0 0

#Transform 185
Transform: AffineTransform_float_3_3
Parameters: 0.99998 0.0032933 -0.0054072 -0.0033405 0.999956 -0.00876536 0.00537853 0.00878298 0.999947 -0.33681 -0.280341 -0.572571
FixedParameters: 0 0 0

#Transform 186
Transform: AffineTransform_float_3_3
Parameters: 0.999992 0.00216723 -0.00343008 -0.0021826 0.999988 -0.00453986 0.00342088 0.0045469 0.999984 -0.163688 -0.286722 -0.510709
FixedParameters: 0 0 0

#Transform 187
Transform: AffineTransform_float_3_3
