# transform file /out/sourcedata/freesurfer/sub-v1s12x0050136_ses-1/mri/transforms/cc_up.lta
# created by oesteban on Sun Mar  8 14:18:32 2026

type      = 0 # LINEAR_VOX_TO_VOX
nxforms   = 1
mean      = 129.0000 134.0000 120.0000
sigma     = 10000.0000
1 4 4
9.989750385284424e-01 -3.460713103413582e-02 -2.917885035276413e-02 7.857800006866455e+00 
3.459237515926361e-02 9.994010925292969e-01 -1.010401407256722e-03 2.767207622528076e+00 
2.919633872807026e-02 0.000000000000000e+00 9.995737671852112e-01 9.317256927490234e+00 
0.000000000000000e+00 0.000000000000000e+00 0.000000000000000e+00 1.000000000000000e+00 
src volume info
valid = 1  # volume info valid
filename = /out/sourcedata/freesurfer/sub-v1s12x0050136_ses-1/mri/norm.mgz
volume = 256 256 256
voxelsize = 1.000000000000000e+00 1.000000000000000e+00 1.000000000000000e+00
xras   = -1.000000000000000e+00 0.000000000000000e+00 0.000000000000000e+00
yras   = 0.000000000000000e+00 0.000000000000000e+00 -1.000000000000000e+00
zras   = 0.000000000000000e+00 1.000000000000000e+00 0.000000000000000e+00
cras   = 6.088218688964844e+00 2.736053466796875e-01 -1.911959838867188e+01
dst volume info
valid = 1  # volume info valid
filename = /out/sourcedata/freesurfer/sub-v1s12x0050136_ses-1/mri/norm.mgz
volume = 256 256 256
voxelsize = 1.000000000000000e+00 1.000000000000000e+00 1.000000000000000e+00
xras   = -1.000000000000000e+00 0.000000000000000e+00 0.000000000000000e+00
yras   = 0.000000000000000e+00 0.000000000000000e+00 -1.000000000000000e+00
zras   = 0.000000000000000e+00 1.000000000000000e+00 0.000000000000000e+00
cras   = 6.088218688964844e+00 2.736053466796875e-01 -1.911959838867188e+01
