# transform file /out/sourcedata/freesurfer/sub-v1s12x0050135_ses-1/mri/transforms/cc_up.lta
# created by oesteban on Sun Mar  8 14:12:10 2026

type      = 0 # LINEAR_VOX_TO_VOX
nxforms   = 1
mean      = 129.0000 128.0000 123.0000
sigma     = 10000.0000
1 4 4
9.960381388664246e-01 8.483441919088364e-02 -2.666807547211647e-02 -9.116780281066895e+00 
-8.480402827262878e-02 9.963951110839844e-01 2.270556055009365e-03 2.425823783874512e+01 
2.676456049084663e-02 -2.328306436538696e-10 9.996417760848999e-01 7.535761356353760e+00 
0.000000000000000e+00 0.000000000000000e+00 0.000000000000000e+00 1.000000000000000e+00 
src volume info
valid = 1  # volume info valid
filename = /out/sourcedata/freesurfer/sub-v1s12x0050135_ses-1/mri/norm.mgz
volume = 256 256 256
voxelsize = 1.000000000000000e+00 1.000000000000000e+00 1.000000000000000e+00
xras   = -1.000000000000000e+00 0.000000000000000e+00 0.000000000000000e+00
yras   = 0.000000000000000e+00 0.000000000000000e+00 -1.000000000000000e+00
zras   = 0.000000000000000e+00 1.000000000000000e+00 0.000000000000000e+00
cras   = 9.819412231445312e-01 5.358352661132812e+00 -6.729324340820312e+00
dst volume info
valid = 1  # volume info valid
filename = /out/sourcedata/freesurfer/sub-v1s12x0050135_ses-1/mri/norm.mgz
volume = 256 256 256
voxelsize = 1.000000000000000e+00 1.000000000000000e+00 1.000000000000000e+00
xras   = -1.000000000000000e+00 0.000000000000000e+00 0.000000000000000e+00
yras   = 0.000000000000000e+00 0.000000000000000e+00 -1.000000000000000e+00
zras   = 0.000000000000000e+00 1.000000000000000e+00 0.000000000000000e+00
cras   = 9.819412231445312e-01 5.358352661132812e+00 -6.729324340820312e+00
