#Insight Transform File V1.0
#Transform 0
Transform: AffineTransform_float_3_3
Parameters: 1 -0.000350411 -0.000102761 0.000350412 1 4.96399e-06 0.000102758 -5.03601e-06 1 0.0219933 0.0217952 0.10922
FixedParameters: 0 0 0

#Transform 1
Transform: AffineTransform_float_3_3
Parameters: 1 0.000231193 -6.71684e-05 -0.000231237 1 -0.000322984 6.70191e-05 0.000323015 1 -0.00753701 0.0441929 0.0585336
FixedParameters: 0 0 0

#Transform 2
Transform: AffineTransform_float_3_3
Parameters: 1 0.00049623 -0.00107556 -0.000496865 1 -0.000722467 0.00107445 0.000723534 0.999999 -0.071393 0.00919731 -0.0246811
FixedParameters: 0 0 0

#Transform 3
Transform: AffineTransform_float_3_3
Parameters: 1 0.000940333 -0.000542677 -0.000940266 0.999999 -0.00114849 0.000541044 0.00114951 0.999999 -0.0602528 -0.0413693 -0.0824359
FixedParameters: 0 0 0

#Transform 4
Transform: AffineTransform_float_3_3
Parameters: 1 0.000417767 -0.000361068 -0.000418059 1 -0.000404849 0.00036073 0.000405151 1 0.00176012 0.119951 -0.0816468
FixedParameters: 0 0 0

#Transform 5
Transform: AffineTransform_float_3_3
Parameters: 1 0.000415946 -0.000364562 -0.000417134 0.999997 -0.00216885 0.000363674 0.00216915 0.999997 -0.0345249 0.0379006 -0.332407
FixedParameters: 0 0 0

#Transform 6
Transform: AffineTransform_float_3_3
Parameters: 0.999999 0.000799428 -0.00108878 -0.000799694 0.999999 -0.000724337 0.00108815 0.000724663 0.999999 -0.054556 -0.0283217 -0.239442
FixedParameters: 0 0 0

#Transform 7
Transform: AffineTransform_float_3_3
Parameters: 0.999999 0.000795533 -0.000575801 -0.000796962 0.999999 -0.0015839 0.000574198 0.0015841 0.999998 -0.0211705 -0.037236 -0.383362
FixedParameters: 0 0 0

#Transform 8
Transform: AffineTransform_float_3_3
Parameters: 1 -0.00018895 0.000481135 0.00018916 1 -0.00117491 -0.000480298 0.00117509 0.999999 0.0911873 0.0455097 -0.133392
FixedParameters: 0 0 0

#Transform 9
Transform: AffineTransform_float_3_3
Parameters: 0.999999 -0.00061921 0.000665254 0.00061946 0.999999 -0.00117459 -0.000664326 0.00117541 0.999999 0.104208 0.151346 -0.172536
FixedParameters: 0 0 0

#Transform 10
Transform: AffineTransform_float_3_3
Parameters: 0.999999 -0.000736246 0.000391847 0.000736394 1 -0.000689073 -0.000391752 0.000688928 1 0.108441 0.13638 -0.0847643
FixedParameters: 0 0 0

#Transform 11
Transform: AffineTransform_float_3_3
Parameters: 0.999999 -0.0006196 0.000664892 0.000620384 1 -0.000589949 -0.00066416 0.000590051 0.999999 0.107012 0.156269 -0.204377
FixedParameters: 0 0 0

#Transform 12
Transform: AffineTransform_float_3_3
Parameters: 0.999999 -0.000756259 0.000345012 0.000756399 1 -0.0007711 -0.000344765 0.0007709 0.999999 0.0975095 0.149525 -0.0857007
FixedParameters: 0 0 0

#Transform 13
Transform: AffineTransform_float_3_3
Parameters: 1 -0.000402401 0.000572296 0.000403426 1 -0.00089577 -0.000571574 0.000896231 1 0.0745754 0.174279 -0.16101
FixedParameters: 0 0 0

#Transform 14
Transform: AffineTransform_float_3_3
Parameters: 1 -0.000358402 0.00036221 0.000358332 0.999999 -0.00117487 -0.000360976 0.00117513 0.999999 0.0769471 0.166585 -0.114342
FixedParameters: 0 0 0

#Transform 15
Transform: AffineTransform_float_3_3
Parameters: 0.999999 -0.00075734 0.00034247 0.000757671 0.999999 -0.00105774 -0.000341787 0.00105826 1 0.0983646 0.178425 -0.188106
FixedParameters: 0 0 0

#Transform 16
Transform: AffineTransform_float_3_3
Parameters: 1 -0.000249755 0.000507038 0.000250692 1 -0.000925234 -0.000506575 0.000924766 0.999999 0.0854977 0.154112 -0.150067
FixedParameters: 0 0 0

#Transform 17
Transform: AffineTransform_float_3_3
Parameters: 1 -0.000373718 3.15378e-05 0.000373786 1 -0.00108299 -3.07283e-05 0.00108301 1 0.0619821 0.159259 -0.224963
FixedParameters: 0 0 0

#Transform 18
Transform: AffineTransform_float_3_3
Parameters: 1 -0.000102602 0.000128771 0.000102942 0.999999 -0.00131999 -0.000128499 0.00132001 0.999999 0.0508934 0.134382 -0.20218
FixedParameters: 0 0 0

#Transform 19
Transform: AffineTransform_float_3_3
Parameters: 1 -0.00010215 -7.44098e-06 0.000101745 0.999999 -0.000861 6.69672e-06 0.000860999 0.999999 0.0373306 0.148328 -0.239764
FixedParameters: 0 0 0

#Transform 20
Transform: AffineTransform_float_3_3
Parameters: 1 -0.00011331 -6.13337e-05 0.000113113 0.999998 -0.00160101 6.16962e-05 0.00160099 0.999998 0.0247185 0.125074 -0.276646
FixedParameters: 0 0 0

#Transform 21
Transform: AffineTransform_float_3_3
Parameters: 1 -3.79891e-05 -0.000598148 3.83432e-05 1 -0.000473023 0.000597792 0.000472977 0.999999 -0.00322999 0.105775 -0.198264
FixedParameters: 0 0 0

#Transform 22
Transform: AffineTransform_float_3_3
Parameters: 1 0.00017819 -0.00064537 -0.000179085 0.999999 -0.00171073 0.000645286 0.00171027 0.999999 -0.0216868 0.0943183 -0.361771
FixedParameters: 0 0 0

#Transform 23
Transform: AffineTransform_float_3_3
Parameters: 1 0.000228374 -0.000635979 -0.000228528 0.999999 -0.000844854 0.000635201 0.000845144 0.999999 -0.0293558 0.0817318 -0.223693
FixedParameters: 0 0 0

#Transform 24
Transform: AffineTransform_float_3_3
Parameters: 0.999999 -0.000470061 -0.000815835 0.000468338 0.999999 -0.00137954 0.000815818 0.00137946 0.999998 -0.0646473 -0.14959 -0.505536
FixedParameters: 0 0 0

#Transform 25
Transform: AffineTransform_float_3_3
Parameters: 1 9.23606e-05 -0.000383434 -9.25266e-05 0.999998 -0.00192697 0.000383605 0.00192704 0.999998 -0.0164755 -0.0599169 -0.219936
FixedParameters: 0 0 0

#Transform 26
Transform: AffineTransform_float_3_3
Parameters: 1 0.000155363 -4.36268e-05 -0.000155458 1 -0.00108799 4.32886e-05 0.00108801 1 0.00119784 0.0942784 -0.0985688
FixedParameters: 0 0 0

#Transform 27
Transform: AffineTransform_float_3_3
Parameters: 1 -4.08844e-05 -0.000265363 3.98747e-05 0.999998 -0.00190201 0.000265517 0.00190199 0.999998 -0.00469147 0.0541414 -0.152928
FixedParameters: 0 0 0

#Transform 28
Transform: AffineTransform_float_3_3
Parameters: 1 3.61237e-05 -3.5044e-05 -3.62153e-05 0.999999 -0.001309 3.49493e-05 0.001309 0.999999 0.0157927 0.140565 -0.172966
FixedParameters: 0 0 0

#Transform 29
Transform: AffineTransform_float_3_3
Parameters: 1 6.62771e-05 0.000215312 -6.53381e-05 0.999997 -0.00217901 -0.000215599 0.00217898 0.999997 0.0238048 0.130375 -0.23504
FixedParameters: 0 0 0

#Transform 30
Transform: AffineTransform_float_3_3
Parameters: 1 -0.00018159 0.000198422 0.000182024 1 -0.00109596 -0.000198023 0.00109604 1 0.0470121 0.135319 -0.140236
FixedParameters: 0 0 0

#Transform 31
Transform: AffineTransform_float_3_3
Parameters: 1 -0.000159166 0.000321689 0.000160227 0.999998 -0.00165095 -0.000321162 0.00165105 0.999998 0.0368667 0.157828 -0.298251
FixedParameters: 0 0 0

#Transform 32
Transform: AffineTransform_float_3_3
Parameters: 1 -5.28657e-05 0.000323899 5.26365e-05 1 -0.00106698 -0.000323394 0.00106702 1 0.0231988 0.142956 -0.212348
FixedParameters: 0 0 0

#Transform 33
Transform: AffineTransform_float_3_3
Parameters: 1 -0.000124102 0.000190251 0.00012433 0.999998 -0.00162798 -0.000190767 0.00162802 0.999998 0.0337404 0.166995 -0.300743
FixedParameters: 0 0 0

#Transform 34
Transform: AffineTransform_float_3_3
Parameters: 1 -0.000209994 0.000147351 0.000210168 0.999999 -0.000589815 -0.000147103 0.000589185 1 0.0394388 0.15828 -0.194072
FixedParameters: 0 0 0

#Transform 35
Transform: AffineTransform_float_3_3
Parameters: 1 -1.0479e-05 0.000330893 1.16688e-05 0.999999 -0.001798 -0.000330853 0.001798 0.999999 0.0390247 0.156559 -0.325825
FixedParameters: 0 0 0

#Transform 36
Transform: AffineTransform_float_3_3
Parameters: 1 -0.000565508 0.000409485 0.000566057 0.999999 -0.00114977 -0.000409103 0.00115023 1 0.0507051 0.139499 -0.196397
FixedParameters: 0 0 0

#Transform 37
Transform: AffineTransform_float_3_3
Parameters: 1 -0.000314544 0.000207827 0.000314999 0.999998 -0.00204093 -0.000207462 0.00204106 0.999998 0.0439526 0.166273 -0.290619
FixedParameters: 0 0 0

#Transform 38
Transform: AffineTransform_float_3_3
Parameters: 1 -0.000106099 0.000278187 0.000106787 0.999999 -0.00123697 -0.000277924 0.00123703 0.999999 0.0424355 0.144512 -0.196353
FixedParameters: 0 0 0

#Transform 39
Transform: AffineTransform_float_3_3
Parameters: 1 -0.000223153 0.000466695 0.000223582 0.999998 -0.0018659 -0.000466389 0.00186611 0.999998 0.0479027 0.16672 -0.300072
FixedParameters: 0 0 0

#Transform 40
Transform: AffineTransform_float_3_3
Parameters: 1 -0.000254824 0.000134025 0.000254715 1 -0.00105397 -0.000134408 0.00105404 1 0.0567432 0.146628 -0.160276
FixedParameters: 0 0 0

#Transform 41
Transform: AffineTransform_float_3_3
Parameters: 1 -0.000265774 0.000423014 0.000266159 0.999998 -0.00200689 -0.000422474 0.00200711 0.999998 0.0467685 0.171738 -0.275564
FixedParameters: 0 0 0

#Transform 42
Transform: AffineTransform_float_3_3
Parameters: 1 -0.000314099 3.11062e-05 0.000314177 0.999999 -0.00125999 -3.03146e-05 0.00126001 0.999999 0.0281594 0.144658 -0.173159
FixedParameters: 0 0 0

#Transform 43
Transform: AffineTransform_float_3_3
Parameters: 1 -0.000160657 0.000439899 0.000162294 0.999999 -0.00186293 -0.000439298 0.00186307 0.999998 0.0348722 0.172577 -0.284535
FixedParameters: 0 0 0

#Transform 44
Transform: AffineTransform_float_3_3
Parameters: 1 0.000146975 -6.069e-05 -0.000147097 1 -0.00100699 6.03939e-05 0.00100701 1 0.0424405 0.170492 -0.144278
FixedParameters: 0 0 0

#Transform 45
Transform: AffineTransform_float_3_3
Parameters: 1 -0.000103467 3.7823e-05 0.000103601 0.999999 -0.001786 -3.74532e-05 0.00178601 0.999999 0.0381175 0.1903 -0.275302
FixedParameters: 0 0 0

#Transform 46
Transform: AffineTransform_float_3_3
Parameters: 1 -0.00018582 3.60017e-05 0.000185901 1 -0.00114199 -3.55772e-05 0.00114201 1 0.0608172 0.144395 -0.140781
FixedParameters: 0 0 0

#Transform 47
Transform: AffineTransform_float_3_3
Parameters: 1 -0.000132393 0.000109991 0.000132699 0.999999 -0.00139199 -0.000109622 0.00139201 0.999999 0.0473368 0.192229 -0.285767
FixedParameters: 0 0 0

#Transform 48
Transform: AffineTransform_float_3_3
Parameters: 1 -0.000127707 0.000235259 0.000128362 0.999999 -0.00139197 -0.000234903 0.00139203 0.999999 0.0603475 0.159749 -0.153807
FixedParameters: 0 0 0

#Transform 49
Transform: AffineTransform_float_3_3
Parameters: 1 -0.000115009 -4.75707e-05 0.000114485 0.999999 -0.00139201 4.69704e-05 0.00139199 0.999999 0.0500628 0.17106 -0.272095
FixedParameters: 0 0 0

#Transform 50
Transform: AffineTransform_float_3_3
Parameters: 1 -0.00010371 0.000415459 0.000104262 0.999999 -0.00177296 -0.000414698 0.00177304 0.999999 0.0693187 0.16237 -0.188391
FixedParameters: 0 0 0

#Transform 51
Transform: AffineTransform_float_3_3
Parameters: 1 -0.000126884 -0.000133886 0.000126602 0.999999 -0.00105166 0.000134153 0.00105234 1 0.0412426 0.179072 -0.226517
FixedParameters: 0 0 0

#Transform 52
Transform: AffineTransform_float_3_3
Parameters: 1 -6.97817e-05 0.000233314 6.91569e-05 0.999999 -0.00147198 -0.000233637 0.00147202 0.999999 0.0494596 0.150514 -0.229695
FixedParameters: 0 0 0

#Transform 53
Transform: AffineTransform_float_3_3
Parameters: 1 -8.65103e-05 -2.93424e-05 8.64505e-05 1 -0.001015 2.9518e-05 0.001015 1 0.0120435 0.154933 -0.291678
FixedParameters: 0 0 0

#Transform 54
Transform: AffineTransform_float_3_3
Parameters: 1 -6.99815e-05 -3.63812e-05 7.0786e-05 0.999998 -0.001588 3.62124e-05 0.001588 0.999998 0.00973138 0.145386 -0.24568
FixedParameters: 0 0 0

#Transform 55
Transform: AffineTransform_float_3_3
Parameters: 1 -0.000104256 -0.000319774 0.00010342 0.999999 -0.00130703 0.000320046 0.00130697 0.999999 0.00440453 0.132782 -0.283415
FixedParameters: 0 0 0

#Transform 56
Transform: AffineTransform_float_3_3
Parameters: 1 -0.000242783 3.77044e-05 0.000242917 0.999999 -0.00180099 -3.68297e-05 0.00180101 0.999999 0.0153409 0.153055 -0.258776
FixedParameters: 0 0 0

#Transform 57
Transform: AffineTransform_float_3_3
Parameters: 1 -0.000283568 -0.000556312 0.000283469 1 -0.000915159 0.000556438 0.000914843 1 0.0127991 0.159532 -0.220924
FixedParameters: 0 0 0

#Transform 58
Transform: AffineTransform_float_3_3
Parameters: 1 -0.000200519 -0.000117495 0.000201006 0.999999 -0.00184202 0.000117842 0.00184198 0.999999 0.0174614 0.163728 -0.238368
FixedParameters: 0 0 0

#Transform 59
Transform: AffineTransform_float_3_3
Parameters: 1 -0.00033979 -0.00018426 0.000340009 0.999999 -0.000838062 0.000183518 0.000837937 0.999999 0.0143928 0.173145 -0.144098
FixedParameters: 0 0 0

#Transform 60
Transform: AffineTransform_float_3_3
Parameters: 1 -0.000438438 -5.57639e-05 0.000438232 0.999999 -0.00181503 5.73551e-05 0.00181498 0.999999 0.0410793 0.178649 -0.266319
FixedParameters: 0 0 0

#Transform 61
Transform: AffineTransform_float_3_3
Parameters: 1 -0.000459295 -0.000433351 0.000458621 0.999999 -0.000777198 0.000434064 0.0007768 0.999999 0.0347295 0.166486 -0.130228
FixedParameters: 0 0 0

#Transform 62
Transform: AffineTransform_float_3_3
Parameters: 1 -0.000551254 -0.00026112 0.000550556 0.999999 -0.00133314 0.000262588 0.00133286 0.999999 0.0497128 0.183275 -0.273552
FixedParameters: 0 0 0

#Transform 63
Transform: AffineTransform_float_3_3
Parameters: 1 -0.000506348 -0.000415183 0.000506039 0.999999 -0.00147736 0.000416286 0.00147764 0.999998 0.0352763 0.161441 -0.166284
FixedParameters: 0 0 0

#Transform 64
Transform: AffineTransform_float_3_3
Parameters: 1 -0.000428969 -0.000557109 0.00042825 0.999999 -0.00147024 0.000557977 0.00146976 0.999999 0.0437037 0.182893 -0.300803
FixedParameters: 0 0 0

#Transform 65
Transform: AffineTransform_float_3_3
Parameters: 0.999999 -0.000623807 -0.000365138 0.000623135 1 -0.000919229 0.000366284 0.000918773 1 0.0474572 0.176731 -0.150941
FixedParameters: 0 0 0

#Transform 66
Transform: AffineTransform_float_3_3
Parameters: 1 -0.000494271 -0.00042045 0.000493281 0.999999 -0.00117621 0.000421611 0.00117579 0.999999 0.0570957 0.188192 -0.251296
FixedParameters: 0 0 0

#Transform 67
Transform: AffineTransform_float_3_3
Parameters: 0.999999 -0.000634858 -0.000446114 0.000634128 0.999999 -0.00140928 0.00044659 0.00140872 0.999999 0.0332939 0.167333 -0.189535
FixedParameters: 0 0 0

#Transform 68
Transform: AffineTransform_float_3_3
Parameters: 1 -0.000413195 -0.000472562 0.000413066 1 -0.0011092 0.000473086 0.00110881 1 0.0318039 0.165672 -0.200064
FixedParameters: 0 0 0

#Transform 69
Transform: AffineTransform_float_3_3
Parameters: 1 -0.000407343 -0.000453229 0.000406904 0.999999 -0.00149734 0.000454056 0.00149766 0.999998 0.0262329 0.188151 -0.264134
FixedParameters: 0 0 0

#Transform 70
Transform: AffineTransform_float_3_3
Parameters: 1 -0.000391606 -0.000493826 0.000391776 0.999999 -0.000759193 0.000494028 0.000758806 0.999999 0.0129672 0.187814 -0.134529
FixedParameters: 0 0 0

#Transform 71
Transform: AffineTransform_float_3_3
Parameters: 0.999999 -0.000476783 -0.000572575 0.000476237 0.999999 -0.00127927 0.000573402 0.00127873 0.999999 0.0352517 0.185379 -0.282667
FixedParameters: 0 0 0

#Transform 72
Transform: AffineTransform_float_3_3
Parameters: 0.999999 -0.000679495 -0.000655648 0.000679239 1 -0.000896446 0.000656473 0.000895555 1 0.048653 0.18177 -0.147401
FixedParameters: 0 0 0

#Transform 73
Transform: AffineTransform_float_3_3
Parameters: 0.999999 -0.000655469 -0.000381094 0.000655498 0.999999 -0.00065425 0.000380639 0.00065375 0.999999 0.0607044 0.175245 -0.189962
FixedParameters: 0 0 0

#Transform 74
Transform: AffineTransform_float_3_3
Parameters: 0.999999 -0.000689347 -0.00047173 0.000688536 0.999999 -0.00141832 0.000472371 0.00141767 0.999999 0.0596841 0.181128 -0.208532
FixedParameters: 0 0 0

#Transform 75
Transform: AffineTransform_float_3_3
Parameters: 0.999999 -0.000755631 -0.000414403 0.000755988 0.999999 -0.000679107 0.000415037 0.000679894 1 0.0619441 0.173418 -0.149431
FixedParameters: 0 0 0

#Transform 76
Transform: AffineTransform_float_3_3
Parameters: 0.999999 -0.000618791 -0.000413896 0.000618269 0.999999 -0.00126641 0.000414151 0.00126659 0.999999 0.0413164 0.203076 -0.250522
FixedParameters: 0 0 0

#Transform 77
Transform: AffineTransform_float_3_3
Parameters: 0.999999 -0.000670424 -0.000541172 0.000669927 0.999999 -0.000459362 0.000541787 0.000458637 0.999999 0.0465304 0.206403 -0.14704
FixedParameters: 0 0 0

#Transform 78
Transform: AffineTransform_float_3_3
Parameters: 0.999999 -0.000617917 -0.000437057 0.000617615 0.999999 -0.00139627 0.000438389 0.00139573 0.999999 0.0447248 0.208489 -0.248282
FixedParameters: 0 0 0

#Transform 79
Transform: AffineTransform_float_3_3
Parameters: 0.999999 -0.000688838 -0.000436497 0.000688906 1 -0.000527454 0.000435911 0.000527546 0.999999 0.044959 0.195613 -0.138813
FixedParameters: 0 0 0

#Transform 80
Transform: AffineTransform_float_3_3
Parameters: 1 -0.000695421 -0.000696428 0.000694161 0.999998 -0.00156312 0.000698208 0.00156288 0.999999 0.0559361 0.196897 -0.2362
FixedParameters: 0 0 0

#Transform 81
Transform: AffineTransform_float_3_3
Parameters: 1 -0.00101492 -0.000639716 0.00101419 0.999999 -0.000566442 0.000640865 0.000566557 1 0.0563607 0.189228 -0.145523
FixedParameters: 0 0 0

#Transform 82
Transform: AffineTransform_float_3_3
Parameters: 1 -0.000842851 -0.000538982 0.000842714 0.999999 -0.000979455 0.00054024 0.000978546 1 0.0614005 0.209733 -0.234006
FixedParameters: 0 0 0

#Transform 83
Transform: AffineTransform_float_3_3
Parameters: 1 -0.000829347 -0.000745121 0.000829119 0.999999 -0.000507257 0.00074465 0.000506744 1 0.0451688 0.180246 -0.132795
FixedParameters: 0 0 0

#Transform 84
Transform: AffineTransform_float_3_3
Parameters: 1 -0.000890431 -0.000657843 0.000890052 0.999999 -0.000986587 0.000659207 0.000985414 1 0.0601853 0.196675 -0.221441
FixedParameters: 0 0 0

#Transform 85
Transform: AffineTransform_float_3_3
Parameters: 1 -0.000930612 -0.000646502 0.00093014 0.999999 -0.000365601 0.000647181 0.000364398 0.999999 0.0611266 0.18687 -0.0957684
FixedParameters: 0 0 0

#Transform 86
Transform: AffineTransform_float_3_3
Parameters: 1 -0.00101858 -0.000655399 0.00101849 1 -0.000771823 0.000656578 0.000771178 1 0.0974386 0.213276 -0.183439
FixedParameters: 0 0 0

#Transform 87
Transform: AffineTransform_float_3_3
Parameters: 0.999999 -0.00134282 -0.00102816 0.00134228 0.999999 -0.000522327 0.00102825 0.000521673 0.999999 0.0803778 0.210533 -0.126862
FixedParameters: 0 0 0

#Transform 88
Transform: AffineTransform_float_3_3
Parameters: 0.999998 -0.0013303 -0.000998666 0.00133007 0.999998 -0.000575122 0.000999802 0.000573877 0.999999 0.0854863 0.200104 -0.175922
FixedParameters: 0 0 0

#Transform 89
Transform: AffineTransform_float_3_3
Parameters: 1 -0.00101188 -0.000658547 0.00101138 0.999999 -0.000380305 0.000659315 0.000379694 1 0.0907646 0.204176 -0.120045
FixedParameters: 0 0 0

#Transform 90
Transform: AffineTransform_float_3_3
Parameters: 0.999999 -0.00140033 -0.00116364 0.0013992 0.999998 -0.000317421 0.0011636 0.000315578 0.999999 0.08991 0.217479 -0.179355
FixedParameters: 0 0 0

#Transform 91
Transform: AffineTransform_float_3_3
Parameters: 0.999999 -0.00117237 -0.00104452 0.00117246 0.999999 -0.000397018 0.00104506 0.000395982 0.999999 0.0659763 0.208448 -0.125101
FixedParameters: 0 0 0

#Transform 92
Transform: AffineTransform_float_3_3
Parameters: 0.999998 -0.00115762 -0.00113239 0.00115682 0.999999 -0.000353949 0.00113321 0.000352049 0.999999 0.0846182 0.232532 -0.160377
FixedParameters: 0 0 0

#Transform 93
Transform: AffineTransform_float_3_3
Parameters: 0.999999 -0.00166381 -0.000657495 0.00166295 0.999998 -0.000354248 0.000657751 0.000352752 1 0.0714211 0.223531 -0.100384
FixedParameters: 0 0 0

#Transform 94
Transform: AffineTransform_float_3_3
Parameters: 0.999998 -0.00148426 -0.000558134 0.00148398 0.999999 -0.000250983 0.000558878 0.000250017 1 0.0766227 0.245166 -0.173544
FixedParameters: 0 0 0

#Transform 95
Transform: AffineTransform_float_3_3
Parameters: 0.999998 -0.00158331 -0.00046896 0.00158259 0.999999 -0.000353897 0.000469159 0.000353104 1 0.0869744 0.215947 -0.0996666
FixedParameters: 0 0 0

#Transform 96
Transform: AffineTransform_float_3_3
Parameters: 0.999998 -0.00170932 -0.000766056 0.00170964 0.999999 0.000206383 0.000765348 -0.000207616 1 0.10885 0.239699 -0.156716
FixedParameters: 0 0 0

#Transform 97
Transform: AffineTransform_float_3_3
Parameters: 0.999998 -0.00191533 -0.000905861 0.00191492 0.999998 -0.000225043 0.000906719 0.000222956 0.999999 0.0890738 0.220514 -0.112222
FixedParameters: 0 0 0

#Transform 98
Transform: AffineTransform_float_3_3
Parameters: 0.999999 -0.00164109 -0.000605993 0.00164173 0.999999 0.000206698 0.000606233 -0.000207303 1 0.0919906 0.236445 -0.151366
FixedParameters: 0 0 0

#Transform 99
Transform: AffineTransform_float_3_3
Parameters: 0.999999 -0.00150528 -0.000285382 0.00150539 0.999999 -0.000726585 0.000286257 0.000726416 1 0.0905164 0.228455 -0.210996
FixedParameters: 0 0 0

#Transform 100
Transform: AffineTransform_float_3_3
Parameters: 0.999999 -0.00179834 0.000275354 0.00179949 0.999999 -0.000408381 -0.000274276 0.000408618 1 0.136795 0.251031 -0.0211393
FixedParameters: 0 0 0

#Transform 101
Transform: AffineTransform_float_3_3
Parameters: 0.999998 -0.00186097 0.000301509 0.00186104 0.999998 -0.000113161 -0.000301088 0.000112839 1 0.159084 0.297256 -0.175291
FixedParameters: 0 0 0

#Transform 102
Transform: AffineTransform_float_3_3
Parameters: 0.999998 -0.00189968 0.00019279 0.00189968 0.999998 -9.50947e-06 -0.000192754 9.4905e-06 1 0.122801 0.241994 -0.0959517
FixedParameters: 0 0 0

#Transform 103
Transform: AffineTransform_float_3_3
Parameters: 0.999998 -0.00198945 -0.000174151 0.00198999 0.999998 0.000410625 0.000173436 -0.000411375 0.999999 0.125531 0.266652 -0.170861
FixedParameters: 0 0 0

#Transform 104
Transform: AffineTransform_float_3_3
Parameters: 0.999999 -0.00185683 0.000138653 0.00185752 0.999998 -0.000585619 -0.00013779 0.000585381 1 0.122626 0.232119 -0.161541
FixedParameters: 0 0 0

#Transform 105
Transform: AffineTransform_float_3_3
Parameters: 0.999998 -0.00199109 -0.000177081 0.0019911 0.999998 3.37718e-05 0.000176944 -3.52281e-05 1 0.105749 0.226729 -0.12197
FixedParameters: 0 0 0

#Transform 106
Transform: AffineTransform_float_3_3
Parameters: 0.999999 -0.00185685 0.000138414 0.0018575 0.999998 -0.000456619 -0.00013803 0.000456381 1 0.0989477 0.239367 -0.252656
FixedParameters: 0 0 0

#Transform 107
Transform: AffineTransform_float_3_3
Parameters: 0.999999 -0.00185688 0.000138061 0.00185748 0.999999 -0.00026662 -0.000138383 0.000266382 1 0.109038 0.239911 -0.118092
FixedParameters: 0 0 0

#Transform 108
Transform: AffineTransform_float_3_3
Parameters: 0.999999 -0.00175748 -0.000403435 0.00175818 0.999998 -0.000266864 0.00040398 0.000266137 1 0.0833009 0.247006 -0.241954
FixedParameters: 0 0 0

#Transform 109
Transform: AffineTransform_float_3_3
Parameters: 0.999999 -0.00174142 -0.000348833 0.00174186 0.999999 6.07237e-05 0.00034954 -6.12775e-05 0.999999 0.0758863 0.236429 -0.133244
FixedParameters: 0 0 0

#Transform 110
Transform: AffineTransform_float_3_3
Parameters: 0.999999 -0.00170931 -0.000544396 0.00170961 0.999998 0.000274916 0.000543454 -0.000276083 1 0.0717302 0.265281 -0.160761
FixedParameters: 0 0 0

#Transform 111
Transform: AffineTransform_float_3_3
Parameters: 0.999999 -0.00143384 7.72518e-05 0.00143351 0.999999 -0.000377404 -7.70892e-05 0.000377596 1 0.0845141 0.244757 -0.155383
FixedParameters: 0 0 0

#Transform 112
Transform: AffineTransform_float_3_3
Parameters: 0.999999 -0.00139314 0.000350554 0.00139308 0.999999 9.51276e-05 -0.000350819 -9.48722e-05 1 0.0962566 0.243876 -0.110226
FixedParameters: 0 0 0

#Transform 113
Transform: AffineTransform_float_3_3
Parameters: 0.999999 -0.00144241 0.000100427 0.00144248 0.999999 -0.00033937 -9.94473e-05 0.000339629 1 0.0778775 0.262573 -0.253041
FixedParameters: 0 0 0

#Transform 114
Transform: AffineTransform_float_3_3
Parameters: 0.999998 -0.00168429 -9.39511e-05 0.00168472 0.999998 -0.000511673 9.43621e-05 0.000511327 1 0.0847503 0.227612 -0.0632777
FixedParameters: 0 0 0

#Transform 115
Transform: AffineTransform_float_3_3
Parameters: 0.999999 -0.00184368 0.000167731 0.00184386 0.999998 0.000601435 -0.000169029 -0.000601565 1 0.100654 0.275031 -0.132484
FixedParameters: 0 0 0

#Transform 116
Transform: AffineTransform_float_3_3
Parameters: 0.999999 -0.00153721 9.73947e-05 0.00153688 0.999999 -0.000331365 -9.72954e-05 0.000331635 1 0.0883647 0.266673 -0.129881
FixedParameters: 0 0 0

#Transform 117
Transform: AffineTransform_float_3_3
Parameters: 0.999999 -0.0017847 0.000306928 0.00178435 0.999999 -6.43281e-05 -0.000307618 6.46734e-05 1 0.121818 0.25305 -0.114439
FixedParameters: 0 0 0

#Transform 118
Transform: AffineTransform_float_3_3
Parameters: 0.999998 -0.00188238 7.86143e-05 0.00188298 0.999998 -0.000444728 -7.82528e-05 0.000444272 1 0.102224 0.275082 -0.190237
FixedParameters: 0 0 0

#Transform 119
Transform: AffineTransform_float_3_3
Parameters: 0.999998 -0.00199312 -0.000180892 0.00199352 0.999998 -0.00036203 0.000181023 0.000361972 1 0.0779564 0.25572 -0.0887136
FixedParameters: 0 0 0

#Transform 120
Transform: AffineTransform_float_3_3
Parameters: 0.999999 -0.0017338 -0.000373127 0.00173312 0.999998 -0.000384801 0.00037354 0.000384199 1 0.051128 0.276288 -0.205408
FixedParameters: 0 0 0

#Transform 121
Transform: AffineTransform_float_3_3
Parameters: 0.999998 -0.00162891 -0.000217134 0.00162885 0.999999 -0.000137869 0.000217581 0.000137131 1 0.0519616 0.255654 -0.107279
FixedParameters: 0 0 0

#Transform 122
Transform: AffineTransform_float_3_3
Parameters: 0.999998 -0.0020214 -0.000560723 0.00202236 0.999997 0.000508559 0.000559584 -0.00050944 1 0.0636758 0.285293 -0.112304
FixedParameters: 0 0 0

#Transform 123
Transform: AffineTransform_float_3_3
Parameters: 0.999998 -0.00170809 -0.000182635 0.00170748 0.999998 -0.000574981 0.000183679 0.000575018 0.999999 0.0691165 0.256184 -0.118993
FixedParameters: 0 0 0

#Transform 124
Transform: AffineTransform_float_3_3
Parameters: 0.999998 -0.00206579 -3.10579e-05 0.00206579 0.999998 2.90602e-05 3.0936e-05 -2.99397e-05 1 0.0910872 0.258768 -0.10426
FixedParameters: 0 0 0

#Transform 125
Transform: AffineTransform_float_3_3
Parameters: 0.999998 -0.00186265 -0.0003615 0.00186233 0.999998 -0.000444982 0.000363158 0.000445017 1 0.081537 0.263782 -0.16048
FixedParameters: 0 0 0

#Transform 126
Transform: AffineTransform_float_3_3
Parameters: 0.999998 -0.00190942 -9.77512e-05 0.00190943 0.999998 2.92986e-05 9.76386e-05 -2.97013e-05 1 0.110653 0.2426 -0.0995177
FixedParameters: 0 0 0

#Transform 127
Transform: AffineTransform_float_3_3
Parameters: 0.999999 -0.00177428 -0.00015461 0.00177414 0.999998 -0.000427943 0.000156128 0.000428055 0.999999 0.0952525 0.277377 -0.132125
FixedParameters: 0 0 0

#Transform 128
Transform: AffineTransform_float_3_3
Parameters: 0.999998 -0.00193033 -0.00014501 0.00193064 0.999998 -0.000743797 0.000146569 0.000743204 1 0.124591 0.269579 -0.00394552
FixedParameters: 0 0 0

#Transform 129
Transform: AffineTransform_float_3_3
Parameters: 0.999998 -0.00202007 -6.79254e-05 0.00202052 0.999998 -0.000531014 6.87568e-05 0.000529986 1 0.130138 0.293081 -0.160274
FixedParameters: 0 0 0

#Transform 130
Transform: AffineTransform_float_3_3
Parameters: 0.999998 -0.00227681 -0.000298186 0.00227667 0.999998 -0.000226502 0.000299218 0.000226497 1 0.134769 0.260818 -0.039511
FixedParameters: 0 0 0

#Transform 131
Transform: AffineTransform_float_3_3
Parameters: 0.999997 -0.00207567 -0.000485535 0.00207562 0.999998 -0.000599832 0.000486712 0.000599169 0.999999 0.122903 0.258012 -0.200847
FixedParameters: 0 0 0

#Transform 132
Transform: AffineTransform_float_3_3
Parameters: 0.999997 -0.00224113 -0.000872567 0.00224052 0.999998 -0.000651419 0.00087417 0.000649581 1 0.0398184 0.252952 -0.445405
FixedParameters: 0 0 0

#Transform 133
Transform: AffineTransform_float_3_3
Parameters: 0.999996 -0.00250155 -0.00147288 0.00249813 0.999995 -0.00218694 0.00147817 0.00218306 0.999996 -0.0927422 0.0480838 -0.837993
FixedParameters: 0 0 0

#Transform 134
Transform: AffineTransform_float_3_3
Parameters: 0.999996 -0.00284318 -0.00108835 0.00283904 0.99999 -0.00340387 0.00109758 0.00340112 0.999993 0.0130423 -0.00367328 -0.58206
FixedParameters: 0 0 0

#Transform 135
Transform: AffineTransform_float_3_3
Parameters: 0.999999 -0.00136654 -0.000688503 0.00136542 0.999998 -0.0015791 0.000690191 0.00157791 0.999999 -0.0877745 0.12663 -0.179845
FixedParameters: 0 0 0

#Transform 136
Transform: AffineTransform_float_3_3
Parameters: 0.999998 -0.00188548 -0.000944247 0.00188502 0.999998 -0.000526089 0.000944914 0.000523911 0.999999 -0.0338484 0.239466 -0.101951
FixedParameters: 0 0 0

#Transform 137
Transform: AffineTransform_float_3_3
Parameters: 0.999998 -0.00186065 -0.000954853 0.00186018 0.999998 -0.000526085 0.000955494 0.000523915 0.999999 -0.0368399 0.281009 -0.132637
FixedParameters: 0 0 0

#Transform 138
Transform: AffineTransform_float_3_3
Parameters: 0.999998 -0.00168476 -0.0011235 0.00168319 0.999999 -0.000525839 0.00112435 0.00052416 1 -0.0594217 0.315502 -0.191187
FixedParameters: 0 0 0

#Transform 139
Transform: AffineTransform_float_3_3
Parameters: 0.999998 -0.00184101 -0.00096373 0.00184158 0.999998 -0.000185083 0.000964015 0.000182918 0.999999 -0.0506755 0.278672 -0.169499
FixedParameters: 0 0 0

#Transform 140
Transform: AffineTransform_float_3_3
Parameters: 0.999998 -0.00203596 -0.00104399 0.00203515 0.999997 -0.000641073 0.00104528 0.000638927 1 -0.0260667 0.281586 -0.2593
FixedParameters: 0 0 0

#Transform 141
Transform: AffineTransform_float_3_3
Parameters: 0.999998 -0.00221474 -0.000532348 0.00221542 0.999998 -0.000225003 0.000532951 0.000223998 1 -0.0241267 0.259168 -0.190239
FixedParameters: 0 0 0

#Transform 142
Transform: AffineTransform_float_3_3
Parameters: 0.999998 -0.00224903 -0.000520976 0.00224932 0.999998 -0.000224995 0.000520674 0.000224007 1 -0.0200753 0.255539 -0.240173
FixedParameters: 0 0 0

#Transform 143
Transform: AffineTransform_float_3_3
Parameters: 0.999997 -0.00220495 -0.00041556 0.00220434 0.999997 -0.000898587 0.000417288 0.000897413 0.999999 -0.0102655 0.25102 -0.249014
FixedParameters: 0 0 0

#Transform 144
Transform: AffineTransform_float_3_3
Parameters: 0.999996 -0.002423 -0.000926285 0.00242271 0.999997 -0.000725862 0.000927174 0.00072414 0.999999 0.0148986 0.233717 -0.237449
FixedParameters: 0 0 0

#Transform 145
Transform: AffineTransform_float_3_3
Parameters: 0.999996 -0.00242999 -0.000941101 0.00242905 0.999996 -0.00106175 0.00094363 0.00105925 0.999999 0.0204695 0.231635 -0.279783
FixedParameters: 0 0 0

#Transform 146
Transform: AffineTransform_float_3_3
Parameters: 0.999997 -0.00229535 -0.000627134 0.00229572 0.999997 -0.00085711 0.00062936 0.000854889 0.999999 0.0136293 0.240505 -0.22418
FixedParameters: 0 0 0

#Transform 147
Transform: AffineTransform_float_3_3
Parameters: 0.999997 -0.00235621 -0.0007699 0.00235557 0.999997 -0.000753278 0.000772133 0.000751721 1 0.0194579 0.204115 -0.311866
FixedParameters: 0 0 0

#Transform 148
Transform: AffineTransform_float_3_3
Parameters: 0.999996 -0.00243769 -0.000957993 0.00243718 0.999996 -0.0012988 0.000961301 0.0012962 0.999999 0.0175857 0.172068 -0.283878
FixedParameters: 0 0 0

#Transform 149
Transform: AffineTransform_float_3_3
Parameters: 0.999996 -0.00254933 -0.000102659 0.00254974 0.999997 -0.000596447 0.000104389 0.000596553 1 0.0465324 0.206667 -0.266365
FixedParameters: 0 0 0

#Transform 150
Transform: AffineTransform_float_3_3
Parameters: 0.999996 -0.00257309 -0.000154698 0.00257279 0.999994 -0.00181543 0.000159574 0.00181456 0.999998 0.0734602 0.218068 -0.350178
FixedParameters: 0 0 0

#Transform 151
Transform: AffineTransform_float_3_3
Parameters: 0.999996 -0.00274473 3.3228e-05 0.0027453 0.999995 -0.000670941 -3.08563e-05 0.000671057 1 0.0909309 0.232295 -0.202938
FixedParameters: 0 0 0

#Transform 152
Transform: AffineTransform_float_3_3
Parameters: 0.999996 -0.00254897 -0.000101047 0.00254892 0.999996 -0.00086829 0.00010324 0.00086771 1 0.0887195 0.259803 -0.278493
FixedParameters: 0 0 0

#Transform 153
Transform: AffineTransform_float_3_3
Parameters: 0.999996 -0.0027095 -0.000478571 0.00270971 0.999996 -0.000331482 0.00047905 0.00032952 1 0.0907202 0.245728 -0.199517
FixedParameters: 0 0 0

#Transform 154
Transform: AffineTransform_float_3_3
Parameters: 0.999996 -0.00256032 -0.000128593 0.00256071 0.999997 -0.000524361 0.000129964 0.00052364 1 0.0937691 0.242688 -0.300934
FixedParameters: 0 0 0

#Transform 155
Transform: AffineTransform_float_3_3
Parameters: 0.999996 -0.00272879 -0.000523384 0.00272887 0.999996 -0.000423613 0.000524378 0.000421387 1 0.0806486 0.238087 -0.158258
FixedParameters: 0 0 0

#Transform 156
Transform: AffineTransform_float_3_3
Parameters: 0.999996 -0.0027801 -3.52953e-05 0.00277969 0.999996 -0.000313283 3.61185e-05 0.000313717 1 0.116569 0.278537 -0.289365
FixedParameters: 0 0 0

#Transform 157
Transform: AffineTransform_float_3_3
Parameters: 0.999996 -0.00275737 4.0688e-05 0.00275699 0.999996 -0.000238279 -4.02954e-05 0.000237721 1 0.128365 0.277103 -0.157816
FixedParameters: 0 0 0

#Transform 158
Transform: AffineTransform_float_3_3
Parameters: 0.999996 -0.0030248 -0.000182757 0.00302426 0.999995 -0.000426099 0.000184411 0.0004249 1 0.130791 0.264972 -0.257887
FixedParameters: 0 0 0

#Transform 159
Transform: AffineTransform_float_3_3
Parameters: 0.999996 -0.00287207 4.99915e-06 0.00287221 0.999996 -0.000672533 -3.36811e-06 0.000672468 1 0.126878 0.262875 -0.170479
FixedParameters: 0 0 0

#Transform 160
Transform: AffineTransform_float_3_3
Parameters: 0.999996 -0.00301768 -0.000167234 0.00301726 0.999996 -8.42034e-05 0.000166821 8.37987e-05 1 0.125874 0.280644 -0.235874
FixedParameters: 0 0 0

#Transform 161
Transform: AffineTransform_float_3_3
Parameters: 0.999996 -0.00304455 -0.000227338 0.00304428 0.999995 -0.000886394 0.000230501 0.000885604 0.999999 0.118694 0.253687 -0.191147
FixedParameters: 0 0 0

#Transform 162
Transform: AffineTransform_float_3_3
Parameters: 0.999995 -0.0030927 -0.000342288 0.00309211 0.999996 -0.000286912 0.00034314 0.000286088 0.999999 0.118789 0.266826 -0.211317
FixedParameters: 0 0 0

#Transform 163
Transform: AffineTransform_float_3_3
Parameters: 0.999996 -0.00302839 -0.000190273 0.00302826 0.999995 -0.000677278 0.000192141 0.000676723 1 0.115012 0.281088 -0.162371
FixedParameters: 0 0 0

#Transform 164
Transform: AffineTransform_float_3_3
Parameters: 0.999995 -0.00307858 -0.000309053 0.00307798 0.999995 -0.000327651 0.000310146 0.000326348 1 0.132106 0.283241 -0.16544
FixedParameters: 0 0 0

#Transform 165
Transform: AffineTransform_float_3_3
Parameters: 0.999995 -0.00293367 3.23362e-05 0.00293348 0.999995 -0.00101645 -2.95241e-05 0.00101655 0.999999 0.153218 0.304627 -0.162456
FixedParameters: 0 0 0

#Transform 166
Transform: AffineTransform_float_3_3
Parameters: 0.999995 -0.00293368 3.15031e-05 0.00293386 0.999995 -0.000732455 -2.94371e-05 0.000732545 1 0.167237 0.277823 -0.120495
FixedParameters: 0 0 0

#Transform 167
Transform: AffineTransform_float_3_3
Parameters: 0.999995 -0.00309217 -0.00033814 0.00309121 0.999995 -0.00103339 0.000341376 0.00103261 1 0.14518 0.280301 -0.15883
FixedParameters: 0 0 0

#Transform 168
Transform: AffineTransform_float_3_3
Parameters: 0.999995 -0.00295843 -2.73119e-05 0.00295802 0.999996 -0.000433627 2.89568e-05 0.000433372 1 0.139487 0.276398 -0.112036
FixedParameters: 0 0 0

#Transform 169
Transform: AffineTransform_float_3_3
Parameters: 0.999995 -0.00309304 -0.000339199 0.00309243 0.999995 -0.00128575 0.000342683 0.00128425 0.999999 0.130064 0.300784 -0.186073
FixedParameters: 0 0 0

#Transform 170
Transform: AffineTransform_float_3_3
Parameters: 0.999995 -0.00307032 -0.000289844 0.00306976 0.999995 -0.000293436 0.00029072 0.000291564 1 0.155228 0.269978 -0.0750427
FixedParameters: 0 0 0

#Transform 171
Transform: AffineTransform_float_3_3
Parameters: 0.999996 -0.00305747 -0.00025831 0.00305725 0.999995 -0.000680491 0.000260236 0.000679509 0.999999 0.15148 0.311933 -0.171713
FixedParameters: 0 0 0

#Transform 172
Transform: AffineTransform_float_3_3
Parameters: 0.999996 -0.00305737 -0.000259463 0.00305682 0.999996 -0.000303493 0.000260396 0.000302507 1 0.150075 0.26712 -0.0826719
FixedParameters: 0 0 0

#Transform 173
Transform: AffineTransform_float_3_3
Parameters: 0.999996 -0.00305758 -0.000256914 0.00305674 0.999994 -0.00113713 0.000260714 0.00113687 1 0.144088 0.280987 -0.241958
FixedParameters: 0 0 0

#Transform 174
Transform: AffineTransform_float_3_3
Parameters: 0.999996 -0.00300671 -0.000141159 0.00300665 0.999996 -0.00019097 0.000142305 0.000190029 1 0.163255 0.254901 -0.0981536
FixedParameters: 0 0 0

#Transform 175
Transform: AffineTransform_float_3_3
Parameters: 0.999995 -0.00298371 -0.000323718 0.00298372 0.999995 -0.00100131 0.000326147 0.00100069 1 0.168202 0.264068 -0.24
FixedParameters: 0 0 0

#Transform 176
Transform: AffineTransform_float_3_3
Parameters: 0.999995 -0.00311008 -0.000381909 0.00311018 0.999995 -0.000559043 0.000384071 0.000557956 0.999999 0.173297 0.252934 -0.0532665
FixedParameters: 0 0 0

#Transform 177
Transform: AffineTransform_float_3_3
Parameters: 0.999994 -0.00355089 -0.000872863 0.00355031 0.999993 -0.000334746 0.000875228 0.000331249 0.999999 0.154292 0.289609 -0.242275
FixedParameters: 0 0 0

#Transform 178
Transform: AffineTransform_float_3_3
Parameters: 0.999994 -0.00341731 -0.000907233 0.0034163 0.999994 -0.000635748 0.000909333 0.000632251 0.999999 0.131259 0.218695 -0.204366
FixedParameters: 0 0 0

#Transform 179
Transform: AffineTransform_float_3_3
Parameters: 0.999994 -0.00349549 -0.000369704 0.00349663 0.999994 0.000478858 0.000368191 -0.000480143 1 0.152855 0.294762 -0.214391
FixedParameters: 0 0 0

#Transform 180
Transform: AffineTransform_float_3_3
Parameters: 0.999994 -0.00339657 -5.75577e-05 0.00339612 0.999994 -0.000470411 5.98338e-05 0.000470586 1 0.166691 0.290418 -0.187469
FixedParameters: 0 0 0

#Transform 181
Transform: AffineTransform_float_3_3
Parameters: 0.999994 -0.00328768 0.000263971 0.00328789 0.999995 0.000342965 -0.000265303 -0.000342035 1 0.17913 0.29042 -0.16363
FixedParameters: 0 0 0

#Transform 182
Transform: AffineTransform_float_3_3
Parameters: 0.999995 -0.00334175 0.000289423 0.00334157 0.999994 -0.00035194 -0.000287987 0.000353059 1 0.199032 0.303697 -0.190215
FixedParameters: 0 0 0

#Transform 183
Transform: AffineTransform_float_3_3
Parameters: 0.999993 -0.00379266 -6.62411e-05 0.00379217 0.999993 0.000269023 6.55129e-05 -0.000268978 1 0.204161 0.268335 -0.231716
FixedParameters: 0 0 0

#Transform 184
Transform: AffineTransform_float_3_3
Parameters: 0.999993 -0.00372042 -1.97134e-05 0.00372104 0.999992 -0.000939653 2.31605e-05 0.000939346 0.999999 0.163011 0.245407 -0.357238
FixedParameters: 0 0 0

#Transform 185
Transform: AffineTransform_float_3_3
Parameters: 0.999993 -0.00361627 -0.000196272 0.00361568 0.999993 -0.000821929 0.000199061 0.000821073 1 0.152211 0.234833 -0.266252
FixedParameters: 0 0 0

#Transform 186
Transform: AffineTransform_float_3_3
Parameters: 0.999994 -0.00351579 -0.000115553 0.00351528 0.999994 -0.00104763 0.000119767 0.00104737 1 0.151753 0.257697 -0.281949
FixedParameters: 0 0 0

#Transform 187
Transform: AffineTransform_float_3_3
Parameters: 0.999994 -0.00350078 -8.30392e-05 0.00350033 0.999993 -0.000355352 8.46047e-05 0.000354647 1 0.15219 0.255382 -0.13286
FixedParameters: 0 0 0

#Transform 188
Transform: AffineTransform_float_3_3
Parameters: 0.999994 -0.00361558 -0.000350135 0.00361518 0.999993 -0.000757277 0.000353377 0.000756721 1 0.143538 0.264169 -0.243285
FixedParameters: 0 0 0

#Transform 189
Transform: AffineTransform_float_3_3
Parameters: 0.999994 -0.00352636 -0.000141407 0.00352589 0.999993 -0.000755716 0.000143583 0.000755285 0.999999 0.139085 0.244286 -0.114016
FixedParameters: 0 0 0

#Transform 190
Transform: AffineTransform_float_3_3
Parameters: 0.999994 -0.00360601 -0.000329546 0.00360539 0.999993 -0.000347043 0.000331125 0.000345956 1 0.149583 0.295193 -0.205286
FixedParameters: 0 0 0

#Transform 191
Transform: AffineTransform_float_3_3
