#Insight Transform File V1.0
#Transform 0
Transform: AffineTransform_float_3_3
Parameters: 1 -0.000302691 2.3366e-05 0.000302698 1 -0.000145993 -2.32776e-05 0.000146007 1 0.0155629 0.0110745 0.0578262
FixedParameters: 0 0 0

#Transform 1
Transform: AffineTransform_float_3_3
Parameters: 1 -5.28379e-05 -0.00018829 5.299e-05 1 0.00040399 0.000188247 -0.00040401 1 0.0134771 0.0508962 0.0221632
FixedParameters: 0 0 0

#Transform 2
Transform: AffineTransform_float_3_3
Parameters: 1 0.00021583 -4.36733e-05 -0.000215775 1 0.000631009 4.39457e-05 -0.00063099 1 0.00418964 -0.0834349 -0.0387772
FixedParameters: 0 0 0

#Transform 3
Transform: AffineTransform_float_3_3
Parameters: 1 0.000314781 6.35069e-05 -0.000315399 1 0.00115598 -6.36605e-05 -0.00115602 1 -0.0260333 -0.0714302 -0.0658971
FixedParameters: 0 0 0

#Transform 4
Transform: AffineTransform_float_3_3
Parameters: 1 0.000621033 -7.91922e-05 -0.000621126 0.999999 -0.000586951 7.8463e-05 0.000587049 1 -0.0549039 -0.0580523 -0.173556
FixedParameters: 0 0 0

#Transform 5
Transform: AffineTransform_float_3_3
Parameters: 1 0.00116903 -8.08841e-05 -0.00117002 0.999999 -0.000678543 7.97681e-05 0.000678456 0.999999 -0.0851032 -0.0796973 -0.223801
FixedParameters: 0 0 0

#Transform 6
Transform: AffineTransform_float_3_3
Parameters: 0.999999 0.000842432 0.000443179 -0.000841993 0.999999 -0.000494958 -0.000444013 0.000495042 1 -0.0532988 -0.165487 -0.241775
FixedParameters: 0 0 0

#Transform 7
Transform: AffineTransform_float_3_3
Parameters: 0.999999 0.00148419 -5.66699e-05 -0.00148429 0.999998 -0.00143755 5.4638e-05 0.00143745 0.999999 -0.157036 -0.212476 -0.364973
FixedParameters: 0 0 0

#Transform 8
Transform: AffineTransform_float_3_3
Parameters: 0.999998 0.0017767 0.000664425 -0.00177535 0.999997 -0.00163263 -0.000667516 0.00163137 0.999998 -0.184916 -0.0181368 -0.384776
FixedParameters: 0 0 0

#Transform 9
Transform: AffineTransform_float_3_3
Parameters: 0.999997 0.00221467 0.00105916 -0.00221387 0.999997 -0.000379374 -0.00106083 0.000376623 1 -0.0968844 -0.0837276 -0.461729
FixedParameters: 0 0 0

#Transform 10
Transform: AffineTransform_float_3_3
Parameters: 0.999998 0.00112602 0.00136913 -0.00112653 0.999999 0.000338067 -0.00136973 -0.000338934 0.999999 -0.0555451 -0.0201038 -0.275106
FixedParameters: 0 0 0

#Transform 11
Transform: AffineTransform_float_3_3
Parameters: 0.999998 0.0010448 0.00179913 -0.00104864 0.999997 0.00229395 -0.00179669 -0.00229605 0.999996 -0.0220572 -0.155538 -0.230357
FixedParameters: 0 0 0

#Transform 12
Transform: AffineTransform_float_3_3
Parameters: 0.999991 0.00151095 0.00381726 -0.00151118 0.999999 2.69993e-05 -0.00381717 -3.30002e-05 0.999992 0.0704672 -0.121234 -0.368618
FixedParameters: 0 0 0

#Transform 13
Transform: AffineTransform_float_3_3
Parameters: 0.999993 0.00225399 0.00291402 -0.0022494 0.999996 -0.00131551 -0.00291717 0.00130848 0.999995 0.0523899 -0.0971678 -0.463876
FixedParameters: 0 0 0

#Transform 14
Transform: AffineTransform_float_3_3
Parameters: 0.999996 0.00235899 0.00145012 -0.00235717 0.999997 -0.00121648 -0.00145267 0.00121352 0.999998 -0.0729062 -0.211133 -0.530846
FixedParameters: 0 0 0

#Transform 15
Transform: AffineTransform_float_3_3
Parameters: 0.999995 0.00244183 0.00160725 -0.00244065 0.999997 -0.000770567 -0.00160918 0.000767433 0.999998 -0.0833336 -0.103799 -0.501264
FixedParameters: 0 0 0

#Transform 16
Transform: AffineTransform_float_3_3
Parameters: 0.999993 0.00245965 0.00257691 -0.00246435 0.999996 0.00175485 -0.00257284 -0.00176115 0.999995 0.000587493 -0.174944 -0.478619
FixedParameters: 0 0 0

#Transform 17
Transform: AffineTransform_float_3_3
Parameters: 0.999998 -0.00152907 0.000789822 0.00151529 0.999862 0.0165518 -0.00081416 -0.0165502 0.999863 0.131738 0.039633 0.427386
FixedParameters: 0 0 0

#Transform 18
Transform: AffineTransform_float_3_3
Parameters: 0.999998 0.000572992 -0.00222417 -0.000542329 0.999908 0.0135467 0.00223247 -0.0135453 0.999905 -0.202995 -0.22637 0.138508
FixedParameters: 0 0 0

#Transform 19
Transform: AffineTransform_float_3_3
Parameters: 1 0.000832479 0.000617263 -0.000835232 0.999993 0.00361849 -0.000614405 -0.00361951 0.999994 -0.057851 -0.15748 -0.492542
FixedParameters: 0 0 0

#Transform 20
Transform: AffineTransform_float_3_3
Parameters: 0.999999 -0.000350759 -0.000694455 0.000362734 0.999846 0.0175868 0.0006885 -0.0175873 0.999845 -0.0596215 0.0214727 0.19785
FixedParameters: 0 0 0

#Transform 21
Transform: AffineTransform_float_3_3
Parameters: 1 0.00103006 -0.000559536 -0.00102256 0.999922 0.0124482 0.000572738 -0.0124478 0.999922 -0.0973696 -0.041652 0.0682483
FixedParameters: 0 0 0

#Transform 22
Transform: AffineTransform_float_3_3
Parameters: 0.999999 -0.000592568 0.00141856 0.000572656 0.9999 0.0141531 -0.00142665 -0.014152 0.999899 -0.011056 0.0189537 0.0145795
FixedParameters: 0 0 0

#Transform 23
Transform: AffineTransform_float_3_3
Parameters: 0.999969 -0.00243155 -0.00758317 0.00239256 0.999983 -0.00526682 0.00759581 0.00524818 0.999957 -0.161505 -0.211108 -0.836777
FixedParameters: 0 0 0

#Transform 24
Transform: AffineTransform_float_3_3
Parameters: 0.999963 0.000781515 -0.00855024 -0.000669867 0.999915 0.013002 0.0085591 -0.012996 0.999879 -0.166123 -0.122599 -0.0684477
FixedParameters: 0 0 0

#Transform 25
Transform: AffineTransform_float_3_3
Parameters: 0.999973 0.00101921 -0.00733757 -0.000942282 0.999945 0.0105013 0.00734726 -0.0104947 0.999918 -0.201568 -0.110039 -0.0478523
FixedParameters: 0 0 0

#Transform 26
Transform: AffineTransform_float_3_3
Parameters: 0.999982 0.0031614 -0.00522019 -0.00305392 0.999788 0.0203671 0.00528338 -0.0203509 0.999779 -0.23507 -0.182792 0.440937
FixedParameters: 0 0 0

#Transform 27
Transform: AffineTransform_float_3_3
Parameters: 0.999994 -2.98099e-05 -0.00347259 3.14673e-05 1 0.000433664 0.00347215 -0.000433335 0.999994 -0.194642 -0.196807 -0.184302
FixedParameters: 0 0 0

#Transform 28
Transform: AffineTransform_float_3_3
Parameters: 0.999993 0.0025386 -0.00273697 -0.0025346 0.999996 0.00123898 0.00274018 -0.00123202 0.999996 -0.141463 -0.127802 0.0808293
FixedParameters: 0 0 0

#Transform 29
Transform: AffineTransform_float_3_3
Parameters: 0.999988 0.00251212 -0.0043609 -0.00248898 0.999983 0.00525409 0.00437433 -0.00524391 0.999977 -0.288464 -0.00419339 1.02941
FixedParameters: 0 0 0

#Transform 30
Transform: AffineTransform_float_3_3
Parameters: 0.999986 0.00386519 -0.00345347 -0.00383148 0.999945 0.00977812 0.00349022 -0.00976388 0.999946 -0.291098 -0.0576819 0.136858
FixedParameters: 0 0 0

#Transform 31
Transform: AffineTransform_float_3_3
Parameters: 0.999995 0.00124505 -0.00297104 -0.00118944 0.999823 0.0188033 0.00299373 -0.0187997 0.999819 -0.151588 0.0494792 0.470891
FixedParameters: 0 0 0

#Transform 32
Transform: AffineTransform_float_3_3
Parameters: 0.999962 0.0079674 0.00333145 -0.00800841 0.999891 0.0124385 -0.00323247 -0.0124645 0.999917 -0.106798 -0.209426 -0.259785
FixedParameters: 0 0 0

#Transform 33
Transform: AffineTransform_float_3_3
Parameters: 0.999991 0.00050302 -0.0042675 -0.000440637 0.999893 0.0146023 0.0042749 -0.0146007 0.999885 -0.0757989 0.0204441 -0.0233409
FixedParameters: 0 0 0

#Transform 34
Transform: AffineTransform_float_3_3
Parameters: 0.99997 0.000633965 -0.00763533 -0.000595935 0.999989 0.00489945 0.00763831 -0.00489455 0.999959 -0.287755 0.046557 -0.18125
FixedParameters: 0 0 0

#Transform 35
Transform: AffineTransform_float_3_3
Parameters: 0.999974 0.000665068 -0.00719267 -0.00054631 0.999865 0.0164112 0.00720272 -0.0164067 0.999839 -0.141039 -0.0191494 -0.0465104
FixedParameters: 0 0 0

#Transform 36
Transform: AffineTransform_float_3_3
Parameters: 0.999962 -0.000264262 -0.00871648 0.000559523 0.999428 0.0338158 0.00870275 -0.0338192 0.99939 -0.0597174 -0.0716871 0.697804
FixedParameters: 0 0 0

#Transform 37
Transform: AffineTransform_float_3_3
Parameters: 0.999974 0.000563857 -0.007276 -0.000342324 0.99954 0.0303404 0.00728972 -0.0303366 0.999513 -0.0699966 -0.154387 0.495144
FixedParameters: 0 0 0

#Transform 38
Transform: AffineTransform_float_3_3
Parameters: 0.999986 0.00468001 0.00269609 -0.00472525 0.999848 0.0167809 -0.00261721 -0.0167931 0.999855 -0.0237991 -0.31057 -0.0164135
FixedParameters: 0 0 0

#Transform 39
Transform: AffineTransform_float_3_3
Parameters: 0.999953 -0.00167387 0.00960731 0.00133336 0.999372 0.0353891 -0.00966027 -0.0353749 0.999327 0.114501 0.141104 0.695778
FixedParameters: 0 0 0

#Transform 40
Transform: AffineTransform_float_3_3
Parameters: 0.999994 -0.00273253 0.00240556 0.00265735 0.999519 0.0308902 -0.00248911 -0.0308828 0.99952 0.181506 -0.00912094 0.743447
FixedParameters: 0 0 0

#Transform 41
Transform: AffineTransform_float_3_3
Parameters: 0.999998 -7.71907e-05 0.00194319 2.57648e-05 0.999656 0.0262358 -0.00194456 -0.0262353 0.999654 0.082045 -0.0144821 0.537122
FixedParameters: 0 0 0

#Transform 42
Transform: AffineTransform_float_3_3
Parameters: 0.999998 0.00107357 0.00118415 -0.00110255 0.999685 0.0250569 -0.00115681 -0.0250581 0.999685 0.0367761 0.11975 1.35449
FixedParameters: 0 0 0

#Transform 43
Transform: AffineTransform_float_3_3
Parameters: 0.999988 0.0014355 -0.00483638 -0.00129226 0.999565 0.0294573 0.00487628 -0.0294507 0.999554 -0.261788 0.519352 3.44135
FixedParameters: 0 0 0

#Transform 44
Transform: AffineTransform_float_3_3
Parameters: 0.999975 0.00293087 -0.00652712 -0.00283378 0.999885 0.0148879 0.00656989 -0.0148691 0.999867 -0.39851 0.168465 1.45563
FixedParameters: 0 0 0

#Transform 45
Transform: AffineTransform_float_3_3
Parameters: 0.999987 0.0046879 -0.00192165 -0.00466947 0.999945 0.00930824 0.0019649 -0.00929975 0.999955 -0.00634226 -0.138982 0.774055
FixedParameters: 0 0 0

#Transform 46
Transform: AffineTransform_float_3_3
Parameters: 0.999987 0.00496831 -0.00167675 -0.00493015 0.999749 0.0218163 0.00178452 -0.0218077 0.99976 0.127605 -0.179586 -0.117718
FixedParameters: 0 0 0

#Transform 47
Transform: AffineTransform_float_3_3
Parameters: 0.999984 0.00523904 0.00245189 -0.00530638 0.999581 0.0284506 -0.00230253 -0.0284634 0.999592 0.079903 -0.399165 -1.02245
FixedParameters: 0 0 0

#Transform 48
Transform: AffineTransform_float_3_3
Parameters: 0.999983 0.00487509 0.00301101 -0.00492581 0.99984 0.0171967 -0.00292652 -0.0172113 0.999848 0.192692 -0.330134 -1.27511
FixedParameters: 0 0 0

#Transform 49
Transform: AffineTransform_float_3_3
Parameters: 0.999991 0.00381164 0.00149859 -0.00383775 0.999838 0.017612 -0.00143073 -0.017618 0.999844 0.208187 -0.130547 -1.44696
FixedParameters: 0 0 0

#Transform 50
Transform: AffineTransform_float_3_3
Parameters: 0.999997 0.00214244 0.000316567 -0.00214657 0.999885 0.0150613 -0.000285203 -0.0150617 0.999886 0.217544 -0.314009 -1.19468
FixedParameters: 0 0 0

#Transform 51
Transform: AffineTransform_float_3_3
Parameters: 0.999997 0.00251356 0.000335799 -0.00251915 0.999827 0.0183981 -0.000289435 -0.0183989 0.99983 0.160847 -0.258886 -1.29367
FixedParameters: 0 0 0

#Transform 52
Transform: AffineTransform_float_3_3
Parameters: 0.999986 0.00474681 0.00201082 -0.00477798 0.999865 0.0157673 -0.00193613 -0.0157767 0.999873 0.126493 -0.43811 -1.74528
FixedParameters: 0 0 0

#Transform 53
Transform: AffineTransform_float_3_3
Parameters: 0.999988 0.00458243 0.00183621 -0.00461429 0.999836 0.0174859 -0.00175536 -0.0174941 0.999845 0.144114 -0.69494 -1.9892
FixedParameters: 0 0 0

#Transform 54
Transform: AffineTransform_float_3_3
Parameters: 0.999987 0.00468828 0.00164412 -0.00471686 0.99983 0.0178382 -0.00156072 -0.0178458 0.99984 0.137334 -0.578834 -1.85521
FixedParameters: 0 0 0

#Transform 55
Transform: AffineTransform_float_3_3
Parameters: 0.99998 0.005933 0.00225383 -0.00597612 0.99979 0.0195903 -0.00213745 -0.0196037 0.999805 0.105998 -0.486446 -1.74153
FixedParameters: 0 0 0

#Transform 56
Transform: AffineTransform_float_3_3
Parameters: 0.999965 0.00682613 0.00470175 -0.00692373 0.999755 0.0210236 -0.00455729 -0.0210554 0.999768 0.0487475 -0.362139 -1.66046
FixedParameters: 0 0 0

#Transform 57
Transform: AffineTransform_float_3_3
Parameters: 0.999984 0.00447584 0.00346371 -0.00454351 0.999796 0.0196751 -0.00337519 -0.0196909 0.999801 0.119332 -0.566399 -1.71872
FixedParameters: 0 0 0

#Transform 58
Transform: AffineTransform_float_3_3
Parameters: 0.999983 0.00474447 0.00336764 -0.00480186 0.999842 0.0171592 -0.00328624 -0.0171748 0.999847 0.124003 -0.599603 -1.82971
FixedParameters: 0 0 0

#Transform 59
Transform: AffineTransform_float_3_3
Parameters: 0.999984 0.00460075 0.00327158 -0.00465424 0.999855 0.0163889 -0.00319549 -0.0164041 0.99986 0.122861 -0.605509 -1.97685
FixedParameters: 0 0 0

#Transform 60
Transform: AffineTransform_float_3_3
Parameters: 0.999982 0.00463911 0.00360384 -0.00469073 0.999885 0.014424 -0.00353632 -0.014441 0.999889 0.108122 -0.643368 -2.05915
FixedParameters: 0 0 0

#Transform 61
Transform: AffineTransform_float_3_3
Parameters: 0.999984 0.00470243 0.00319788 -0.00475307 0.999861 0.0159639 -0.00312246 -0.0159791 0.999868 0.101119 -0.70011 -2.06319
FixedParameters: 0 0 0

#Transform 62
Transform: AffineTransform_float_3_3
Parameters: 0.999983 0.00492665 0.0031237 -0.00497272 0.999873 0.0151014 -0.0030492 -0.0151166 0.999881 0.123171 -0.629915 -2.02908
FixedParameters: 0 0 0

#Transform 63
Transform: AffineTransform_float_3_3
Parameters: 0.999995 0.00219616 -0.00229021 -0.00217533 0.999957 0.00902103 0.00231006 -0.00901597 0.999957 0.0746989 0.0373861 -0.137897
FixedParameters: 0 0 0

#Transform 64
Transform: AffineTransform_float_3_3
Parameters: 0.999889 0.000749789 -0.0148735 -0.000256913 0.999451 0.0331171 0.01489 -0.033109 0.999341 -0.356871 -0.410811 0.733434
FixedParameters: 0 0 0

#Transform 65
Transform: AffineTransform_float_3_3
Parameters: 0.999962 0.00787453 -0.00375372 -0.00787875 0.999969 -0.000932722 0.00374631 0.000963277 0.999993 -0.334335 -0.276212 -1.73493
FixedParameters: 0 0 0

#Transform 66
Transform: AffineTransform_float_3_3
Parameters: 0.999942 0.0102221 -0.00355318 -0.0102503 0.999916 -0.00799412 0.00347159 0.00803089 0.999962 -0.470796 -0.774115 -2.72478
FixedParameters: 0 0 0

#Transform 67
Transform: AffineTransform_float_3_3
Parameters: 0.999939 0.0104883 -0.00347786 -0.0105029 0.999935 -0.00427985 0.00343287 0.00431615 0.999985 -0.477212 -0.707361 -2.56764
FixedParameters: 0 0 0

#Transform 68
Transform: AffineTransform_float_3_3
Parameters: 0.999916 0.0122474 -0.00408674 -0.012258 0.999921 -0.00259374 0.00405537 0.00264427 0.999988 -0.568203 -0.664083 -2.47042
FixedParameters: 0 0 0

#Transform 69
Transform: AffineTransform_float_3_3
Parameters: 0.999906 0.0126856 -0.00524945 -0.0126076 0.999814 0.0146151 0.00543428 -0.0145478 0.999879 -0.519562 -0.701621 -2.13738
FixedParameters: 0 0 0

#Transform 70
Transform: AffineTransform_float_3_3
Parameters: 0.999921 0.00920754 -0.00855669 -0.00927128 0.99993 -0.00737768 0.00848819 0.00745531 0.999936 -0.567611 -1.03431 -2.44863
FixedParameters: 0 0 0

#Transform 71
Transform: AffineTransform_float_3_3
Parameters: 0.999393 0.0264619 -0.0226907 -0.0269148 0.99944 -0.0199008 0.022151 0.0204992 0.999544 -1.54319 -1.40278 -4.54733
FixedParameters: 0 0 0

#Transform 72
Transform: AffineTransform_float_3_3
Parameters: 0.998788 -0.0483894 -0.00902194 0.0482018 0.998638 -0.0199782 0.00997695 0.0195198 0.999759 2.13646 -2.09919 -4.58191
FixedParameters: 0 0 0

#Transform 73
Transform: AffineTransform_float_3_3
Parameters: 0.999839 0.0107727 0.0143644 -0.0108004 0.99994 0.00183527 -0.0143444 -0.00198973 0.999895 0.954954 -1.35996 -3.67655
FixedParameters: 0 0 0

#Transform 74
Transform: AffineTransform_float_3_3
Parameters: 0.999891 0.0131873 -0.00653572 -0.013005 0.999546 0.0271574 0.00689079 -0.0270696 0.99961 0.090066 -0.793238 -1.86512
FixedParameters: 0 0 0

#Transform 75
Transform: AffineTransform_float_3_3
Parameters: 0.999983 0.00490757 -0.00295341 -0.00481166 0.999485 0.0317165 0.00310679 -0.0317015 0.999492 0.647652 -0.491404 -1.75022
FixedParameters: 0 0 0

#Transform 76
Transform: AffineTransform_float_3_3
Parameters: 0.999985 0.00519222 -0.00171224 -0.00527416 0.998643 -0.0518029 0.00144125 0.0518111 0.998655 0.187616 -1.48078 -7.07143
FixedParameters: 0 0 0

#Transform 77
Transform: AffineTransform_float_3_3
Parameters: 0.999996 0.00206673 0.00163072 -0.00197829 0.998619 -0.0524816 -0.00173699 0.0524784 0.998621 0.497247 -1.20336 -5.46831
FixedParameters: 0 0 0

#Transform 78
Transform: AffineTransform_float_3_3
Parameters: 0.999959 0.00639455 -0.00650483 -0.00610849 0.999049 0.0431415 0.00677455 -0.0431004 0.999048 -0.0105001 -0.445939 -3.0285
FixedParameters: 0 0 0

#Transform 79
Transform: AffineTransform_float_3_3
Parameters: 0.999989 0.00268245 -0.00368963 -0.00257984 0.999621 0.0274141 0.00376235 -0.0274039 0.999617 0.333352 -0.110823 -2.32529
FixedParameters: 0 0 0

#Transform 80
Transform: AffineTransform_float_3_3
Parameters: 0.999986 0.00421234 -0.00321727 -0.00409021 0.999307 0.0370174 0.00337089 -0.0370036 0.99931 0.21596 -0.158648 -2.30024
FixedParameters: 0 0 0

#Transform 81
Transform: AffineTransform_float_3_3
Parameters: 0.99999 0.00443799 0.00053126 -0.00445363 0.999347 0.0358388 -0.000372199 -0.0358403 0.999358 0.247417 -0.0929046 -2.799
FixedParameters: 0 0 0

#Transform 82
Transform: AffineTransform_float_3_3
Parameters: 0.999989 0.00454237 6.82806e-06 -0.00454025 0.999483 0.031832 0.000138366 -0.031832 0.999493 0.32393 -0.264701 -3.02846
FixedParameters: 0 0 0

#Transform 83
Transform: AffineTransform_float_3_3
Parameters: 0.999987 0.00500874 -0.00104602 -0.00498378 0.999736 0.0224204 0.00115842 -0.0224146 0.999748 0.267722 -0.498582 -3.73145
FixedParameters: 0 0 0

#Transform 84
Transform: AffineTransform_float_3_3
Parameters: 0.99998 0.00216664 0.00581517 -0.00242319 0.999005 0.0445351 -0.00571281 -0.0445489 0.99899 0.555824 -0.0964738 -2.86964
FixedParameters: 0 0 0

#Transform 85
Transform: AffineTransform_float_3_3
Parameters: 0.999997 0.00235132 0.000399893 -0.00235934 0.999715 0.0237791 -0.000344041 -0.02378 0.999717 0.36951 -0.433644 -4.4698
FixedParameters: 0 0 0

#Transform 86
Transform: AffineTransform_float_3_3
Parameters: 0.999957 0.00753483 -0.00529356 -0.0073445 0.999355 0.03515 0.00555448 -0.03511 0.999368 0.483279 -0.0797498 -3.1938
FixedParameters: 0 0 0

#Transform 87
Transform: AffineTransform_float_3_3
Parameters: 0.999969 0.00316818 -0.00722157 -0.003153 0.999993 0.00209658 0.00722799 -0.00207342 0.999971 0.307553 -0.180122 -4.90598
FixedParameters: 0 0 0

#Transform 88
Transform: AffineTransform_float_3_3
Parameters: 0.999784 0.00447915 -0.0202609 -0.00481573 0.999851 -0.0166087 0.0201834 0.0167023 0.999657 -0.0414873 -1.21492 -4.40457
FixedParameters: 0 0 0

#Transform 89
Transform: AffineTransform_float_3_3
Parameters: 0.99974 0.00245557 -0.022639 -0.00159648 0.999281 0.037871 0.0227156 -0.037825 0.999026 -0.105593 0.673732 -3.27805
FixedParameters: 0 0 0

#Transform 90
Transform: AffineTransform_float_3_3
Parameters: 0.999911 0.00258431 -0.0130829 -0.00187675 0.998548 0.0538368 0.0132026 -0.0538082 0.998464 -0.355115 0.265788 -2.59257
FixedParameters: 0 0 0

#Transform 91
Transform: AffineTransform_float_3_3
Parameters: 0.999823 0.0109269 -0.0153321 -0.00995731 0.998031 0.0619277 0.0159782 -0.0617642 0.997963 -0.365852 0.326624 -2.94687
FixedParameters: 0 0 0

#Transform 92
Transform: AffineTransform_float_3_3
Parameters: 0.999981 -0.00272973 -0.00543475 0.00321884 0.995741 0.0921341 0.00516028 -0.0921499 0.995732 0.626495 0.756394 -2.10889
FixedParameters: 0 0 0

#Transform 93
Transform: AffineTransform_float_3_3
Parameters: 0.999917 0.0105408 -0.00739113 -0.0100258 0.997736 0.0664984 0.00807495 -0.0664187 0.997759 0.131682 0.565261 -2.26521
FixedParameters: 0 0 0

#Transform 94
Transform: AffineTransform_float_3_3
Parameters: 0.99992 0.0111983 -0.00589494 -0.0107741 0.997653 0.0676157 0.00663872 -0.0675471 0.997694 0.0842708 0.579127 -2.40183
FixedParameters: 0 0 0

#Transform 95
Transform: AffineTransform_float_3_3
Parameters: 0.999931 0.0109653 -0.00425004 -0.010744 0.998737 0.0491037 0.00478306 -0.0490543 0.998785 -0.143915 0.251989 -3.35071
FixedParameters: 0 0 0

#Transform 96
Transform: AffineTransform_float_3_3
Parameters: 0.999948 0.00679373 0.00760381 -0.00710293 0.999117 0.0414183 -0.00731641 -0.0414707 0.999114 0.421117 0.247118 -4.06621
FixedParameters: 0 0 0

#Transform 97
Transform: AffineTransform_float_3_3
Parameters: 0.99997 0.00709814 0.00309982 -0.00718305 0.999572 0.0283754 -0.00289751 -0.0283966 0.999592 0.362795 0.139407 -4.27367
FixedParameters: 0 0 0

#Transform 98
Transform: AffineTransform_float_3_3
Parameters: 0.999981 0.00562249 0.00260285 -0.00572385 0.999163 0.0405 -0.00237345 -0.0405141 0.999177 0.352356 0.321503 -3.85664
FixedParameters: 0 0 0

#Transform 99
Transform: AffineTransform_float_3_3
Parameters: 0.999983 0.00550977 0.00162103 -0.00557554 0.999028 0.0437525 -0.00137818 -0.0437605 0.999041 0.19211 0.417719 -3.89165
FixedParameters: 0 0 0

#Transform 100
Transform: AffineTransform_float_3_3
Parameters: 0.99998 0.00622526 0.000968259 -0.00626064 0.999086 0.04228 -0.000704983 -0.0422849 0.999105 0.208602 0.231033 -3.82589
FixedParameters: 0 0 0

#Transform 101
Transform: AffineTransform_float_3_3
Parameters: 0.999962 0.00875485 0.0009044 -0.0087853 0.999053 0.0426113 -0.000530066 -0.0426177 0.999092 0.0868069 0.232662 -3.75703
FixedParameters: 0 0 0

#Transform 102
Transform: AffineTransform_float_3_3
Parameters: 0.999966 0.00794959 0.00213723 -0.0080336 0.999062 0.0425435 -0.00179726 -0.0425585 0.999092 0.125219 0.218778 -3.86362
FixedParameters: 0 0 0

#Transform 103
Transform: AffineTransform_float_3_3
Parameters: 0.999969 0.00747286 0.00275078 -0.00758079 0.999107 0.0415656 -0.00243847 -0.0415844 0.999132 0.157816 0.205157 -3.9354
FixedParameters: 0 0 0

#Transform 104
Transform: AffineTransform_float_3_3
Parameters: 0.999972 0.00662021 0.00329373 -0.00674831 0.999157 0.0405015 -0.00302197 -0.0405226 0.999175 0.189527 0.263712 -4.00553
FixedParameters: 0 0 0

#Transform 105
Transform: AffineTransform_float_3_3
Parameters: 0.999975 0.00570522 0.00403859 -0.0058625 0.999176 0.0401527 -0.00380663 -0.0401753 0.999185 0.239138 0.156896 -4.11155
FixedParameters: 0 0 0

#Transform 106
Transform: AffineTransform_float_3_3
Parameters: 0.999974 0.0059961 0.00395892 -0.00615035 0.999166 0.0403852 -0.00371334 -0.0404088 0.999177 0.233913 0.222994 -4.07615
FixedParameters: 0 0 0

#Transform 107
Transform: AffineTransform_float_3_3
Parameters: 0.999976 0.0057639 0.00365457 -0.00590442 0.99919 0.0398175 -0.00342161 -0.0398385 0.999201 0.236276 0.248855 -4.08987
FixedParameters: 0 0 0

#Transform 108
Transform: AffineTransform_float_3_3
Parameters: 0.99998 0.00538794 0.00348453 -0.0055194 0.999225 0.0389771 -0.00327249 -0.0389949 0.999234 0.236567 0.143583 -4.10778
FixedParameters: 0 0 0

#Transform 109
Transform: AffineTransform_float_3_3
Parameters: 0.999984 0.00348719 0.00458438 -0.00364564 0.999383 0.0349362 -0.00446007 -0.0349518 0.999379 0.306493 0.0818956 -4.49796
FixedParameters: 0 0 0

#Transform 110
Transform: AffineTransform_float_3_3
Parameters: 0.99998 0.00539726 0.00346786 -0.00547267 0.999736 0.0223277 -0.00334653 -0.0223464 0.999745 0.108762 -0.0524461 -4.96489
FixedParameters: 0 0 0

#Transform 111
Transform: AffineTransform_float_3_3
Parameters: 0.999965 0.00711949 0.00424158 -0.00723801 0.999568 0.0284956 -0.00403662 -0.0285254 0.999585 0.0600921 0.0808053 -4.6937
FixedParameters: 0 0 0

#Transform 112
Transform: AffineTransform_float_3_3
Parameters: 0.999973 0.00594546 0.00431337 -0.00606712 0.999567 0.0288016 -0.00413998 -0.0288274 0.999576 0.196295 0.0410414 -4.6852
FixedParameters: 0 0 0

#Transform 113
Transform: AffineTransform_float_3_3
Parameters: 0.999974 0.00585732 0.0043568 -0.00598007 0.99957 0.0286877 -0.00418669 -0.0287133 0.999579 0.20799 0.00843199 -4.69206
FixedParameters: 0 0 0

#Transform 114
Transform: AffineTransform_float_3_3
Parameters: 0.999948 0.00899535 0.00480028 -0.00915103 0.999401 0.0333994 -0.00449753 -0.0334416 0.999431 0.159995 0.156177 -4.56206
FixedParameters: 0 0 0

#Transform 115
Transform: AffineTransform_float_3_3
Parameters: 0.999978 0.00329472 -0.00587446 -0.00296893 0.998508 0.054516 0.00604587 -0.054497 0.998496 0.425259 0.699765 -2.15176
FixedParameters: 0 0 0

#Transform 116
Transform: AffineTransform_float_3_3
Parameters: 0.999964 0.00722033 -0.0044311 -0.00702452 0.999065 0.042649 0.00473478 -0.042617 0.99908 0.46477 0.327588 -3.04226
FixedParameters: 0 0 0

#Transform 117
Transform: AffineTransform_float_3_3
Parameters: 0.999961 0.00729333 -0.00484168 -0.0070904 0.999149 0.0406363 0.00513409 -0.0405997 0.999162 0.151075 0.39615 -2.09971
FixedParameters: 0 0 0

#Transform 118
Transform: AffineTransform_float_3_3
Parameters: 0.99997 0.00765379 0.000327432 -0.00765989 0.999285 0.0370128 -4.33609e-05 -0.0370142 0.999314 0.43934 1.18643 -1.86471
FixedParameters: 0 0 0

#Transform 119
Transform: AffineTransform_float_3_3
Parameters: 0.999976 0.00443335 -0.00530769 -0.00412472 0.998375 0.0568376 0.00555126 -0.0568144 0.99837 -0.132281 0.695653 -2.71429
FixedParameters: 0 0 0

#Transform 120
Transform: AffineTransform_float_3_3
Parameters: 0.999982 0.00595575 -0.00136023 -0.00587064 0.998416 0.0559576 0.00169194 -0.0559484 0.998433 -0.141717 0.527304 -3.24597
FixedParameters: 0 0 0

#Transform 121
Transform: AffineTransform_float_3_3
Parameters: 0.999984 0.00553024 0.000253195 -0.00553648 0.998481 0.0548213 5.09587e-05 -0.0548218 0.998497 -0.147113 0.607462 -2.70847
FixedParameters: 0 0 0

#Transform 122
Transform: AffineTransform_float_3_3
Parameters: 0.999998 -0.000915333 0.00132355 0.000856783 0.999082 0.0428234 -0.00136161 -0.0428216 0.999082 0.0522684 0.17253 -3.29743
FixedParameters: 0 0 0

#Transform 123
Transform: AffineTransform_float_3_3
Parameters: 0.999999 0.000423781 0.000859217 -0.00045929 0.999134 0.041613 -0.000841295 -0.041613 0.999134 -0.00260718 0.00848695 -3.10593
FixedParameters: 0 0 0

#Transform 124
Transform: AffineTransform_float_3_3
Parameters: 0.999974 0.00430463 -0.00586643 -0.0039939 0.998641 0.0519672 0.00608161 -0.0519417 0.998631 -0.167511 0.70081 -3.2796
FixedParameters: 0 0 0

#Transform 125
Transform: AffineTransform_float_3_3
Parameters: 0.999931 0.00153019 -0.0117014 -0.00102657 0.999078 0.0429182 0.0117558 -0.0429028 0.99901 -0.435829 0.78912 -3.59566
FixedParameters: 0 0 0

#Transform 126
Transform: AffineTransform_float_3_3
Parameters: 0.999975 0.00514929 -0.00469413 -0.0051007 0.999932 0.0104741 0.00474768 -0.0104499 0.999934 -0.367292 0.484511 -4.46344
FixedParameters: 0 0 0

#Transform 127
Transform: AffineTransform_float_3_3
Parameters: 0.999993 0.00336865 -0.00161648 -0.00332217 0.999601 0.0280414 0.00171009 -0.0280356 0.999605 -0.182793 1.23639 -2.56692
FixedParameters: 0 0 0

#Transform 128
Transform: AffineTransform_float_3_3
Parameters: 0.999998 0.00182387 0.000961673 -0.00187591 0.998385 0.0567749 -0.000857058 -0.0567771 0.998386 0.313553 -0.0175901 -3.11029
FixedParameters: 0 0 0

#Transform 129
Transform: AffineTransform_float_3_3
Parameters: 0.998791 0.000585103 0.0491498 0.00169358 0.998926 -0.046308 -0.0491241 0.046335 0.997717 2.15753 -1.31453 -11.3856
FixedParameters: 0 0 0

#Transform 130
Transform: AffineTransform_float_3_3
Parameters: 0.999665 0.00943762 0.0241276 -0.0116066 0.995742 0.0914463 -0.0231616 -0.0916958 0.995518 1.77116 -0.144635 -6.39203
FixedParameters: 0 0 0

#Transform 131
Transform: AffineTransform_float_3_3
Parameters: 0.999723 -0.00020949 0.0235319 -0.00162258 0.996965 0.0778332 -0.0234766 -0.0778498 0.996689 1.84167 -0.0101332 -7.18206
FixedParameters: 0 0 0

#Transform 132
Transform: AffineTransform_float_3_3
Parameters: 0.999804 0.0114513 0.0161358 -0.0132074 0.993468 0.113346 -0.0147322 -0.113538 0.993425 1.43077 0.181346 -4.82248
FixedParameters: 0 0 0

#Transform 133
Transform: AffineTransform_float_3_3
Parameters: 0.999827 0.00792996 0.0168105 -0.00957754 0.994913 0.100278 -0.0159293 -0.100422 0.994817 0.846705 -0.530126 -6.44398
FixedParameters: 0 0 0

#Transform 134
Transform: AffineTransform_float_3_3
Parameters: 0.999907 0.00659215 0.0119359 -0.00768075 0.99558 0.0935948 -0.0112663 -0.0936781 0.995539 1.08311 -0.199336 -5.41857
FixedParameters: 0 0 0

#Transform 135
Transform: AffineTransform_float_3_3
Parameters: 0.999946 0.00828529 0.00623449 -0.00818689 0.999841 -0.015831 -0.00636511 0.01578 0.999855 0.291409 -0.864326 -8.11481
FixedParameters: 0 0 0

#Transform 136
Transform: AffineTransform_float_3_3
Parameters: 0.999912 0.0111079 0.00733433 -0.0117625 0.995282 0.0963131 -0.00622927 -0.0963911 0.995325 0.291504 0.0863711 -4.95518
FixedParameters: 0 0 0

#Transform 137
Transform: AffineTransform_float_3_3
Parameters: 0.999847 0.0174475 0.000606981 -0.0174508 0.999827 0.00643053 -0.000494334 -0.00643947 0.999979 -0.665392 -0.235119 -8.53685
FixedParameters: 0 0 0

#Transform 138
Transform: AffineTransform_float_3_3
Parameters: 0.999867 0.0119948 -0.0110318 -0.0112306 0.997697 0.0668932 0.011809 -0.0667608 0.997699 -0.413751 -0.247093 -5.07327
FixedParameters: 0 0 0

#Transform 139
Transform: AffineTransform_float_3_3
Parameters: 0.999991 0.00387809 0.00165772 -0.00394373 0.999123 0.0416927 -0.00149471 -0.0416983 0.999129 0.23148 0.130874 -6.71418
FixedParameters: 0 0 0

#Transform 140
Transform: AffineTransform_float_3_3
Parameters: 0.999959 0.00680228 0.00586955 -0.00712167 0.998387 0.0563269 -0.00547767 -0.0563671 0.998395 -0.0888268 -0.379964 -6.45851
FixedParameters: 0 0 0

#Transform 141
Transform: AffineTransform_float_3_3
Parameters: 0.999853 0.0158694 0.00660358 -0.0162859 0.997499 0.0687671 -0.00549613 -0.0688649 0.997611 -0.190267 -0.190611 -6.4398
FixedParameters: 0 0 0

#Transform 142
Transform: AffineTransform_float_3_3
Parameters: 0.99957 0.0142485 0.0256225 -0.0162997 0.996523 0.0817067 -0.0243685 -0.0820891 0.996327 1.05972 0.496558 -6.30027
FixedParameters: 0 0 0

#Transform 143
Transform: AffineTransform_float_3_3
Parameters: 0.999734 0.0137078 0.0185141 -0.0151341 0.996744 0.0791979 -0.0173686 -0.0794571 0.996687 0.811043 0.343791 -6.48606
FixedParameters: 0 0 0

#Transform 144
Transform: AffineTransform_float_3_3
Parameters: 0.99975 0.0131144 0.0181116 -0.0145244 0.996686 0.0800331 -0.0170021 -0.0802769 0.996628 0.809495 0.241301 -6.57786
FixedParameters: 0 0 0

#Transform 145
Transform: AffineTransform_float_3_3
Parameters: 0.999775 0.0113024 0.0179856 -0.0126694 0.996889 0.0777942 -0.0170501 -0.0780048 0.996807 0.721214 0.231376 -6.66399
FixedParameters: 0 0 0

#Transform 146
Transform: AffineTransform_float_3_3
Parameters: 0.999785 0.0110056 0.017615 -0.0122506 0.997312 0.0722417 -0.0167725 -0.0724423 0.997232 0.634843 0.262336 -6.77685
FixedParameters: 0 0 0

#Transform 147
Transform: AffineTransform_float_3_3
Parameters: 0.999771 0.0115836 0.0179588 -0.0128679 0.997242 0.0730979 -0.0170622 -0.0733122 0.997163 0.624473 0.206586 -6.7005
FixedParameters: 0 0 0

#Transform 148
Transform: AffineTransform_float_3_3
Parameters: 0.999761 0.0119756 0.0182569 -0.0132873 0.997208 0.0734806 -0.0173262 -0.0737054 0.99713 0.621606 0.255686 -6.7601
FixedParameters: 0 0 0

#Transform 149
Transform: AffineTransform_float_3_3
Parameters: 0.999765 0.0122075 0.0179446 -0.0135735 0.996854 0.0780855 -0.0169358 -0.0783116 0.996785 0.613401 0.258997 -6.52205
FixedParameters: 0 0 0

#Transform 150
Transform: AffineTransform_float_3_3
Parameters: 0.999905 0.00457221 0.0129626 -0.00566805 0.996294 0.0858189 -0.0125232 -0.0858841 0.996227 0.64276 0.289627 -5.91404
FixedParameters: 0 0 0

#Transform 151
Transform: AffineTransform_float_3_3
Parameters: 0.999849 0.00491332 0.0166548 -0.00647001 0.995484 0.0947156 -0.0161141 -0.0948085 0.995365 0.431475 0.513507 -5.65251
FixedParameters: 0 0 0

#Transform 152
Transform: AffineTransform_float_3_3
Parameters: 0.999838 0.00635785 0.0168249 -0.00799334 0.995056 0.0989937 -0.0161119 -0.0991122 0.994946 0.490386 0.341057 -5.70226
FixedParameters: 0 0 0

#Transform 153
Transform: AffineTransform_float_3_3
Parameters: 0.999828 0.00710927 0.0170936 -0.0086929 0.995495 0.0944074 -0.016346 -0.0945396 0.995387 0.528078 0.236358 -5.89083
FixedParameters: 0 0 0

#Transform 154
Transform: AffineTransform_float_3_3
Parameters: 0.999831 0.00700837 0.0169613 -0.00856605 0.995578 0.0935466 -0.0162302 -0.0936763 0.99547 0.509686 0.212566 -5.92141
FixedParameters: 0 0 0

#Transform 155
Transform: AffineTransform_float_3_3
Parameters: 0.999822 0.00734817 0.0173708 -0.00891784 0.995709 0.0921046 -0.0166193 -0.0922435 0.995598 0.501219 0.256914 -5.98275
FixedParameters: 0 0 0

#Transform 156
Transform: AffineTransform_float_3_3
Parameters: 0.999805 0.00770027 0.0181958 -0.00935202 0.995668 0.0925153 -0.0174047 -0.0926678 0.995545 0.504668 0.322859 -5.90055
FixedParameters: 0 0 0

#Transform 157
Transform: AffineTransform_float_3_3
Parameters: 0.999903 0.00464065 0.0131429 -0.00548867 0.997855 0.0652318 -0.0128125 -0.0652972 0.997784 0.648886 0.222264 -6.08162
FixedParameters: 0 0 0

#Transform 158
Transform: AffineTransform_float_3_3
Parameters: 0.999953 0.00412174 0.00879031 -0.00498735 0.994891 0.100835 -0.00832907 -0.100875 0.994864 0.444687 1.13315 -4.92729
FixedParameters: 0 0 0

#Transform 159
Transform: AffineTransform_float_3_3
Parameters: 0.999988 0.00345498 0.00365328 -0.00373281 0.996868 0.078994 -0.00336892 -0.0790071 0.996869 0.43454 0.711145 -5.12543
FixedParameters: 0 0 0

#Transform 160
Transform: AffineTransform_float_3_3
Parameters: 0.999921 0.00763899 0.0100061 -0.00837403 0.997106 0.0755498 -0.00940004 -0.0756281 0.997092 0.344525 0.776086 -5.40498
FixedParameters: 0 0 0

#Transform 161
Transform: AffineTransform_float_3_3
Parameters: 0.999833 0.0104213 0.015042 -0.0115852 0.996767 0.0795042 -0.0141644 -0.0796648 0.996721 0.309607 0.725008 -5.29463
FixedParameters: 0 0 0

#Transform 162
Transform: AffineTransform_float_3_3
Parameters: 0.999829 0.00986712 0.0156537 -0.0110365 0.997011 0.0764696 -0.0148523 -0.0766296 0.99695 0.299757 0.706296 -5.57264
FixedParameters: 0 0 0

#Transform 163
Transform: AffineTransform_float_3_3
Parameters: 0.999823 0.00706325 0.0174337 -0.00830814 0.997341 0.072398 -0.0168764 -0.07253 0.997223 0.225747 0.562069 -5.61247
FixedParameters: 0 0 0

#Transform 164
Transform: AffineTransform_float_3_3
Parameters: 0.999766 0.00980749 0.0192535 -0.0112381 0.99707 0.0756661 -0.0184545 -0.0758649 0.996947 0.189032 0.565838 -5.73544
FixedParameters: 0 0 0

#Transform 165
Transform: AffineTransform_float_3_3
Parameters: 0.999767 0.00943699 0.019423 -0.0108795 0.997083 0.0755482 -0.0186539 -0.0757419 0.996953 0.226087 0.584773 -5.88544
FixedParameters: 0 0 0

#Transform 166
Transform: AffineTransform_float_3_3
Parameters: 0.99979 0.00812116 0.0188149 -0.00949846 0.99719 0.074311 -0.0181582 -0.0744741 0.997058 0.28018 0.530113 -5.89824
FixedParameters: 0 0 0

#Transform 167
Transform: AffineTransform_float_3_3
Parameters: 0.99979 0.00824289 0.0187611 -0.00962936 0.997131 0.0750845 -0.0180885 -0.0752495 0.997001 0.279531 0.555545 -5.99028
FixedParameters: 0 0 0

#Transform 168
Transform: AffineTransform_float_3_3
Parameters: 0.999775 0.00855231 0.0193765 -0.0099676 0.997197 0.0741423 -0.0186881 -0.0743186 0.997059 0.256358 0.498478 -6.04784
FixedParameters: 0 0 0

#Transform 169
Transform: AffineTransform_float_3_3
Parameters: 0.999773 0.00814517 0.0197255 -0.00960265 0.99714 0.0749597 -0.0190587 -0.0751322 0.996991 0.279184 0.487916 -6.11144
FixedParameters: 0 0 0

#Transform 170
Transform: AffineTransform_float_3_3
Parameters: 0.999784 0.00656625 0.0197185 -0.00803252 0.997136 0.0752097 -0.019168 -0.0753523 0.996973 0.330236 0.653162 -6.0499
FixedParameters: 0 0 0

#Transform 171
Transform: AffineTransform_float_3_3
Parameters: 0.999775 0.00726862 0.0199565 -0.00874985 0.997132 0.0751662 -0.0193532 -0.0753248 0.996971 0.33592 0.519538 -6.05326
FixedParameters: 0 0 0

#Transform 172
Transform: AffineTransform_float_3_3
Parameters: 0.999803 0.00767388 0.0183011 -0.00900088 0.997248 0.0735911 -0.0176859 -0.073741 0.997121 0.246123 0.559889 -6.0239
FixedParameters: 0 0 0

#Transform 173
Transform: AffineTransform_float_3_3
Parameters: 0.999702 0.00891442 0.0227549 -0.0104338 0.99766 0.0675584 -0.0220989 -0.0677755 0.997456 0.422492 0.215153 -7.82327
FixedParameters: 0 0 0

#Transform 174
Transform: AffineTransform_float_3_3
Parameters: 0.999958 0.00375025 0.00829004 -0.00417444 0.998648 0.0518272 -0.00808447 -0.0518598 0.998621 0.316983 0.969351 -6.26433
FixedParameters: 0 0 0

#Transform 175
Transform: AffineTransform_float_3_3
Parameters: 0.999941 0.00664997 0.00856171 -0.00725146 0.997353 0.0723493 -0.00805755 -0.0724067 0.997342 0.0333989 0.586777 -4.88889
FixedParameters: 0 0 0

#Transform 176
Transform: AffineTransform_float_3_3
Parameters: 0.999794 0.00942313 0.017991 -0.0104504 0.998269 0.0578776 -0.0174135 -0.0580535 0.998162 -7.53562e-06 0.66296 -5.31251
FixedParameters: 0 0 0

#Transform 177
Transform: AffineTransform_float_3_3
Parameters: 0.999773 0.00877108 0.0194239 -0.00969972 0.998791 0.0482021 -0.0189776 -0.0483789 0.998649 0.0552919 0.624711 -6.56791
FixedParameters: 0 0 0

#Transform 178
Transform: AffineTransform_float_3_3
Parameters: 0.99979 0.0105556 0.017524 -0.0113417 0.998907 0.0453559 -0.0170256 -0.0455451 0.998818 -0.0808555 0.491105 -6.37696
FixedParameters: 0 0 0

#Transform 179
Transform: AffineTransform_float_3_3
Parameters: 0.999808 0.00789294 0.0179249 -0.00873531 0.998835 0.0474689 -0.0175291 -0.0476171 0.998712 0.000667764 0.351853 -6.69816
FixedParameters: 0 0 0

#Transform 180
Transform: AffineTransform_float_3_3
Parameters: 0.99978 0.00832055 0.0192179 -0.00923784 0.998797 0.0481621 -0.0187934 -0.0483288 0.998654 0.00837892 0.232851 -6.79005
FixedParameters: 0 0 0

#Transform 181
Transform: AffineTransform_float_3_3
Parameters: 0.999774 0.00830283 0.0195805 -0.00927898 0.998692 0.0502846 -0.0191369 -0.0504544 0.998543 -0.0045807 0.302422 -6.83458
FixedParameters: 0 0 0

#Transform 182
Transform: AffineTransform_float_3_3
Parameters: 0.99975 0.00901849 0.0204228 -0.01004 0.998675 0.0504651 -0.0199412 -0.0506579 0.998517 0.0187248 0.329542 -6.8647
FixedParameters: 0 0 0

#Transform 183
Transform: AffineTransform_float_3_3
Parameters: 0.999745 0.0084673 0.0209454 -0.00952903 0.998646 0.0511432 -0.0204846 -0.0513297 0.998471 0.0393907 0.278099 -6.92554
FixedParameters: 0 0 0

#Transform 184
Transform: AffineTransform_float_3_3
Parameters: 0.999736 0.00881114 0.0212292 -0.00988574 0.998647 0.0510713 -0.0207506 -0.0512678 0.998469 0.00668723 0.29377 -6.9699
FixedParameters: 0 0 0

#Transform 185
Transform: AffineTransform_float_3_3
Parameters: 0.999728 0.00861512 0.0216411 -0.00970509 0.998662 0.0507939 -0.0211747 -0.0509901 0.998474 0.0380348 0.311286 -6.96396
FixedParameters: 0 0 0

#Transform 186
Transform: AffineTransform_float_3_3
Parameters: 0.999752 0.00767239 0.0209154 -0.00876662 0.998569 0.0527591 -0.0204811 -0.0529299 0.998388 0.0699554 0.305746 -6.88835
FixedParameters: 0 0 0

#Transform 187
Transform: AffineTransform_float_3_3
Parameters: 0.999821 0.005897 0.0180116 -0.00676201 0.99881 0.0483127 -0.0177048 -0.0484263 0.99867 -0.0781547 0.132427 -7.2092
FixedParameters: 0 0 0

#Transform 188
Transform: AffineTransform_float_3_3
Parameters: 0.998925 -0.0177337 0.0428134 0.0231602 0.991271 -0.129789 -0.0401389 0.130642 0.990617 0.967979 -0.610208 -13.8666
FixedParameters: 0 0 0

#Transform 189
Transform: AffineTransform_float_3_3
Parameters: 0.999848 0.00566362 0.0165299 -0.00730967 0.99483 0.1013 -0.0158708 -0.101405 0.994719 0.127905 0.534446 -5.536
FixedParameters: 0 0 0

#Transform 190
Transform: AffineTransform_float_3_3
Parameters: 0.999714 0.00814483 0.0225074 -0.0101539 0.995834 0.0906135 -0.0216756 -0.0908163 0.995631 0.325738 0.199032 -6.56402
FixedParameters: 0 0 0

#Transform 191
Transform: AffineTransform_float_3_3
Parameters: 0.997164 0.0107442 0.0744875 -0.0164269 0.996964 0.0761071 -0.0734437 -0.0771149 0.994313 2.66935 -6.7528 -9.3394
FixedParameters: 0 0 0

#Transform 192
Transform: AffineTransform_float_3_3
