#Insight Transform File V1.0
#Transform 0
Transform: AffineTransform_float_3_3
Parameters: 1 0.000367684 -0.000118337 -0.000367582 1 0.000993893 0.000118078 -0.000994061 0.999999 0.0439275 -0.0363084 -0.164492
FixedParameters: 0 0 0

#Transform 1
Transform: AffineTransform_float_3_3
Parameters: 0.999999 0.000660485 -0.000724574 -0.00066091 0.999999 -0.00105325 0.000724103 0.0010532 0.999999 0.0378155 0.144205 0.155273
FixedParameters: 0 0 0

#Transform 2
Transform: AffineTransform_float_3_3
Parameters: 1 0.000915991 -0.00055563 -0.000917561 0.999999 -0.00150753 0.00055386 0.00150731 0.999999 -0.0185189 -0.0463911 0.183289
FixedParameters: 0 0 0

#Transform 3
Transform: AffineTransform_float_3_3
Parameters: 0.999999 0.000833263 -0.000392027 -0.00083428 0.999999 -0.00147887 0.00039061 0.00147925 0.999999 -0.0294547 -0.0647 0.208754
FixedParameters: 0 0 0

#Transform 4
Transform: AffineTransform_float_3_3
Parameters: 1 0.00107501 -0.00040886 -0.00107519 0.999998 -0.00176846 0.000406963 0.00176929 0.999999 -0.0369204 -0.0390543 0.18126
FixedParameters: 0 0 0

#Transform 5
Transform: AffineTransform_float_3_3
Parameters: 0.999999 0.00122769 -0.000540208 -0.00122808 0.999998 -0.00149711 0.000538382 0.00149716 0.999999 -0.0441174 -0.0578239 0.169913
FixedParameters: 0 0 0

#Transform 6
Transform: AffineTransform_float_3_3
Parameters: 1 0.00110295 4.12033e-05 -0.00110269 0.999999 -0.00105759 -4.25516e-05 0.00105845 1 -0.0655553 -0.0992058 0.20019
FixedParameters: 0 0 0

#Transform 7
Transform: AffineTransform_float_3_3
Parameters: 0.999999 0.000769135 8.60419e-05 -0.000768781 0.999999 -0.00123388 -8.689e-05 0.00123374 0.999999 -0.0614707 -0.0735231 0.221058
FixedParameters: 0 0 0

#Transform 8
Transform: AffineTransform_float_3_3
Parameters: 0.999999 0.000736076 -0.000179996 -0.000735421 0.999999 -0.00132567 0.000178962 0.0013259 0.999999 -0.0622344 -0.0755956 0.192659
FixedParameters: 0 0 0

#Transform 9
Transform: AffineTransform_float_3_3
Parameters: 0.999999 0.000714687 -0.000280851 -0.000714187 0.999999 -0.0010707 0.000280243 0.0010701 1 -0.0499442 -0.0950424 0.203413
FixedParameters: 0 0 0

#Transform 10
Transform: AffineTransform_float_3_3
Parameters: 1 0.00107096 -0.000496376 -0.00107095 0.999999 -0.00109281 0.000494897 0.00109287 1 -0.0529511 -0.0422915 0.192464
FixedParameters: 0 0 0

#Transform 11
Transform: AffineTransform_float_3_3
Parameters: 1 0.00105155 -0.000455392 -0.0010514 0.999999 -0.00106862 0.000454001 0.00106953 1 -0.0398474 -0.068702 0.170875
FixedParameters: 0 0 0

#Transform 12
Transform: AffineTransform_float_3_3
Parameters: 1 0.00105633 -0.000575447 -0.00105673 1 -0.000457685 0.000575408 0.000458631 0.999999 -0.0390595 -0.118866 0.183058
FixedParameters: 0 0 0

#Transform 13
Transform: AffineTransform_float_3_3
Parameters: 0.999999 0.00126971 -0.000885755 -0.00127084 0.999999 -0.000613554 0.000884139 0.000614575 0.999999 -0.0359437 -0.0710854 0.149103
FixedParameters: 0 0 0

#Transform 14
Transform: AffineTransform_float_3_3
Parameters: 0.999999 0.00132849 -0.000440707 -0.00132848 0.999999 4.91779e-05 0.000440782 -4.92336e-05 1 -0.0501543 -0.122976 0.190202
FixedParameters: 0 0 0

#Transform 15
Transform: AffineTransform_float_3_3
Parameters: 0.999999 0.00120216 -0.000860313 -0.00120282 0.999999 -0.000434702 0.0008602 0.000435536 0.999999 -0.0421672 -0.095489 0.194765
FixedParameters: 0 0 0

#Transform 16
Transform: AffineTransform_float_3_3
Parameters: 0.999999 0.00124951 -0.000430616 -0.00124964 0.999999 -0.000296462 0.000430803 0.000297268 1 -0.0507727 -0.0589778 0.166531
FixedParameters: 0 0 0

#Transform 17
Transform: AffineTransform_float_3_3
Parameters: 1 0.000844753 -0.000634794 -0.000843862 1 0.000707647 0.000635928 -0.000706836 0.999999 -0.0423316 -0.125556 0.170264
FixedParameters: 0 0 0

#Transform 18
Transform: AffineTransform_float_3_3
Parameters: 0.999999 0.00119967 -0.000682498 -0.00119943 0.999999 0.000273596 0.000682104 -0.000272213 1 -0.0272165 -0.106078 0.188843
FixedParameters: 0 0 0

#Transform 19
Transform: AffineTransform_float_3_3
Parameters: 0.999998 0.00141853 -0.000764523 -0.00141855 0.999999 1.46657e-05 0.000764507 -1.37234e-05 1 -0.0287129 -0.108546 0.152069
FixedParameters: 0 0 0

#Transform 20
Transform: AffineTransform_float_3_3
Parameters: 0.999999 0.00129068 -0.000435201 -0.00129035 0.999999 0.000389131 0.000436144 -0.000388269 1 -0.0365648 -0.110916 0.17788
FixedParameters: 0 0 0

#Transform 21
Transform: AffineTransform_float_3_3
Parameters: 0.999998 0.00152557 -0.000893501 -0.00152621 0.999998 0.000213795 0.000894227 -0.000212265 0.999999 -0.0337662 -0.0608865 0.152427
FixedParameters: 0 0 0

#Transform 22
Transform: AffineTransform_float_3_3
Parameters: 0.999999 0.0015133 -0.000948119 -0.00151362 0.999998 0.00038079 0.000949285 -0.000379116 0.999999 -0.0396508 -0.116266 0.112623
FixedParameters: 0 0 0

#Transform 23
Transform: AffineTransform_float_3_3
Parameters: 0.999999 0.00151152 -0.00089189 -0.00151146 0.999998 0.000690565 0.000893002 -0.000689056 0.999999 -0.0262785 -0.115966 0.153331
FixedParameters: 0 0 0

#Transform 24
Transform: AffineTransform_float_3_3
Parameters: 0.999998 0.00149775 -0.00112302 -0.00149753 0.999999 0.000120127 0.00112326 -0.000117989 0.999999 -0.0380576 -0.0610713 0.127318
FixedParameters: 0 0 0

#Transform 25
Transform: AffineTransform_float_3_3
Parameters: 0.999998 0.00171681 -0.00113746 -0.00171597 0.999999 0.000461208 0.001138 -0.000459485 1 -0.0379814 -0.102043 0.108401
FixedParameters: 0 0 0

#Transform 26
Transform: AffineTransform_float_3_3
Parameters: 0.999997 0.00171763 -0.00133864 -0.00171661 0.999998 0.000826569 0.00134056 -0.000824122 0.999999 -0.0409378 -0.10526 0.156042
FixedParameters: 0 0 0

#Transform 27
Transform: AffineTransform_float_3_3
Parameters: 0.999998 0.00182158 -0.0013503 -0.00182171 0.999998 0.000397717 0.00135077 -0.00039495 0.999999 -0.0284794 -0.0658398 0.129282
FixedParameters: 0 0 0

#Transform 28
Transform: AffineTransform_float_3_3
Parameters: 0.999998 0.00194251 -0.00104938 -0.00194174 0.999998 0.00100286 0.00105131 -0.00100119 0.999999 -0.0366899 -0.111636 0.154333
FixedParameters: 0 0 0

#Transform 29
Transform: AffineTransform_float_3_3
Parameters: 0.999998 0.0020131 -0.00117536 -0.00201275 0.999998 0.000714689 0.00117628 -0.000712363 0.999999 -0.0498169 -0.0508663 0.166551
FixedParameters: 0 0 0

#Transform 30
Transform: AffineTransform_float_3_3
Parameters: 0.999997 0.00210532 -0.00126484 -0.00210533 0.999998 0.000471005 0.00126584 -0.000468093 1 -0.048847 -0.0287143 0.144063
FixedParameters: 0 0 0

#Transform 31
Transform: AffineTransform_float_3_3
Parameters: 0.999997 0.00208217 -0.00136899 -0.00208122 0.999998 0.000786047 0.00137128 -0.000782759 0.999999 -0.0306094 -0.073129 0.152004
FixedParameters: 0 0 0

#Transform 32
Transform: AffineTransform_float_3_3
Parameters: 0.999997 0.00211626 -0.0010725 -0.00211553 0.999997 0.00096239 0.00107461 -0.000960255 0.999999 -0.0443507 -0.0478409 0.152819
FixedParameters: 0 0 0

#Transform 33
Transform: AffineTransform_float_3_3
Parameters: 0.999996 0.0020787 -0.00149974 -0.00207787 0.999998 0.000312514 0.00150092 -0.000309696 0.999999 -0.041135 -0.00125673 0.136964
FixedParameters: 0 0 0

#Transform 34
Transform: AffineTransform_float_3_3
Parameters: 0.999997 0.00211913 -0.0010731 -0.00211861 0.999997 0.00086344 0.0010748 -0.000861297 0.999999 -0.0377644 -0.0664975 0.116235
FixedParameters: 0 0 0

#Transform 35
Transform: AffineTransform_float_3_3
Parameters: 0.999997 0.00211357 -0.00107193 -0.00211263 0.999997 0.00105534 0.00107443 -0.00105322 0.999999 -0.0365421 -0.0702639 0.159213
FixedParameters: 0 0 0

#Transform 36
Transform: AffineTransform_float_3_3
Parameters: 0.999997 0.00213051 -0.00107554 -0.00212972 0.999998 0.000470471 0.00107637 -0.000468595 0.999999 -0.0401534 0.0106728 0.131804
FixedParameters: 0 0 0

#Transform 37
Transform: AffineTransform_float_3_3
Parameters: 0.999996 0.00233388 -0.00110172 -0.00233243 0.999997 0.00081125 0.00110341 -0.000808543 0.999999 -0.0397399 -0.0667407 0.126659
FixedParameters: 0 0 0

#Transform 38
Transform: AffineTransform_float_3_3
Parameters: 0.999997 0.00230936 -0.00138575 -0.00230821 0.999996 0.000911366 0.00138794 -0.000908335 0.999999 -0.0296572 -0.0417411 0.149088
FixedParameters: 0 0 0

#Transform 39
Transform: AffineTransform_float_3_3
Parameters: 0.999997 0.00211531 -0.00121296 -0.00211464 0.999998 0.000366793 0.00121335 -0.000364369 0.999999 -0.0543277 -0.023129 0.100429
FixedParameters: 0 0 0

#Transform 40
Transform: AffineTransform_float_3_3
Parameters: 0.999996 0.00227053 -0.00128424 -0.00226996 0.999997 0.000700416 0.00128645 -0.000697961 0.999999 -0.0352211 -0.0658365 0.0986411
FixedParameters: 0 0 0

#Transform 41
Transform: AffineTransform_float_3_3
Parameters: 0.999997 0.00207471 -0.00138371 -0.00207338 0.999997 0.000972003 0.00138579 -0.000969632 0.999999 -0.0490582 -0.0485599 0.134
FixedParameters: 0 0 0

#Transform 42
Transform: AffineTransform_float_3_3
Parameters: 0.999996 0.00237816 -0.00110855 -0.00237738 0.999997 0.000446378 0.00110951 -0.000443812 0.999999 -0.0626857 -0.0194812 0.102782
FixedParameters: 0 0 0

#Transform 43
Transform: AffineTransform_float_3_3
Parameters: 0.999997 0.00213234 -0.000944431 -0.00213177 0.999997 0.000993102 0.000946697 -0.000990514 0.999999 -0.0449087 -0.0460486 0.0957791
FixedParameters: 0 0 0

#Transform 44
Transform: AffineTransform_float_3_3
Parameters: 0.999997 0.00208387 -0.00133571 -0.00208286 0.999998 0.000877942 0.00133741 -0.000874781 0.999999 -0.0468341 -0.0309128 0.13897
FixedParameters: 0 0 0

#Transform 45
Transform: AffineTransform_float_3_3
Parameters: 0.999995 0.00272043 -0.00115406 -0.00271956 0.999996 0.00047623 0.00115542 -0.000472918 0.999999 -0.0634519 -0.0214801 0.0752526
FixedParameters: 0 0 0

#Transform 46
Transform: AffineTransform_float_3_3
Parameters: 0.999996 0.00234171 -0.00110139 -0.00234017 0.999996 0.00136264 0.00110482 -0.00136013 0.999998 -0.0589066 -0.0625988 0.115833
FixedParameters: 0 0 0

#Transform 47
Transform: AffineTransform_float_3_3
Parameters: 0.999996 0.00266993 -0.0014029 -0.00266845 0.999996 0.00106462 0.00140551 -0.00106102 0.999998 -0.0541949 -0.0401297 0.108949
FixedParameters: 0 0 0

#Transform 48
Transform: AffineTransform_float_3_3
Parameters: 0.999996 0.00263702 -0.00114138 -0.00263614 0.999996 0.00102896 0.00114379 -0.00102559 0.999999 -0.0773759 -0.0363893 0.104091
FixedParameters: 0 0 0

#Transform 49
Transform: AffineTransform_float_3_3
Parameters: 0.999996 0.00268146 -0.00126049 -0.0026798 0.999996 0.00131115 0.00126345 -0.00130826 0.999998 -0.0773571 -0.0419118 0.129446
FixedParameters: 0 0 0

#Transform 50
Transform: AffineTransform_float_3_3
Parameters: 0.999995 0.00268583 -0.00127475 -0.00268338 0.999996 0.00110123 0.0012785 -0.00109734 0.999999 -0.077069 -0.0100648 0.117274
FixedParameters: 0 0 0

#Transform 51
Transform: AffineTransform_float_3_3
Parameters: 0.999996 0.00266022 -0.0014497 -0.0026583 0.999996 0.00118368 0.00145292 -0.00117985 0.999998 -0.0530815 -0.041132 0.104171
FixedParameters: 0 0 0

#Transform 52
Transform: AffineTransform_float_3_3
Parameters: 0.999996 0.00264287 -0.00152125 -0.00264012 0.999995 0.00145087 0.00152492 -0.00144741 0.999998 -0.0494827 -0.0504106 0.146701
FixedParameters: 0 0 0

#Transform 53
Transform: AffineTransform_float_3_3
Parameters: 0.999995 0.00284931 -0.00172007 -0.00284701 0.999995 0.00112047 0.00172332 -0.00111552 0.999997 -0.069372 -0.00288178 0.114516
FixedParameters: 0 0 0

#Transform 54
Transform: AffineTransform_float_3_3
Parameters: 0.999995 0.00280915 -0.00168525 -0.00280777 0.999995 0.00120203 0.00168801 -0.00119737 0.999997 -0.0623947 -0.0382408 0.120076
FixedParameters: 0 0 0

#Transform 55
Transform: AffineTransform_float_3_3
Parameters: 0.999995 0.00282781 -0.00135093 -0.00282643 0.999995 0.00148632 0.0013554 -0.00148278 0.999998 -0.0792404 -0.0406509 0.173438
FixedParameters: 0 0 0

#Transform 56
Transform: AffineTransform_float_3_3
Parameters: 0.999994 0.00301361 -0.00169398 -0.00301106 0.999995 0.00124557 0.00169742 -0.0012402 0.999998 -0.0719463 0.00160756 0.137946
FixedParameters: 0 0 0

#Transform 57
Transform: AffineTransform_float_3_3
Parameters: 0.999994 0.00297873 -0.00170609 -0.00297761 0.999995 0.00107237 0.00170947 -0.00106728 0.999998 -0.0716892 -0.00267364 0.112235
FixedParameters: 0 0 0

#Transform 58
Transform: AffineTransform_float_3_3
Parameters: 0.999995 0.00281217 -0.00181778 -0.0028094 0.999994 0.00184648 0.00182245 -0.00184172 0.999997 -0.0670877 -0.0502645 0.186853
FixedParameters: 0 0 0

#Transform 59
Transform: AffineTransform_float_3_3
Parameters: 0.999994 0.0032802 -0.00145892 -0.0032785 0.999993 0.00154036 0.00146405 -0.00153584 0.999998 -0.0819232 0.00994069 0.177801
FixedParameters: 0 0 0

#Transform 60
Transform: AffineTransform_float_3_3
Parameters: 0.999994 0.00318539 -0.00170653 -0.00318296 0.999993 0.00186933 0.0017126 -0.00186444 0.999997 -0.0734455 -0.0346301 0.168235
FixedParameters: 0 0 0

#Transform 61
Transform: AffineTransform_float_3_3
Parameters: 0.999993 0.00323314 -0.00172564 -0.00322934 0.999993 0.00194597 0.0017323 -0.00193986 0.999997 -0.0730542 -0.0340575 0.187916
FixedParameters: 0 0 0

#Transform 62
Transform: AffineTransform_float_3_3
Parameters: 0.999993 0.00323523 -0.00181842 -0.00323274 0.999994 0.00145649 0.00182285 -0.00144979 0.999997 -0.0714401 -0.0132552 0.136288
FixedParameters: 0 0 0

#Transform 63
Transform: AffineTransform_float_3_3
Parameters: 0.999993 0.00323019 -0.00169928 -0.00322691 0.999992 0.00216383 0.00170649 -0.00215883 0.999996 -0.0762958 -0.0540447 0.18786
FixedParameters: 0 0 0

#Transform 64
Transform: AffineTransform_float_3_3
Parameters: 0.999993 0.00323616 -0.00169977 -0.00323242 0.999993 0.00195888 0.00170652 -0.00195293 0.999997 -0.0733599 0.00478731 0.19617
FixedParameters: 0 0 0

#Transform 65
Transform: AffineTransform_float_3_3
Parameters: 0.999993 0.00322883 -0.00175528 -0.00322603 0.999993 0.0019591 0.00176116 -0.00195375 0.999997 -0.0721794 -0.0157259 0.180318
FixedParameters: 0 0 0

#Transform 66
Transform: AffineTransform_float_3_3
Parameters: 0.999993 0.00331358 -0.0016258 -0.00331005 0.999992 0.00236789 0.00163372 -0.00236237 0.999996 -0.0775555 -0.0590516 0.191457
FixedParameters: 0 0 0

#Transform 67
Transform: AffineTransform_float_3_3
Parameters: 0.999993 0.00323672 -0.00169686 -0.00323316 0.999993 0.00195275 0.00170253 -0.00194707 0.999996 -0.0748161 0.00319814 0.150365
FixedParameters: 0 0 0

#Transform 68
Transform: AffineTransform_float_3_3
Parameters: 0.999994 0.00323748 -0.00167859 -0.00323369 0.999993 0.00200781 0.00168568 -0.00200296 0.999997 -0.0747452 -0.0152803 0.17609
FixedParameters: 0 0 0

#Transform 69
Transform: AffineTransform_float_3_3
Parameters: 0.999994 0.00301007 -0.00150919 -0.00300779 0.999993 0.0020916 0.00151507 -0.00208727 0.999997 -0.0766702 -0.0451719 0.187238
FixedParameters: 0 0 0

#Transform 70
Transform: AffineTransform_float_3_3
Parameters: 0.999993 0.00324402 -0.00176738 -0.00324182 0.999994 0.00138539 0.00177237 -0.00137995 0.999998 -0.0717627 0.0659813 0.163318
FixedParameters: 0 0 0

#Transform 71
Transform: AffineTransform_float_3_3
Parameters: 0.999995 0.00291892 -0.00165488 -0.00291531 0.999994 0.00231068 0.00166165 -0.00230604 0.999996 -0.0706889 -0.0234247 0.185261
FixedParameters: 0 0 0

#Transform 72
Transform: AffineTransform_float_3_3
Parameters: 0.999993 0.00328044 -0.00135036 -0.00327805 0.999993 0.00201466 0.00135668 -0.0020111 0.999997 -0.0849124 0.00671842 0.197749
FixedParameters: 0 0 0

#Transform 73
Transform: AffineTransform_float_3_3
Parameters: 0.999993 0.003552 -0.00155111 -0.00355 0.999992 0.00159551 0.00155641 -0.0015898 0.999998 -0.0975136 -0.0401263 -0.0829924
FixedParameters: 0 0 0

#Transform 74
Transform: AffineTransform_float_3_3
Parameters: 0.99999 0.00428924 -0.00105986 -0.00429538 0.999969 -0.00662572 0.00103098 0.00663006 0.999978 -0.177733 0.237314 -0.93707
FixedParameters: 0 0 0

#Transform 75
Transform: AffineTransform_float_3_3
Parameters: 0.999994 0.00330485 -0.00153804 -0.00330208 0.999993 0.00148063 0.0015427 -0.00147459 0.999998 -0.128339 -0.0159113 -0.215206
FixedParameters: 0 0 0

#Transform 76
Transform: AffineTransform_float_3_3
Parameters: 0.999993 0.00358192 -0.00133366 -0.00357963 0.999992 0.00199585 0.00134093 -0.00199089 0.999997 -0.137276 -0.00311218 -0.169041
FixedParameters: 0 0 0

#Transform 77
Transform: AffineTransform_float_3_3
Parameters: 0.999993 0.00330641 -0.00129739 -0.00330315 0.999993 0.00198703 0.00130448 -0.00198282 0.999997 -0.123314 -0.0774552 -0.144134
FixedParameters: 0 0 0

#Transform 78
Transform: AffineTransform_float_3_3
Parameters: 0.999992 0.00353276 -0.00132396 -0.00352863 0.99999 0.00284362 0.00133422 -0.00283882 0.999995 -0.11734 -0.100993 -0.122735
FixedParameters: 0 0 0

#Transform 79
Transform: AffineTransform_float_3_3
Parameters: 0.999992 0.00362669 -0.00156685 -0.00362381 0.999992 0.001901 0.00157361 -0.00189519 0.999997 -0.122785 -0.0395533 -0.142261
FixedParameters: 0 0 0

#Transform 80
Transform: AffineTransform_float_3_3
Parameters: 0.999992 0.00378169 -0.00161232 -0.00377782 0.99999 0.00219138 0.00162086 -0.00218473 0.999996 -0.125864 -0.0654427 -0.169283
FixedParameters: 0 0 0

#Transform 81
Transform: AffineTransform_float_3_3
Parameters: 0.999991 0.00386582 -0.00174933 -0.00386228 0.99999 0.00221804 0.00175859 -0.00221126 0.999996 -0.129272 -0.0786373 -0.112992
FixedParameters: 0 0 0

#Transform 82
Transform: AffineTransform_float_3_3
Parameters: 0.999991 0.00388452 -0.00173665 -0.00388088 0.99999 0.00198141 0.00174396 -0.00197469 0.999996 -0.130594 -0.0257938 -0.149774
FixedParameters: 0 0 0

#Transform 83
Transform: AffineTransform_float_3_3
Parameters: 0.999993 0.00341246 -0.00131074 -0.00340982 0.999992 0.00216243 0.00131853 -0.00215808 0.999996 -0.117118 -0.0566159 -0.108933
FixedParameters: 0 0 0

#Transform 84
Transform: AffineTransform_float_3_3
Parameters: 0.999993 0.00364513 -0.00133924 -0.00364132 0.99999 0.00269619 0.001349 -0.00269099 0.999996 -0.119011 -0.0279616 -0.0935132
FixedParameters: 0 0 0

#Transform 85
Transform: AffineTransform_float_3_3
Parameters: 0.999992 0.00361356 -0.00164279 -0.00360993 0.99999 0.00241942 0.00165145 -0.00241305 0.999995 -0.109789 -0.0224397 -0.119965
FixedParameters: 0 0 0

#Transform 86
Transform: AffineTransform_float_3_3
Parameters: 0.999992 0.00367032 -0.00172636 -0.00366597 0.99999 0.00255293 0.00173529 -0.00254673 0.999996 -0.124125 -0.0559421 -0.102389
FixedParameters: 0 0 0

#Transform 87
Transform: AffineTransform_float_3_3
Parameters: 0.999992 0.00368284 -0.00142396 -0.00367926 0.99999 0.00241189 0.00143277 -0.00240598 0.999996 -0.118777 -0.0236476 -0.137924
FixedParameters: 0 0 0

#Transform 88
Transform: AffineTransform_float_3_3
Parameters: 0.999992 0.00364941 -0.00169333 -0.00364519 0.999991 0.002554 0.00170221 -0.00254714 0.999996 -0.116365 -0.0395758 -0.126376
FixedParameters: 0 0 0

#Transform 89
Transform: AffineTransform_float_3_3
Parameters: 0.999991 0.0036856 -0.00175131 -0.00368219 0.999991 0.00185225 0.00175792 -0.0018449 0.999996 -0.111462 0.000958868 -0.119741
FixedParameters: 0 0 0

#Transform 90
Transform: AffineTransform_float_3_3
Parameters: 0.999991 0.00367029 -0.00178972 -0.00366626 0.99999 0.00233932 0.00179807 -0.00233265 0.999995 -0.116131 -0.0735658 -0.115668
FixedParameters: 0 0 0

#Transform 91
Transform: AffineTransform_float_3_3
Parameters: 0.999992 0.00371763 -0.00134997 -0.00371448 0.99999 0.00238241 0.00135873 -0.00237694 0.999996 -0.124965 0.00628934 -0.104032
FixedParameters: 0 0 0

#Transform 92
Transform: AffineTransform_float_3_3
Parameters: 0.999991 0.00396114 -0.00138115 -0.00395749 0.999989 0.00257215 0.00139152 -0.00256725 0.999995 -0.114479 -0.0377414 -0.113166
FixedParameters: 0 0 0

#Transform 93
Transform: AffineTransform_float_3_3
Parameters: 0.999992 0.0035033 -0.00178013 -0.00349886 0.99999 0.00281317 0.00178923 -0.00280712 0.999994 -0.102838 -0.0473697 -0.0801062
FixedParameters: 0 0 0

#Transform 94
Transform: AffineTransform_float_3_3
Parameters: 0.999991 0.00394372 -0.00183397 -0.00393975 0.999989 0.00227924 0.00184301 -0.00227247 0.999996 -0.117614 0.0280819 -0.137442
FixedParameters: 0 0 0

#Transform 95
Transform: AffineTransform_float_3_3
Parameters: 0.99999 0.00407349 -0.00175076 -0.00406901 0.999989 0.00259671 0.00176105 -0.00258942 0.999995 -0.122764 -0.0389743 -0.108531
FixedParameters: 0 0 0

#Transform 96
Transform: AffineTransform_float_3_3
Parameters: 0.99999 0.00401363 -0.00184138 -0.00400934 0.999989 0.00268559 0.0018522 -0.00267775 0.999995 -0.127802 -0.0240901 -0.078902
FixedParameters: 0 0 0

#Transform 97
Transform: AffineTransform_float_3_3
Parameters: 0.999989 0.00422866 -0.00187175 -0.00422383 0.999988 0.00220044 0.00188122 -0.00219259 0.999996 -0.137107 0.0436952 -0.138095
FixedParameters: 0 0 0

#Transform 98
Transform: AffineTransform_float_3_3
Parameters: 0.999989 0.00423527 -0.00186935 -0.00423013 0.999987 0.00291601 0.00188232 -0.00290806 0.999994 -0.154572 -0.0469191 -0.0881964
FixedParameters: 0 0 0

#Transform 99
Transform: AffineTransform_float_3_3
Parameters: 0.999989 0.00413481 -0.00186056 -0.00413087 0.999989 0.00194024 0.00186846 -0.00193285 0.999996 -0.13849 0.0291939 -0.0904072
FixedParameters: 0 0 0

#Transform 100
Transform: AffineTransform_float_3_3
Parameters: 0.99999 0.00420617 -0.00186998 -0.00420318 0.99999 0.00194249 0.00187824 -0.00193499 0.999996 -0.154183 0.00919281 -0.113782
FixedParameters: 0 0 0

#Transform 101
Transform: AffineTransform_float_3_3
Parameters: 0.99999 0.00406788 -0.0018495 -0.00406333 0.999989 0.0024494 0.00185956 -0.00244204 0.999996 -0.137244 -0.0219524 -0.104652
FixedParameters: 0 0 0

#Transform 102
Transform: AffineTransform_float_3_3
Parameters: 0.99999 0.00421146 -0.00187151 -0.00420805 0.999989 0.00175469 0.00187908 -0.00174693 0.999997 -0.153776 0.0638127 -0.115391
FixedParameters: 0 0 0

#Transform 103
Transform: AffineTransform_float_3_3
Parameters: 0.999991 0.00373241 -0.00197739 -0.00372739 0.999991 0.00234075 0.00198703 -0.00233344 0.999996 -0.128153 -0.0139169 -0.123866
FixedParameters: 0 0 0

#Transform 104
Transform: AffineTransform_float_3_3
Parameters: 0.999989 0.00422867 -0.00187654 -0.00422713 0.99999 0.00114499 0.00188191 -0.00113619 0.999997 -0.161094 0.181775 -0.119953
FixedParameters: 0 0 0

#Transform 105
Transform: AffineTransform_float_3_3
Parameters: 0.999989 0.00412478 -0.00186234 -0.00412207 0.999991 0.00124059 0.00186721 -0.00123329 0.999997 -0.148022 0.184462 -0.0706171
FixedParameters: 0 0 0

#Transform 106
Transform: AffineTransform_float_3_3
Parameters: 0.999991 0.00376035 -0.00181372 -0.00375744 0.999992 0.00132588 0.00181846 -0.00131978 0.999998 -0.158376 0.15054 -0.0806976
FixedParameters: 0 0 0

#Transform 107
Transform: AffineTransform_float_3_3
Parameters: 0.999995 0.00298184 -0.00104431 -0.00297976 0.999993 0.00248047 0.00105133 -0.00247734 0.999996 -0.180106 -0.0793934 0.060283
FixedParameters: 0 0 0

#Transform 108
Transform: AffineTransform_float_3_3
Parameters: 0.999993 0.00341404 -0.00135152 -0.00341078 0.999991 0.00237101 0.00135981 -0.0023661 0.999996 -0.145284 0.0433961 -0.00248851
FixedParameters: 0 0 0

#Transform 109
Transform: AffineTransform_float_3_3
Parameters: 0.999993 0.00351371 -0.00165143 -0.00351222 0.999993 0.000936746 0.00165476 -0.000931474 0.999998 -0.130751 0.297784 -0.00534587
FixedParameters: 0 0 0

#Transform 110
Transform: AffineTransform_float_3_3
Parameters: 0.999996 0.00230671 -0.0016162 -0.00230487 0.999997 0.000992635 0.00161875 -0.000988811 0.999998 -0.130873 0.131737 0.107899
FixedParameters: 0 0 0

#Transform 111
Transform: AffineTransform_float_3_3
Parameters: 0.999998 0.0019889 -0.00116314 -0.00198478 0.999994 0.00297789 0.00116942 -0.0029756 0.999995 -0.0954793 -0.0413476 0.0938652
FixedParameters: 0 0 0

#Transform 112
Transform: AffineTransform_float_3_3
Parameters: 0.999998 0.00198812 -0.00116298 -0.00198393 0.999994 0.00300487 0.00116937 -0.00300259 0.999995 -0.0821401 0.0915605 0.0571907
FixedParameters: 0 0 0

#Transform 113
Transform: AffineTransform_float_3_3
Parameters: 0.999996 0.00266317 -0.00141885 -0.0026599 0.999993 0.00255536 0.00142586 -0.00255133 0.999996 -0.0974907 0.121297 0.0476652
FixedParameters: 0 0 0

#Transform 114
Transform: AffineTransform_float_3_3
Parameters: 0.999996 0.0025168 -0.00119249 -0.00251432 0.999993 0.00270536 0.00119958 -0.00270288 0.999996 -0.103518 0.0640535 0.0239649
FixedParameters: 0 0 0

#Transform 115
Transform: AffineTransform_float_3_3
Parameters: 0.999997 0.0022496 -0.000961978 -0.00224663 0.999993 0.0030667 0.00096923 -0.00306496 0.999995 -0.106216 0.0606795 0.0506657
FixedParameters: 0 0 0

#Transform 116
Transform: AffineTransform_float_3_3
Parameters: 0.999996 0.00266715 -0.00138912 -0.00266305 0.999993 0.00255226 0.00139601 -0.0025484 0.999996 -0.0924451 0.0959427 0.0203173
FixedParameters: 0 0 0

#Transform 117
Transform: AffineTransform_float_3_3
Parameters: 0.999996 0.00263177 -0.00150859 -0.00262726 0.999991 0.00322329 0.00151723 -0.00321882 0.999994 -0.0748779 0.0384175 0.0483114
FixedParameters: 0 0 0

#Transform 118
Transform: AffineTransform_float_3_3
Parameters: 0.999995 0.00278199 -0.0015521 -0.00277785 0.999993 0.00265691 0.00155929 -0.00265206 0.999995 -0.0874762 0.0973538 0.0310398
FixedParameters: 0 0 0

#Transform 119
Transform: AffineTransform_float_3_3
Parameters: 0.999995 0.00275715 -0.00152432 -0.00275297 0.999992 0.00276699 0.001531 -0.00276236 0.999995 -0.096814 0.0753227 0.0186819
FixedParameters: 0 0 0

#Transform 120
Transform: AffineTransform_float_3_3
Parameters: 0.999995 0.00267351 -0.00165292 -0.00266877 0.999992 0.00298134 0.00166146 -0.00297721 0.999994 -0.0908264 0.093744 0.039701
FixedParameters: 0 0 0

#Transform 121
Transform: AffineTransform_float_3_3
Parameters: 0.999995 0.00262466 -0.0019665 -0.00261961 0.999993 0.00255879 0.00197341 -0.00255293 0.999994 -0.0799919 0.124307 0.0400454
FixedParameters: 0 0 0

#Transform 122
Transform: AffineTransform_float_3_3
Parameters: 0.999995 0.0024928 -0.00178623 -0.00248705 0.999993 0.0027686 0.0017925 -0.00276392 0.999995 -0.105228 0.0684965 0.0369674
FixedParameters: 0 0 0

#Transform 123
Transform: AffineTransform_float_3_3
Parameters: 0.999996 0.00258457 -0.00150643 -0.0025809 0.999993 0.00253945 0.00151296 -0.00253519 0.999996 -0.0992965 0.0895324 0.0562869
FixedParameters: 0 0 0

#Transform 124
Transform: AffineTransform_float_3_3
Parameters: 0.999996 0.00260374 -0.00147714 -0.00260065 0.999995 0.00201861 0.00148186 -0.00201449 0.999997 -0.100182 0.0880832 -0.0037872
FixedParameters: 0 0 0

#Transform 125
Transform: AffineTransform_float_3_3
Parameters: 0.999996 0.00222327 -0.00167124 -0.00221903 0.999995 0.00238914 0.00167731 -0.00238596 0.999996 -0.07999 0.081889 0.0614172
FixedParameters: 0 0 0

#Transform 126
Transform: AffineTransform_float_3_3
Parameters: 0.999993 0.00294385 -0.00221388 -0.00293537 0.999988 0.0041214 0.00222649 -0.00411485 0.999989 -0.080518 0.0226613 0.08417
FixedParameters: 0 0 0

#Transform 127
Transform: AffineTransform_float_3_3
Parameters: 0.999996 0.00199661 -0.00228184 -0.00199106 0.999996 0.00201155 0.00228625 -0.00200644 0.999995 -0.0521295 0.0507053 0.121348
FixedParameters: 0 0 0

#Transform 128
Transform: AffineTransform_float_3_3
Parameters: 0.999993 0.00272157 -0.00232884 -0.00271972 0.999996 0.000686477 0.00233149 -0.000680334 0.999997 -0.0747298 0.283793 0.0731638
FixedParameters: 0 0 0

#Transform 129
Transform: AffineTransform_float_3_3
Parameters: 0.999993 0.00309467 -0.00217423 -0.00309528 0.999995 -0.000375175 0.00217346 0.000381751 0.999998 -0.0935865 0.331031 0.0983028
FixedParameters: 0 0 0

#Transform 130
Transform: AffineTransform_float_3_3
Parameters: 0.999997 0.00183694 -0.0020063 -0.00183446 0.999998 0.00124545 0.00200806 -0.00124211 0.999997 -0.111132 0.0553579 0.207494
FixedParameters: 0 0 0

#Transform 131
Transform: AffineTransform_float_3_3
Parameters: 0.999997 0.00185996 -0.00163216 -0.00185652 0.999996 0.0021524 0.0016366 -0.00214936 0.999996 -0.0868794 0.11175 0.169304
FixedParameters: 0 0 0

#Transform 132
Transform: AffineTransform_float_3_3
Parameters: 0.999995 0.00230002 -0.00179611 -0.00229632 0.999995 0.0020682 0.00180101 -0.00206323 0.999996 -0.0993725 0.170766 0.172788
FixedParameters: 0 0 0

#Transform 133
Transform: AffineTransform_float_3_3
Parameters: 0.999995 0.00231423 -0.00175338 -0.0023108 0.999996 0.00177212 0.00175678 -0.00176855 0.999997 -0.108679 0.178562 0.156501
FixedParameters: 0 0 0

#Transform 134
Transform: AffineTransform_float_3_3
Parameters: 0.999996 0.00188406 -0.00168137 -0.00187958 0.999994 0.00276574 0.0016865 -0.00276239 0.999995 -0.104197 0.114534 0.194885
FixedParameters: 0 0 0

#Transform 135
Transform: AffineTransform_float_3_3
Parameters: 0.999997 0.00185239 -0.00185909 -0.00184684 0.999994 0.00309193 0.00186439 -0.003088 0.999994 -0.0784839 0.126261 0.193848
FixedParameters: 0 0 0

#Transform 136
Transform: AffineTransform_float_3_3
Parameters: 0.999997 0.00167966 -0.00197709 -0.00167385 0.999994 0.00291415 0.00198271 -0.00291118 0.999994 -0.0723521 0.137435 0.183275
FixedParameters: 0 0 0

#Transform 137
Transform: AffineTransform_float_3_3
Parameters: 0.999997 0.00184395 -0.00190012 -0.00183776 0.999993 0.00319796 0.00190576 -0.00319487 0.999993 -0.078325 0.12332 0.1513
FixedParameters: 0 0 0

#Transform 138
Transform: AffineTransform_float_3_3
Parameters: 0.999996 0.00184823 -0.00204056 -0.00184312 0.999995 0.00241355 0.00204506 -0.00240997 0.999995 -0.0733623 0.148522 0.161958
FixedParameters: 0 0 0

#Transform 139
Transform: AffineTransform_float_3_3
Parameters: 0.999996 0.00203653 -0.00192373 -0.00203163 0.999995 0.00253795 0.00192872 -0.00253407 0.999996 -0.08033 0.156353 0.142122
FixedParameters: 0 0 0

#Transform 140
Transform: AffineTransform_float_3_3
Parameters: 0.999997 0.00172914 -0.00196458 -0.00172384 0.999995 0.00283048 0.00196915 -0.00282665 0.999994 -0.0741575 0.124691 0.165414
FixedParameters: 0 0 0

#Transform 141
Transform: AffineTransform_float_3_3
Parameters: 0.999995 0.00230401 -0.00203235 -0.00229847 0.999994 0.00256608 0.00203876 -0.0025619 0.999995 -0.0802477 0.175013 0.15641
FixedParameters: 0 0 0

#Transform 142
Transform: AffineTransform_float_3_3
Parameters: 0.999996 0.00200075 -0.00198086 -0.00199443 0.999994 0.00285414 0.00198593 -0.00285043 0.999994 -0.0782045 0.1106 0.150938
FixedParameters: 0 0 0

#Transform 143
Transform: AffineTransform_float_3_3
Parameters: 0.999996 0.00189517 -0.00194485 -0.00188987 0.999994 0.00286471 0.00195049 -0.00286127 0.999994 -0.0774903 0.103419 0.159823
FixedParameters: 0 0 0

#Transform 144
Transform: AffineTransform_float_3_3
Parameters: 0.999996 0.0020114 -0.00197797 -0.00200625 0.999995 0.00253333 0.00198275 -0.0025296 0.999994 -0.0783103 0.145848 0.142917
FixedParameters: 0 0 0

#Transform 145
Transform: AffineTransform_float_3_3
Parameters: 0.999996 0.00186702 -0.00215098 -0.00186066 0.999994 0.00283713 0.00215641 -0.00283276 0.999994 -0.070972 0.0959489 0.151427
FixedParameters: 0 0 0

#Transform 146
Transform: AffineTransform_float_3_3
Parameters: 0.999996 0.00189264 -0.00199375 -0.00188675 0.999994 0.00294095 0.00199972 -0.00293733 0.999994 -0.0749837 0.114324 0.190358
FixedParameters: 0 0 0

#Transform 147
Transform: AffineTransform_float_3_3
Parameters: 0.999996 0.00218946 -0.00202261 -0.00218431 0.999994 0.00248831 0.00202804 -0.00248464 0.999995 -0.0789315 0.146795 0.160075
FixedParameters: 0 0 0

#Transform 148
Transform: AffineTransform_float_3_3
Parameters: 0.999995 0.00181821 -0.00227591 -0.00181163 0.999995 0.00273725 0.00228071 -0.00273361 0.999994 -0.0657722 0.136304 0.161815
FixedParameters: 0 0 0

#Transform 149
Transform: AffineTransform_float_3_3
Parameters: 0.999996 0.00176972 -0.00219806 -0.00176466 0.999995 0.00270811 0.00220255 -0.00270423 0.999994 -0.065957 0.158471 0.20737
FixedParameters: 0 0 0

#Transform 150
Transform: AffineTransform_float_3_3
Parameters: 0.999994 0.00226069 -0.00233393 -0.00225411 0.999994 0.00270064 0.00233987 -0.00269524 0.999993 -0.0879691 0.18689 0.166943
FixedParameters: 0 0 0

#Transform 151
Transform: AffineTransform_float_3_3
Parameters: 0.999995 0.00205708 -0.0023087 -0.00204947 0.999993 0.00295012 0.00231462 -0.00294552 0.999993 -0.0854268 0.149778 0.18899
FixedParameters: 0 0 0

#Transform 152
Transform: AffineTransform_float_3_3
Parameters: 0.999995 0.0019784 -0.00240884 -0.00197109 0.999994 0.00273821 0.00241445 -0.00273332 0.999994 -0.0599367 0.174066 0.191815
FixedParameters: 0 0 0

#Transform 153
Transform: AffineTransform_float_3_3
Parameters: 0.999994 0.00201274 -0.00272381 -0.00200555 0.999996 0.00238408 0.00272912 -0.00237872 0.999994 -0.0674641 0.200681 0.130582
FixedParameters: 0 0 0

#Transform 154
Transform: AffineTransform_float_3_3
Parameters: 0.999995 0.00203899 -0.00235727 -0.00203127 0.999993 0.00314994 0.0023631 -0.00314518 0.999992 -0.0884745 0.159182 0.164071
FixedParameters: 0 0 0

#Transform 155
Transform: AffineTransform_float_3_3
Parameters: 0.999995 0.0022331 -0.00239788 -0.00222541 0.999993 0.00309246 0.00240461 -0.0030866 0.999993 -0.0894979 0.175938 0.177802
FixedParameters: 0 0 0

#Transform 156
Transform: AffineTransform_float_3_3
Parameters: 0.999995 0.00223469 -0.0024938 -0.00222725 0.999992 0.00312817 0.00250084 -0.00312281 0.999992 -0.0871455 0.183357 0.153698
FixedParameters: 0 0 0

#Transform 157
Transform: AffineTransform_float_3_3
Parameters: 0.999995 0.00224597 -0.00247056 -0.0022386 0.999994 0.00294416 0.00247665 -0.00293914 0.999992 -0.0981506 0.17773 0.169232
FixedParameters: 0 0 0

#Transform 158
Transform: AffineTransform_float_3_3
Parameters: 0.999994 0.00259013 -0.00244021 -0.0025835 0.999993 0.00283211 0.00244769 -0.00282554 0.999993 -0.100125 0.210649 0.164627
FixedParameters: 0 0 0

#Transform 159
Transform: AffineTransform_float_3_3
Parameters: 0.999994 0.00217942 -0.0024004 -0.00217246 0.999993 0.00291066 0.00240701 -0.00290505 0.999993 -0.0896897 0.175864 0.138346
FixedParameters: 0 0 0

#Transform 160
Transform: AffineTransform_float_3_3
Parameters: 0.999994 0.0021785 -0.00237847 -0.0021724 0.999994 0.00275946 0.00238442 -0.00275491 0.999994 -0.089248 0.160477 0.180818
FixedParameters: 0 0 0

#Transform 161
Transform: AffineTransform_float_3_3
Parameters: 0.999994 0.00259262 -0.00244693 -0.00258553 0.999993 0.00271416 0.00245368 -0.00270758 0.999994 -0.09664 0.203107 0.150724
FixedParameters: 0 0 0

#Transform 162
Transform: AffineTransform_float_3_3
Parameters: 0.999995 0.00225462 -0.00243582 -0.0022474 0.999992 0.00315447 0.0024431 -0.00314927 0.999992 -0.0953333 0.158024 0.11552
FixedParameters: 0 0 0

#Transform 163
Transform: AffineTransform_float_3_3
Parameters: 0.999995 0.00230773 -0.0023416 -0.00230133 0.999994 0.00289133 0.00234782 -0.00288563 0.999993 -0.106288 0.19396 0.167957
FixedParameters: 0 0 0

#Transform 164
Transform: AffineTransform_float_3_3
Parameters: 0.999994 0.00209498 -0.002463 -0.00208956 0.999995 0.00250415 0.00246835 -0.00249966 0.999994 -0.104441 0.196243 0.146233
FixedParameters: 0 0 0

#Transform 165
Transform: AffineTransform_float_3_3
Parameters: 0.999995 0.00220229 -0.00242392 -0.00219484 0.999994 0.00277946 0.00242989 -0.00277368 0.999993 -0.0969991 0.169266 0.134935
FixedParameters: 0 0 0

#Transform 166
Transform: AffineTransform_float_3_3
Parameters: 0.999995 0.00194185 -0.00247851 -0.00193476 0.999995 0.00281637 0.00248435 -0.00281161 0.999993 -0.0861532 0.1796 0.161505
FixedParameters: 0 0 0

#Transform 167
Transform: AffineTransform_float_3_3
Parameters: 0.999995 0.00209611 -0.00253019 -0.00208934 0.999995 0.00272467 0.00253547 -0.00271892 0.999993 -0.0784503 0.192701 0.137124
FixedParameters: 0 0 0

#Transform 168
Transform: AffineTransform_float_3_3
Parameters: 0.999994 0.0021899 -0.00259027 -0.00218177 0.999993 0.00294831 0.0025961 -0.00294156 0.999992 -0.100213 0.163195 0.125849
FixedParameters: 0 0 0

#Transform 169
Transform: AffineTransform_float_3_3
Parameters: 0.999994 0.00225122 -0.00262136 -0.00224357 0.999993 0.00299044 0.00262887 -0.00298443 0.999992 -0.098648 0.201657 0.168417
FixedParameters: 0 0 0

#Transform 170
Transform: AffineTransform_float_3_3
Parameters: 0.999994 0.00227381 -0.00248459 -0.00226679 0.999993 0.00282421 0.00249129 -0.00281777 0.999993 -0.0955515 0.190966 0.120322
FixedParameters: 0 0 0

#Transform 171
Transform: AffineTransform_float_3_3
Parameters: 0.999995 0.00228716 -0.0023018 -0.00227973 0.999992 0.00319267 0.00230834 -0.00318698 0.999992 -0.109167 0.17642 0.173699
FixedParameters: 0 0 0

#Transform 172
Transform: AffineTransform_float_3_3
Parameters: 0.999994 0.00237437 -0.00240129 -0.00236849 0.999994 0.00268691 0.0024079 -0.00268036 0.999994 -0.0948599 0.245261 0.131104
FixedParameters: 0 0 0

#Transform 173
Transform: AffineTransform_float_3_3
Parameters: 0.999995 0.00227551 -0.00245027 -0.00226837 0.999994 0.00292098 0.00245643 -0.00291591 0.999992 -0.0927482 0.188882 0.128039
FixedParameters: 0 0 0

#Transform 174
Transform: AffineTransform_float_3_3
Parameters: 0.999995 0.00214179 -0.0023137 -0.00213439 0.999993 0.00335299 0.00232118 -0.00334816 0.999991 -0.109254 0.180317 0.157061
FixedParameters: 0 0 0

#Transform 175
Transform: AffineTransform_float_3_3
Parameters: 0.999994 0.00238432 -0.00246138 -0.00237699 0.999993 0.0029466 0.0024683 -0.00294094 0.999992 -0.0878567 0.219431 0.132131
FixedParameters: 0 0 0

#Transform 176
Transform: AffineTransform_float_3_3
Parameters: 0.999995 0.00219763 -0.00213553 -0.00218965 0.999993 0.00330463 0.00214291 -0.00330039 0.999992 -0.0905396 0.191995 0.141788
FixedParameters: 0 0 0

#Transform 177
Transform: AffineTransform_float_3_3
Parameters: 0.999996 0.00205846 -0.00211584 -0.00205062 0.999992 0.00353229 0.00212343 -0.00352843 0.999992 -0.0944211 0.205014 0.171242
FixedParameters: 0 0 0

#Transform 178
Transform: AffineTransform_float_3_3
Parameters: 0.999995 0.00228433 -0.00231954 -0.00227671 0.999992 0.00321069 0.00232614 -0.00320493 0.999992 -0.113229 0.202314 0.13361
FixedParameters: 0 0 0

#Transform 179
Transform: AffineTransform_float_3_3
Parameters: 0.999996 0.00242629 -0.00163703 -0.00242185 0.999992 0.00325968 0.00164466 -0.00325615 0.999994 -0.10791 0.217554 0.186041
FixedParameters: 0 0 0

#Transform 180
Transform: AffineTransform_float_3_3
Parameters: 0.999995 0.0018234 -0.00226933 -0.00181639 0.999993 0.00329352 0.0022755 -0.00328911 0.999992 -0.080273 0.193129 0.167631
FixedParameters: 0 0 0

#Transform 181
Transform: AffineTransform_float_3_3
Parameters: 0.999995 0.00228287 -0.00215807 -0.00227681 0.999993 0.00279931 0.00216458 -0.0027946 0.999993 -0.0920096 0.231837 0.100041
FixedParameters: 0 0 0

#Transform 182
Transform: AffineTransform_float_3_3
Parameters: 0.999994 0.00222145 -0.00252392 -0.00221317 0.999993 0.00327899 0.00253062 -0.00327355 0.999992 -0.0820366 0.181009 0.190968
FixedParameters: 0 0 0

#Transform 183
Transform: AffineTransform_float_3_3
Parameters: 0.999994 0.00239747 -0.00238821 -0.00239015 0.999992 0.00303273 0.00239568 -0.00302709 0.999993 -0.0862507 0.248237 0.191034
FixedParameters: 0 0 0

#Transform 184
Transform: AffineTransform_float_3_3
Parameters: 0.999995 0.00224149 -0.00240189 -0.00223361 0.999992 0.00313279 0.00240886 -0.00312784 0.999992 -0.0854864 0.185758 0.163035
FixedParameters: 0 0 0

#Transform 185
Transform: AffineTransform_float_3_3
Parameters: 0.999994 0.00221538 -0.00252869 -0.00220607 0.999991 0.00347187 0.00253619 -0.00346548 0.99999 -0.100535 0.190396 0.185809
FixedParameters: 0 0 0

#Transform 186
Transform: AffineTransform_float_3_3
Parameters: 0.999995 0.00223318 -0.00247045 -0.00222494 0.999993 0.00311192 0.00247726 -0.00310574 0.999992 -0.102 0.231207 0.195392
FixedParameters: 0 0 0

#Transform 187
Transform: AffineTransform_float_3_3
Parameters: 0.999995 0.00225077 -0.00231824 -0.00224311 0.999992 0.00319058 0.00232553 -0.003185 0.999992 -0.105067 0.226381 0.179416
FixedParameters: 0 0 0

#Transform 188
