#Insight Transform File V1.0
#Transform 0
Transform: AffineTransform_float_3_3
Parameters: 1 -0.000131556 -0.000423015 0.000131918 1 0.000427944 0.000422902 -0.000428056 1 0.00288988 -0.0329965 -0.0822924
FixedParameters: 0 0 0

#Transform 1
Transform: AffineTransform_float_3_3
Parameters: 1 0.000439036 -8.00781e-05 -0.000438999 1 0.000232035 8.02818e-05 -0.000231965 1 -0.0282111 0.137715 0.0207144
FixedParameters: 0 0 0

#Transform 2
Transform: AffineTransform_float_3_3
Parameters: 0.999999 0.000600721 -0.000421795 -0.00060081 1 -0.000105747 0.000421668 0.000106253 1 -0.068823 0.044854 -0.00138997
FixedParameters: 0 0 0

#Transform 3
Transform: AffineTransform_float_3_3
Parameters: 1 0.000999981 -0.000511831 -0.000999967 1 -0.000276772 0.000512231 0.000277229 1 -0.0883931 0.0119602 -0.0372388
FixedParameters: 0 0 0

#Transform 4
Transform: AffineTransform_float_3_3
Parameters: 0.999999 0.000893318 -7.50538e-05 -0.000893192 0.999999 -0.00115193 7.39505e-05 0.00115207 1 -0.0627241 0.0902276 -0.0812744
FixedParameters: 0 0 0

#Transform 5
Transform: AffineTransform_float_3_3
Parameters: 0.999999 0.00126749 0.000653977 -0.00126662 0.999998 -0.00166592 -0.000655693 0.00166508 0.999999 -0.0563829 -0.0467167 -0.0774837
FixedParameters: 0 0 0

#Transform 6
Transform: AffineTransform_float_3_3
Parameters: 0.999999 0.00129848 0.00059483 -0.00129808 0.999999 -0.000889862 -0.000595887 0.000889139 1 -0.0696674 0.005371 -0.0778917
FixedParameters: 0 0 0

#Transform 7
Transform: AffineTransform_float_3_3
Parameters: 0.999999 0.00146218 0.000337071 -0.00146183 0.999998 -0.00105158 -0.000337939 0.00105142 0.999999 -0.0892357 -0.0160168 -0.104793
FixedParameters: 0 0 0

#Transform 8
Transform: AffineTransform_float_3_3
Parameters: 0.999999 0.0012819 0.000411776 -0.00128207 0.999999 -0.000588617 -0.000412033 0.000588384 1 -0.0760994 0.0739242 -0.115059
FixedParameters: 0 0 0

#Transform 9
Transform: AffineTransform_float_3_3
Parameters: 0.999999 0.00115011 0.000704109 -0.00115083 0.999999 0.000301385 -0.00070437 -0.000301615 1 -0.0518291 0.0218986 -0.0822164
FixedParameters: 0 0 0

#Transform 10
Transform: AffineTransform_float_3_3
Parameters: 0.999999 0.00105099 0.000792469 -0.00105131 0.999999 0.000202363 -0.000792043 -0.000202637 1 -0.0483319 0.0331773 -0.11192
FixedParameters: 0 0 0

#Transform 11
Transform: AffineTransform_float_3_3
Parameters: 0.999999 0.00066959 0.000463178 -0.000669269 0.999999 0.000684601 -0.000462559 -0.000684398 0.999999 -0.0527628 0.100033 -0.12065
FixedParameters: 0 0 0

#Transform 12
Transform: AffineTransform_float_3_3
Parameters: 1 0.000976114 0.000556358 -0.000976124 1 0.000599369 -0.00055644 -0.000599633 1 -0.0538402 0.0186055 -0.0869946
FixedParameters: 0 0 0

#Transform 13
Transform: AffineTransform_float_3_3
Parameters: 1 0.00106566 0.000434804 -0.00106601 0.999999 0.00116345 -0.000433576 -0.00116355 0.999999 -0.0579698 0.0661256 -0.122527
FixedParameters: 0 0 0

#Transform 14
Transform: AffineTransform_float_3_3
Parameters: 1 0.000855716 0.000756797 -0.00085579 0.999999 4.83523e-05 -0.000756713 -4.96475e-05 0.999999 -0.0553501 0.0977262 -0.157764
FixedParameters: 0 0 0

#Transform 15
Transform: AffineTransform_float_3_3
Parameters: 1 0.000862931 0.000720129 -0.000863321 0.999999 0.00027029 -0.000719662 -0.000270709 0.999999 -0.0535922 -0.0306163 -0.143201
FixedParameters: 0 0 0

#Transform 16
Transform: AffineTransform_float_3_3
Parameters: 0.999999 0.000975636 0.00084934 -0.000975749 0.999999 6.63668e-05 -0.00084921 -6.66331e-05 1 -0.0752405 0.0572543 -0.192894
FixedParameters: 0 0 0

#Transform 17
Transform: AffineTransform_float_3_3
Parameters: 0.999999 0.00111218 0.000581703 -0.00111233 0.999999 0.000135353 -0.0005814 -0.000136647 1 -0.0839247 0.0529843 -0.0845397
FixedParameters: 0 0 0

#Transform 18
Transform: AffineTransform_float_3_3
Parameters: 1 0.00103486 0.000333565 -0.00103532 0.999999 0.000242566 -0.000334018 -0.000242434 1 -0.0897531 -0.0217262 -0.092824
FixedParameters: 0 0 0

#Transform 19
Transform: AffineTransform_float_3_3
Parameters: 0.999999 0.000897268 -0.000108618 -0.000897536 0.999999 0.000136097 0.000107907 -0.000135903 1 -0.100019 0.0931668 -0.0360038
FixedParameters: 0 0 0

#Transform 20
Transform: AffineTransform_float_3_3
Parameters: 0.999999 0.000802019 3.63112e-05 -0.000802036 1 0.000223882 -3.59527e-05 -0.000223117 1 -0.0949714 0.0919619 -0.0406037
FixedParameters: 0 0 0

#Transform 21
Transform: AffineTransform_float_3_3
Parameters: 1 0.00101216 0.000261436 -0.00101281 1 0.000675363 -0.000261023 -0.000675637 0.999999 -0.0774836 -0.0341508 -0.104493
FixedParameters: 0 0 0

#Transform 22
Transform: AffineTransform_float_3_3
Parameters: 0.999999 0.000969762 0.000124622 -0.000970163 1 0.000413596 -0.000124774 -0.000414405 1 -0.0765644 0.00164094 -0.179874
FixedParameters: 0 0 0

#Transform 23
Transform: AffineTransform_float_3_3
Parameters: 0.999999 0.000872252 0.000147298 -0.00087226 1 2.57831e-05 -0.000147254 -2.52169e-05 1 -0.0717085 -0.00508865 -0.193531
FixedParameters: 0 0 0

#Transform 24
Transform: AffineTransform_float_3_3
Parameters: 0.999999 0.000858088 -0.000234447 -0.000857912 0.999999 0.000375201 0.00023509 -0.000374798 1 -0.102947 0.031935 -0.18512
FixedParameters: 0 0 0

#Transform 25
Transform: AffineTransform_float_3_3
Parameters: 0.999999 0.00093488 0.00023017 -0.00093475 0.999999 -0.000282304 -0.000230698 0.000282696 1 -0.0698239 -0.0559233 -0.191438
FixedParameters: 0 0 0

#Transform 26
Transform: AffineTransform_float_3_3
Parameters: 0.999999 0.000949601 5.91569e-05 -0.000949583 0.999999 -0.000148145 -5.9439e-05 0.000148855 1 -0.0807121 0.0390253 -0.244634
FixedParameters: 0 0 0

#Transform 27
Transform: AffineTransform_float_3_3
Parameters: 1 0.0006869 -2.73467e-05 -0.000686887 0.999999 0.000237019 2.76723e-05 -0.000236981 1 -0.0714692 -0.01971 -0.25218
FixedParameters: 0 0 0

#Transform 28
Transform: AffineTransform_float_3_3
Parameters: 0.999999 0.000836711 0.000215069 -0.000836803 1 0.000212732 -0.000214713 -0.000212268 1 -0.0717267 -0.0503685 -0.276069
FixedParameters: 0 0 0

#Transform 29
Transform: AffineTransform_float_3_3
Parameters: 0.999999 0.000611076 0.000401381 -0.000610975 1 -0.000125334 -0.000401535 0.000125666 1 -0.0719257 0.0173041 -0.378494
FixedParameters: 0 0 0

#Transform 30
Transform: AffineTransform_float_3_3
Parameters: 0.999999 0.000607299 0.000378206 -0.000606504 0.999999 -0.000659229 -0.000378051 0.00065877 0.999999 -0.0656834 -0.00798372 -0.400669
FixedParameters: 0 0 0

#Transform 31
Transform: AffineTransform_float_3_3
Parameters: 1 0.000573451 0.000323967 -0.000573223 1 -0.000352186 -0.000324371 0.000351814 1 -0.0510744 -0.120995 -0.335905
FixedParameters: 0 0 0

#Transform 32
Transform: AffineTransform_float_3_3
Parameters: 0.999999 0.0006352 0.000551852 -0.000634649 0.999999 -0.00049935 -0.000552485 0.000498649 0.999999 -0.0566193 -0.0570933 -0.400414
FixedParameters: 0 0 0

#Transform 33
Transform: AffineTransform_float_3_3
Parameters: 0.999999 0.000654024 0.000488481 -0.000653766 1 -0.000264319 -0.000488827 0.00026368 1 -0.0453815 -0.0576897 -0.382244
FixedParameters: 0 0 0

#Transform 34
Transform: AffineTransform_float_3_3
Parameters: 0.999999 0.000663579 0.000517656 -0.000663603 1 -0.000898345 -0.000518551 0.000897657 1 -0.0206498 -0.0757699 -0.361391
FixedParameters: 0 0 0

#Transform 35
Transform: AffineTransform_float_3_3
Parameters: 1 0.000429842 -0.000230523 -0.000429805 0.999999 -0.000564901 0.000230992 0.000565099 1 -0.0537152 0.0619606 -0.485701
FixedParameters: 0 0 0

#Transform 36
Transform: AffineTransform_float_3_3
Parameters: 1 0.000494487 -2.34085e-05 -0.00049422 0.999999 -0.000628988 2.37413e-05 0.000629011 1 -0.0728396 -0.145401 -0.422399
FixedParameters: 0 0 0

#Transform 37
Transform: AffineTransform_float_3_3
Parameters: 1 0.000350673 -0.000484389 -0.000351067 1 -0.00040683 0.000484104 0.00040717 1 -0.0732446 -0.122622 -0.505572
FixedParameters: 0 0 0

#Transform 38
Transform: AffineTransform_float_3_3
Parameters: 1 0.000415511 -0.00027639 -0.000415588 0.999999 -0.000675885 0.000276783 0.000676115 0.999999 -0.0661818 -0.110216 -0.548492
FixedParameters: 0 0 0

#Transform 39
Transform: AffineTransform_float_3_3
Parameters: 1 0.00012626 0.000199408 -0.000125824 1 -0.00109103 -0.000199683 0.00109098 1 -0.0223023 -0.131421 -0.54497
FixedParameters: 0 0 0

#Transform 40
Transform: AffineTransform_float_3_3
Parameters: 1 -0.000283365 0.000129252 0.000283184 1 -0.000448963 -0.000129952 0.000449037 1 -0.000382795 -0.100345 -0.556333
FixedParameters: 0 0 0

#Transform 41
Transform: AffineTransform_float_3_3
Parameters: 1 2.17565e-05 0.00013358 -2.1659e-05 1 -0.000365003 -0.000133596 0.000364997 1 -0.00210293 -0.0656701 -0.561935
FixedParameters: 0 0 0

#Transform 42
Transform: AffineTransform_float_3_3
Parameters: 0.999999 0.000204443 0.00102066 -0.000201371 0.999996 -0.00258392 -0.00102207 0.00258408 0.999996 -0.0568712 0.168502 -0.720447
FixedParameters: 0 0 0

#Transform 43
Transform: AffineTransform_float_3_3
Parameters: 1 0.00010891 0.000144082 -0.000108382 0.999999 -0.000802015 -0.000143302 0.000801984 0.999999 -0.0654664 -0.0735847 -0.492285
FixedParameters: 0 0 0

#Transform 44
Transform: AffineTransform_float_3_3
Parameters: 1 -1.24801e-05 -0.000244406 1.19947e-05 0.999999 -0.000993002 0.00024443 0.000992996 0.999999 -0.0745116 -0.106082 -0.410134
FixedParameters: 0 0 0

#Transform 45
Transform: AffineTransform_float_3_3
Parameters: 1 -0.000373499 1.51119e-05 0.000373232 1 -0.000994278 -1.53244e-05 0.000993722 0.999999 -0.0504175 -0.0280257 -0.441598
FixedParameters: 0 0 0

#Transform 46
Transform: AffineTransform_float_3_3
Parameters: 1 -7.13116e-05 -0.000432425 7.1284e-05 1 -0.00113603 0.00043229 0.00113597 1 -0.0788737 -0.0101264 -0.542388
FixedParameters: 0 0 0

#Transform 47
Transform: AffineTransform_float_3_3
Parameters: 0.999999 -0.000192711 -0.000821917 0.000192543 1 -0.000682875 0.000821883 0.000683126 1 -0.0817107 -0.0380828 -0.482201
FixedParameters: 0 0 0

#Transform 48
Transform: AffineTransform_float_3_3
Parameters: 0.999999 -6.53857e-05 -0.000767323 6.48854e-05 1 -0.00032605 0.000767365 0.00032595 0.999999 -0.0969661 -0.0283291 -0.463588
FixedParameters: 0 0 0

#Transform 49
Transform: AffineTransform_float_3_3
Parameters: 0.999999 -1.25113e-05 -0.000840029 1.33452e-05 1 0.00106408 0.000840299 -0.00106492 0.999999 -0.0930277 0.0483198 -0.464289
FixedParameters: 0 0 0

#Transform 50
Transform: AffineTransform_float_3_3
Parameters: 1 -0.000108584 -0.000552748 0.000107995 1 -0.00053306 0.000552863 0.00053294 0.999999 -0.0816223 -0.0538478 -0.53791
FixedParameters: 0 0 0

#Transform 51
Transform: AffineTransform_float_3_3
Parameters: 1 -8.68222e-05 -0.000483065 8.634e-05 1 -0.000499042 0.000483151 0.000498958 1 -0.0799497 -0.0337212 -0.598112
FixedParameters: 0 0 0

#Transform 52
Transform: AffineTransform_float_3_3
Parameters: 0.999999 -3.14533e-05 -0.000817606 3.16708e-05 1 0.000132974 0.000817597 -0.000133026 0.999999 -0.089506 0.0529755 -0.597794
FixedParameters: 0 0 0

#Transform 53
Transform: AffineTransform_float_3_3
Parameters: 1 -0.000148152 -0.000677682 0.000147294 0.999999 -0.0013381 0.00067778 0.0013379 0.999999 -0.102266 -0.0212534 -0.603181
FixedParameters: 0 0 0

#Transform 54
Transform: AffineTransform_float_3_3
Parameters: 1 -2.95025e-05 -0.000298809 2.88731e-05 1 -0.00105301 0.00029887 0.00105299 1 -0.108679 -0.12562 -0.594118
FixedParameters: 0 0 0

#Transform 55
Transform: AffineTransform_float_3_3
Parameters: 0.999999 -9.59738e-05 -0.000731742 9.48549e-05 0.999999 -0.00141707 0.000731715 0.00141693 0.999998 -0.103129 -0.0951695 -0.633483
FixedParameters: 0 0 0

#Transform 56
Transform: AffineTransform_float_3_3
Parameters: 0.999999 7.73292e-05 -0.000720025 -7.86532e-05 0.999998 -0.00158294 0.000719481 0.00158305 0.999998 -0.106541 -0.0961164 -0.632912
FixedParameters: 0 0 0

#Transform 57
Transform: AffineTransform_float_3_3
Parameters: 0.999999 -0.000639162 -0.00158273 0.000640795 0.999999 0.00142027 0.0015818 -0.00142173 0.999997 -0.0976647 0.0556318 -0.484951
FixedParameters: 0 0 0

#Transform 58
Transform: AffineTransform_float_3_3
Parameters: 1 -0.000482284 -0.00107526 0.000481861 1 0.000246766 0.00107532 -0.000247235 1 -0.0941199 -0.0545144 -0.520382
FixedParameters: 0 0 0

#Transform 59
Transform: AffineTransform_float_3_3
Parameters: 1 4.21781e-05 -6.96994e-05 -4.21863e-05 1 -5.89971e-05 6.96945e-05 5.90029e-05 1 -0.0352948 -0.0502203 -0.591949
FixedParameters: 0 0 0

#Transform 60
Transform: AffineTransform_float_3_3
Parameters: 1 0.000480651 -0.0010455 -0.000479918 1 0.000949591 0.00104576 -0.00094941 0.999999 -0.157442 0.0818045 -0.440634
FixedParameters: 0 0 0

#Transform 61
Transform: AffineTransform_float_3_3
Parameters: 0.999999 0.000606625 -0.00123245 -0.000606458 1 -0.000319165 0.00123177 0.000319836 1 -0.186655 0.0566067 -0.514663
FixedParameters: 0 0 0

#Transform 62
Transform: AffineTransform_float_3_3
Parameters: 0.999999 0.000474939 -0.00148851 -0.000474711 1 7.7079e-05 0.00148858 -7.59207e-05 0.999999 -0.201794 -0.0806588 -0.431054
FixedParameters: 0 0 0

#Transform 63
Transform: AffineTransform_float_3_3
Parameters: 1 0.000214279 -0.00113818 -0.000214162 1 5.16162e-05 0.00113821 -5.13838e-05 1 -0.175313 -0.0675513 -0.508127
FixedParameters: 0 0 0

#Transform 64
Transform: AffineTransform_float_3_3
Parameters: 1 0.000175135 -0.00118128 -0.000175298 1 0.000461491 0.00118079 -0.00046051 0.999999 -0.154802 -0.0101491 -0.517865
FixedParameters: 0 0 0

#Transform 65
Transform: AffineTransform_float_3_3
Parameters: 0.999999 0.000183905 -0.000861757 -0.00018424 1 -0.000193841 0.000861686 0.000194158 0.999999 -0.114199 -0.0459626 -0.534207
FixedParameters: 0 0 0

#Transform 66
Transform: AffineTransform_float_3_3
Parameters: 1 0.0002267 -0.00100702 -0.000226907 1 -0.000102771 0.00100698 0.000103228 0.999999 -0.133719 -0.0370872 -0.526526
FixedParameters: 0 0 0

#Transform 67
Transform: AffineTransform_float_3_3
Parameters: 0.999999 7.49965e-05 -0.000739929 -7.45231e-05 1 -0.000525945 0.000740508 0.000526055 0.999999 -0.12482 0.0368899 -0.542449
FixedParameters: 0 0 0

#Transform 68
Transform: AffineTransform_float_3_3
Parameters: 0.999999 -0.000170462 -0.00072717 0.000171422 1 0.00066016 0.000726945 -0.00065984 1 -0.0849062 -0.0653497 -0.549106
FixedParameters: 0 0 0

#Transform 69
Transform: AffineTransform_float_3_3
Parameters: 0.999999 -0.000433831 -0.000603357 0.000434204 1 0.000308738 0.000603089 -0.000309262 1 -0.0649874 0.0180171 -0.614167
FixedParameters: 0 0 0

#Transform 70
Transform: AffineTransform_float_3_3
Parameters: 1 -0.00094662 -0.000696158 0.00094695 0.999999 0.000237252 0.000695708 -0.000237747 0.999999 -0.0368862 -0.0302238 -0.661406
FixedParameters: 0 0 0

#Transform 71
Transform: AffineTransform_float_3_3
Parameters: 0.999998 -0.00123362 -0.00102038 0.00123448 0.999999 0.00121185 0.00101893 -0.00121215 0.999999 -0.0334621 -0.010223 -0.641015
FixedParameters: 0 0 0

#Transform 72
Transform: AffineTransform_float_3_3
Parameters: 0.999999 -0.00106081 -0.00091693 0.00106058 0.999999 -0.000125689 0.000917196 0.000124311 1 -0.0486118 0.015007 -0.594649
FixedParameters: 0 0 0

#Transform 73
Transform: AffineTransform_float_3_3
Parameters: 0.999998 -0.000772099 -0.00145334 0.000772016 0.999999 0.000628074 0.00145296 -0.000628927 0.999998 -0.0665509 -0.0446284 -0.401156
FixedParameters: 0 0 0

#Transform 74
Transform: AffineTransform_float_3_3
Parameters: 1 -0.000326753 -0.00106291 0.000330789 0.999993 0.00369665 0.00106167 -0.00369735 0.999992 -0.0487313 0.128736 -0.301965
FixedParameters: 0 0 0

#Transform 75
Transform: AffineTransform_float_3_3
Parameters: 0.999999 -0.000411513 -0.000833837 0.000414511 0.999995 0.00333866 0.000832926 -0.00333935 0.999994 -0.0541697 0.136494 -0.399014
FixedParameters: 0 0 0

#Transform 76
Transform: AffineTransform_float_3_3
Parameters: 0.999999 -0.000594265 -0.000588836 0.000595399 0.999997 0.00233365 0.000587609 -0.00233435 0.999997 -0.0294002 0.0206166 -0.415868
FixedParameters: 0 0 0

#Transform 77
Transform: AffineTransform_float_3_3
Parameters: 1 -0.00062491 -0.000989961 0.000627949 0.999995 0.00331638 0.00098795 -0.00331762 0.999994 -0.0376981 0.116129 -0.47484
FixedParameters: 0 0 0

#Transform 78
Transform: AffineTransform_float_3_3
Parameters: 1 -0.000721345 -0.000933412 0.000722577 0.999999 0.00168424 0.000931574 -0.00168476 0.999998 -0.0531272 0.109692 -0.509731
FixedParameters: 0 0 0

#Transform 79
Transform: AffineTransform_float_3_3
Parameters: 0.999999 -0.00103752 -0.000937093 0.0010382 0.999998 0.00172994 0.000935348 -0.00173106 0.999998 -0.0208146 -0.0223985 -0.48244
FixedParameters: 0 0 0

#Transform 80
Transform: AffineTransform_float_3_3
Parameters: 0.999999 -0.00158905 -0.000818936 0.00159147 0.999995 0.00268961 0.000814135 -0.00269138 0.999996 0.0129589 0.0634279 -0.526032
FixedParameters: 0 0 0

#Transform 81
Transform: AffineTransform_float_3_3
Parameters: 0.999999 -0.00147709 -3.0969e-05 0.00147715 0.999997 0.00201067 2.81897e-05 -0.00201133 0.999998 0.0926034 0.0280805 -0.524571
FixedParameters: 0 0 0

#Transform 82
Transform: AffineTransform_float_3_3
Parameters: 0.999986 -0.00377405 0.00355363 0.00376434 0.999989 0.00267711 -0.00356409 -0.00266388 0.99999 0.411864 0.129551 -0.550107
FixedParameters: 0 0 0

#Transform 83
Transform: AffineTransform_float_3_3
Parameters: 0.999986 -0.00405901 0.00318656 0.00404846 0.999987 0.0032529 -0.00320034 -0.0032401 0.99999 0.394752 0.080211 -0.433572
FixedParameters: 0 0 0

#Transform 84
Transform: AffineTransform_float_3_3
Parameters: 0.999992 -0.00311857 0.00259872 0.00310371 0.999978 0.00593794 -0.00261762 -0.00593006 0.999979 0.336511 0.147105 -0.367108
FixedParameters: 0 0 0

#Transform 85
Transform: AffineTransform_float_3_3
Parameters: 0.999992 -0.00307064 0.00231234 0.00305708 0.999979 0.00564713 -0.0023299 -0.00563986 0.999982 0.310473 0.132044 -0.448324
FixedParameters: 0 0 0

#Transform 86
Transform: AffineTransform_float_3_3
Parameters: 0.999993 -0.00328355 0.00205755 0.00327155 0.999977 0.00587443 -0.00207681 -0.00586757 0.999981 0.304702 0.167498 -0.477052
FixedParameters: 0 0 0

#Transform 87
Transform: AffineTransform_float_3_3
Parameters: 0.999992 -0.00329752 0.00200834 0.00328814 0.999983 0.00484192 -0.00202451 -0.00483508 0.999986 0.299006 0.127509 -0.514031
FixedParameters: 0 0 0

#Transform 88
Transform: AffineTransform_float_3_3
Parameters: 0.999994 -0.00287436 0.00151965 0.00286852 0.999989 0.00371414 -0.00153011 -0.00370986 0.999992 0.244291 0.182044 -0.564424
FixedParameters: 0 0 0

#Transform 89
Transform: AffineTransform_float_3_3
Parameters: 0.999994 -0.00327384 0.0016448 0.00326883 0.99999 0.00309187 -0.00165511 -0.00308613 0.999994 0.252554 0.0682918 -0.550047
FixedParameters: 0 0 0

#Transform 90
Transform: AffineTransform_float_3_3
Parameters: 0.999992 -0.00371975 0.00148652 0.00371221 0.999982 0.00473237 -0.00150383 -0.00472663 0.999987 0.284518 0.0606343 -0.562718
FixedParameters: 0 0 0

#Transform 91
Transform: AffineTransform_float_3_3
Parameters: 0.999993 -0.00354278 0.0016687 0.00353762 0.999989 0.00318083 -0.00168034 -0.00317517 0.999993 0.284149 0.0799042 -0.603986
FixedParameters: 0 0 0

#Transform 92
Transform: AffineTransform_float_3_3
Parameters: 0.999994 -0.00302498 0.00176999 0.0030191 0.999991 0.00311793 -0.00177891 -0.00311308 0.999994 0.27854 0.0595246 -0.604724
FixedParameters: 0 0 0

#Transform 93
Transform: AffineTransform_float_3_3
Parameters: 0.999992 -0.00352098 0.00178797 0.00351513 0.999987 0.00359159 -0.00180075 -0.00358541 0.999992 0.289853 0.11476 -0.609888
FixedParameters: 0 0 0

#Transform 94
Transform: AffineTransform_float_3_3
Parameters: 0.999992 -0.00362019 0.00172703 0.00361404 0.999988 0.00344426 -0.00174011 -0.00343873 0.999993 0.289638 0.0673887 -0.582556
FixedParameters: 0 0 0

#Transform 95
Transform: AffineTransform_float_3_3
Parameters: 0.999991 -0.00393317 0.00190707 0.0039232 0.999979 0.00505724 -0.00192666 -0.00504976 0.999985 0.321717 0.11429 -0.580789
FixedParameters: 0 0 0

#Transform 96
Transform: AffineTransform_float_3_3
Parameters: 0.999989 -0.00455182 0.00160695 0.00454576 0.999982 0.00401503 -0.00162464 -0.00400797 0.999991 0.320526 0.112964 -0.599433
FixedParameters: 0 0 0

#Transform 97
Transform: AffineTransform_float_3_3
Parameters: 0.999989 -0.00453835 0.00115755 0.00453534 0.999985 0.00308207 -0.00117213 -0.00307693 0.999995 0.308066 0.124473 -0.616202
FixedParameters: 0 0 0

#Transform 98
Transform: AffineTransform_float_3_3
Parameters: 0.999991 -0.0040116 0.00151885 0.0040073 0.999988 0.00299565 -0.00153073 -0.00298936 0.999995 0.304693 0.0638302 -0.537707
FixedParameters: 0 0 0

#Transform 99
Transform: AffineTransform_float_3_3
Parameters: 0.999991 -0.00392821 0.00158941 0.00392272 0.999987 0.00323388 -0.00160266 -0.00322811 0.999993 0.313196 0.0134868 -0.594868
FixedParameters: 0 0 0

#Transform 100
Transform: AffineTransform_float_3_3
Parameters: 0.999991 -0.00416936 0.0013874 0.00416415 0.999986 0.00346997 -0.00140197 -0.00346403 0.999993 0.305021 0.0751321 -0.5569
FixedParameters: 0 0 0

#Transform 101
Transform: AffineTransform_float_3_3
Parameters: 0.999991 -0.00423578 0.0012327 0.00423172 0.999985 0.00355841 -0.00124753 -0.00355359 0.999993 0.307205 0.0302785 -0.596271
FixedParameters: 0 0 0

#Transform 102
Transform: AffineTransform_float_3_3
Parameters: 0.999991 -0.0038856 0.00136453 0.0038799 0.999985 0.00381286 -0.00137884 -0.00380814 0.999992 0.297215 0.0405005 -0.556556
FixedParameters: 0 0 0

#Transform 103
Transform: AffineTransform_float_3_3
Parameters: 0.99999 -0.00417423 0.00156899 0.00416744 0.999985 0.00366483 -0.00158426 -0.00365818 0.999992 0.306137 0.072756 -0.596042
FixedParameters: 0 0 0

#Transform 104
Transform: AffineTransform_float_3_3
Parameters: 0.99999 -0.00429685 0.00133011 0.00429158 0.999983 0.00396891 -0.00134699 -0.00396309 0.999991 0.310435 0.0593697 -0.545623
FixedParameters: 0 0 0

#Transform 105
Transform: AffineTransform_float_3_3
Parameters: 0.999987 -0.00472473 0.00150698 0.0047199 0.999984 0.00307183 -0.00152164 -0.00306517 0.999995 0.319758 0.0866061 -0.573487
FixedParameters: 0 0 0

#Transform 106
Transform: AffineTransform_float_3_3
Parameters: 0.99999 -0.00426504 0.00138591 0.00425979 0.999985 0.00359282 -0.00140124 -0.00358718 0.999992 0.293226 0.142442 -0.536955
FixedParameters: 0 0 0

#Transform 107
Transform: AffineTransform_float_3_3
Parameters: 0.99999 -0.00425752 0.00147538 0.0042516 0.999981 0.00432156 -0.00149333 -0.00431543 0.999989 0.325103 0.0310682 -0.522764
FixedParameters: 0 0 0

#Transform 108
Transform: AffineTransform_float_3_3
Parameters: 0.999991 -0.00403023 0.00148788 0.00402215 0.999975 0.00581257 -0.00151138 -0.00580643 0.999982 0.325912 0.180322 -0.516994
FixedParameters: 0 0 0

#Transform 109
Transform: AffineTransform_float_3_3
Parameters: 0.999992 -0.00384748 0.00148705 0.00383921 0.999977 0.00568129 -0.00150934 -0.00567571 0.999983 0.321854 0.118448 -0.487108
FixedParameters: 0 0 0

#Transform 110
Transform: AffineTransform_float_3_3
Parameters: 0.99999 -0.00414883 0.00158853 0.00413997 0.999977 0.00521225 -0.00161005 -0.00520575 0.999986 0.323189 0.128735 -0.509487
FixedParameters: 0 0 0

#Transform 111
Transform: AffineTransform_float_3_3
Parameters: 0.999987 -0.00462887 0.00182115 0.00461873 0.999975 0.00539625 -0.00184679 -0.00538775 0.999984 0.380267 0.0584156 -0.552483
FixedParameters: 0 0 0

#Transform 112
Transform: AffineTransform_float_3_3
Parameters: 0.999995 -0.0029317 0.000399992 0.00293005 0.999988 0.00408368 -0.000411876 -0.00408332 0.999991 0.191068 0.0643108 -0.572559
FixedParameters: 0 0 0

#Transform 113
Transform: AffineTransform_float_3_3
Parameters: 0.999996 -0.00238946 0.000936462 0.00238525 0.999987 0.0044824 -0.000947652 -0.0044796 0.999989 0.198887 0.150703 -0.638667
FixedParameters: 0 0 0

#Transform 114
Transform: AffineTransform_float_3_3
Parameters: 0.999997 -0.00183694 0.00151708 0.0018337 0.999996 0.0021854 -0.00152091 -0.0021826 0.999997 0.126636 0.145296 -0.672829
FixedParameters: 0 0 0

#Transform 115
Transform: AffineTransform_float_3_3
Parameters: 0.999997 -0.002386 1.40347e-05 0.00238566 0.99999 0.00400102 -2.36412e-05 -0.00400098 0.999992 0.0814032 -0.0183135 -0.380272
FixedParameters: 0 0 0

#Transform 116
Transform: AffineTransform_float_3_3
Parameters: 0.999997 -0.00212996 -5.92536e-05 0.00212912 0.999996 0.00147322 5.64369e-05 -0.00147378 0.999999 0.0530621 -0.097626 -0.466724
FixedParameters: 0 0 0

#Transform 117
Transform: AffineTransform_float_3_3
Parameters: 0.999997 -0.00242038 1.52071e-05 0.00242018 0.999994 0.0022633 -1.98379e-05 -0.0022627 0.999997 0.085309 -0.0014922 -0.645133
FixedParameters: 0 0 0

#Transform 118
Transform: AffineTransform_float_3_3
Parameters: 0.99999 -0.00433482 -0.00100422 0.00433786 0.999986 0.00308346 0.000991003 -0.00308754 0.999994 0.251891 0.106984 -0.547605
FixedParameters: 0 0 0

#Transform 119
Transform: AffineTransform_float_3_3
Parameters: 0.99999 -0.00428072 -0.00083043 0.00428341 0.999985 0.00333935 0.00081631 -0.00334265 0.999994 0.245026 0.0208189 -0.482709
FixedParameters: 0 0 0

#Transform 120
Transform: AffineTransform_float_3_3
Parameters: 0.999989 -0.00446109 -0.0010595 0.00446435 0.999984 0.00333709 0.00104448 -0.00334191 0.999994 0.237678 -0.02016 -0.483641
FixedParameters: 0 0 0

#Transform 121
Transform: AffineTransform_float_3_3
Parameters: 0.999987 -0.00487458 -0.00140208 0.00488136 0.999976 0.00499746 0.0013775 -0.00500454 0.999986 0.219265 0.117769 -0.518086
FixedParameters: 0 0 0

#Transform 122
Transform: AffineTransform_float_3_3
Parameters: 0.999988 -0.00443017 -0.00171017 0.00443857 0.99998 0.00434892 0.00169137 -0.00435608 0.999989 0.189377 0.0682845 -0.605547
FixedParameters: 0 0 0

#Transform 123
Transform: AffineTransform_float_3_3
Parameters: 0.999986 -0.00500335 -0.00182625 0.00501319 0.999973 0.00529954 0.00180014 -0.00530845 0.999984 0.192923 0.096518 -0.63467
FixedParameters: 0 0 0

#Transform 124
Transform: AffineTransform_float_3_3
Parameters: 0.999986 -0.00486653 -0.00169497 0.00487291 0.999982 0.0034855 0.00167732 -0.0034935 0.999993 0.194928 0.0129737 -0.685998
FixedParameters: 0 0 0

#Transform 125
Transform: AffineTransform_float_3_3
Parameters: 0.999987 -0.00488435 -0.00141753 0.00488914 0.999982 0.00326563 0.00140162 -0.00327237 0.999993 0.202558 -0.00124571 -0.668303
FixedParameters: 0 0 0

#Transform 126
Transform: AffineTransform_float_3_3
Parameters: 0.999985 -0.00501481 -0.00186337 0.00502462 0.999974 0.00526334 0.00183654 -0.00527266 0.999984 0.1921 0.0889797 -0.653962
FixedParameters: 0 0 0

#Transform 127
Transform: AffineTransform_float_3_3
Parameters: 0.999986 -0.00507231 -0.00136073 0.00507699 0.999981 0.00349737 0.00134345 -0.00350463 0.999993 0.248284 0.0896916 -0.78211
FixedParameters: 0 0 0

#Transform 128
Transform: AffineTransform_float_3_3
Parameters: 0.999985 -0.00528406 -0.00132089 0.0052878 0.999981 0.00310693 0.00130405 -0.00311408 0.999995 0.216622 0.0786945 -0.799939
FixedParameters: 0 0 0

#Transform 129
Transform: AffineTransform_float_3_3
Parameters: 0.999984 -0.00550514 -0.00132836 0.00550994 0.999978 0.00376823 0.00130727 -0.00377577 0.999992 0.212985 -0.0719546 -0.721758
FixedParameters: 0 0 0

#Transform 130
Transform: AffineTransform_float_3_3
Parameters: 0.999988 -0.00487591 -0.00117599 0.00487936 0.999981 0.00365463 0.00115761 -0.00366037 0.999993 0.163437 0.0220475 -0.804427
FixedParameters: 0 0 0

#Transform 131
Transform: AffineTransform_float_3_3
Parameters: 0.999987 -0.00483962 -0.0011587 0.00484565 0.999973 0.00547677 0.00113176 -0.00548222 0.999984 0.181364 0.101309 -0.713593
FixedParameters: 0 0 0

#Transform 132
Transform: AffineTransform_float_3_3
Parameters: 0.999987 -0.00503665 -0.00135746 0.00504234 0.999979 0.00426336 0.00133617 -0.00426964 0.99999 0.194893 -0.00605138 -0.686522
FixedParameters: 0 0 0

#Transform 133
Transform: AffineTransform_float_3_3
Parameters: 0.999988 -0.00492827 0.000121456 0.00492734 0.999984 0.00265298 -0.000134956 -0.00265302 0.999996 0.250803 0.0864435 -0.645737
FixedParameters: 0 0 0

#Transform 134
Transform: AffineTransform_float_3_3
Parameters: 0.999987 -0.00505533 -0.000537267 0.00505807 0.999976 0.00455599 0.000514856 -0.00455901 0.999989 0.221306 0.116282 -0.518831
FixedParameters: 0 0 0

#Transform 135
Transform: AffineTransform_float_3_3
Parameters: 0.999984 -0.00556185 -0.000230977 0.00556365 0.999969 0.00561852 0.000200079 -0.0056195 0.999985 0.31015 0.0783051 -0.474439
FixedParameters: 0 0 0

#Transform 136
Transform: AffineTransform_float_3_3
Parameters: 0.999981 -0.00604766 -4.48186e-05 0.006048 0.99995 0.00783872 -2.87402e-06 -0.00783926 0.999969 0.341352 0.157219 -0.608779
FixedParameters: 0 0 0

#Transform 137
Transform: AffineTransform_float_3_3
Parameters: 0.99998 -0.00628461 -0.0001232 0.00628577 0.999957 0.00678476 8.0919e-05 -0.00678525 0.999977 0.339815 0.127093 -0.7631
FixedParameters: 0 0 0

#Transform 138
Transform: AffineTransform_float_3_3
Parameters: 0.999983 -0.00589952 -0.000574114 0.00590248 0.999971 0.00484694 0.000545935 -0.00485106 0.999988 0.273251 0.0791221 -0.908669
FixedParameters: 0 0 0

#Transform 139
Transform: AffineTransform_float_3_3
Parameters: 0.999983 -0.00585582 -0.000927745 0.00585786 0.99998 0.00228124 0.000914232 -0.00228676 0.999997 0.249311 0.00184505 -1.02902
FixedParameters: 0 0 0

#Transform 140
Transform: AffineTransform_float_3_3
Parameters: 0.999984 -0.00555566 -0.00161773 0.00555741 0.999983 0.001169 0.00161161 -0.001178 0.999998 0.231159 -0.0389931 -1.0509
FixedParameters: 0 0 0

#Transform 141
Transform: AffineTransform_float_3_3
Parameters: 0.999981 -0.00600884 -0.00143533 0.00601444 0.999976 0.00343446 0.00141415 -0.00344353 0.999993 0.230095 0.0481531 -0.865285
FixedParameters: 0 0 0

#Transform 142
Transform: AffineTransform_float_3_3
Parameters: 0.999979 -0.00615974 -0.00192555 0.00616674 0.999975 0.00341653 0.00190412 -0.00342847 0.999993 0.221302 -0.0603453 -0.871596
FixedParameters: 0 0 0

#Transform 143
Transform: AffineTransform_float_3_3
Parameters: 0.999979 -0.0056149 -0.00318404 0.00561763 0.999984 0.000834557 0.00317957 -0.000852443 0.999994 0.153089 0.017087 -0.939371
FixedParameters: 0 0 0

#Transform 144
Transform: AffineTransform_float_3_3
Parameters: 0.999984 -0.00519175 -0.001911 0.00519328 0.999986 0.00100663 0.00190646 -0.00101638 0.999997 0.146236 -0.0935903 -0.711758
FixedParameters: 0 0 0

#Transform 145
Transform: AffineTransform_float_3_3
Parameters: 0.999986 -0.00512068 -0.00168156 0.00512256 0.999986 0.00096383 0.00167731 -0.000973172 0.999998 0.145006 -0.110612 -0.676181
FixedParameters: 0 0 0

#Transform 146
Transform: AffineTransform_float_3_3
Parameters: 0.999987 -0.00463439 -0.00185686 0.0046353 0.999989 0.00077249 0.00185341 -0.000781512 0.999998 0.09416 0.0271535 -0.733767
FixedParameters: 0 0 0

#Transform 147
Transform: AffineTransform_float_3_3
Parameters: 0.999989 -0.00416359 -0.00218079 0.00416366 0.999992 0.000379952 0.00217914 -0.00038905 0.999998 0.0782194 -0.0335537 -0.647804
FixedParameters: 0 0 0

#Transform 148
Transform: AffineTransform_float_3_3
Parameters: 0.999988 -0.00415033 -0.00260705 0.00415214 0.999991 0.00071969 0.00260479 -0.000730312 0.999996 0.0369352 -0.0941804 -0.682926
FixedParameters: 0 0 0

#Transform 149
Transform: AffineTransform_float_3_3
Parameters: 0.999983 -0.00413255 -0.00405313 0.00413927 0.99999 0.00169857 0.00404646 -0.00171543 0.99999 -0.032186 0.0275008 -0.766473
FixedParameters: 0 0 0

#Transform 150
Transform: AffineTransform_float_3_3
Parameters: 0.99999 -0.00321701 -0.00304895 0.00321825 0.999994 0.000306903 0.00304819 -0.000317097 0.999995 -0.0625408 -0.104994 -0.705048
FixedParameters: 0 0 0

#Transform 151
Transform: AffineTransform_float_3_3
Parameters: 0.999989 -0.00323972 -0.00338307 0.00324048 0.999994 0.000204319 0.00338297 -0.000215682 0.999995 -0.0662127 -0.118459 -0.787052
FixedParameters: 0 0 0

#Transform 152
Transform: AffineTransform_float_3_3
Parameters: 0.999987 -0.00347415 -0.00387684 0.00347163 0.999994 -0.000664081 0.00387955 0.000649918 0.999992 -0.0942191 -0.0862192 -0.855529
FixedParameters: 0 0 0

#Transform 153
Transform: AffineTransform_float_3_3
Parameters: 0.999989 -0.00337757 -0.00304629 0.00337625 0.999994 -0.000485667 0.00304799 0.000475334 0.999995 -0.0732893 -0.140308 -0.80653
FixedParameters: 0 0 0

#Transform 154
Transform: AffineTransform_float_3_3
Parameters: 0.999984 -0.00372195 -0.00414445 0.00372508 0.999993 0.00075844 0.00414184 -0.000774561 0.999991 -0.0817581 -0.0481139 -0.896811
FixedParameters: 0 0 0

#Transform 155
Transform: AffineTransform_float_3_3
Parameters: 0.999984 -0.00391769 -0.00404521 0.00391526 0.999992 -0.000706159 0.00404758 0.000690843 0.999992 -0.0591212 -0.138402 -0.793808
FixedParameters: 0 0 0

#Transform 156
Transform: AffineTransform_float_3_3
Parameters: 0.99998 -0.00395332 -0.00498431 0.00395606 0.999992 0.000618404 0.00498148 -0.000638597 0.999988 -0.0778277 -0.0201221 -0.809179
FixedParameters: 0 0 0

#Transform 157
Transform: AffineTransform_float_3_3
Parameters: 0.999981 -0.00382137 -0.00498258 0.00382495 0.999993 0.000704066 0.00497927 -0.000722933 0.999988 -0.112082 -0.0309724 -0.754978
FixedParameters: 0 0 0

#Transform 158
Transform: AffineTransform_float_3_3
Parameters: 0.999984 -0.00354815 -0.0043723 0.00354918 0.999994 0.000293921 0.00437171 -0.000309082 0.999991 -0.110216 -0.142125 -0.775178
FixedParameters: 0 0 0

#Transform 159
Transform: AffineTransform_float_3_3
Parameters: 0.999983 -0.00431196 -0.00407465 0.00431382 0.99999 0.000534945 0.00407181 -0.000552054 0.999992 -0.0417649 -0.0223489 -0.807338
FixedParameters: 0 0 0

#Transform 160
Transform: AffineTransform_float_3_3
Parameters: 0.999984 -0.004531 -0.00341813 0.00453453 0.999989 0.00117261 0.00341304 -0.00118839 0.999993 -0.00200449 -0.0082248 -0.744571
FixedParameters: 0 0 0

#Transform 161
Transform: AffineTransform_float_3_3
Parameters: 0.999983 -0.00432044 -0.00377217 0.00432332 0.999991 0.000761365 0.00376957 -0.000777638 0.999992 0.000483449 -0.110347 -0.734741
FixedParameters: 0 0 0

#Transform 162
Transform: AffineTransform_float_3_3
Parameters: 0.999979 -0.00498646 -0.00419373 0.00499607 0.999985 0.00222097 0.00418266 -0.00224203 0.999989 0.0219306 0.0086428 -0.79471
FixedParameters: 0 0 0

#Transform 163
Transform: AffineTransform_float_3_3
Parameters: 0.999982 -0.00457096 -0.00386143 0.00458186 0.999985 0.00279121 0.00384855 -0.00280879 0.999989 0.025993 0.0428056 -0.775166
FixedParameters: 0 0 0

#Transform 164
Transform: AffineTransform_float_3_3
Parameters: 0.999979 -0.00481614 -0.00418833 0.00482886 0.999984 0.0029818 0.00417378 -0.0030022 0.999987 0.0203035 -0.046103 -0.756433
FixedParameters: 0 0 0

#Transform 165
Transform: AffineTransform_float_3_3
Parameters: 0.999979 -0.00508939 -0.0041415 0.00509959 0.999983 0.00263044 0.00412764 -0.00265156 0.999988 0.0413106 -0.0290111 -0.809695
FixedParameters: 0 0 0

#Transform 166
Transform: AffineTransform_float_3_3
Parameters: 0.999977 -0.00538788 -0.00416371 0.00539897 0.999982 0.00268891 0.00414859 -0.00271109 0.999987 0.059844 -0.0293128 -0.820603
FixedParameters: 0 0 0

#Transform 167
Transform: AffineTransform_float_3_3
Parameters: 0.999979 -0.00508959 -0.00413202 0.00509779 0.999985 0.00208157 0.00412191 -0.00210343 0.999989 0.0572107 -0.00766035 -0.825868
FixedParameters: 0 0 0

#Transform 168
Transform: AffineTransform_float_3_3
Parameters: 0.999977 -0.00514761 -0.00427158 0.00515988 0.999982 0.00275809 0.00425705 -0.00277991 0.999988 -0.0143104 0.133853 -0.795146
FixedParameters: 0 0 0

#Transform 169
Transform: AffineTransform_float_3_3
Parameters: 0.999985 -0.00427626 -0.00348853 0.00428429 0.999989 0.00207955 0.00348003 -0.00209445 0.999992 -0.0313974 0.0479407 -0.63674
FixedParameters: 0 0 0

#Transform 170
Transform: AffineTransform_float_3_3
Parameters: 0.999985 -0.00423129 -0.00346251 0.00423696 0.99999 0.00170182 0.00345519 -0.00171618 0.999993 -0.0277342 -0.0788678 -0.652282
FixedParameters: 0 0 0

#Transform 171
Transform: AffineTransform_float_3_3
Parameters: 0.999987 -0.00362947 -0.00358237 0.00363203 0.999993 0.000668012 0.00358027 -0.000680988 0.999993 -0.0517521 -0.0757654 -0.704432
FixedParameters: 0 0 0

#Transform 172
Transform: AffineTransform_float_3_3
Parameters: 0.999983 -0.00418908 -0.00410963 0.00419306 0.999991 0.000869296 0.00410537 -0.0008857 0.999991 -0.0596906 0.0423493 -0.741974
FixedParameters: 0 0 0

#Transform 173
Transform: AffineTransform_float_3_3
Parameters: 0.999987 -0.00363343 -0.00341021 0.00363811 0.999992 0.00139034 0.00340471 -0.00140266 0.999993 -0.0601924 -0.0665467 -0.618164
FixedParameters: 0 0 0

#Transform 174
Transform: AffineTransform_float_3_3
Parameters: 0.999983 -0.00389857 -0.00429799 0.00391232 0.999987 0.00320821 0.00428556 -0.00322479 0.999986 -0.068185 0.0287535 -0.629024
FixedParameters: 0 0 0

#Transform 175
Transform: AffineTransform_float_3_3
Parameters: 0.999978 -0.00435747 -0.00504833 0.00436645 0.999989 0.00177184 0.00504082 -0.00179416 0.999986 -0.0619759 0.0429268 -0.723805
FixedParameters: 0 0 0

#Transform 176
Transform: AffineTransform_float_3_3
Parameters: 0.99998 -0.00444678 -0.00464142 0.00445843 0.999987 0.00236035 0.00463086 -0.00238165 0.999986 -0.0416242 -0.0252803 -0.720313
FixedParameters: 0 0 0

#Transform 177
Transform: AffineTransform_float_3_3
Parameters: 0.999978 -0.00458571 -0.00479693 0.00460449 0.999982 0.0039021 0.00477831 -0.0039239 0.999981 -0.0443743 0.0445288 -0.695378
FixedParameters: 0 0 0

#Transform 178
Transform: AffineTransform_float_3_3
Parameters: 0.999978 -0.00454894 -0.00467625 0.00456631 0.999982 0.00385163 0.00465839 -0.00387337 0.999981 -0.0417273 0.1045 -0.722332
FixedParameters: 0 0 0

#Transform 179
Transform: AffineTransform_float_3_3
Parameters: 0.999979 -0.00454206 -0.00446348 0.00455981 0.999982 0.00404635 0.00444486 -0.00406665 0.999982 -0.0356578 0.0135297 -0.719158
FixedParameters: 0 0 0

#Transform 180
Transform: AffineTransform_float_3_3
Parameters: 0.999979 -0.00453364 -0.00463031 0.00455182 0.999982 0.00404891 0.00461202 -0.00407009 0.999981 -0.0568127 0.0644593 -0.731532
FixedParameters: 0 0 0

#Transform 181
Transform: AffineTransform_float_3_3
Parameters: 0.999978 -0.00439948 -0.00497144 0.00441008 0.999988 0.00212597 0.00496221 -0.00214804 0.999986 -0.0527961 -0.0310865 -0.82237
FixedParameters: 0 0 0

#Transform 182
Transform: AffineTransform_float_3_3
Parameters: 0.99998 -0.00448789 -0.00440824 0.00449483 0.999988 0.00180184 0.00440001 -0.00182116 0.999989 -0.0344561 -0.0534622 -0.824566
FixedParameters: 0 0 0

#Transform 183
Transform: AffineTransform_float_3_3
Parameters: 0.99998 -0.00427988 -0.00478144 0.00428921 0.999989 0.00181009 0.0047736 -0.00182991 0.999987 -0.0468807 -0.0223336 -0.842275
FixedParameters: 0 0 0

#Transform 184
Transform: AffineTransform_float_3_3
Parameters: 0.999979 -0.0042915 -0.00496837 0.00429506 0.999991 0.000671323 0.00496561 -0.000693676 0.999987 -0.0937077 -0.0207149 -0.895008
FixedParameters: 0 0 0

#Transform 185
Transform: AffineTransform_float_3_3
Parameters: 0.999977 -0.00474423 -0.00488602 0.00475444 0.999986 0.00219112 0.00487594 -0.00221389 0.999986 -0.0637221 -0.080628 -0.819883
FixedParameters: 0 0 0

#Transform 186
Transform: AffineTransform_float_3_3
Parameters: 0.999977 -0.00476561 -0.00482506 0.00478694 0.999979 0.00444802 0.00480386 -0.00447099 0.999978 -0.040984 0.00669625 -0.827092
FixedParameters: 0 0 0

#Transform 187
Transform: AffineTransform_float_3_3
Parameters: 0.999978 -0.00499303 -0.00452921 0.00500343 0.999985 0.00235375 0.00451737 -0.00237626 0.999987 -0.0121016 -0.0508831 -0.880926
FixedParameters: 0 0 0

#Transform 188
Transform: AffineTransform_float_3_3
Parameters: 0.999983 -0.00451926 -0.00373913 0.00452994 0.999985 0.00307069 0.00372557 -0.00308732 0.999988 0.0295283 -0.00698244 -0.651676
FixedParameters: 0 0 0

#Transform 189
Transform: AffineTransform_float_3_3
