#Insight Transform File V1.0
#Transform 0
Transform: AffineTransform_float_3_3
Parameters: 1 -9.92469e-05 0.000453837 9.96442e-05 1 0.000644045 -0.000454154 -0.000643955 0.999999 0.0131874 -0.0332849 -0.0764647
FixedParameters: 0 0 0

#Transform 1
Transform: AffineTransform_float_3_3
Parameters: 0.999999 0.000724324 0.000222825 -0.000723983 0.999999 -0.000342161 -0.000222338 0.000341839 1 -0.0387361 0.0639339 0.111275
FixedParameters: 0 0 0

#Transform 2
Transform: AffineTransform_float_3_3
Parameters: 1 0.000362199 -0.000384339 -0.000362854 0.999997 -0.00213486 0.000382602 0.00213514 0.999997 -0.0468449 -0.0762148 -0.0473731
FixedParameters: 0 0 0

#Transform 3
Transform: AffineTransform_float_3_3
Parameters: 0.999999 0.000698224 0.000226679 -0.000697852 0.999998 -0.00214734 -0.000227524 0.00214666 0.999997 -0.0677768 -0.0810141 0.0305981
FixedParameters: 0 0 0

#Transform 4
Transform: AffineTransform_float_3_3
Parameters: 0.999999 0.000778672 -0.000213108 -0.000779022 0.999999 -0.00126683 0.000212116 0.00126717 0.999999 -0.0365836 -0.0453093 0.039537
FixedParameters: 0 0 0

#Transform 5
Transform: AffineTransform_float_3_3
Parameters: 1 0.00102307 -0.000491228 -0.00102341 0.999998 -0.0017375 0.000489446 0.0017385 0.999999 -0.0422003 -0.0405599 -0.0463551
FixedParameters: 0 0 0

#Transform 6
Transform: AffineTransform_float_3_3
Parameters: 1 0.000937794 -0.000474378 -0.00093881 0.999999 -0.00147074 0.000473581 0.00147126 0.999999 -0.0514452 -0.0870152 -0.002418
FixedParameters: 0 0 0

#Transform 7
Transform: AffineTransform_float_3_3
Parameters: 1 0.000772961 -0.000941504 -0.000775153 0.999997 -0.00251042 0.000940185 0.00251058 0.999996 -0.0311038 -0.0655476 -0.0635556
FixedParameters: 0 0 0

#Transform 8
Transform: AffineTransform_float_3_3
Parameters: 0.999999 0.00110315 -0.00104687 -0.00110757 0.999994 -0.00341699 0.00104287 0.00341801 0.999993 -0.0590528 -0.0215373 -0.10634
FixedParameters: 0 0 0

#Transform 9
Transform: AffineTransform_float_3_3
Parameters: 0.999999 0.00106457 -0.0010889 -0.00106871 0.999995 -0.00315299 0.00108572 0.00315401 0.999994 -0.0491883 -0.0388455 -0.0493539
FixedParameters: 0 0 0

#Transform 10
Transform: AffineTransform_float_3_3
Parameters: 0.999999 0.000925507 -0.00116188 -0.000928955 0.999996 -0.00257489 0.00115967 0.00257611 0.999996 -0.0506127 -0.0358006 -0.0693811
FixedParameters: 0 0 0

#Transform 11
Transform: AffineTransform_float_3_3
Parameters: 0.999999 0.00103843 -0.00115853 -0.00104269 0.999994 -0.00344095 0.00115473 0.00344205 0.999993 -0.0551766 0.0301582 -0.0490488
FixedParameters: 0 0 0

#Transform 12
Transform: AffineTransform_float_3_3
Parameters: 0.999998 0.00109329 -0.00123134 -0.00109615 0.999996 -0.00259262 0.00122804 0.00259438 0.999996 -0.0623286 -0.0158387 -0.0361332
FixedParameters: 0 0 0

#Transform 13
Transform: AffineTransform_float_3_3
Parameters: 0.999998 0.00108074 -0.00171198 -0.00108674 0.999994 -0.00340908 0.00170757 0.00341093 0.999993 -0.0810258 0.00924505 -0.0887743
FixedParameters: 0 0 0

#Transform 14
Transform: AffineTransform_float_3_3
Parameters: 0.999998 0.00111049 -0.00155741 -0.00111656 0.999992 -0.00383519 0.00155283 0.0038368 0.999991 -0.0686154 0.0144132 -0.058568
FixedParameters: 0 0 0

#Transform 15
Transform: AffineTransform_float_3_3
Parameters: 0.999998 0.000885567 -0.00178003 -0.000892024 0.999993 -0.00368435 0.00177627 0.00368565 0.999992 -0.0585685 0.00797401 -0.0932885
FixedParameters: 0 0 0

#Transform 16
Transform: AffineTransform_float_3_3
Parameters: 0.999998 0.001105 -0.0015824 -0.0011124 0.99999 -0.00425218 0.00157792 0.00425382 0.99999 -0.0736487 0.0226532 -0.100418
FixedParameters: 0 0 0

#Transform 17
Transform: AffineTransform_float_3_3
Parameters: 0.999998 0.00108187 -0.00170182 -0.0010894 0.999991 -0.00399005 0.0016981 0.00399095 0.999991 -0.0756245 -0.0262672 -0.0579242
FixedParameters: 0 0 0

#Transform 18
Transform: AffineTransform_float_3_3
Parameters: 0.999998 0.000849334 -0.00178884 -0.000857588 0.999991 -0.0042214 0.00178541 0.0042226 0.999989 -0.0549766 0.00161513 -0.101256
FixedParameters: 0 0 0

#Transform 19
Transform: AffineTransform_float_3_3
Parameters: 0.999998 0.000590947 -0.0015978 -0.000599985 0.999983 -0.00589601 0.00159398 0.00589698 0.999981 -0.0407211 0.0768256 -0.213196
FixedParameters: 0 0 0

#Transform 20
Transform: AffineTransform_float_3_3
Parameters: 0.999998 0.000607417 -0.00196929 -0.000617472 0.999987 -0.00503957 0.00196633 0.00504142 0.999985 -0.0384797 -0.0116833 -0.0690194
FixedParameters: 0 0 0

#Transform 21
Transform: AffineTransform_float_3_3
Parameters: 0.999998 0.000685564 -0.00193391 -0.000695708 0.999987 -0.00515641 0.00192999 0.00515759 0.999985 -0.0402201 0.00544426 -0.102703
FixedParameters: 0 0 0

#Transform 22
Transform: AffineTransform_float_3_3
Parameters: 0.999997 0.000831731 -0.00202588 -0.000842096 0.999987 -0.00502401 0.00202166 0.00502498 0.999985 -0.0423423 0.0287386 -0.113163
FixedParameters: 0 0 0

#Transform 23
Transform: AffineTransform_float_3_3
Parameters: 0.999998 0.000819304 -0.00216034 -0.000832509 0.999981 -0.00609674 0.00215487 0.00609826 0.99998 -0.0357431 0.0599174 -0.140877
FixedParameters: 0 0 0

#Transform 24
Transform: AffineTransform_float_3_3
Parameters: 0.999997 0.000966297 -0.00226886 -0.000979694 0.999982 -0.00592951 0.00226389 0.0059315 0.99998 -0.0431175 -0.00626945 -0.106241
FixedParameters: 0 0 0

#Transform 25
Transform: AffineTransform_float_3_3
Parameters: 0.999996 0.000943978 -0.00238162 -0.000958702 0.999982 -0.00588826 0.002376 0.00589074 0.99998 -0.060066 0.042616 -0.13329
FixedParameters: 0 0 0

#Transform 26
Transform: AffineTransform_float_3_3
Parameters: 0.999997 0.00132244 -0.00234442 -0.00133867 0.999975 -0.00689056 0.00233521 0.00689344 0.999974 -0.0743602 0.0806987 -0.139705
FixedParameters: 0 0 0

#Transform 27
Transform: AffineTransform_float_3_3
Parameters: 0.999997 0.00129477 -0.00233905 -0.00131136 0.999975 -0.00698281 0.00232999 0.00698518 0.999973 -0.0709181 0.0094876 -0.128115
FixedParameters: 0 0 0

#Transform 28
Transform: AffineTransform_float_3_3
Parameters: 0.999997 0.00108707 -0.0021715 -0.00110284 0.999973 -0.00724433 0.0021628 0.00724666 0.999971 -0.0735999 0.0268069 -0.178481
FixedParameters: 0 0 0

#Transform 29
Transform: AffineTransform_float_3_3
Parameters: 0.999997 0.00130107 -0.00239493 -0.00131956 0.999968 -0.00787553 0.00238384 0.00787845 0.999966 -0.0651577 0.0530495 -0.179327
FixedParameters: 0 0 0

#Transform 30
Transform: AffineTransform_float_3_3
Parameters: 0.999996 0.00123974 -0.00248445 -0.00125745 0.999973 -0.00719457 0.00247524 0.00719742 0.999971 -0.0766193 -0.00668027 -0.156092
FixedParameters: 0 0 0

#Transform 31
Transform: AffineTransform_float_3_3
Parameters: 0.999996 0.00122298 -0.00247606 -0.00124076 0.999973 -0.00723163 0.002467 0.00723438 0.999971 -0.071944 0.0291397 -0.199716
FixedParameters: 0 0 0

#Transform 32
Transform: AffineTransform_float_3_3
Parameters: 0.999995 0.00135373 -0.00262646 -0.00137534 0.999966 -0.00822028 0.00261516 0.00822372 0.999962 -0.0773943 0.0644222 -0.183679
FixedParameters: 0 0 0

#Transform 33
Transform: AffineTransform_float_3_3
Parameters: 0.999996 0.00124125 -0.0024485 -0.00125973 0.999971 -0.00745865 0.0024386 0.00746234 0.999969 -0.075165 0.0107841 -0.150958
FixedParameters: 0 0 0

#Transform 34
Transform: AffineTransform_float_3_3
Parameters: 0.999996 0.00142373 -0.00246351 -0.0014446 0.999963 -0.00845614 0.00245155 0.00845985 0.999961 -0.0851269 0.0589227 -0.23288
FixedParameters: 0 0 0

#Transform 35
Transform: AffineTransform_float_3_3
Parameters: 0.999995 0.0014178 -0.00285834 -0.0014444 0.999953 -0.00959655 0.00284479 0.00960044 0.99995 -0.0816779 0.0625175 -0.191985
FixedParameters: 0 0 0

#Transform 36
Transform: AffineTransform_float_3_3
Parameters: 0.999995 0.00122045 -0.00293423 -0.00124846 0.999955 -0.00935183 0.0029233 0.00935516 0.999952 -0.0729509 0.0195698 -0.197394
FixedParameters: 0 0 0

#Transform 37
Transform: AffineTransform_float_3_3
Parameters: 0.999995 0.00122701 -0.00308408 -0.00125677 0.999952 -0.00966144 0.00307166 0.00966556 0.999949 -0.066485 0.0452141 -0.275343
FixedParameters: 0 0 0

#Transform 38
Transform: AffineTransform_float_3_3
Parameters: 1 0.000754464 -0.000957042 -0.000768109 0.999899 -0.0141352 0.000946204 0.0141358 0.999899 0.035644 0.0591456 -0.211714
FixedParameters: 0 0 0

#Transform 39
Transform: AffineTransform_float_3_3
Parameters: 0.999997 -0.00233827 0.000992947 0.0023657 0.999593 -0.0284473 -0.000926171 0.0284497 0.999595 0.26142 0.218802 -0.815123
FixedParameters: 0 0 0

#Transform 40
Transform: AffineTransform_float_3_3
Parameters: 0.999998 -0.00155041 -0.00047074 0.00154116 0.999798 -0.020042 0.000501203 0.020041 0.999799 0.232517 0.122914 -0.685847
FixedParameters: 0 0 0

#Transform 41
Transform: AffineTransform_float_3_3
Parameters: 0.999999 -0.00116822 -0.000660549 0.00115703 0.999868 -0.0162178 0.00067892 0.0162172 0.999868 0.173234 0.0537817 -0.485991
FixedParameters: 0 0 0

#Transform 42
Transform: AffineTransform_float_3_3
Parameters: 1 -0.000519644 -0.000295786 0.000515329 0.99987 -0.0161513 0.000303324 0.0161507 0.999869 0.143725 0.0558744 -0.54007
FixedParameters: 0 0 0

#Transform 43
Transform: AffineTransform_float_3_3
Parameters: 1 -0.000478343 -0.000926551 0.000462477 0.999865 -0.0164624 0.000934105 0.0164616 0.999864 0.137602 0.118999 -0.488136
FixedParameters: 0 0 0

#Transform 44
Transform: AffineTransform_float_3_3
Parameters: 0.999999 -0.00060329 -0.000896487 0.00058916 0.999873 -0.0159205 0.000906555 0.0159195 0.999873 0.127319 0.0257834 -0.453541
FixedParameters: 0 0 0

#Transform 45
Transform: AffineTransform_float_3_3
Parameters: 0.999999 -0.000714959 -0.00124722 0.000695267 0.999879 -0.0155607 0.00125832 0.0155603 0.999878 0.122812 0.0885061 -0.479459
FixedParameters: 0 0 0

#Transform 46
Transform: AffineTransform_float_3_3
Parameters: 0.999999 -0.000187224 -0.00125634 0.000165839 0.99986 -0.0167722 0.00125928 0.0167718 0.999858 0.11341 0.082086 -0.485586
FixedParameters: 0 0 0

#Transform 47
Transform: AffineTransform_float_3_3
Parameters: 0.999999 0.000154411 -0.00124435 -0.000175584 0.999858 -0.0168768 0.00124089 0.0168772 0.999857 0.0989497 0.0455228 -0.508729
FixedParameters: 0 0 0

#Transform 48
Transform: AffineTransform_float_3_3
Parameters: 1 -0.00017963 -0.00113332 0.000159695 0.999846 -0.017517 0.00113646 0.017517 0.999846 0.104744 0.123311 -0.524239
FixedParameters: 0 0 0

#Transform 49
Transform: AffineTransform_float_3_3
Parameters: 0.999999 0.000254971 -0.00143995 -0.000277875 0.999865 -0.0164094 0.0014357 0.0164096 0.999865 0.0749289 0.063537 -0.44951
FixedParameters: 0 0 0

#Transform 50
Transform: AffineTransform_float_3_3
Parameters: 0.999999 0.000252846 -0.00145636 -0.000274733 0.99988 -0.0154734 0.00145189 0.0154736 0.99988 0.0753106 0.0674583 -0.499868
FixedParameters: 0 0 0

#Transform 51
Transform: AffineTransform_float_3_3
Parameters: 0.999999 0.000283425 -0.00130486 -0.000304731 0.999867 -0.0163024 0.00129934 0.0163026 0.999867 0.0839155 0.129675 -0.458462
FixedParameters: 0 0 0

#Transform 52
Transform: AffineTransform_float_3_3
Parameters: 0.999999 0.000147711 -0.00133362 -0.000169074 0.999868 -0.0162496 0.00133137 0.0162494 0.999867 0.0802299 0.0629364 -0.472921
FixedParameters: 0 0 0

#Transform 53
Transform: AffineTransform_float_3_3
Parameters: 0.999998 0.000339675 -0.00161647 -0.000366893 0.999856 -0.0169904 0.00161035 0.0169906 0.999854 0.0727917 0.115336 -0.518446
FixedParameters: 0 0 0

#Transform 54
Transform: AffineTransform_float_3_3
Parameters: 0.999999 0.000258681 -0.00183936 -0.000288495 0.999862 -0.0166473 0.0018344 0.0166477 0.99986 0.06672 0.0794381 -0.45547
FixedParameters: 0 0 0

#Transform 55
Transform: AffineTransform_float_3_3
Parameters: 0.999999 0.000227639 -0.00141063 -0.000250262 0.999868 -0.0162344 0.00140657 0.0162346 0.999868 0.0697992 0.0673554 -0.497741
FixedParameters: 0 0 0

#Transform 56
Transform: AffineTransform_float_3_3
Parameters: 0.999999 2.05368e-05 -0.00177687 -4.88177e-05 0.999871 -0.0160155 0.00177636 0.0160155 0.99987 0.0803211 0.135132 -0.439321
FixedParameters: 0 0 0

#Transform 57
Transform: AffineTransform_float_3_3
Parameters: 0.999999 0.000304198 -0.00141266 -0.000327884 0.99986 -0.0167264 0.00140775 0.0167276 0.999859 0.072357 0.0868332 -0.490557
FixedParameters: 0 0 0

#Transform 58
Transform: AffineTransform_float_3_3
Parameters: 0.999998 0.000272094 -0.00186774 -0.000302937 0.999861 -0.0166721 0.0018623 0.0166729 0.99986 0.0762534 0.108046 -0.448408
FixedParameters: 0 0 0

#Transform 59
Transform: AffineTransform_float_3_3
Parameters: 0.999999 0.000348747 -0.00148929 -0.000373251 0.999864 -0.0164782 0.00148286 0.0164788 0.999863 0.0720105 0.090289 -0.448873
FixedParameters: 0 0 0

#Transform 60
Transform: AffineTransform_float_3_3
Parameters: 0.999999 0.000457711 -0.00141082 -0.000482229 0.999844 -0.0176141 0.00140268 0.0176149 0.999844 0.0693902 0.125378 -0.513716
FixedParameters: 0 0 0

#Transform 61
Transform: AffineTransform_float_3_3
Parameters: 0.999999 0.000522519 -0.00120928 -0.000542185 0.999858 -0.0168501 0.00119953 0.0168509 0.999858 0.0665036 0.107307 -0.467416
FixedParameters: 0 0 0

#Transform 62
Transform: AffineTransform_float_3_3
Parameters: 0.999998 0.000405502 -0.00159552 -0.000432552 0.999856 -0.0169171 0.00158839 0.0169179 0.999855 0.0716762 0.0823405 -0.481844
FixedParameters: 0 0 0

#Transform 63
Transform: AffineTransform_float_3_3
Parameters: 0.999999 0.000487869 -0.001328 -0.000510505 0.99985 -0.0172651 0.00131956 0.0172659 0.99985 0.0681876 0.168221 -0.518941
FixedParameters: 0 0 0

#Transform 64
Transform: AffineTransform_float_3_3
Parameters: 0.999999 -9.08133e-05 -0.00151164 6.48515e-05 0.999858 -0.0168889 0.00151248 0.0168891 0.999856 0.0806705 0.0875671 -0.462228
FixedParameters: 0 0 0

#Transform 65
Transform: AffineTransform_float_3_3
Parameters: 0.999999 -0.000699643 -0.00163135 0.00067411 0.999874 -0.015853 0.00164194 0.015852 0.999873 0.1156 0.126314 -0.472739
FixedParameters: 0 0 0

#Transform 66
Transform: AffineTransform_float_3_3
Parameters: 0.999998 0.000866235 -0.00132691 -0.000887149 0.99988 -0.0154608 0.00131327 0.0154612 0.99988 0.0489749 0.157749 -0.403469
FixedParameters: 0 0 0

#Transform 67
Transform: AffineTransform_float_3_3
Parameters: 0.999999 0.000214971 -0.00180238 -0.000241279 0.999894 -0.0145414 0.00179887 0.0145416 0.999892 0.0652264 0.0980293 -0.409054
FixedParameters: 0 0 0

#Transform 68
Transform: AffineTransform_float_3_3
Parameters: 0.999998 9.38476e-05 -0.0016325 -0.000118949 0.999884 -0.0152616 0.00163061 0.0152614 0.999883 0.0662342 0.129992 -0.420939
FixedParameters: 0 0 0

#Transform 69
Transform: AffineTransform_float_3_3
Parameters: 0.999999 0.000325389 -0.00146491 -0.000349796 0.999865 -0.0163783 0.00145951 0.0163787 0.999865 0.0606133 0.157857 -0.479216
FixedParameters: 0 0 0

#Transform 70
Transform: AffineTransform_float_3_3
Parameters: 0.999999 0.000321905 -0.00154034 -0.00034554 0.999878 -0.0156415 0.00153537 0.0156416 0.999876 0.0611403 0.128402 -0.420136
FixedParameters: 0 0 0

#Transform 71
Transform: AffineTransform_float_3_3
Parameters: 0.999998 0.000372995 -0.00154999 -0.000396765 0.999878 -0.0156512 0.0015444 0.0156518 0.999877 0.0602365 0.120519 -0.434535
FixedParameters: 0 0 0

#Transform 72
Transform: AffineTransform_float_3_3
Parameters: 0.999999 0.000159253 -0.00170312 -0.000188498 0.999859 -0.0168275 0.00170002 0.0168275 0.999857 0.0656195 0.14985 -0.482747
FixedParameters: 0 0 0

#Transform 73
Transform: AffineTransform_float_3_3
Parameters: 0.999998 0.000768687 -0.00183846 -0.00079767 0.999871 -0.0160723 0.00182585 0.0160737 0.99987 0.0442849 0.122226 -0.426292
FixedParameters: 0 0 0

#Transform 74
Transform: AffineTransform_float_3_3
Parameters: 0.999999 0.000428939 -0.0017697 -0.00045827 0.999865 -0.016454 0.00176178 0.016455 0.999863 0.0606703 0.102959 -0.460324
FixedParameters: 0 0 0

#Transform 75
Transform: AffineTransform_float_3_3
Parameters: 0.999999 0.000636623 -0.00173782 -0.000665699 0.999862 -0.0166317 0.00172695 0.0166334 0.99986 0.0387983 0.167655 -0.457937
FixedParameters: 0 0 0

#Transform 76
Transform: AffineTransform_float_3_3
Parameters: 0.999997 0.000689526 -0.00237125 -0.000729524 0.999861 -0.0166849 0.00235942 0.0166871 0.999858 0.0342262 0.109443 -0.451556
FixedParameters: 0 0 0

#Transform 77
Transform: AffineTransform_float_3_3
Parameters: 0.999997 0.000586418 -0.00212507 -0.000622611 0.999856 -0.0169345 0.00211504 0.0169355 0.999854 0.0344149 0.107679 -0.475739
FixedParameters: 0 0 0

#Transform 78
Transform: AffineTransform_float_3_3
Parameters: 0.999997 0.000645813 -0.00208139 -0.000683196 0.999839 -0.0179114 0.00206981 0.0179126 0.999837 0.0329112 0.157115 -0.488258
FixedParameters: 0 0 0

#Transform 79
Transform: AffineTransform_float_3_3
Parameters: 0.999997 0.000763588 -0.00199735 -0.000797779 0.999848 -0.0174292 0.00198373 0.0174308 0.999847 0.0300298 0.117099 -0.462569
FixedParameters: 0 0 0

#Transform 80
Transform: AffineTransform_float_3_3
Parameters: 0.999997 0.000648202 -0.00226646 -0.000683653 0.999876 -0.0157131 0.00225598 0.015715 0.999874 0.0346795 0.212444 -0.52276
FixedParameters: 0 0 0

#Transform 81
Transform: AffineTransform_float_3_3
Parameters: 0.999997 0.000860307 -0.00235545 -0.00089837 0.999867 -0.0162665 0.00234084 0.0162685 0.999865 0.0216621 0.125064 -0.41706
FixedParameters: 0 0 0

#Transform 82
Transform: AffineTransform_float_3_3
Parameters: 0.999997 -0.000378954 -0.0024831 0.000337201 0.999862 -0.0165693 0.00248917 0.0165687 0.999859 0.0678421 0.110424 -0.446175
FixedParameters: 0 0 0

#Transform 83
Transform: AffineTransform_float_3_3
Parameters: 0.999987 -0.00282879 -0.00426896 0.00275098 0.99983 -0.0182406 0.00431989 0.0182284 0.999824 0.193856 0.143343 -0.540494
FixedParameters: 0 0 0

#Transform 84
Transform: AffineTransform_float_3_3
Parameters: 0.999985 -0.0037079 -0.00387642 0.00364055 0.999845 -0.0172137 0.00393902 0.0171993 0.999844 0.21774 0.108477 -0.461274
FixedParameters: 0 0 0

#Transform 85
Transform: AffineTransform_float_3_3
Parameters: 0.999986 -0.00333627 -0.00409101 0.00326664 0.99985 -0.0170295 0.00414705 0.0170165 0.999847 0.208341 0.103786 -0.488267
FixedParameters: 0 0 0

#Transform 86
Transform: AffineTransform_float_3_3
Parameters: 0.999986 -0.00335208 -0.00414119 0.00327695 0.999831 -0.0181148 0.00420079 0.0181012 0.999827 0.208706 0.177024 -0.493277
FixedParameters: 0 0 0

#Transform 87
Transform: AffineTransform_float_3_3
Parameters: 0.999986 -0.00301643 -0.00449426 0.00294119 0.999857 -0.0166348 0.00454425 0.0166222 0.999852 0.205228 0.102812 -0.486218
FixedParameters: 0 0 0

#Transform 88
Transform: AffineTransform_float_3_3
Parameters: 0.999982 -0.00389125 -0.00472544 0.00380409 0.999823 -0.018422 0.00479619 0.018403 0.999819 0.224052 0.13512 -0.586455
FixedParameters: 0 0 0

#Transform 89
Transform: AffineTransform_float_3_3
Parameters: 0.999982 -0.00385564 -0.0045733 0.00377344 0.999834 -0.0177923 0.00464132 0.0177747 0.999831 0.233148 0.136688 -0.510363
FixedParameters: 0 0 0

#Transform 90
Transform: AffineTransform_float_3_3
Parameters: 0.999992 -0.000859111 -0.0037903 0.000792981 0.999847 -0.0174728 0.00380533 0.0174692 0.99984 0.0772899 0.100156 -0.473916
FixedParameters: 0 0 0

#Transform 91
Transform: AffineTransform_float_3_3
Parameters: 0.999991 -0.00100035 -0.00428667 0.000916042 0.99981 -0.0194814 0.00430596 0.0194765 0.999801 0.0884116 0.158051 -0.575853
FixedParameters: 0 0 0

#Transform 92
Transform: AffineTransform_float_3_3
Parameters: 0.999991 -0.00104706 -0.00414193 0.000970264 0.999828 -0.0185035 0.00416039 0.0184994 0.99982 0.0754613 0.141427 -0.486265
FixedParameters: 0 0 0

#Transform 93
Transform: AffineTransform_float_3_3
Parameters: 0.999991 -0.00101223 -0.00408901 0.000935661 0.999829 -0.0184764 0.00410651 0.0184727 0.999821 0.0748704 0.181706 -0.577757
FixedParameters: 0 0 0

#Transform 94
Transform: AffineTransform_float_3_3
Parameters: 0.999989 -0.00110499 -0.00456517 0.00102257 0.999836 -0.0180699 0.00458459 0.0180651 0.999826 0.0796682 0.224814 -0.512224
FixedParameters: 0 0 0

#Transform 95
Transform: AffineTransform_float_3_3
Parameters: 0.999991 -0.000854758 -0.00429409 0.000775609 0.999827 -0.0185798 0.00430986 0.0185762 0.999818 0.0730605 0.136415 -0.512173
FixedParameters: 0 0 0

#Transform 96
Transform: AffineTransform_float_3_3
Parameters: 0.999991 -0.000465954 -0.00418046 0.000395944 0.99986 -0.0167162 0.00418752 0.0167137 0.999851 0.0645809 0.145573 -0.472577
FixedParameters: 0 0 0

#Transform 97
Transform: AffineTransform_float_3_3
Parameters: 0.999989 -0.000513522 -0.00461836 0.000422705 0.999807 -0.0196501 0.00462741 0.019648 0.999796 0.0776155 0.188246 -0.562657
FixedParameters: 0 0 0

#Transform 98
Transform: AffineTransform_float_3_3
Parameters: 0.999991 -0.000556037 -0.00435552 0.000473577 0.999818 -0.0190433 0.00436513 0.0190416 0.999809 0.0628693 0.0924232 -0.506044
FixedParameters: 0 0 0

#Transform 99
Transform: AffineTransform_float_3_3
Parameters: 0.99999 -0.000556434 -0.00428373 0.000476153 0.999826 -0.0186495 0.00429375 0.0186475 0.999817 0.0659243 0.122114 -0.56861
FixedParameters: 0 0 0

#Transform 100
Transform: AffineTransform_float_3_3
Parameters: 0.999991 -0.000644698 -0.00434177 0.00056237 0.999821 -0.0189489 0.00435386 0.0189461 0.999811 0.0636832 0.16365 -0.509923
FixedParameters: 0 0 0

#Transform 101
Transform: AffineTransform_float_3_3
Parameters: 0.99999 -0.00126451 -0.00416827 0.00120783 0.999905 -0.0137254 0.00418595 0.0137206 0.999897 0.0934305 0.213353 -0.461863
FixedParameters: 0 0 0

#Transform 102
Transform: AffineTransform_float_3_3
Parameters: 0.999992 -0.00266663 -0.00291137 0.0026597 0.999994 -0.00237945 0.0029176 0.00237154 0.999992 0.161673 0.286297 -0.209811
FixedParameters: 0 0 0

#Transform 103
Transform: AffineTransform_float_3_3
Parameters: 0.999995 -0.0017968 -0.00264963 0.0018071 0.999992 0.00361983 0.00264338 -0.00362417 0.99999 0.124468 0.0997073 0.068678
FixedParameters: 0 0 0

#Transform 104
Transform: AffineTransform_float_3_3
Parameters: 0.999995 -0.00233222 -0.00201789 0.00233643 0.999996 0.00182634 0.00201403 -0.00183166 0.999997 0.160381 -0.0171835 0.0362649
FixedParameters: 0 0 0

#Transform 105
Transform: AffineTransform_float_3_3
Parameters: 0.999997 -0.0018276 -0.00201019 0.00182935 0.999998 0.00107137 0.0020088 -0.00107463 0.999997 0.125179 0.0380939 0.00328104
FixedParameters: 0 0 0

#Transform 106
Transform: AffineTransform_float_3_3
Parameters: 0.999997 -0.00144899 -0.00169005 0.00145101 0.999998 0.00141067 0.00168751 -0.00141334 0.999998 0.127818 0.0850563 0.0046446
FixedParameters: 0 0 0

#Transform 107
Transform: AffineTransform_float_3_3
Parameters: 0.999998 -0.00139949 -0.00144001 0.00140309 0.999997 0.00241691 0.00143694 -0.00241909 0.999996 0.122635 0.0707152 0.0257158
FixedParameters: 0 0 0

#Transform 108
Transform: AffineTransform_float_3_3
Parameters: 0.999999 -0.00117537 -0.00128807 0.0011787 0.999997 0.00229064 0.00128521 -0.00229236 0.999997 0.113006 0.0799377 -0.00881251
FixedParameters: 0 0 0

#Transform 109
Transform: AffineTransform_float_3_3
Parameters: 0.999998 -0.00099643 -0.00136946 0.00099815 0.999999 0.0016346 0.00136775 -0.0016364 0.999997 0.110018 0.150299 -0.026626
FixedParameters: 0 0 0

#Transform 110
Transform: AffineTransform_float_3_3
Parameters: 0.999999 -0.00089419 -0.00159667 0.000896702 0.999999 0.00164972 0.00159527 -0.00165128 0.999998 0.0939557 0.0641638 -0.0294605
FixedParameters: 0 0 0

#Transform 111
Transform: AffineTransform_float_3_3
Parameters: 0.999998 -0.00102842 -0.00177557 0.00103095 0.999998 0.00148751 0.00177405 -0.00148949 0.999997 0.100001 0.0904184 -0.0447458
FixedParameters: 0 0 0

#Transform 112
Transform: AffineTransform_float_3_3
Parameters: 0.999997 -0.00111169 -0.00222139 0.00111722 0.999997 0.00226486 0.00221925 -0.00226814 0.999995 0.103505 0.195768 -0.0443249
FixedParameters: 0 0 0

#Transform 113
Transform: AffineTransform_float_3_3
Parameters: 0.999998 -0.000684338 -0.00177127 0.000688081 0.999997 0.00211212 0.00177011 -0.00211288 0.999996 0.0901529 0.10725 -0.0296152
FixedParameters: 0 0 0

#Transform 114
Transform: AffineTransform_float_3_3
Parameters: 0.99999 -0.00347158 -0.00273784 0.00350302 0.999926 0.0116424 0.00269736 -0.0116526 0.999928 0.128612 0.220641 0.286705
FixedParameters: 0 0 0

#Transform 115
Transform: AffineTransform_float_3_3
Parameters: 0.99997 -0.00566731 -0.00541948 0.00583285 0.999499 0.031099 0.00524022 -0.03113 0.999502 -0.0689166 0.0929939 -0.188868
FixedParameters: 0 0 0

#Transform 116
Transform: AffineTransform_float_3_3
Parameters: 0.99994 -0.00803068 -0.00735959 0.00833973 0.999047 0.0428309 0.00700903 -0.0428891 0.999055 -0.316904 0.304754 -0.807607
FixedParameters: 0 0 0

#Transform 117
Transform: AffineTransform_float_3_3
Parameters: 0.999985 0.00344335 -0.00424668 -0.00343795 0.999993 0.00121578 0.00425085 -0.00120122 0.99999 -0.392967 -0.0244612 -0.321775
FixedParameters: 0 0 0

#Transform 118
Transform: AffineTransform_float_3_3
Parameters: 0.999993 -0.000922585 -0.00381174 0.000930952 0.999997 0.00225573 0.00380926 -0.00225927 0.99999 -0.0802114 0.0165737 -0.332269
FixedParameters: 0 0 0

#Transform 119
Transform: AffineTransform_float_3_3
Parameters: 0.999989 -0.00148916 -0.00430089 0.00150136 0.999994 0.00287932 0.00429571 -0.00288568 0.999986 -0.0443873 0.116333 -0.277557
FixedParameters: 0 0 0

#Transform 120
Transform: AffineTransform_float_3_3
Parameters: 0.999946 -0.00151767 -0.0103511 0.00153257 0.999998 0.00143261 0.0103486 -0.00144839 0.999946 -0.117381 0.00142618 -0.255161
FixedParameters: 0 0 0

#Transform 121
Transform: AffineTransform_float_3_3
Parameters: 0.999879 -0.0015572 -0.0154355 0.00150752 0.999994 -0.00320299 0.01544 0.00318 0.999875 -0.028738 0.0833555 -0.455711
FixedParameters: 0 0 0

#Transform 122
Transform: AffineTransform_float_3_3
Parameters: 0.999894 -0.00277374 -0.0143423 0.00276855 0.999996 -0.000337875 0.0143433 0.000298116 0.999897 0.0530604 0.261188 -0.445643
FixedParameters: 0 0 0

#Transform 123
Transform: AffineTransform_float_3_3
Parameters: 0.999927 -0.00286656 -0.0116938 0.00284499 0.999994 -0.00189629 0.0116992 0.00186272 0.99993 0.0591379 0.162927 -0.395417
FixedParameters: 0 0 0

#Transform 124
Transform: AffineTransform_float_3_3
Parameters: 0.999915 -0.0025681 -0.0127277 0.00252399 0.999991 -0.00348386 0.0127368 0.00345114 0.999913 0.0145229 0.0803765 -0.387364
FixedParameters: 0 0 0

#Transform 125
Transform: AffineTransform_float_3_3
Parameters: 0.999919 -0.00205644 -0.0125737 0.00200175 0.999989 -0.00438731 0.0125828 0.0043617 0.999912 -0.00374083 0.115572 -0.390062
FixedParameters: 0 0 0

#Transform 126
Transform: AffineTransform_float_3_3
Parameters: 0.999965 -0.000611048 -0.00831804 0.000658881 0.999983 0.00577532 0.00831389 -0.00578068 0.999949 -0.0455578 0.069437 -0.129646
FixedParameters: 0 0 0

#Transform 127
Transform: AffineTransform_float_3_3
Parameters: 0.999967 -0.000704146 -0.00816832 0.000732462 0.999993 0.00344851 0.00816571 -0.00345449 0.999961 -0.055729 0.0587078 -0.138921
FixedParameters: 0 0 0

#Transform 128
Transform: AffineTransform_float_3_3
Parameters: 0.999965 -0.000757356 -0.0083614 0.000770224 0.999998 0.00148236 0.00836042 -0.00148863 0.999964 -0.0570467 0.0558011 -0.16798
FixedParameters: 0 0 0

#Transform 129
Transform: AffineTransform_float_3_3
Parameters: 0.999964 -0.000582625 -0.00849237 0.000596141 0.999999 0.00162482 0.00849113 -0.00163019 0.999963 -0.0754353 0.0819364 -0.192534
FixedParameters: 0 0 0

#Transform 130
Transform: AffineTransform_float_3_3
Parameters: 0.999964 -0.000793248 -0.00851802 0.000799754 1 0.000793152 0.0085171 -0.000799851 0.999964 -0.0674555 0.110052 -0.19965
FixedParameters: 0 0 0

#Transform 131
Transform: AffineTransform_float_3_3
Parameters: 0.999962 -0.000600607 -0.00867104 0.000607375 1 0.000794956 0.00867041 -0.000800046 0.999963 -0.0742635 0.0605934 -0.167193
FixedParameters: 0 0 0

#Transform 132
Transform: AffineTransform_float_3_3
Parameters: 0.999962 -0.000184816 -0.00879463 0.000185916 1 6.17025e-05 0.00879461 -6.32927e-05 0.999962 -0.0981335 0.12533 -0.247387
FixedParameters: 0 0 0

#Transform 133
Transform: AffineTransform_float_3_3
Parameters: 0.999967 -0.000581889 -0.0081713 0.000582443 0.999999 9.16573e-05 0.00817138 -9.63444e-05 0.999967 -0.0709778 0.13458 -0.147259
FixedParameters: 0 0 0

#Transform 134
Transform: AffineTransform_float_3_3
Parameters: 0.999963 -0.000722992 -0.00854467 0.000720564 1 -0.000260382 0.00854467 0.000253617 0.999963 -0.0694993 0.111539 -0.149332
FixedParameters: 0 0 0

#Transform 135
Transform: AffineTransform_float_3_3
Parameters: 0.99996 -0.000450849 -0.00886953 0.000437739 0.999999 -0.00142649 0.00887049 0.00142251 0.99996 -0.0807513 0.163071 -0.220271
FixedParameters: 0 0 0

#Transform 136
Transform: AffineTransform_float_3_3
Parameters: 0.999964 -0.000567423 -0.00845044 0.000565055 1 -0.00027015 0.00845134 0.000264849 0.999964 -0.066655 0.126398 -0.128247
FixedParameters: 0 0 0

#Transform 137
Transform: AffineTransform_float_3_3
Parameters: 0.999962 -0.000448166 -0.00875658 0.000452646 1 0.000545285 0.00875605 -0.000548718 0.999962 -0.0737599 0.222744 -0.145714
FixedParameters: 0 0 0

#Transform 138
Transform: AffineTransform_float_3_3
Parameters: 0.999965 -0.000140445 -0.00833826 0.000137973 1 -0.000266603 0.00833796 0.000265395 0.999965 -0.0719931 0.186873 -0.161803
FixedParameters: 0 0 0

#Transform 139
Transform: AffineTransform_float_3_3
Parameters: 0.999964 -0.00042906 -0.00847019 0.000424842 1 -0.000435943 0.00847098 0.000432052 0.999964 -0.0539676 0.103652 -0.11686
FixedParameters: 0 0 0

#Transform 140
Transform: AffineTransform_float_3_3
Parameters: 0.999964 -0.000438208 -0.00846082 0.000430346 0.999999 -0.000883817 0.00846124 0.000880181 0.999964 -0.0677031 0.149739 -0.178216
FixedParameters: 0 0 0

#Transform 141
Transform: AffineTransform_float_3_3
Parameters: 0.999966 -0.000889358 -0.00821845 0.000885017 0.999999 -0.000517799 0.00821959 0.000511199 0.999966 -0.0465394 0.13175 -0.167063
FixedParameters: 0 0 0

#Transform 142
Transform: AffineTransform_float_3_3
Parameters: 0.999966 -0.00071793 -0.00822811 0.000713688 0.999999 -0.000499326 0.00822807 0.000493673 0.999966 -0.0347215 0.121092 -0.155166
FixedParameters: 0 0 0

#Transform 143
Transform: AffineTransform_float_3_3
Parameters: 0.999968 -0.000510231 -0.00807524 0.000502108 0.999999 -0.00100286 0.00807572 0.00099914 0.999967 -0.0443024 0.150681 -0.179276
FixedParameters: 0 0 0

#Transform 144
Transform: AffineTransform_float_3_3
Parameters: 0.99997 -0.000899599 -0.00770106 0.000896299 0.999999 -0.000409165 0.00770122 0.000401833 0.99997 -0.0443175 0.156001 -0.148628
FixedParameters: 0 0 0

#Transform 145
Transform: AffineTransform_float_3_3
Parameters: 0.999971 -0.000149419 -0.00762648 0.000143113 1 -0.000876596 0.00762639 0.000876407 0.999971 -0.073741 0.141568 -0.196302
FixedParameters: 0 0 0

#Transform 146
Transform: AffineTransform_float_3_3
Parameters: 0.999968 -0.000298036 -0.00793194 0.000290563 0.999999 -0.000991407 0.00793297 0.000988594 0.999968 -0.0648959 0.214706 -0.193434
FixedParameters: 0 0 0

#Transform 147
Transform: AffineTransform_float_3_3
Parameters: 0.999971 -0.000246753 -0.00770145 0.000245718 1 -0.00013234 0.00770132 0.00012966 0.999971 -0.0520981 0.199734 -0.1871
FixedParameters: 0 0 0

#Transform 148
Transform: AffineTransform_float_3_3
Parameters: 0.999979 -1.58687e-05 -0.00657325 2.79411e-05 0.999999 0.00191786 0.00657366 -0.00191815 0.999977 -0.0649606 0.192773 -0.130185
FixedParameters: 0 0 0

#Transform 149
Transform: AffineTransform_float_3_3
Parameters: 0.999975 -0.000172957 -0.00706573 0.000179566 1 0.000897496 0.00706556 -0.000898502 0.999975 -0.0656603 0.123934 -0.107646
FixedParameters: 0 0 0

#Transform 150
Transform: AffineTransform_float_3_3
Parameters: 0.999974 -0.000166532 -0.00729398 0.000166841 1 0.00010075 0.00729316 -0.000102253 0.999974 -0.0650633 0.158604 -0.152526
FixedParameters: 0 0 0

#Transform 151
Transform: AffineTransform_float_3_3
Parameters: 0.999975 -0.000117199 -0.00705049 0.000120605 1 0.000449753 0.00705095 -0.000451245 0.999975 -0.0595513 0.162732 -0.15454
FixedParameters: 0 0 0

#Transform 152
Transform: AffineTransform_float_3_3
Parameters: 0.999973 -9.35511e-05 -0.00736816 9.34238e-05 1 5.73129e-05 0.00736834 -5.86912e-05 0.999973 -0.069072 0.159217 -0.129763
FixedParameters: 0 0 0

#Transform 153
Transform: AffineTransform_float_3_3
Parameters: 0.999974 0.000198749 -0.00727966 -0.000192157 1 0.000803306 0.00727994 -0.00080269 0.999974 -0.0763237 0.179603 -0.144668
FixedParameters: 0 0 0

#Transform 154
Transform: AffineTransform_float_3_3
Parameters: 0.999972 -0.000414092 -0.00754188 0.000420159 1 0.00086912 0.00754149 -0.000871884 0.999971 -0.050729 0.20546 -0.0997699
FixedParameters: 0 0 0

#Transform 155
Transform: AffineTransform_float_3_3
Parameters: 0.999975 0.000137224 -0.00707581 -0.000133671 1 0.000542588 0.00707573 -0.000541414 0.999975 -0.0770833 0.150369 -0.126931
FixedParameters: 0 0 0

#Transform 156
Transform: AffineTransform_float_3_3
Parameters: 0.999973 -0.000155387 -0.007313 0.000158092 1 0.00045282 0.00731361 -0.000454185 0.999973 -0.0765825 0.238614 -0.142426
FixedParameters: 0 0 0

#Transform 157
Transform: AffineTransform_float_3_3
Parameters: 0.999974 -0.000144033 -0.00723337 0.000142738 1 -9.02566e-05 0.00723339 8.87387e-05 0.999973 -0.0581707 0.225683 -0.136978
FixedParameters: 0 0 0

#Transform 158
Transform: AffineTransform_float_3_3
Parameters: 0.999974 1.91491e-05 -0.00729878 -6.05341e-06 0.999999 0.00181087 0.00729834 -0.00181013 0.999971 -0.0749008 0.210658 -0.0550168
FixedParameters: 0 0 0

#Transform 159
Transform: AffineTransform_float_3_3
Parameters: 0.999967 -0.00507351 -0.00631969 0.00518445 0.999831 0.0176582 0.00622897 -0.0176908 0.999825 0.0698801 0.130925 0.0868007
FixedParameters: 0 0 0

#Transform 160
Transform: AffineTransform_float_3_3
Parameters: 0.999892 -0.0124426 -0.00780277 0.0127439 0.999127 0.039781 0.00730108 -0.0398751 0.999178 0.0817937 0.328746 -1.37477
FixedParameters: 0 0 0

#Transform 161
Transform: AffineTransform_float_3_3
Parameters: 0.999971 -0.00734007 -0.00230041 0.00739972 0.999597 0.0273827 0.00209875 -0.0273982 0.999622 -0.0125337 0.430477 -0.975125
FixedParameters: 0 0 0

#Transform 162
Transform: AffineTransform_float_3_3
Parameters: 0.999985 -0.00465843 -0.00305874 0.00468743 0.999943 0.00956809 0.00301355 -0.00958291 0.999949 0.0442007 0.0523982 -0.624081
FixedParameters: 0 0 0

#Transform 163
Transform: AffineTransform_float_3_3
Parameters: 0.999965 -0.00588756 -0.00603502 0.00592917 0.999958 0.00693788 0.00599351 -0.00697312 0.999958 0.14619 0.129691 -0.538502
FixedParameters: 0 0 0

#Transform 164
Transform: AffineTransform_float_3_3
Parameters: 0.999962 -0.00576901 -0.00651512 0.00582104 0.99995 0.00815351 0.00646748 -0.00819049 0.999945 0.171159 0.142737 -0.440246
FixedParameters: 0 0 0

#Transform 165
Transform: AffineTransform_float_3_3
Parameters: 0.999943 -0.0055411 -0.00907049 0.00560753 0.999957 0.00732302 0.00902887 -0.00737397 0.999932 0.147904 0.249186 -0.358069
FixedParameters: 0 0 0

#Transform 166
Transform: AffineTransform_float_3_3
Parameters: 0.999952 -0.00492204 -0.00841211 0.00502335 0.999914 0.0121311 0.00835171 -0.0121719 0.999891 0.133021 0.258532 -0.270754
FixedParameters: 0 0 0

#Transform 167
Transform: AffineTransform_float_3_3
Parameters: 0.999946 -0.00839735 -0.00613175 0.00869704 0.998677 0.0506686 0.00569822 -0.0507193 0.998696 0.266002 0.754367 0.580363
FixedParameters: 0 0 0

#Transform 168
Transform: AffineTransform_float_3_3
Parameters: 0.999977 -0.000952697 -0.0068177 0.00099769 0.999978 0.00649588 0.00681138 -0.00650212 0.999956 -0.0668514 0.4694 -0.277055
FixedParameters: 0 0 0

#Transform 169
Transform: AffineTransform_float_3_3
Parameters: 0.999981 0.00117184 -0.00593029 -0.00115784 0.999996 0.00233994 0.00593328 -0.00233206 0.99998 -0.209765 0.441178 -0.328048
FixedParameters: 0 0 0

#Transform 170
Transform: AffineTransform_float_3_3
Parameters: 0.999957 0.000380862 -0.00920925 -0.000577497 0.999773 -0.0212948 0.00919906 0.0212992 0.999731 -0.123885 0.636059 -0.863407
FixedParameters: 0 0 0

#Transform 171
Transform: AffineTransform_float_3_3
Parameters: 0.999952 0.000407633 -0.00985548 -0.000606433 0.999797 -0.0201572 0.00984469 0.0201628 0.999748 -0.113443 0.720196 -0.816386
FixedParameters: 0 0 0

#Transform 172
Transform: AffineTransform_float_3_3
Parameters: 0.999949 0.000732273 -0.0100646 -0.000940953 0.999784 -0.0207585 0.0100466 0.0207675 0.999734 -0.124748 0.714123 -0.783928
FixedParameters: 0 0 0

#Transform 173
Transform: AffineTransform_float_3_3
Parameters: 0.99995 0.000690449 -0.00998948 -0.000888002 0.999803 -0.0197862 0.00997416 0.0197938 0.999754 -0.131095 0.731382 -0.769456
FixedParameters: 0 0 0

#Transform 174
Transform: AffineTransform_float_3_3
Parameters: 0.999948 0.0014316 -0.0101537 -0.00163549 0.999797 -0.0200837 0.0101231 0.0200994 0.999747 -0.158027 0.715629 -0.715202
FixedParameters: 0 0 0

#Transform 175
Transform: AffineTransform_float_3_3
Parameters: 0.999956 -0.000525515 -0.00935141 0.000383794 0.999885 -0.015178 0.00935819 0.015174 0.999841 -0.114662 0.631842 -0.72684
FixedParameters: 0 0 0

#Transform 176
Transform: AffineTransform_float_3_3
Parameters: 0.99998 -0.00301212 -0.0054491 0.00294036 0.999911 -0.0130507 0.00548763 0.0130343 0.9999 0.0953806 0.684748 -0.568042
FixedParameters: 0 0 0

#Transform 177
Transform: AffineTransform_float_3_3
Parameters: 0.999957 -0.00257956 -0.00899019 0.00233378 0.999626 -0.0272452 0.00905734 0.0272228 0.999589 0.00295737 0.418391 -2.20368
FixedParameters: 0 0 0

#Transform 178
Transform: AffineTransform_float_3_3
Parameters: 0.999954 -0.00206644 -0.00936169 0.00178635 0.999554 -0.0298296 0.0094186 0.0298114 0.999511 0.00885645 0.430773 -2.63079
FixedParameters: 0 0 0

#Transform 179
Transform: AffineTransform_float_3_3
Parameters: 0.999941 -0.00262579 -0.0106113 0.00233164 0.999615 -0.0276444 0.0106794 0.0276186 0.999562 0.0498446 0.584498 -2.5564
FixedParameters: 0 0 0

#Transform 180
Transform: AffineTransform_float_3_3
Parameters: 0.999929 -0.00257491 -0.011572 0.00226307 0.999636 -0.026858 0.0116369 0.02683 0.999573 0.0380569 0.495583 -2.46653
FixedParameters: 0 0 0

#Transform 181
Transform: AffineTransform_float_3_3
Parameters: 0.99994 -0.00187359 -0.0108484 0.00155552 0.999569 -0.0293082 0.0108986 0.0292898 0.999512 0.0129348 0.524193 -2.55488
FixedParameters: 0 0 0

#Transform 182
Transform: AffineTransform_float_3_3
Parameters: 0.999944 -0.00184629 -0.0104417 0.0015351 0.999558 -0.0296781 0.0104915 0.0296598 0.999505 0.00585579 0.595418 -2.57607
FixedParameters: 0 0 0

#Transform 183
Transform: AffineTransform_float_3_3
Parameters: 0.999939 -0.00126579 -0.0109831 0.000951852 0.999592 -0.0285286 0.0110144 0.0285163 0.999532 -0.0156316 0.568048 -2.50617
FixedParameters: 0 0 0

#Transform 184
Transform: AffineTransform_float_3_3
Parameters: 0.999944 -0.00161774 -0.0103955 0.00129383 0.999515 -0.0311097 0.0104409 0.0310943 0.999462 -0.00224681 0.640484 -2.61837
FixedParameters: 0 0 0

#Transform 185
Transform: AffineTransform_float_3_3
Parameters: 0.999945 -0.00140355 -0.0104424 0.00109182 0.999557 -0.0297496 0.0104802 0.0297365 0.999503 -0.0027479 0.581274 -2.54305
FixedParameters: 0 0 0

#Transform 186
Transform: AffineTransform_float_3_3
Parameters: 0.999937 -0.00128502 -0.0111496 0.000968456 0.999598 -0.0283157 0.0111821 0.0283033 0.999537 -0.0138307 0.569946 -2.51342
FixedParameters: 0 0 0

#Transform 187
Transform: AffineTransform_float_3_3
Parameters: 0.999943 -0.00160388 -0.0105673 0.00126603 0.99949 -0.0319284 0.0106131 0.0319136 0.999435 0.00471541 0.667673 -2.64468
FixedParameters: 0 0 0

#Transform 188
Transform: AffineTransform_float_3_3
Parameters: 0.999944 -0.00162539 -0.0105285 0.00130469 0.999538 -0.0303809 0.0105731 0.0303652 0.999483 0.000611233 0.583818 -2.57664
FixedParameters: 0 0 0
