#Insight Transform File V1.0
#Transform 0
Transform: AffineTransform_float_3_3
Parameters: 1 -0.000220187 -0.000105156 0.000220145 1 -0.000201023 0.000105244 0.000200977 1 0.000183341 0.00122031 0.0344942
FixedParameters: 0 0 0

#Transform 1
Transform: AffineTransform_float_3_3
Parameters: 0.999999 0.000179502 -0.00081249 -0.000178639 1 0.00113315 0.000813101 -0.00113285 0.999999 -0.0461241 0.0151261 -0.0204029
FixedParameters: 0 0 0

#Transform 2
Transform: AffineTransform_float_3_3
Parameters: 1 0.00105634 -0.000557032 -0.00105658 1 -0.000210612 0.000556586 0.000211388 1 -0.0509884 0.070918 -0.118835
FixedParameters: 0 0 0

#Transform 3
Transform: AffineTransform_float_3_3
Parameters: 0.999999 0.00119671 -0.000585502 -0.00119735 0.999999 0.000459501 0.000585827 -0.000458499 0.999999 -0.0593564 0.125878 -0.0910242
FixedParameters: 0 0 0

#Transform 4
Transform: AffineTransform_float_3_3
Parameters: 1 0.00104729 -0.000337193 -0.00104682 0.999999 0.00100615 0.000338321 -0.00100585 0.999999 -0.044374 0.169324 -0.0997538
FixedParameters: 0 0 0

#Transform 5
Transform: AffineTransform_float_3_3
Parameters: 0.999999 0.000817394 -0.000421163 -0.000817729 0.999999 0.00100635 0.000422033 -0.00100566 1 -0.0358189 0.168755 -0.110833
FixedParameters: 0 0 0

#Transform 6
Transform: AffineTransform_float_3_3
Parameters: 1 0.000869118 -0.000516539 -0.000869308 0.999999 0.00115945 0.0005168 -0.00115855 0.999999 -0.0363179 0.158998 -0.130722
FixedParameters: 0 0 0

#Transform 7
Transform: AffineTransform_float_3_3
Parameters: 0.999999 0.000744745 -0.00049075 -0.000744841 0.999999 0.00110737 0.000491625 -0.00110663 1 -0.0374457 0.182029 -0.133785
FixedParameters: 0 0 0

#Transform 8
Transform: AffineTransform_float_3_3
Parameters: 0.999999 0.000753592 -0.000492528 -0.000753614 0.999999 0.00117737 0.000493528 -0.00117663 0.999999 -0.0325832 0.163271 -0.125581
FixedParameters: 0 0 0

#Transform 9
Transform: AffineTransform_float_3_3
Parameters: 0.999999 0.000877975 -0.00051829 -0.000878068 0.999999 0.00124846 0.000518729 -0.00124755 0.999999 -0.0191344 0.169849 -0.130045
FixedParameters: 0 0 0

#Transform 10
Transform: AffineTransform_float_3_3
Parameters: 0.999999 0.000810526 -0.000962745 -0.000810824 1 0.000353623 0.000963522 -0.000353378 0.999999 -0.0464106 0.257871 -0.206096
FixedParameters: 0 0 0

#Transform 11
Transform: AffineTransform_float_3_3
Parameters: 0.999999 0.0011969 -0.000585105 -0.00119716 0.999999 0.000791542 0.000586225 -0.000791457 0.999999 -0.0538616 0.109283 -0.0939062
FixedParameters: 0 0 0

#Transform 12
Transform: AffineTransform_float_3_3
Parameters: 0.999999 0.00111856 -0.000966388 -0.00111697 0.999997 0.00214912 0.000968664 -0.00214788 0.999998 -0.0902467 0.190514 -0.197777
FixedParameters: 0 0 0

#Transform 13
Transform: AffineTransform_float_3_3
Parameters: 0.999998 0.000879285 -0.00214188 -0.000870922 0.999992 0.0040162 0.00214564 -0.0040148 0.99999 -0.196465 0.292812 -0.221077
FixedParameters: 0 0 0

#Transform 14
Transform: AffineTransform_float_3_3
Parameters: 0.999999 0.00142327 -0.000524757 -0.00142151 0.999997 0.00225755 0.000528241 -0.00225645 0.999998 -0.122928 0.154638 -0.136798
FixedParameters: 0 0 0

#Transform 15
Transform: AffineTransform_float_3_3
Parameters: 0.999998 0.00138715 -0.000818427 -0.00138515 0.999996 0.00231998 0.000821146 -0.00231902 0.999997 -0.130623 0.211051 -0.180505
FixedParameters: 0 0 0

#Transform 16
Transform: AffineTransform_float_3_3
Parameters: 0.999999 0.00121207 -0.000766073 -0.00121026 0.999996 0.00222097 0.000768719 -0.00222003 0.999998 -0.133148 0.22182 -0.113391
FixedParameters: 0 0 0

#Transform 17
Transform: AffineTransform_float_3_3
Parameters: 0.999999 0.00116275 -0.000752786 -0.00116096 0.999997 0.00224688 0.000755273 -0.00224512 0.999997 -0.120045 0.206947 -0.0757741
FixedParameters: 0 0 0

#Transform 18
Transform: AffineTransform_float_3_3
Parameters: 0.999999 0.00102334 -0.000843719 -0.0010213 0.999998 0.00202871 0.000846113 -0.00202829 0.999997 -0.149837 0.243016 -0.116958
FixedParameters: 0 0 0

#Transform 19
Transform: AffineTransform_float_3_3
Parameters: 0.999998 0.00154468 -0.000642368 -0.00154443 0.999998 0.00127084 0.00064454 -0.00127016 0.999999 -0.162415 0.329728 -0.145909
FixedParameters: 0 0 0

#Transform 20
Transform: AffineTransform_float_3_3
Parameters: 0.999998 0.00171947 -0.000913021 -0.00171823 0.999997 0.00155121 0.000915619 -0.00154979 0.999998 -0.188821 0.197308 -0.076155
FixedParameters: 0 0 0

#Transform 21
Transform: AffineTransform_float_3_3
Parameters: 0.999998 0.00178712 -0.000586409 -0.0017862 0.999998 0.00130769 0.000588144 -0.00130731 0.999999 -0.209678 0.185737 -0.114064
FixedParameters: 0 0 0

#Transform 22
Transform: AffineTransform_float_3_3
Parameters: 0.999997 0.00218125 -0.000867364 -0.00218057 0.999997 0.00130834 0.000870335 -0.00130666 0.999999 -0.214933 0.21607 -0.142576
FixedParameters: 0 0 0

#Transform 23
Transform: AffineTransform_float_3_3
Parameters: 0.999996 0.00260278 -0.00109843 -0.00260157 0.999996 0.000736143 0.0011003 -0.000733856 0.999999 -0.205464 0.279356 -0.146609
FixedParameters: 0 0 0

#Transform 24
Transform: AffineTransform_float_3_3
Parameters: 0.999996 0.00279989 -0.000711143 -0.0027988 0.999996 0.0011972 0.000714903 -0.0011948 0.999999 -0.199925 0.186397 -0.11548
FixedParameters: 0 0 0

#Transform 25
Transform: AffineTransform_float_3_3
Parameters: 0.999997 0.0023219 -0.00103733 -0.00232 0.999996 0.0017789 0.00104187 -0.0017771 0.999998 -0.202213 0.256601 -0.192732
FixedParameters: 0 0 0

#Transform 26
Transform: AffineTransform_float_3_3
Parameters: 0.999997 0.00183821 -0.00166948 -0.00183483 0.999996 0.00219975 0.00167328 -0.00219625 0.999996 -0.304945 0.311054 -0.140994
FixedParameters: 0 0 0

#Transform 27
Transform: AffineTransform_float_3_3
Parameters: 0.999995 0.00259611 -0.00168763 -0.00259522 0.999996 0.000325906 0.00168833 -0.000321094 0.999999 -0.268995 0.0737996 -0.114004
FixedParameters: 0 0 0

#Transform 28
Transform: AffineTransform_float_3_3
Parameters: 0.999996 0.00244842 -0.000799678 -0.00244764 0.999997 0.000748159 0.000801378 -0.000745841 0.999999 -0.204005 0.0455603 -0.162832
FixedParameters: 0 0 0

#Transform 29
Transform: AffineTransform_float_3_3
Parameters: 0.999998 0.0019393 -0.000693816 -0.00193853 0.999997 0.000698988 0.000695546 -0.000698011 0.999999 -0.188374 0.146462 -0.16622
FixedParameters: 0 0 0

#Transform 30
Transform: AffineTransform_float_3_3
Parameters: 0.999997 0.00205965 -0.000719079 -0.00205898 0.999998 0.000604923 0.00072059 -0.000604076 0.999999 -0.174034 0.186995 -0.159872
FixedParameters: 0 0 0

#Transform 31
Transform: AffineTransform_float_3_3
Parameters: 0.999998 0.00221569 -0.000750376 -0.00221463 0.999997 0.00111231 0.000752364 -0.00111069 0.999999 -0.177902 0.221148 -0.125154
FixedParameters: 0 0 0

#Transform 32
Transform: AffineTransform_float_3_3
Parameters: 0.999998 0.0022196 -0.000751212 -0.00221953 0.999997 0.00110227 0.000753368 -0.00109973 0.999999 -0.178567 0.225605 -0.124025
FixedParameters: 0 0 0

#Transform 33
Transform: AffineTransform_float_3_3
Parameters: 0.999997 0.00202084 -0.000709914 -0.00202066 0.999998 0.00110404 0.000712619 -0.00110196 0.999999 -0.167408 0.23493 -0.133268
FixedParameters: 0 0 0

#Transform 34
Transform: AffineTransform_float_3_3
Parameters: 0.999998 0.00184668 -0.000673404 -0.00184537 0.999998 0.00126785 0.000676124 -0.00126615 0.999999 -0.167482 0.229956 -0.13607
FixedParameters: 0 0 0

#Transform 35
Transform: AffineTransform_float_3_3
Parameters: 0.999998 0.00193141 -0.000265281 -0.00193119 0.999998 0.00117807 0.000267871 -0.00117693 0.999999 -0.158326 0.222876 -0.129664
FixedParameters: 0 0 0

#Transform 36
Transform: AffineTransform_float_3_3
Parameters: 0.999998 0.00191182 -0.000359642 -0.00191131 0.999997 0.000986288 0.000362433 -0.000985708 0.999999 -0.131695 0.297725 -0.149523
FixedParameters: 0 0 0

#Transform 37
Transform: AffineTransform_float_3_3
Parameters: 0.999998 0.00186077 -0.000335018 -0.00186062 0.999998 0.000837224 0.000336175 -0.000836776 0.999999 -0.143135 0.206635 -0.0991246
FixedParameters: 0 0 0

#Transform 38
Transform: AffineTransform_float_3_3
Parameters: 0.999999 0.00185513 5.59402e-05 -0.00185567 0.999997 0.00117766 -5.35285e-05 -0.00117734 0.999999 -0.11254 0.222392 -0.12212
FixedParameters: 0 0 0

#Transform 39
Transform: AffineTransform_float_3_3
Parameters: 0.999998 0.00188515 -0.000129027 -0.00188525 0.999997 0.001178 0.000131509 -0.001177 0.999999 -0.112803 0.284353 -0.130743
FixedParameters: 0 0 0

#Transform 40
Transform: AffineTransform_float_3_3
Parameters: 0.999999 0.0017585 -0.000384771 -0.00175806 0.999998 0.00109248 0.000386654 -0.00109152 1 -0.127504 0.188631 -0.100328
FixedParameters: 0 0 0

#Transform 41
Transform: AffineTransform_float_3_3
Parameters: 0.999998 0.00181453 -0.000547946 -0.00181435 0.999998 0.0014296 0.000551378 -0.0014284 0.999999 -0.143714 0.269815 -0.158549
FixedParameters: 0 0 0

#Transform 42
Transform: AffineTransform_float_3_3
Parameters: 0.999998 0.0021645 -0.000534471 -0.00216421 0.999998 0.0006536 0.000535342 -0.000653402 1 -0.165388 0.27148 -0.108207
FixedParameters: 0 0 0

#Transform 43
Transform: AffineTransform_float_3_3
Parameters: 0.999998 0.00196977 -0.000553801 -0.00196886 0.999994 0.00279974 0.000559158 -0.00279926 0.999996 -0.16319 0.247228 -0.0803199
FixedParameters: 0 0 0

#Transform 44
Transform: AffineTransform_float_3_3
Parameters: 0.999998 0.00202271 -0.000499317 -0.00202222 0.999998 0.000898453 0.000500994 -0.000898547 0.999999 -0.163284 0.265541 -0.0707091
FixedParameters: 0 0 0

#Transform 45
Transform: AffineTransform_float_3_3
Parameters: 0.999998 0.00163603 0.000216141 -0.00163625 0.999998 0.00137041 -0.000214798 -0.00137059 0.999999 -0.0804014 0.192039 -0.0162432
FixedParameters: 0 0 0

#Transform 46
Transform: AffineTransform_float_3_3
Parameters: 1 0.00106304 -0.000408421 -0.00106261 1 0.000532234 0.000409552 -0.000531765 1 0.0124768 0.180001 -0.0177126
FixedParameters: 0 0 0

#Transform 47
Transform: AffineTransform_float_3_3
Parameters: 0.999999 0.00151207 -0.000454373 -0.00151202 0.999998 0.000281529 0.000454245 -0.000281472 1 -0.0442415 0.272139 -0.0639827
FixedParameters: 0 0 0

#Transform 48
Transform: AffineTransform_float_3_3
Parameters: 0.999999 0.00118779 -0.000407819 -0.00118852 0.999999 0.000560285 0.000408375 -0.000559715 1 -0.0349959 0.158015 -0.0465681
FixedParameters: 0 0 0

#Transform 49
Transform: AffineTransform_float_3_3
Parameters: 0.999999 0.00114495 -0.000614036 -0.00114507 0.999999 0.000864503 0.00061524 -0.000863496 0.999999 -0.0638963 0.229046 -0.096478
FixedParameters: 0 0 0

#Transform 50
Transform: AffineTransform_float_3_3
Parameters: 0.999999 0.00134049 -0.000653095 -0.00133952 0.999997 0.00195968 0.000655613 -0.00195832 0.999998 -0.0611501 0.201151 -0.0272903
FixedParameters: 0 0 0

#Transform 51
Transform: AffineTransform_float_3_3
Parameters: 0.999999 0.00156917 -0.000792994 -0.00156954 0.999999 0.000385887 0.000794408 -0.000385113 1 -0.0546669 0.206279 -0.195977
FixedParameters: 0 0 0

#Transform 52
Transform: AffineTransform_float_3_3
Parameters: 0.999998 0.00176488 -0.000663813 -0.00176377 0.999997 0.00114201 0.000665883 -0.00114099 0.999999 -0.0796783 0.218808 -0.126519
FixedParameters: 0 0 0

#Transform 53
Transform: AffineTransform_float_3_3
Parameters: 0.999997 0.00211259 -0.000553419 -0.00211183 0.999997 0.00105181 0.000555903 -0.00105119 1 -0.117885 0.303004 -0.126545
FixedParameters: 0 0 0

#Transform 54
Transform: AffineTransform_float_3_3
Parameters: 0.999998 0.00167885 -0.00030118 -0.00167872 0.999998 0.000881106 0.00030218 -0.000880894 0.999999 -0.0923574 0.126081 -0.0790345
FixedParameters: 0 0 0

#Transform 55
Transform: AffineTransform_float_3_3
Parameters: 0.999999 0.00129532 -0.000421515 -0.00129472 0.999998 0.000945547 0.000422984 -0.000944453 1 -0.0997899 0.163465 -0.0872898
FixedParameters: 0 0 0

#Transform 56
Transform: AffineTransform_float_3_3
Parameters: 0.999999 0.00138918 8.96709e-05 -0.00138984 0.999998 0.00138463 -8.77811e-05 -0.00138437 0.999999 -0.0196798 0.191653 -0.134646
FixedParameters: 0 0 0

#Transform 57
Transform: AffineTransform_float_3_3
Parameters: 0.999998 0.00178511 -0.00083451 -0.00178516 0.999999 9.11314e-05 0.000833854 -8.98702e-05 1 -0.0830385 0.245372 -0.172276
FixedParameters: 0 0 0

#Transform 58
Transform: AffineTransform_float_3_3
Parameters: 0.999998 0.00166977 -0.000418529 -0.00166931 0.999998 0.0010335 0.000420021 -0.0010325 1 -0.0721924 0.147522 -0.0976477
FixedParameters: 0 0 0

#Transform 59
Transform: AffineTransform_float_3_3
Parameters: 0.999998 0.00166966 -0.000389598 -0.00166913 0.999998 0.00121045 0.000391681 -0.00120955 0.999999 -0.0445782 0.160938 -0.107437
FixedParameters: 0 0 0

#Transform 60
Transform: AffineTransform_float_3_3
Parameters: 0.999998 0.00170573 -0.000265343 -0.0017056 0.999999 0.000626011 0.000266498 -0.000624989 0.999999 -0.0591107 0.254812 -0.155168
FixedParameters: 0 0 0

#Transform 61
Transform: AffineTransform_float_3_3
Parameters: 0.999998 0.00154784 -0.000361428 -0.00154746 0.999998 0.00109336 0.000362854 -0.00109264 1 -0.0439608 0.164392 -0.0918465
FixedParameters: 0 0 0

#Transform 62
Transform: AffineTransform_float_3_3
Parameters: 0.999999 0.00148188 -0.000472725 -0.00148109 0.999998 0.0014895 0.000474201 -0.0014885 0.999999 -0.0572902 0.210945 -0.141363
FixedParameters: 0 0 0

#Transform 63
Transform: AffineTransform_float_3_3
Parameters: 1 0.00120161 -0.000130499 -0.0012016 0.999999 0.000817957 0.000131485 -0.000818042 0.999999 -0.0495275 0.31086 -0.119227
FixedParameters: 0 0 0

#Transform 64
Transform: AffineTransform_float_3_3
Parameters: 0.999998 0.00159445 -0.000245482 -0.00159442 0.999998 0.000475192 0.000246018 -0.000474808 1 -0.0574724 0.16114 -0.0410947
FixedParameters: 0 0 0

#Transform 65
Transform: AffineTransform_float_3_3
Parameters: 0.999998 0.0015957 -0.000288511 -0.00159558 0.999998 0.000555261 0.000289303 -0.000554739 1 -0.0199529 0.185028 -0.0403253
FixedParameters: 0 0 0

#Transform 66
Transform: AffineTransform_float_3_3
Parameters: 0.999998 0.00168403 -0.000374441 -0.00168386 0.999999 0.000492231 0.000375119 -0.00049177 1 -0.0388526 0.256052 -0.0879519
FixedParameters: 0 0 0

#Transform 67
Transform: AffineTransform_float_3_3
Parameters: 0.999998 0.00157152 -0.000321189 -0.00157134 0.999998 0.000604305 0.000322109 -0.000603694 1 -0.0357486 0.21733 -0.0539027
FixedParameters: 0 0 0

#Transform 68
Transform: AffineTransform_float_3_3
Parameters: 0.999998 0.0015239 -0.000692697 -0.00152396 0.999999 0.000963857 0.000693879 -0.000962145 1 -0.0470263 0.204332 -0.0717727
FixedParameters: 0 0 0

#Transform 69
Transform: AffineTransform_float_3_3
Parameters: 0.999998 0.00151114 -0.000690134 -0.00151029 0.999999 0.000908685 0.000690921 -0.000908316 0.999999 -0.0338716 0.218156 -0.0756656
FixedParameters: 0 0 0

#Transform 70
Transform: AffineTransform_float_3_3
Parameters: 0.999999 0.00158042 -0.000705116 -0.00157981 0.999999 0.000576756 0.000705959 -0.000576244 0.999999 -0.0477913 0.277761 -0.0867015
FixedParameters: 0 0 0

#Transform 71
Transform: AffineTransform_float_3_3
Parameters: 0.999999 0.00148167 -0.000482995 -0.00148112 0.999998 0.000780557 0.000484328 -0.000780441 0.999999 -0.0349084 0.185711 -0.0693054
FixedParameters: 0 0 0

#Transform 72
Transform: AffineTransform_float_3_3
Parameters: 0.999999 0.00143783 -0.000384365 -0.00143762 0.999999 0.000530353 0.00038491 -0.000529647 1 -0.038766 0.246634 -0.0857838
FixedParameters: 0 0 0

#Transform 73
Transform: AffineTransform_float_3_3
Parameters: 0.999998 0.00152195 -0.000692274 -0.00152101 0.999999 0.000974855 0.00069328 -0.000973147 1 -0.0470632 0.195506 -0.0697285
FixedParameters: 0 0 0

#Transform 74
Transform: AffineTransform_float_3_3
Parameters: 0.999997 0.00215224 -0.00100565 -0.00215192 0.999997 0.000747607 0.00100809 -0.000745391 0.999999 -0.106058 0.315137 -0.135984
FixedParameters: 0 0 0

#Transform 75
Transform: AffineTransform_float_3_3
Parameters: 0.999997 0.00200831 -0.000794038 -0.00200765 0.999998 0.000674037 0.000794785 -0.000672964 0.999999 -0.0828444 0.143135 -0.0641015
FixedParameters: 0 0 0

#Transform 76
Transform: AffineTransform_float_3_3
Parameters: 0.999997 0.00214476 -0.00102168 -0.00214384 0.999998 0.000654633 0.00102252 -0.000652367 0.999999 -0.0941955 0.263716 -0.111027
FixedParameters: 0 0 0

#Transform 77
Transform: AffineTransform_float_3_3
Parameters: 0.999999 0.00174806 -0.000518237 -0.00174759 0.999998 0.000653506 0.000519541 -0.000652493 0.999999 -0.0522206 0.175585 -0.0695495
FixedParameters: 0 0 0

#Transform 78
Transform: AffineTransform_float_3_3
Parameters: 0.999998 0.00176738 -0.000744128 -0.00176678 0.999998 0.000541957 0.000745063 -0.000541043 0.999999 -0.062187 0.287659 -0.0848365
FixedParameters: 0 0 0

#Transform 79
Transform: AffineTransform_float_3_3
Parameters: 0.999998 0.00189244 -0.000663723 -0.00189177 0.999998 0.000653898 0.000665217 -0.000653101 0.999999 -0.0622179 0.184748 -0.0478687
FixedParameters: 0 0 0

#Transform 80
Transform: AffineTransform_float_3_3
Parameters: 0.999998 0.00216913 -0.000635062 -0.00216844 0.999997 0.000859779 0.000636831 -0.000858221 0.999999 -0.088727 0.356942 -0.137722
FixedParameters: 0 0 0

#Transform 81
Transform: AffineTransform_float_3_3
Parameters: 0.999997 0.00263697 0.000328272 -0.00263728 0.999996 0.00102745 -0.000325991 -0.00102855 1 -0.204639 0.228453 -0.367911
FixedParameters: 0 0 0

#Transform 82
Transform: AffineTransform_float_3_3
Parameters: 0.999995 0.00297443 3.74441e-05 -0.00297438 0.999995 0.00169101 -3.15046e-05 -0.00169099 0.999999 -0.182919 0.112401 -0.0204423
FixedParameters: 0 0 0

#Transform 83
Transform: AffineTransform_float_3_3
Parameters: 0.999996 0.00255625 -0.000213639 -0.00255615 0.999996 0.000243904 0.000214883 -0.000243094 1 -0.146757 0.0541802 -0.0352115
FixedParameters: 0 0 0

#Transform 84
Transform: AffineTransform_float_3_3
Parameters: 0.999996 0.00252874 -0.000717871 -0.00252817 0.999997 0.000541016 0.000719623 -0.000538983 0.999999 -0.182401 0.142112 -0.0395265
FixedParameters: 0 0 0

#Transform 85
Transform: AffineTransform_float_3_3
Parameters: 0.999996 0.0027635 -0.000556847 -0.00276272 0.999995 0.00143574 0.000560862 -0.00143426 0.999999 -0.19626 0.26856 -0.0331411
FixedParameters: 0 0 0

#Transform 86
Transform: AffineTransform_float_3_3
Parameters: 0.999996 0.00279845 -0.000683597 -0.00279758 0.999996 0.00108516 0.00068673 -0.00108384 1 -0.203335 0.259078 -0.0397901
FixedParameters: 0 0 0

#Transform 87
Transform: AffineTransform_float_3_3
Parameters: 0.999995 0.00287659 -0.000700669 -0.00287586 0.999996 0.000808059 0.000703356 -0.000806939 0.999999 -0.211192 0.24457 -0.0413725
FixedParameters: 0 0 0

#Transform 88
Transform: AffineTransform_float_3_3
Parameters: 0.999996 0.00270729 -0.0006651 -0.00270646 0.999996 0.000929002 0.000668166 -0.000926995 0.999999 -0.217722 0.25381 -0.0611709
FixedParameters: 0 0 0

#Transform 89
Transform: AffineTransform_float_3_3
Parameters: 0.999997 0.00257305 -0.000637672 -0.0025725 0.999997 0.000748842 0.000639564 -0.000747158 0.999999 -0.212973 0.246373 -0.062826
FixedParameters: 0 0 0

#Transform 90
Transform: AffineTransform_float_3_3
Parameters: 0.999996 0.00276969 -0.000576229 -0.00276915 0.999995 0.000827798 0.000578852 -0.0008262 0.999999 -0.21323 0.257422 -0.0627804
FixedParameters: 0 0 0

#Transform 91
Transform: AffineTransform_float_3_3
Parameters: 0.999994 0.00338465 -0.000802307 -0.00338272 0.999992 0.00195557 0.000809661 -0.00195343 0.999998 -0.223574 0.292749 -0.0163216
FixedParameters: 0 0 0

#Transform 92
Transform: AffineTransform_float_3_3
Parameters: 0.999996 0.00287055 -0.000946003 -0.00286927 0.999995 0.00100196 0.000948809 -0.00099904 0.999999 -0.209384 0.267 -0.109532
FixedParameters: 0 0 0

#Transform 93
Transform: AffineTransform_float_3_3
Parameters: 0.999995 0.00308941 -0.00095853 -0.00308872 0.999995 0.000467004 0.000960427 -0.000463994 0.999999 -0.212871 0.332044 -0.0812173
FixedParameters: 0 0 0

#Transform 94
Transform: AffineTransform_float_3_3
Parameters: 0.999996 0.00295193 -0.000588982 -0.00295169 0.999996 0.000373739 0.000590205 -0.00037226 1 -0.2127 0.131182 -0.0359153
FixedParameters: 0 0 0

#Transform 95
Transform: AffineTransform_float_3_3
Parameters: 0.999995 0.00289356 -0.000506223 -0.00289243 0.999996 0.000748467 0.00050741 -0.000747536 0.999999 -0.173925 0.260853 -0.100715
FixedParameters: 0 0 0

#Transform 96
Transform: AffineTransform_float_3_3
Parameters: 0.999996 0.00295866 -0.000664433 -0.00295859 0.999996 0.000212966 0.000664709 -0.000211035 1 -0.190616 0.232794 -0.0528084
FixedParameters: 0 0 0

#Transform 97
Transform: AffineTransform_float_3_3
Parameters: 0.999995 0.00305471 -0.00070834 -0.00305457 0.999995 9.82051e-05 0.000708936 -9.67939e-05 1 -0.189757 0.20163 -0.0379734
FixedParameters: 0 0 0

#Transform 98
Transform: AffineTransform_float_3_3
Parameters: 0.999995 0.00300398 -0.00089295 -0.00300369 0.999995 0.000392725 0.000893344 -0.000390277 0.999999 -0.188555 0.231945 -0.0588008
FixedParameters: 0 0 0

#Transform 99
Transform: AffineTransform_float_3_3
Parameters: 0.999996 0.0030282 -0.000536962 -0.00302833 0.999996 -0.000116417 0.000536251 0.000118582 1 -0.168814 0.256362 -0.0337014
FixedParameters: 0 0 0

#Transform 100
Transform: AffineTransform_float_3_3
Parameters: 0.999995 0.00328668 -0.000590645 -0.00328669 0.999995 -1.43017e-05 0.000590543 1.66982e-05 1 -0.164176 0.210453 -0.0234115
FixedParameters: 0 0 0

#Transform 101
Transform: AffineTransform_float_3_3
Parameters: 0.999995 0.00328087 -0.000711448 -0.00328021 0.999994 0.000749137 0.000714398 -0.000746861 0.999999 -0.205356 0.339687 -0.114447
FixedParameters: 0 0 0

#Transform 102
Transform: AffineTransform_float_3_3
Parameters: 0.999994 0.00358279 -0.000649673 -0.00358243 0.999993 0.000748931 0.000652096 -0.00074707 0.999999 -0.231388 0.285214 -0.0819457
FixedParameters: 0 0 0

#Transform 103
Transform: AffineTransform_float_3_3
Parameters: 0.999993 0.00342322 -0.000989083 -0.00342259 0.999994 0.000523229 0.000990695 -0.000519771 0.999999 -0.223677 0.295144 -0.0683475
FixedParameters: 0 0 0

#Transform 104
Transform: AffineTransform_float_3_3
Parameters: 0.999993 0.00349733 -0.000633505 -0.00349735 0.999993 0.000303016 0.00063366 -0.000300987 1 -0.225223 0.188984 -0.0294235
FixedParameters: 0 0 0

#Transform 105
Transform: AffineTransform_float_3_3
Parameters: 0.999992 0.00382926 -0.00116231 -0.00382928 0.999993 8.19337e-05 0.00116195 -7.8069e-05 0.999999 -0.254907 0.316295 -0.0753409
FixedParameters: 0 0 0

#Transform 106
Transform: AffineTransform_float_3_3
Parameters: 0.999992 0.0038421 -0.00116459 -0.00384189 0.999992 0.000181958 0.00116499 -0.000178043 0.999999 -0.237801 0.210138 -0.0447991
FixedParameters: 0 0 0

#Transform 107
Transform: AffineTransform_float_3_3
Parameters: 0.999992 0.00408418 -0.000846616 -0.00408419 0.999992 -0.000124345 0.000846566 0.000127657 1 -0.230315 0.220851 -0.0312146
FixedParameters: 0 0 0

#Transform 108
Transform: AffineTransform_float_3_3
Parameters: 0.999992 0.00374562 -0.0013981 -0.00374432 0.999993 0.000612722 0.00140071 -0.000607276 0.999998 -0.240193 0.261571 -0.0510073
FixedParameters: 0 0 0

#Transform 109
Transform: AffineTransform_float_3_3
Parameters: 0.999991 0.0040237 -0.00127328 -0.00402342 0.999992 0.000110364 0.00127415 -0.000104634 0.999999 -0.248567 0.315892 -0.0678826
FixedParameters: 0 0 0

#Transform 110
Transform: AffineTransform_float_3_3
Parameters: 0.999991 0.00411758 -0.00110755 -0.00411732 0.999991 0.000209802 0.00110828 -0.000205198 0.999999 -0.235293 0.20115 -0.035054
FixedParameters: 0 0 0

#Transform 111
Transform: AffineTransform_float_3_3
Parameters: 0.999993 0.00336247 -0.00117705 -0.00335944 0.999992 0.00239181 0.00118548 -0.00238719 0.999996 -0.210349 0.268024 0.080814
FixedParameters: 0 0 0

#Transform 112
Transform: AffineTransform_float_3_3
Parameters: 0.999993 0.00351598 -0.00117433 -0.00351653 0.999994 -0.000407233 0.00117341 0.000411769 0.999999 -0.217621 0.321844 -0.05933
FixedParameters: 0 0 0

#Transform 113
Transform: AffineTransform_float_3_3
Parameters: 0.999993 0.00359155 -0.00158603 -0.00359159 0.999993 -1.05795e-05 0.00158593 1.64203e-05 0.999998 -0.225556 0.278511 0.00891296
FixedParameters: 0 0 0

#Transform 114
Transform: AffineTransform_float_3_3
Parameters: 0.999993 0.00353847 -0.00140059 -0.00353801 0.999994 0.000164681 0.00140174 -0.000160317 0.999999 -0.227692 0.217814 -0.000148904
FixedParameters: 0 0 0

#Transform 115
Transform: AffineTransform_float_3_3
Parameters: 0.999994 0.00331858 -0.00103913 -0.0033187 0.999995 -0.000151712 0.00103909 0.00015529 0.999999 -0.218303 0.267205 -0.0567446
FixedParameters: 0 0 0

#Transform 116
Transform: AffineTransform_float_3_3
Parameters: 0.999993 0.00348024 -0.000959961 -0.00348023 0.999993 7.1817e-06 0.00096 -3.81822e-06 1 -0.205117 0.240794 -0.0415832
FixedParameters: 0 0 0

#Transform 117
Transform: AffineTransform_float_3_3
Parameters: 0.999994 0.00333763 -0.00104156 -0.00333725 0.999994 0.00028536 0.00104247 -0.00028264 0.999999 -0.218863 0.241524 -0.0596256
FixedParameters: 0 0 0

#Transform 118
Transform: AffineTransform_float_3_3
Parameters: 0.999993 0.00332191 -0.0014064 -0.00331903 0.999993 0.00187756 0.00141221 -0.00187244 0.999997 -0.309504 0.431428 -0.141834
FixedParameters: 0 0 0

#Transform 119
Transform: AffineTransform_float_3_3
Parameters: 0.999994 0.00333451 -0.0010382 -0.00333315 0.999994 0.00104831 0.00104126 -0.00104469 0.999999 -0.243963 0.211514 -0.0270716
FixedParameters: 0 0 0

#Transform 120
Transform: AffineTransform_float_3_3
Parameters: 0.999995 0.00308786 -0.000794886 -0.00308679 0.999995 0.00105846 0.000798476 -0.00105554 0.999999 -0.21954 0.201991 -0.00209438
FixedParameters: 0 0 0

#Transform 121
Transform: AffineTransform_float_3_3
Parameters: 0.999995 0.00282495 -0.000930549 -0.00282392 0.999995 0.00162768 0.000935047 -0.00162532 0.999998 -0.186267 0.208034 -0.0091536
FixedParameters: 0 0 0

#Transform 122
Transform: AffineTransform_float_3_3
Parameters: 0.999995 0.00280101 -0.000927007 -0.00279948 0.999995 0.00115384 0.000930525 -0.00115116 0.999999 -0.180233 0.24741 -0.0382792
FixedParameters: 0 0 0

#Transform 123
Transform: AffineTransform_float_3_3
Parameters: 0.999996 0.00289219 -0.000945533 -0.00289057 0.999994 0.00128802 0.00094906 -0.00128598 0.999999 -0.181764 0.251621 -0.034708
FixedParameters: 0 0 0

#Transform 124
Transform: AffineTransform_float_3_3
Parameters: 0.999995 0.00284058 -0.000854808 -0.00283998 0.999995 0.00140363 0.000859061 -0.00140037 0.999998 -0.174524 0.253273 -0.0352617
FixedParameters: 0 0 0

#Transform 125
Transform: AffineTransform_float_3_3
Parameters: 0.999995 0.0028892 -0.00083659 -0.00288916 0.999995 0.00097442 0.00083948 -0.000971579 0.999999 -0.169732 0.264262 -0.044918
FixedParameters: 0 0 0

#Transform 126
Transform: AffineTransform_float_3_3
Parameters: 0.999995 0.00301819 -0.000972704 -0.00301789 0.999995 0.000972182 0.00097583 -0.000968819 0.999999 -0.186573 0.331623 -0.0845764
FixedParameters: 0 0 0

#Transform 127
Transform: AffineTransform_float_3_3
Parameters: 0.999994 0.00311258 -0.000991009 -0.00311166 0.999994 0.00136913 0.000995809 -0.00136587 0.999999 -0.208406 0.206156 -0.0270465
FixedParameters: 0 0 0

#Transform 128
Transform: AffineTransform_float_3_3
Parameters: 0.999995 0.002779 -0.000920793 -0.00277785 0.999995 0.00170661 0.000925581 -0.00170439 0.999998 -0.176232 0.244106 -0.0181776
FixedParameters: 0 0 0

#Transform 129
Transform: AffineTransform_float_3_3
Parameters: 0.999995 0.00316709 -0.00114488 -0.00316614 0.999995 0.000593511 0.00114667 -0.000590489 0.999999 -0.183204 0.302085 -0.0788321
FixedParameters: 0 0 0

#Transform 130
Transform: AffineTransform_float_3_3
Parameters: 0.999994 0.00331828 -0.00103342 -0.00331631 0.999993 0.00144528 0.0010381 -0.00144172 0.999998 -0.184125 0.230648 -0.0479405
FixedParameters: 0 0 0

#Transform 131
Transform: AffineTransform_float_3_3
Parameters: 0.999995 0.00312632 -0.00069369 -0.00312532 0.999991 0.00259018 0.000702249 -0.00258782 0.999996 -0.260182 0.258483 -0.00335118
FixedParameters: 0 0 0

#Transform 132
Transform: AffineTransform_float_3_3
Parameters: 0.999989 0.00446508 -0.00100919 -0.00446356 0.999989 0.00136256 0.00101547 -0.00135844 0.999999 -0.32597 0.271611 -0.0557487
FixedParameters: 0 0 0

#Transform 133
Transform: AffineTransform_float_3_3
Parameters: 0.99999 0.00416269 -0.00128905 -0.00416146 0.999991 0.000795454 0.00129174 -0.000790548 0.999999 -0.242454 0.342208 -0.0712329
FixedParameters: 0 0 0

#Transform 134
Transform: AffineTransform_float_3_3
Parameters: 0.999992 0.00366104 -0.00113854 -0.00365994 0.999992 0.00136286 0.00114381 -0.00135914 0.999999 -0.244982 0.208555 0.0141836
FixedParameters: 0 0 0

#Transform 135
Transform: AffineTransform_float_3_3
Parameters: 0.999991 0.00412352 -0.00157396 -0.00412379 0.999992 0.000358618 0.00157514 -0.000352385 0.999998 -0.285929 0.35583 -0.0496539
FixedParameters: 0 0 0

#Transform 136
Transform: AffineTransform_float_3_3
Parameters: 0.999992 0.00371682 -0.000839987 -0.00371618 0.999993 0.000746526 0.000842588 -0.000743475 0.999999 -0.225901 0.212565 -0.0133815
FixedParameters: 0 0 0

#Transform 137
Transform: AffineTransform_float_3_3
Parameters: 0.999994 0.00336692 -0.000867261 -0.00336603 0.999994 0.000746722 0.000870319 -0.000743275 0.999999 -0.231335 0.227424 -0.0469806
FixedParameters: 0 0 0

#Transform 138
Transform: AffineTransform_float_3_3
Parameters: 0.999992 0.00390701 -0.00148971 -0.00390455 0.999991 0.00163536 0.00149582 -0.00162965 0.999998 -0.277807 0.390452 -0.164014
FixedParameters: 0 0 0

#Transform 139
Transform: AffineTransform_float_3_3
Parameters: 0.999994 0.00333765 -0.00141501 -0.00333233 0.999988 0.00349862 0.00142601 -0.00349338 0.999992 -0.198344 0.236593 -0.0231138
FixedParameters: 0 0 0

#Transform 140
Transform: AffineTransform_float_3_3
Parameters: 0.999993 0.00354208 -0.00166615 -0.00353484 0.999985 0.00431169 0.0016818 -0.00430631 0.99999 -0.230663 0.20585 0.0365247
FixedParameters: 0 0 0

#Transform 141
Transform: AffineTransform_float_3_3
Parameters: 0.999993 0.00356547 -0.00154747 -0.00356098 0.999988 0.00324946 0.0015585 -0.00324354 0.999994 -0.211389 0.244001 -0.00419923
FixedParameters: 0 0 0

#Transform 142
Transform: AffineTransform_float_3_3
Parameters: 0.999993 0.00340388 -0.00151659 -0.00339991 0.999991 0.0026231 0.00152504 -0.0026179 0.999996 -0.198568 0.261646 -0.0218351
FixedParameters: 0 0 0

#Transform 143
Transform: AffineTransform_float_3_3
Parameters: 0.999993 0.00344522 -0.00152461 -0.00344079 0.999991 0.00275699 0.00153419 -0.00275201 0.999995 -0.207896 0.293162 -0.0286954
FixedParameters: 0 0 0

#Transform 144
Transform: AffineTransform_float_3_3
Parameters: 0.999992 0.00353579 -0.00153965 -0.00353017 0.999987 0.00369519 0.00155265 -0.00368981 0.999992 -0.23449 0.419095 0.00174974
FixedParameters: 0 0 0

#Transform 145
Transform: AffineTransform_float_3_3
Parameters: 0.999994 0.00331897 -0.00150307 -0.0033166 0.999993 0.00152292 0.0015075 -0.00151808 0.999997 -0.240325 0.236017 -0.0296816
FixedParameters: 0 0 0

#Transform 146
Transform: AffineTransform_float_3_3
Parameters: 0.999994 0.00308858 -0.0014537 -0.00308518 0.999993 0.00199858 0.00145937 -0.00199342 0.999997 -0.226374 0.253265 -0.0356438
FixedParameters: 0 0 0

#Transform 147
Transform: AffineTransform_float_3_3
Parameters: 0.999994 0.00294706 -0.00181363 -0.00294321 0.999993 0.00226352 0.00182071 -0.00225848 0.999996 -0.233588 0.276262 -0.07406
FixedParameters: 0 0 0

#Transform 148
Transform: AffineTransform_float_3_3
Parameters: 0.999991 0.00348583 -0.00232564 -0.0034834 0.999993 0.00112116 0.00232992 -0.00111284 0.999997 -0.257375 0.292919 -0.166759
FixedParameters: 0 0 0

#Transform 149
Transform: AffineTransform_float_3_3
Parameters: 0.999994 0.00319493 -0.00147893 -0.00319258 0.999994 0.00107285 0.00148186 -0.00106815 0.999998 -0.233194 0.17225 -0.0879988
FixedParameters: 0 0 0

#Transform 150
Transform: AffineTransform_float_3_3
Parameters: 0.999994 0.00309918 -0.00145858 -0.00309648 0.999994 0.00120661 0.00146213 -0.00120139 0.999998 -0.195495 0.176506 -0.0761374
FixedParameters: 0 0 0

#Transform 151
Transform: AffineTransform_float_3_3
Parameters: 0.999994 0.00314858 -0.00146779 -0.00314615 0.999994 0.00151155 0.0014726 -0.00150745 0.999997 -0.200287 0.218994 -0.0734767
FixedParameters: 0 0 0

#Transform 152
Transform: AffineTransform_float_3_3
Parameters: 0.999993 0.00330218 -0.0017594 -0.00329999 0.999994 0.00113278 0.00176315 -0.00112722 0.999998 -0.212901 0.306216 -0.0962201
FixedParameters: 0 0 0

#Transform 153
Transform: AffineTransform_float_3_3
Parameters: 0.999993 0.00337509 -0.00151397 -0.00337228 0.999993 0.00172404 0.00151894 -0.00171896 0.999998 -0.197828 0.210441 -0.0406091
FixedParameters: 0 0 0

#Transform 154
Transform: AffineTransform_float_3_3
Parameters: 0.999994 0.00301556 -0.00169361 -0.00301288 0.999994 0.00208024 0.0016999 -0.00207476 0.999997 -0.197683 0.215685 -0.0443571
FixedParameters: 0 0 0

#Transform 155
Transform: AffineTransform_float_3_3
Parameters: 0.999995 0.00298593 -0.00155768 -0.00298327 0.999994 0.00149898 0.00156192 -0.00149402 0.999998 -0.189617 0.332628 -0.0852388
FixedParameters: 0 0 0

#Transform 156
Transform: AffineTransform_float_3_3
Parameters: 0.999995 0.00296125 -0.0016213 -0.00295562 0.99999 0.00326413 0.00163142 -0.00325886 0.999993 -0.244035 0.267859 0.0466006
FixedParameters: 0 0 0

#Transform 157
Transform: AffineTransform_float_3_3
Parameters: 0.999993 0.00352651 -0.00119939 -0.00352294 0.99999 0.00273793 0.00120909 -0.00273407 0.999996 -0.222093 0.254323 0.0150097
FixedParameters: 0 0 0

#Transform 158
Transform: AffineTransform_float_3_3
Parameters: 0.999993 0.00347849 -0.00143245 -0.0034748 0.999991 0.00275068 0.0014412 -0.00274532 0.999995 -0.210335 0.235407 0.00438991
FixedParameters: 0 0 0

#Transform 159
Transform: AffineTransform_float_3_3
Parameters: 0.999993 0.00330456 -0.00130915 -0.00330117 0.999992 0.00236722 0.00131617 -0.00236278 0.999996 -0.206249 0.253872 -0.00417277
FixedParameters: 0 0 0

#Transform 160
Transform: AffineTransform_float_3_3
Parameters: 0.999994 0.00325768 -0.0013534 -0.00325471 0.999992 0.0024223 0.00136174 -0.0024177 0.999996 -0.2093 0.254562 -0.00216353
FixedParameters: 0 0 0

#Transform 161
Transform: AffineTransform_float_3_3
Parameters: 0.999993 0.00332281 -0.00132486 -0.00332009 0.999991 0.00245434 0.00133275 -0.00245066 0.999996 -0.201527 0.262501 0.00400854
FixedParameters: 0 0 0

#Transform 162
Transform: AffineTransform_float_3_3
Parameters: 0.999992 0.00370188 -0.0019081 -0.0036971 0.99999 0.00255588 0.00191781 -0.00254911 0.999995 -0.21552 0.338921 -0.0616827
FixedParameters: 0 0 0

#Transform 163
Transform: AffineTransform_float_3_3
Parameters: 0.999992 0.00392597 -0.0014017 -0.00392236 0.999988 0.00285285 0.00141273 -0.00284816 0.999995 -0.220782 0.287577 0.0122477
FixedParameters: 0 0 0

#Transform 164
Transform: AffineTransform_float_3_3
Parameters: 0.999993 0.00351431 -0.00131493 -0.00351001 0.999989 0.00337932 0.00132633 -0.00337468 0.999994 -0.19024 0.250396 0.0391232
FixedParameters: 0 0 0

#Transform 165
Transform: AffineTransform_float_3_3
Parameters: 0.999992 0.00374897 -0.00149544 -0.00374612 0.99999 0.00222034 0.00150366 -0.00221466 0.999997 -0.198908 0.355083 -0.0210762
FixedParameters: 0 0 0

#Transform 166
Transform: AffineTransform_float_3_3
Parameters: 0.999992 0.00356385 -0.00178551 -0.00355854 0.99999 0.00260414 0.00179465 -0.00259786 0.999995 -0.209423 0.331786 -0.0482909
FixedParameters: 0 0 0

#Transform 167
Transform: AffineTransform_float_3_3
Parameters: 0.999993 0.00315294 -0.00170131 -0.00314397 0.999982 0.00507435 0.00171763 -0.00506965 0.999985 -0.267932 0.247231 0.320259
FixedParameters: 0 0 0

#Transform 168
Transform: AffineTransform_float_3_3
Parameters: 0.999997 0.00197376 -0.00179973 -0.00196431 0.999984 0.00519828 0.00180987 -0.00519472 0.999984 -0.131973 0.0535987 0.601837
FixedParameters: 0 0 0

#Transform 169
Transform: AffineTransform_float_3_3
Parameters: 0.999995 0.00141484 -0.00307054 -0.00139714 0.999982 0.00582598 0.00307845 -0.00582203 0.999979 -0.063218 -0.0212111 0.527917
FixedParameters: 0 0 0

#Transform 170
Transform: AffineTransform_float_3_3
Parameters: 0.999992 0.00340993 -0.00173819 -0.00340735 0.999994 0.0013197 0.00174248 -0.0013143 0.999997 -0.142799 0.0151005 0.162196
FixedParameters: 0 0 0

#Transform 171
Transform: AffineTransform_float_3_3
Parameters: 0.999995 0.00314774 -0.00118273 -0.00314518 0.999993 0.00209861 0.00118928 -0.00209539 0.999997 -0.119067 0.0626607 0.0540532
FixedParameters: 0 0 0

#Transform 172
Transform: AffineTransform_float_3_3
Parameters: 0.999993 0.0035296 -0.00116668 -0.0035247 0.999987 0.00372982 0.00117948 -0.00372618 0.999992 -0.180082 0.224429 0.0740533
FixedParameters: 0 0 0

#Transform 173
Transform: AffineTransform_float_3_3
Parameters: 0.999993 0.00365693 -0.00127916 -0.00365117 0.999984 0.00435039 0.00129471 -0.00434562 0.99999 -0.173309 0.274937 0.0834328
FixedParameters: 0 0 0

#Transform 174
Transform: AffineTransform_float_3_3
Parameters: 0.999992 0.00363023 -0.00135684 -0.00362356 0.999981 0.00501764 0.00137425 -0.00501237 0.999987 -0.185845 0.288969 0.103408
FixedParameters: 0 0 0

#Transform 175
Transform: AffineTransform_float_3_3
Parameters: 0.999992 0.0036864 -0.0014938 -0.00367819 0.999978 0.00553106 0.00151379 -0.00552594 0.999983 -0.176946 0.341944 0.124504
FixedParameters: 0 0 0

#Transform 176
Transform: AffineTransform_float_3_3
Parameters: 0.999993 0.0037158 -0.00128789 -0.00370939 0.99998 0.0051825 0.00130738 -0.0051775 0.999986 -0.140252 0.306372 0.11026
FixedParameters: 0 0 0

#Transform 177
Transform: AffineTransform_float_3_3
Parameters: 0.999992 0.00365513 -0.00158693 -0.00364609 0.999979 0.00540455 0.00160663 -0.00539845 0.999984 -0.151231 0.309623 0.133794
FixedParameters: 0 0 0

#Transform 178
Transform: AffineTransform_float_3_3
Parameters: 0.999994 0.0031966 -0.00118179 -0.00318961 0.999981 0.00530768 0.00119846 -0.00530432 0.999985 -0.101207 0.346221 0.125991
FixedParameters: 0 0 0

#Transform 179
Transform: AffineTransform_float_3_3
Parameters: 0.999993 0.00354962 -0.00163286 -0.00354058 0.99998 0.00513375 0.00165146 -0.00512725 0.999986 -0.125642 0.275918 0.167522
FixedParameters: 0 0 0

#Transform 180
Transform: AffineTransform_float_3_3
Parameters: 0.999993 0.00352972 -0.00124971 -0.00352329 0.99998 0.00526312 0.00126883 -0.00525888 0.999985 -0.100759 0.30561 0.170102
FixedParameters: 0 0 0

#Transform 181
Transform: AffineTransform_float_3_3
Parameters: 0.999995 0.00300008 -0.00146489 -0.00299217 0.999982 0.00512749 0.00148075 -0.0051225 0.999985 -0.0941319 0.375138 0.0701632
FixedParameters: 0 0 0

#Transform 182
Transform: AffineTransform_float_3_3
Parameters: 0.999993 0.00346871 -0.00123511 -0.00346138 0.999977 0.005851 0.0012557 -0.005847 0.999982 -0.12551 0.35527 0.196357
FixedParameters: 0 0 0

#Transform 183
Transform: AffineTransform_float_3_3
Parameters: 0.999993 0.00346846 -0.00123582 -0.00346142 0.999979 0.00564696 0.00125597 -0.00564204 0.999983 -0.125454 0.279601 0.183695
FixedParameters: 0 0 0

#Transform 184
Transform: AffineTransform_float_3_3
Parameters: 0.999995 0.00296046 -0.00154029 -0.00295067 0.999975 0.00643871 0.00155901 -0.0064343 0.999978 -0.12087 0.281653 0.218649
FixedParameters: 0 0 0

#Transform 185
Transform: AffineTransform_float_3_3
Parameters: 0.999995 0.00270576 -0.00149493 -0.00269782 0.99998 0.00575439 0.0015106 -0.00575062 0.999982 -0.0790597 0.339876 0.2408
FixedParameters: 0 0 0

#Transform 186
Transform: AffineTransform_float_3_3
Parameters: 0.999995 0.00270874 -0.00151067 -0.00269947 0.999979 0.00580939 0.00152646 -0.00580461 0.999982 -0.0673285 0.35282 0.195571
FixedParameters: 0 0 0

#Transform 187
Transform: AffineTransform_float_3_3
Parameters: 0.999995 0.00275137 -0.0015799 -0.00274255 0.999982 0.00535369 0.00159467 -0.00534932 0.999985 -0.0383763 0.36488 0.23943
