#Insight Transform File V1.0
#Transform 0
Transform: AffineTransform_float_3_3
Parameters: 1 -0.000310704 3.86748e-05 0.000310649 0.999999 0.000707012 -3.91141e-05 -0.000706987 0.999999 0.0231166 -0.00290046 -0.0416672
FixedParameters: 0 0 0

#Transform 1
Transform: AffineTransform_float_3_3
Parameters: 1 0.000339106 9.52522e-05 -0.000339041 1 -0.000344032 -9.54854e-05 0.000343968 1 -0.00714115 0.0697887 0.121324
FixedParameters: 0 0 0

#Transform 2
Transform: AffineTransform_float_3_3
Parameters: 1 0.000353937 9.3004e-05 -0.000354861 1 -0.000344033 -9.30983e-05 0.000343967 1 -0.0221944 0.01638 0.0120506
FixedParameters: 0 0 0

#Transform 3
Transform: AffineTransform_float_3_3
Parameters: 1 0.00031993 -0.000131395 -0.00031999 1 -0.000228958 0.000131249 0.000229042 1 -0.0204581 0.00844322 -0.000738559
FixedParameters: 0 0 0

#Transform 4
Transform: AffineTransform_float_3_3
Parameters: 0.999999 0.000510163 -0.000624514 -0.000510592 1 -0.000343681 0.000624163 0.000344318 0.999999 -0.0196102 0.0554095 -0.0315876
FixedParameters: 0 0 0

#Transform 5
Transform: AffineTransform_float_3_3
Parameters: 1 0.000609831 -0.000261072 -0.000609787 1 8.51592e-05 0.000261176 -8.48407e-05 1 -0.0228969 -0.00189354 -0.0185678
FixedParameters: 0 0 0

#Transform 6
Transform: AffineTransform_float_3_3
Parameters: 1 0.000495066 -0.000203565 -0.000495258 1 -0.000472899 0.000203096 0.0004731 1 -0.021989 0.0649634 -0.0344212
FixedParameters: 0 0 0

#Transform 7
Transform: AffineTransform_float_3_3
Parameters: 0.999999 0.000722343 -0.00028617 -0.000722296 0.999999 8.32067e-05 0.00028629 -8.27932e-05 1 -0.0239537 -0.00117799 -0.0188249
FixedParameters: 0 0 0

#Transform 8
Transform: AffineTransform_float_3_3
Parameters: 0.999999 0.000751236 -0.000395134 -0.000751586 0.999999 -0.000442703 0.000394468 0.000443296 1 -0.0150514 0.078605 -0.0261533
FixedParameters: 0 0 0

#Transform 9
Transform: AffineTransform_float_3_3
Parameters: 1 0.000680457 -0.000114987 -0.000680437 1 8.40782e-05 0.000115102 -8.39217e-05 1 -0.0187019 0.00860994 -0.0202702
FixedParameters: 0 0 0

#Transform 10
Transform: AffineTransform_float_3_3
Parameters: 1 0.000464008 -0.000340714 -0.000463534 1 -0.00097599 0.000340648 0.00097601 0.999999 -0.00401469 0.117094 -0.038171
FixedParameters: 0 0 0

#Transform 11
Transform: AffineTransform_float_3_3
Parameters: 1 0.000289261 -0.000334055 -0.00028935 1 -0.000132903 0.000333978 0.000133097 1 -0.00545115 0.0237223 -0.0147097
FixedParameters: 0 0 0

#Transform 12
Transform: AffineTransform_float_3_3
Parameters: 1 0.000311503 -0.000186831 -0.000311669 1 -0.000445942 0.000186553 0.000446058 1 -0.0103768 0.0793639 -0.0285565
FixedParameters: 0 0 0

#Transform 13
Transform: AffineTransform_float_3_3
Parameters: 1 0.000608346 -0.000350951 -0.000608385 1 -5.47865e-05 0.000350884 5.52135e-05 1 -0.0175381 0.0464791 -0.0203497
FixedParameters: 0 0 0

#Transform 14
Transform: AffineTransform_float_3_3
Parameters: 1 0.000656058 -0.000249174 -0.000656253 0.999999 -0.000391836 0.00024866 0.000392163 1 -0.0234533 0.0807946 -0.0160015
FixedParameters: 0 0 0

#Transform 15
Transform: AffineTransform_float_3_3
Parameters: 1 0.00050018 -0.000337529 -0.000500105 1 0.000112169 0.000337641 -0.000111831 1 -0.0104651 0.0520788 -0.020102
FixedParameters: 0 0 0

#Transform 16
Transform: AffineTransform_float_3_3
Parameters: 0.999999 0.000684055 -0.000331993 -0.000684028 1 4.12271e-05 0.000332049 -4.07729e-05 1 -0.0233089 0.0539707 -0.0114364
FixedParameters: 0 0 0

#Transform 17
Transform: AffineTransform_float_3_3
Parameters: 1 0.000534777 -0.000395573 -0.000534989 1 -0.000266788 0.000395287 0.000267211 1 -0.0159429 0.0462195 -0.0186118
FixedParameters: 0 0 0

#Transform 18
Transform: AffineTransform_float_3_3
Parameters: 0.999999 0.000794928 -0.00016059 -0.000794894 0.999999 0.000106128 0.000160758 -0.000105872 1 -0.0256201 0.0024892 -0.00373547
FixedParameters: 0 0 0

#Transform 19
Transform: AffineTransform_float_3_3
Parameters: 0.999999 0.000788773 -0.00039533 -0.000788862 0.999999 7.63119e-05 0.000394462 -7.56889e-05 1 -0.0240691 0.0561969 -0.0197361
FixedParameters: 0 0 0

#Transform 20
Transform: AffineTransform_float_3_3
Parameters: 0.999999 0.000806592 -0.000391705 -0.000806456 0.999999 0.000365316 0.000391305 -0.000364684 1 -0.0131049 0.0612538 -0.0284153
FixedParameters: 0 0 0

#Transform 21
Transform: AffineTransform_float_3_3
Parameters: 1 0.000544398 -0.000339216 -0.000544393 1 8.18467e-06 0.000339225 -7.81533e-06 1 -0.0171276 0.0217388 -0.0169901
FixedParameters: 0 0 0

#Transform 22
Transform: AffineTransform_float_3_3
Parameters: 1 0.000540913 -0.000348824 -0.000540932 1 -2.78113e-05 0.000348794 2.81887e-05 1 -0.0128847 0.0591095 -0.0264501
FixedParameters: 0 0 0

#Transform 23
Transform: AffineTransform_float_3_3
Parameters: 1 0.000292777 -0.000311245 -0.000293701 1 0.000103091 0.000311455 -0.000102909 1 -0.0190188 0.0101251 -0.0142678
FixedParameters: 0 0 0

#Transform 24
Transform: AffineTransform_float_3_3
Parameters: 1 0.000556551 -0.000351506 -0.000556785 0.999999 -0.000546782 0.000351886 0.000546218 1 -0.0156412 0.0594833 -0.0481755
FixedParameters: 0 0 0

#Transform 25
Transform: AffineTransform_float_3_3
Parameters: 1 0.000647675 -0.000271774 -0.00064757 1 0.000194176 0.000272025 -0.000193824 1 -0.0233264 0.004422 -0.0185006
FixedParameters: 0 0 0

#Transform 26
Transform: AffineTransform_float_3_3
Parameters: 0.999999 0.000716728 -0.000375794 -0.000716965 0.999999 -0.00051373 0.000376046 0.000514269 1 -0.0233793 0.0671139 -0.0351577
FixedParameters: 0 0 0

#Transform 27
Transform: AffineTransform_float_3_3
Parameters: 0.999999 0.000742083 -0.000431245 -0.000741616 1 0.000715172 0.000431318 -0.000714828 0.999999 -0.0139196 0.0185178 -0.0400097
FixedParameters: 0 0 0

#Transform 28
Transform: AffineTransform_float_3_3
Parameters: 0.999999 0.0007246 -0.000377066 -0.000724912 0.999999 -0.000611726 0.000377167 0.000612273 0.999999 -0.02347 0.0565889 -0.0418175
FixedParameters: 0 0 0

#Transform 29
Transform: AffineTransform_float_3_3
Parameters: 0.999999 0.000799019 -0.000387773 -0.000798956 0.999999 8.13098e-05 0.000387902 -8.06901e-05 1 -0.021996 0.0552666 -0.0345907
FixedParameters: 0 0 0

#Transform 30
Transform: AffineTransform_float_3_3
Parameters: 0.999999 0.000827669 -0.000392158 -0.000827654 0.999999 1.93469e-05 0.00039219 -1.9653e-05 1 -0.024477 0.0321911 -0.0317085
FixedParameters: 0 0 0

#Transform 31
Transform: AffineTransform_float_3_3
Parameters: 1 0.000943832 -0.000672211 -0.000944503 1 -0.000499491 0.000671268 0.000499508 0.999999 -0.0240444 0.0706993 -0.0428161
FixedParameters: 0 0 0

#Transform 32
Transform: AffineTransform_float_3_3
Parameters: 0.999999 0.000824787 -0.000391532 -0.000824603 0.999999 0.000234323 0.000391918 -0.000233677 1 -0.0122545 0.00783765 -0.0432054
FixedParameters: 0 0 0

#Transform 33
Transform: AffineTransform_float_3_3
Parameters: 0.999999 0.000824499 -0.000392138 -0.000824742 0.999999 -0.000500676 0.000392301 0.000501323 1 -0.00835846 0.0776046 -0.0419125
FixedParameters: 0 0 0

#Transform 34
Transform: AffineTransform_float_3_3
Parameters: 1 0.000916757 -0.000405394 -0.000916545 1 0.000260246 0.000405872 -0.000260754 1 -0.0109472 0.0248846 -0.039108
FixedParameters: 0 0 0

#Transform 35
Transform: AffineTransform_float_3_3
Parameters: 0.999999 0.00082476 -0.000391588 -0.00082463 0.999999 0.000167323 0.000391863 -0.000166677 1 -0.024535 0.0459819 -0.010062
FixedParameters: 0 0 0

#Transform 36
Transform: AffineTransform_float_3_3
Parameters: 1 0.000962108 -0.000412571 -0.000962159 1 -6.17286e-05 0.000412452 6.12714e-05 1 -0.015572 0.0647224 -0.0214335
FixedParameters: 0 0 0

#Transform 37
Transform: AffineTransform_float_3_3
Parameters: 0.999999 0.000688317 -0.00037096 -0.000688177 0.999999 0.000188278 0.00037122 -0.000188722 1 -0.0230898 0.0509496 -0.0167875
FixedParameters: 0 0 0

#Transform 38
Transform: AffineTransform_float_3_3
Parameters: 0.999999 0.000652304 -0.000366328 -0.000652851 1 -0.000951762 0.000366074 0.00095224 1 -0.0158376 0.076524 -0.0417324
FixedParameters: 0 0 0

#Transform 39
Transform: AffineTransform_float_3_3
Parameters: 0.999999 0.000640867 -0.000363771 -0.000640707 0.999999 0.000220255 0.000364053 -0.000220744 1 -0.0225708 0.040018 -0.031743
FixedParameters: 0 0 0

#Transform 40
Transform: AffineTransform_float_3_3
Parameters: 1 0.000907597 -0.000724365 -0.000907183 1 -0.000499491 0.000724297 0.00050051 0.999999 -0.0232738 0.0736216 -0.0267728
FixedParameters: 0 0 0

#Transform 41
Transform: AffineTransform_float_3_3
Parameters: 1 0.000862463 -0.000396987 -0.000862075 1 0.000488195 0.000397829 -0.000487805 1 -0.0247092 0.0374815 -0.0113814
FixedParameters: 0 0 0

#Transform 42
Transform: AffineTransform_float_3_3
Parameters: 0.999999 0.00085928 -0.000397006 -0.000859323 0.999999 -5.46588e-05 0.000396912 5.53411e-05 1 -0.0168804 0.0825519 -0.0237976
FixedParameters: 0 0 0

#Transform 43
Transform: AffineTransform_float_3_3
Parameters: 1 0.000943392 -0.000409565 -0.000943301 0.999999 0.000111386 0.000409774 -0.000110613 1 -0.0256399 0.0319828 -0.0231646
FixedParameters: 0 0 0

#Transform 44
Transform: AffineTransform_float_3_3
Parameters: 0.999999 0.000790819 -0.00038717 -0.000791188 1 -0.000668842 0.000387101 0.000669159 0.999999 -0.0261258 0.0770061 -0.0275134
FixedParameters: 0 0 0

#Transform 45
Transform: AffineTransform_float_3_3
Parameters: 0.999999 0.0008861 -0.00040077 -0.000885895 0.999999 0.000256355 0.000401223 -0.000255644 1 -0.0250867 0.0541002 -0.0146498
FixedParameters: 0 0 0

#Transform 46
Transform: AffineTransform_float_3_3
Parameters: 1 0.000963892 -0.000581614 -0.000963823 1 5.94128e-05 0.000581728 -5.85872e-05 1 -0.0247141 0.0726498 -0.0195178
FixedParameters: 0 0 0

#Transform 47
Transform: AffineTransform_float_3_3
Parameters: 1 0.000908058 -0.000403598 -0.000907445 1 0.000758219 0.000404975 -0.00075778 0.999999 -0.0251924 0.027055 0.00424669
FixedParameters: 0 0 0

#Transform 48
Transform: AffineTransform_float_3_3
Parameters: 1 0.000980308 -0.000688772 -0.000979584 1 0.00052555 0.000689802 -0.00052545 0.999999 -0.024206 0.053809 -0.0308658
FixedParameters: 0 0 0

#Transform 49
Transform: AffineTransform_float_3_3
Parameters: 0.999999 0.000697098 -0.000372524 -0.000697193 0.999999 -0.00012674 0.000372347 0.00012726 1 -0.0131703 0.03227 -0.00757944
FixedParameters: 0 0 0

#Transform 50
Transform: AffineTransform_float_3_3
Parameters: 0.999999 0.000763606 -0.000300048 -0.000763972 0.999999 -0.000609771 0.000299116 0.000610228 1 -0.0243728 0.0649499 -0.0255892
FixedParameters: 0 0 0

#Transform 51
Transform: AffineTransform_float_3_3
Parameters: 1 0.0011043 -0.000434596 -0.00110458 1 -0.000499668 0.000434481 0.000500332 1 -0.027251 0.0223436 -0.0107591
FixedParameters: 0 0 0

#Transform 52
Transform: AffineTransform_float_3_3
Parameters: 0.999999 -0.00128119 0.00045526 0.001278 0.999974 0.00707844 -0.000464775 -0.00707756 0.999975 0.0745683 -0.0519919 0.195108
FixedParameters: 0 0 0

#Transform 53
Transform: AffineTransform_float_3_3
Parameters: 1 4.91235e-05 -9.03043e-05 -4.89584e-05 0.999999 0.000914004 9.0394e-05 -0.000913995 0.999999 0.0134009 0.121711 -0.0112986
FixedParameters: 0 0 0

#Transform 54
Transform: AffineTransform_float_3_3
Parameters: 1 -0.000558959 -0.000184221 0.000559479 0.999995 0.00329875 0.000182658 -0.00329925 0.999994 0.079601 0.0447013 -0.426846
FixedParameters: 0 0 0

#Transform 55
Transform: AffineTransform_float_3_3
Parameters: 0.999998 -0.000331518 -0.00186047 0.000336257 0.999997 0.00233668 0.0018595 -0.00233733 0.999996 0.128236 -0.193244 -1.08557
FixedParameters: 0 0 0

#Transform 56
Transform: AffineTransform_float_3_3
Parameters: 1 -0.000280326 -0.000302526 0.00028044 1 0.000187915 0.000302421 -0.000188085 1 0.0353055 -0.175311 -0.522913
FixedParameters: 0 0 0

#Transform 57
Transform: AffineTransform_float_3_3
Parameters: 0.999999 0.000923605 0.000130174 -0.000923994 0.999999 0.000919858 -0.000129464 -0.000919143 1 -0.000656501 -0.204497 -0.423448
FixedParameters: 0 0 0

#Transform 58
Transform: AffineTransform_float_3_3
Parameters: 1 -0.000526834 -0.000260865 0.000526274 0.999997 -0.00267414 0.000262543 0.00267386 0.999997 0.0277901 -0.0289484 -0.331534
FixedParameters: 0 0 0

#Transform 59
Transform: AffineTransform_float_3_3
Parameters: 0.999999 -0.000527276 -0.000610335 0.00052633 0.999998 -0.00158334 0.000611854 0.00158365 0.999998 0.0202696 0.00522175 -0.30769
FixedParameters: 0 0 0

#Transform 60
Transform: AffineTransform_float_3_3
Parameters: 1 -1.95547e-05 -0.00041278 1.93193e-05 0.999999 -0.00148301 0.000412688 0.00148299 0.999999 -0.000187129 -0.0450769 -0.233637
FixedParameters: 0 0 0

#Transform 61
Transform: AffineTransform_float_3_3
Parameters: 0.999999 0.000162978 -0.000899928 -0.000164509 0.999999 -0.00148285 0.000900282 0.00148315 0.999998 -0.00680706 0.01785 -0.237174
FixedParameters: 0 0 0

#Transform 62
Transform: AffineTransform_float_3_3
Parameters: 0.999999 0.000636081 -0.000736494 -0.000637126 0.999998 -0.00148253 0.000735445 0.00148347 0.999998 -0.0245129 -0.0223551 -0.280964
FixedParameters: 0 0 0

#Transform 63
Transform: AffineTransform_float_3_3
Parameters: 0.999999 0.000667051 -0.000546997 -0.000668522 0.999998 -0.00148263 0.000546006 0.00148336 0.999999 -0.0241608 0.0206935 -0.25948
FixedParameters: 0 0 0

#Transform 64
Transform: AffineTransform_float_3_3
Parameters: 0.999999 0.000698746 -0.000685108 -0.000699192 0.999999 -0.00115652 0.00068433 0.00115748 0.999999 -0.013745 0.000780653 -0.267869
FixedParameters: 0 0 0

#Transform 65
Transform: AffineTransform_float_3_3
Parameters: 1 0.000653183 -0.000707362 -0.000655155 0.999997 -0.00230554 0.000706173 0.00230646 0.999997 -0.0211694 -0.00802676 -0.278278
FixedParameters: 0 0 0

#Transform 66
Transform: AffineTransform_float_3_3
Parameters: 1 0.00050683 -0.000899924 -0.000508563 0.999998 -0.00159537 0.000899143 0.00159563 0.999999 -0.00699957 0.0110517 -0.239444
FixedParameters: 0 0 0

#Transform 67
Transform: AffineTransform_float_3_3
Parameters: 1 0.000664328 -0.00094126 -0.000666338 0.999999 -0.00167335 0.000939873 0.00167365 0.999998 -0.00804702 0.00214296 -0.310173
FixedParameters: 0 0 0

#Transform 68
Transform: AffineTransform_float_3_3
Parameters: 0.999999 0.000734027 -0.000439823 -0.000734966 0.999998 -0.00140768 0.000439732 0.00140832 0.999999 -0.0237712 -0.0188678 -0.252731
FixedParameters: 0 0 0

#Transform 69
Transform: AffineTransform_float_3_3
Parameters: 1 0.000782608 -0.000896454 -0.000783978 0.999998 -0.00148227 0.000895959 0.00148272 0.999998 -0.0253124 -0.00274337 -0.245767
FixedParameters: 0 0 0

#Transform 70
Transform: AffineTransform_float_3_3
Parameters: 0.999999 0.000632099 -0.000763971 -0.000632884 0.999999 -0.00116249 0.000762351 0.0011625 0.999999 -0.00451912 -0.0388179 -0.247272
FixedParameters: 0 0 0

#Transform 71
Transform: AffineTransform_float_3_3
Parameters: 1 0.000668642 -0.000864403 -0.000671062 0.999998 -0.00214542 0.000863356 0.00214658 0.999998 -0.0203853 -0.00479811 -0.250339
FixedParameters: 0 0 0

#Transform 72
Transform: AffineTransform_float_3_3
Parameters: 1 0.000572389 -0.000969381 -0.000573673 0.999999 -0.00124942 0.000968788 0.00124958 0.999999 -0.00872174 -0.0146116 -0.238056
FixedParameters: 0 0 0

#Transform 73
Transform: AffineTransform_float_3_3
Parameters: 0.999999 0.000845327 -0.00102678 -0.000847825 0.999998 -0.00184411 0.00102548 0.00184489 0.999998 -0.0177982 -0.0104411 -0.200073
FixedParameters: 0 0 0

#Transform 74
Transform: AffineTransform_float_3_3
Parameters: 0.999998 0.000879495 -0.00136489 -0.00088236 0.999998 -0.00188363 0.00136325 0.00188537 0.999998 -0.0196952 0.00375759 -0.238168
FixedParameters: 0 0 0

#Transform 75
Transform: AffineTransform_float_3_3
Parameters: 0.999999 0.000831364 -0.00120466 -0.000832134 1 -0.000791976 0.00120418 0.000793025 0.999999 -0.0202107 -0.0239737 -0.201123
FixedParameters: 0 0 0

#Transform 76
Transform: AffineTransform_float_3_3
Parameters: 0.999999 0.000851746 -0.00113785 -0.000852163 1 -0.000683009 0.00113753 0.000683992 0.999999 -0.0207967 0.0200062 -0.178404
FixedParameters: 0 0 0

#Transform 77
Transform: AffineTransform_float_3_3
Parameters: 0.999999 0.00082623 -0.00113468 -0.00082824 0.999998 -0.00138804 0.00113322 0.00138896 0.999998 -0.00120801 -0.00967906 -0.217641
FixedParameters: 0 0 0

#Transform 78
Transform: AffineTransform_float_3_3
Parameters: 0.999999 0.000881499 -0.0011432 -0.000883565 0.999999 -0.00146697 0.00114244 0.00146803 0.999999 -0.0074569 0.0336896 -0.19292
FixedParameters: 0 0 0

#Transform 79
Transform: AffineTransform_float_3_3
Parameters: 0.999999 0.000633192 -0.00110469 -0.000633687 1 -0.000738301 0.00110459 0.0007397 0.999999 -0.0186157 -0.0285208 -0.154165
FixedParameters: 0 0 0

#Transform 80
Transform: AffineTransform_float_3_3
Parameters: 0.999999 0.000592237 -0.00136717 -0.000594249 0.999998 -0.00156802 0.00136699 0.00156898 0.999998 -0.00611911 0.0261357 -0.201433
FixedParameters: 0 0 0

#Transform 81
Transform: AffineTransform_float_3_3
Parameters: 0.999999 0.000599632 -0.00132058 -0.000602049 0.999999 -0.00134604 0.0013198 0.00134696 0.999999 -0.00722507 -0.00510345 -0.212269
FixedParameters: 0 0 0

#Transform 82
Transform: AffineTransform_float_3_3
Parameters: 0.999999 0.000690485 -0.00127824 -0.000693065 0.999998 -0.00184209 0.00127638 0.0018429 0.999997 -0.0182027 0.0185125 -0.193468
FixedParameters: 0 0 0

#Transform 83
Transform: AffineTransform_float_3_3
Parameters: 0.999999 0.000603353 -0.00129864 -0.000604909 0.999999 -0.00103719 0.00129823 0.00103781 0.999998 -0.00850456 -0.000512759 -0.182911
FixedParameters: 0 0 0

#Transform 84
Transform: AffineTransform_float_3_3
Parameters: 0.999999 0.000623845 -0.00115965 -0.000625595 0.999999 -0.00167228 0.00115825 0.00167372 0.999998 -0.0181376 0.0332679 -0.185696
FixedParameters: 0 0 0

#Transform 85
Transform: AffineTransform_float_3_3
Parameters: 0.999999 0.000621526 -0.00118633 -0.000621667 0.999999 -5.90923e-05 0.00118625 5.99076e-05 1 -0.0179813 0.0217359 -0.125362
FixedParameters: 0 0 0

#Transform 86
Transform: AffineTransform_float_3_3
Parameters: 0.999999 0.000966587 -0.00116044 -0.000968184 0.999999 -0.000751855 0.00115997 0.000753145 0.999999 -0.0219216 0.0281025 -0.135917
FixedParameters: 0 0 0

#Transform 87
Transform: AffineTransform_float_3_3
Parameters: 1 0.000854807 -0.000733307 -0.000855174 1 -0.000249521 0.00073288 0.000250479 0.999999 -0.0232939 0.0297634 -0.141363
FixedParameters: 0 0 0

#Transform 88
Transform: AffineTransform_float_3_3
Parameters: 0.999999 0.000706169 -0.00125371 -0.000707899 0.999999 -0.00114409 0.00125293 0.00114491 0.999998 -0.0184668 0.0588148 -0.193988
FixedParameters: 0 0 0

#Transform 89
Transform: AffineTransform_float_3_3
Parameters: 1 0.000965637 -0.000749962 -0.000965825 1 -0.000124424 0.000749721 0.000125576 0.999999 -0.0244729 0.0267347 -0.12503
FixedParameters: 0 0 0

#Transform 90
Transform: AffineTransform_float_3_3
Parameters: 0.999999 0.000263212 -0.0013428 -0.000264207 0.999999 -0.000738475 0.00134226 0.000738524 0.999999 0.0112208 0.0639873 -0.151312
FixedParameters: 0 0 0

#Transform 91
Transform: AffineTransform_float_3_3
Parameters: 0.999999 0.000281739 -0.00122729 -0.000283488 0.999999 -0.000772505 0.00122784 0.000773494 0.999999 0.00638088 0.0128204 -0.144046
FixedParameters: 0 0 0

#Transform 92
Transform: AffineTransform_float_3_3
Parameters: 0.999999 0.000472475 -0.00126617 -0.000473548 0.999999 -0.000423231 0.00126577 0.000423769 0.999999 0.0078675 0.049588 -0.179382
FixedParameters: 0 0 0

#Transform 93
Transform: AffineTransform_float_3_3
Parameters: 0.999999 0.000382133 -0.00134759 -0.000383509 0.999999 -0.000510313 0.0013472 0.000510685 0.999999 0.00104023 -0.00582293 -0.12939
FixedParameters: 0 0 0

#Transform 94
Transform: AffineTransform_float_3_3
Parameters: 0.999999 0.000536714 -0.00113692 -0.000538431 0.999999 -0.00125539 0.00113641 0.00125661 0.999998 -0.00361868 0.0449195 -0.214484
FixedParameters: 0 0 0

#Transform 95
Transform: AffineTransform_float_3_3
Parameters: 0.999999 0.000504983 -0.0011625 -0.000504682 1 0.000129757 0.00116263 -0.000129243 1 -0.000555345 -0.00758401 -0.151601
FixedParameters: 0 0 0

#Transform 96
Transform: AffineTransform_float_3_3
Parameters: 1 0.000482466 -0.00111946 -0.000482502 0.999999 0.000425711 0.00112002 -0.00042529 1 -0.00491565 0.0466941 -0.18164
FixedParameters: 0 0 0

#Transform 97
Transform: AffineTransform_float_3_3
Parameters: 1 0.000405519 -0.00114208 -0.000404923 0.999999 0.000693633 0.0011428 -0.000693367 0.999999 0.00403096 -0.0351822 -0.174379
FixedParameters: 0 0 0

#Transform 98
Transform: AffineTransform_float_3_3
Parameters: 0.999999 0.000442627 -0.00118794 -0.000443162 0.999999 -0.000641304 0.00118722 0.000641696 0.999999 -0.0161256 0.0220919 -0.171909
FixedParameters: 0 0 0

#Transform 99
Transform: AffineTransform_float_3_3
Parameters: 0.999999 0.000532253 -0.000735599 -0.000531646 0.999999 0.000412413 0.000736038 -0.000412586 0.999999 -0.0198978 -0.0171168 -0.159391
FixedParameters: 0 0 0

#Transform 100
Transform: AffineTransform_float_3_3
Parameters: 0.999999 0.000805327 -0.00119402 -0.000805732 0.999999 -0.000168868 0.00119374 0.000170132 1 -0.0139327 0.0202215 -0.186176
FixedParameters: 0 0 0

#Transform 101
Transform: AffineTransform_float_3_3
Parameters: 0.999999 0.000447303 -0.00067089 -0.000446114 1 0.000997323 0.000670793 -0.000997679 1 -0.00299072 -0.0361555 -0.179298
FixedParameters: 0 0 0

#Transform 102
Transform: AffineTransform_float_3_3
Parameters: 1 0.00039581 -0.00101123 -0.000394577 0.999999 0.00060957 0.00101171 -0.00060943 1 -0.00929199 0.0197598 -0.180747
FixedParameters: 0 0 0

#Transform 103
Transform: AffineTransform_float_3_3
Parameters: 0.999999 0.000439101 -0.0007244 -0.000438015 0.999999 0.000749465 0.000725057 -0.000748534 1 0.00822015 -0.00621371 -0.186645
FixedParameters: 0 0 0

#Transform 104
Transform: AffineTransform_float_3_3
Parameters: 0.999999 0.000723561 -0.000711974 -0.000722719 0.999998 0.00149651 0.000712309 -0.00149548 0.999998 -0.00689513 -0.0121047 -0.090274
FixedParameters: 0 0 0

#Transform 105
Transform: AffineTransform_float_3_3
Parameters: 1 0.000720268 -0.000915816 -0.000718843 0.999998 0.00139868 0.000916989 -0.00139832 0.999998 -0.00541635 0.0124102 -0.149991
FixedParameters: 0 0 0

#Transform 106
Transform: AffineTransform_float_3_3
Parameters: 0.999999 0.000562278 -0.000687907 -0.000561518 0.999999 0.00137841 0.000688617 -0.00137859 0.999999 -0.00528954 0.00139103 -0.104111
FixedParameters: 0 0 0

#Transform 107
Transform: AffineTransform_float_3_3
Parameters: 0.999999 0.000498371 -0.00088646 -0.00049757 0.999999 0.00165047 0.000887414 -0.00165054 0.999999 0.00738725 0.0207692 -0.136081
FixedParameters: 0 0 0

#Transform 108
Transform: AffineTransform_float_3_3
Parameters: 0.999999 -6.11991e-05 -0.000833134 6.23548e-05 0.999999 0.00128695 0.000833124 -0.00128705 0.999999 0.0283924 0.0375986 -0.0458778
FixedParameters: 0 0 0

#Transform 109
Transform: AffineTransform_float_3_3
Parameters: 0.999999 0.0003696 -0.000938376 -0.000369093 0.999999 0.000876517 0.000938184 -0.000876483 0.999999 0.0125444 0.0208061 -0.11792
FixedParameters: 0 0 0

#Transform 110
Transform: AffineTransform_float_3_3
Parameters: 0.999999 0.000570963 -0.00115609 -0.000570196 0.999999 0.00039683 0.00115555 -0.00039617 1 -0.0025444 0.045714 -0.170991
FixedParameters: 0 0 0

#Transform 111
Transform: AffineTransform_float_3_3
Parameters: 0.999999 0.000475328 -0.000848904 -0.000474422 0.999999 0.0012044 0.000849209 -0.0012036 0.999999 -0.0033685 0.0205078 -0.140089
FixedParameters: 0 0 0

#Transform 112
Transform: AffineTransform_float_3_3
Parameters: 1 0.000675305 -0.000956081 -0.000674905 1 0.000804669 0.000956328 -0.000804333 1 -0.00476711 0.031787 -0.164744
FixedParameters: 0 0 0

#Transform 113
Transform: AffineTransform_float_3_3
Parameters: 1 0.000251078 -0.0010592 -0.000250869 1 0.000636414 0.00105868 -0.000635587 0.999999 0.00717072 0.0130747 -0.181442
FixedParameters: 0 0 0

#Transform 114
Transform: AffineTransform_float_3_3
Parameters: 0.999999 0.000388905 -0.000662156 -0.000387839 1 0.000918258 0.000661881 -0.000917744 1 -0.0035936 0.00383043 -0.144029
FixedParameters: 0 0 0

#Transform 115
Transform: AffineTransform_float_3_3
Parameters: 0.999999 0.000583581 -0.000691549 -0.000582731 0.999999 0.000723403 0.000691404 -0.000722596 0.999999 -0.000808834 -0.00450607 -0.190106
FixedParameters: 0 0 0

#Transform 116
Transform: AffineTransform_float_3_3
Parameters: 0.999999 0.000564093 -0.000688337 -0.000563658 0.999999 0.00114239 0.000688786 -0.00114161 0.999999 -0.00529034 -0.0188387 -0.138009
FixedParameters: 0 0 0

#Transform 117
Transform: AffineTransform_float_3_3
Parameters: 1 0.000414575 -0.00107379 -0.000413537 0.999999 0.000483615 0.00107419 -0.000483385 1 -0.00119013 0.0401043 -0.174762
FixedParameters: 0 0 0

#Transform 118
Transform: AffineTransform_float_3_3
Parameters: 0.999999 0.000640366 -0.000699649 -0.000639654 0.999999 0.00132147 0.000700502 -0.00132153 0.999999 -0.00613153 -0.027608 -0.137788
FixedParameters: 0 0 0

#Transform 119
Transform: AffineTransform_float_3_3
Parameters: 0.999999 0.000590682 -0.00069244 -0.000590463 1 0.000979432 0.000692758 -0.000979569 1 -0.00558622 0.0161963 -0.139621
FixedParameters: 0 0 0

#Transform 120
Transform: AffineTransform_float_3_3
Parameters: 1 0.000774217 -0.000719293 -0.000772919 0.999998 0.00179658 0.000720245 -0.00179642 0.999998 -0.0073816 -0.00649914 -0.0783236
FixedParameters: 0 0 0

#Transform 121
Transform: AffineTransform_float_3_3
Parameters: 0.999999 0.000488298 -0.000616834 -0.000487031 0.999998 0.0019483 0.000617895 -0.0019477 0.999998 -0.00499005 0.0210879 -0.0495875
FixedParameters: 0 0 0

#Transform 122
Transform: AffineTransform_float_3_3
Parameters: 0.999999 0.000368437 -0.000847944 -0.00036706 0.999999 0.00139431 0.000849119 -0.00139369 0.999998 0.0081368 0.0486519 -0.128227
FixedParameters: 0 0 0

#Transform 123
Transform: AffineTransform_float_3_3
Parameters: 0.999999 0.000314946 -0.000650908 -0.000313484 0.999999 0.0012382 0.000650698 -0.0012378 0.999999 -0.00292371 0.0165604 -0.105652
FixedParameters: 0 0 0

#Transform 124
Transform: AffineTransform_float_3_3
Parameters: 1 0.00052576 -0.00095919 -0.00052514 0.999999 0.000323526 0.00095953 -0.000323473 0.999999 -0.00321636 0.0483557 -0.140949
FixedParameters: 0 0 0

#Transform 125
Transform: AffineTransform_float_3_3
Parameters: 0.999999 0.000187015 -0.000933288 -0.000187018 1 0.000528323 0.000933635 -0.000527678 1 0.000267747 0.00899131 -0.123892
FixedParameters: 0 0 0

#Transform 126
Transform: AffineTransform_float_3_3
Parameters: 1 0.00034262 -0.00110328 -0.000342175 0.999999 0.000717548 0.00110293 -0.000717452 0.999999 -0.000343935 0.0494305 -0.152187
FixedParameters: 0 0 0

#Transform 127
Transform: AffineTransform_float_3_3
Parameters: 1 0.000231795 -0.000638479 -0.000231513 1 0.00111315 0.000638156 -0.00111285 0.999999 -0.00205045 0.00264512 -0.144504
FixedParameters: 0 0 0

#Transform 128
Transform: AffineTransform_float_3_3
Parameters: 1 0.000412148 -0.00108631 -0.000411238 1 0.00094247 0.00108625 -0.000942531 0.999999 -0.00124289 0.0349246 -0.129769
FixedParameters: 0 0 0

#Transform 129
Transform: AffineTransform_float_3_3
Parameters: 1 0.000442457 -0.00112817 -0.000441052 1 0.0011275 0.00112832 -0.0011265 0.999998 -0.00130847 0.0198832 -0.15287
FixedParameters: 0 0 0

#Transform 130
Transform: AffineTransform_float_3_3
Parameters: 0.999999 0.000487685 -0.000676237 -0.000485971 0.999998 0.00221933 0.000676569 -0.00221867 0.999998 -0.00808564 0.00121252 -0.0806151
FixedParameters: 0 0 0

#Transform 131
Transform: AffineTransform_float_3_3
Parameters: 0.999999 0.000744346 -0.000520522 -0.000743385 0.999997 0.00201241 0.000522676 -0.00201259 0.999998 -0.00841191 0.0289104 -0.0869136
FixedParameters: 0 0 0

#Transform 132
Transform: AffineTransform_float_3_3
Parameters: 0.999999 0.000464446 -0.000673186 -0.000463576 0.999999 0.00149131 0.00067373 -0.00149069 0.999998 -0.00449587 0.0344049 -0.0428521
FixedParameters: 0 0 0

#Transform 133
Transform: AffineTransform_float_3_3
Parameters: 1 0.000240082 -0.000639526 -0.000239046 0.999998 0.0017003 0.000639501 -0.0016997 0.999999 0.0154944 0.0571047 -0.0442197
FixedParameters: 0 0 0

#Transform 134
Transform: AffineTransform_float_3_3
Parameters: 0.999999 0.000479319 -0.00067538 -0.000478366 0.999998 0.00154732 0.000676022 -0.00154668 0.999998 0.0247521 0.053919 -0.0427787
FixedParameters: 0 0 0

#Transform 135
Transform: AffineTransform_float_3_3
Parameters: 0.999999 0.000476112 -0.00075254 -0.000475353 0.999998 0.00191636 0.000753673 -0.00191564 0.999998 0.00925543 0.0493197 -0.0836494
FixedParameters: 0 0 0

#Transform 136
Transform: AffineTransform_float_3_3
Parameters: 0.999999 0.000710741 -0.000710013 -0.000709831 0.999998 0.0015475 0.000710382 -0.00154649 0.999998 -0.0232808 0.0473178 -0.115638
FixedParameters: 0 0 0

#Transform 137
Transform: AffineTransform_float_3_3
Parameters: 0.999999 0.000643682 -0.000699772 -0.00064242 0.999998 0.00182145 0.000700286 -0.00182055 0.999998 -0.0557131 0.0525038 -0.0681591
FixedParameters: 0 0 0

#Transform 138
Transform: AffineTransform_float_3_3
Parameters: 0.999999 0.000594913 -0.000692797 -0.000594141 0.999999 0.00137743 0.000693596 -0.00137757 0.999999 -0.0552157 0.0551808 -0.0729554
FixedParameters: 0 0 0

#Transform 139
Transform: AffineTransform_float_3_3
Parameters: 1 0.000764213 -0.000717937 -0.000763147 0.999999 0.00163857 0.000718611 -0.00163843 0.999999 -0.0986318 0.0501281 -0.0919266
FixedParameters: 0 0 0

#Transform 140
Transform: AffineTransform_float_3_3
Parameters: 1 0.000847904 -0.000730942 -0.000847394 0.999999 0.00112762 0.000732014 -0.00112638 0.999999 -0.0431628 0.044793 -0.153166
FixedParameters: 0 0 0

#Transform 141
Transform: AffineTransform_float_3_3
Parameters: 0.999999 0.000290764 -0.000833269 -0.000289558 0.999999 0.00140724 0.000833246 -0.00140676 0.999998 -0.0321375 -0.00361123 -0.125121
FixedParameters: 0 0 0

#Transform 142
Transform: AffineTransform_float_3_3
Parameters: 1 0.000215678 -0.00115106 -0.000214892 1 0.000341418 0.00115121 -0.000341582 1 -0.0207948 0.0480143 -0.153109
FixedParameters: 0 0 0

#Transform 143
Transform: AffineTransform_float_3_3
Parameters: 0.999999 0.000574954 -0.000689984 -0.000573562 0.999999 0.0011174 0.000690278 -0.0011166 0.999999 -0.036306 0.0177671 -0.0868746
FixedParameters: 0 0 0

#Transform 144
Transform: AffineTransform_float_3_3
Parameters: 1 0.000275047 -0.00106501 -0.000274602 1 0.000208463 0.00106513 -0.000208537 1 -0.0217321 0.0549483 -0.149354
FixedParameters: 0 0 0

#Transform 145
Transform: AffineTransform_float_3_3
Parameters: 1 0.000804433 -0.000724367 -0.000803855 0.999999 0.00118361 0.000725431 -0.00118339 0.999999 -0.0591175 0.00641446 -0.101705
FixedParameters: 0 0 0

#Transform 146
Transform: AffineTransform_float_3_3
Parameters: 0.999999 0.000385732 -0.000811319 -0.000384321 1 0.000962313 0.000811071 -0.000961688 0.999999 -0.0319358 0.0459638 -0.117584
FixedParameters: 0 0 0

#Transform 147
Transform: AffineTransform_float_3_3
Parameters: 0.999999 0.000408519 -0.000664473 -0.000406785 0.999997 0.00216042 0.000665395 -0.00215958 0.999998 -0.0437231 -0.0226114 -0.135438
FixedParameters: 0 0 0

#Transform 148
Transform: AffineTransform_float_3_3
Parameters: 0.999999 0.000408223 -0.000664656 -0.000407082 0.999999 0.00171427 0.000665214 -0.00171373 0.999999 -0.0437398 0.0162761 -0.104676
FixedParameters: 0 0 0

#Transform 149
Transform: AffineTransform_float_3_3
Parameters: 0.999999 0.000887792 -0.000223667 -0.000886804 0.999996 0.00285805 0.000226761 -0.00285795 0.999996 -0.0516022 -0.0312702 -0.0883749
FixedParameters: 0 0 0

#Transform 150
Transform: AffineTransform_float_3_3
Parameters: 1 0.000824782 -0.000726686 -0.000823205 0.999997 0.00196962 0.000728104 -0.00196938 0.999998 -0.0349018 0.00527247 -0.127871
FixedParameters: 0 0 0

#Transform 151
Transform: AffineTransform_float_3_3
Parameters: 0.999999 0.000633021 -0.000482233 -0.000631598 0.999997 0.00264931 0.000484744 -0.0026487 0.999997 -0.0472766 -0.00695281 -0.058309
FixedParameters: 0 0 0

#Transform 152
Transform: AffineTransform_float_3_3
Parameters: 0.999999 0.000409139 -0.000814404 -0.000407385 0.999999 0.00177533 0.000815014 -0.00177467 0.999998 -0.0262573 0.0378169 -0.157488
FixedParameters: 0 0 0

#Transform 153
Transform: AffineTransform_float_3_3
Parameters: 1 0.000533128 -0.000883764 -0.000530315 0.999995 0.00287747 0.000885146 -0.00287653 0.999995 -0.0551897 0.00343162 -0.0347468
FixedParameters: 0 0 0

#Transform 154
Transform: AffineTransform_float_3_3
Parameters: 0.999999 0.000613223 -0.000695015 -0.000611576 0.999997 0.00211042 0.000695771 -0.00210957 0.999997 -0.0343425 0.0339551 -0.129246
FixedParameters: 0 0 0

#Transform 155
Transform: AffineTransform_float_3_3
Parameters: 0.999999 0.000380252 -0.000659959 -0.000377856 0.999996 0.00279025 0.000660246 -0.00278975 0.999996 -0.0601889 0.0224148 -0.0410481
FixedParameters: 0 0 0

#Transform 156
Transform: AffineTransform_float_3_3
Parameters: 0.999999 0.000504011 -0.000679103 -0.000502123 0.999998 0.00150034 0.000679624 -0.00149966 0.999998 -0.0542534 0.0147707 -0.126153
FixedParameters: 0 0 0

#Transform 157
Transform: AffineTransform_float_3_3
Parameters: 0.999999 0.000614595 -0.000695846 -0.000614009 0.999999 0.00123943 0.000696529 -0.00123857 0.999999 -0.0427626 0.0210429 -0.104147
FixedParameters: 0 0 0

#Transform 158
Transform: AffineTransform_float_3_3
Parameters: 0.999999 0.000337513 -0.000654412 -0.0003364 1 0.000965221 0.000654073 -0.00096478 1 -0.0431636 0.0227398 -0.129137
FixedParameters: 0 0 0

#Transform 159
Transform: AffineTransform_float_3_3
Parameters: 0.999999 0.00045941 -0.000864985 -0.000458261 1 0.000751397 0.000864686 -0.000750604 1 -0.0314782 0.0553869 -0.121263
FixedParameters: 0 0 0

#Transform 160
Transform: AffineTransform_float_3_3
Parameters: 1 0.000500793 -0.000957656 -0.000498932 0.999998 0.00156565 0.000958382 -0.00156535 0.999999 -0.0357154 0.0237067 -0.153635
FixedParameters: 0 0 0

#Transform 161
Transform: AffineTransform_float_3_3
Parameters: 0.999999 0.000551634 -0.000774935 -0.000550939 0.999998 0.00191645 0.00077537 -0.00191655 0.999998 -0.0391332 0.0208415 -0.0451769
FixedParameters: 0 0 0

#Transform 162
Transform: AffineTransform_float_3_3
Parameters: 0.999999 0.000536471 -0.000772947 -0.000535299 0.999998 0.00149441 0.000773709 -0.00149358 0.999998 -0.0258893 0.0128836 -0.158428
FixedParameters: 0 0 0

#Transform 163
Transform: AffineTransform_float_3_3
Parameters: 0.999999 0.000595472 -0.000781187 -0.00059411 0.999997 0.00232749 0.000782277 -0.00232751 0.999997 -0.0287111 -0.0418619 -0.103494
FixedParameters: 0 0 0

#Transform 164
Transform: AffineTransform_float_3_3
Parameters: 1 0.000760204 -0.000889722 -0.000758531 0.999997 0.0022177 0.000891411 -0.0022173 0.999997 -0.0330337 -0.0197795 -0.16971
FixedParameters: 0 0 0

#Transform 165
Transform: AffineTransform_float_3_3
Parameters: 0.999999 0.000579918 -0.00077863 -0.000578024 0.999996 0.00267547 0.000780049 -0.00267553 0.999996 -0.0442966 -0.0387015 -0.0763825
FixedParameters: 0 0 0

#Transform 166
Transform: AffineTransform_float_3_3
Parameters: 1 0.000746865 -0.000803659 -0.000745277 0.999997 0.00240162 0.000805564 -0.00240138 0.999997 -0.043548 -0.00295714 -0.0846755
FixedParameters: 0 0 0

#Transform 167
Transform: AffineTransform_float_3_3
Parameters: 1 0.000768331 -0.000807176 -0.000767316 0.999997 0.00203762 0.000808626 -0.00203638 0.999997 -0.0362377 0.0154741 -0.175771
FixedParameters: 0 0 0

#Transform 168
Transform: AffineTransform_float_3_3
Parameters: 1 0.000826764 -0.000815802 -0.000825557 0.999998 0.0021327 0.000817647 -0.0021323 0.999998 -0.0348826 0.017241 -0.050546
FixedParameters: 0 0 0

#Transform 169
Transform: AffineTransform_float_3_3
Parameters: 1 0.000894253 -0.000826791 -0.000892387 0.999999 0.00121874 0.000827979 -0.00121726 0.999999 -0.0499296 0.0191486 -0.0856472
FixedParameters: 0 0 0

#Transform 170
Transform: AffineTransform_float_3_3
Parameters: 1 0.000877228 -0.000824498 -0.000876785 0.999999 0.000958746 0.00082534 -0.000958255 1 -0.0472404 -0.000374961 -0.0954376
FixedParameters: 0 0 0

#Transform 171
Transform: AffineTransform_float_3_3
Parameters: 0.999999 0.000592421 -0.000781707 -0.000591079 1 0.000954463 0.000781847 -0.000953538 0.999999 -0.0444937 -0.000131861 -0.0955869
FixedParameters: 0 0 0

#Transform 172
Transform: AffineTransform_float_3_3
Parameters: 1 0.000544866 -0.0010945 -0.000543978 0.999999 0.000405766 0.00109494 -0.000405234 1 -0.0419233 0.0338238 -0.0707224
FixedParameters: 0 0 0

#Transform 173
Transform: AffineTransform_float_3_3
Parameters: 0.999999 0.000579075 -0.000871579 -0.000578198 0.999999 0.0011565 0.000872078 -0.0011555 0.999999 -0.0437541 0.0192142 -0.103063
FixedParameters: 0 0 0

#Transform 174
Transform: AffineTransform_float_3_3
Parameters: 0.999999 0.000585944 -0.000826942 -0.000584787 0.999999 0.00138751 0.000827727 -0.00138749 0.999999 -0.0360624 0.0259064 -0.0474577
FixedParameters: 0 0 0

#Transform 175
Transform: AffineTransform_float_3_3
Parameters: 1 0.000570704 -0.000931488 -0.000568477 0.999998 0.00188653 0.000931809 -0.00188547 0.999998 -0.0348208 0.0120111 -0.113341
FixedParameters: 0 0 0

#Transform 176
Transform: AffineTransform_float_3_3
Parameters: 0.999999 0.000617027 -0.000830338 -0.000614167 0.999995 0.00308953 0.000832463 -0.00308947 0.999995 -0.0444936 -0.0176051 -0.0156427
FixedParameters: 0 0 0

#Transform 177
Transform: AffineTransform_float_3_3
Parameters: 0.999999 0.000447764 -0.00080535 -0.000445278 0.999996 0.00295536 0.000806311 -0.00295464 0.999996 -0.0250193 0.0154771 -0.0565723
FixedParameters: 0 0 0

#Transform 178
Transform: AffineTransform_float_3_3
Parameters: 1 0.000569189 -0.000409679 -0.000567789 0.999995 0.00327309 0.000411572 -0.00327291 0.999994 -0.0268509 0.000481559 -0.0156021
FixedParameters: 0 0 0

#Transform 179
Transform: AffineTransform_float_3_3
Parameters: 0.999999 0.000496973 -0.000813585 -0.000495782 0.999999 0.0014314 0.000814167 -0.0014306 0.999998 -0.0206435 0.0469287 -0.0839594
FixedParameters: 0 0 0

#Transform 180
Transform: AffineTransform_float_3_3
Parameters: 0.999999 0.000629384 -0.000560664 -0.000628716 0.999996 0.00248737 0.000563104 -0.00248762 0.999997 -0.0228111 -0.00231588 -0.0558525
FixedParameters: 0 0 0

#Transform 181
Transform: AffineTransform_float_3_3
Parameters: 0.999999 0.000685643 -0.000725814 -0.000683465 0.999997 0.0023855 0.000727251 -0.0023845 0.999997 -0.0243189 0.0331457 -0.00394226
FixedParameters: 0 0 0

#Transform 182
Transform: AffineTransform_float_3_3
Parameters: 0.999999 0.00044823 -0.000802369 -0.000445557 0.999996 0.00298738 0.000804349 -0.00298762 0.999996 -0.012517 0.0167724 -0.0655048
FixedParameters: 0 0 0

#Transform 183
Transform: AffineTransform_float_3_3
Parameters: 0.999999 0.000400343 -0.000705015 -0.000397607 0.999993 0.00355228 0.000706171 -0.00355172 0.999993 -0.0287835 0.0225759 0.000250742
FixedParameters: 0 0 0

#Transform 184
Transform: AffineTransform_float_3_3
Parameters: 0.999999 0.000416734 -0.000707749 -0.000414681 0.999995 0.00295029 0.000709512 -0.0029497 0.999995 -0.0186521 0.0471017 -0.076743
FixedParameters: 0 0 0

#Transform 185
Transform: AffineTransform_float_3_3
Parameters: 0.999999 0.000424894 -0.000708775 -0.000422494 0.999995 0.00329633 0.00070989 -0.00329668 0.999995 -0.0381568 0.0281671 0.0217149
FixedParameters: 0 0 0

#Transform 186
Transform: AffineTransform_float_3_3
Parameters: 0.999999 0.000557009 -0.000483156 -0.000555708 0.999996 0.00252027 0.000485121 -0.00251973 0.999996 -0.0273979 0.0659321 -0.0394582
FixedParameters: 0 0 0

#Transform 187
Transform: AffineTransform_float_3_3
Parameters: 1 0.000374495 -0.000434436 -0.000372731 0.999995 0.00333516 0.000436088 -0.00333484 0.999995 -0.04087 0.0408533 0.0448106
FixedParameters: 0 0 0

#Transform 188
Transform: AffineTransform_float_3_3
