#Insight Transform File V1.0
#Transform 0
Transform: AffineTransform_float_3_3
Parameters: 1 8.98364e-06 0.000109633 -9.04284e-06 1 0.000269999 -0.000109628 -0.000270001 1 -0.00505038 -0.0284681 -0.0680721
FixedParameters: 0 0 0

#Transform 1
Transform: AffineTransform_float_3_3
Parameters: 1 0.000318497 -0.00028622 -0.000317769 1 -0.000469909 0.000285839 0.000470091 1 -0.0169238 0.041204 0.0616664
FixedParameters: 0 0 0

#Transform 2
Transform: AffineTransform_float_3_3
Parameters: 1 0.000802111 -0.000845877 -0.000802712 0.999999 -0.000355314 0.000845307 0.000355685 0.999999 -0.0637946 0.00129575 0.0313411
FixedParameters: 0 0 0

#Transform 3
Transform: AffineTransform_float_3_3
Parameters: 0.999998 0.0012871 -0.00140627 -0.00128819 0.999999 -0.000773183 0.00140519 0.000775816 0.999999 -0.0924593 0.0240854 -0.0123461
FixedParameters: 0 0 0

#Transform 4
Transform: AffineTransform_float_3_3
Parameters: 0.999998 0.00146165 -0.00083192 -0.00146306 0.999997 -0.00154486 0.000829311 0.00154614 0.999998 -0.0253354 -0.0495388 -0.0892552
FixedParameters: 0 0 0

#Transform 5
Transform: AffineTransform_float_3_3
Parameters: 0.999997 0.00184807 -0.00198762 -0.00184988 0.999998 -0.00124839 0.00198474 0.00125261 0.999997 -0.0971939 0.0495669 -0.062202
FixedParameters: 0 0 0

#Transform 6
Transform: AffineTransform_float_3_3
Parameters: 0.999995 0.00192754 -0.00253824 -0.00192959 0.999998 -0.000826073 0.00253687 0.000830928 0.999996 -0.100588 -0.00529814 -0.033554
FixedParameters: 0 0 0

#Transform 7
Transform: AffineTransform_float_3_3
Parameters: 0.999991 0.0029453 -0.00305452 -0.00295032 0.999994 -0.00153702 0.00305009 0.00154598 0.999994 -0.179969 0.00244033 -0.0414128
FixedParameters: 0 0 0

#Transform 8
Transform: AffineTransform_float_3_3
Parameters: 0.999987 0.00344902 -0.00376217 -0.00345626 0.999992 -0.00210402 0.00375491 0.00211698 0.99999 -0.182889 0.0862549 -0.0363198
FixedParameters: 0 0 0

#Transform 9
Transform: AffineTransform_float_3_3
Parameters: 0.999983 0.00369743 -0.0045159 -0.00370497 0.999991 -0.0016551 0.00450899 0.00167189 0.999988 -0.23863 0.0100808 -0.0475615
FixedParameters: 0 0 0

#Transform 10
Transform: AffineTransform_float_3_3
Parameters: 0.999985 0.00359978 -0.0042605 -0.00360774 0.999991 -0.00182355 0.00425471 0.00183845 0.999989 -0.235724 0.0851078 -0.0417826
FixedParameters: 0 0 0

#Transform 11
Transform: AffineTransform_float_3_3
Parameters: 0.99998 0.00436579 -0.00454349 -0.00437254 0.999989 -0.0015742 0.00453705 0.0015948 0.999988 -0.26087 0.00877737 -0.0551872
FixedParameters: 0 0 0

#Transform 12
Transform: AffineTransform_float_3_3
Parameters: 0.999981 0.004239 -0.00434145 -0.0042456 0.99999 -0.00163072 0.00433493 0.00164928 0.999989 -0.246691 0.0758295 -0.08115
FixedParameters: 0 0 0

#Transform 13
Transform: AffineTransform_float_3_3
Parameters: 0.999977 0.00456138 -0.00489589 -0.00457071 0.999987 -0.00194267 0.00488728 0.00196433 0.999986 -0.276856 0.0217209 -0.0863637
FixedParameters: 0 0 0

#Transform 14
Transform: AffineTransform_float_3_3
Parameters: 0.999972 0.00501565 -0.0055767 -0.00502713 0.999985 -0.00217792 0.00556566 0.00220608 0.999982 -0.309037 0.0510533 -0.085673
FixedParameters: 0 0 0

#Transform 15
Transform: AffineTransform_float_3_3
Parameters: 0.999973 0.00503308 -0.00535758 -0.00504584 0.999985 -0.0023961 0.00534526 0.00242291 0.999983 -0.316085 0.00201009 -0.0826122
FixedParameters: 0 0 0

#Transform 16
Transform: AffineTransform_float_3_3
Parameters: 0.999967 0.00543167 -0.00605569 -0.00544769 0.999982 -0.00256304 0.00604143 0.00259596 0.999978 -0.352061 0.0465571 -0.110961
FixedParameters: 0 0 0

#Transform 17
Transform: AffineTransform_float_3_3
Parameters: 0.999963 0.00597784 -0.00622578 -0.00599237 0.999979 -0.00245694 0.00621086 0.00249406 0.999977 -0.385377 0.00412645 -0.0835964
FixedParameters: 0 0 0

#Transform 18
Transform: AffineTransform_float_3_3
Parameters: 0.999954 0.00653938 -0.0070078 -0.00656091 0.999974 -0.00299126 0.00698768 0.00303674 0.999971 -0.426233 0.063354 -0.110987
FixedParameters: 0 0 0

#Transform 19
Transform: AffineTransform_float_3_3
Parameters: 0.999959 0.00607476 -0.00661981 -0.00609479 0.999977 -0.00297575 0.0066018 0.00301625 0.999974 -0.3813 -0.0050293 -0.125954
FixedParameters: 0 0 0

#Transform 20
Transform: AffineTransform_float_3_3
Parameters: 0.999959 0.0061615 -0.00654279 -0.00617912 0.999977 -0.00266074 0.00652633 0.00270126 0.999975 -0.369678 0.0667188 -0.110442
FixedParameters: 0 0 0

#Transform 21
Transform: AffineTransform_float_3_3
Parameters: 0.999964 0.00587401 -0.00621341 -0.00588947 0.99998 -0.00236958 0.00619921 0.00240642 0.999978 -0.351866 0.0371039 -0.141564
FixedParameters: 0 0 0

#Transform 22
Transform: AffineTransform_float_3_3
Parameters: 0.999963 0.00610114 -0.00609635 -0.0061194 0.999977 -0.00300705 0.00607791 0.00304495 0.999977 -0.355645 -0.0199999 -0.139613
FixedParameters: 0 0 0

#Transform 23
Transform: AffineTransform_float_3_3
Parameters: 0.999964 0.00562536 -0.00624513 -0.00564771 0.999977 -0.00360378 0.0062255 0.00363922 0.999974 -0.333458 0.034022 -0.166612
FixedParameters: 0 0 0

#Transform 24
Transform: AffineTransform_float_3_3
Parameters: 0.999966 0.00571715 -0.00591456 -0.00573118 0.999981 -0.00228036 0.00590123 0.00231364 0.99998 -0.330745 0.00481947 -0.137908
FixedParameters: 0 0 0

#Transform 25
Transform: AffineTransform_float_3_3
Parameters: 0.999969 0.00543081 -0.0055863 -0.00545091 0.999979 -0.00364579 0.00556683 0.00367622 0.999978 -0.31304 0.0188587 -0.167802
FixedParameters: 0 0 0

#Transform 26
Transform: AffineTransform_float_3_3
Parameters: 0.99997 0.00562924 -0.00533919 -0.00564615 0.999979 -0.00311924 0.00532156 0.00314876 0.999981 -0.308945 -0.00630155 -0.163927
FixedParameters: 0 0 0

#Transform 27
Transform: AffineTransform_float_3_3
Parameters: 0.999967 0.00597433 -0.00553594 -0.00598894 0.999979 -0.00260237 0.00552049 0.00263563 0.999981 -0.329392 -0.00344866 -0.166315
FixedParameters: 0 0 0

#Transform 28
Transform: AffineTransform_float_3_3
Parameters: 0.999967 0.00550426 -0.00587845 -0.00552609 0.999978 -0.00361065 0.00585882 0.00364234 0.999976 -0.307195 0.0366958 -0.237568
FixedParameters: 0 0 0

#Transform 29
Transform: AffineTransform_float_3_3
Parameters: 0.999966 0.00565993 -0.00590753 -0.00567526 0.99998 -0.00257566 0.00589294 0.00260934 0.999979 -0.33028 -0.0392842 -0.180815
FixedParameters: 0 0 0

#Transform 30
Transform: AffineTransform_float_3_3
Parameters: 0.999964 0.00561597 -0.00632619 -0.00564109 0.999976 -0.00402138 0.00630267 0.00405662 0.999972 -0.30948 0.0294675 -0.219181
FixedParameters: 0 0 0

#Transform 31
Transform: AffineTransform_float_3_3
Parameters: 0.999961 0.00604051 -0.00654008 -0.00606641 0.999973 -0.00395946 0.00651585 0.00399854 0.999971 -0.347661 -0.0298847 -0.195198
FixedParameters: 0 0 0

#Transform 32
Transform: AffineTransform_float_3_3
Parameters: 0.999957 0.00672213 -0.00649293 -0.00674614 0.999971 -0.00360881 0.00646822 0.00365319 0.999972 -0.382396 0.0671112 -0.182103
FixedParameters: 0 0 0

#Transform 33
Transform: AffineTransform_float_3_3
Parameters: 0.999958 0.00667506 -0.00627917 -0.00670123 0.999969 -0.00417264 0.006251 0.00421436 0.999972 -0.394936 -0.0254647 -0.201692
FixedParameters: 0 0 0

#Transform 34
Transform: AffineTransform_float_3_3
Parameters: 0.999954 0.00708494 -0.00646527 -0.0071139 0.999965 -0.00444789 0.00643354 0.00449311 0.999969 -0.402288 0.0688618 -0.216768
FixedParameters: 0 0 0

#Transform 35
Transform: AffineTransform_float_3_3
Parameters: 0.999958 0.00668053 -0.00624257 -0.00670348 0.99997 -0.00376485 0.006218 0.00380616 0.999973 -0.397074 0.0011566 -0.202299
FixedParameters: 0 0 0

#Transform 36
Transform: AffineTransform_float_3_3
Parameters: 0.999948 0.00747097 -0.00703294 -0.00750154 0.999963 -0.00434511 0.00700008 0.00439789 0.999966 -0.440215 0.0693599 -0.220519
FixedParameters: 0 0 0

#Transform 37
Transform: AffineTransform_float_3_3
Parameters: 0.999946 0.00764085 -0.00707015 -0.00767073 0.999961 -0.00427271 0.0070369 0.0043263 0.999966 -0.443663 0.0274718 -0.242532
FixedParameters: 0 0 0

#Transform 38
Transform: AffineTransform_float_3_3
Parameters: 0.999942 0.00781628 -0.00739048 -0.0078492 0.999959 -0.00450994 0.00735471 0.00456807 0.999963 -0.458563 0.0447337 -0.247591
FixedParameters: 0 0 0

#Transform 39
Transform: AffineTransform_float_3_3
Parameters: 0.999943 0.00761037 -0.00756608 -0.00764376 0.999961 -0.00435785 0.00753259 0.00441514 0.999961 -0.454995 0.0442827 -0.268538
FixedParameters: 0 0 0

#Transform 40
Transform: AffineTransform_float_3_3
Parameters: 0.999938 0.00803142 -0.00769583 -0.00806326 0.999959 -0.00411585 0.00766259 0.00417715 0.999962 -0.470859 0.0296761 -0.254452
FixedParameters: 0 0 0

#Transform 41
Transform: AffineTransform_float_3_3
Parameters: 0.999927 0.00836135 -0.00880195 -0.0084028 0.999954 -0.00461862 0.00876273 0.00469237 0.99995 -0.494382 0.0650926 -0.311371
FixedParameters: 0 0 0

#Transform 42
Transform: AffineTransform_float_3_3
Parameters: 0.999926 0.00836197 -0.00881874 -0.00840124 0.999955 -0.00436247 0.00878199 0.00443552 0.999951 -0.515662 0.00395907 -0.304903
FixedParameters: 0 0 0

#Transform 43
Transform: AffineTransform_float_3_3
Parameters: 0.999925 0.00839944 -0.00891462 -0.00844693 0.999951 -0.00526832 0.00887055 0.00534268 0.999946 -0.504105 0.0746002 -0.337803
FixedParameters: 0 0 0

#Transform 44
Transform: AffineTransform_float_3_3
Parameters: 0.999929 0.00838187 -0.00840502 -0.00841386 0.999957 -0.00382498 0.00837261 0.00389502 0.999958 -0.508533 0.0124925 -0.305622
FixedParameters: 0 0 0

#Transform 45
Transform: AffineTransform_float_3_3
Parameters: 0.999927 0.00831646 -0.00884564 -0.00836158 0.999952 -0.00510557 0.00880228 0.00517843 0.999948 -0.492931 0.0804153 -0.319716
FixedParameters: 0 0 0

#Transform 46
Transform: AffineTransform_float_3_3
Parameters: 0.999926 0.0083149 -0.00893404 -0.00835404 0.999955 -0.00435376 0.00889776 0.00442824 0.99995 -0.504263 0.0128182 -0.315367
FixedParameters: 0 0 0

#Transform 47
Transform: AffineTransform_float_3_3
Parameters: 0.999912 0.00929327 -0.00949004 -0.00934223 0.999943 -0.00518827 0.00944058 0.00527672 0.999941 -0.517943 0.0814942 -0.337233
FixedParameters: 0 0 0

#Transform 48
Transform: AffineTransform_float_3_3
Parameters: 0.999911 0.00930115 -0.00950284 -0.0093447 0.999946 -0.00450107 0.00946074 0.00458893 0.999945 -0.522051 0.0229938 -0.335514
FixedParameters: 0 0 0

#Transform 49
Transform: AffineTransform_float_3_3
Parameters: 0.999904 0.00982261 -0.00979691 -0.00986569 0.999942 -0.00439144 0.00975306 0.00448756 0.999943 -0.525682 0.100697 -0.318204
FixedParameters: 0 0 0

#Transform 50
Transform: AffineTransform_float_3_3
Parameters: 0.999917 0.00889614 -0.00925312 -0.00893887 0.999949 -0.00463193 0.00921134 0.00471407 0.999947 -0.512378 0.0489574 -0.329298
FixedParameters: 0 0 0

#Transform 51
Transform: AffineTransform_float_3_3
Parameters: 0.99993 0.00856877 -0.00813189 -0.0086111 0.999949 -0.00521411 0.00808635 0.00528389 0.999953 -0.463586 0.0470113 -0.309575
FixedParameters: 0 0 0

#Transform 52
Transform: AffineTransform_float_3_3
Parameters: 0.999946 0.00744442 -0.00728318 -0.00747474 0.999963 -0.00417025 0.00725215 0.00422476 0.999965 -0.416286 3.62559e-05 -0.19328
FixedParameters: 0 0 0

#Transform 53
Transform: AffineTransform_float_3_3
Parameters: 0.999941 0.0081223 -0.00729358 -0.00815734 0.999955 -0.00473871 0.00725527 0.00479829 0.999962 -0.425163 0.0832359 -0.220173
FixedParameters: 0 0 0

#Transform 54
Transform: AffineTransform_float_3_3
Parameters: 0.999951 0.00752289 -0.00643482 -0.00755324 0.99996 -0.00467353 0.00639866 0.00472146 0.999969 -0.3841 0.0334452 -0.215067
FixedParameters: 0 0 0

#Transform 55
Transform: AffineTransform_float_3_3
Parameters: 0.999949 0.00789888 -0.00639149 -0.00792899 0.999958 -0.00470488 0.00635428 0.00475513 0.999968 -0.391912 0.0607217 -0.196168
FixedParameters: 0 0 0

#Transform 56
Transform: AffineTransform_float_3_3
Parameters: 0.99995 0.00757383 -0.00649833 -0.00760194 0.999962 -0.0042868 0.00646574 0.00433619 0.999969 -0.369894 0.136215 -0.227352
FixedParameters: 0 0 0

#Transform 57
Transform: AffineTransform_float_3_3
Parameters: 0.999947 0.0080372 -0.00631936 -0.00806645 0.999957 -0.00460558 0.00628152 0.00465642 0.99997 -0.395746 0.0472904 -0.226576
FixedParameters: 0 0 0

#Transform 58
Transform: AffineTransform_float_3_3
Parameters: 0.999952 0.00746432 -0.00633317 -0.00749292 0.999962 -0.00452476 0.00629888 0.00457223 0.999969 -0.367564 0.0788217 -0.241729
FixedParameters: 0 0 0

#Transform 59
Transform: AffineTransform_float_3_3
Parameters: 0.999944 0.00818772 -0.00662536 -0.00821881 0.999955 -0.00469809 0.0065874 0.00475192 0.999967 -0.398806 0.0652622 -0.212176
FixedParameters: 0 0 0

#Transform 60
Transform: AffineTransform_float_3_3
Parameters: 0.999951 0.00748473 -0.00644482 -0.00750988 0.999964 -0.0038337 0.00641606 0.00388229 0.999972 -0.381713 0.101459 -0.17212
FixedParameters: 0 0 0

#Transform 61
Transform: AffineTransform_float_3_3
Parameters: 0.999949 0.00795944 -0.00612067 -0.00798474 0.999961 -0.00398974 0.00608882 0.00403926 0.999973 -0.384617 0.0573047 -0.147984
FixedParameters: 0 0 0

#Transform 62
Transform: AffineTransform_float_3_3
Parameters: 0.999956 0.00717591 -0.00595409 -0.00720117 0.999965 -0.00417225 0.00592389 0.00421474 0.999974 -0.340835 0.11162 -0.183376
FixedParameters: 0 0 0

#Transform 63
Transform: AffineTransform_float_3_3
Parameters: 0.999959 0.00721717 -0.00550424 -0.00723764 0.999967 -0.00368645 0.00547709 0.00372654 0.999978 -0.351605 0.0331401 -0.166009
FixedParameters: 0 0 0

#Transform 64
Transform: AffineTransform_float_3_3
Parameters: 0.999961 0.00700507 -0.00548313 -0.00702343 0.99997 -0.00330268 0.00546014 0.00334131 0.999979 -0.298025 0.0747987 -0.145245
FixedParameters: 0 0 0

#Transform 65
Transform: AffineTransform_float_3_3
Parameters: 0.99997 0.00597343 -0.00504778 -0.00598802 0.999978 -0.00286448 0.00503021 0.00289451 0.999983 -0.252944 -0.0458132 -0.0283159
FixedParameters: 0 0 0

#Transform 66
Transform: AffineTransform_float_3_3
Parameters: 0.999975 0.00555577 -0.00436983 -0.00556442 0.999982 -0.00200531 0.0043587 0.00202969 0.999989 -0.199776 0.0111308 0.0389858
FixedParameters: 0 0 0

#Transform 67
Transform: AffineTransform_float_3_3
Parameters: 0.999978 0.00539995 -0.00384831 -0.00540651 0.999984 -0.001727 0.003839 0.001748 0.999991 -0.178545 -0.0714765 0.0427071
FixedParameters: 0 0 0

#Transform 68
Transform: AffineTransform_float_3_3
Parameters: 0.999977 0.0054665 -0.00417688 -0.00547571 0.999983 -0.00204585 0.00416576 0.00206915 0.999989 -0.196277 0.0240845 0.0315879
FixedParameters: 0 0 0

#Transform 69
Transform: AffineTransform_float_3_3
Parameters: 0.999978 0.00550483 -0.0037399 -0.00551106 0.999983 -0.0015892 0.00373084 0.0016098 0.999992 -0.179419 0.00490925 0.0234856
FixedParameters: 0 0 0

#Transform 70
Transform: AffineTransform_float_3_3
Parameters: 0.99998 0.00499458 -0.00371757 -0.00500486 0.999984 -0.00260498 0.00370472 0.00262401 0.99999 -0.151371 -0.0225006 0.12647
FixedParameters: 0 0 0

#Transform 71
Transform: AffineTransform_float_3_3
Parameters: 0.999984 0.0046355 -0.00320183 -0.00464065 0.999987 -0.00167873 0.00319375 0.00169327 0.999993 -0.111418 -0.00798048 0.100471
FixedParameters: 0 0 0

#Transform 72
Transform: AffineTransform_float_3_3
Parameters: 0.999983 0.00502751 -0.00317213 -0.00503327 0.999986 -0.00198679 0.00316253 0.00200321 0.999993 -0.113945 0.0489088 0.0933207
FixedParameters: 0 0 0

#Transform 73
Transform: AffineTransform_float_3_3
Parameters: 0.999983 0.00485585 -0.00321823 -0.00486329 0.999986 -0.00205302 0.00320775 0.00206897 0.999993 -0.113748 -0.0615196 0.135577
FixedParameters: 0 0 0

#Transform 74
Transform: AffineTransform_float_3_3
Parameters: 0.999982 0.00504224 -0.00342781 -0.00504992 0.999985 -0.00227644 0.00341614 0.00229356 0.999991 -0.129018 0.0473915 0.112563
FixedParameters: 0 0 0

#Transform 75
Transform: AffineTransform_float_3_3
Parameters: 0.999982 0.00512709 -0.00317895 -0.00513218 0.999986 -0.00169552 0.00317003 0.00171248 0.999993 -0.13562 -0.0527295 0.130876
FixedParameters: 0 0 0

#Transform 76
Transform: AffineTransform_float_3_3
Parameters: 0.999982 0.00504937 -0.00317241 -0.00505442 0.999985 -0.00169271 0.00316379 0.00170829 0.999993 -0.122411 0.0411149 0.128058
FixedParameters: 0 0 0

#Transform 77
Transform: AffineTransform_float_3_3
Parameters: 0.999984 0.0046941 -0.00314027 -0.00469835 0.999988 -0.00122483 0.00313443 0.00124017 0.999995 -0.125925 -0.0287569 0.133815
FixedParameters: 0 0 0

#Transform 78
Transform: AffineTransform_float_3_3
Parameters: 0.99998 0.00530891 -0.0033798 -0.0053158 0.999984 -0.00204295 0.00336947 0.00206106 0.999992 -0.135477 0.0468165 0.103915
FixedParameters: 0 0 0

#Transform 79
Transform: AffineTransform_float_3_3
Parameters: 0.999985 0.00464009 -0.00313918 -0.00464638 0.999988 -0.00192101 0.00313083 0.00193599 0.999994 -0.162178 -0.0013755 0.102902
FixedParameters: 0 0 0

#Transform 80
Transform: AffineTransform_float_3_3
Parameters: 0.999982 0.00525819 -0.00313319 -0.00526465 0.999983 -0.00213834 0.00312207 0.00215466 0.999993 -0.170491 0.0435116 0.0577085
FixedParameters: 0 0 0

#Transform 81
Transform: AffineTransform_float_3_3
Parameters: 0.999989 0.00423338 -0.00176576 -0.00423876 0.999987 -0.00296224 0.00175326 0.00296976 0.999994 -0.123519 0.10475 -0.159245
FixedParameters: 0 0 0

#Transform 82
Transform: AffineTransform_float_3_3
Parameters: 0.999996 0.00282163 0.000566059 -0.0028213 0.999995 -0.000956859 -0.000568382 0.000955142 1 -0.138429 0.219755 -0.327636
FixedParameters: 0 0 0

#Transform 83
Transform: AffineTransform_float_3_3
Parameters: 0.999995 0.00288743 0.00133974 -0.00288491 0.999994 -0.00187315 -0.00134431 0.00186886 0.999997 -0.189103 0.234232 -0.344567
FixedParameters: 0 0 0

#Transform 84
Transform: AffineTransform_float_3_3
Parameters: 0.999993 0.00353316 0.000673097 -0.00353151 0.999991 -0.00221283 -0.000680587 0.00221117 0.999997 -0.234176 0.198484 -0.332655
FixedParameters: 0 0 0

#Transform 85
Transform: AffineTransform_float_3_3
Parameters: 0.999991 0.0042888 0.000180667 -0.00428871 0.999986 -0.00294055 -0.000193766 0.00294044 0.999995 -0.289405 0.252781 -0.362674
FixedParameters: 0 0 0

#Transform 86
Transform: AffineTransform_float_3_3
Parameters: 0.99999 0.00449875 -0.00018229 -0.0044997 0.999985 -0.00290203 0.00016921 0.00290297 0.999996 -0.315897 0.187408 -0.390215
FixedParameters: 0 0 0

#Transform 87
Transform: AffineTransform_float_3_3
Parameters: 0.99999 0.00456023 -0.000520317 -0.00456247 0.999984 -0.00346656 0.00050463 0.00346845 0.999994 -0.325946 0.288249 -0.441739
FixedParameters: 0 0 0

#Transform 88
Transform: AffineTransform_float_3_3
Parameters: 0.999988 0.00502356 -0.000501355 -0.00502539 0.999983 -0.00317758 0.000485356 0.00318042 0.999995 -0.366913 0.205579 -0.463825
FixedParameters: 0 0 0

#Transform 89
Transform: AffineTransform_float_3_3
Parameters: 0.999988 0.00494984 -0.000669921 -0.00495216 0.999981 -0.0036237 0.000651883 0.00362631 0.999994 -0.340547 0.273002 -0.495274
FixedParameters: 0 0 0

#Transform 90
Transform: AffineTransform_float_3_3
Parameters: 0.999989 0.00482308 -0.000227957 -0.00482422 0.999983 -0.00310684 0.000213009 0.00310816 0.999995 -0.356349 0.195096 -0.504144
FixedParameters: 0 0 0

#Transform 91
Transform: AffineTransform_float_3_3
Parameters: 0.999991 0.00419233 -0.000527783 -0.00419344 0.999987 -0.00295847 0.000514839 0.00296153 0.999996 -0.323081 0.252179 -0.4355
FixedParameters: 0 0 0

#Transform 92
Transform: AffineTransform_float_3_3
Parameters: 0.999989 0.00453891 0.000174909 -0.00453814 0.999987 -0.00238865 -0.00018554 0.00238735 0.999997 -0.323107 0.173883 -0.329992
FixedParameters: 0 0 0

#Transform 93
Transform: AffineTransform_float_3_3
Parameters: 0.999991 0.00420001 -6.03621e-05 -0.00420034 0.999987 -0.00286752 4.83113e-05 0.00286848 0.999996 -0.292712 0.236002 -0.339989
FixedParameters: 0 0 0

#Transform 94
Transform: AffineTransform_float_3_3
Parameters: 0.999991 0.00421624 0.00013242 -0.00421664 0.999988 -0.00251833 -0.000142528 0.00251767 0.999997 -0.267303 0.237826 -0.227357
FixedParameters: 0 0 0

#Transform 95
Transform: AffineTransform_float_3_3
Parameters: 0.999992 0.00399495 0.000116067 -0.00399467 0.999989 -0.00226207 -0.000125088 0.00226193 0.999998 -0.276749 0.212925 -0.181069
FixedParameters: 0 0 0

#Transform 96
Transform: AffineTransform_float_3_3
Parameters: 0.999996 0.00239068 0.00105198 -0.00238898 0.999996 -0.0011647 -0.00105447 0.0011623 0.999998 -0.192882 0.35616 -0.361812
FixedParameters: 0 0 0

#Transform 97
Transform: AffineTransform_float_3_3
Parameters: 0.999996 0.0016514 0.00237868 -0.00164487 0.999995 -0.00277079 -0.00238324 0.00276721 0.999993 -0.163156 0.273675 -0.668454
FixedParameters: 0 0 0

#Transform 98
Transform: AffineTransform_float_3_3
Parameters: 0.999998 0.00117838 0.00191614 -0.00116514 0.999977 -0.00667418 -0.00192374 0.00667182 0.999976 -0.106556 0.280442 -0.933243
FixedParameters: 0 0 0

#Transform 99
Transform: AffineTransform_float_3_3
Parameters: 0.999982 -0.000824073 0.00590205 0.000862819 0.999978 -0.00655366 -0.00589685 0.00655833 0.999961 0.00649337 0.209416 -1.02313
FixedParameters: 0 0 0

#Transform 100
Transform: AffineTransform_float_3_3
Parameters: 0.99999 -0.000978215 0.00439272 0.00100918 0.999973 -0.00725187 -0.00438565 0.00725614 0.999965 -0.0094994 0.287817 -1.08202
FixedParameters: 0 0 0

#Transform 101
Transform: AffineTransform_float_3_3
Parameters: 0.999989 -0.00165589 0.00444179 0.00168326 0.99998 -0.00599996 -0.00443165 0.00600704 0.999972 0.0113301 0.332851 -1.01816
FixedParameters: 0 0 0

#Transform 102
Transform: AffineTransform_float_3_3
Parameters: 0.999987 -0.00109588 0.00500911 0.00112425 0.999984 -0.0055845 -0.00500247 0.0055905 0.999972 -0.0367628 0.23707 -0.930022
FixedParameters: 0 0 0

#Transform 103
Transform: AffineTransform_float_3_3
Parameters: 0.999984 -0.000837798 0.00560779 0.000864224 0.999988 -0.00480595 -0.00560437 0.00481005 0.999973 -0.00390598 0.315403 -1.00015
FixedParameters: 0 0 0

#Transform 104
Transform: AffineTransform_float_3_3
Parameters: 0.999981 -0.00108282 0.00603061 0.0011086 0.999991 -0.00416602 -0.00602649 0.00417297 0.999973 -0.00379256 0.273405 -0.992154
FixedParameters: 0 0 0

#Transform 105
Transform: AffineTransform_float_3_3
Parameters: 0.99998 -0.0011324 0.00624321 0.00115658 0.999992 -0.0038894 -0.00623831 0.0038966 0.999973 0.0266516 0.306776 -1.04311
FixedParameters: 0 0 0

#Transform 106
Transform: AffineTransform_float_3_3
Parameters: 0.999979 -0.00135422 0.0063217 0.00137633 0.999993 -0.0034469 -0.00631753 0.0034551 0.999974 0.0116991 0.252649 -1.00167
FixedParameters: 0 0 0

#Transform 107
Transform: AffineTransform_float_3_3
Parameters: 0.999976 -0.00151992 0.0067252 0.00153963 0.999994 -0.00290499 -0.00672071 0.002916 0.999973 0.046188 0.329012 -0.998066
FixedParameters: 0 0 0

#Transform 108
Transform: AffineTransform_float_3_3
Parameters: 0.999974 -0.0017628 0.00709109 0.0017794 0.999996 -0.00246463 -0.00708684 0.00247738 0.999972 0.0525876 0.250417 -0.959867
FixedParameters: 0 0 0

#Transform 109
Transform: AffineTransform_float_3_3
Parameters: 0.999971 -0.00181323 0.00737594 0.00183373 0.999995 -0.00270056 -0.00737048 0.00271444 0.99997 0.101555 0.365385 -1.00208
FixedParameters: 0 0 0

#Transform 110
Transform: AffineTransform_float_3_3
Parameters: 0.999964 -0.00200601 0.00825621 0.00201779 0.999997 -0.00150988 -0.00825302 0.00152613 0.999965 0.120855 0.267329 -0.989308
FixedParameters: 0 0 0

#Transform 111
Transform: AffineTransform_float_3_3
Parameters: 0.999968 -0.0022399 0.00770739 0.0022586 0.999995 -0.00240557 -0.00770203 0.00242343 0.999967 0.156064 0.325494 -0.998453
FixedParameters: 0 0 0

#Transform 112
Transform: AffineTransform_float_3_3
Parameters: 0.999962 -0.00250188 0.00834024 0.00250943 0.999997 -0.000994729 -0.00833746 0.00101528 0.999964 0.14561 0.277551 -0.998969
FixedParameters: 0 0 0

#Transform 113
Transform: AffineTransform_float_3_3
Parameters: 0.999965 -0.00222114 0.00814564 0.00224147 0.999994 -0.00249839 -0.00813979 0.00251661 0.999964 0.121265 0.309466 -1.03129
FixedParameters: 0 0 0

#Transform 114
Transform: AffineTransform_float_3_3
Parameters: 0.999962 -0.00259689 0.00829194 0.0026132 0.999995 -0.00190402 -0.00828671 0.00192597 0.999964 0.168732 0.304128 -1.04761
FixedParameters: 0 0 0

#Transform 115
Transform: AffineTransform_float_3_3
Parameters: 0.99996 -0.00292946 0.00852159 0.00294111 0.999995 -0.00133859 -0.00851774 0.00136341 0.999963 0.171014 0.281754 -0.993997
FixedParameters: 0 0 0

#Transform 116
Transform: AffineTransform_float_3_3
Parameters: 0.999958 -0.00305166 0.00861369 0.00306683 0.999994 -0.00176424 -0.00860756 0.00179076 0.999961 0.212919 0.320945 -1.06524
FixedParameters: 0 0 0

#Transform 117
Transform: AffineTransform_float_3_3
Parameters: 0.999957 -0.00303302 0.00881531 0.00303784 0.999995 -0.00055658 -0.00881443 0.000583425 0.999961 0.207454 0.298346 -1.01587
FixedParameters: 0 0 0

#Transform 118
Transform: AffineTransform_float_3_3
Parameters: 0.999956 -0.00318882 0.00884609 0.00320035 0.999995 -0.00128123 -0.0088419 0.00130877 0.99996 0.205753 0.373588 -0.981741
FixedParameters: 0 0 0

#Transform 119
Transform: AffineTransform_float_3_3
Parameters: 0.999952 -0.00343748 0.0091649 0.00344286 0.999994 -0.000562775 -0.0091635 0.000594226 0.999958 0.204032 0.310599 -0.994172
FixedParameters: 0 0 0

#Transform 120
Transform: AffineTransform_float_3_3
Parameters: 0.999957 -0.00304246 0.00868825 0.0030556 0.999994 -0.00151694 -0.00868383 0.00154406 0.999962 0.18843 0.333936 -0.974909
FixedParameters: 0 0 0

#Transform 121
Transform: AffineTransform_float_3_3
Parameters: 0.999953 -0.00319092 0.00922453 0.00320738 0.999993 -0.00177365 -0.00921875 0.00180335 0.999955 0.223707 0.296532 -1.02836
FixedParameters: 0 0 0

#Transform 122
Transform: AffineTransform_float_3_3
Parameters: 0.999951 -0.00355353 0.00918871 0.00356179 0.999994 -0.000830608 -0.00918609 0.000863391 0.999958 0.220503 0.305978 -1.00515
FixedParameters: 0 0 0

#Transform 123
Transform: AffineTransform_float_3_3
Parameters: 0.999954 -0.00314428 0.0090822 0.0031538 0.999994 -0.00102164 -0.00907892 0.00105035 0.999958 0.254833 0.437058 -0.937599
FixedParameters: 0 0 0

#Transform 124
Transform: AffineTransform_float_3_3
Parameters: 0.999946 -0.0031857 0.0098267 0.00320181 0.999993 -0.00164527 -0.00982175 0.00167674 0.999951 0.216722 0.32179 -1.04863
FixedParameters: 0 0 0

#Transform 125
Transform: AffineTransform_float_3_3
Parameters: 0.999955 -0.00380727 0.0086211 0.00382108 0.999991 -0.00156983 -0.00861492 0.00160217 0.999962 0.210825 0.375412 -0.745853
FixedParameters: 0 0 0

#Transform 126
Transform: AffineTransform_float_3_3
Parameters: 0.999949 -0.00338512 0.00953812 0.00338874 0.999994 -0.000386666 -0.00953606 0.000419334 0.999955 0.190342 0.375291 -0.806709
FixedParameters: 0 0 0

#Transform 127
Transform: AffineTransform_float_3_3
Parameters: 0.999964 -0.00306069 0.00797965 0.00308198 0.999992 -0.00268651 -0.00797132 0.00271049 0.999964 0.201385 0.420885 -0.978609
FixedParameters: 0 0 0

#Transform 128
Transform: AffineTransform_float_3_3
Parameters: 0.999958 -0.00264614 0.00884273 0.00265985 0.999995 -0.00152382 -0.0088395 0.00154718 0.99996 0.173394 0.365779 -0.987556
FixedParameters: 0 0 0

#Transform 129
Transform: AffineTransform_float_3_3
Parameters: 0.99995 -0.00342003 0.00941333 0.00345038 0.999989 -0.00318981 -0.00940188 0.00322218 0.99995 0.295307 0.480483 -1.20619
FixedParameters: 0 0 0

#Transform 130
Transform: AffineTransform_float_3_3
Parameters: 0.999963 -0.00271762 0.008095 0.00275627 0.999985 -0.00473864 -0.00808191 0.00476036 0.999956 0.192883 0.368847 -1.245
FixedParameters: 0 0 0

#Transform 131
Transform: AffineTransform_float_3_3
Parameters: 0.999964 -0.00278849 0.00793626 0.00282283 0.999987 -0.00436869 -0.00792385 0.00439031 0.999959 0.200227 0.468757 -1.29368
FixedParameters: 0 0 0

#Transform 132
Transform: AffineTransform_float_3_3
Parameters: 0.999963 -0.00243763 0.00819135 0.00247234 0.999989 -0.00418362 -0.008181 0.00420438 0.999957 0.185745 0.358427 -1.32996
FixedParameters: 0 0 0

#Transform 133
Transform: AffineTransform_float_3_3
Parameters: 0.999963 -0.00257089 0.00819778 0.00261017 0.999985 -0.00477348 -0.00818483 0.00479452 0.999955 0.217714 0.462504 -1.34661
FixedParameters: 0 0 0

#Transform 134
Transform: AffineTransform_float_3_3
Parameters: 0.999963 -0.00231359 0.00821131 0.00234722 0.999989 -0.00404251 -0.00820177 0.00406149 0.999958 0.184115 0.378563 -1.3675
FixedParameters: 0 0 0

#Transform 135
Transform: AffineTransform_float_3_3
Parameters: 0.999965 -0.00244647 0.00800591 0.0024861 0.999984 -0.00497799 -0.00799406 0.00499802 0.999956 0.193419 0.433689 -1.42624
FixedParameters: 0 0 0

#Transform 136
Transform: AffineTransform_float_3_3
Parameters: 0.999972 -0.00214856 0.00725696 0.00218152 0.999987 -0.00453645 -0.00724762 0.00455254 0.999963 0.134531 0.378192 -1.39867
FixedParameters: 0 0 0

#Transform 137
Transform: AffineTransform_float_3_3
Parameters: 0.999969 -0.00231275 0.00754972 0.00235273 0.999983 -0.00537047 -0.00753729 0.00538854 0.999957 0.163434 0.475548 -1.43159
FixedParameters: 0 0 0

#Transform 138
Transform: AffineTransform_float_3_3
Parameters: 0.999974 -0.00218246 0.006959 0.00221679 0.999985 -0.00497903 -0.00694823 0.00499497 0.999963 0.105184 0.363079 -1.4271
FixedParameters: 0 0 0

#Transform 139
Transform: AffineTransform_float_3_3
Parameters: 0.999977 -0.00218944 0.00650928 0.00222567 0.999983 -0.00547822 -0.00649723 0.00549278 0.999964 0.0998921 0.461861 -1.44617
FixedParameters: 0 0 0

#Transform 140
Transform: AffineTransform_float_3_3
Parameters: 0.999971 -0.00206272 0.00740135 0.00209504 0.999989 -0.00426469 -0.00739309 0.00427931 0.999964 0.125782 0.367596 -1.42867
FixedParameters: 0 0 0

#Transform 141
Transform: AffineTransform_float_3_3
Parameters: 0.999975 -0.0023848 0.0066227 0.00241698 0.999986 -0.00476968 -0.00661125 0.00478532 0.999967 0.14356 0.418903 -1.45675
FixedParameters: 0 0 0

#Transform 142
Transform: AffineTransform_float_3_3
Parameters: 0.999974 -0.00210665 0.00679018 0.00213146 0.999991 -0.00364303 -0.00678271 0.00365796 0.99997 0.137405 0.386775 -1.47943
FixedParameters: 0 0 0

#Transform 143
Transform: AffineTransform_float_3_3
Parameters: 0.999976 -0.00211858 0.00658612 0.00214407 0.99999 -0.00389047 -0.00657842 0.00390453 0.999971 0.135275 0.428261 -1.45513
FixedParameters: 0 0 0

#Transform 144
Transform: AffineTransform_float_3_3
Parameters: 0.999982 -0.00172989 0.00576989 0.00174775 0.999994 -0.00305582 -0.00576384 0.00306517 0.999978 0.07159 0.431149 -1.51985
FixedParameters: 0 0 0

#Transform 145
Transform: AffineTransform_float_3_3
Parameters: 0.999989 -0.00102414 0.0045809 0.00104548 0.999989 -0.00467549 -0.00457647 0.00468051 0.999979 0.0247812 0.411354 -1.49744
FixedParameters: 0 0 0

#Transform 146
Transform: AffineTransform_float_3_3
Parameters: 0.999986 -0.00076492 0.00518958 0.000793241 0.999985 -0.00536893 -0.00518498 0.00537306 0.999972 0.0230352 0.421272 -1.5415
FixedParameters: 0 0 0

#Transform 147
Transform: AffineTransform_float_3_3
Parameters: 0.999985 -0.000971777 0.0054209 0.000998891 0.999987 -0.00494354 -0.005416 0.00494845 0.999973 0.0162891 0.387528 -1.5014
FixedParameters: 0 0 0

#Transform 148
Transform: AffineTransform_float_3_3
Parameters: 0.999989 -0.0010668 0.00443118 0.00108262 0.999994 -0.00339554 -0.00442672 0.00340045 0.999984 0.0286452 0.485877 -1.49006
FixedParameters: 0 0 0

#Transform 149
Transform: AffineTransform_float_3_3
Parameters: 0.999985 -0.00121166 0.00534314 0.00123029 0.999993 -0.00355944 -0.00533887 0.00356556 0.999979 0.0425267 0.417573 -1.53918
FixedParameters: 0 0 0

#Transform 150
Transform: AffineTransform_float_3_3
Parameters: 0.999986 -0.00139237 0.0051304 0.00140661 0.999996 -0.00278495 -0.00512643 0.00279205 0.999983 0.0399199 0.461257 -1.49948
FixedParameters: 0 0 0

#Transform 151
Transform: AffineTransform_float_3_3
Parameters: 0.999985 -0.00177128 0.00520139 0.00178673 0.999994 -0.00307086 -0.00519611 0.00308014 0.999981 0.0804683 0.414979 -1.52416
FixedParameters: 0 0 0

#Transform 152
Transform: AffineTransform_float_3_3
Parameters: 0.999987 -0.00160791 0.0047903 0.0016161 0.999997 -0.00171748 -0.00478808 0.00172551 0.999987 0.0456518 0.402451 -1.48493
FixedParameters: 0 0 0

#Transform 153
Transform: AffineTransform_float_3_3
Parameters: 0.999988 -0.00154357 0.00479466 0.00155339 0.999997 -0.00209478 -0.00479133 0.00210222 0.999986 0.07849 0.48899 -1.48565
FixedParameters: 0 0 0

#Transform 154
Transform: AffineTransform_float_3_3
Parameters: 0.999987 -0.0014808 0.00492119 0.00149203 0.999996 -0.00228481 -0.00491748 0.00229219 0.999985 0.0591114 0.398774 -1.52758
FixedParameters: 0 0 0

#Transform 155
Transform: AffineTransform_float_3_3
Parameters: 0.999982 -0.00173947 0.00573495 0.00176607 0.999988 -0.00456781 -0.00572783 0.00457819 0.999973 0.0978455 0.433769 -1.47753
FixedParameters: 0 0 0

#Transform 156
Transform: AffineTransform_float_3_3
Parameters: 0.999978 -0.00185534 0.0063336 0.00186139 0.999998 -0.00095683 -0.00633152 0.000969168 0.999979 0.0866641 0.44213 -1.32263
FixedParameters: 0 0 0

#Transform 157
Transform: AffineTransform_float_3_3
Parameters: 0.999992 -0.000396726 0.00408317 0.000412985 0.999992 -0.00397367 -0.00408163 0.00397533 0.999984 0.0150783 0.422735 -1.45498
FixedParameters: 0 0 0

#Transform 158
Transform: AffineTransform_float_3_3
Parameters: 0.999992 -0.000233411 0.00404868 0.000246782 0.999994 -0.00339436 -0.00404789 0.00339564 0.999986 -0.00167136 0.413301 -1.48931
FixedParameters: 0 0 0

#Transform 159
Transform: AffineTransform_float_3_3
Parameters: 0.999993 -0.000182516 0.00360849 0.000193473 0.999995 -0.00291074 -0.00360758 0.00291126 0.99999 -0.0270636 0.471343 -1.4844
FixedParameters: 0 0 0

#Transform 160
Transform: AffineTransform_float_3_3
Parameters: 0.999993 0.000176575 0.00374564 -0.000162483 0.999993 -0.00375406 -0.00374677 0.00375394 0.999986 -0.0284389 0.433855 -1.54238
FixedParameters: 0 0 0

#Transform 161
Transform: AffineTransform_float_3_3
Parameters: 0.999991 1.13308e-05 0.00429875 3.85744e-06 0.999994 -0.00351527 -0.00429854 0.00351473 0.999984 -0.000728631 0.406809 -1.52626
FixedParameters: 0 0 0

#Transform 162
Transform: AffineTransform_float_3_3
Parameters: 0.999988 -0.000659736 0.00486932 0.000676983 0.999993 -0.00364581 -0.00486695 0.00364919 0.999981 0.0338069 0.465159 -1.60446
FixedParameters: 0 0 0

#Transform 163
Transform: AffineTransform_float_3_3
Parameters: 0.99999 -0.000726624 0.00456356 0.000738556 0.999997 -0.00242489 -0.00456218 0.00242811 0.999987 0.00797252 0.400615 -1.50817
FixedParameters: 0 0 0

#Transform 164
Transform: AffineTransform_float_3_3
Parameters: 0.99999 -0.000781771 0.00439201 0.000793974 0.999996 -0.00277785 -0.00438963 0.00278115 0.999986 0.0451403 0.436828 -1.54978
FixedParameters: 0 0 0

#Transform 165
Transform: AffineTransform_float_3_3
Parameters: 0.999988 -0.000604504 0.00473985 0.000615996 0.999997 -0.00238518 -0.00473803 0.00238782 0.999986 0.0262484 0.388366 -1.53788
FixedParameters: 0 0 0

#Transform 166
Transform: AffineTransform_float_3_3
Parameters: 0.999991 -0.001068 0.0042702 0.00108073 0.999995 -0.00304381 -0.00426657 0.00304919 0.999986 0.0535251 0.471919 -1.59795
FixedParameters: 0 0 0

#Transform 167
Transform: AffineTransform_float_3_3
Parameters: 0.999987 -0.000549425 0.00495138 0.000557937 0.999998 -0.00178025 -0.00495066 0.00178375 0.999987 0.028207 0.419446 -1.51479
FixedParameters: 0 0 0

#Transform 168
Transform: AffineTransform_float_3_3
Parameters: 0.999989 -0.000816284 0.00477335 0.000826164 0.999998 -0.00199022 -0.00477133 0.00199378 0.999987 0.0525022 0.459273 -1.53853
FixedParameters: 0 0 0

#Transform 169
Transform: AffineTransform_float_3_3
Parameters: 0.999989 -0.000771744 0.00464274 0.000783795 0.999997 -0.00250354 -0.00464093 0.00250746 0.999987 0.0266439 0.411105 -1.51652
FixedParameters: 0 0 0

#Transform 170
Transform: AffineTransform_float_3_3
Parameters: 0.999986 -0.00098027 0.005214 0.000988028 0.999998 -0.00152184 -0.00521234 0.00152716 0.999985 0.0638566 0.476676 -1.51281
FixedParameters: 0 0 0

#Transform 171
Transform: AffineTransform_float_3_3
Parameters: 0.999988 -0.000817318 0.00481448 0.000830449 0.999996 -0.00273319 -0.0048119 0.00273782 0.999985 0.0403008 0.378332 -1.53111
FixedParameters: 0 0 0

#Transform 172
Transform: AffineTransform_float_3_3
Parameters: 0.99999 -0.00058745 0.00445122 0.000606331 0.999991 -0.00428458 -0.00444853 0.00428742 0.999981 0.047063 0.432406 -1.58132
FixedParameters: 0 0 0

#Transform 173
Transform: AffineTransform_float_3_3
Parameters: 0.999984 -0.000553752 0.00560298 0.000568927 0.999996 -0.0027086 -0.00560169 0.0027124 0.999981 0.0598307 0.377272 -1.55894
FixedParameters: 0 0 0

#Transform 174
Transform: AffineTransform_float_3_3
Parameters: 0.999988 -0.00109133 0.00480064 0.00110766 0.999994 -0.00340286 -0.00479682 0.00340814 0.999983 0.0873865 0.465563 -1.58152
FixedParameters: 0 0 0

#Transform 175
Transform: AffineTransform_float_3_3
Parameters: 0.999985 -0.000784523 0.00533026 0.00080252 0.999994 -0.00330667 -0.00532761 0.00331133 0.99998 0.0523594 0.347718 -1.56012
FixedParameters: 0 0 0

#Transform 176
Transform: AffineTransform_float_3_3
Parameters: 0.999983 -0.00115428 0.00562217 0.00117045 0.999996 -0.00289035 -0.00561911 0.00289666 0.99998 0.0782356 0.420722 -1.57052
FixedParameters: 0 0 0

#Transform 177
Transform: AffineTransform_float_3_3
Parameters: 0.999987 -0.000763751 0.00516902 0.000780582 0.999993 -0.00339391 -0.00516628 0.00339809 0.999981 0.050448 0.379443 -1.55154
FixedParameters: 0 0 0

#Transform 178
Transform: AffineTransform_float_3_3
Parameters: 0.999982 -0.00088032 0.0058508 0.00090619 0.999991 -0.0043805 -0.0058469 0.0043865 0.999973 0.0783455 0.399738 -1.61268
FixedParameters: 0 0 0

#Transform 179
Transform: AffineTransform_float_3_3
Parameters: 0.999982 -0.000904412 0.00596613 0.000925296 0.999993 -0.0035371 -0.00596291 0.00354191 0.999977 0.0742211 0.378721 -1.59187
FixedParameters: 0 0 0

#Transform 180
Transform: AffineTransform_float_3_3
Parameters: 0.999977 -0.00169108 0.00647051 0.00172682 0.999983 -0.00545438 -0.00646102 0.00546561 0.999964 0.130534 0.427362 -1.65616
FixedParameters: 0 0 0

#Transform 181
Transform: AffineTransform_float_3_3
Parameters: 0.999951 -0.00249459 0.00951736 0.00255502 0.999977 -0.00634677 -0.00950134 0.00637123 0.999934 0.173164 0.343862 -1.68796
FixedParameters: 0 0 0

#Transform 182
Transform: AffineTransform_float_3_3
Parameters: 0.999956 -0.00281018 0.00889173 0.00285383 0.999983 -0.0049381 -0.0088781 0.00496389 0.999948 0.202144 0.416416 -1.63512
FixedParameters: 0 0 0

#Transform 183
Transform: AffineTransform_float_3_3
Parameters: 0.999956 -0.0026524 0.00899757 0.00270541 0.999979 -0.0058541 -0.00898189 0.00587789 0.999942 0.211488 0.38072 -1.72529
FixedParameters: 0 0 0

#Transform 184
Transform: AffineTransform_float_3_3
Parameters: 0.999951 -0.00199059 0.00977022 0.00203971 0.999985 -0.00506471 -0.0097597 0.00508429 0.99994 0.195683 0.350982 -1.67993
FixedParameters: 0 0 0

#Transform 185
Transform: AffineTransform_float_3_3
Parameters: 0.999962 -0.0024447 0.00845028 0.00248912 0.999983 -0.00523963 -0.00843779 0.00526038 0.999951 0.216363 0.424542 -1.71361
FixedParameters: 0 0 0

#Transform 186
Transform: AffineTransform_float_3_3
Parameters: 0.999963 -0.00198589 0.00830009 0.00201498 0.999992 -0.0035309 -0.00829252 0.00354811 0.999959 0.195528 0.352678 -1.5914
FixedParameters: 0 0 0

#Transform 187
Transform: AffineTransform_float_3_3
Parameters: 0.999962 -0.00226856 0.00843629 0.00229692 0.999991 -0.00337513 -0.00842851 0.00339387 0.999959 0.181005 0.470377 -1.4382
FixedParameters: 0 0 0

#Transform 188
Transform: AffineTransform_float_3_3
Parameters: 0.999958 -0.00254206 0.00877987 0.00257618 0.999988 -0.00398083 -0.00876952 0.00400318 0.999953 0.203951 0.445814 -1.39368
