# transform file /out/sourcedata/freesurfer/sub-v1s12x0050102_ses-1/mri/transforms/cc_up.lta
# created by oesteban on Thu Mar 12 12:44:05 2026

type      = 0 # LINEAR_VOX_TO_VOX
nxforms   = 1
mean      = 130.0000 133.0000 96.0000
sigma     = 10000.0000
1 4 4
9.969995617866516e-01 -5.863148719072342e-02 5.054137110710144e-02 1.973656892776489e+00 
5.855629593133926e-02 9.982798099517822e-01 2.968422137200832e-03 1.040859603881836e+01 
-5.062846466898918e-02 0.000000000000000e+00 9.987176656723022e-01 4.861681365966797e+01 
0.000000000000000e+00 0.000000000000000e+00 0.000000000000000e+00 1.000000000000000e+00 
src volume info
valid = 1  # volume info valid
filename = /out/sourcedata/freesurfer/sub-v1s12x0050102_ses-1/mri/norm.mgz
volume = 256 256 256
voxelsize = 1.000000000000000e+00 1.000000000000000e+00 1.000000000000000e+00
xras   = -1.000000000000000e+00 0.000000000000000e+00 0.000000000000000e+00
yras   = 0.000000000000000e+00 0.000000000000000e+00 -1.000000000000000e+00
zras   = 0.000000000000000e+00 1.000000000000000e+00 0.000000000000000e+00
cras   = -2.631958007812500e+00 1.480145263671875e+01 2.665011978149414e+01
dst volume info
valid = 1  # volume info valid
filename = /out/sourcedata/freesurfer/sub-v1s12x0050102_ses-1/mri/norm.mgz
volume = 256 256 256
voxelsize = 1.000000000000000e+00 1.000000000000000e+00 1.000000000000000e+00
xras   = -1.000000000000000e+00 0.000000000000000e+00 0.000000000000000e+00
yras   = 0.000000000000000e+00 0.000000000000000e+00 -1.000000000000000e+00
zras   = 0.000000000000000e+00 1.000000000000000e+00 0.000000000000000e+00
cras   = -2.631958007812500e+00 1.480145263671875e+01 2.665011978149414e+01
