#Insight Transform File V1.0
#Transform 0
Transform: AffineTransform_float_3_3
Parameters: 1 1.44299e-05 5.92687e-05 -1.44643e-05 1 0.000289999 -5.92603e-05 -0.000290001 1 0.0126788 -0.0203407 -0.0189549
FixedParameters: 0 0 0

#Transform 1
Transform: AffineTransform_float_3_3
Parameters: 1 0.000288623 0.000170448 -0.000288561 1 -0.000184049 -0.000170554 0.000183951 1 -0.0271075 0.0530713 0.0290487
FixedParameters: 0 0 0

#Transform 2
Transform: AffineTransform_float_3_3
Parameters: 0.999999 0.000953688 7.08115e-05 -0.000954029 0.999999 0.000732703 -7.03847e-05 -0.000733298 1 -0.0841814 0.043563 -0.10286
FixedParameters: 0 0 0

#Transform 3
Transform: AffineTransform_float_3_3
Parameters: 0.999999 0.00132387 0.000275245 -0.00132386 0.999999 -3.46506e-05 -0.000275336 3.43493e-05 1 -0.0441559 0.0389124 -0.313479
FixedParameters: 0 0 0

#Transform 4
Transform: AffineTransform_float_3_3
Parameters: 1 0.000214659 0.000658789 -0.000213693 0.999997 -0.00220697 -0.000659261 0.00220803 0.999997 0.0223629 -0.104037 -0.0232577
FixedParameters: 0 0 0

#Transform 5
Transform: AffineTransform_float_3_3
Parameters: 1 -0.000143398 0.000309131 0.000144484 0.999999 -0.00175896 -0.000308625 0.00175905 0.999999 0.0129922 -0.0965513 -0.153889
FixedParameters: 0 0 0

#Transform 6
Transform: AffineTransform_float_3_3
Parameters: 1 5.63512e-05 0.000580209 -5.56828e-05 1 -0.000576032 -0.000580273 0.000575967 0.999999 0.00289852 0.00280012 -0.165464
FixedParameters: 0 0 0

#Transform 7
Transform: AffineTransform_float_3_3
Parameters: 0.999999 -0.000260703 0.000924361 0.000259 0.999999 0.0014453 -0.000925349 -0.0014457 0.999998 0.0224284 0.00577289 -0.148459
FixedParameters: 0 0 0

#Transform 8
Transform: AffineTransform_float_3_3
Parameters: 1 0.000262322 0.00109708 -0.000264213 0.999999 0.00174771 -0.00109663 -0.00174829 0.999998 0.0120687 0.0271752 -0.154626
FixedParameters: 0 0 0

#Transform 9
Transform: AffineTransform_float_3_3
Parameters: 0.999998 0.000197598 0.001693 -0.000200431 0.999999 0.00176789 -0.00169204 -0.00176811 0.999997 0.0418968 -0.077868 -0.0955591
FixedParameters: 0 0 0

#Transform 10
Transform: AffineTransform_float_3_3
Parameters: 0.999997 -0.00124672 0.00211893 0.00123077 0.999972 0.0073998 -0.00212868 -0.0073972 0.99997 -0.114184 -0.00577457 0.275902
FixedParameters: 0 0 0

#Transform 11
Transform: AffineTransform_float_3_3
Parameters: 1 -0.000806517 0.00064245 0.000802787 0.99998 0.00625352 -0.000647394 -0.00625248 0.99998 -0.0301365 0.0792361 0.00860648
FixedParameters: 0 0 0

#Transform 12
Transform: AffineTransform_float_3_3
Parameters: 0.999999 -0.000527022 0.000501841 0.000524474 0.999987 0.00516703 -0.000504834 -0.00516697 0.999986 -0.0524649 -0.0130016 -0.0839795
FixedParameters: 0 0 0

#Transform 13
Transform: AffineTransform_float_3_3
Parameters: 0.999999 -0.000516751 0.000544711 0.000513904 0.999987 0.00503634 -0.000547461 -0.00503666 0.999988 -0.0309078 0.0286081 -0.0833375
FixedParameters: 0 0 0

#Transform 14
Transform: AffineTransform_float_3_3
Parameters: 0.999998 -0.00145092 0.0015031 0.00144522 0.99999 0.00413706 -0.00150849 -0.00413494 0.99999 0.0522652 -0.0336263 -0.0185277
FixedParameters: 0 0 0

#Transform 15
Transform: AffineTransform_float_3_3
Parameters: 0.999995 -0.00278647 0.0010748 0.0027847 0.999994 0.00193319 -0.00107997 -0.00193081 0.999998 0.139437 -0.138293 -0.0987391
FixedParameters: 0 0 0

#Transform 16
Transform: AffineTransform_float_3_3
Parameters: 0.999996 -0.0026784 0.00110077 0.00267625 0.999994 0.00206015 -0.0011062 -0.00205785 0.999997 0.159882 -0.105206 -0.0959937
FixedParameters: 0 0 0

#Transform 17
Transform: AffineTransform_float_3_3
Parameters: 0.999998 -0.00163214 0.00108256 0.00162942 0.999994 0.00314537 -0.00108867 -0.00314363 0.999994 0.112327 -0.083342 -0.115423
FixedParameters: 0 0 0

#Transform 18
Transform: AffineTransform_float_3_3
Parameters: 0.999998 -0.000136586 0.00173042 0.000132329 0.999997 0.00214075 -0.00173074 -0.00214025 0.999997 0.11074 -0.0836483 -0.105575
FixedParameters: 0 0 0

#Transform 19
Transform: AffineTransform_float_3_3
Parameters: 0.999996 -0.000846693 0.00241054 0.000841067 0.999996 0.00257266 -0.00241241 -0.00257034 0.999994 0.152024 -0.129525 -0.0960438
FixedParameters: 0 0 0

#Transform 20
Transform: AffineTransform_float_3_3
Parameters: 0.999998 -0.00108403 0.00173908 0.0010802 0.999997 0.00214199 -0.00174151 -0.00214 0.999996 0.138143 -0.0931627 -0.0790791
FixedParameters: 0 0 0

#Transform 21
Transform: AffineTransform_float_3_3
Parameters: 0.999998 -0.00106009 0.00177443 0.00105726 0.999997 0.00215999 -0.00177606 -0.00215801 0.999996 0.138718 -0.146316 -0.164472
FixedParameters: 0 0 0

#Transform 22
Transform: AffineTransform_float_3_3
Parameters: 0.999998 -0.00132732 0.000944887 0.0013248 0.999997 0.00221908 -0.000948093 -0.00221792 0.999997 0.156981 -0.117944 -0.260308
FixedParameters: 0 0 0

#Transform 23
Transform: AffineTransform_float_3_3
Parameters: 1 -0.000493351 0.0011115 0.000490832 0.999997 0.00265655 -0.00111288 -0.00265545 0.999996 0.0781214 -0.154453 -0.250976
FixedParameters: 0 0 0

#Transform 24
Transform: AffineTransform_float_3_3
Parameters: 0.999999 -0.000386225 0.000807273 0.000384341 0.999997 0.00206237 -0.000807156 -0.00206263 0.999997 0.0781031 -0.083816 -0.262512
FixedParameters: 0 0 0

#Transform 25
Transform: AffineTransform_float_3_3
Parameters: 0.999999 -6.78958e-06 0.00082241 3.83453e-06 0.999995 0.00297723 -0.000822916 -0.00297676 0.999995 0.0558933 -0.105158 -0.226034
FixedParameters: 0 0 0

#Transform 26
Transform: AffineTransform_float_3_3
Parameters: 0.999999 -0.000497604 0.000938946 0.000495707 0.999997 0.00229647 -0.000939758 -0.00229553 0.999997 0.0887256 -0.0581956 -0.188873
FixedParameters: 0 0 0

#Transform 27
Transform: AffineTransform_float_3_3
Parameters: 0.999998 -0.000663741 0.00144248 0.000659274 0.999996 0.00280424 -0.00144398 -0.00280276 0.999995 0.135655 -0.147755 -0.213679
FixedParameters: 0 0 0

#Transform 28
Transform: AffineTransform_float_3_3
Parameters: 0.999998 -0.00125433 0.00118139 0.00125044 0.999995 0.00286754 -0.00118516 -0.00286546 0.999996 0.181785 -0.106028 -0.219652
FixedParameters: 0 0 0

#Transform 29
Transform: AffineTransform_float_3_3
Parameters: 0.999999 -0.000978425 0.000901572 0.000975404 0.999994 0.00327388 -0.000904554 -0.00327212 0.999994 0.171729 -0.143552 -0.234718
FixedParameters: 0 0 0

#Transform 30
Transform: AffineTransform_float_3_3
Parameters: 0.999999 -0.00137706 0.00121754 0.00137383 0.999996 0.0026105 -0.00122033 -0.0026085 0.999996 0.122959 -0.157554 -0.282845
FixedParameters: 0 0 0

#Transform 31
Transform: AffineTransform_float_3_3
Parameters: 0.999998 -0.00148874 0.000887643 0.0014853 0.999994 0.00314109 -0.000892361 -0.00313891 0.999994 0.176728 -0.166689 -0.341719
FixedParameters: 0 0 0

#Transform 32
Transform: AffineTransform_float_3_3
Parameters: 0.999999 -0.00157964 0.000869167 0.00157634 0.999994 0.00326497 -0.000873877 -0.00326403 0.999994 0.149405 -0.130688 -0.337163
FixedParameters: 0 0 0

#Transform 33
Transform: AffineTransform_float_3_3
Parameters: 0.999998 -0.00146842 0.000836491 0.00146573 0.999992 0.00374806 -0.000841159 -0.00374694 0.999993 0.146733 -0.124106 -0.316585
FixedParameters: 0 0 0

#Transform 34
Transform: AffineTransform_float_3_3
Parameters: 0.999997 -0.00221212 0.000956792 0.00220805 0.999988 0.00435672 -0.000966803 -0.00435428 0.99999 0.279759 -0.204834 -0.188626
FixedParameters: 0 0 0

#Transform 35
Transform: AffineTransform_float_3_3
Parameters: 0.999999 -0.00134094 0.000214041 0.0013395 0.999987 0.00490006 -0.000220138 -0.00489994 0.999988 0.219564 -0.176507 -0.172685
FixedParameters: 0 0 0

#Transform 36
Transform: AffineTransform_float_3_3
Parameters: 1 -0.000872376 0.00058285 0.000870104 0.99999 0.00441257 -0.000587126 -0.00441243 0.99999 0.180675 -0.175394 -0.16948
FixedParameters: 0 0 0

#Transform 37
Transform: AffineTransform_float_3_3
Parameters: 1 -0.000859659 0.000830357 0.000855653 0.999989 0.00472354 -0.000835284 -0.00472346 0.999988 0.207048 -0.112634 -0.158863
FixedParameters: 0 0 0

#Transform 38
Transform: AffineTransform_float_3_3
Parameters: 1 -0.000977089 0.000730059 0.000974493 0.999989 0.00457077 -0.000734832 -0.00457023 0.99999 0.21212 -0.159532 -0.120547
FixedParameters: 0 0 0

#Transform 39
Transform: AffineTransform_float_3_3
Parameters: 0.999999 -0.000684657 0.000481032 0.000682863 0.999994 0.00360533 -0.000483284 -0.00360467 0.999994 0.221523 -0.111419 -0.172323
FixedParameters: 0 0 0

#Transform 40
Transform: AffineTransform_float_3_3
Parameters: 1 -0.000992691 0.00047929 0.00099087 0.999991 0.00413348 -0.000482867 -0.00413252 0.999992 0.205353 -0.161298 -0.13902
FixedParameters: 0 0 0

#Transform 41
Transform: AffineTransform_float_3_3
Parameters: 0.999999 -0.00143717 0.000486245 0.00143611 0.999994 0.00328624 -0.000491065 -0.00328576 0.999994 0.187519 -0.121772 -0.150257
FixedParameters: 0 0 0

#Transform 42
Transform: AffineTransform_float_3_3
Parameters: 0.999999 -0.00102507 0.000948288 0.00102221 0.999992 0.00366403 -0.000951641 -0.00366297 0.999993 0.203329 -0.214563 -0.110788
FixedParameters: 0 0 0

#Transform 43
Transform: AffineTransform_float_3_3
Parameters: 0.999999 -0.00112936 0.000927801 0.0011265 0.999995 0.00309388 -0.000931367 -0.00309313 0.999995 0.228312 -0.142502 -0.0785772
FixedParameters: 0 0 0

#Transform 44
Transform: AffineTransform_float_3_3
Parameters: 0.999999 -0.000982379 0.000762752 0.000979285 0.999991 0.00406857 -0.000766349 -0.00406842 0.999991 0.199649 -0.12791 -0.0876096
FixedParameters: 0 0 0

#Transform 45
Transform: AffineTransform_float_3_3
Parameters: 1 -0.000980067 0.000445348 0.00097884 0.999994 0.00325321 -0.000449043 -0.00325279 0.999994 0.207271 -0.095115 -0.153395
FixedParameters: 0 0 0

#Transform 46
Transform: AffineTransform_float_3_3
Parameters: 1 -0.00110419 0.000365573 0.00110238 0.999993 0.00374718 -0.000369954 -0.00374683 0.999993 0.183385 -0.215322 -0.203132
FixedParameters: 0 0 0

#Transform 47
Transform: AffineTransform_float_3_3
Parameters: 0.999998 -0.00157711 0.00070457 0.00157451 0.999993 0.00352971 -0.000710102 -0.00352929 0.999993 0.245268 -0.131118 -0.207077
FixedParameters: 0 0 0

#Transform 48
Transform: AffineTransform_float_3_3
Parameters: 0.999998 -0.00169326 5.81667e-05 0.00169307 0.999993 0.00332487 -6.43317e-05 -0.00332513 0.999995 0.143239 -0.212108 -0.152247
FixedParameters: 0 0 0

#Transform 49
Transform: AffineTransform_float_3_3
Parameters: 0.999998 -0.00189798 0.000288933 0.00189756 0.999992 0.00355609 -0.00029563 -0.0035559 0.999993 0.123605 -0.108582 -0.165184
FixedParameters: 0 0 0

#Transform 50
Transform: AffineTransform_float_3_3
Parameters: 0.999999 -0.00172675 0.000174774 0.00172595 0.99999 0.00416408 -0.000182113 -0.00416392 0.999992 0.120285 -0.0776589 -0.340312
FixedParameters: 0 0 0

#Transform 51
Transform: AffineTransform_float_3_3
Parameters: 0.999998 -0.00226447 -0.000465114 0.00226785 0.999971 0.00725662 0.000448453 -0.00725737 0.999974 0.166138 -0.15708 -0.55886
FixedParameters: 0 0 0

#Transform 52
Transform: AffineTransform_float_3_3
Parameters: 0.999991 -0.00357673 -0.00223287 0.0035995 0.99994 0.0102775 0.00219655 -0.0102854 0.999944 0.209389 -0.222347 -0.680957
FixedParameters: 0 0 0

#Transform 53
Transform: AffineTransform_float_3_3
Parameters: 0.999988 -0.0044766 -0.00207362 0.004501 0.999917 0.0120805 0.00201857 -0.0120896 0.999925 0.250935 -0.200129 -0.798933
FixedParameters: 0 0 0

#Transform 54
Transform: AffineTransform_float_3_3
Parameters: 0.999992 -0.00388156 -0.00146834 0.00389718 0.999932 0.011015 0.0014257 -0.011021 0.999938 0.203601 -0.0832815 -0.517303
FixedParameters: 0 0 0

#Transform 55
Transform: AffineTransform_float_3_3
Parameters: 0.999989 -0.00265226 -0.00405281 0.00268589 0.999961 0.00834189 0.00402987 -0.0083531 0.999957 0.106081 0.0105331 -0.724937
FixedParameters: 0 0 0

#Transform 56
Transform: AffineTransform_float_3_3
Parameters: 0.999996 -0.00234491 -0.00198421 0.00235241 0.999989 0.00392659 0.00197493 -0.00393141 0.999991 0.0868076 -0.0882861 -0.828809
FixedParameters: 0 0 0

#Transform 57
Transform: AffineTransform_float_3_3
Parameters: 0.999998 -0.00100595 -0.00211385 0.00101484 0.999991 0.0040625 0.00210971 -0.0040645 0.99999 -0.0423911 0.00465897 -0.864705
FixedParameters: 0 0 0

#Transform 58
Transform: AffineTransform_float_3_3
Parameters: 0.999998 -0.000907878 -0.0017542 0.000917043 0.999987 0.0049068 0.00175029 -0.00490819 0.999987 -0.0784407 0.0716307 -0.937144
FixedParameters: 0 0 0

#Transform 59
Transform: AffineTransform_float_3_3
Parameters: 0.999997 -0.000579368 -0.00227775 0.000591335 0.999985 0.00534936 0.00227553 -0.00535064 0.999983 -0.11711 0.0983042 -0.907783
FixedParameters: 0 0 0

#Transform 60
Transform: AffineTransform_float_3_3
Parameters: 0.999998 -0.00082887 -0.00137738 0.00083579 0.999986 0.00517026 0.00137261 -0.00517074 0.999986 -0.0660419 0.0818756 -0.928757
FixedParameters: 0 0 0

#Transform 61
Transform: AffineTransform_float_3_3
Parameters: 0.999998 -0.000655775 -0.00197476 0.000665465 0.999987 0.0051031 0.0019716 -0.0051039 0.999985 -0.0740235 0.0814044 -0.969532
FixedParameters: 0 0 0

#Transform 62
Transform: AffineTransform_float_3_3
Parameters: 0.999999 -0.000184094 -0.0013224 0.000190879 0.999988 0.00476998 0.00132203 -0.00477001 0.999987 -0.122467 0.0856908 -0.913851
FixedParameters: 0 0 0

#Transform 63
Transform: AffineTransform_float_3_3
Parameters: 1 -0.00026936 -0.00113446 0.000275175 0.999987 0.00513492 0.00113309 -0.00513508 0.999986 -0.126716 0.114551 -0.837707
FixedParameters: 0 0 0

#Transform 64
Transform: AffineTransform_float_3_3
Parameters: 1 -0.000128401 -0.000527609 0.000131719 0.999982 0.00591116 0.000526782 -0.00591084 0.999983 -0.119274 0.153008 -0.852879
FixedParameters: 0 0 0

#Transform 65
Transform: AffineTransform_float_3_3
Parameters: 1 0.000225147 0.000235573 -0.000226859 0.999974 0.00728372 -0.000233726 -0.00728428 0.999973 -0.0438282 0.379889 -0.98622
FixedParameters: 0 0 0

#Transform 66
Transform: AffineTransform_float_3_3
Parameters: 1 -0.000105546 -0.000138499 0.000106027 0.999969 0.00790298 0.000138272 -0.00790301 0.999969 -0.0590489 0.316222 -1.01013
FixedParameters: 0 0 0

#Transform 67
Transform: AffineTransform_float_3_3
Parameters: 1 -0.000651034 -1.67062e-05 0.000650758 0.999962 0.00861399 1.17953e-05 -0.00861401 0.999963 -0.0780262 0.286052 -1.04038
FixedParameters: 0 0 0

#Transform 68
Transform: AffineTransform_float_3_3
Parameters: 0.999999 -0.0007207 0.000115238 0.000720166 0.999957 0.00924709 -0.000121761 -0.00924692 0.999957 -0.0600846 0.279531 -1.00159
FixedParameters: 0 0 0

#Transform 69
Transform: AffineTransform_float_3_3
Parameters: 1 -0.000414389 0.000385128 0.000410668 0.999949 0.0100972 -0.000389312 -0.0100968 0.999949 -0.0378772 0.310016 -1.04729
FixedParameters: 0 0 0

#Transform 70
Transform: AffineTransform_float_3_3
Parameters: 0.999997 -4.26318e-05 -0.00234557 6.63919e-05 0.999949 0.0100816 0.00234506 -0.0100814 0.999947 -0.154841 0.17938 -1.3436
FixedParameters: 0 0 0

#Transform 71
Transform: AffineTransform_float_3_3
Parameters: 0.999996 0.000423449 -0.00282481 -0.000397011 0.999958 0.00922096 0.00282834 -0.00921904 0.999953 -0.189676 0.133565 -1.53397
FixedParameters: 0 0 0

#Transform 72
Transform: AffineTransform_float_3_3
Parameters: 0.999995 0.000829507 -0.0029796 -0.00080263 0.999958 0.00909135 0.00298773 -0.00908865 0.999954 -0.165536 0.074379 -1.60049
FixedParameters: 0 0 0

#Transform 73
Transform: AffineTransform_float_3_3
Parameters: 0.999997 0.000924703 -0.00230634 -0.000900617 0.999943 0.0106565 0.00231546 -0.0106545 0.999941 -0.12144 0.132585 -1.48175
FixedParameters: 0 0 0

#Transform 74
Transform: AffineTransform_float_3_3
Parameters: 0.999999 -0.000187426 -0.00123664 0.000200931 0.999939 0.011064 0.00123469 -0.011064 0.999938 -0.060989 0.210811 -1.35679
FixedParameters: 0 0 0

#Transform 75
Transform: AffineTransform_float_3_3
Parameters: 0.999997 -0.00166342 -0.00139913 0.0016792 0.999938 0.0110346 0.00138131 -0.0110374 0.999938 0.0295115 0.191798 -1.54049
FixedParameters: 0 0 0

#Transform 76
Transform: AffineTransform_float_3_3
Parameters: 0.999994 -0.00175823 -0.00278035 0.00178281 0.999957 0.00908384 0.00276476 -0.00908916 0.999955 -0.00507883 0.063022 -1.67163
FixedParameters: 0 0 0

#Transform 77
Transform: AffineTransform_float_3_3
Parameters: 0.999995 -0.00181017 -0.00263565 0.00183566 0.99995 0.00990268 0.00261733 -0.00990732 0.999947 -0.0123152 0.0893855 -1.64548
FixedParameters: 0 0 0

#Transform 78
Transform: AffineTransform_float_3_3
Parameters: 0.999995 -0.00147362 -0.00265243 0.00149992 0.999951 0.00975288 0.00263783 -0.00975713 0.999949 -0.0304709 0.121547 -1.56938
FixedParameters: 0 0 0

#Transform 79
Transform: AffineTransform_float_3_3
Parameters: 0.999997 -0.000984987 -0.00221628 0.00100237 0.999968 0.00793921 0.00220791 -0.00794179 0.999966 -0.0250617 0.140339 -1.4714
FixedParameters: 0 0 0

#Transform 80
Transform: AffineTransform_float_3_3
Parameters: 0.999997 -0.000946731 -0.00220485 0.000965086 0.999966 0.0082013 0.00219658 -0.0082037 0.999964 -0.0498444 0.141664 -1.41738
FixedParameters: 0 0 0

#Transform 81
Transform: AffineTransform_float_3_3
Parameters: 0.999998 -0.00121095 -0.00200138 0.00122788 0.99996 0.0087502 0.0019906 -0.0087528 0.99996 0.0135934 0.162098 -1.50431
FixedParameters: 0 0 0

#Transform 82
Transform: AffineTransform_float_3_3
Parameters: 0.999998 -0.00155424 -0.00160152 0.0015672 0.999967 0.00795786 0.00158898 -0.00796014 0.999968 0.0430657 0.11773 -1.39074
FixedParameters: 0 0 0

#Transform 83
Transform: AffineTransform_float_3_3
Parameters: 0.999996 -0.00172504 -0.00192961 0.00174109 0.999964 0.00835678 0.00191485 -0.00836121 0.999963 0.0515397 0.226536 -1.41311
FixedParameters: 0 0 0

#Transform 84
Transform: AffineTransform_float_3_3
Parameters: 0.999996 -0.0013938 -0.00250807 0.00141236 0.999971 0.00754707 0.00249672 -0.00755093 0.999968 0.0629288 0.245983 -1.34411
FixedParameters: 0 0 0

#Transform 85
Transform: AffineTransform_float_3_3
Parameters: 0.999995 -0.00219891 -0.00255916 0.00221544 0.999976 0.00657883 0.00254456 -0.00658517 0.999975 0.0846128 0.212208 -1.13189
FixedParameters: 0 0 0

#Transform 86
Transform: AffineTransform_float_3_3
Parameters: 0.999997 -0.00190076 -0.00159641 0.001911 0.999979 0.00621103 0.00158431 -0.00621396 0.999979 -0.0155509 0.00824668 -1.09828
FixedParameters: 0 0 0

#Transform 87
Transform: AffineTransform_float_3_3
Parameters: 0.999998 -0.00176379 -0.00101265 0.00176836 0.999989 0.00444911 0.00100418 -0.00445089 0.99999 0.0033745 0.00497654 -0.843643
FixedParameters: 0 0 0

#Transform 88
Transform: AffineTransform_float_3_3
Parameters: 0.999997 -0.00222239 -0.000906207 0.00222833 0.999979 0.0060396 0.000892876 -0.0060414 0.999981 0.116194 0.0557193 -0.875061
FixedParameters: 0 0 0

#Transform 89
Transform: AffineTransform_float_3_3
Parameters: 0.999997 -0.00238216 0.000170637 0.00238077 0.999964 0.00823469 -0.000190688 -0.00823432 0.999966 0.223784 0.0806897 -0.856196
FixedParameters: 0 0 0

#Transform 90
Transform: AffineTransform_float_3_3
Parameters: 0.999997 -0.00191036 0.00139421 0.00190062 0.999975 0.00682932 -0.00140708 -0.00682668 0.999976 0.250541 0.0900442 -0.877825
FixedParameters: 0 0 0

#Transform 91
Transform: AffineTransform_float_3_3
Parameters: 0.999999 -0.00176824 0.000177689 0.00176745 0.99999 0.00406286 -0.000185017 -0.00406314 0.999992 0.158055 0.0140411 -1.21455
FixedParameters: 0 0 0

#Transform 92
Transform: AffineTransform_float_3_3
Parameters: 0.999999 -0.00136537 0.00042536 0.00136506 0.999995 0.00288241 -0.00042861 -0.00288259 0.999996 0.0898426 0.0141146 -0.91636
FixedParameters: 0 0 0

#Transform 93
Transform: AffineTransform_float_3_3
Parameters: 0.999998 0.000884891 0.0017435 -0.00088994 0.999994 0.00326386 -0.0017413 -0.00326514 0.999993 -0.00575655 0.0849547 -0.93772
FixedParameters: 0 0 0

#Transform 94
Transform: AffineTransform_float_3_3
Parameters: 1 -0.000648665 -0.000754642 0.000650997 0.999992 0.00397145 0.000751399 -0.00397154 0.999991 -0.0108693 0.060326 -0.976464
FixedParameters: 0 0 0

#Transform 95
Transform: AffineTransform_float_3_3
Parameters: 0.999999 -0.00118759 -0.000980439 0.00119214 0.999986 0.00520178 0.000974574 -0.00520322 0.999986 0.0188921 0.11207 -0.973118
FixedParameters: 0 0 0

#Transform 96
Transform: AffineTransform_float_3_3
Parameters: 0.999995 -0.00257118 -0.00212681 0.00258265 0.999983 0.00512172 0.0021132 -0.00512728 0.999985 0.0517743 0.0613584 -0.971519
FixedParameters: 0 0 0

#Transform 97
Transform: AffineTransform_float_3_3
Parameters: 0.999994 -0.00245858 -0.00215554 0.00247031 0.999981 0.00556788 0.00214135 -0.00557311 0.999982 0.0574207 0.0760013 -0.975778
FixedParameters: 0 0 0

#Transform 98
Transform: AffineTransform_float_3_3
Parameters: 0.999993 -0.00281972 -0.00264978 0.00283123 0.999987 0.00434283 0.00263728 -0.00435017 0.999987 0.0655224 0.0334451 -1.03668
FixedParameters: 0 0 0

#Transform 99
Transform: AffineTransform_float_3_3
Parameters: 0.999994 -0.00340145 -0.00125801 0.00340652 0.999984 0.00458495 0.00124275 -0.00458906 0.999989 0.176831 0.0581949 -0.80209
FixedParameters: 0 0 0

#Transform 100
Transform: AffineTransform_float_3_3
Parameters: 0.999992 -0.0037717 -0.00117342 0.00377899 0.999977 0.0056913 0.00115246 -0.0056957 0.999983 0.21642 0.13053 -0.510762
FixedParameters: 0 0 0

#Transform 101
Transform: AffineTransform_float_3_3
Parameters: 0.999992 -0.00383287 -0.00115623 0.00383878 0.99998 0.00494929 0.0011381 -0.00495371 0.999987 0.232334 0.106933 -0.738646
FixedParameters: 0 0 0

#Transform 102
Transform: AffineTransform_float_3_3
Parameters: 0.999989 -0.00444905 -0.00150512 0.0044562 0.999978 0.00478192 0.00148381 -0.00478908 0.999988 0.282105 0.0329837 -0.925399
FixedParameters: 0 0 0

#Transform 103
Transform: AffineTransform_float_3_3
Parameters: 0.99999 -0.00409961 -0.00179515 0.0041098 0.999976 0.00561148 0.00177203 -0.00561951 0.999982 0.267209 -0.000637227 -0.924935
FixedParameters: 0 0 0

#Transform 104
Transform: AffineTransform_float_3_3
Parameters: 0.999991 -0.00397587 -0.000886335 0.00398105 0.999976 0.00567198 0.000863961 -0.00567503 0.999984 0.280477 -0.0822504 -0.956368
FixedParameters: 0 0 0

#Transform 105
Transform: AffineTransform_float_3_3
Parameters: 0.999994 -0.00356849 -0.000854743 0.00357385 0.999977 0.00568172 0.000834743 -0.00568427 0.999983 0.237547 -0.0250576 -0.934862
FixedParameters: 0 0 0

#Transform 106
Transform: AffineTransform_float_3_3
Parameters: 0.999993 -0.0036121 -0.0010297 0.00361792 0.99998 0.00516206 0.00101101 -0.00516595 0.999986 0.243802 -0.0751615 -0.881878
FixedParameters: 0 0 0

#Transform 107
Transform: AffineTransform_float_3_3
Parameters: 0.999993 -0.00345902 -0.00137362 0.00346499 0.999984 0.00452642 0.00135824 -0.00453058 0.999989 0.236958 -0.044415 -0.852709
FixedParameters: 0 0 0

#Transform 108
Transform: AffineTransform_float_3_3
Parameters: 0.999995 -0.00322581 -0.000858919 0.00322959 0.999981 0.00527228 0.000841581 -0.00527471 0.999985 0.244963 0.0293238 -0.86742
FixedParameters: 0 0 0

#Transform 109
Transform: AffineTransform_float_3_3
Parameters: 0.999995 -0.00305815 -0.000899951 0.00306328 0.999979 0.00565736 0.000882985 -0.00566064 0.999983 0.228511 0.0975117 -0.846845
FixedParameters: 0 0 0

#Transform 110
Transform: AffineTransform_float_3_3
Parameters: 0.999996 -0.00274567 -0.000974732 0.00275058 0.999979 0.00584766 0.000958554 -0.00585034 0.999982 0.219671 0.0141523 -0.830772
FixedParameters: 0 0 0

#Transform 111
Transform: AffineTransform_float_3_3
Parameters: 0.999995 -0.00286609 -0.00148449 0.00287522 0.999977 0.00616725 0.00146672 -0.00617174 0.99998 0.1996 -0.0449169 -0.934116
FixedParameters: 0 0 0

#Transform 112
Transform: AffineTransform_float_3_3
Parameters: 0.999994 -0.00288326 -0.00155212 0.00289144 0.99998 0.00566397 0.00153608 -0.00566802 0.999982 0.208851 0.00907943 -0.923287
FixedParameters: 0 0 0

#Transform 113
Transform: AffineTransform_float_3_3
Parameters: 0.999996 -0.0022558 -0.00134122 0.00226379 0.99998 0.00601976 0.00132729 -0.00602224 0.999981 0.18483 -0.0130017 -0.870244
FixedParameters: 0 0 0

#Transform 114
Transform: AffineTransform_float_3_3
Parameters: 0.999994 -0.00248779 -0.00208569 0.00250112 0.999976 0.006498 0.00206895 -0.006503 0.999977 0.170577 0.0359084 -0.877602
FixedParameters: 0 0 0

#Transform 115
Transform: AffineTransform_float_3_3
Parameters: 0.999996 -0.00237936 -0.00105875 0.00238513 0.999977 0.00636327 0.00104366 -0.00636473 0.999979 0.176125 0.059543 -0.81486
FixedParameters: 0 0 0

#Transform 116
Transform: AffineTransform_float_3_3
Parameters: 0.999996 -0.00266546 -0.00112063 0.00267386 0.999972 0.00687857 0.00110205 -0.00688142 0.999976 0.187732 0.101077 -0.83557
FixedParameters: 0 0 0

#Transform 117
Transform: AffineTransform_float_3_3
Parameters: 0.999995 -0.00270543 -0.00111102 0.00271258 0.999973 0.00681356 0.00109248 -0.00681644 0.999976 0.187724 0.0578686 -0.855261
FixedParameters: 0 0 0

#Transform 118
Transform: AffineTransform_float_3_3
Parameters: 0.999995 -0.00273159 -0.00110509 0.00273985 0.999972 0.00691832 0.00108538 -0.00692168 0.999975 0.177842 0.0687516 -0.85213
FixedParameters: 0 0 0

#Transform 119
Transform: AffineTransform_float_3_3
Parameters: 0.999996 -0.00264587 -0.0012061 0.00265413 0.999973 0.00673237 0.0011888 -0.00673562 0.999976 0.173102 0.0842316 -0.827448
FixedParameters: 0 0 0

#Transform 120
Transform: AffineTransform_float_3_3
Parameters: 0.999996 -0.0023103 -0.0012062 0.00231955 0.999968 0.007654 0.00118841 -0.007656 0.99997 0.177668 0.0679504 -0.852874
FixedParameters: 0 0 0

#Transform 121
Transform: AffineTransform_float_3_3
Parameters: 0.999996 -0.00265384 -0.00112326 0.00266095 0.999973 0.00682859 0.00110437 -0.00683142 0.999976 0.192227 0.0935366 -0.878954
FixedParameters: 0 0 0

#Transform 122
Transform: AffineTransform_float_3_3
Parameters: 0.999995 -0.00269899 -0.00111388 0.00270664 0.999969 0.00736257 0.00109367 -0.00736544 0.999973 0.201231 0.0408281 -0.866923
FixedParameters: 0 0 0

#Transform 123
Transform: AffineTransform_float_3_3
Parameters: 0.999995 -0.0027325 -0.00110283 0.00273847 0.999977 0.00609255 0.0010857 -0.00609544 0.999981 0.188636 0.0797865 -0.861093
FixedParameters: 0 0 0

#Transform 124
Transform: AffineTransform_float_3_3
Parameters: 0.999995 -0.00249999 -0.00150835 0.00250855 0.999978 0.00603001 0.00149385 -0.00603398 0.99998 0.14623 0.0680846 -0.720348
FixedParameters: 0 0 0

#Transform 125
Transform: AffineTransform_float_3_3
Parameters: 0.999997 -0.00216371 -0.000252161 0.00216468 0.99998 0.0060819 0.000238678 -0.00608211 0.999982 0.133931 0.1189 -0.671613
FixedParameters: 0 0 0

#Transform 126
Transform: AffineTransform_float_3_3
Parameters: 0.999997 -0.00242689 -0.000586903 0.00243069 0.999977 0.00629196 0.000571596 -0.00629303 0.999979 0.15185 0.107278 -0.723277
FixedParameters: 0 0 0

#Transform 127
Transform: AffineTransform_float_3_3
Parameters: 0.999997 -0.00243774 -0.000443158 0.00244021 0.999975 0.00657231 0.000427328 -0.00657269 0.999978 0.170125 0.0681707 -0.757889
FixedParameters: 0 0 0

#Transform 128
Transform: AffineTransform_float_3_3
Parameters: 0.999996 -0.00249152 -0.000756106 0.00249529 0.999981 0.00564651 0.000742468 -0.0056485 0.999984 0.203628 0.0955549 -0.795431
FixedParameters: 0 0 0

#Transform 129
Transform: AffineTransform_float_3_3
Parameters: 0.999997 -0.00238353 -0.000286418 0.00238541 0.999978 0.00612276 0.000272003 -0.00612324 0.999981 0.196944 0.0642777 -0.750463
FixedParameters: 0 0 0

#Transform 130
Transform: AffineTransform_float_3_3
Parameters: 0.999997 -0.00211753 -0.000340308 0.00211834 0.999996 0.00158594 0.000336741 -0.00158606 0.999999 0.188998 -0.0819835 -1.13984
FixedParameters: 0 0 0

#Transform 131
Transform: AffineTransform_float_3_3
Parameters: 0.999998 -0.00196143 -0.00120294 0.00196699 0.999988 0.00446547 0.00119385 -0.00446752 0.999989 0.141946 -0.0175862 -0.980783
FixedParameters: 0 0 0

#Transform 132
Transform: AffineTransform_float_3_3
Parameters: 0.999997 -0.00222856 -0.00149216 0.00223491 0.999987 0.00468446 0.00148235 -0.00468755 0.999988 0.10762 0.0158163 -0.999146
FixedParameters: 0 0 0

#Transform 133
Transform: AffineTransform_float_3_3
Parameters: 0.999997 -0.00203786 -0.0013716 0.00204454 0.999986 0.00495204 0.00136128 -0.00495496 0.999987 0.115052 -0.0244339 -1.06496
FixedParameters: 0 0 0

#Transform 134
Transform: AffineTransform_float_3_3
Parameters: 0.999998 -0.00159176 -0.000491685 0.00159385 0.999988 0.00466894 0.000483587 -0.00467006 0.999989 0.142047 -0.0302784 -1.19663
FixedParameters: 0 0 0

#Transform 135
Transform: AffineTransform_float_3_3
Parameters: 0.999998 -0.00201243 -0.000448369 0.00201484 0.999983 0.00552677 0.00043701 -0.00552724 0.999985 0.184002 -0.0041005 -1.02422
FixedParameters: 0 0 0

#Transform 136
Transform: AffineTransform_float_3_3
Parameters: 0.999997 -0.00211659 -0.00115988 0.00212207 0.999985 0.00513239 0.00114997 -0.00513462 0.999987 0.152543 -0.0225496 -1.05806
FixedParameters: 0 0 0

#Transform 137
Transform: AffineTransform_float_3_3
Parameters: 0.999998 -0.00188402 -0.00121414 0.00188953 0.999989 0.00440061 0.00120599 -0.0044034 0.99999 0.141836 -0.00158305 -1.01437
FixedParameters: 0 0 0

#Transform 138
Transform: AffineTransform_float_3_3
Parameters: 0.999997 -0.00177162 -0.00124051 0.00177725 0.99999 0.00405687 0.00123336 -0.00405813 0.999991 0.129311 0.00453686 -1.04624
FixedParameters: 0 0 0

#Transform 139
Transform: AffineTransform_float_3_3
Parameters: 0.999997 -0.00177057 -0.00124201 0.0017766 0.999986 0.00490469 0.00123331 -0.00490731 0.999987 0.105953 0.00316053 -1.00301
FixedParameters: 0 0 0

#Transform 140
Transform: AffineTransform_float_3_3
Parameters: 0.999998 -0.00138848 -0.00079012 0.00139246 0.999988 0.0047108 0.000784033 -0.00471121 0.999989 0.1047 -0.00036008 -1.04928
FixedParameters: 0 0 0

#Transform 141
Transform: AffineTransform_float_3_3
Parameters: 0.999999 -0.00138295 -0.00122978 0.00138872 0.999986 0.00503842 0.00122256 -0.00503958 0.999987 0.0734967 0.00854407 -0.922621
FixedParameters: 0 0 0

#Transform 142
Transform: AffineTransform_float_3_3
Parameters: 0.999999 -0.00118503 -0.000509215 0.00118761 0.999991 0.00425011 0.000504698 -0.00425089 0.999991 0.101331 0.0316682 -0.997742
FixedParameters: 0 0 0

#Transform 143
Transform: AffineTransform_float_3_3
Parameters: 0.999999 -0.0014859 -0.000436093 0.00148812 0.999993 0.00343207 0.000431216 -0.00343293 0.999994 0.125468 0.00347419 -0.768215
FixedParameters: 0 0 0

#Transform 144
Transform: AffineTransform_float_3_3
Parameters: 0.999998 -0.00170221 -0.00107384 0.0017055 0.999996 0.00245306 0.00107008 -0.00245494 0.999996 0.114133 0.0675808 -0.980807
FixedParameters: 0 0 0

#Transform 145
Transform: AffineTransform_float_3_3
Parameters: 0.999998 -0.00163866 -0.00046911 0.00163934 0.999998 0.00125689 0.00046717 -0.00125711 0.999999 0.112222 0.0511973 -0.793006
FixedParameters: 0 0 0

#Transform 146
Transform: AffineTransform_float_3_3
Parameters: 0.999998 -0.00203314 -0.000521911 0.00203347 0.999998 0.000316597 0.000520622 -0.000317402 1 0.17734 0.0957162 -0.719618
FixedParameters: 0 0 0

#Transform 147
Transform: AffineTransform_float_3_3
Parameters: 0.999996 -0.00256732 -0.00119742 0.00256775 0.999996 0.000174702 0.00119651 -0.000177297 1 0.143151 0.0376833 -0.836535
FixedParameters: 0 0 0

#Transform 148
Transform: AffineTransform_float_3_3
Parameters: 0.999998 -0.00171798 -0.00146747 0.00171784 0.999999 -0.00029946 0.00146729 0.000297542 0.999999 0.0453092 0.0796642 -0.765838
FixedParameters: 0 0 0

#Transform 149
Transform: AffineTransform_float_3_3
Parameters: 0.999998 -0.0019813 -0.00100303 0.00198241 0.999999 0.000435614 0.00100227 -0.000437385 0.999999 0.0835536 0.0890879 -0.682632
FixedParameters: 0 0 0

#Transform 150
Transform: AffineTransform_float_3_3
Parameters: 0.999996 -0.00233738 -0.0011461 0.00233967 0.999996 0.00153692 0.0011423 -0.00154007 0.999998 0.0957206 0.0754547 -0.534774
FixedParameters: 0 0 0

#Transform 151
Transform: AffineTransform_float_3_3
Parameters: 0.999996 -0.00232019 -0.00126646 0.0023222 0.999996 0.000991894 0.00126403 -0.000995104 0.999999 0.094985 0.115955 -0.604011
FixedParameters: 0 0 0

#Transform 152
Transform: AffineTransform_float_3_3
Parameters: 0.999996 -0.00246739 -0.00124552 0.00247092 0.999994 0.00211471 0.00124064 -0.00211729 0.999997 0.0978488 0.0852266 -0.549266
FixedParameters: 0 0 0

#Transform 153
Transform: AffineTransform_float_3_3
Parameters: 0.999996 -0.00256159 -0.00125508 0.00256287 0.999995 0.00138956 0.00125157 -0.00139244 0.999999 0.105027 0.127493 -0.559033
FixedParameters: 0 0 0

#Transform 154
Transform: AffineTransform_float_3_3
Parameters: 0.999995 -0.00258339 -0.00138946 0.00258705 0.999993 0.00264396 0.00138182 -0.00264803 0.999995 0.0945932 0.0992557 -0.55633
FixedParameters: 0 0 0

#Transform 155
Transform: AffineTransform_float_3_3
Parameters: 0.999998 -0.00201174 -0.00119108 0.00201331 0.999997 0.00158344 0.00118833 -0.00158556 0.999998 0.0750509 0.162084 -0.614775
FixedParameters: 0 0 0

#Transform 156
Transform: AffineTransform_float_3_3
Parameters: 0.999995 -0.00278498 -0.00112001 0.0027881 0.999991 0.00316344 0.00111156 -0.00316657 0.999995 0.123147 0.103346 -0.517589
FixedParameters: 0 0 0

#Transform 157
Transform: AffineTransform_float_3_3
Parameters: 0.999997 -0.00246969 -0.00108535 0.00247393 0.999991 0.00344187 0.00107631 -0.00344412 0.999993 0.11725 0.143561 -0.570428
FixedParameters: 0 0 0

#Transform 158
Transform: AffineTransform_float_3_3
Parameters: 0.999996 -0.00239038 -0.00116717 0.00239388 0.999992 0.00297705 0.00115994 -0.00297995 0.999995 0.12241 0.106421 -0.581195
FixedParameters: 0 0 0

#Transform 159
Transform: AffineTransform_float_3_3
Parameters: 0.999997 -0.00240339 -0.00115787 0.00240668 0.999994 0.002491 0.00115266 -0.002493 0.999997 0.137711 0.120928 -0.593017
FixedParameters: 0 0 0

#Transform 160
Transform: AffineTransform_float_3_3
Parameters: 0.999997 -0.00251244 -0.00105041 0.0025155 0.999992 0.00298997 0.00104335 -0.00299303 0.999995 0.142976 0.104584 -0.606474
FixedParameters: 0 0 0

#Transform 161
Transform: AffineTransform_float_3_3
Parameters: 0.999992 -0.0036597 -0.00106348 0.0036635 0.999988 0.00331887 0.00105127 -0.00332313 0.999994 0.233211 0.0834437 -0.54958
FixedParameters: 0 0 0

#Transform 162
Transform: AffineTransform_float_3_3
Parameters: 0.999994 -0.00322599 -0.00141845 0.00323081 0.999988 0.00361487 0.00140671 -0.00361913 0.999993 0.195346 0.0741595 -0.590186
FixedParameters: 0 0 0

#Transform 163
Transform: AffineTransform_float_3_3
Parameters: 0.999994 -0.00310783 -0.000926787 0.00311148 0.999988 0.00373416 0.000915662 -0.00373684 0.999992 0.205682 0.085732 -0.566201
FixedParameters: 0 0 0

#Transform 164
Transform: AffineTransform_float_3_3
Parameters: 0.999994 -0.00310099 -0.00148694 0.0031064 0.999989 0.00339983 0.00147622 -0.00340416 0.999993 0.193912 0.0789301 -0.61403
FixedParameters: 0 0 0

#Transform 165
Transform: AffineTransform_float_3_3
Parameters: 0.999995 -0.00288665 -0.00116408 0.00289086 0.99999 0.00340697 0.00115455 -0.00341103 0.999993 0.185752 0.0674275 -0.575778
FixedParameters: 0 0 0

#Transform 166
Transform: AffineTransform_float_3_3
Parameters: 0.999995 -0.00284995 -0.00151106 0.00285559 0.999989 0.00374319 0.00150033 -0.00374781 0.999992 0.184205 0.0985234 -0.605522
FixedParameters: 0 0 0

#Transform 167
Transform: AffineTransform_float_3_3
Parameters: 0.999994 -0.00294167 -0.00142788 0.00294748 0.999988 0.0039433 0.00141626 -0.0039477 0.999991 0.192538 0.0740479 -0.603829
FixedParameters: 0 0 0

#Transform 168
Transform: AffineTransform_float_3_3
Parameters: 0.999995 -0.0028187 -0.00143358 0.00282444 0.999989 0.00389846 0.00142318 -0.00390254 0.999992 0.195306 0.110386 -0.55063
FixedParameters: 0 0 0

#Transform 169
Transform: AffineTransform_float_3_3
Parameters: 0.999994 -0.00282477 -0.00195117 0.00283194 0.999989 0.00378816 0.00194084 -0.00379384 0.99999 0.19664 0.101473 -0.588461
FixedParameters: 0 0 0

#Transform 170
Transform: AffineTransform_float_3_3
Parameters: 0.999994 -0.00293784 -0.00170604 0.00294539 0.999985 0.00459649 0.00169227 -0.00460251 0.999988 0.190991 0.112102 -0.583388
FixedParameters: 0 0 0

#Transform 171
Transform: AffineTransform_float_3_3
Parameters: 0.999995 -0.00306432 -0.00136047 0.00306986 0.999987 0.00395133 0.0013488 -0.00395566 0.999991 0.214005 0.130322 -0.613258
FixedParameters: 0 0 0

#Transform 172
Transform: AffineTransform_float_3_3
Parameters: 0.999993 -0.00342339 -0.00150954 0.00343334 0.999971 0.00684501 0.00148678 -0.00684999 0.999975 0.232129 0.134641 -0.403778
FixedParameters: 0 0 0

#Transform 173
Transform: AffineTransform_float_3_3
Parameters: 0.999996 -0.00287499 -0.000997693 0.0028847 0.999948 0.00982849 0.000969151 -0.00983152 0.999952 0.237415 0.272913 -0.276019
FixedParameters: 0 0 0

#Transform 174
Transform: AffineTransform_float_3_3
Parameters: 0.999996 -0.00284681 -0.000585752 0.00285172 0.999957 0.00885751 0.000560221 -0.00885949 0.999961 0.268463 0.250957 -0.361252
FixedParameters: 0 0 0

#Transform 175
Transform: AffineTransform_float_3_3
Parameters: 0.999996 -0.00255263 -0.00108981 0.00256273 0.999955 0.00913179 0.00106704 -0.00913421 0.999958 0.226257 0.259112 -0.306451
FixedParameters: 0 0 0

#Transform 176
Transform: AffineTransform_float_3_3
Parameters: 0.999997 -0.00227227 -0.00133112 0.00228557 0.999951 0.00967783 0.00130851 -0.00968118 0.999953 0.173272 0.299031 -0.339647
FixedParameters: 0 0 0

#Transform 177
Transform: AffineTransform_float_3_3
Parameters: 0.999997 -0.00226779 -0.00144283 0.00228194 0.999952 0.00955558 0.0014211 -0.00955944 0.999954 0.147339 0.311667 -0.329104
FixedParameters: 0 0 0

#Transform 178
Transform: AffineTransform_float_3_3
Parameters: 0.999997 -0.00167685 -0.001711 0.00169168 0.999956 0.00929119 0.00169512 -0.00929381 0.999955 0.121129 0.365783 -0.381958
FixedParameters: 0 0 0

#Transform 179
Transform: AffineTransform_float_3_3
Parameters: 0.999997 -0.00153155 -0.00163981 0.00154555 0.999959 0.00891678 0.00162635 -0.00891822 0.999959 0.0778524 0.320619 -0.374211
FixedParameters: 0 0 0

#Transform 180
Transform: AffineTransform_float_3_3
Parameters: 0.999998 -0.00107239 -0.00181411 0.00108826 0.99996 0.00882245 0.00180514 -0.00882455 0.99996 0.0632236 0.400871 -0.374434
FixedParameters: 0 0 0

#Transform 181
Transform: AffineTransform_float_3_3
Parameters: 0.999998 -0.000915335 -0.00190446 0.000933311 0.999958 0.00908164 0.00189582 -0.00908334 0.999957 0.0480741 0.347491 -0.354734
FixedParameters: 0 0 0

#Transform 182
Transform: AffineTransform_float_3_3
Parameters: 0.999998 -0.00107629 -0.00204751 0.00109497 0.999959 0.00903913 0.00203747 -0.00904087 0.999957 0.0520271 0.408537 -0.312172
FixedParameters: 0 0 0

#Transform 183
Transform: AffineTransform_float_3_3
Parameters: 0.999997 -0.000936272 -0.00196865 0.000955767 0.999953 0.00966855 0.00195898 -0.00967045 0.999951 0.0622053 0.389298 -0.34332
FixedParameters: 0 0 0

#Transform 184
Transform: AffineTransform_float_3_3
Parameters: 0.999998 -0.000962846 -0.00207505 0.000981303 0.99996 0.00891839 0.00206633 -0.00892061 0.999958 0.0605899 0.378266 -0.330161
FixedParameters: 0 0 0

#Transform 185
Transform: AffineTransform_float_3_3
Parameters: 0.999997 -0.0013906 -0.00201045 0.00141026 0.999951 0.00970477 0.00199722 -0.00970723 0.999951 0.0826168 0.380378 -0.321291
FixedParameters: 0 0 0

#Transform 186
Transform: AffineTransform_float_3_3
Parameters: 0.999997 -0.00125206 -0.00177334 0.0012678 0.999957 0.00920589 0.00176144 -0.00920811 0.999956 0.0808261 0.354913 -0.30688
FixedParameters: 0 0 0

#Transform 187
Transform: AffineTransform_float_3_3
Parameters: 0.999997 -0.0013964 -0.00200867 0.00141515 0.999956 0.00924153 0.0019964 -0.00924446 0.999955 0.0893269 0.368526 -0.32997
FixedParameters: 0 0 0

#Transform 188
Transform: AffineTransform_float_3_3
