# transform file /out/sourcedata/freesurfer/sub-v1s12x0050111_ses-1/mri/transforms/cc_up.lta
# created by oesteban on Sun Mar  8 14:19:22 2026

type      = 0 # LINEAR_VOX_TO_VOX
nxforms   = 1
mean      = 128.0000 129.0000 114.0000
sigma     = 10000.0000
1 4 4
9.956128001213074e-01 -1.825013197958469e-02 9.177207201719284e-02 -7.636571884155273e+00 
1.817309111356735e-02 9.998334646224976e-01 1.675131497904658e-03 1.748796272277832e+01 
-9.178736060857773e-02 -1.164153218269348e-10 9.957786202430725e-01 3.232063674926758e+01 
0.000000000000000e+00 0.000000000000000e+00 0.000000000000000e+00 1.000000000000000e+00 
src volume info
valid = 1  # volume info valid
filename = /out/sourcedata/freesurfer/sub-v1s12x0050111_ses-1/mri/norm.mgz
volume = 256 256 256
voxelsize = 1.000000000000000e+00 1.000000000000000e+00 1.000000000000000e+00
xras   = -1.000000000000000e+00 0.000000000000000e+00 0.000000000000000e+00
yras   = 0.000000000000000e+00 0.000000000000000e+00 -1.000000000000000e+00
zras   = 0.000000000000000e+00 1.000000000000000e+00 0.000000000000000e+00
cras   = 2.871780395507812e-01 -4.084747314453125e+00 2.371643829345703e+01
dst volume info
valid = 1  # volume info valid
filename = /out/sourcedata/freesurfer/sub-v1s12x0050111_ses-1/mri/norm.mgz
volume = 256 256 256
voxelsize = 1.000000000000000e+00 1.000000000000000e+00 1.000000000000000e+00
xras   = -1.000000000000000e+00 0.000000000000000e+00 0.000000000000000e+00
yras   = 0.000000000000000e+00 0.000000000000000e+00 -1.000000000000000e+00
zras   = 0.000000000000000e+00 1.000000000000000e+00 0.000000000000000e+00
cras   = 2.871780395507812e-01 -4.084747314453125e+00 2.371643829345703e+01
