# transform file /out/sourcedata/freesurfer/sub-v1s12x0050137_ses-1/mri/transforms/cc_up.lta
# created by oesteban on Sun Mar  8 14:21:21 2026

type      = 0 # LINEAR_VOX_TO_VOX
nxforms   = 1
mean      = 127.0000 131.0000 118.0000
sigma     = 10000.0000
1 4 4
9.947572946548462e-01 9.819668531417847e-02 -2.855383418500423e-02 -7.802490711212158e+00 
-9.815625846385956e-02 9.951670169830322e-01 2.817508764564991e-03 2.785134506225586e+01 
2.869250439107418e-02 2.328306436538696e-10 9.995882511138916e-01 1.635852622985840e+01 
0.000000000000000e+00 0.000000000000000e+00 0.000000000000000e+00 1.000000000000000e+00 
src volume info
valid = 1  # volume info valid
filename = /out/sourcedata/freesurfer/sub-v1s12x0050137_ses-1/mri/norm.mgz
volume = 256 256 256
voxelsize = 1.000000000000000e+00 1.000000000000000e+00 1.000000000000000e+00
xras   = -1.000000000000000e+00 0.000000000000000e+00 0.000000000000000e+00
yras   = 0.000000000000000e+00 0.000000000000000e+00 -1.000000000000000e+00
zras   = 0.000000000000000e+00 1.000000000000000e+00 0.000000000000000e+00
cras   = 2.779159545898438e-01 6.811141967773438e+00 1.501910400390625e+01
dst volume info
valid = 1  # volume info valid
filename = /out/sourcedata/freesurfer/sub-v1s12x0050137_ses-1/mri/norm.mgz
volume = 256 256 256
voxelsize = 1.000000000000000e+00 1.000000000000000e+00 1.000000000000000e+00
xras   = -1.000000000000000e+00 0.000000000000000e+00 0.000000000000000e+00
yras   = 0.000000000000000e+00 0.000000000000000e+00 -1.000000000000000e+00
zras   = 0.000000000000000e+00 1.000000000000000e+00 0.000000000000000e+00
cras   = 2.779159545898438e-01 6.811141967773438e+00 1.501910400390625e+01
