#Insight Transform File V1.0
#Transform 0
Transform: AffineTransform_float_3_3
Parameters: 1 -0.000243525 -0.000161234 0.000244179 0.999999 0.00069596 0.000161798 -0.000696039 0.999999 0.0251266 0.0234084 0.081669
FixedParameters: 0 0 0

#Transform 1
Transform: AffineTransform_float_3_3
Parameters: 1 0.0003631 2.78491e-05 -0.000363083 1 -0.00030601 -2.80713e-05 0.00030599 1 0.00621755 0.0508586 -0.0341001
FixedParameters: 0 0 0

#Transform 2
Transform: AffineTransform_float_3_3
Parameters: 0.999999 0.000650103 -0.000360619 -0.000650556 0.999999 -0.00122377 0.00035993 0.00122423 0.999999 -0.0191855 -0.0332572 -0.202917
FixedParameters: 0 0 0

#Transform 3
Transform: AffineTransform_float_3_3
Parameters: 1 -7.03566e-06 0.000334442 7.46173e-06 1 -0.000636997 -0.000334433 0.000637002 0.999999 -0.0584628 -0.0803201 0.0935008
FixedParameters: 0 0 0

#Transform 4
Transform: AffineTransform_float_3_3
Parameters: 1 0.000342426 3.31377e-05 -0.000342384 0.999999 -0.000633011 -3.35712e-05 0.000632988 1 -0.0521657 -0.125683 0.14067
FixedParameters: 0 0 0

#Transform 5
Transform: AffineTransform_float_3_3
Parameters: 1 0.000494944 0.000209961 -0.000494901 1 -0.000101104 -0.000210061 0.000100896 1 -0.083942 -0.110738 0.200855
FixedParameters: 0 0 0

#Transform 6
Transform: AffineTransform_float_3_3
Parameters: 1 0.000354417 5.86372e-05 -0.000354414 1 -3.00208e-05 -5.86585e-05 2.99792e-05 1 -0.0766767 -0.0794025 0.179224
FixedParameters: 0 0 0

#Transform 7
Transform: AffineTransform_float_3_3
Parameters: 1 0.000248902 -0.000163566 -0.000248893 1 2.80407e-05 0.00016358 -2.79593e-05 1 -0.0640771 -0.0535155 0.211386
FixedParameters: 0 0 0

#Transform 8
Transform: AffineTransform_float_3_3
Parameters: 1 0.000147815 -0.000375968 -0.000147477 0.999999 -0.000752944 0.000375316 0.000753055 0.999999 -0.0609967 -0.0471238 0.233251
FixedParameters: 0 0 0

#Transform 9
Transform: AffineTransform_float_3_3
Parameters: 1 0.000308083 -3.89761e-05 -0.000308099 1 -0.000206988 3.88486e-05 0.000207012 1 -0.0918307 0.0256077 0.267706
FixedParameters: 0 0 0

#Transform 10
Transform: AffineTransform_float_3_3
Parameters: 1 0.000202448 0.000231343 -0.000201007 0.999997 -0.00218804 -0.000231323 0.00218795 0.999997 -0.0997007 0.0734918 0.155984
FixedParameters: 0 0 0

#Transform 11
Transform: AffineTransform_float_3_3
Parameters: 0.999999 -0.000253747 -0.000761986 0.000252019 0.999998 -0.0017258 0.00076243 0.00172619 0.999998 -0.0070566 0.00300712 0.169634
FixedParameters: 0 0 0

#Transform 12
Transform: AffineTransform_float_3_3
Parameters: 1 -0.000265618 -0.000526987 0.000264915 0.999999 -0.00152414 0.000527367 0.00152386 0.999998 -0.0256362 -0.00845566 0.212002
FixedParameters: 0 0 0

#Transform 13
Transform: AffineTransform_float_3_3
Parameters: 0.999999 -0.000295008 -0.000742285 0.000293864 0.999999 -0.00137922 0.000742668 0.00137878 0.999999 -0.0179057 0.00717923 0.204724
FixedParameters: 0 0 0

#Transform 14
Transform: AffineTransform_float_3_3
Parameters: 1 -0.00043613 -0.000951976 0.000434961 0.999999 -0.00156203 0.000952478 0.00156197 0.999998 -0.00648665 0.0229862 0.194336
FixedParameters: 0 0 0

#Transform 15
Transform: AffineTransform_float_3_3
Parameters: 0.999999 -0.000131554 -0.000748149 0.000130557 0.999999 -0.0012701 0.000748052 0.0012699 0.999999 -0.0138932 0.0508864 0.235159
FixedParameters: 0 0 0

#Transform 16
Transform: AffineTransform_float_3_3
Parameters: 0.999999 -0.000333169 -0.000816026 0.000332327 1 -0.00106927 0.000816308 0.00106873 0.999999 -0.0413902 0.00053509 0.233919
FixedParameters: 0 0 0

#Transform 17
Transform: AffineTransform_float_3_3
Parameters: 0.999999 0.000950279 -0.00107936 -0.000950826 0.999999 -0.00106918 0.0010787 0.00106982 0.999999 -0.0400867 0.0686207 -0.277413
FixedParameters: 0 0 0

#Transform 18
Transform: AffineTransform_float_3_3
Parameters: 0.999999 0.000753669 -0.000462016 -0.000753754 0.999999 -9.16518e-05 0.000461878 9.23481e-05 1 -0.0584379 -0.0451963 -0.175194
FixedParameters: 0 0 0

#Transform 19
Transform: AffineTransform_float_3_3
Parameters: 1 -0.000566689 -2.49135e-05 0.000566646 0.999999 -0.000842014 2.58678e-05 0.000841985 0.999999 0.0292686 -0.0546414 -0.0219726
FixedParameters: 0 0 0

#Transform 20
Transform: AffineTransform_float_3_3
Parameters: 0.999998 -0.00160095 -0.000157298 0.00160115 0.999998 -0.000873437 0.000158762 0.000873563 1 0.0654387 -0.0224368 0.00881341
FixedParameters: 0 0 0

#Transform 21
Transform: AffineTransform_float_3_3
Parameters: 0.999999 -0.00168792 -0.000567429 0.00168671 0.999998 -0.00110433 0.000568919 0.00110367 0.999999 0.0583088 0.000237036 0.0495091
FixedParameters: 0 0 0

#Transform 22
Transform: AffineTransform_float_3_3
Parameters: 0.999998 -0.00155279 -0.000599371 0.00155167 0.999998 -0.00132712 0.000602157 0.00132588 0.999999 0.0388682 0.0158342 0.0752597
FixedParameters: 0 0 0

#Transform 23
Transform: AffineTransform_float_3_3
Parameters: 0.999999 -0.00116503 -0.00066457 0.00116477 0.999999 -0.00123496 0.000665685 0.00123404 0.999999 0.0274807 0.024062 0.0941799
FixedParameters: 0 0 0

#Transform 24
Transform: AffineTransform_float_3_3
Parameters: 0.999999 -0.00116992 -0.000675873 0.00116927 0.999999 -0.000833975 0.00067649 0.000833026 0.999999 0.0181513 0.0337505 0.0931495
FixedParameters: 0 0 0

#Transform 25
Transform: AffineTransform_float_3_3
Parameters: 1 -0.000811813 -0.000752227 0.000810813 0.999999 -0.000664407 0.000753305 0.000664592 0.999999 0.026837 0.040173 0.100948
FixedParameters: 0 0 0

#Transform 26
Transform: AffineTransform_float_3_3
Parameters: 0.999999 -0.00089928 -0.0010371 0.000897827 0.999999 -0.00113555 0.00103871 0.00113446 0.999999 0.030323 0.024805 0.0706866
FixedParameters: 0 0 0

#Transform 27
Transform: AffineTransform_float_3_3
Parameters: 1 -0.000565708 -0.000957729 0.000564577 0.999998 -0.00200416 0.000958707 0.00200385 0.999998 -0.00699202 0.044948 0.138857
FixedParameters: 0 0 0

#Transform 28
Transform: AffineTransform_float_3_3
Parameters: 0.999999 -0.000441991 -0.000698777 0.000441181 0.999998 -0.00187131 0.000699571 0.00187069 0.999998 -0.0488011 0.0979645 0.19732
FixedParameters: 0 0 0

#Transform 29
Transform: AffineTransform_float_3_3
Parameters: 1 0.00108552 -4.12459e-05 -0.00108604 0.999999 -0.000644343 4.11797e-05 0.000643658 1 -0.107894 -0.000154065 -0.0627874
FixedParameters: 0 0 0

#Transform 30
Transform: AffineTransform_float_3_3
Parameters: 0.999998 0.00199839 0.000439238 -0.00199829 0.999997 -0.000645247 -0.000440484 0.000644753 1 -0.170049 0.010709 -0.0769269
FixedParameters: 0 0 0

#Transform 31
Transform: AffineTransform_float_3_3
Parameters: 1 0.000687952 -0.000139225 -0.000689132 0.999999 -0.000999292 0.000138279 0.000998708 0.999999 -0.154666 -0.0533706 0.140529
FixedParameters: 0 0 0

#Transform 32
Transform: AffineTransform_float_3_3
Parameters: 1 0.00106543 -0.000314487 -0.00106533 0.999997 -0.00190367 0.00031314 0.00190433 0.999998 -0.142212 0.0514418 -0.00729912
FixedParameters: 0 0 0

#Transform 33
Transform: AffineTransform_float_3_3
Parameters: 1 0.00102507 -0.000398994 -0.00102548 0.999999 -0.00158216 0.000397556 0.00158284 0.999998 -0.125747 -0.00573338 0.0721136
FixedParameters: 0 0 0

#Transform 34
Transform: AffineTransform_float_3_3
Parameters: 0.999999 0.000659965 -0.000488602 -0.000661097 0.999998 -0.00159988 0.000487392 0.00159912 0.999999 -0.102567 0.0106704 0.0969736
FixedParameters: 0 0 0

#Transform 35
Transform: AffineTransform_float_3_3
Parameters: 0.999999 0.000780173 -0.000529261 -0.000780969 0.999999 -0.00156298 0.000528628 0.00156303 0.999998 -0.0965447 0.0584912 0.13414
FixedParameters: 0 0 0

#Transform 36
Transform: AffineTransform_float_3_3
Parameters: 0.999999 0.000511406 -0.0005403 -0.000512086 1 -0.00102572 0.000540153 0.00102628 1 -0.0836937 0.0657337 0.139318
FixedParameters: 0 0 0

#Transform 37
Transform: AffineTransform_float_3_3
Parameters: 0.999999 0.000253277 -0.000875007 -0.000254645 0.999999 -0.00129859 0.000873918 0.00129841 0.999999 -0.0709664 0.0562477 0.0956749
FixedParameters: 0 0 0

#Transform 38
Transform: AffineTransform_float_3_3
Parameters: 0.999999 0.000326718 -0.00072068 -0.000327472 0.999999 -0.00144776 0.000720207 0.00144824 0.999998 -0.0730499 0.0372071 0.0929803
FixedParameters: 0 0 0

#Transform 39
Transform: AffineTransform_float_3_3
Parameters: 1 0.000290364 -0.000952627 -0.000290948 0.999998 -0.00148054 0.000951812 0.00148046 0.999998 -0.0668154 0.0238257 0.0977707
FixedParameters: 0 0 0

#Transform 40
Transform: AffineTransform_float_3_3
Parameters: 0.999999 0.000320804 -0.000733271 -0.000322279 0.999999 -0.00129858 0.000733339 0.00129842 0.999999 -0.0626763 0.0149242 0.107431
FixedParameters: 0 0 0

#Transform 41
Transform: AffineTransform_float_3_3
Parameters: 1 0.00042704 -0.000510285 -0.000427937 0.999999 -0.00129878 0.000510077 0.00129922 0.999999 -0.0678421 0.0198688 0.0700015
FixedParameters: 0 0 0

#Transform 42
Transform: AffineTransform_float_3_3
Parameters: 0.999999 0.00105181 -0.000843753 -0.00105394 0.999995 -0.00307332 0.000841369 0.00307369 0.999995 -0.115291 0.0662279 -0.260474
FixedParameters: 0 0 0

#Transform 43
Transform: AffineTransform_float_3_3
Parameters: 0.999999 0.00088551 5.74808e-05 -0.000886118 0.999996 -0.00290362 -5.99602e-05 0.00290338 0.999995 -0.167617 0.0281048 -0.0377691
FixedParameters: 0 0 0

#Transform 44
Transform: AffineTransform_float_3_3
Parameters: 0.999999 0.00088152 -0.000421249 -0.000882311 0.999997 -0.00247102 0.000419601 0.00247098 0.999997 -0.138935 -0.0169126 0.069106
FixedParameters: 0 0 0

#Transform 45
Transform: AffineTransform_float_3_3
Parameters: 1 -5.45258e-06 -0.00052296 3.23432e-06 0.999994 -0.003393 0.000523464 0.003393 0.999994 -0.10935 0.086572 -0.0575178
FixedParameters: 0 0 0

#Transform 46
Transform: AffineTransform_float_3_3
Parameters: 1 -0.000161738 -0.000678656 0.000159558 0.999996 -0.00293672 0.000678742 0.00293728 0.999996 -0.10964 0.0415973 0.0726804
FixedParameters: 0 0 0

#Transform 47
Transform: AffineTransform_float_3_3
Parameters: 0.999999 0.000201977 -0.000743036 -0.000204402 0.999995 -0.00313885 0.000741806 0.00313915 0.999995 -0.118283 0.089786 0.0261173
FixedParameters: 0 0 0

#Transform 48
Transform: AffineTransform_float_3_3
Parameters: 1 3.75462e-05 -0.00108758 -4.02242e-05 0.999997 -0.00267496 0.00108699 0.00267504 0.999996 -0.111737 0.0840308 0.0823901
FixedParameters: 0 0 0

#Transform 49
Transform: AffineTransform_float_3_3
Parameters: 0.999999 0.00050247 -0.00170106 -0.00050738 0.999996 -0.00261877 0.00169984 0.00261923 0.999995 -0.193304 0.100686 0.112505
FixedParameters: 0 0 0

#Transform 50
Transform: AffineTransform_float_3_3
Parameters: 0.999999 0.00152333 -0.000211732 -0.00152287 0.999997 -0.00194507 0.000208517 0.00194493 0.999998 -0.244455 0.0944868 0.111573
FixedParameters: 0 0 0

#Transform 51
Transform: AffineTransform_float_3_3
Parameters: 0.999999 0.00166259 -0.000491762 -0.00166425 0.999994 -0.00296896 0.00048683 0.00296904 0.999995 -0.230061 0.107992 0.0950986
FixedParameters: 0 0 0

#Transform 52
Transform: AffineTransform_float_3_3
Parameters: 0.999999 0.00153527 -0.000969307 -0.00153638 0.999997 -0.00170729 0.000966342 0.00170871 0.999998 -0.204251 0.0733287 0.101918
FixedParameters: 0 0 0

#Transform 53
Transform: AffineTransform_float_3_3
Parameters: 0.999995 0.00309555 -0.000137238 -0.0030957 0.999994 -0.00181469 0.000131378 0.00181431 0.999998 -0.230945 0.174724 -0.202496
FixedParameters: 0 0 0

#Transform 54
Transform: AffineTransform_float_3_3
Parameters: 0.999999 0.00184124 -0.000263797 -0.00184176 0.999995 -0.00254748 0.000258457 0.00254752 0.999996 -0.210652 0.0499033 -0.128401
FixedParameters: 0 0 0

#Transform 55
Transform: AffineTransform_float_3_3
Parameters: 0.999998 0.00151968 -0.00065127 -0.00152113 0.999997 -0.00209979 0.000647595 0.00210021 0.999998 -0.201113 0.00469519 -0.0542996
FixedParameters: 0 0 0

#Transform 56
Transform: AffineTransform_float_3_3
Parameters: 0.999998 0.00166243 -0.000886075 -0.0016648 0.999995 -0.00230873 0.000882004 0.00231027 0.999997 -0.17051 0.0697081 -0.106934
FixedParameters: 0 0 0

#Transform 57
Transform: AffineTransform_float_3_3
Parameters: 0.999998 0.00134104 -0.00120421 -0.00134384 0.999997 -0.00207498 0.00120092 0.00207602 0.999997 -0.156289 0.0396584 -0.0493298
FixedParameters: 0 0 0

#Transform 58
Transform: AffineTransform_float_3_3
Parameters: 0.999998 0.00138147 -0.0010223 -0.00138371 0.999998 -0.00172798 0.00102023 0.00173003 0.999998 -0.167873 0.0576069 -0.0190483
FixedParameters: 0 0 0

#Transform 59
Transform: AffineTransform_float_3_3
Parameters: 0.999999 0.00118841 -0.00135884 -0.00119191 0.999997 -0.00225359 0.00135666 0.00225541 0.999997 -0.153598 0.0831504 0.00972216
FixedParameters: 0 0 0

#Transform 60
Transform: AffineTransform_float_3_3
Parameters: 0.999998 0.00116183 -0.00151728 -0.00116454 0.999997 -0.00191626 0.00151467 0.00191774 0.999997 -0.146441 0.0867597 -0.0617312
FixedParameters: 0 0 0

#Transform 61
Transform: AffineTransform_float_3_3
Parameters: 0.999998 0.00179111 -0.00104792 -0.00179405 0.999994 -0.00307072 0.0010419 0.00307228 0.999995 -0.169942 0.131318 -0.225539
FixedParameters: 0 0 0

#Transform 62
Transform: AffineTransform_float_3_3
Parameters: 0.999998 0.00178784 -0.00105517 -0.0017896 0.999996 -0.00208089 0.0010509 0.00208311 0.999997 -0.191502 0.0471218 -0.0301003
FixedParameters: 0 0 0

#Transform 63
Transform: AffineTransform_float_3_3
Parameters: 0.999998 0.00199641 -0.000618197 -0.00199714 0.999996 -0.00198554 0.000613879 0.00198645 0.999998 -0.219807 0.0333991 -0.0302239
FixedParameters: 0 0 0

#Transform 64
Transform: AffineTransform_float_3_3
Parameters: 0.999997 0.00185763 -0.0011895 -0.00186126 0.999995 -0.00261177 0.00118521 0.00261323 0.999996 -0.173976 0.0789042 -0.186677
FixedParameters: 0 0 0

#Transform 65
Transform: AffineTransform_float_3_3
Parameters: 0.999997 0.002039 -0.00124875 -0.00204103 0.999996 -0.00186605 0.00124431 0.00186895 0.999998 -0.199279 0.0720661 -0.0689471
FixedParameters: 0 0 0

#Transform 66
Transform: AffineTransform_float_3_3
Parameters: 0.999997 0.00167383 -0.00144576 -0.00167576 0.999997 -0.00142517 0.00144326 0.00142783 0.999998 -0.18548 -0.0102771 -0.0069334
FixedParameters: 0 0 0

#Transform 67
Transform: AffineTransform_float_3_3
Parameters: 0.999998 0.00203481 -0.00115269 -0.0020377 0.999994 -0.00276764 0.0011464 0.00276936 0.999996 -0.189124 0.0526149 -0.146823
FixedParameters: 0 0 0

#Transform 68
Transform: AffineTransform_float_3_3
Parameters: 0.999997 0.0016198 -0.00140755 -0.00162174 0.999997 -0.00178813 0.0014036 0.00178987 0.999998 -0.163287 0.0226917 -0.0369949
FixedParameters: 0 0 0

#Transform 69
Transform: AffineTransform_float_3_3
Parameters: 0.999997 0.00186064 -0.00142779 -0.00186351 0.999997 -0.00160432 0.00142543 0.00160668 0.999997 -0.18158 0.0454161 -0.0296962
FixedParameters: 0 0 0

#Transform 70
Transform: AffineTransform_float_3_3
Parameters: 0.999996 0.00224437 -0.00125025 -0.00224681 0.999996 -0.00183336 0.00124653 0.00183664 0.999998 -0.179743 0.0609774 -0.0632134
FixedParameters: 0 0 0

#Transform 71
Transform: AffineTransform_float_3_3
Parameters: 0.999996 0.0021808 -0.00146505 -0.0021836 0.999997 -0.00154117 0.00146193 0.00154383 0.999998 -0.187771 0.0484116 -0.0276443
FixedParameters: 0 0 0

#Transform 72
Transform: AffineTransform_float_3_3
Parameters: 0.999994 0.00308923 -0.000995308 -0.00308999 0.999994 -0.00124705 0.000991207 0.00124995 0.999999 -0.185565 -0.103606 -0.159675
FixedParameters: 0 0 0

#Transform 73
Transform: AffineTransform_float_3_3
Parameters: 0.999989 0.00474322 -0.00071756 -0.00474288 0.999989 -0.00036058 0.000715932 0.000363422 1 -0.203224 -0.105921 -0.349935
FixedParameters: 0 0 0

#Transform 74
Transform: AffineTransform_float_3_3
Parameters: 0.999996 0.00261131 -0.0010988 -0.00261356 0.999995 -0.00159068 0.00109543 0.00159332 0.999998 -0.172075 -0.178586 -0.102513
FixedParameters: 0 0 0

#Transform 75
Transform: AffineTransform_float_3_3
Parameters: 0.999997 0.00204361 -0.000598753 -0.00204364 0.999998 0.000333265 0.000599209 -0.000331735 1 -0.171832 -0.170044 0.0363398
FixedParameters: 0 0 0

#Transform 76
Transform: AffineTransform_float_3_3
Parameters: 0.999997 0.00211482 -0.000845458 -0.00211485 0.999998 -0.000268375 0.000845224 0.000269626 1 -0.200028 -0.0605383 0.0347376
FixedParameters: 0 0 0

#Transform 77
Transform: AffineTransform_float_3_3
Parameters: 0.999998 0.00188298 -0.000969833 -0.00188384 0.999998 -0.000665337 0.000968228 0.000666662 0.999999 -0.190995 -0.0307055 0.06897
FixedParameters: 0 0 0

#Transform 78
Transform: AffineTransform_float_3_3
Parameters: 0.999997 0.00237454 -0.00124235 -0.00237622 0.999997 -0.00101821 0.00123931 0.00102178 0.999999 -0.197649 0.0311281 0.0850966
FixedParameters: 0 0 0

#Transform 79
Transform: AffineTransform_float_3_3
Parameters: 0.999997 0.0022555 -0.00118534 -0.00225635 0.999997 -0.000902878 0.00118398 0.000905123 0.999999 -0.209101 0.063353 0.0709148
FixedParameters: 0 0 0

#Transform 80
Transform: AffineTransform_float_3_3
Parameters: 0.999997 0.00240301 -0.00118259 -0.00240352 0.999997 -0.00057471 0.00118163 0.000577292 0.999999 -0.210805 0.0610614 0.0707549
FixedParameters: 0 0 0

#Transform 81
Transform: AffineTransform_float_3_3
Parameters: 0.999997 0.00235315 -0.00128744 -0.00235387 0.999997 -0.000612522 0.00128636 0.000615479 0.999999 -0.189875 0.0348452 0.0316188
FixedParameters: 0 0 0

#Transform 82
Transform: AffineTransform_float_3_3
Parameters: 0.999997 0.00237562 -0.00124013 -0.00237686 0.999997 -0.000846605 0.00123791 0.000849394 0.999998 -0.186307 0.0307253 0.0428274
FixedParameters: 0 0 0

#Transform 83
Transform: AffineTransform_float_3_3
Parameters: 0.999996 0.00224583 -0.0013315 -0.00224558 0.999998 -0.000567562 0.00133032 0.00057044 0.999999 -0.186024 0.0186522 0.074496
FixedParameters: 0 0 0

#Transform 84
Transform: AffineTransform_float_3_3
Parameters: 0.999995 0.00275671 -0.000964934 -0.00275756 0.999996 -0.000415075 0.000964873 0.000417928 0.999999 -0.211516 0.0171069 0.0685648
FixedParameters: 0 0 0

#Transform 85
Transform: AffineTransform_float_3_3
Parameters: 0.999997 0.00244006 -0.00110466 -0.00244067 0.999997 -0.000465856 0.00110329 0.000468144 0.999999 -0.205783 0.00760461 0.0821975
FixedParameters: 0 0 0

#Transform 86
Transform: AffineTransform_float_3_3
Parameters: 0.999996 0.00265061 -0.00112061 -0.00265123 0.999996 -0.000465765 0.00111903 0.000469234 0.999999 -0.217613 0.0181528 0.115649
FixedParameters: 0 0 0

#Transform 87
Transform: AffineTransform_float_3_3
Parameters: 0.999994 0.00330625 -0.00121041 -0.00330164 0.999989 0.00364133 0.00122319 -0.00363667 0.999993 -0.226424 -0.0709121 0.408426
FixedParameters: 0 0 0

#Transform 88
Transform: AffineTransform_float_3_3
Parameters: 0.999985 0.00535588 -0.000368247 -0.00535272 0.99996 0.00713215 0.000406995 -0.00713084 0.999975 -0.420916 0.111628 0.64041
FixedParameters: 0 0 0

#Transform 89
Transform: AffineTransform_float_3_3
Parameters: 0.999983 0.00568779 0.00135666 -0.00570219 0.999924 0.0109688 -0.00129401 -0.0109762 0.999939 -0.538791 -0.115478 1.04511
FixedParameters: 0 0 0

#Transform 90
Transform: AffineTransform_float_3_3
Parameters: 0.999993 0.00350778 0.000697631 -0.00351004 0.999989 0.00306469 -0.000685915 -0.00306731 0.999995 -0.305541 -0.183719 -0.037525
FixedParameters: 0 0 0

#Transform 91
Transform: AffineTransform_float_3_3
Parameters: 0.999993 0.00349093 0.000647706 -0.00349157 0.999994 0.000164861 -0.00064745 -0.00016714 1 -0.320934 -0.118755 -0.0776969
FixedParameters: 0 0 0

#Transform 92
Transform: AffineTransform_float_3_3
Parameters: 0.999996 0.00252949 -0.000404831 -0.00252992 0.999996 0.000524679 0.000405678 -0.000524322 1 -0.271551 -0.181284 -0.0632161
FixedParameters: 0 0 0

#Transform 93
Transform: AffineTransform_float_3_3
Parameters: 0.999997 0.00235219 -0.000580821 -0.00235206 0.999997 0.00011002 0.000581336 -0.000108979 1 -0.262524 -0.131346 -0.0364836
FixedParameters: 0 0 0

#Transform 94
Transform: AffineTransform_float_3_3
Parameters: 0.999997 0.00235788 -0.000603297 -0.00235712 0.999997 0.000585077 0.000603818 -0.000583924 0.999999 -0.259262 -0.0987702 -0.032413
FixedParameters: 0 0 0

#Transform 95
Transform: AffineTransform_float_3_3
Parameters: 0.999996 0.00250354 -0.000657785 -0.00250354 0.999996 0.000652302 0.000659241 -0.000650698 0.999999 -0.253802 -0.122574 -0.140637
FixedParameters: 0 0 0

#Transform 96
Transform: AffineTransform_float_3_3
Parameters: 0.999998 0.00199685 -0.000575057 -0.00199812 0.999997 -0.00143863 0.000572448 0.00143937 0.999999 -0.241973 -0.12145 -0.233416
FixedParameters: 0 0 0

#Transform 97
Transform: AffineTransform_float_3_3
Parameters: 0.999996 0.00281009 -0.000432702 -0.00281173 0.999995 -0.00129471 0.00042899 0.00129529 0.999999 -0.302192 -0.136342 -0.0953236
FixedParameters: 0 0 0

#Transform 98
Transform: AffineTransform_float_3_3
Parameters: 0.999991 0.00430881 -0.000750193 -0.00430983 0.999989 -0.0017728 0.000742983 0.0017762 0.999998 -0.328476 -0.0778493 -0.381925
FixedParameters: 0 0 0

#Transform 99
Transform: AffineTransform_float_3_3
Parameters: 0.999992 0.0037443 -0.000723655 -0.00374596 0.999989 -0.00288137 0.000711952 0.00288463 0.999996 -0.304375 -0.064018 -0.33575
FixedParameters: 0 0 0

#Transform 100
Transform: AffineTransform_float_3_3
Parameters: 0.999995 0.00295984 -0.00118812 -0.00296194 0.999995 -0.00178561 0.00118205 0.00178939 0.999998 -0.268535 -0.158106 -0.2002
FixedParameters: 0 0 0

#Transform 101
Transform: AffineTransform_float_3_3
Parameters: 0.999994 0.00345053 -0.00118605 -0.003453 0.999992 -0.00174743 0.00117982 0.00175157 0.999998 -0.279133 -0.0998123 -0.412708
FixedParameters: 0 0 0

#Transform 102
Transform: AffineTransform_float_3_3
Parameters: 0.999993 0.0034905 -0.00122107 -0.00349316 0.999991 -0.00213064 0.00121383 0.00213435 0.999997 -0.280584 -0.109361 -0.218452
FixedParameters: 0 0 0

#Transform 103
Transform: AffineTransform_float_3_3
Parameters: 0.999993 0.00362238 -0.000826572 -0.00362434 0.999991 -0.0021789 0.000818855 0.00218211 0.999998 -0.318927 -0.0851782 -0.143604
FixedParameters: 0 0 0

#Transform 104
Transform: AffineTransform_float_3_3
Parameters: 0.999993 0.0033586 -0.00123019 -0.00336109 0.999993 -0.00186639 0.00122439 0.00187062 0.999998 -0.298114 -0.0535721 -0.12235
FixedParameters: 0 0 0

#Transform 105
Transform: AffineTransform_float_3_3
Parameters: 0.999993 0.0031643 -0.00160951 -0.00316822 0.999993 -0.00215363 0.00160218 0.00215837 0.999996 -0.281508 -0.0429837 -0.150241
FixedParameters: 0 0 0

#Transform 106
Transform: AffineTransform_float_3_3
Parameters: 0.999995 0.00300814 -0.00153274 -0.00301174 0.999993 -0.00215372 0.00152608 0.00215828 0.999996 -0.281715 -0.0604953 -0.171265
FixedParameters: 0 0 0

#Transform 107
Transform: AffineTransform_float_3_3
Parameters: 0.999991 0.00399138 -0.00139221 -0.00399363 0.999991 -0.00156531 0.00138644 0.00157069 0.999997 -0.31826 -0.0907823 -0.256808
FixedParameters: 0 0 0

#Transform 108
Transform: AffineTransform_float_3_3
Parameters: 0.999989 0.0041356 -0.00191244 -0.00414106 0.999988 -0.00277817 0.00190025 0.00278683 0.999994 -0.305048 -0.00798864 -0.529978
FixedParameters: 0 0 0

#Transform 109
Transform: AffineTransform_float_3_3
Parameters: 0.999991 0.00367709 -0.00183515 -0.00368175 0.99999 -0.00255875 0.00182624 0.00256525 0.999995 -0.325601 -0.148468 -0.342021
FixedParameters: 0 0 0

#Transform 110
Transform: AffineTransform_float_3_3
Parameters: 0.999993 0.00347508 -0.00179878 -0.00347929 0.999992 -0.00212486 0.00179121 0.00213114 0.999996 -0.312044 -0.178083 -0.320688
FixedParameters: 0 0 0

#Transform 111
Transform: AffineTransform_float_3_3
Parameters: 0.999991 0.00361855 -0.00190177 -0.00362439 0.999989 -0.00313423 0.00188945 0.00314176 0.999993 -0.302289 -0.0742544 -0.40016
FixedParameters: 0 0 0

#Transform 112
Transform: AffineTransform_float_3_3
Parameters: 0.999993 0.00334325 -0.00167561 -0.00334664 0.999991 -0.00256412 0.00166704 0.00256988 0.999995 -0.297461 -0.12474 -0.270485
FixedParameters: 0 0 0

#Transform 113
Transform: AffineTransform_float_3_3
Parameters: 0.999995 0.00296277 -0.0014676 -0.00296633 0.999993 -0.0023856 0.00146066 0.0023904 0.999996 -0.285363 -0.11408 -0.249538
FixedParameters: 0 0 0

#Transform 114
Transform: AffineTransform_float_3_3
Parameters: 0.999992 0.00348447 -0.00192969 -0.00348949 0.99999 -0.00264982 0.00191979 0.00265718 0.999995 -0.282283 -0.0650989 -0.276338
FixedParameters: 0 0 0

#Transform 115
Transform: AffineTransform_float_3_3
Parameters: 0.999992 0.00312957 -0.00223888 -0.00313461 0.999992 -0.00239234 0.00223114 0.00239966 0.999994 -0.277464 -0.0784815 -0.240051
FixedParameters: 0 0 0

#Transform 116
Transform: AffineTransform_float_3_3
Parameters: 0.999993 0.00308361 -0.00219159 -0.00308875 0.999993 -0.00216202 0.00218502 0.00216898 0.999996 -0.267795 -0.0764862 -0.223793
FixedParameters: 0 0 0

#Transform 117
Transform: AffineTransform_float_3_3
Parameters: 0.999993 0.00293912 -0.00196766 -0.00294281 0.999994 -0.00193018 0.00196218 0.00193582 0.999996 -0.260809 -0.11665 -0.294896
FixedParameters: 0 0 0

#Transform 118
Transform: AffineTransform_float_3_3
Parameters: 0.999991 0.0038145 -0.00194407 -0.00382068 0.999988 -0.00302691 0.00193267 0.0030341 0.999994 -0.264828 -0.0575813 -0.507048
FixedParameters: 0 0 0

#Transform 119
Transform: AffineTransform_float_3_3
Parameters: 0.999993 0.00331525 -0.00170401 -0.00332032 0.999991 -0.00275089 0.00169477 0.00275611 0.999995 -0.290579 -0.0632383 -0.307147
FixedParameters: 0 0 0

#Transform 120
Transform: AffineTransform_float_3_3
Parameters: 0.99999 0.00388365 -0.00197351 -0.00388741 0.99999 -0.00227165 0.00196443 0.00227935 0.999996 -0.296987 -0.153658 -0.257864
FixedParameters: 0 0 0

#Transform 121
Transform: AffineTransform_float_3_3
Parameters: 0.999989 0.00414032 -0.00209733 -0.0041457 0.999988 -0.00251041 0.00208734 0.00251859 0.999995 -0.29333 -0.0128984 -0.327123
FixedParameters: 0 0 0

#Transform 122
Transform: AffineTransform_float_3_3
Parameters: 0.999991 0.00346671 -0.00234418 -0.00347446 0.999989 -0.00303743 0.00233438 0.00304557 0.999993 -0.280395 -0.0660669 -0.257754
FixedParameters: 0 0 0

#Transform 123
Transform: AffineTransform_float_3_3
Parameters: 0.999993 0.00265936 -0.00243616 -0.00266546 0.999993 -0.00260091 0.00242914 0.00260809 0.999993 -0.25759 -0.0642008 -0.286511
FixedParameters: 0 0 0

#Transform 124
Transform: AffineTransform_float_3_3
Parameters: 0.999993 0.00284779 -0.0025279 -0.00285467 0.999992 -0.00300958 0.00251894 0.00301742 0.999992 -0.258523 -0.00694126 -0.25235
FixedParameters: 0 0 0

#Transform 125
Transform: AffineTransform_float_3_3
Parameters: 0.999992 0.00288582 -0.00254442 -0.00289247 0.999992 -0.00260025 0.00253621 0.00260775 0.999993 -0.267165 -0.0362548 -0.226579
FixedParameters: 0 0 0

#Transform 126
Transform: AffineTransform_float_3_3
Parameters: 0.999993 0.00277376 -0.00249257 -0.00278055 0.999992 -0.00303386 0.00248392 0.00304114 0.999992 -0.26301 -0.042786 -0.281001
FixedParameters: 0 0 0

#Transform 127
Transform: AffineTransform_float_3_3
Parameters: 0.999993 0.0028355 -0.0026881 -0.00284307 0.999991 -0.00295978 0.0026795 0.00296721 0.999992 -0.257751 -0.049838 -0.272848
FixedParameters: 0 0 0

#Transform 128
Transform: AffineTransform_float_3_3
Parameters: 0.999989 0.00411599 -0.00251177 -0.00412378 0.999987 -0.00301339 0.00250002 0.00302362 0.999993 -0.312563 -0.0876 -0.550489
FixedParameters: 0 0 0

#Transform 129
Transform: AffineTransform_float_3_3
Parameters: 0.999988 0.00452484 -0.00198625 -0.00453047 0.999986 -0.00270587 0.00197478 0.00271514 0.999995 -0.350694 -0.0674206 -0.433002
FixedParameters: 0 0 0

#Transform 130
Transform: AffineTransform_float_3_3
Parameters: 0.999991 0.00380649 -0.00223039 -0.0038118 0.999991 -0.00205503 0.00222283 0.00206297 0.999995 -0.343323 -0.145916 -0.260652
FixedParameters: 0 0 0

#Transform 131
Transform: AffineTransform_float_3_3
Parameters: 0.999988 0.00408282 -0.00243491 -0.00409116 0.999986 -0.00322197 0.00242165 0.00323203 0.999991 -0.330826 -0.0264991 -0.354389
FixedParameters: 0 0 0

#Transform 132
Transform: AffineTransform_float_3_3
Parameters: 0.99999 0.00371877 -0.00248518 -0.00372551 0.999989 -0.0026697 0.00247435 0.00267929 0.999994 -0.31419 -0.0704637 -0.242312
FixedParameters: 0 0 0

#Transform 133
Transform: AffineTransform_float_3_3
Parameters: 0.999989 0.00356164 -0.00279544 -0.00356922 0.99999 -0.00259862 0.00278685 0.00260839 0.999993 -0.307532 -0.0674373 -0.237704
FixedParameters: 0 0 0

#Transform 134
Transform: AffineTransform_float_3_3
Parameters: 0.99999 0.00358082 -0.00264233 -0.00358676 0.999991 -0.0022773 0.00263415 0.0022867 0.999994 -0.306224 -0.0741769 -0.214289
FixedParameters: 0 0 0

#Transform 135
Transform: AffineTransform_float_3_3
Parameters: 0.999991 0.00344972 -0.00271458 -0.00345598 0.999991 -0.00244039 0.00270544 0.0024496 0.999993 -0.295195 -0.0449155 -0.219996
FixedParameters: 0 0 0

#Transform 136
Transform: AffineTransform_float_3_3
Parameters: 0.99999 0.00354896 -0.00273034 -0.00355467 0.999992 -0.00208207 0.00272279 0.00209193 0.999994 -0.285553 -0.0615331 -0.300029
FixedParameters: 0 0 0

#Transform 137
Transform: AffineTransform_float_3_3
Parameters: 0.999989 0.00372609 -0.0025779 -0.00373357 0.999988 -0.00322673 0.00256605 0.00323627 0.999991 -0.29295 0.00151557 -0.403502
FixedParameters: 0 0 0

#Transform 138
Transform: AffineTransform_float_3_3
Parameters: 0.999992 0.0031846 -0.00268968 -0.00319052 0.999992 -0.0024008 0.00268209 0.0024092 0.999993 -0.2949 -0.049513 -0.128845
FixedParameters: 0 0 0

#Transform 139
Transform: AffineTransform_float_3_3
Parameters: 0.999987 0.0042556 -0.00255168 -0.00425705 0.999991 -0.000529425 0.00254983 0.000540576 0.999996 -0.359132 -0.0822685 0.0630375
FixedParameters: 0 0 0

#Transform 140
Transform: AffineTransform_float_3_3
Parameters: 0.99999 0.00380919 -0.00234189 -0.00381191 0.999992 -0.0010342 0.00233849 0.0010438 0.999997 -0.322123 -0.00783144 -0.0594552
FixedParameters: 0 0 0

#Transform 141
Transform: AffineTransform_float_3_3
Parameters: 0.999987 0.00422798 -0.00260846 -0.00423186 0.999989 -0.00157008 0.00260193 0.00158092 0.999995 -0.329646 -0.00378085 -0.132622
FixedParameters: 0 0 0

#Transform 142
Transform: AffineTransform_float_3_3
Parameters: 0.99999 0.00378521 -0.00232966 -0.00378665 0.999992 -0.000867307 0.00232624 0.000876695 0.999997 -0.31578 -0.077729 -0.0275136
FixedParameters: 0 0 0

#Transform 143
Transform: AffineTransform_float_3_3
Parameters: 0.999988 0.00449815 -0.00204137 -0.00449748 0.999989 0.000484537 0.00204298 -0.000475466 0.999998 -0.31285 -0.10486 -0.318477
FixedParameters: 0 0 0

#Transform 144
Transform: AffineTransform_float_3_3
Parameters: 0.999985 0.00489474 -0.00223446 -0.00489549 0.999988 -0.000355879 0.00223273 0.000366122 0.999998 -0.354123 -0.073744 -0.243233
FixedParameters: 0 0 0

#Transform 145
Transform: AffineTransform_float_3_3
Parameters: 0.999988 0.00427327 -0.00242127 -0.00427387 0.999991 -0.000660125 0.00241876 0.000670878 0.999996 -0.357557 -0.0666291 -0.110954
FixedParameters: 0 0 0

#Transform 146
Transform: AffineTransform_float_3_3
Parameters: 0.99999 0.00399635 -0.0022998 -0.00399966 0.999991 -0.00136871 0.00229514 0.00137729 0.999997 -0.328685 -0.0202837 -0.17741
FixedParameters: 0 0 0

#Transform 147
Transform: AffineTransform_float_3_3
Parameters: 0.999989 0.00364224 -0.00273667 -0.00364512 0.999993 -0.00107999 0.00273285 0.00108901 0.999996 -0.319535 -0.05581 -0.141046
FixedParameters: 0 0 0

#Transform 148
Transform: AffineTransform_float_3_3
Parameters: 0.99999 0.00368276 -0.0028138 -0.00368689 0.999992 -0.00134878 0.00280881 0.00135922 0.999995 -0.322924 -0.0539998 -0.114164
FixedParameters: 0 0 0

#Transform 149
Transform: AffineTransform_float_3_3
Parameters: 0.99999 0.003531 -0.00268403 -0.00353414 0.999993 -0.00114828 0.00267997 0.00115772 0.999996 -0.313316 -0.0407838 -0.104205
FixedParameters: 0 0 0

#Transform 150
Transform: AffineTransform_float_3_3
Parameters: 0.99999 0.0037049 -0.00276749 -0.00370851 0.999992 -0.00127589 0.00276298 0.00128611 0.999995 -0.302972 -0.0191377 -0.123564
FixedParameters: 0 0 0

#Transform 151
Transform: AffineTransform_float_3_3
Parameters: 0.99999 0.00370622 -0.00276573 -0.00370805 0.999993 -0.000799892 0.00276294 0.00081011 0.999996 -0.304527 -0.0943658 -0.0903901
FixedParameters: 0 0 0

#Transform 152
Transform: AffineTransform_float_3_3
Parameters: 0.999985 0.00487495 -0.00246952 -0.00487522 0.999988 -0.000134591 0.00246906 0.000146411 0.999997 -0.306072 0.0446608 -0.363416
FixedParameters: 0 0 0

#Transform 153
Transform: AffineTransform_float_3_3
Parameters: 0.999989 0.00356677 -0.00310721 -0.00357235 0.999992 -0.00173769 0.00310114 0.00174831 0.999993 -0.27442 -0.0676215 -0.186178
FixedParameters: 0 0 0

#Transform 154
Transform: AffineTransform_float_3_3
Parameters: 0.999988 0.00432491 -0.00225913 -0.00432657 0.99999 -0.0007427 0.00225627 0.000752301 0.999997 -0.343716 -0.167158 -0.166339
FixedParameters: 0 0 0

#Transform 155
Transform: AffineTransform_float_3_3
Parameters: 0.999989 0.00375181 -0.00275652 -0.00375594 0.999992 -0.0016958 0.00275012 0.0017062 0.999995 -0.317523 -0.0264771 -0.222439
FixedParameters: 0 0 0

#Transform 156
Transform: AffineTransform_float_3_3
Parameters: 0.99999 0.00349564 -0.0027529 -0.00349936 0.999992 -0.00146795 0.00274716 0.00147705 0.999995 -0.317076 -0.0647468 -0.141711
FixedParameters: 0 0 0

#Transform 157
Transform: AffineTransform_float_3_3
Parameters: 0.999988 0.00420001 -0.00252247 -0.00420012 0.999991 -1.65032e-05 0.00252229 2.64962e-05 0.999997 -0.336836 -0.0759046 0.0309957
FixedParameters: 0 0 0

#Transform 158
Transform: AffineTransform_float_3_3
Parameters: 0.999985 0.0050383 -0.0024219 -0.00503097 0.999982 0.00310442 0.00243683 -0.00309158 0.999992 -0.337507 -0.0728428 0.0232701
FixedParameters: 0 0 0

#Transform 159
Transform: AffineTransform_float_3_3
Parameters: 0.999988 0.00452727 -0.00215974 -0.00452255 0.999987 0.00218576 0.00216954 -0.00217624 0.999995 -0.336788 -0.137041 0.00738255
FixedParameters: 0 0 0

#Transform 160
Transform: AffineTransform_float_3_3
Parameters: 0.999987 0.00452156 -0.00237768 -0.00451738 0.999988 0.00169391 0.00238481 -0.00168309 0.999995 -0.339168 -0.0948568 -0.0020591
FixedParameters: 0 0 0

#Transform 161
Transform: AffineTransform_float_3_3
Parameters: 0.999987 0.00449767 -0.00242822 -0.00449323 0.999988 0.00171308 0.00243544 -0.00170192 0.999995 -0.332999 -0.122556 0.0151213
FixedParameters: 0 0 0

#Transform 162
Transform: AffineTransform_float_3_3
Parameters: 0.999987 0.00414441 -0.00272589 -0.00414021 0.99999 0.00148939 0.00273229 -0.00147861 0.999995 -0.314304 -0.0929115 0.00413797
FixedParameters: 0 0 0

#Transform 163
Transform: AffineTransform_float_3_3
Parameters: 0.999988 0.00409413 -0.00262626 -0.00409071 0.999991 0.00139966 0.00263177 -0.00138934 0.999996 -0.357164 -0.125387 0.0844583
FixedParameters: 0 0 0

#Transform 164
Transform: AffineTransform_float_3_3
Parameters: 0.999985 0.00530021 -0.00141098 -0.00529602 0.999982 0.00294317 0.00142639 -0.00293583 0.999995 -0.39513 -0.0683162 -0.0357358
FixedParameters: 0 0 0

#Transform 165
Transform: AffineTransform_float_3_3
Parameters: 0.999982 0.00598301 -0.00115681 -0.00598178 0.999981 0.00141509 0.00116471 -0.00140791 0.999998 -0.409005 -0.0574216 -0.235781
FixedParameters: 0 0 0

#Transform 166
Transform: AffineTransform_float_3_3
Parameters: 0.999988 0.00481443 -0.00147792 -0.00481236 0.999987 0.00141174 0.00148473 -0.00140425 0.999997 -0.372801 -0.183703 -0.0467068
FixedParameters: 0 0 0

#Transform 167
Transform: AffineTransform_float_3_3
Parameters: 0.999986 0.00507201 -0.00153387 -0.0050697 0.999986 0.00171503 0.00154266 -0.00170697 0.999998 -0.364343 -0.148673 -0.165523
FixedParameters: 0 0 0

#Transform 168
Transform: AffineTransform_float_3_3
Parameters: 0.999982 0.00572255 -0.00184151 -0.00571953 0.999981 0.00220407 0.00185359 -0.00219294 0.999996 -0.394575 -0.126009 -0.0510965
FixedParameters: 0 0 0

#Transform 169
Transform: AffineTransform_float_3_3
Parameters: 0.999977 0.0066996 -0.00118356 -0.00669612 0.999973 0.00298122 0.00120414 -0.00297377 0.999995 -0.425813 -0.157872 -0.00228388
FixedParameters: 0 0 0

#Transform 170
Transform: AffineTransform_float_3_3
Parameters: 0.999985 0.00528936 -0.00153867 -0.00528728 0.999985 0.00108081 0.00154511 -0.00107219 0.999998 -0.394935 -0.110674 -0.0524173
FixedParameters: 0 0 0

#Transform 171
Transform: AffineTransform_float_3_3
Parameters: 0.999985 0.00523632 -0.00194463 -0.00523388 0.999986 0.00151245 0.00195319 -0.00150255 0.999997 -0.391933 -0.113671 -0.0258208
FixedParameters: 0 0 0

#Transform 172
Transform: AffineTransform_float_3_3
Parameters: 0.999989 0.00438067 -0.00181461 -0.00437685 0.999989 0.00186652 0.00182236 -0.00185848 0.999997 -0.361823 -0.124051 -0.0476272
FixedParameters: 0 0 0

#Transform 173
Transform: AffineTransform_float_3_3
Parameters: 0.999984 0.00532632 -0.001494 -0.00532327 0.999984 0.00185025 0.00150377 -0.00184275 0.999997 -0.422633 -0.0565149 -0.231667
FixedParameters: 0 0 0

#Transform 174
Transform: AffineTransform_float_3_3
Parameters: 0.999988 0.00417586 -0.00228251 -0.00417344 0.999991 0.00090907 0.00228645 -0.000899928 0.999997 -0.362933 -0.155056 -0.0548986
FixedParameters: 0 0 0

#Transform 175
Transform: AffineTransform_float_3_3
Parameters: 0.999987 0.00473379 -0.00177906 -0.0047308 0.999987 0.00167203 0.00178628 -0.00166397 0.999997 -0.40392 -0.161494 -0.0259235
FixedParameters: 0 0 0

#Transform 176
Transform: AffineTransform_float_3_3
Parameters: 0.999988 0.00433655 -0.00194314 -0.00433316 0.99999 0.0016436 0.00195103 -0.00163539 0.999996 -0.372384 -0.122199 -0.0304209
FixedParameters: 0 0 0

#Transform 177
Transform: AffineTransform_float_3_3
Parameters: 0.999988 0.00426497 -0.00209452 -0.00426104 0.999989 0.00175987 0.00210227 -0.00175113 0.999997 -0.365889 -0.132311 -0.0134809
FixedParameters: 0 0 0

#Transform 178
Transform: AffineTransform_float_3_3
Parameters: 0.999988 0.00445492 -0.00209985 -0.00445194 0.999989 0.00142572 0.00210619 -0.00141628 0.999997 -0.367733 -0.107213 -0.00478701
FixedParameters: 0 0 0

#Transform 179
Transform: AffineTransform_float_3_3
Parameters: 0.999985 0.00498226 -0.00197107 -0.00497736 0.999985 0.00253567 0.0019832 -0.00252634 0.999995 -0.368903 -0.146544 -0.0770175
FixedParameters: 0 0 0

#Transform 180
Transform: AffineTransform_float_3_3
Parameters: 0.999981 0.00581758 -0.00203779 -0.00581488 0.999982 0.00107516 0.00204438 -0.00106284 0.999997 -0.401585 -0.0387109 -0.259304
FixedParameters: 0 0 0

#Transform 181
Transform: AffineTransform_float_3_3
Parameters: 0.999984 0.00523303 -0.00177717 -0.00522909 0.999984 0.00241878 0.00179025 -0.00240922 0.999995 -0.400573 -0.135835 -0.000487533
FixedParameters: 0 0 0

#Transform 182
Transform: AffineTransform_float_3_3
Parameters: 0.999986 0.00486159 -0.00178418 -0.00485736 0.999986 0.00225211 0.00179566 -0.00224289 0.999996 -0.381196 -0.197958 -0.0808051
FixedParameters: 0 0 0

#Transform 183
Transform: AffineTransform_float_3_3
Parameters: 0.999986 0.00508592 -0.0016187 -0.00508208 0.999985 0.00195128 0.00162861 -0.00194372 0.999997 -0.395178 -0.107399 -0.119876
FixedParameters: 0 0 0

#Transform 184
Transform: AffineTransform_float_3_3
Parameters: 0.999987 0.00492164 -0.00118577 -0.00491835 0.999985 0.00240729 0.00119731 -0.00240171 0.999996 -0.395122 -0.188714 -0.0211444
FixedParameters: 0 0 0

#Transform 185
Transform: AffineTransform_float_3_3
Parameters: 0.999987 0.00463986 -0.00207083 -0.00463193 0.999983 0.00365442 0.00208708 -0.00364459 0.999991 -0.370138 -0.175626 0.204858
FixedParameters: 0 0 0

#Transform 186
Transform: AffineTransform_float_3_3
Parameters: 0.999984 0.00499739 -0.00256749 -0.0049897 0.999982 0.00325685 0.00258322 -0.00324416 0.999991 -0.406218 -0.106218 0.173507
FixedParameters: 0 0 0

#Transform 187
Transform: AffineTransform_float_3_3
