#Insight Transform File V1.0
#Transform 0
Transform: AffineTransform_float_3_3
Parameters: 1 -0.000387237 0.000109305 0.000387397 0.999999 -0.000737166 -0.000108734 0.000737251 0.999999 -0.0115749 -0.0102916 0.0371768
FixedParameters: 0 0 0

#Transform 1
Transform: AffineTransform_float_3_3
Parameters: 1 -6.86395e-05 1.92678e-05 6.86121e-05 0.999999 0.0014132 -1.93649e-05 -0.0014132 0.999999 -0.0311471 0.0554927 0.167921
FixedParameters: 0 0 0

#Transform 2
Transform: AffineTransform_float_3_3
Parameters: 1 0.000342392 8.37759e-05 -0.000342561 0.999999 0.00117694 -8.2873e-05 -0.001177 1 -0.0227802 -0.0158481 0.0561133
FixedParameters: 0 0 0

#Transform 3
Transform: AffineTransform_float_3_3
Parameters: 0.999999 0.000758854 0.000178468 -0.000759015 0.999999 0.000586913 -0.000177592 -0.000586331 0.999999 -0.0110179 -0.0557446 0.00424124
FixedParameters: 0 0 0

#Transform 4
Transform: AffineTransform_float_3_3
Parameters: 0.999999 0.000647939 0.000192277 -0.000648576 1 0.00102701 -0.000191806 -0.00102724 1 0.00613536 -0.06913 -0.00679417
FixedParameters: 0 0 0

#Transform 5
Transform: AffineTransform_float_3_3
Parameters: 0.999999 0.000756133 -0.00026591 -0.000756195 0.999999 -0.000116645 0.000265733 0.000117047 1 -0.00628901 -0.0600301 -0.0678682
FixedParameters: 0 0 0

#Transform 6
Transform: AffineTransform_float_3_3
Parameters: 1 0.000578557 -0.000161951 -0.000578361 0.999999 0.00134909 0.000162651 -0.00134888 0.999999 -0.00363391 -0.0961848 -0.0462306
FixedParameters: 0 0 0

#Transform 7
Transform: AffineTransform_float_3_3
Parameters: 1 0.00100361 -0.000283069 -0.00100364 1 -0.000485068 0.000282956 0.000485089 1 -0.0184435 -0.0588428 -0.136539
FixedParameters: 0 0 0

#Transform 8
Transform: AffineTransform_float_3_3
Parameters: 0.999999 0.000541705 -0.000445957 -0.000542298 1 0.000768442 0.000446117 -0.000769263 1 0.00442353 -0.0945694 -0.0706935
FixedParameters: 0 0 0

#Transform 9
Transform: AffineTransform_float_3_3
Parameters: 0.999999 0.000691229 -0.000350853 -0.000690988 1 0.000727227 0.0003509 -0.000727237 0.999999 -0.00203056 -0.0571801 -0.0901843
FixedParameters: 0 0 0

#Transform 10
Transform: AffineTransform_float_3_3
Parameters: 0.999999 0.000767963 -0.000216356 -0.000768065 0.999999 -0.000234934 0.000215995 0.000235266 1 -0.00716257 -0.0877391 -0.0985274
FixedParameters: 0 0 0

#Transform 11
Transform: AffineTransform_float_3_3
Parameters: 1 0.000387917 1.01177e-05 -0.000388171 0.999998 0.00199623 -9.33247e-06 -0.00199621 0.999998 5.46791e-05 -0.064472 -0.0636825
FixedParameters: 0 0 0

#Transform 12
Transform: AffineTransform_float_3_3
Parameters: 0.999999 0.000704129 -0.00019805 -0.000704055 0.999999 0.000188231 0.000198315 -0.000187952 1 -0.00147668 -0.0813571 -0.0962979
FixedParameters: 0 0 0

#Transform 13
Transform: AffineTransform_float_3_3
Parameters: 1 0.000382071 -0.000106811 -0.000381962 0.999998 0.00164313 0.000107205 -0.00164302 0.999998 0.00224913 -0.0683091 -0.0856521
FixedParameters: 0 0 0

#Transform 14
Transform: AffineTransform_float_3_3
Parameters: 1 0.000889444 -0.000860834 -0.000889175 1 -0.00054234 0.000860458 0.000543281 0.999999 -0.0415459 -0.0663007 -0.174001
FixedParameters: 0 0 0

#Transform 15
Transform: AffineTransform_float_3_3
Parameters: 0.999999 0.000738665 -0.00035044 -0.000738236 0.999999 0.000995877 0.000350953 -0.000995855 0.999999 -0.0264852 -0.0815939 -0.0819294
FixedParameters: 0 0 0

#Transform 16
Transform: AffineTransform_float_3_3
Parameters: 0.999999 0.000870969 -0.000245129 -0.000870956 0.999999 2.68346e-05 0.000245176 -2.64076e-05 1 -0.0299857 -0.0546046 -0.157601
FixedParameters: 0 0 0

#Transform 17
Transform: AffineTransform_float_3_3
Parameters: 1 0.000638449 -0.000178916 -0.000638309 0.999999 0.00106789 0.000179418 -0.00106764 1 0.00974027 -0.092298 -0.107101
FixedParameters: 0 0 0

#Transform 18
Transform: AffineTransform_float_3_3
Parameters: 0.999999 0.000920867 -0.000258611 -0.000920832 1 0.000589931 0.000258739 -0.00058995 1 0.00563345 -0.0385056 -0.15438
FixedParameters: 0 0 0

#Transform 19
Transform: AffineTransform_float_3_3
Parameters: 0.999999 0.000568933 -0.000617844 -0.000568488 0.999999 0.000578112 0.000617543 -0.000577383 0.999999 -0.000643935 -0.115504 -0.132136
FixedParameters: 0 0 0

#Transform 20
Transform: AffineTransform_float_3_3
Parameters: 1 0.000283336 2.74039e-05 -0.000283367 1 0.000555067 -2.70893e-05 -0.000555083 1 0.0424151 -0.115695 -0.186908
FixedParameters: 0 0 0

#Transform 21
Transform: AffineTransform_float_3_3
Parameters: 1 0.000396563 -0.00027861 -0.000396248 1 0.000564859 0.000279057 -0.000564638 1 0.0395445 -0.126737 -0.148286
FixedParameters: 0 0 0

#Transform 22
Transform: AffineTransform_float_3_3
Parameters: 1 0.000466073 -0.00013068 -0.00046608 1 0.00100348 0.000130658 -0.00100385 0.999999 0.0553744 -0.100036 -0.168829
FixedParameters: 0 0 0

#Transform 23
Transform: AffineTransform_float_3_3
Parameters: 1 0.000483921 -0.000136045 -0.000483834 1 0.000316795 0.000136352 -0.000316663 1 0.0656829 -0.135949 -0.152335
FixedParameters: 0 0 0

#Transform 24
Transform: AffineTransform_float_3_3
Parameters: 1 0.000535899 -0.000150381 -0.000535659 0.999999 0.000796134 0.000151234 -0.000795973 0.999999 0.063451 -0.10785 -0.191142
FixedParameters: 0 0 0

#Transform 25
Transform: AffineTransform_float_3_3
Parameters: 1 0.000481741 -0.000135233 -0.000481551 0.999999 0.000700164 0.000135907 -0.000700033 0.999999 0.0788134 -0.131711 -0.172264
FixedParameters: 0 0 0

#Transform 26
Transform: AffineTransform_float_3_3
Parameters: 1 0.000350772 -0.00043987 -0.00034964 0.999999 0.00125374 0.000440845 -0.00125343 0.999999 0.0585624 -0.10611 -0.17533
FixedParameters: 0 0 0

#Transform 27
Transform: AffineTransform_float_3_3
Parameters: 0.999999 0.000899145 -0.000252831 -0.000899013 0.999999 0.000261618 0.000253301 -0.000261163 1 0.0134807 -0.0905535 -0.176789
FixedParameters: 0 0 0

#Transform 28
Transform: AffineTransform_float_3_3
Parameters: 0.999999 0.000659236 -0.00015135 -0.000659086 0.999999 0.0012948 0.000152196 -0.00129457 0.999999 0.0435122 -0.0997978 -0.165022
FixedParameters: 0 0 0

#Transform 29
Transform: AffineTransform_float_3_3
Parameters: 1 0.00095086 -0.000408036 -0.000950961 1 -9.03008e-05 0.000407767 9.05563e-05 1 0.0194847 -0.107865 -0.168049
FixedParameters: 0 0 0

#Transform 30
Transform: AffineTransform_float_3_3
Parameters: 1 0.000729053 -0.000733966 -0.000728669 0.999999 0.00113246 0.000734943 -0.00113217 0.999999 0.0549507 -0.0988877 -0.104816
FixedParameters: 0 0 0

#Transform 31
Transform: AffineTransform_float_3_3
Parameters: 1 0.00069613 -0.000742585 -0.000695022 0.999999 0.00097846 0.000742905 -0.000978773 0.999999 0.0400726 -0.0369695 -0.142931
FixedParameters: 0 0 0

#Transform 32
Transform: AffineTransform_float_3_3
Parameters: 0.999999 0.000545967 -0.000660591 -0.000544395 0.999998 0.0014097 0.000661281 -0.00140981 0.999999 0.0683508 -0.103376 -0.0910311
FixedParameters: 0 0 0

#Transform 33
Transform: AffineTransform_float_3_3
Parameters: 0.999999 0.000681539 -0.000716371 -0.000681447 0.999999 9.85191e-05 0.000716519 -9.83946e-05 1 0.0516206 -0.089369 -0.197357
FixedParameters: 0 0 0

#Transform 34
Transform: AffineTransform_float_3_3
Parameters: 1 0.000651783 -0.000855474 -0.000649869 0.999999 0.00130455 0.000856228 -0.00130426 0.999999 0.0512336 -0.103603 -0.131081
FixedParameters: 0 0 0

#Transform 35
Transform: AffineTransform_float_3_3
Parameters: 1 0.000673926 -0.000713102 -0.000672267 0.999998 0.00138571 0.000714023 -0.00138558 0.999999 0.0168224 -0.0567836 -0.183782
FixedParameters: 0 0 0

#Transform 36
Transform: AffineTransform_float_3_3
Parameters: 0.999999 0.00045401 -0.000742868 -0.000452257 0.999999 0.00137529 0.000743267 -0.00137544 0.999999 0.0570163 -0.112872 -0.101942
FixedParameters: 0 0 0

#Transform 37
Transform: AffineTransform_float_3_3
Parameters: 1 0.000984352 -0.000666931 -0.000983596 0.999998 0.00152328 0.000669255 -0.00152327 0.999999 -0.016256 -0.067526 -0.128157
FixedParameters: 0 0 0

#Transform 38
Transform: AffineTransform_float_3_3
Parameters: 0.999999 0.000881984 -0.00021217 -0.000881862 1 0.000807563 0.000212623 -0.000806831 0.999999 0.0392642 -0.064648 -0.112468
FixedParameters: 0 0 0

#Transform 39
Transform: AffineTransform_float_3_3
Parameters: 0.999999 0.000466727 -0.000657084 -0.000465134 0.999998 0.00143278 0.000657572 -0.001433 0.999999 0.0399628 -0.0832439 -0.139321
FixedParameters: 0 0 0

#Transform 40
Transform: AffineTransform_float_3_3
Parameters: 0.999999 0.00100674 -0.000809775 -0.00100631 1 0.000281785 0.000810244 -0.000280674 0.999999 0.0114776 -0.0881372 -0.168608
FixedParameters: 0 0 0

#Transform 41
Transform: AffineTransform_float_3_3
Parameters: 1 0.000840786 -0.000694278 -0.000840254 0.999999 0.0014976 0.000695164 -0.00149771 0.999999 0.0182804 -0.086985 -0.132302
FixedParameters: 0 0 0

#Transform 42
Transform: AffineTransform_float_3_3
Parameters: 1 0.000889092 -0.000563904 -0.000888969 1 0.000133226 0.000564043 -0.000132743 1 0.0583119 -0.117412 -0.183678
FixedParameters: 0 0 0

#Transform 43
Transform: AffineTransform_float_3_3
Parameters: 1 0.000438766 -0.000842078 -0.000438018 0.999998 0.00191771 0.000842496 -0.00191768 0.999998 0.0850368 -0.121756 -0.111286
FixedParameters: 0 0 0

#Transform 44
Transform: AffineTransform_float_3_3
Parameters: 1 0.000671851 -0.000909463 -0.00067266 0.999999 -0.000402811 0.000908838 0.000403182 0.999999 0.0623862 -0.0893229 -0.180017
FixedParameters: 0 0 0

#Transform 45
Transform: AffineTransform_float_3_3
Parameters: 1 0.000611791 -0.00089076 -0.000610516 0.999999 0.00158522 0.000891067 -0.00158541 0.999998 0.0996907 -0.121859 -0.122143
FixedParameters: 0 0 0

#Transform 46
Transform: AffineTransform_float_3_3
Parameters: 1 0.000595094 -0.00088711 -0.000594612 0.999999 0.000440056 0.000886579 -0.000438973 0.999999 0.0788516 -0.0924472 -0.201387
FixedParameters: 0 0 0

#Transform 47
Transform: AffineTransform_float_3_3
Parameters: 1 0.000596187 -0.000886614 -0.000595385 0.999999 0.00132633 0.000886563 -0.00132603 0.999999 0.0706525 -0.109122 -0.11413
FixedParameters: 0 0 0

#Transform 48
Transform: AffineTransform_float_3_3
Parameters: 0.999999 0.00078253 -0.000939187 -0.000782012 0.999999 0.000956825 0.00094001 -0.000956137 0.999999 0.0937449 -0.0948337 -0.192548
FixedParameters: 0 0 0

#Transform 49
Transform: AffineTransform_float_3_3
Parameters: 0.999998 0.000231503 -0.00154854 -0.000229863 0.999999 0.00164193 0.0015483 -0.00164189 0.999997 0.116821 -0.0896234 -0.120214
FixedParameters: 0 0 0

#Transform 50
Transform: AffineTransform_float_3_3
Parameters: 1 0.000216709 -0.00101442 -0.000214081 0.999997 0.00234856 0.00101521 -0.00234801 0.999996 0.152672 -0.0701174 -0.179394
FixedParameters: 0 0 0

#Transform 51
Transform: AffineTransform_float_3_3
Parameters: 0.999998 -0.000442831 -0.00188638 0.000445575 0.999998 0.00173918 0.00188602 -0.00173964 0.999996 0.0675892 -0.194387 -0.266955
FixedParameters: 0 0 0

#Transform 52
Transform: AffineTransform_float_3_3
Parameters: 0.999999 -6.11436e-06 -0.00140318 7.74096e-06 0.999998 0.00161426 0.00140408 -0.00161449 0.999998 -0.0134775 -0.233981 -0.160728
FixedParameters: 0 0 0

#Transform 53
Transform: AffineTransform_float_3_3
Parameters: 0.999998 0.000372286 -0.00199803 -0.000368999 0.999999 0.00169665 0.0019983 -0.00169617 0.999997 -0.0530357 -0.125428 -0.183498
FixedParameters: 0 0 0

#Transform 54
Transform: AffineTransform_float_3_3
Parameters: 0.999998 0.00076392 -0.002156 -0.00076392 1 -0.000244734 0.00215626 0.000245925 0.999998 -0.0452732 -0.164726 -0.277717
FixedParameters: 0 0 0

#Transform 55
Transform: AffineTransform_float_3_3
Parameters: 0.999998 0.000660567 -0.00217273 -0.000657599 0.999999 0.0012789 0.00217297 -0.0012776 0.999996 -0.0553742 -0.164908 -0.216551
FixedParameters: 0 0 0

#Transform 56
Transform: AffineTransform_float_3_3
Parameters: 0.999997 0.000592907 -0.00207186 -0.000591954 1 0.000253975 0.00207218 -0.000252703 0.999998 0.0121676 -0.155719 -0.31177
FixedParameters: 0 0 0

#Transform 57
Transform: AffineTransform_float_3_3
Parameters: 0.999998 -9.19927e-05 -0.00206478 9.39349e-05 1 0.00100641 0.00206429 -0.00100649 0.999998 0.0397815 -0.211617 -0.249937
FixedParameters: 0 0 0

#Transform 58
Transform: AffineTransform_float_3_3
Parameters: 0.999998 0.000531937 -0.00223961 -0.000529084 0.999999 0.00114868 0.00224044 -0.00114685 0.999997 0.00984703 -0.166135 -0.280633
FixedParameters: 0 0 0

#Transform 59
Transform: AffineTransform_float_3_3
Parameters: 0.999998 0.000546513 -0.00224461 -0.000545728 1 0.000417318 0.00224527 -0.000416005 0.999997 -0.0100559 -0.171475 -0.254062
FixedParameters: 0 0 0

#Transform 60
Transform: AffineTransform_float_3_3
Parameters: 0.999998 0.000419304 -0.00191378 -0.000416174 0.999998 0.0014798 0.00191376 -0.00147873 0.999998 -0.029 -0.139683 -0.182279
FixedParameters: 0 0 0

#Transform 61
Transform: AffineTransform_float_3_3
Parameters: 0.999998 0.000813004 -0.00194156 -0.000811361 0.999999 0.00102532 0.00194285 -0.00102409 0.999998 -0.00331936 -0.102259 -0.175381
FixedParameters: 0 0 0

#Transform 62
Transform: AffineTransform_float_3_3
Parameters: 0.999999 0.000548445 -0.00139615 -0.000545664 0.999998 0.00178776 0.0013978 -0.00178698 0.999997 0.0317444 -0.128117 -0.170079
FixedParameters: 0 0 0

#Transform 63
Transform: AffineTransform_float_3_3
Parameters: 0.999999 0.000627558 -0.0016759 -0.000627122 1 -0.000119675 0.00167541 0.000120031 0.999999 0.035181 -0.148521 -0.26353
FixedParameters: 0 0 0

#Transform 64
Transform: AffineTransform_float_3_3
Parameters: 0.999999 0.000502188 -0.00168176 -0.000500358 0.999999 0.00129115 0.00168169 -0.00128966 0.999998 0.020514 -0.174404 -0.192624
FixedParameters: 0 0 0

#Transform 65
Transform: AffineTransform_float_3_3
Parameters: 0.999998 0.000378076 -0.00166157 -0.000375393 0.999999 0.00118445 0.00166189 -0.00118346 0.999998 0.039124 -0.118669 -0.263109
FixedParameters: 0 0 0

#Transform 66
Transform: AffineTransform_float_3_3
Parameters: 0.999999 0.000449263 -0.00124852 -0.000447273 0.999999 0.00118187 0.00124985 -0.00118071 0.999998 0.0347995 -0.166198 -0.173785
FixedParameters: 0 0 0

#Transform 67
Transform: AffineTransform_float_3_3
Parameters: 0.999998 0.00060791 -0.00150268 -0.000607229 1 0.000243277 0.00150299 -0.000242303 0.999999 0.0250225 -0.130136 -0.272888
FixedParameters: 0 0 0

#Transform 68
Transform: AffineTransform_float_3_3
Parameters: 0.999999 0.000427151 -0.00167135 -0.0004259 1 0.00104494 0.00167184 -0.00104373 0.999998 0.0359054 -0.184295 -0.204975
FixedParameters: 0 0 0

#Transform 69
Transform: AffineTransform_float_3_3
Parameters: 0.999998 0.000350162 -0.00170409 -0.000348924 1 0.000659749 0.00170483 -0.000659367 0.999998 0.0541306 -0.147801 -0.260256
FixedParameters: 0 0 0

#Transform 70
Transform: AffineTransform_float_3_3
Parameters: 0.999998 0.000607721 -0.00177577 -0.000605633 0.999999 0.00123278 0.00177687 -0.00123169 0.999998 0.0454701 -0.155042 -0.192769
FixedParameters: 0 0 0

#Transform 71
Transform: AffineTransform_float_3_3
Parameters: 0.999999 0.000655615 -0.00169922 -0.000653785 0.999999 0.000937437 0.00169969 -0.000936845 0.999998 0.0371076 -0.141043 -0.230159
FixedParameters: 0 0 0

#Transform 72
Transform: AffineTransform_float_3_3
Parameters: 0.999999 0.000779016 -0.0015648 -0.000777781 1 0.000726357 0.00156612 -0.000724728 0.999998 0.0350084 -0.156636 -0.193134
FixedParameters: 0 0 0

#Transform 73
Transform: AffineTransform_float_3_3
Parameters: 0.999999 0.000725446 -0.0011616 -0.00072379 0.999998 0.00137972 0.00116197 -0.00137879 0.999998 0.0322417 -0.146555 -0.198855
FixedParameters: 0 0 0

#Transform 74
Transform: AffineTransform_float_3_3
Parameters: 0.999998 0.000889663 -0.00163046 -0.00088941 1 0.000479568 0.00163054 -0.000477448 0.999998 0.0223027 -0.12259 -0.202341
FixedParameters: 0 0 0

#Transform 75
Transform: AffineTransform_float_3_3
Parameters: 0.999998 0.000614045 -0.00181877 -0.000611817 0.999999 0.00150582 0.0018205 -0.00150514 0.999997 0.0381401 -0.15395 -0.163906
FixedParameters: 0 0 0

#Transform 76
Transform: AffineTransform_float_3_3
Parameters: 0.999998 0.00107837 -0.00168479 -0.00107874 0.999999 -0.000359213 0.00168367 0.000361101 0.999999 0.0516201 -0.174321 -0.274965
FixedParameters: 0 0 0

#Transform 77
Transform: AffineTransform_float_3_3
Parameters: 0.999998 0.00058534 -0.00154435 -0.000584411 0.999999 0.00102679 0.00154515 -0.00102572 0.999998 0.0461874 -0.198264 -0.178579
FixedParameters: 0 0 0

#Transform 78
Transform: AffineTransform_float_3_3
Parameters: 0.999999 0.000735115 -0.00158781 -0.000734774 1 -0.000170683 0.00158721 0.000172123 0.999999 0.0433184 -0.149134 -0.235647
FixedParameters: 0 0 0

#Transform 79
Transform: AffineTransform_float_3_3
Parameters: 0.999999 0.000672747 -0.00156876 -0.000670747 0.999999 0.00115571 0.0015686 -0.00115521 0.999998 0.0351218 -0.168909 -0.165574
FixedParameters: 0 0 0

#Transform 80
Transform: AffineTransform_float_3_3
Parameters: 0.999997 0.000606119 -0.00207105 -0.00060655 1 -0.00031208 0.00207043 0.000313366 0.999998 0.0329328 -0.151315 -0.248513
FixedParameters: 0 0 0

#Transform 81
Transform: AffineTransform_float_3_3
Parameters: 0.999997 0.000541467 -0.00205127 -0.000539335 0.999999 0.00107816 0.00205205 -0.00107701 0.999997 0.0374128 -0.172495 -0.145867
FixedParameters: 0 0 0

#Transform 82
Transform: AffineTransform_float_3_3
Parameters: 0.999996 0.000914268 -0.00241241 -0.000914491 0.999999 -0.000264404 0.00241256 0.000266713 0.999997 -0.00840538 -0.138018 -0.223481
FixedParameters: 0 0 0

#Transform 83
Transform: AffineTransform_float_3_3
Parameters: 0.999998 0.000846672 -0.00207904 -0.000845498 0.999999 0.000851802 0.00208001 -0.000850204 0.999998 -0.0298516 -0.148617 -0.115568
FixedParameters: 0 0 0

#Transform 84
Transform: AffineTransform_float_3_3
Parameters: 0.999997 0.0010785 -0.00207756 -0.00107874 0.999999 0.000286534 0.00207734 -0.000284536 0.999997 -0.00400104 -0.103681 -0.173834
FixedParameters: 0 0 0

#Transform 85
Transform: AffineTransform_float_3_3
Parameters: 0.999998 0.000816794 -0.00214045 -0.000815106 0.999999 0.000711888 0.00214085 -0.000709507 0.999997 -0.000154479 -0.153876 -0.15725
FixedParameters: 0 0 0

#Transform 86
Transform: AffineTransform_float_3_3
Parameters: 0.999997 0.000967703 -0.00218408 -0.000968272 0.999999 -8.97577e-05 0.00218385 9.19526e-05 0.999998 0.0103141 -0.137494 -0.245542
FixedParameters: 0 0 0

#Transform 87
Transform: AffineTransform_float_3_3
Parameters: 0.999996 0.000573463 -0.00255021 -0.000572556 1 0.000448411 0.00255007 -0.000446932 0.999997 0.0171767 -0.161715 -0.164482
FixedParameters: 0 0 0

#Transform 88
Transform: AffineTransform_float_3_3
Parameters: 0.999997 0.000765225 -0.00199952 -0.000763414 1 0.000477912 0.00200027 -0.000476037 0.999998 0.0249813 -0.159701 -0.233429
FixedParameters: 0 0 0

#Transform 89
Transform: AffineTransform_float_3_3
Parameters: 0.999998 0.000635742 -0.0017696 -0.000635116 1 0.000818272 0.00177014 -0.000816762 0.999997 0.0582319 -0.181543 -0.202225
FixedParameters: 0 0 0

#Transform 90
Transform: AffineTransform_float_3_3
Parameters: 0.999998 0.000531821 -0.00193432 -0.000531239 1 0.000170503 0.00193442 -0.000169298 0.999997 0.0637631 -0.183502 -0.241513
FixedParameters: 0 0 0

#Transform 91
Transform: AffineTransform_float_3_3
Parameters: 0.999999 0.000315437 -0.0017581 -0.000314772 0.999999 0.000224531 0.00175818 -0.000224604 0.999998 0.0903554 -0.200429 -0.206984
FixedParameters: 0 0 0

#Transform 92
Transform: AffineTransform_float_3_3
Parameters: 0.999999 0.000165315 -0.00183048 -0.000162943 0.999999 0.00118614 0.00183143 -0.00118578 0.999997 0.0903621 -0.155456 -0.191413
FixedParameters: 0 0 0

#Transform 93
Transform: AffineTransform_float_3_3
Parameters: 0.999998 0.000710696 -0.00186478 -0.000710882 1 -0.000346072 0.0018649 0.000346951 0.999998 0.0781031 -0.197292 -0.243845
FixedParameters: 0 0 0

#Transform 94
Transform: AffineTransform_float_3_3
Parameters: 0.999999 0.000505927 -0.00146119 -0.00050541 1 0.0006151 0.00146114 -0.000614405 0.999999 0.0799112 -0.21666 -0.220173
FixedParameters: 0 0 0

#Transform 95
Transform: AffineTransform_float_3_3
Parameters: 0.999998 0.000739199 -0.00199358 -0.000740372 1 -0.000577794 0.00199344 0.000579492 0.999998 0.0263762 -0.188531 -0.25638
FixedParameters: 0 0 0

#Transform 96
Transform: AffineTransform_float_3_3
Parameters: 0.999998 0.000214077 -0.0016655 -0.000212235 1 0.00113626 0.00166664 -0.00113579 0.999998 0.0336196 -0.190557 -0.168243
FixedParameters: 0 0 0

#Transform 97
Transform: AffineTransform_float_3_3
Parameters: 0.999998 0.000743474 -0.00198098 -0.000743712 1 -0.000345486 0.00198117 0.000347181 0.999998 0.0288805 -0.150137 -0.240915
FixedParameters: 0 0 0

#Transform 98
Transform: AffineTransform_float_3_3
Parameters: 0.999999 0.000184698 -0.00182265 -0.000183634 1 0.000845682 0.00182353 -0.000846107 0.999998 0.0832962 -0.19929 -0.188156
FixedParameters: 0 0 0

#Transform 99
Transform: AffineTransform_float_3_3
Parameters: 0.999997 0.000488614 -0.00209089 -0.000489613 1 -0.000279668 0.0020916 0.000280505 0.999998 0.0734966 -0.179873 -0.266905
FixedParameters: 0 0 0

#Transform 100
Transform: AffineTransform_float_3_3
Parameters: 0.999999 0.000367342 -0.00170162 -0.000365845 1 0.000744679 0.00170236 -0.000744238 0.999998 0.102909 -0.212032 -0.19183
FixedParameters: 0 0 0

#Transform 101
Transform: AffineTransform_float_3_3
Parameters: 0.999998 0.000510287 -0.00191486 -0.000510238 1 2.62316e-05 0.0019149 -2.46078e-05 0.999999 0.058932 -0.170138 -0.260198
FixedParameters: 0 0 0

#Transform 102
Transform: AffineTransform_float_3_3
Parameters: 0.999997 0.000593431 -0.00242995 -0.000588764 0.999998 0.00213489 0.00243119 -0.00213323 0.999995 0.0466077 -0.0972357 -0.13194
FixedParameters: 0 0 0

#Transform 103
Transform: AffineTransform_float_3_3
Parameters: 0.999997 0.000737065 -0.002108 -0.000736576 1 0.000432056 0.00210797 -0.000430063 0.999998 0.0484714 -0.160882 -0.223063
FixedParameters: 0 0 0

#Transform 104
Transform: AffineTransform_float_3_3
Parameters: 0.999998 0.000427635 -0.00183859 -0.000427309 1 0.000110091 0.0018386 -0.000108848 0.999998 0.0582326 -0.168286 -0.164537
FixedParameters: 0 0 0

#Transform 105
Transform: AffineTransform_float_3_3
Parameters: 0.999998 0.000486666 -0.00167495 -0.000485629 1 0.000611134 0.00167582 -0.000610314 0.999998 0.072806 -0.165233 -0.21108
FixedParameters: 0 0 0

#Transform 106
Transform: AffineTransform_float_3_3
Parameters: 0.999998 0.000526864 -0.00186629 -0.000525807 1 0.000316538 0.00186655 -0.000316276 0.999998 0.0582587 -0.174027 -0.163344
FixedParameters: 0 0 0

#Transform 107
Transform: AffineTransform_float_3_3
Parameters: 0.999998 0.000645452 -0.00147529 -0.000644495 1 0.000758445 0.00147559 -0.000757325 0.999999 0.0962054 -0.173845 -0.19268
FixedParameters: 0 0 0

#Transform 108
Transform: AffineTransform_float_3_3
Parameters: 0.999998 0.000529286 -0.00186759 -0.000530158 1 -0.000272031 0.00186819 0.000272281 0.999998 0.101825 -0.186038 -0.203186
FixedParameters: 0 0 0

#Transform 109
Transform: AffineTransform_float_3_3
Parameters: 0.999998 0.000398859 -0.00153788 -0.000397417 1 0.000885148 0.00153791 -0.000884706 0.999998 0.110176 -0.188502 -0.170821
FixedParameters: 0 0 0

#Transform 110
Transform: AffineTransform_float_3_3
Parameters: 0.999998 0.000652134 -0.00190229 -0.000652285 1 -0.000342555 0.00190245 0.000344116 0.999997 0.100158 -0.177413 -0.215569
FixedParameters: 0 0 0

#Transform 111
Transform: AffineTransform_float_3_3
Parameters: 0.999999 0.000526767 -0.00165753 -0.000524922 0.999999 0.00124706 0.00165845 -0.00124638 0.999998 0.118975 -0.164399 -0.133463
FixedParameters: 0 0 0

#Transform 112
Transform: AffineTransform_float_3_3
Parameters: 0.999998 0.000583324 -0.00219269 -0.000584677 1 -0.000498716 0.00219177 0.000500052 0.999997 0.0812026 -0.165362 -0.205106
FixedParameters: 0 0 0

#Transform 113
Transform: AffineTransform_float_3_3
Parameters: 0.999998 0.000500176 -0.00185785 -0.000498091 0.999999 0.00117746 0.00185864 -0.00117668 0.999998 0.0907414 -0.158176 -0.11155
FixedParameters: 0 0 0

#Transform 114
Transform: AffineTransform_float_3_3
Parameters: 0.999997 0.00104694 -0.00231655 -0.00104736 0.999999 -0.000110833 0.00231722 0.000113625 0.999997 0.0107857 -0.143103 -0.213726
FixedParameters: 0 0 0

#Transform 115
Transform: AffineTransform_float_3_3
Parameters: 0.999998 0.000693181 -0.00198909 -0.000691767 0.999999 0.000931769 0.00198999 -0.000930084 0.999998 0.0210835 -0.157966 -0.109385
FixedParameters: 0 0 0

#Transform 116
Transform: AffineTransform_float_3_3
Parameters: 0.999998 0.00104442 -0.00201154 -0.00104255 0.999999 0.000504961 0.00201243 -0.000502463 0.999997 0.0265433 -0.12288 -0.195469
FixedParameters: 0 0 0

#Transform 117
Transform: AffineTransform_float_3_3
Parameters: 0.999999 0.000574849 -0.00166926 -0.000573866 0.999999 0.000973973 0.00166988 -0.000972794 0.999998 0.0833887 -0.126035 -0.0782095
FixedParameters: 0 0 0

#Transform 118
Transform: AffineTransform_float_3_3
Parameters: 0.999998 0.000748424 -0.00146137 -0.000746908 0.999999 0.000956631 0.00146213 -0.000955228 0.999998 0.0761235 -0.134575 -0.13204
FixedParameters: 0 0 0

#Transform 119
Transform: AffineTransform_float_3_3
Parameters: 0.999998 0.0005695 -0.00187846 -0.000569024 1 0.000147583 0.00187855 -0.000146295 0.999998 0.0758179 -0.174757 -0.139217
FixedParameters: 0 0 0

#Transform 120
Transform: AffineTransform_float_3_3
Parameters: 0.999998 0.000675175 -0.00190743 -0.000673438 1 0.000733398 0.00190871 -0.000731964 0.999998 0.0526279 -0.143561 -0.160073
FixedParameters: 0 0 0

#Transform 121
Transform: AffineTransform_float_3_3
Parameters: 0.999998 0.000732443 -0.00192354 -0.000730793 1 0.000704482 0.00192487 -0.000702805 0.999998 0.0384943 -0.152613 -0.0871165
FixedParameters: 0 0 0

#Transform 122
Transform: AffineTransform_float_3_3
Parameters: 0.999997 0.00119017 -0.00205235 -0.00118895 0.999999 0.000582884 0.00205385 -0.000581032 0.999997 0.0150591 -0.139802 -0.157398
FixedParameters: 0 0 0

#Transform 123
Transform: AffineTransform_float_3_3
Parameters: 0.999996 0.00127385 -0.00241563 -0.00127151 0.999998 0.00104648 0.00241678 -0.00104359 0.999996 -0.056674 -0.115895 -0.0821089
FixedParameters: 0 0 0

#Transform 124
Transform: AffineTransform_float_3_3
Parameters: 0.999997 0.00130893 -0.00196606 -0.00130766 0.999999 0.000687738 0.00196701 -0.000685598 0.999998 -0.019981 -0.132398 -0.136472
FixedParameters: 0 0 0

#Transform 125
Transform: AffineTransform_float_3_3
Parameters: 0.999998 0.00121278 -0.00167387 -0.00121127 0.999999 0.000857681 0.00167519 -0.000855777 0.999998 -0.0245856 -0.124474 -0.0449796
FixedParameters: 0 0 0

#Transform 126
Transform: AffineTransform_float_3_3
Parameters: 0.999999 0.00111097 -0.000944237 -0.00110853 0.999998 0.00157654 0.000945819 -0.00157491 0.999998 -0.00496202 -0.102231 -0.0624392
FixedParameters: 0 0 0

#Transform 127
Transform: AffineTransform_float_3_3
Parameters: 0.999999 0.00143705 -0.001142 -0.0014368 0.999999 0.000693397 0.00114313 -0.000691936 0.999999 0.00911869 -0.116683 -0.114797
FixedParameters: 0 0 0

#Transform 128
Transform: AffineTransform_float_3_3
Parameters: 0.999999 0.000873963 -0.00123223 -0.000873015 0.999999 0.00140293 0.00123332 -0.00140201 0.999998 0.0525145 -0.149378 -0.119297
FixedParameters: 0 0 0

#Transform 129
Transform: AffineTransform_float_3_3
Parameters: 0.999998 0.00108504 -0.00172407 -0.00108518 0.999999 -0.000360314 0.00172391 0.000362283 0.999998 0.0289745 -0.145885 -0.183218
FixedParameters: 0 0 0

#Transform 130
Transform: AffineTransform_float_3_3
Parameters: 0.999998 0.00100455 -0.00121165 -0.00100266 0.999999 0.00142211 0.00121288 -0.00142095 0.999998 0.0532239 -0.156539 -0.122999
FixedParameters: 0 0 0

#Transform 131
Transform: AffineTransform_float_3_3
Parameters: 0.999998 0.000900168 -0.00169763 -0.000900766 1 -0.000138656 0.00169731 0.00014001 0.999999 0.0588476 -0.173841 -0.223494
FixedParameters: 0 0 0

#Transform 132
Transform: AffineTransform_float_3_3
Parameters: 0.999999 0.000780572 -0.000909034 -0.000779467 0.999999 0.00145967 0.00090968 -0.00145953 0.999998 0.102501 -0.180336 -0.135985
FixedParameters: 0 0 0

#Transform 133
Transform: AffineTransform_float_3_3
Parameters: 0.999998 0.000672978 -0.0018579 -0.000673161 1 -1.56162e-05 0.00185781 1.64144e-05 0.999998 0.0639853 -0.191716 -0.225607
FixedParameters: 0 0 0

#Transform 134
Transform: AffineTransform_float_3_3
Parameters: 0.999998 0.000435468 -0.00153207 -0.000433383 0.999999 0.00140283 0.00153299 -0.00140171 0.999998 0.107051 -0.188416 -0.121026
FixedParameters: 0 0 0

#Transform 135
Transform: AffineTransform_float_3_3
Parameters: 0.999998 0.000802405 -0.00189462 -0.000802164 1 -0.000227882 0.00189487 0.00022915 0.999998 0.0733269 -0.159306 -0.231719
FixedParameters: 0 0 0

#Transform 136
Transform: AffineTransform_float_3_3
Parameters: 0.999999 0.000630574 -0.00135552 -0.000629954 0.999999 0.0010554 0.00135645 -0.00105443 0.999998 0.0962851 -0.20255 -0.12785
FixedParameters: 0 0 0

#Transform 137
Transform: AffineTransform_float_3_3
Parameters: 0.999998 0.000733352 -0.00187398 -0.000732158 1 0.000673794 0.0018743 -0.00067216 0.999999 0.0665277 -0.171619 -0.21153
FixedParameters: 0 0 0

#Transform 138
Transform: AffineTransform_float_3_3
Parameters: 0.999999 6.7486e-05 -0.00168522 -6.0784e-05 0.999993 0.00354819 0.00168561 -0.00354805 0.999992 0.147233 -0.14658 -0.0610217
FixedParameters: 0 0 0

#Transform 139
Transform: AffineTransform_float_3_3
Parameters: 0.999998 0.000764242 -0.00212738 -0.000761341 0.999999 0.00100138 0.00212815 -0.000999243 0.999997 0.0557369 -0.157319 -0.224977
FixedParameters: 0 0 0

#Transform 140
Transform: AffineTransform_float_3_3
Parameters: 0.999997 0.000581346 -0.00241908 -0.000579016 1 0.000757231 0.0024193 -0.000755015 0.999997 0.0340741 -0.183322 -0.15051
FixedParameters: 0 0 0

#Transform 141
Transform: AffineTransform_float_3_3
Parameters: 0.999998 0.000482535 -0.00180636 -0.0004812 1 0.000990552 0.00180691 -0.000989029 0.999998 0.0721991 -0.181784 -0.197593
FixedParameters: 0 0 0

#Transform 142
Transform: AffineTransform_float_3_3
Parameters: 0.999998 0.000486962 -0.00225559 -0.000485795 1 0.000712843 0.00225676 -0.000711743 0.999997 0.0578994 -0.180541 -0.178063
FixedParameters: 0 0 0

#Transform 143
Transform: AffineTransform_float_3_3
Parameters: 0.999998 0.00052636 -0.00226589 -0.000522721 0.999998 0.00131904 0.0022669 -0.00131806 0.999997 0.0692842 -0.180847 -0.159316
FixedParameters: 0 0 0

#Transform 144
Transform: AffineTransform_float_3_3
Parameters: 0.999997 0.000497219 -0.00243925 -0.000495573 1 0.000620149 0.00243922 -0.000619171 0.999997 0.0490903 -0.179706 -0.170835
FixedParameters: 0 0 0

#Transform 145
Transform: AffineTransform_float_3_3
Parameters: 0.999998 0.000699892 -0.00180882 -0.000695852 0.999998 0.0020817 0.00181074 -0.00208069 0.999996 0.0524251 -0.165351 -0.106628
FixedParameters: 0 0 0

#Transform 146
Transform: AffineTransform_float_3_3
Parameters: 0.999997 0.000811323 -0.00198075 -0.000809205 0.999999 0.000882584 0.00198153 -0.000881339 0.999998 0.0389325 -0.125068 -0.189395
FixedParameters: 0 0 0

#Transform 147
Transform: AffineTransform_float_3_3
Parameters: 0.999999 0.000475707 -0.00174465 -0.000472334 0.999999 0.00160881 0.00174577 -0.0016079 0.999997 0.0612357 -0.183224 -0.142941
FixedParameters: 0 0 0

#Transform 148
Transform: AffineTransform_float_3_3
Parameters: 0.999998 0.000727257 -0.00173987 -0.000726458 1 0.000265755 0.00174018 -0.000264928 0.999998 0.109596 -0.189707 -0.231096
FixedParameters: 0 0 0

#Transform 149
Transform: AffineTransform_float_3_3
Parameters: 0.999999 0.00032315 -0.00170229 -0.000320269 0.999999 0.00122231 0.0017024 -0.00122148 0.999998 0.114794 -0.213205 -0.152974
FixedParameters: 0 0 0

#Transform 150
Transform: AffineTransform_float_3_3
Parameters: 0.999998 0.000612994 -0.00178505 -0.000613266 1 -0.000129901 0.00178576 0.000131213 0.999998 0.0847009 -0.208925 -0.254253
FixedParameters: 0 0 0

#Transform 151
Transform: AffineTransform_float_3_3
Parameters: 0.999999 0.00042875 -0.0017316 -0.000426738 0.999999 0.00151929 0.00173278 -0.00151936 0.999997 0.104965 -0.20646 -0.136664
FixedParameters: 0 0 0

#Transform 152
Transform: AffineTransform_float_3_3
Parameters: 0.999998 0.000599518 -0.00160669 -0.000597899 0.999999 0.000833168 0.00160799 -0.000832904 0.999998 0.140301 -0.212099 -0.189073
FixedParameters: 0 0 0

#Transform 153
Transform: AffineTransform_float_3_3
Parameters: 0.999998 0.000765925 -0.00172744 -0.000765151 1 0.000616999 0.00172763 -0.000615988 0.999998 0.0898364 -0.206135 -0.162309
FixedParameters: 0 0 0

#Transform 154
Transform: AffineTransform_float_3_3
Parameters: 0.999998 0.000601117 -0.00178037 -0.000599739 0.999999 0.00103027 0.00178122 -0.0010292 0.999998 0.0832053 -0.187353 -0.131776
FixedParameters: 0 0 0

#Transform 155
Transform: AffineTransform_float_3_3
Parameters: 0.999998 0.000445962 -0.0022711 -0.000443884 1 0.000696912 0.00227193 -0.000696029 0.999997 0.0541295 -0.104979 -0.0569871
FixedParameters: 0 0 0

#Transform 156
Transform: AffineTransform_float_3_3
Parameters: 0.999998 0.00110796 -0.00189009 -0.00110195 0.999995 0.00297532 0.00189318 -0.00297306 0.999993 -0.0923381 0.0393956 0.193294
FixedParameters: 0 0 0

#Transform 157
Transform: AffineTransform_float_3_3
Parameters: 0.999996 0.00195205 -0.0017343 -0.00195141 0.999998 0.000244733 0.0017351 -0.000241558 0.999999 -0.0627003 -0.0346689 0.0446545
FixedParameters: 0 0 0

#Transform 158
Transform: AffineTransform_float_3_3
Parameters: 0.999997 0.00162747 -0.00186559 -0.00162462 0.999997 0.00154138 0.00186821 -0.00153822 0.999997 -0.0687952 -0.0491284 0.0719159
FixedParameters: 0 0 0

#Transform 159
Transform: AffineTransform_float_3_3
Parameters: 0.999998 0.00170137 -0.00158339 -0.00170039 0.999998 0.000444266 0.00158377 -0.000441076 0.999999 -0.0224896 -0.0499391 -0.0343583
FixedParameters: 0 0 0

#Transform 160
Transform: AffineTransform_float_3_3
Parameters: 0.999998 0.00129465 -0.00142334 -0.00129322 0.999999 0.00105824 0.00142435 -0.00105583 0.999998 0.00746416 -0.109549 0.0244609
FixedParameters: 0 0 0

#Transform 161
Transform: AffineTransform_float_3_3
Parameters: 0.999997 0.00142159 -0.00190556 -0.00142098 0.999999 0.000525245 0.0019062 -0.000521982 0.999998 0.014789 -0.0834521 -0.0899839
FixedParameters: 0 0 0

#Transform 162
Transform: AffineTransform_float_3_3
Parameters: 0.999998 0.000973197 -0.00142184 -0.000970519 0.999998 0.00149403 0.00142322 -0.00149287 0.999998 0.0324772 -0.126385 0.0119
FixedParameters: 0 0 0

#Transform 163
Transform: AffineTransform_float_3_3
Parameters: 0.999997 0.0011378 -0.00182523 -0.00113628 0.999999 0.00086317 0.00182547 -0.000861148 0.999998 0.056151 -0.112112 -0.0704746
FixedParameters: 0 0 0

#Transform 164
Transform: AffineTransform_float_3_3
Parameters: 0.999998 0.000896013 -0.00175649 -0.000893384 0.999999 0.00147704 0.00175779 -0.00147546 0.999997 0.0610842 -0.155592 0.00257356
FixedParameters: 0 0 0

#Transform 165
Transform: AffineTransform_float_3_3
Parameters: 0.999999 0.0012087 -0.0012859 -0.00120704 0.999999 0.00115301 0.00128791 -0.00115121 0.999998 0.0890038 -0.115099 -0.0492567
FixedParameters: 0 0 0

#Transform 166
Transform: AffineTransform_float_3_3
Parameters: 0.999997 0.00101944 -0.00184927 -0.00101679 0.999998 0.00142161 0.00185083 -0.00142026 0.999997 0.0704554 -0.144358 0.000924586
FixedParameters: 0 0 0

#Transform 167
Transform: AffineTransform_float_3_3
Parameters: 0.999998 0.000918397 -0.00167201 -0.000913969 0.999997 0.00244016 0.00167464 -0.00243859 0.999996 0.0802167 -0.0484421 -0.0422449
FixedParameters: 0 0 0

#Transform 168
Transform: AffineTransform_float_3_3
Parameters: 0.999998 0.000884761 -0.00199662 -0.000882142 0.999999 0.00131584 0.00199751 -0.00131472 0.999997 0.0382406 -0.12862 -0.0113104
FixedParameters: 0 0 0

#Transform 169
Transform: AffineTransform_float_3_3
Parameters: 0.999998 0.00094319 -0.00175513 -0.000940543 0.999998 0.00149649 0.00175661 -0.0014956 0.999998 0.074407 -0.106761 -0.0547464
FixedParameters: 0 0 0

#Transform 170
Transform: AffineTransform_float_3_3
Parameters: 0.999998 0.00132888 -0.00185421 -0.00132679 0.999998 0.001261 0.00185611 -0.00125764 0.999998 0.0614931 -0.109287 0.0147427
FixedParameters: 0 0 0

#Transform 171
Transform: AffineTransform_float_3_3
Parameters: 0.999998 0.00129227 -0.00177886 -0.00128972 0.999999 0.00110753 0.00178087 -0.00110509 0.999997 0.0356555 -0.131766 -0.0513153
FixedParameters: 0 0 0

#Transform 172
Transform: AffineTransform_float_3_3
Parameters: 0.999998 0.000980892 -0.00169154 -0.000978503 0.999999 0.0011066 0.00169295 -0.00110544 0.999998 0.066697 -0.140016 0.000478522
FixedParameters: 0 0 0

#Transform 173
Transform: AffineTransform_float_3_3
Parameters: 0.999998 0.00136104 -0.00179783 -0.00135819 0.999998 0.00124572 0.00179949 -0.00124243 0.999998 0.0359752 -0.122449 -0.0315328
FixedParameters: 0 0 0

#Transform 174
Transform: AffineTransform_float_3_3
Parameters: 0.999997 0.00171036 -0.00181878 -0.00170954 0.999998 0.000357297 0.00181889 -0.000354126 0.999998 0.0630724 -0.11733 -0.0311401
FixedParameters: 0 0 0

#Transform 175
Transform: AffineTransform_float_3_3
Parameters: 0.999998 0.00106419 -0.00126094 -0.00106108 0.999998 0.0018343 0.0012633 -0.00183289 0.999997 0.0663845 -0.119781 0.0407534
FixedParameters: 0 0 0

#Transform 176
Transform: AffineTransform_float_3_3
Parameters: 0.999998 0.00152557 -0.00176383 -0.00152407 0.999998 0.00081669 0.00176546 -0.000813462 0.999998 0.0237296 -0.0945103 -0.0474465
FixedParameters: 0 0 0

#Transform 177
Transform: AffineTransform_float_3_3
Parameters: 0.999997 0.00126432 -0.00194893 -0.0012612 0.999998 0.00147623 0.00195123 -0.00147424 0.999997 0.0276057 -0.126191 0.000992597
FixedParameters: 0 0 0

#Transform 178
Transform: AffineTransform_float_3_3
Parameters: 0.999996 0.00115284 -0.00236776 -0.00115243 1 0.000123332 0.00236798 -0.000120428 0.999997 0.0293045 -0.122122 -0.0818749
FixedParameters: 0 0 0

#Transform 179
Transform: AffineTransform_float_3_3
Parameters: 0.999998 0.000938861 -0.00176006 -0.000935945 0.999998 0.00155534 0.00176163 -0.00155361 0.999997 0.0330987 -0.136145 0.0119124
FixedParameters: 0 0 0

#Transform 180
Transform: AffineTransform_float_3_3
Parameters: 0.999997 0.00161524 -0.00219143 -0.00161399 0.999999 0.00061929 0.00219249 -0.000615738 0.999997 0.0174203 -0.101539 -0.0471708
FixedParameters: 0 0 0

#Transform 181
Transform: AffineTransform_float_3_3
Parameters: 0.999998 0.00120549 -0.00147213 -0.00120349 0.999998 0.00163735 0.00147377 -0.00163586 0.999998 0.084903 -0.151292 -0.0226906
FixedParameters: 0 0 0

#Transform 182
Transform: AffineTransform_float_3_3
Parameters: 0.999997 0.00126965 -0.00204561 -0.00126875 0.999999 0.000570801 0.00204621 -0.000568614 0.999997 0.0434266 -0.147052 -0.116266
FixedParameters: 0 0 0

#Transform 183
Transform: AffineTransform_float_3_3
Parameters: 0.999998 0.00125692 -0.00148869 -0.00125505 0.999998 0.00157809 0.00149035 -0.00157641 0.999998 0.0594879 -0.169664 -0.0320134
FixedParameters: 0 0 0

#Transform 184
Transform: AffineTransform_float_3_3
Parameters: 0.999998 0.00116701 -0.00183348 -0.00116456 0.999998 0.00144978 0.00183445 -0.00144705 0.999997 0.0311801 -0.125024 -0.0613869
FixedParameters: 0 0 0

#Transform 185
Transform: AffineTransform_float_3_3
Parameters: 0.999998 0.00124804 -0.00161696 -0.001246 0.999999 0.00104984 0.00161882 -0.00104796 0.999998 0.0654633 -0.141027 -0.0128799
FixedParameters: 0 0 0

#Transform 186
Transform: AffineTransform_float_3_3
Parameters: 0.999999 0.00120842 -0.00126657 -0.00120719 0.999998 0.00150528 0.00126876 -0.0015043 0.999998 0.100265 -0.141166 -0.041001
FixedParameters: 0 0 0

#Transform 187
Transform: AffineTransform_float_3_3
Parameters: 0.999998 0.00130779 -0.00175256 -0.00130633 0.999999 0.000824659 0.00175388 -0.000823082 0.999998 0.0861882 -0.180725 -0.056846
FixedParameters: 0 0 0

#Transform 188
Transform: AffineTransform_float_3_3
