#Insight Transform File V1.0
#Transform 0
Transform: AffineTransform_float_3_3
Parameters: 1 -0.000396085 0.000150444 0.00039613 1 -0.000147517 -0.000150327 0.000147637 1 0.00344766 -0.000911308 0.0966111
FixedParameters: 0 0 0

#Transform 1
Transform: AffineTransform_float_3_3
Parameters: 1 -3.00063e-05 -9.22586e-05 3.00443e-05 1 0.00020599 9.22463e-05 -0.000205995 1 0.00190881 0.0559167 0.076522
FixedParameters: 0 0 0

#Transform 2
Transform: AffineTransform_float_3_3
Parameters: 0.999999 0.000608482 0.000512434 -0.000608364 1 -0.000115666 -0.000512574 0.000115043 1 -0.00540788 0.0127202 -0.233134
FixedParameters: 0 0 0

#Transform 3
Transform: AffineTransform_float_3_3
Parameters: 0.999999 0.000585442 0.000409885 -0.000585715 1 0.000332491 -0.000409496 -0.000332971 1 0.012962 -0.0444341 -0.169969
FixedParameters: 0 0 0

#Transform 4
Transform: AffineTransform_float_3_3
Parameters: 1 9.16669e-05 0.00039545 -9.17741e-05 0.999999 0.00135077 -0.000395478 -0.00135085 0.999999 0.0448795 -0.0298441 -0.1076
FixedParameters: 0 0 0

#Transform 5
Transform: AffineTransform_float_3_3
Parameters: 1 0.000390179 0.000353527 -0.000389639 0.999999 0.000589157 -0.000353359 -0.000589439 1 0.0144464 0.01817 -0.249668
FixedParameters: 0 0 0

#Transform 6
Transform: AffineTransform_float_3_3
Parameters: 1 0.00040163 -8.58508e-05 -0.000400535 0.999999 0.000805512 8.62045e-05 -0.00080545 0.999999 0.0146206 -0.00705854 -0.148049
FixedParameters: 0 0 0

#Transform 7
Transform: AffineTransform_float_3_3
Parameters: 1 0.000476217 -0.000258057 -0.000476066 0.999999 0.000858639 0.000257919 -0.000858389 0.999999 0.0407565 -0.0046349 -0.126822
FixedParameters: 0 0 0

#Transform 8
Transform: AffineTransform_float_3_3
Parameters: 1 0.000542985 2.65515e-05 -0.000543 1 0.000292318 -2.6234e-05 -0.000292347 1 0.0221615 0.0443671 -0.238689
FixedParameters: 0 0 0

#Transform 9
Transform: AffineTransform_float_3_3
Parameters: 1 0.000570974 -0.000215877 -0.000570913 1 0.000818022 0.000215855 -0.00081833 0.999999 0.0357183 -0.0249065 -0.148008
FixedParameters: 0 0 0

#Transform 10
Transform: AffineTransform_float_3_3
Parameters: 0.999999 0.000689999 -0.000398634 -0.000689757 1 0.000679666 0.000398619 -0.0006805 1 0.018147 0.0167915 -0.216471
FixedParameters: 0 0 0

#Transform 11
Transform: AffineTransform_float_3_3
Parameters: 0.999999 0.000691904 -0.000397263 -0.000691792 0.999999 0.000508866 0.000397011 -0.000508312 1 0.0142426 0.0271388 -0.217367
FixedParameters: 0 0 0

#Transform 12
Transform: AffineTransform_float_3_3
Parameters: 1 0.000571387 -0.000786911 -0.000570284 1 0.000703751 0.000787698 -0.000703412 0.999999 0.0486155 -0.0353731 -0.105957
FixedParameters: 0 0 0

#Transform 13
Transform: AffineTransform_float_3_3
Parameters: 0.999998 0.00131477 -0.00106733 -0.00131485 0.999999 -0.000169539 0.00106782 0.000170954 0.999999 -0.00202511 0.0407669 -0.213015
FixedParameters: 0 0 0

#Transform 14
Transform: AffineTransform_float_3_3
Parameters: 0.999998 0.00152184 -0.000853728 -0.00152302 0.999999 -0.0008538 0.00085207 0.000854445 0.999999 -0.00466422 0.0222565 -0.209995
FixedParameters: 0 0 0

#Transform 15
Transform: AffineTransform_float_3_3
Parameters: 0.999998 0.00155055 -0.000757508 -0.00155061 0.999998 -2.66217e-05 0.00075741 2.75825e-05 1 -0.0040697 -0.0127716 -0.165875
FixedParameters: 0 0 0

#Transform 16
Transform: AffineTransform_float_3_3
Parameters: 0.999999 0.00116919 -0.000638913 -0.00116933 1 -0.000104512 0.000638651 0.000105446 1 -0.00291749 0.0514114 -0.303515
FixedParameters: 0 0 0

#Transform 17
Transform: AffineTransform_float_3_3
Parameters: 0.999999 0.00111489 -0.000567489 -0.00111463 1 0.000236771 0.000567999 -0.000236064 1 0.0165463 -0.0247469 -0.230016
FixedParameters: 0 0 0

#Transform 18
Transform: AffineTransform_float_3_3
Parameters: 1 0.00106032 -0.000494749 -0.00105985 0.999999 0.000773063 0.000495415 -0.000772568 0.999999 0.027038 -0.0303482 -0.208293
FixedParameters: 0 0 0

#Transform 19
Transform: AffineTransform_float_3_3
Parameters: 1 0.00112635 -0.000320106 -0.0011265 0.999999 -0.000671055 0.000319534 0.000671211 1 0.0347967 0.0523783 -0.300259
FixedParameters: 0 0 0

#Transform 20
Transform: AffineTransform_float_3_3
Parameters: 1 0.00103186 -0.000603845 -0.00103161 1 0.000211179 0.000604264 -0.000210492 1 0.0318218 -0.0548592 -0.171853
FixedParameters: 0 0 0

#Transform 21
Transform: AffineTransform_float_3_3
Parameters: 0.999999 0.00124608 -0.000685812 -0.0012459 0.999999 0.000355437 0.000685728 -0.000355111 1 0.0269561 -0.00368582 -0.309268
FixedParameters: 0 0 0

#Transform 22
Transform: AffineTransform_float_3_3
Parameters: 0.999999 0.00131868 -0.000535017 -0.00131845 0.999999 -5.16027e-05 0.00053582 5.24508e-05 1 0.0209511 -0.0407647 -0.265094
FixedParameters: 0 0 0

#Transform 23
Transform: AffineTransform_float_3_3
Parameters: 0.999999 0.0011828 -0.00038141 -0.00118243 0.999999 0.000879704 0.000382518 -0.000879355 0.999999 0.038764 -0.0673233 -0.234088
FixedParameters: 0 0 0

#Transform 24
Transform: AffineTransform_float_3_3
Parameters: 0.999999 0.00141687 -0.000398595 -0.00141682 0.999999 6.57196e-05 0.000398764 -6.51491e-05 1 0.0327953 0.00957949 -0.33767
FixedParameters: 0 0 0

#Transform 25
Transform: AffineTransform_float_3_3
Parameters: 0.999999 0.00134429 -0.000441428 -0.00134402 0.999999 0.000646291 0.000442192 -0.000645658 0.999999 0.045022 -0.0901255 -0.231874
FixedParameters: 0 0 0

#Transform 26
Transform: AffineTransform_float_3_3
Parameters: 0.999999 0.00131529 -0.000721508 -0.001315 0.999999 0.000404094 0.000721597 -0.000402751 0.999999 0.044075 -0.0422808 -0.281421
FixedParameters: 0 0 0

#Transform 27
Transform: AffineTransform_float_3_3
Parameters: 0.999999 0.00129984 -0.000227797 -0.00129977 0.999999 0.000163087 0.000228205 -0.000163054 1 0.04681 -0.034255 -0.276577
FixedParameters: 0 0 0

#Transform 28
Transform: AffineTransform_float_3_3
Parameters: 1 0.00111807 -0.000386871 -0.00111746 0.999999 0.00079917 0.000388641 -0.000798863 0.999999 0.0480306 -0.069488 -0.271217
FixedParameters: 0 0 0

#Transform 29
Transform: AffineTransform_float_3_3
Parameters: 1 0.00118935 -0.000234569 -0.00118948 0.999999 0.000359204 0.000234451 -0.000359201 1 0.0547061 -0.0330591 -0.297213
FixedParameters: 0 0 0

#Transform 30
Transform: AffineTransform_float_3_3
Parameters: 1 0.000971984 -0.00035066 -0.000971696 0.999999 0.000833812 0.000351308 -0.000833685 0.999999 0.0563666 -0.0723756 -0.231033
FixedParameters: 0 0 0

#Transform 31
Transform: AffineTransform_float_3_3
Parameters: 0.999999 0.00106892 -0.000113696 -0.00106808 0.999999 0.000761697 0.000114072 -0.000761186 0.999999 0.0455207 -0.0223518 -0.316779
FixedParameters: 0 0 0

#Transform 32
Transform: AffineTransform_float_3_3
Parameters: 0.999999 0.00145841 -0.000259503 -0.00145861 0.999999 0.000174446 0.000259036 -0.000173416 1 0.0517196 -0.0473332 -0.269768
FixedParameters: 0 0 0

#Transform 33
Transform: AffineTransform_float_3_3
Parameters: 1 0.00109555 -0.000300147 -0.00109545 0.999999 0.00113297 0.000300717 -0.0011323 1 0.0586699 -0.066816 -0.252781
FixedParameters: 0 0 0

#Transform 34
Transform: AffineTransform_float_3_3
Parameters: 1 0.00118749 3.53059e-05 -0.00118749 1 -2.68156e-05 -3.5385e-05 2.61725e-05 1 0.0507282 -0.0225566 -0.337054
FixedParameters: 0 0 0

#Transform 35
Transform: AffineTransform_float_3_3
Parameters: 1 0.00116505 -0.000216963 -0.00116491 0.999999 0.000987875 0.000218289 -0.000987094 0.999999 0.0525506 -0.0912962 -0.246455
FixedParameters: 0 0 0

#Transform 36
Transform: AffineTransform_float_3_3
Parameters: 1 0.00111948 -0.000282255 -0.00111958 1 0.000347794 0.000282061 -0.000347716 1 0.0513704 -0.0516693 -0.349459
FixedParameters: 0 0 0

#Transform 37
Transform: AffineTransform_float_3_3
Parameters: 1 0.00115093 4.5224e-06 -0.00115122 0.999999 0.00076595 -3.73414e-06 -0.000765684 0.999999 0.047411 -0.0618734 -0.287675
FixedParameters: 0 0 0

#Transform 38
Transform: AffineTransform_float_3_3
Parameters: 0.999999 0.00120986 -0.000169227 -0.0012099 0.999999 0.000760149 0.000170094 -0.000760293 0.999999 0.0515139 -0.0909283 -0.281606
FixedParameters: 0 0 0

#Transform 39
Transform: AffineTransform_float_3_3
Parameters: 0.999998 0.00160415 0.000213353 -0.00160417 0.999999 4.1728e-05 -0.000213237 -4.21424e-05 1 0.049677 -0.00919463 -0.350617
FixedParameters: 0 0 0

#Transform 40
Transform: AffineTransform_float_3_3
Parameters: 0.999999 0.0012365 -0.000352664 -0.00123639 0.999998 0.000999058 0.000353206 -0.000998735 0.999999 0.0591076 -0.132552 -0.236978
FixedParameters: 0 0 0

#Transform 41
Transform: AffineTransform_float_3_3
Parameters: 0.999999 0.00128881 -0.000805267 -0.00128799 0.999999 0.000512176 0.000806569 -0.000510659 0.999999 0.0655265 -0.0560254 -0.348218
FixedParameters: 0 0 0

#Transform 42
Transform: AffineTransform_float_3_3
Parameters: 0.999999 0.00146424 -0.000218319 -0.00146442 0.999998 0.000919363 0.000219079 -0.000918444 0.999999 0.0602599 -0.0777831 -0.314291
FixedParameters: 0 0 0

#Transform 43
Transform: AffineTransform_float_3_3
Parameters: 0.999999 0.00141236 -0.000370932 -0.00141181 0.999998 0.00152363 0.000373322 -0.00152313 0.999999 0.0607971 -0.12098 -0.264541
FixedParameters: 0 0 0

#Transform 44
Transform: AffineTransform_float_3_3
Parameters: 0.999999 0.00143571 -0.000329732 -0.00143551 0.999999 0.00031262 0.000330613 -0.000312231 1 0.0673733 -0.0378487 -0.411383
FixedParameters: 0 0 0

#Transform 45
Transform: AffineTransform_float_3_3
Parameters: 0.999999 0.00124044 -0.000450234 -0.00123996 0.999999 0.000856445 0.000451385 -0.000855882 0.999999 0.0559054 -0.116532 -0.27216
FixedParameters: 0 0 0

#Transform 46
Transform: AffineTransform_float_3_3
Parameters: 0.999999 0.00132229 -0.000292621 -0.00132225 0.999999 0.000582538 0.000293189 -0.000582317 1 0.0668913 -0.0729552 -0.334202
FixedParameters: 0 0 0

#Transform 47
Transform: AffineTransform_float_3_3
Parameters: 0.999999 0.00141046 -0.000387624 -0.00141013 0.999999 0.00116658 0.000388997 -0.00116521 0.999999 0.0480669 -0.0492975 -0.307236
FixedParameters: 0 0 0

#Transform 48
Transform: AffineTransform_float_3_3
Parameters: 1 0.0011297 -0.000289097 -0.00112928 0.999999 0.000726915 0.000290723 -0.000726819 0.999999 0.0576025 -0.0987388 -0.340317
FixedParameters: 0 0 0

#Transform 49
Transform: AffineTransform_float_3_3
Parameters: 0.999999 0.0015044 -8.2964e-05 -0.00150385 0.999999 0.00103724 8.38801e-05 -0.00103755 1 0.0493407 -0.0777914 -0.301703
FixedParameters: 0 0 0

#Transform 50
Transform: AffineTransform_float_3_3
Parameters: 0.999999 0.00141075 -0.000385565 -0.0014104 0.999998 0.00120366 0.000387047 -0.00120312 1 0.0564028 -0.103058 -0.332326
FixedParameters: 0 0 0

#Transform 51
Transform: AffineTransform_float_3_3
Parameters: 0.999999 0.00148741 -0.000159348 -0.0014873 0.999999 0.000349382 0.000160371 -0.000349466 1 0.0408639 -0.0724886 -0.373529
FixedParameters: 0 0 0

#Transform 52
Transform: AffineTransform_float_3_3
Parameters: 0.999999 0.00125389 -0.000480799 -0.00125316 0.999998 0.0013617 0.0004823 -0.00136104 0.999999 0.0538593 -0.12388 -0.283883
FixedParameters: 0 0 0

#Transform 53
Transform: AffineTransform_float_3_3
Parameters: 0.999999 0.00149173 -0.000256596 -0.00149176 0.999998 0.000518811 0.000257172 -0.000518599 1 0.0429876 -0.0506336 -0.397071
FixedParameters: 0 0 0

#Transform 54
Transform: AffineTransform_float_3_3
Parameters: 1 0.00119259 -0.000250615 -0.00119246 0.999999 0.000852308 0.000251676 -0.000852263 0.999999 0.0607921 -0.11869 -0.294851
FixedParameters: 0 0 0

#Transform 55
Transform: AffineTransform_float_3_3
Parameters: 1 0.00107864 -0.000230489 -0.00107839 0.999998 0.00177352 0.000232414 -0.00177218 0.999999 0.0503755 -0.085489 -0.33084
FixedParameters: 0 0 0

#Transform 56
Transform: AffineTransform_float_3_3
Parameters: 0.999999 0.000943098 8.57196e-05 -0.000942574 0.999999 0.000818074 -8.54248e-05 -0.000818797 0.999999 0.0774626 -0.0280815 -0.398791
FixedParameters: 0 0 0

#Transform 57
Transform: AffineTransform_float_3_3
Parameters: 1 0.00100994 4.27564e-06 -0.00101024 0.999998 0.0014262 -2.35057e-06 -0.0014262 0.999999 0.0846369 -0.145713 -0.320127
FixedParameters: 0 0 0

#Transform 58
Transform: AffineTransform_float_3_3
Parameters: 0.999999 0.000764853 0.000149473 -0.000764436 1 0.000827443 -0.000149455 -0.000828234 0.999999 0.0830104 -0.076449 -0.446381
FixedParameters: 0 0 0

#Transform 59
Transform: AffineTransform_float_3_3
Parameters: 0.999999 0.000830492 1.3581e-05 -0.000830807 0.999999 0.00101071 -1.28418e-05 -0.00101072 1 0.0743473 -0.136294 -0.315058
FixedParameters: 0 0 0

#Transform 60
Transform: AffineTransform_float_3_3
Parameters: 0.999999 0.000704554 -0.000184049 -0.000704343 0.999999 0.00135033 0.000185012 -0.00135006 0.999999 0.0769149 -0.0985851 -0.41957
FixedParameters: 0 0 0

#Transform 61
Transform: AffineTransform_float_3_3
Parameters: 0.999999 0.000744121 -0.000126439 -0.000744192 1 0.000872173 0.000126781 -0.000872539 0.999999 0.0664595 -0.103178 -0.35356
FixedParameters: 0 0 0

#Transform 62
Transform: AffineTransform_float_3_3
Parameters: 0.999999 0.000949946 -0.000183029 -0.000949578 0.999998 0.00176437 0.000185457 -0.00176401 0.999999 0.060385 -0.115284 -0.35075
FixedParameters: 0 0 0

#Transform 63
Transform: AffineTransform_float_3_3
Parameters: 0.999999 0.000806824 6.23125e-05 -0.000806904 0.999999 0.000649339 -6.12645e-05 -0.000649439 1 0.069122 -0.0817518 -0.408071
FixedParameters: 0 0 0

#Transform 64
Transform: AffineTransform_float_3_3
Parameters: 1 0.00103698 8.24493e-05 -0.00103745 0.999999 0.00107313 -8.11791e-05 -0.0010733 1 0.0517638 -0.147579 -0.326341
FixedParameters: 0 0 0

#Transform 65
Transform: AffineTransform_float_3_3
Parameters: 0.999999 0.000918213 0.000145817 -0.000917851 0.999999 0.00108188 -0.000145066 -0.00108132 1 0.0589041 -0.0860955 -0.42636
FixedParameters: 0 0 0

#Transform 66
Transform: AffineTransform_float_3_3
Parameters: 0.999999 0.000976571 -0.000101452 -0.000976539 0.999999 0.00156002 0.000103559 -0.00156038 0.999999 0.0576572 -0.141267 -0.327068
FixedParameters: 0 0 0

#Transform 67
Transform: AffineTransform_float_3_3
Parameters: 0.999999 0.000905083 -2.30577e-05 -0.000905336 1 0.000663053 2.32992e-05 -0.000662736 0.999999 0.0602933 -0.0723071 -0.403315
FixedParameters: 0 0 0

#Transform 68
Transform: AffineTransform_float_3_3
Parameters: 1 0.00100013 -3.15345e-05 -0.00100034 0.999998 0.00130724 3.31934e-05 -0.00130717 0.999999 0.0685445 -0.137757 -0.299429
FixedParameters: 0 0 0

#Transform 69
Transform: AffineTransform_float_3_3
Parameters: 1 0.00100975 -4.29276e-06 -0.00101031 0.999999 0.00116314 4.72675e-06 -0.00116229 0.999999 0.0584617 -0.0654505 -0.417894
FixedParameters: 0 0 0

#Transform 70
Transform: AffineTransform_float_3_3
Parameters: 0.999999 0.000978815 -9.48439e-05 -0.000978809 0.999999 0.00153402 9.69073e-05 -0.00153438 0.999999 0.0672582 -0.128317 -0.30577
FixedParameters: 0 0 0

#Transform 71
Transform: AffineTransform_float_3_3
Parameters: 0.999999 0.000853115 -0.000501636 -0.000852575 0.999998 0.00176863 0.00050402 -0.00176776 0.999999 0.0686542 -0.135597 -0.346556
FixedParameters: 0 0 0

#Transform 72
Transform: AffineTransform_float_3_3
Parameters: 0.999999 0.000861509 -0.000125407 -0.000860562 0.999999 0.00110741 0.000126082 -0.0011072 1 0.0595471 -0.0816338 -0.407845
FixedParameters: 0 0 0

#Transform 73
Transform: AffineTransform_float_3_3
Parameters: 0.999999 0.000849639 -0.000331413 -0.000849139 0.999999 0.00162575 0.000332278 -0.00162573 0.999998 0.0805164 -0.17397 -0.295453
FixedParameters: 0 0 0

#Transform 74
Transform: AffineTransform_float_3_3
Parameters: 0.999999 0.000934547 -0.000255408 -0.000934312 0.999999 0.00102046 0.000256374 -0.00101998 1 0.06258 -0.0861044 -0.415762
FixedParameters: 0 0 0

#Transform 75
Transform: AffineTransform_float_3_3
Parameters: 0.999999 0.000944038 -0.000222703 -0.000943847 0.999999 0.00107343 0.000223789 -0.001073 1 0.072205 -0.123385 -0.334193
FixedParameters: 0 0 0

#Transform 76
Transform: AffineTransform_float_3_3
Parameters: 0.999999 0.000825037 -0.000373008 -0.000824363 0.999998 0.00167868 0.000373881 -0.00167861 0.999998 0.0664962 -0.135999 -0.328014
FixedParameters: 0 0 0

#Transform 77
Transform: AffineTransform_float_3_3
Parameters: 1 0.00111861 -0.000473008 -0.00111833 0.999999 0.000603479 0.000473385 -0.000602975 1 0.0277137 -0.0381248 -0.685964
FixedParameters: 0 0 0

#Transform 78
Transform: AffineTransform_float_3_3
Parameters: 0.999996 0.00270208 0.00059469 -0.00269941 0.999987 -0.00428426 -0.000605465 0.00428237 0.999991 0.0309887 -0.203216 -1.21332
FixedParameters: 0 0 0

#Transform 79
Transform: AffineTransform_float_3_3
Parameters: 0.999997 0.00226198 -0.000645025 -0.00226096 0.999996 0.00192658 0.000648939 -0.0019253 0.999998 0.0148887 -0.321996 -0.205965
FixedParameters: 0 0 0

#Transform 80
Transform: AffineTransform_float_3_3
Parameters: 0.999995 -0.000305401 -0.0030944 0.000312732 0.999997 0.00246788 0.00309431 -0.00246859 0.999992 0.220677 -0.222124 -0.21099
FixedParameters: 0 0 0

#Transform 81
Transform: AffineTransform_float_3_3
Parameters: 0.999994 0.000771242 -0.00321203 -0.000777801 0.999998 -0.00189623 0.00321053 0.00189952 0.999993 0.145775 -0.167265 -0.560351
FixedParameters: 0 0 0

#Transform 82
Transform: AffineTransform_float_3_3
Parameters: 0.999996 0.000479304 -0.00280134 -0.000476219 0.999999 0.000950343 0.00280189 -0.000949285 0.999996 0.159317 -0.195985 -0.420387
FixedParameters: 0 0 0

#Transform 83
Transform: AffineTransform_float_3_3
Parameters: 0.999997 0.000488262 -0.00237202 -0.000485755 0.999999 0.00119874 0.00237311 -0.00119694 0.999996 0.155003 -0.145981 -0.404991
FixedParameters: 0 0 0

#Transform 84
Transform: AffineTransform_float_3_3
Parameters: 0.999998 0.000676227 -0.00214353 -0.000672487 0.999999 0.00146079 0.00214418 -0.0014598 0.999997 0.143679 -0.133679 -0.474847
FixedParameters: 0 0 0

#Transform 85
Transform: AffineTransform_float_3_3
Parameters: 0.999998 0.000682711 -0.00211697 -0.00067902 0.999998 0.0016917 0.00211824 -0.00168988 0.999996 0.146747 -0.168451 -0.448414
FixedParameters: 0 0 0

#Transform 86
Transform: AffineTransform_float_3_3
Parameters: 0.999997 0.000684479 -0.00211789 -0.000680795 0.999999 0.00139479 0.00211945 -0.00139381 0.999997 0.151872 -0.192922 -0.42891
FixedParameters: 0 0 0

#Transform 87
Transform: AffineTransform_float_3_3
Parameters: 0.999996 0.000497307 -0.00274647 -0.000494496 1 0.000745 0.00274654 -0.000743633 0.999996 0.119614 -0.171075 -0.372929
FixedParameters: 0 0 0

#Transform 88
Transform: AffineTransform_float_3_3
Parameters: 0.999997 0.00095316 -0.00251296 -0.000948852 0.999998 0.00155089 0.00251486 -0.001548 0.999995 0.109129 -0.152715 -0.317318
FixedParameters: 0 0 0

#Transform 89
Transform: AffineTransform_float_3_3
Parameters: 0.999997 0.00080302 -0.00258497 -0.000798984 0.999998 0.00182356 0.00258745 -0.0018213 0.999995 0.112318 -0.130474 -0.313757
FixedParameters: 0 0 0

#Transform 90
Transform: AffineTransform_float_3_3
Parameters: 0.999997 0.00105786 -0.00213147 -0.00105386 0.999998 0.0018203 0.00213332 -0.00181742 0.999996 0.0810886 -0.102892 -0.462409
FixedParameters: 0 0 0

#Transform 91
Transform: AffineTransform_float_3_3
Parameters: 0.999998 0.00104492 -0.00196193 -0.00104164 0.999998 0.00147856 0.00196368 -0.0014761 0.999997 0.059732 -0.141152 -0.395021
FixedParameters: 0 0 0

#Transform 92
Transform: AffineTransform_float_3_3
Parameters: 0.999997 0.00102802 -0.00212686 -0.00102446 0.999998 0.00165406 0.00212923 -0.00165215 0.999997 0.0722165 -0.183701 -0.379477
FixedParameters: 0 0 0

#Transform 93
Transform: AffineTransform_float_3_3
Parameters: 0.999998 0.00101672 -0.00167839 -0.00101545 0.999999 0.00084427 0.00167847 -0.000842501 0.999998 0.0694265 -0.107796 -0.495404
FixedParameters: 0 0 0

#Transform 94
Transform: AffineTransform_float_3_3
Parameters: 0.999998 0.00120607 -0.00194206 -0.00120308 0.999999 0.00142091 0.00194415 -0.00141925 0.999997 0.072324 -0.200593 -0.352214
FixedParameters: 0 0 0

#Transform 95
Transform: AffineTransform_float_3_3
Parameters: 0.999999 0.000786886 -0.00160733 -0.000784182 0.999998 0.00162282 0.00160855 -0.00162193 0.999997 0.0660534 -0.14354 -0.455457
FixedParameters: 0 0 0

#Transform 96
Transform: AffineTransform_float_3_3
Parameters: 0.999998 0.00114429 -0.0017166 -0.00114254 0.999999 0.00124267 0.00171811 -0.00124038 0.999998 0.0735725 -0.14831 -0.363973
FixedParameters: 0 0 0

#Transform 97
Transform: AffineTransform_float_3_3
Parameters: 0.999997 0.0011902 -0.00215592 -0.00118595 0.999997 0.00185983 0.00215835 -0.00185716 0.999996 0.0688424 -0.161328 -0.362929
FixedParameters: 0 0 0

#Transform 98
Transform: AffineTransform_float_3_3
Parameters: 0.999998 0.00127884 -0.00157732 -0.00127693 0.999998 0.00149448 0.00157886 -0.00149207 0.999998 0.0601243 -0.0890073 -0.388493
FixedParameters: 0 0 0

#Transform 99
Transform: AffineTransform_float_3_3
Parameters: 0.999997 0.00104201 -0.0019472 -0.00103942 0.999999 0.00163322 0.00194861 -0.00163134 0.999996 0.069538 -0.187703 -0.319845
FixedParameters: 0 0 0

#Transform 100
Transform: AffineTransform_float_3_3
Parameters: 0.999998 0.00134402 -0.00145416 -0.00134141 0.999997 0.00196037 0.00145619 -0.00195865 0.999997 0.0600782 -0.0894899 -0.436762
FixedParameters: 0 0 0

#Transform 101
Transform: AffineTransform_float_3_3
Parameters: 0.999997 0.00120226 -0.00215855 -0.00119687 0.999996 0.00240898 0.00216169 -0.00240624 0.999994 0.0668797 -0.14555 -0.338641
FixedParameters: 0 0 0

#Transform 102
Transform: AffineTransform_float_3_3
Parameters: 0.999997 0.00120242 -0.00215865 -0.00119716 0.999996 0.00238098 0.00216173 -0.00237824 0.999995 0.0821312 -0.160759 -0.349087
FixedParameters: 0 0 0

#Transform 103
Transform: AffineTransform_float_3_3
Parameters: 0.999997 0.0016435 -0.00148527 -0.00164185 0.999998 0.00108204 0.00148719 -0.00107992 0.999998 0.0558283 -0.132076 -0.407955
FixedParameters: 0 0 0

#Transform 104
Transform: AffineTransform_float_3_3
Parameters: 0.999998 0.00131068 -0.00189191 -0.00130638 0.999997 0.0022078 0.00189474 -0.00220585 0.999995 0.0680437 -0.188393 -0.325011
FixedParameters: 0 0 0

#Transform 105
Transform: AffineTransform_float_3_3
Parameters: 0.999998 0.00101942 -0.00171651 -0.00101629 0.999998 0.00173118 0.00171776 -0.00172987 0.999997 0.0627307 -0.0995745 -0.415002
FixedParameters: 0 0 0

#Transform 106
Transform: AffineTransform_float_3_3
Parameters: 0.999998 0.00104046 -0.00166014 -0.0010374 0.999998 0.00176719 0.00166153 -0.00176593 0.999997 0.0791969 -0.188472 -0.355183
FixedParameters: 0 0 0

#Transform 107
Transform: AffineTransform_float_3_3
Parameters: 0.999998 0.00103967 -0.00162367 -0.00103718 0.999998 0.00153933 0.00162554 -0.00153759 0.999998 0.0654463 -0.118024 -0.423808
FixedParameters: 0 0 0

#Transform 108
Transform: AffineTransform_float_3_3
Parameters: 0.999998 0.00126312 -0.0015886 -0.00125997 0.999997 0.0018721 0.00159104 -0.00187027 0.999997 0.0542715 -0.0962745 -0.365034
FixedParameters: 0 0 0

#Transform 109
Transform: AffineTransform_float_3_3
Parameters: 0.999998 0.00137445 -0.00186278 -0.00136982 0.999996 0.00241034 0.00186551 -0.00240822 0.999996 0.0501888 -0.152263 -0.357963
FixedParameters: 0 0 0

#Transform 110
Transform: AffineTransform_float_3_3
Parameters: 0.999998 0.00139868 -0.00153468 -0.00139605 0.999997 0.0018662 0.00153666 -0.0018641 0.999997 0.0489234 -0.0583689 -0.422214
FixedParameters: 0 0 0

#Transform 111
Transform: AffineTransform_float_3_3
Parameters: 0.999998 0.00119375 -0.00195928 -0.00118981 0.999997 0.00196715 0.00196198 -0.00196493 0.999996 0.0682938 -0.190412 -0.322472
FixedParameters: 0 0 0

#Transform 112
Transform: AffineTransform_float_3_3
Parameters: 0.999998 0.00132889 -0.00180814 -0.00132683 0.999998 0.00134783 0.00180942 -0.00134466 0.999997 0.0418717 -0.0895972 -0.400541
FixedParameters: 0 0 0

#Transform 113
Transform: AffineTransform_float_3_3
Parameters: 0.999997 0.00123954 -0.00213482 -0.00123445 0.999997 0.00214327 0.0021372 -0.00214043 0.999996 0.0565573 -0.151788 -0.296987
FixedParameters: 0 0 0

#Transform 114
Transform: AffineTransform_float_3_3
Parameters: 0.999997 0.00153249 -0.001939 -0.00152769 0.999996 0.00236021 0.00194234 -0.00235727 0.999996 0.0443579 -0.0979863 -0.373203
FixedParameters: 0 0 0

#Transform 115
Transform: AffineTransform_float_3_3
Parameters: 0.999997 0.00111522 -0.00184663 -0.00111178 0.999997 0.00194796 0.001849 -0.0019463 0.999997 0.0625568 -0.104353 -0.336049
FixedParameters: 0 0 0

#Transform 116
Transform: AffineTransform_float_3_3
Parameters: 0.999997 0.00144545 -0.00223071 -0.00144112 0.999996 0.00216276 0.00223334 -0.00215875 0.999995 0.0461418 -0.172643 -0.31239
FixedParameters: 0 0 0

#Transform 117
Transform: AffineTransform_float_3_3
Parameters: 0.999997 0.00149314 -0.00196594 -0.00148996 0.999998 0.0017669 0.00196922 -0.00176405 0.999997 0.0388216 -0.0681614 -0.350606
FixedParameters: 0 0 0

#Transform 118
Transform: AffineTransform_float_3_3
Parameters: 0.999997 0.00159365 -0.00210628 -0.00158872 0.999996 0.00220658 0.0021094 -0.0022037 0.999996 0.0362866 -0.152315 -0.29019
FixedParameters: 0 0 0

#Transform 119
Transform: AffineTransform_float_3_3
Parameters: 0.999996 0.00167516 -0.00195774 -0.00167178 0.999997 0.00165841 0.00196004 -0.00165543 0.999996 0.0354506 -0.0766178 -0.363502
FixedParameters: 0 0 0

#Transform 120
Transform: AffineTransform_float_3_3
Parameters: 0.999996 0.00177191 -0.00209149 -0.00176722 0.999996 0.00216605 0.00209524 -0.00216303 0.999995 0.0328809 -0.149439 -0.298012
FixedParameters: 0 0 0

#Transform 121
Transform: AffineTransform_float_3_3
Parameters: 0.999997 0.00130983 -0.00230163 -0.00130548 0.999997 0.0020387 0.00230431 -0.00203595 0.999996 0.034286 -0.131676 -0.373327
FixedParameters: 0 0 0

#Transform 122
Transform: AffineTransform_float_3_3
Parameters: 0.999997 0.00129713 -0.00213061 -0.00129232 0.999997 0.00201355 0.00213384 -0.00201104 0.999995 0.0250292 -0.0966055 -0.341229
FixedParameters: 0 0 0

#Transform 123
Transform: AffineTransform_float_3_3
Parameters: 0.999996 0.00155224 -0.0024199 -0.00154718 0.999997 0.00214542 0.00242294 -0.00214174 0.999995 0.019201 -0.166636 -0.310992
FixedParameters: 0 0 0

#Transform 124
Transform: AffineTransform_float_3_3
Parameters: 0.999996 0.00154552 -0.00241242 -0.001541 0.999997 0.0017823 0.00241496 -0.00177869 0.999995 0.0248164 -0.0797165 -0.328312
FixedParameters: 0 0 0

#Transform 125
Transform: AffineTransform_float_3_3
Parameters: 0.999996 0.00166633 -0.00249488 -0.00166042 0.999996 0.00230893 0.00249798 -0.00230444 0.999994 0.0316721 -0.150108 -0.276117
FixedParameters: 0 0 0

#Transform 126
Transform: AffineTransform_float_3_3
Parameters: 0.999996 0.00148062 -0.00212183 -0.00147678 0.999997 0.00186348 0.0021244 -0.00186104 0.999996 0.0237867 -0.0614117 -0.375831
FixedParameters: 0 0 0

#Transform 127
Transform: AffineTransform_float_3_3
Parameters: 0.999995 0.00165057 -0.00286377 -0.00164297 0.999996 0.00247665 0.00286765 -0.00247129 0.999993 0.0206341 -0.146 -0.279598
FixedParameters: 0 0 0

#Transform 128
Transform: AffineTransform_float_3_3
Parameters: 0.999994 0.00189264 -0.00267598 -0.00188643 0.999995 0.00244521 0.00267999 -0.00243973 0.999993 0.0172665 -0.0676136 -0.339898
FixedParameters: 0 0 0

#Transform 129
Transform: AffineTransform_float_3_3
Parameters: 0.999996 0.00142656 -0.00245214 -0.00142189 0.999997 0.0019775 0.00245513 -0.00197378 0.999995 0.0386707 -0.114332 -0.293683
FixedParameters: 0 0 0

#Transform 130
Transform: AffineTransform_float_3_3
Parameters: 0.999996 0.0014994 -0.00255764 -0.0014941 0.999996 0.00207877 0.00256024 -0.0020752 0.999995 0.0309745 -0.134894 -0.327425
FixedParameters: 0 0 0

#Transform 131
Transform: AffineTransform_float_3_3
Parameters: 0.999996 0.00161093 -0.00259171 -0.00160598 0.999997 0.00198382 0.00259448 -0.00198013 0.999995 0.0256157 -0.0743583 -0.304784
FixedParameters: 0 0 0

#Transform 132
Transform: AffineTransform_float_3_3
Parameters: 0.999996 0.00128409 -0.00249229 -0.00127876 0.999997 0.00207915 0.00249497 -0.00207603 0.999995 0.0397865 -0.139608 -0.312162
FixedParameters: 0 0 0

#Transform 133
Transform: AffineTransform_float_3_3
Parameters: 0.999996 0.0016884 -0.00249155 -0.0016831 0.999996 0.00213215 0.00249512 -0.00212756 0.999994 0.0355117 -0.0656913 -0.325876
FixedParameters: 0 0 0

#Transform 134
Transform: AffineTransform_float_3_3
Parameters: 0.999996 0.00159166 -0.00258539 -0.00158667 0.999996 0.0021816 0.002589 -0.00217802 0.999994 0.0379942 -0.134694 -0.269315
FixedParameters: 0 0 0

#Transform 135
Transform: AffineTransform_float_3_3
Parameters: 0.999996 0.00167746 -0.00251033 -0.0016739 0.999998 0.00121635 0.00251305 -0.00121122 0.999996 0.0295862 -0.0412679 -0.341151
FixedParameters: 0 0 0

#Transform 136
Transform: AffineTransform_float_3_3
Parameters: 0.999995 0.00144979 -0.00254225 -0.00144379 0.999997 0.00222582 0.00254508 -0.00222228 0.999994 0.0421768 -0.160589 -0.254567
FixedParameters: 0 0 0

#Transform 137
Transform: AffineTransform_float_3_3
Parameters: 0.999996 0.00162066 -0.00259474 -0.00161585 0.999997 0.00195485 0.00259744 -0.00195027 0.999995 0.0220183 -0.083994 -0.368383
FixedParameters: 0 0 0

#Transform 138
Transform: AffineTransform_float_3_3
Parameters: 0.999995 0.00173693 -0.00262892 -0.00172997 0.999996 0.00239233 0.00263265 -0.00238785 0.999994 0.0504182 -0.135038 -0.259991
FixedParameters: 0 0 0

#Transform 139
Transform: AffineTransform_float_3_3
Parameters: 0.999995 0.00142145 -0.00282864 -0.00141426 0.999996 0.00255001 0.00283286 -0.00254607 0.999993 0.0326264 -0.097817 -0.357171
FixedParameters: 0 0 0

#Transform 140
Transform: AffineTransform_float_3_3
Parameters: 0.999998 0.00174403 -0.0015596 -0.00174342 0.999998 0.000703394 0.0015604 -0.000701542 0.999999 -0.0131695 0.0946055 -1.38448
FixedParameters: 0 0 0

#Transform 141
Transform: AffineTransform_float_3_3
Parameters: 0.999995 0.00310894 -0.000766929 -0.00310686 0.999993 0.00206601 0.000772725 -0.00206316 0.999997 -0.0834088 -0.15964 -0.609434
FixedParameters: 0 0 0

#Transform 142
Transform: AffineTransform_float_3_3
Parameters: 0.999989 0.00373974 -0.00285857 -0.00372562 0.999982 0.00471527 0.00287573 -0.00470455 0.999984 -0.115647 -0.192063 -0.151454
FixedParameters: 0 0 0

#Transform 143
Transform: AffineTransform_float_3_3
Parameters: 0.999987 0.00422977 -0.00305641 -0.00421675 0.999982 0.00423747 0.00307407 -0.00422422 0.999986 -0.140206 -0.0329399 -0.278296
FixedParameters: 0 0 0

#Transform 144
Transform: AffineTransform_float_3_3
Parameters: 0.999985 0.00404752 -0.00365877 -0.0040316 0.999983 0.0043729 0.00367591 -0.00435781 0.999984 -0.128574 -0.0632036 -0.186155
FixedParameters: 0 0 0

#Transform 145
Transform: AffineTransform_float_3_3
Parameters: 0.999985 0.00403096 -0.00372149 -0.00401666 0.999984 0.00400547 0.00373742 -0.00399027 0.999985 -0.127969 -0.0634657 -0.187837
FixedParameters: 0 0 0

#Transform 146
Transform: AffineTransform_float_3_3
Parameters: 0.999984 0.00401157 -0.00378694 -0.00399687 0.999984 0.00395165 0.00380325 -0.00393608 0.999985 -0.152923 -0.00215918 -0.199095
FixedParameters: 0 0 0

#Transform 147
Transform: AffineTransform_float_3_3
Parameters: 0.999984 0.00383703 -0.00412481 -0.0038181 0.999982 0.00459318 0.00414267 -0.00457742 0.999981 -0.142764 -0.0452622 -0.177156
FixedParameters: 0 0 0

#Transform 148
Transform: AffineTransform_float_3_3
Parameters: 0.999982 0.00431539 -0.00396523 -0.00429518 0.999978 0.00508214 0.00398787 -0.00506544 0.999979 -0.14914 -0.0529164 -0.202722
FixedParameters: 0 0 0

#Transform 149
Transform: AffineTransform_float_3_3
Parameters: 0.999984 0.00377705 -0.00423661 -0.00376016 0.999985 0.00390739 0.00425101 -0.00389075 0.999983 -0.143418 -0.0505006 -0.209725
FixedParameters: 0 0 0

#Transform 150
Transform: AffineTransform_float_3_3
Parameters: 0.999982 0.00370526 -0.00472494 -0.00368404 0.999983 0.00446107 0.0047412 -0.00444333 0.999979 -0.12575 -0.0410113 -0.152014
FixedParameters: 0 0 0

#Transform 151
Transform: AffineTransform_float_3_3
Parameters: 0.999982 0.00381569 -0.00475867 -0.00379507 0.999983 0.0043685 0.00477518 -0.00435085 0.999979 -0.111373 -0.0514285 -0.133304
FixedParameters: 0 0 0

#Transform 152
Transform: AffineTransform_float_3_3
Parameters: 0.999985 0.00357967 -0.00424772 -0.00356054 0.999984 0.00441704 0.00426388 -0.00440199 0.999981 -0.131157 -0.0364557 -0.244342
FixedParameters: 0 0 0

#Transform 153
Transform: AffineTransform_float_3_3
Parameters: 0.999981 0.00393932 -0.00459881 -0.00391966 0.999983 0.00430962 0.00461564 -0.00429094 0.99998 -0.127614 -0.064638 -0.15856
FixedParameters: 0 0 0

#Transform 154
Transform: AffineTransform_float_3_3
Parameters: 0.999981 0.00381343 -0.00490682 -0.00379182 0.999983 0.00446541 0.00492337 -0.00444664 0.999978 -0.11729 -0.0622556 -0.164475
FixedParameters: 0 0 0

#Transform 155
Transform: AffineTransform_float_3_3
Parameters: 0.999983 0.00387988 -0.00418221 -0.00386752 0.999988 0.00305309 0.00419401 -0.00303742 0.999987 -0.1302 -0.0144767 -0.310958
FixedParameters: 0 0 0

#Transform 156
Transform: AffineTransform_float_3_3
Parameters: 0.999982 0.00392085 -0.00456137 -0.00390441 0.999985 0.00382622 0.00457586 -0.00380885 0.999982 -0.128558 -0.121098 -0.169553
FixedParameters: 0 0 0

#Transform 157
Transform: AffineTransform_float_3_3
Parameters: 0.999982 0.00386992 -0.00472064 -0.00384954 0.999983 0.00437687 0.00473769 -0.00435817 0.999979 -0.139804 -0.0443124 -0.277978
FixedParameters: 0 0 0

#Transform 158
Transform: AffineTransform_float_3_3
Parameters: 0.999983 0.00368446 -0.0044902 -0.00366754 0.999986 0.00379997 0.00450338 -0.00378392 0.999983 -0.134911 -0.0482855 -0.193946
FixedParameters: 0 0 0

#Transform 159
Transform: AffineTransform_float_3_3
Parameters: 0.999981 0.00392875 -0.00472414 -0.00391026 0.999985 0.00391244 0.00473937 -0.00389455 0.999981 -0.147325 -0.0813263 -0.223713
FixedParameters: 0 0 0

#Transform 160
Transform: AffineTransform_float_3_3
Parameters: 0.999983 0.00396472 -0.00437549 -0.00394668 0.999985 0.0039512 0.00439072 -0.00393465 0.999983 -0.139786 0.00264444 -0.150999
FixedParameters: 0 0 0

#Transform 161
Transform: AffineTransform_float_3_3
Parameters: 0.999979 0.00402826 -0.00502016 -0.00400813 0.999984 0.00397272 0.00503595 -0.00395233 0.999979 -0.143177 -0.0483055 -0.18567
FixedParameters: 0 0 0

#Transform 162
Transform: AffineTransform_float_3_3
Parameters: 0.999981 0.00406212 -0.00449122 -0.00404293 0.999982 0.00439221 0.00450882 -0.00437382 0.99998 -0.156886 0.00784303 -0.18238
FixedParameters: 0 0 0

#Transform 163
Transform: AffineTransform_float_3_3
Parameters: 0.999981 0.00403172 -0.00479312 -0.00400905 0.999981 0.00461122 0.00481154 -0.00459179 0.999978 -0.144149 -0.0892891 -0.146471
FixedParameters: 0 0 0

#Transform 164
Transform: AffineTransform_float_3_3
Parameters: 0.99998 0.00435634 -0.00470296 -0.00433878 0.999983 0.00386423 0.0047201 -0.00384358 0.999982 -0.168133 0.0244078 -0.202229
FixedParameters: 0 0 0

#Transform 165
Transform: AffineTransform_float_3_3
Parameters: 0.999976 0.00427734 -0.00539509 -0.00425274 0.999981 0.00448678 0.00541429 -0.00446316 0.999976 -0.155355 -0.0785773 -0.10797
FixedParameters: 0 0 0

#Transform 166
Transform: AffineTransform_float_3_3
Parameters: 0.999978 0.00437365 -0.00508999 -0.00435562 0.999984 0.00359361 0.00510583 -0.00357136 0.999981 -0.184418 0.0401843 -0.144717
FixedParameters: 0 0 0

#Transform 167
Transform: AffineTransform_float_3_3
Parameters: 0.999975 0.00418888 -0.0056961 -0.00416623 0.999983 0.00400611 0.00571334 -0.00398286 0.999976 -0.145628 -0.0666001 -0.100902
FixedParameters: 0 0 0

#Transform 168
Transform: AffineTransform_float_3_3
Parameters: 0.999978 0.00424121 -0.00520989 -0.00421808 0.999981 0.00447598 0.00522963 -0.00445347 0.999977 -0.17142 -0.009695 -0.166212
FixedParameters: 0 0 0

#Transform 169
Transform: AffineTransform_float_3_3
Parameters: 0.999977 0.00432635 -0.00523732 -0.00430494 0.999982 0.00417073 0.00525583 -0.00414822 0.999977 -0.170787 -0.0440766 -0.127773
FixedParameters: 0 0 0

#Transform 170
Transform: AffineTransform_float_3_3
Parameters: 0.999975 0.00443666 -0.00537061 -0.0044135 0.99998 0.00437458 0.00539023 -0.00435082 0.999976 -0.168799 -0.0635376 -0.137814
FixedParameters: 0 0 0

#Transform 171
Transform: AffineTransform_float_3_3
Parameters: 0.999978 0.00436754 -0.00510837 -0.00434823 0.999984 0.00370528 0.00512513 -0.00368267 0.99998 -0.174418 -0.00830687 -0.171205
FixedParameters: 0 0 0

#Transform 172
Transform: AffineTransform_float_3_3
Parameters: 0.999977 0.00432638 -0.00523739 -0.00430509 0.999982 0.00415982 0.00525581 -0.00413814 0.999977 -0.171573 -0.0860283 -0.113667
FixedParameters: 0 0 0

#Transform 173
Transform: AffineTransform_float_3_3
Parameters: 0.999977 0.00432778 -0.00524071 -0.00430881 0.999984 0.00367103 0.00525719 -0.00364795 0.99998 -0.166711 -0.00493201 -0.176506
FixedParameters: 0 0 0

#Transform 174
Transform: AffineTransform_float_3_3
Parameters: 0.999975 0.00464685 -0.00533542 -0.00462633 0.999982 0.00392422 0.00535397 -0.00389939 0.999977 -0.151899 -0.0673748 -0.0915557
FixedParameters: 0 0 0

#Transform 175
Transform: AffineTransform_float_3_3
Parameters: 0.999976 0.00416377 -0.00562693 -0.00413772 0.999981 0.00471217 0.00564691 -0.00468809 0.999973 -0.160105 -0.0149696 -0.133522
FixedParameters: 0 0 0

#Transform 176
Transform: AffineTransform_float_3_3
Parameters: 0.999977 0.00438627 -0.00525249 -0.00436245 0.999979 0.00465202 0.00527344 -0.004629 0.999976 -0.170285 0.0300626 -0.140409
FixedParameters: 0 0 0

#Transform 177
Transform: AffineTransform_float_3_3
Parameters: 0.999973 0.0045096 -0.00576912 -0.00448339 0.99998 0.0044485 0.00578934 -0.00442203 0.999974 -0.169533 -0.0610159 -0.0909007
FixedParameters: 0 0 0

#Transform 178
Transform: AffineTransform_float_3_3
Parameters: 0.999974 0.00475624 -0.00552093 -0.00473409 0.99998 0.00408248 0.00554021 -0.00405581 0.999977 -0.170316 0.0339558 -0.156722
FixedParameters: 0 0 0

#Transform 179
Transform: AffineTransform_float_3_3
Parameters: 0.999972 0.00466614 -0.00581753 -0.00464187 0.99998 0.00424782 0.00583725 -0.00422048 0.999974 -0.168368 -0.0646183 -0.0763137
FixedParameters: 0 0 0

#Transform 180
Transform: AffineTransform_float_3_3
Parameters: 0.999976 0.00428827 -0.00542021 -0.00426489 0.999981 0.00432818 0.0054391 -0.00430505 0.999976 -0.172785 -0.0103766 -0.16895
FixedParameters: 0 0 0

#Transform 181
Transform: AffineTransform_float_3_3
Parameters: 0.999974 0.00467828 -0.00555928 -0.00465532 0.99998 0.00421178 0.00557943 -0.00418644 0.999975 -0.172904 -0.0399288 -0.109712
FixedParameters: 0 0 0

#Transform 182
Transform: AffineTransform_float_3_3
Parameters: 0.999972 0.00466584 -0.0058166 -0.00464131 0.999979 0.00437782 0.00583686 -0.00435047 0.999973 -0.168888 -0.0465092 -0.143131
FixedParameters: 0 0 0

#Transform 183
Transform: AffineTransform_float_3_3
Parameters: 0.999973 0.004729 -0.00561598 -0.00470794 0.999982 0.00378086 0.00563379 -0.00375444 0.999977 -0.16073 0.00337555 -0.129527
FixedParameters: 0 0 0

#Transform 184
Transform: AffineTransform_float_3_3
Parameters: 0.999972 0.00466522 -0.00581463 -0.00463871 0.999979 0.00465453 0.0058368 -0.00462776 0.999972 -0.170459 -0.0952484 -0.0856633
FixedParameters: 0 0 0

#Transform 185
Transform: AffineTransform_float_3_3
Parameters: 0.999974 0.0046138 -0.0056235 -0.00459109 0.999981 0.00403262 0.00564212 -0.00400686 0.999976 -0.170601 0.0308661 -0.145259
FixedParameters: 0 0 0

#Transform 186
Transform: AffineTransform_float_3_3
Parameters: 0.999971 0.00459377 -0.00605592 -0.004568 0.99998 0.00438767 0.00607594 -0.00436063 0.999972 -0.175134 -0.085552 -0.097956
FixedParameters: 0 0 0

#Transform 187
Transform: AffineTransform_float_3_3
Parameters: 0.999973 0.00473571 -0.00558341 -0.00471145 0.999979 0.00444747 0.00560465 -0.00442181 0.999974 -0.185935 -0.00849692 -0.172424
FixedParameters: 0 0 0

#Transform 188
Transform: AffineTransform_float_3_3
