#Insight Transform File V1.0
#Transform 0
Transform: AffineTransform_float_3_3
Parameters: 1 0.00017465 0.000334061 -0.000175054 1 0.000605042 -0.00033385 -0.000605158 1 0.0248902 0.0181466 -0.0522857
FixedParameters: 0 0 0

#Transform 1
Transform: AffineTransform_float_3_3
Parameters: 0.999999 0.000774378 -0.000311792 -0.000774875 1 -0.000845039 0.000311479 0.00084546 0.999999 -0.0175042 0.047165 0.134412
FixedParameters: 0 0 0

#Transform 2
Transform: AffineTransform_float_3_3
Parameters: 0.999999 0.000508063 -0.000740725 -0.000508943 0.999999 -0.00059383 0.000740121 0.000594583 0.999999 -0.0381357 -0.00510613 0.142738
FixedParameters: 0 0 0

#Transform 3
Transform: AffineTransform_float_3_3
Parameters: 1 0.000550566 -0.00111091 -0.000552907 0.999998 -0.00196854 0.00110983 0.00196974 0.999998 -0.06264 -0.0823151 0.130401
FixedParameters: 0 0 0

#Transform 4
Transform: AffineTransform_float_3_3
Parameters: 0.999998 0.000115444 -0.00165446 -0.000120449 0.999996 -0.00302561 0.001654 0.00302586 0.999994 -0.0631908 -0.132621 0.0719319
FixedParameters: 0 0 0

#Transform 5
Transform: AffineTransform_float_3_3
Parameters: 0.999999 0.000390148 -0.00120313 -0.000393747 0.999996 -0.00275763 0.0012022 0.00275851 0.999996 -0.0637822 -0.0981238 0.0574918
FixedParameters: 0 0 0

#Transform 6
Transform: AffineTransform_float_3_3
Parameters: 0.999999 0.000297356 -0.00131218 -0.00030055 0.999996 -0.00275433 0.00131173 0.00275501 0.999996 -0.0920039 -0.151213 0.00885174
FixedParameters: 0 0 0

#Transform 7
Transform: AffineTransform_float_3_3
Parameters: 1 0.000265394 -0.00116019 -0.000269008 0.999994 -0.0032973 0.0011597 0.00329782 0.999994 -0.0952814 -0.246617 -0.105802
FixedParameters: 0 0 0

#Transform 8
Transform: AffineTransform_float_3_3
Parameters: 0.999999 0.000380587 -0.00132575 -0.000383734 0.999997 -0.0023305 0.00132511 0.00233145 0.999997 -0.12111 -0.237079 -0.0966334
FixedParameters: 0 0 0

#Transform 9
Transform: AffineTransform_float_3_3
Parameters: 0.999999 0.000111304 -0.00152627 -0.000115955 0.999996 -0.00283579 0.00152582 0.00283603 0.999995 -0.119201 -0.219211 -0.0922101
FixedParameters: 0 0 0

#Transform 10
Transform: AffineTransform_float_3_3
Parameters: 1 0.000366745 -0.00116941 -0.000370558 0.999995 -0.00290076 0.00116751 0.00290056 0.999995 -0.119253 -0.204232 -0.0816287
FixedParameters: 0 0 0

#Transform 11
Transform: AffineTransform_float_3_3
Parameters: 0.999999 0.000380572 -0.00116986 -0.000384335 0.999995 -0.00289519 0.00116788 0.00289602 0.999995 -0.119075 -0.164256 -0.0761036
FixedParameters: 0 0 0

#Transform 12
Transform: AffineTransform_float_3_3
Parameters: 0.999999 0.00043562 -0.00117173 -0.000438771 0.999995 -0.0030511 0.00117026 0.00305096 0.999994 -0.14742 -0.140119 -0.108488
FixedParameters: 0 0 0

#Transform 13
Transform: AffineTransform_float_3_3
Parameters: 0.999999 0.000387515 -0.00150428 -0.000391255 0.999995 -0.00291643 0.00150317 0.00291746 0.999994 -0.154296 -0.198122 -0.110585
FixedParameters: 0 0 0

#Transform 14
Transform: AffineTransform_float_3_3
Parameters: 0.999999 -0.000324015 -0.000763576 0.000321215 0.999995 -0.00312783 0.000764939 0.00312726 0.999995 -0.100179 -0.183702 -0.140412
FixedParameters: 0 0 0

#Transform 15
Transform: AffineTransform_float_3_3
Parameters: 0.999999 -0.000325924 -0.000695742 0.000323398 0.999997 -0.00251546 0.00069659 0.00251497 0.999996 -0.102467 -0.265331 -0.131776
FixedParameters: 0 0 0

#Transform 16
Transform: AffineTransform_float_3_3
Parameters: 1 0.000466152 -0.00111413 -0.00047067 0.99999 -0.0042959 0.00111167 0.0042968 0.99999 -0.15953 -0.207417 -0.158732
FixedParameters: 0 0 0

#Transform 17
Transform: AffineTransform_float_3_3
Parameters: 0.999999 0.000436936 -0.00117215 -0.000441882 0.999991 -0.00426498 0.00116997 0.00426586 0.99999 -0.15919 -0.246788 -0.146724
FixedParameters: 0 0 0

#Transform 18
Transform: AffineTransform_float_3_3
Parameters: 1 0.000250842 -0.00044531 -0.000252845 0.999994 -0.00342104 0.000445035 0.00342122 0.999994 -0.134925 -0.194621 -0.136257
FixedParameters: 0 0 0

#Transform 19
Transform: AffineTransform_float_3_3
Parameters: 0.999999 -0.00012924 -0.000811063 0.000126663 0.999996 -0.0028486 0.000812053 0.00284931 0.999995 -0.143487 -0.298856 -0.197065
FixedParameters: 0 0 0

#Transform 20
Transform: AffineTransform_float_3_3
Parameters: 1 -0.000205879 -0.000215347 0.000204747 0.999996 -0.00257609 0.000215649 0.002576 0.999996 -0.1158 -0.29063 -0.191978
FixedParameters: 0 0 0

#Transform 21
Transform: AffineTransform_float_3_3
Parameters: 1 0.000413021 -0.00054618 -0.000413939 0.999999 -0.00176098 0.000544854 0.0017614 0.999999 -0.129612 -0.233527 -0.203291
FixedParameters: 0 0 0

#Transform 22
Transform: AffineTransform_float_3_3
Parameters: 1 -0.000989704 -0.000161223 0.000989192 0.999999 -0.00148587 0.000163166 0.00148549 0.999999 -0.0704299 -0.310909 -0.284086
FixedParameters: 0 0 0

#Transform 23
Transform: AffineTransform_float_3_3
Parameters: 0.999999 -0.00152314 -0.000145434 0.00152287 0.999999 -0.000952942 0.00014726 0.000953377 0.999999 -0.058257 -0.323898 -0.335181
FixedParameters: 0 0 0

#Transform 24
Transform: AffineTransform_float_3_3
Parameters: 0.999998 -0.00159144 1.59642e-05 0.0015914 0.999998 -0.00169823 -1.35481e-05 0.00169816 0.999998 -0.0788453 -0.381945 -0.418101
FixedParameters: 0 0 0

#Transform 25
Transform: AffineTransform_float_3_3
Parameters: 0.999999 -0.00108101 0.000856689 0.00108182 0.999999 -0.00109732 -0.000855281 0.00109821 0.999999 -0.0519076 -0.383793 -0.436122
FixedParameters: 0 0 0

#Transform 26
Transform: AffineTransform_float_3_3
Parameters: 1 -0.00106015 0.000354033 0.00106044 1 -0.000411921 -0.000353239 0.000412612 1 -0.0261255 -0.308875 -0.411093
FixedParameters: 0 0 0

#Transform 27
Transform: AffineTransform_float_3_3
Parameters: 0.999996 -0.00262467 -0.00011225 0.00262471 0.999996 2.5099e-06 0.000111996 -2.27882e-06 1 0.0254939 -0.489457 -0.434117
FixedParameters: 0 0 0

#Transform 28
Transform: AffineTransform_float_3_3
Parameters: 0.999991 -0.00401014 0.000317691 0.00401021 0.999989 -0.00216886 -0.000308712 0.00216996 0.999998 0.0782577 -0.569414 -0.592554
FixedParameters: 0 0 0

#Transform 29
Transform: AffineTransform_float_3_3
Parameters: 0.999997 -0.00233352 -0.00021187 0.00233291 0.999997 -0.00129693 0.000214771 0.00129676 0.999999 0.0115589 -0.574661 -0.629647
FixedParameters: 0 0 0

#Transform 30
Transform: AffineTransform_float_3_3
Parameters: 0.999994 -0.00339549 0.000233238 0.00339541 0.999994 0.000128295 -0.000233592 -0.000128065 1 0.041255 -0.604945 -0.541254
FixedParameters: 0 0 0

#Transform 31
Transform: AffineTransform_float_3_3
Parameters: 0.999994 -0.0034396 0.000261019 0.00343971 0.999994 -0.000295748 -0.000260457 0.000297188 1 0.0485092 -0.623908 -0.587216
FixedParameters: 0 0 0

#Transform 32
Transform: AffineTransform_float_3_3
Parameters: 0.999993 -0.00394156 0.000244564 0.00394131 0.999992 0.000568857 -0.000246698 -0.000568399 1 0.0651467 -0.668432 -0.560923
FixedParameters: 0 0 0

#Transform 33
Transform: AffineTransform_float_3_3
Parameters: 0.999989 -0.00454434 -0.000228542 0.00454477 0.999989 0.00065124 0.000225798 -0.000652909 0.999999 0.0737829 -0.651384 -0.655007
FixedParameters: 0 0 0

#Transform 34
Transform: AffineTransform_float_3_3
Parameters: 0.999983 -0.00577877 -0.000202481 0.00577959 0.999982 0.0012729 0.000195523 -0.00127417 0.999999 0.0603732 -0.651299 -0.662345
FixedParameters: 0 0 0

#Transform 35
Transform: AffineTransform_float_3_3
Parameters: 0.999985 -0.00512403 -0.00217884 0.00513045 0.999982 0.0030972 0.00216262 -0.0031078 0.999993 0.0108164 -0.576531 -0.653847
FixedParameters: 0 0 0

#Transform 36
Transform: AffineTransform_float_3_3
Parameters: 0.999981 -0.00587407 -0.00211969 0.00587815 0.99998 0.00216494 0.00210725 -0.00217737 0.999996 0.0334175 -0.586028 -0.655112
FixedParameters: 0 0 0

#Transform 37
Transform: AffineTransform_float_3_3
Parameters: 0.999984 -0.00534214 -0.00172341 0.00534659 0.999983 0.0022331 0.00171175 -0.00224201 0.999996 0.0501232 -0.610009 -0.640375
FixedParameters: 0 0 0

#Transform 38
Transform: AffineTransform_float_3_3
Parameters: 0.999991 -0.00415275 -0.00105286 0.00415314 0.999992 8.61901e-05 0.00105247 -9.04227e-05 1 0.0186384 -0.608712 -0.675974
FixedParameters: 0 0 0

#Transform 39
Transform: AffineTransform_float_3_3
Parameters: 0.999992 -0.0041887 -0.000340444 0.004189 0.99999 0.00152303 0.00033412 -0.00152431 0.999999 0.0636013 -0.680304 -0.678032
FixedParameters: 0 0 0

#Transform 40
Transform: AffineTransform_float_3_3
Parameters: 0.999989 -0.00458008 -0.000132095 0.00458055 0.999989 0.00101642 0.000127043 -0.00101622 1 0.0915907 -0.721427 -0.73994
FixedParameters: 0 0 0

#Transform 41
Transform: AffineTransform_float_3_3
Parameters: 0.999989 -0.0046087 -0.000328978 0.00460903 0.999988 0.00159409 0.000321633 -0.00159566 0.999999 0.0794296 -0.718969 -0.752658
FixedParameters: 0 0 0

#Transform 42
Transform: AffineTransform_float_3_3
Parameters: 0.999989 -0.00459629 -0.000203294 0.0045971 0.999988 0.0013718 0.000196931 -0.00137226 0.999999 0.0886098 -0.687645 -0.732032
FixedParameters: 0 0 0

#Transform 43
Transform: AffineTransform_float_3_3
Parameters: 0.999989 -0.00462929 0.000266624 0.00462821 0.999986 0.00252006 -0.000278473 -0.00251916 0.999997 0.100245 -0.697786 -0.720743
FixedParameters: 0 0 0

#Transform 44
Transform: AffineTransform_float_3_3
Parameters: 0.999992 -0.00396461 -0.000345077 0.00396437 0.99999 0.00212963 0.000335814 -0.00213069 0.999998 0.0618527 -0.639689 -0.685509
FixedParameters: 0 0 0

#Transform 45
Transform: AffineTransform_float_3_3
Parameters: 0.999992 -0.00397345 5.64264e-05 0.00397245 0.999988 0.00262578 -6.65413e-05 -0.0026257 0.999997 0.0703497 -0.637686 -0.704946
FixedParameters: 0 0 0

#Transform 46
Transform: AffineTransform_float_3_3
Parameters: 0.999991 -0.0043343 0.00031627 0.00433289 0.999987 0.00261207 -0.000328344 -0.00261084 0.999997 0.0904954 -0.641024 -0.738191
FixedParameters: 0 0 0

#Transform 47
Transform: AffineTransform_float_3_3
Parameters: 0.999991 -0.00403225 0.000182019 0.00403113 0.999983 0.00417098 -0.000198553 -0.00417096 0.999991 0.105657 -0.692368 -0.789057
FixedParameters: 0 0 0

#Transform 48
Transform: AffineTransform_float_3_3
Parameters: 0.999992 -0.00399807 0.000582527 0.00399521 0.999985 0.00358204 -0.000596313 -0.00357982 0.999993 0.115219 -0.614285 -0.832318
FixedParameters: 0 0 0

#Transform 49
Transform: AffineTransform_float_3_3
Parameters: 0.999993 -0.00380975 0.000464194 0.00380809 0.999987 0.00315784 -0.000476394 -0.00315568 0.999995 0.110188 -0.587374 -0.702638
FixedParameters: 0 0 0

#Transform 50
Transform: AffineTransform_float_3_3
Parameters: 0.999995 -0.00308723 0.000609007 0.00308569 0.999993 0.00220203 -0.000615806 -0.00219954 0.999998 0.0747642 -0.513532 -0.749086
FixedParameters: 0 0 0

#Transform 51
Transform: AffineTransform_float_3_3
Parameters: 0.999994 -0.00356917 -3.00273e-05 0.0035696 0.99999 0.00277186 2.00406e-05 -0.00277242 0.999996 0.0611432 -0.62453 -0.7662
FixedParameters: 0 0 0

#Transform 52
Transform: AffineTransform_float_3_3
Parameters: 0.999996 -0.00268627 -0.000571023 0.00268873 0.99999 0.00362325 0.00056089 -0.00362441 0.999993 0.0401308 -0.516734 -0.829376
FixedParameters: 0 0 0

#Transform 53
Transform: AffineTransform_float_3_3
Parameters: 0.999995 -0.00317469 -0.000916687 0.00318009 0.99998 0.00538311 0.000899437 -0.00538591 0.999985 0.0239978 -0.721986 -0.942293
FixedParameters: 0 0 0

#Transform 54
Transform: AffineTransform_float_3_3
Parameters: 0.999992 -0.00391598 -0.000323957 0.00391694 0.999979 0.00520412 0.000303764 -0.00520493 0.999986 0.0650854 -0.688337 -0.980994
FixedParameters: 0 0 0

#Transform 55
Transform: AffineTransform_float_3_3
Parameters: 0.999993 -0.00388738 0.000108405 0.00388667 0.999976 0.00577691 -0.000130513 -0.00577639 0.999984 0.0973617 -0.738498 -0.960985
FixedParameters: 0 0 0

#Transform 56
Transform: AffineTransform_float_3_3
Parameters: 0.999991 -0.00439766 -0.000188032 0.00439819 0.999977 0.00516499 0.000164974 -0.00516606 0.999986 0.0891072 -0.713888 -1.02142
FixedParameters: 0 0 0

#Transform 57
Transform: AffineTransform_float_3_3
Parameters: 0.999991 -0.00409081 9.44882e-05 0.00409077 0.999991 0.000412342 -9.65089e-05 -0.000412039 1 0.0746735 -0.954143 -1.25746
FixedParameters: 0 0 0

#Transform 58
Transform: AffineTransform_float_3_3
Parameters: 0.999991 -0.00423837 -5.35715e-05 0.00423892 0.999988 0.00239154 4.27791e-05 -0.00239151 0.999997 0.082842 -0.877831 -1.22745
FixedParameters: 0 0 0

#Transform 59
Transform: AffineTransform_float_3_3
Parameters: 0.999991 -0.00413847 0.000347115 0.00413821 0.999989 0.00209753 -0.000355932 -0.00209615 0.999998 0.096056 -0.880036 -1.26676
FixedParameters: 0 0 0

#Transform 60
Transform: AffineTransform_float_3_3
Parameters: 0.999987 -0.0043011 0.00279474 0.00429021 0.999983 0.00391924 -0.00281181 -0.0039069 0.999988 0.183888 -0.531064 -0.900674
FixedParameters: 0 0 0

#Transform 61
Transform: AffineTransform_float_3_3
Parameters: 0.999988 -0.00368287 0.00325213 0.00367455 0.999989 0.00279159 -0.00326219 -0.00278014 0.999991 0.171828 -0.598468 -1.08044
FixedParameters: 0 0 0

#Transform 62
Transform: AffineTransform_float_3_3
Parameters: 0.999986 -0.00413391 0.00326031 0.00412134 0.999984 0.00375678 -0.00327567 -0.00374347 0.999988 0.212207 -0.650648 -0.997131
FixedParameters: 0 0 0

#Transform 63
Transform: AffineTransform_float_3_3
Parameters: 0.999988 -0.00434989 0.00235024 0.00434334 0.999987 0.00288712 -0.00236194 -0.00287634 0.999993 0.188628 -0.647504 -1.02872
FixedParameters: 0 0 0

#Transform 64
Transform: AffineTransform_float_3_3
Parameters: 0.999986 -0.00475345 0.00252315 0.00474358 0.99998 0.00414948 -0.00254206 -0.00413836 0.999988 0.214693 -0.641366 -0.976853
FixedParameters: 0 0 0

#Transform 65
Transform: AffineTransform_float_3_3
Parameters: 0.999988 -0.00461754 0.00199178 0.00461693 0.999989 0.000592869 -0.00199416 -0.000584064 0.999998 0.167908 -0.667144 -1.21102
FixedParameters: 0 0 0

#Transform 66
Transform: AffineTransform_float_3_3
Parameters: 0.999987 -0.00467821 0.00217333 0.00467374 0.999986 0.00215549 -0.00218326 -0.0021458 0.999996 0.165147 -0.70843 -1.19454
FixedParameters: 0 0 0

#Transform 67
Transform: AffineTransform_float_3_3
Parameters: 0.999987 -0.00466601 0.00206073 0.00466473 0.999989 0.000484206 -0.00206312 -0.000474523 0.999998 0.168492 -0.706548 -1.20239
FixedParameters: 0 0 0

#Transform 68
Transform: AffineTransform_float_3_3
Parameters: 0.999989 -0.00362123 0.00298341 0.00362216 0.999994 -0.000227228 -0.00298228 0.000237684 0.999995 0.149284 -0.583432 -1.20272
FixedParameters: 0 0 0

#Transform 69
Transform: AffineTransform_float_3_3
Parameters: 0.999988 -0.00347681 0.00355699 0.00348833 0.999989 -0.00314483 -0.00354693 0.00315698 0.999988 0.191513 -0.528181 -1.33945
FixedParameters: 0 0 0

#Transform 70
Transform: AffineTransform_float_3_3
Parameters: 0.999985 -0.00469903 0.00266042 0.00470788 0.999983 -0.00353918 -0.00264321 0.00355203 0.99999 0.195225 -0.77898 -1.39966
FixedParameters: 0 0 0

#Transform 71
Transform: AffineTransform_float_3_3
Parameters: 0.999983 -0.00519413 0.00268335 0.00520264 0.999981 -0.00327749 -0.00266569 0.00329104 0.999991 0.176966 -0.867311 -1.49001
FixedParameters: 0 0 0

#Transform 72
Transform: AffineTransform_float_3_3
Parameters: 0.99998 -0.00558814 0.00285123 0.00559934 0.999977 -0.00376798 -0.00282943 0.00378344 0.999989 0.170686 -0.908902 -1.54964
FixedParameters: 0 0 0

#Transform 73
Transform: AffineTransform_float_3_3
Parameters: 0.999979 -0.0058168 0.00272919 0.00582596 0.999978 -0.00317462 -0.00271088 0.00319082 0.999992 0.193189 -0.964237 -1.49936
FixedParameters: 0 0 0

#Transform 74
Transform: AffineTransform_float_3_3
Parameters: 0.999972 -0.00649107 0.00360109 0.00650181 0.999974 -0.00294508 -0.00358183 0.0029682 0.999989 0.29153 -0.861127 -1.4988
FixedParameters: 0 0 0

#Transform 75
Transform: AffineTransform_float_3_3
Parameters: 0.999975 -0.00618095 0.00351374 0.00618752 0.999979 -0.00180619 -0.00350258 0.00182803 0.999992 0.261437 -0.932597 -1.46701
FixedParameters: 0 0 0

#Transform 76
Transform: AffineTransform_float_3_3
Parameters: 0.999971 -0.00665956 0.00346199 0.00666229 0.999977 -0.000967359 -0.00345458 0.00099061 0.999994 0.285042 -0.812838 -1.46322
FixedParameters: 0 0 0

#Transform 77
Transform: AffineTransform_float_3_3
Parameters: 0.999973 -0.00656238 0.00329036 0.00656522 0.999977 -0.000882672 -0.0032853 0.000903973 0.999994 0.288984 -0.84284 -1.38828
FixedParameters: 0 0 0

#Transform 78
Transform: AffineTransform_float_3_3
Parameters: 0.999977 -0.00607134 0.00297431 0.00607812 0.999979 -0.00232928 -0.00296002 0.0023477 0.999993 0.274778 -0.695761 -1.41566
FixedParameters: 0 0 0

#Transform 79
Transform: AffineTransform_float_3_3
Parameters: 0.999976 -0.00611535 0.00322827 0.00611867 0.999981 -0.00112265 -0.0032218 0.0011424 0.999994 0.277617 -0.766939 -1.28974
FixedParameters: 0 0 0

#Transform 80
Transform: AffineTransform_float_3_3
Parameters: 0.999974 -0.00609094 0.00382367 0.0060955 0.999981 -0.00126088 -0.00381651 0.0012839 0.999992 0.30932 -0.795354 -1.3142
FixedParameters: 0 0 0

#Transform 81
Transform: AffineTransform_float_3_3
Parameters: 0.99997 -0.00688954 0.00365628 0.00689581 0.999975 -0.00171037 -0.00364423 0.00173585 0.999992 0.332533 -0.719237 -1.39598
FixedParameters: 0 0 0

#Transform 82
Transform: AffineTransform_float_3_3
Parameters: 0.999973 -0.00605747 0.00425367 0.00606485 0.999981 -0.00171592 -0.00424299 0.00174204 0.999989 0.318491 -0.773354 -1.29702
FixedParameters: 0 0 0

#Transform 83
Transform: AffineTransform_float_3_3
Parameters: 0.99997 -0.00630843 0.00454097 0.00631953 0.999978 -0.00237599 -0.00452595 0.002405 0.999987 0.307594 -0.72101 -1.39778
FixedParameters: 0 0 0

#Transform 84
Transform: AffineTransform_float_3_3
Parameters: 0.999967 -0.00606696 0.00549789 0.00606983 0.999982 -0.000647124 -0.0054933 0.000680679 0.999984 0.409756 -0.510928 -0.736592
FixedParameters: 0 0 0

#Transform 85
Transform: AffineTransform_float_3_3
Parameters: 0.999972 -0.00511178 0.005445 0.00512664 0.999984 -0.00268679 -0.00543076 0.00271503 0.999981 0.417513 -0.174172 -0.867132
FixedParameters: 0 0 0

#Transform 86
Transform: AffineTransform_float_3_3
Parameters: 0.999971 -0.00492522 0.00574849 0.00493787 0.999985 -0.00217266 -0.00573741 0.00220102 0.999981 0.375434 -0.300692 -0.959513
FixedParameters: 0 0 0

#Transform 87
Transform: AffineTransform_float_3_3
Parameters: 0.999973 -0.00521572 0.00508012 0.00523447 0.99998 -0.0037758 -0.00506061 0.00380239 0.99998 0.364132 -0.304087 -1.08959
FixedParameters: 0 0 0

#Transform 88
Transform: AffineTransform_float_3_3
Parameters: 0.999977 -0.00526197 0.0043545 0.00527615 0.999981 -0.00328109 -0.00433721 0.0033041 0.999985 0.346492 -0.352208 -1.06181
FixedParameters: 0 0 0

#Transform 89
Transform: AffineTransform_float_3_3
Parameters: 0.999969 -0.00567056 0.0053835 0.00568434 0.999981 -0.00244334 -0.00536937 0.00247371 0.999983 0.37437 -0.269444 -1.03809
FixedParameters: 0 0 0

#Transform 90
Transform: AffineTransform_float_3_3
Parameters: 0.999975 -0.0057184 0.00403984 0.0057272 0.999981 -0.00236117 -0.00402654 0.00238419 0.999989 0.360327 -0.353371 -1.09493
FixedParameters: 0 0 0

#Transform 91
Transform: AffineTransform_float_3_3
Parameters: 0.999976 -0.00622157 0.00287992 0.00622865 0.999978 -0.00246948 -0.00286525 0.00248756 0.999993 0.395361 -0.347805 -1.21908
FixedParameters: 0 0 0

#Transform 92
Transform: AffineTransform_float_3_3
Parameters: 0.999976 -0.00621628 0.00304584 0.00622316 0.999978 -0.0024684 -0.00303017 0.0024876 0.999993 0.364921 -0.3575 -1.16881
FixedParameters: 0 0 0

#Transform 93
Transform: AffineTransform_float_3_3
Parameters: 0.999977 -0.00627268 0.00221669 0.00627665 0.999979 -0.00176425 -0.00220585 0.00177805 0.999996 0.370918 -0.333471 -1.19244
FixedParameters: 0 0 0

#Transform 94
Transform: AffineTransform_float_3_3
Parameters: 0.999979 -0.00556744 0.00339216 0.00557587 0.999981 -0.00244269 -0.00337868 0.00246113 0.999992 0.368486 -0.31318 -1.14668
FixedParameters: 0 0 0

#Transform 95
Transform: AffineTransform_float_3_3
Parameters: 0.999978 -0.00591034 0.00315521 0.00591483 0.999982 -0.0013316 -0.00314766 0.00135022 0.999994 0.366086 -0.347392 -1.23057
FixedParameters: 0 0 0

#Transform 96
Transform: AffineTransform_float_3_3
Parameters: 0.99998 -0.00561125 0.00305269 0.00561844 0.999982 -0.00232877 -0.0030404 0.00234652 0.999992 0.355155 -0.344665 -1.23069
FixedParameters: 0 0 0

#Transform 97
Transform: AffineTransform_float_3_3
Parameters: 0.999973 -0.006063 0.00415346 0.00608364 0.999968 -0.00513534 -0.00412183 0.00515983 0.999978 0.383521 -0.529932 -1.2951
FixedParameters: 0 0 0

#Transform 98
Transform: AffineTransform_float_3_3
Parameters: 0.999976 -0.00594426 0.00364021 0.0059566 0.999976 -0.00339917 -0.00361933 0.00342114 0.999988 0.36656 -0.380054 -1.24124
FixedParameters: 0 0 0

#Transform 99
Transform: AffineTransform_float_3_3
Parameters: 0.999977 -0.00561671 0.00360699 0.00563245 0.999975 -0.00434711 -0.00358317 0.00436652 0.999984 0.347047 -0.300684 -1.2395
FixedParameters: 0 0 0

#Transform 100
Transform: AffineTransform_float_3_3
Parameters: 0.999976 -0.00615927 0.00336801 0.00617069 0.999975 -0.00354456 -0.00334603 0.00356555 0.999988 0.350391 -0.404422 -1.23871
FixedParameters: 0 0 0

#Transform 101
Transform: AffineTransform_float_3_3
Parameters: 0.999978 -0.00546018 0.00364395 0.00547635 0.999976 -0.0042101 -0.00362095 0.00422986 0.999985 0.299373 -0.370778 -1.25007
FixedParameters: 0 0 0

#Transform 102
Transform: AffineTransform_float_3_3
Parameters: 0.999975 -0.00575865 0.0041264 0.00577781 0.999973 -0.00472318 -0.00409975 0.00474682 0.99998 0.295538 -0.564106 -1.30521
FixedParameters: 0 0 0

#Transform 103
Transform: AffineTransform_float_3_3
Parameters: 0.99998 -0.00534502 0.00343697 0.00535122 0.999984 -0.00206597 -0.00342563 0.00208443 0.999992 0.252758 -0.439334 -1.27112
FixedParameters: 0 0 0

#Transform 104
Transform: AffineTransform_float_3_3
Parameters: 0.999981 -0.00480453 0.00395612 0.00481335 0.999986 -0.00225533 -0.00394492 0.00227437 0.999989 0.26568 -0.3926 -1.15244
FixedParameters: 0 0 0

#Transform 105
Transform: AffineTransform_float_3_3
Parameters: 0.999976 -0.00499151 0.00483135 0.00500687 0.999982 -0.00317741 -0.00481476 0.00320211 0.999983 0.290413 -0.298544 -1.05319
FixedParameters: 0 0 0

#Transform 106
Transform: AffineTransform_float_3_3
Parameters: 0.999973 -0.00476165 0.00563995 0.00477931 0.999984 -0.0031122 -0.00562429 0.0031388 0.999979 0.271451 -0.297556 -1.0332
FixedParameters: 0 0 0

#Transform 107
Transform: AffineTransform_float_3_3
Parameters: 0.999973 -0.00513635 0.00524418 0.00514831 0.999984 -0.00222207 -0.00523279 0.00224838 0.999984 0.287407 -0.225166 -1.11546
FixedParameters: 0 0 0

#Transform 108
Transform: AffineTransform_float_3_3
Parameters: 0.999971 -0.00542257 0.00527467 0.00543016 0.999984 -0.00140729 -0.0052672 0.00143571 0.999985 0.287552 -0.310625 -1.10484
FixedParameters: 0 0 0

#Transform 109
Transform: AffineTransform_float_3_3
Parameters: 0.999975 -0.00536765 0.00453242 0.00538183 0.99998 -0.00316 -0.00451572 0.0031839 0.999985 0.302988 -0.240825 -1.18535
FixedParameters: 0 0 0

#Transform 110
Transform: AffineTransform_float_3_3
Parameters: 0.999977 -0.004923 0.00470801 0.00493748 0.999983 -0.00316543 -0.0046929 0.00318926 0.999984 0.273789 -0.29843 -1.14839
FixedParameters: 0 0 0

#Transform 111
Transform: AffineTransform_float_3_3
Parameters: 0.99998 -0.00448054 0.00450041 0.00449401 0.999985 -0.00295627 -0.004487 0.00297705 0.999985 0.249657 -0.252322 -1.12202
FixedParameters: 0 0 0

#Transform 112
Transform: AffineTransform_float_3_3
Parameters: 0.999975 -0.00479737 0.00516749 0.00480937 0.999985 -0.00244264 -0.00515528 0.0024678 0.999984 0.267923 -0.294862 -1.08737
FixedParameters: 0 0 0

#Transform 113
Transform: AffineTransform_float_3_3
Parameters: 0.999976 -0.00531621 0.0045197 0.00533149 0.99998 -0.00351449 -0.00450141 0.00353887 0.999984 0.269086 -0.299793 -1.23516
FixedParameters: 0 0 0

#Transform 114
Transform: AffineTransform_float_3_3
Parameters: 0.999981 -0.00518504 0.0035032 0.00519001 0.999985 -0.00155241 -0.00349492 0.00157044 0.999992 0.260281 -0.332076 -1.21283
FixedParameters: 0 0 0

#Transform 115
Transform: AffineTransform_float_3_3
Parameters: 0.999977 -0.00536032 0.0041698 0.00537123 0.999982 -0.00277899 -0.00415449 0.00280171 0.999987 0.282197 -0.252556 -1.19711
FixedParameters: 0 0 0

#Transform 116
Transform: AffineTransform_float_3_3
Parameters: 0.999978 -0.00548566 0.00384491 0.00549018 0.999984 -0.00123469 -0.00383836 0.00125555 0.999992 0.288271 -0.375424 -1.27138
FixedParameters: 0 0 0

#Transform 117
Transform: AffineTransform_float_3_3
Parameters: 0.999978 -0.00535418 0.00386672 0.00536442 0.999983 -0.00264098 -0.00385292 0.00266227 0.999989 0.285123 -0.303625 -1.32661
FixedParameters: 0 0 0

#Transform 118
Transform: AffineTransform_float_3_3
Parameters: 0.999976 -0.00540489 0.0042988 0.00541216 0.999984 -0.00179123 -0.00428915 0.00181463 0.999989 0.309494 -0.352493 -1.2458
FixedParameters: 0 0 0

#Transform 119
Transform: AffineTransform_float_3_3
Parameters: 0.999979 -0.00534796 0.00377815 0.00535534 0.999984 -0.00204863 -0.00376796 0.00206884 0.999991 0.287493 -0.325509 -1.30356
FixedParameters: 0 0 0

#Transform 120
Transform: AffineTransform_float_3_3
Parameters: 0.999981 -0.00542243 0.00284534 0.00542559 0.999985 -0.00102457 -0.00283924 0.00104082 0.999995 0.271337 -0.35341 -1.34329
FixedParameters: 0 0 0

#Transform 121
Transform: AffineTransform_float_3_3
Parameters: 0.999981 -0.00519472 0.00316842 0.00520256 0.999983 -0.00249791 -0.00315506 0.00251454 0.999992 0.265668 -0.317755 -1.34355
FixedParameters: 0 0 0

#Transform 122
Transform: AffineTransform_float_3_3
Parameters: 0.999981 -0.00514817 0.00341133 0.00514633 0.999987 0.000484238 -0.00341332 -0.000466629 0.999995 0.277085 -0.235324 -1.21298
FixedParameters: 0 0 0

#Transform 123
Transform: AffineTransform_float_3_3
Parameters: 0.999981 -0.00512685 0.00346307 0.00512703 0.999987 2.88092e-05 -0.00346341 -1.08289e-05 0.999994 0.263235 -0.255389 -1.28874
FixedParameters: 0 0 0

#Transform 124
Transform: AffineTransform_float_3_3
Parameters: 0.999989 -0.00400394 0.00225542 0.00400337 0.999992 0.000280847 -0.0022563 -0.000272161 0.999997 0.202207 -0.24472 -1.19474
FixedParameters: 0 0 0

#Transform 125
Transform: AffineTransform_float_3_3
Parameters: 0.999992 -0.00351882 0.00179385 0.00351943 0.999993 3.99413e-05 -0.0017947 -3.36335e-05 0.999998 0.14238 -0.16541 -1.21361
FixedParameters: 0 0 0

#Transform 126
Transform: AffineTransform_float_3_3
Parameters: 0.999987 -0.00464305 0.00186251 0.00464111 0.999989 0.00101679 -0.00186678 -0.00100814 0.999998 0.159155 -0.283565 -1.31658
FixedParameters: 0 0 0

#Transform 127
Transform: AffineTransform_float_3_3
Parameters: 0.999987 -0.00459839 0.00218724 0.00459723 0.99999 0.000178981 -0.00218871 -0.000169371 0.999997 0.158147 -0.284172 -1.40925
FixedParameters: 0 0 0

#Transform 128
Transform: AffineTransform_float_3_3
Parameters: 0.999985 -0.00507243 0.00202127 0.00507175 0.999987 0.000335405 -0.0020227 -0.000325567 0.999998 0.183104 -0.360827 -1.41755
FixedParameters: 0 0 0

#Transform 129
Transform: AffineTransform_float_3_3
Parameters: 0.999986 -0.0049796 0.00136576 0.00498033 0.999987 -0.000751444 -0.00136116 0.000758373 0.999999 0.13001 -0.278461 -1.5487
FixedParameters: 0 0 0

#Transform 130
Transform: AffineTransform_float_3_3
Parameters: 0.999988 -0.0046852 0.00103671 0.00468457 0.999988 0.000734055 -0.0010404 -0.000729953 0.999999 0.132911 -0.513167 -1.47116
FixedParameters: 0 0 0

#Transform 131
Transform: AffineTransform_float_3_3
Parameters: 0.999985 -0.00511715 0.00196981 0.00511627 0.999987 0.000673727 -0.00197276 -0.000663334 0.999998 0.181499 -0.413432 -1.47112
FixedParameters: 0 0 0

#Transform 132
Transform: AffineTransform_float_3_3
Parameters: 0.999978 -0.00576485 0.00317405 0.00575977 0.999982 0.00152826 -0.00318292 -0.00150952 0.999994 0.262522 -0.432227 -1.3758
FixedParameters: 0 0 0

#Transform 133
Transform: AffineTransform_float_3_3
Parameters: 0.999983 -0.00559326 0.00149357 0.00559161 0.999984 0.00117281 -0.00150084 -0.00116503 0.999998 0.143542 -0.567227 -1.55029
FixedParameters: 0 0 0

#Transform 134
Transform: AffineTransform_float_3_3
Parameters: 0.999985 -0.00538069 0.00147739 0.00537517 0.999979 0.00364001 -0.00149727 -0.00363202 0.999992 0.151232 -0.519226 -1.48369
FixedParameters: 0 0 0

#Transform 135
Transform: AffineTransform_float_3_3
Parameters: 0.999987 -0.0049713 0.00146577 0.00496525 0.99998 0.00385202 -0.00148554 -0.00384424 0.999991 0.137497 -0.477402 -1.52955
FixedParameters: 0 0 0

#Transform 136
Transform: AffineTransform_float_3_3
Parameters: 0.999983 -0.00543318 0.00186657 0.00542544 0.999976 0.00427517 -0.00189048 -0.00426484 0.99999 0.171989 -0.542188 -1.52216
FixedParameters: 0 0 0

#Transform 137
Transform: AffineTransform_float_3_3
Parameters: 0.999988 -0.00471549 0.00136212 0.00471019 0.999982 0.00387056 -0.00137994 -0.00386446 0.999992 0.156932 -0.41182 -1.4964
FixedParameters: 0 0 0

#Transform 138
Transform: AffineTransform_float_3_3
Parameters: 0.999988 -0.00465164 0.00137827 0.00464517 0.999977 0.005023 -0.00140198 -0.005016 0.999986 0.186525 -0.368539 -1.37637
FixedParameters: 0 0 0

#Transform 139
Transform: AffineTransform_float_3_3
Parameters: 0.999986 -0.00502593 0.00155043 0.00501993 0.999981 0.00360503 -0.00156921 -0.00359724 0.999992 0.174205 -0.366014 -1.46179
FixedParameters: 0 0 0

#Transform 140
Transform: AffineTransform_float_3_3
Parameters: 0.999989 -0.00423644 0.00180584 0.00423103 0.999986 0.00317598 -0.00182016 -0.00316829 0.999993 0.149761 -0.399705 -1.51508
FixedParameters: 0 0 0

#Transform 141
Transform: AffineTransform_float_3_3
Parameters: 0.999987 -0.00483183 0.00182173 0.00482649 0.999984 0.00313112 -0.00183764 -0.00312229 0.999994 0.188045 -0.38871 -1.56013
FixedParameters: 0 0 0

#Transform 142
Transform: AffineTransform_float_3_3
Parameters: 0.999986 -0.0050205 0.00180493 0.00500649 0.999958 0.0076295 -0.00184338 -0.00762039 0.999969 0.15299 -0.456439 -1.6047
FixedParameters: 0 0 0

#Transform 143
Transform: AffineTransform_float_3_3
Parameters: 0.99999 -0.00446974 0.00104151 0.0044654 0.999982 0.00414528 -0.00106071 -0.00414062 0.999991 0.145272 -0.379656 -1.54065
FixedParameters: 0 0 0

#Transform 144
Transform: AffineTransform_float_3_3
Parameters: 0.999989 -0.00453405 0.00162771 0.00452453 0.999971 0.00611933 -0.0016547 -0.00611239 0.99998 0.142903 -0.431617 -1.53267
FixedParameters: 0 0 0

#Transform 145
Transform: AffineTransform_float_3_3
Parameters: 0.999986 -0.00502091 0.00151493 0.00501335 0.999976 0.00490714 -0.00154034 -0.00489978 0.999987 0.215647 -0.324302 -1.50222
FixedParameters: 0 0 0

#Transform 146
Transform: AffineTransform_float_3_3
Parameters: 0.999984 -0.00551851 0.000770364 0.00551388 0.999962 0.00671408 -0.000807888 -0.00670948 0.999977 0.185396 -0.432205 -1.48686
FixedParameters: 0 0 0

#Transform 147
Transform: AffineTransform_float_3_3
Parameters: 0.999988 -0.00484053 0.000759939 0.00483652 0.999973 0.0056219 -0.000787059 -0.00561829 0.999984 0.170107 -0.341431 -1.49145
FixedParameters: 0 0 0

#Transform 148
Transform: AffineTransform_float_3_3
Parameters: 0.999984 -0.00553285 0.000768864 0.00552774 0.999959 0.00706483 -0.000808224 -0.00706017 0.999975 0.188648 -0.420281 -1.49638
FixedParameters: 0 0 0

#Transform 149
Transform: AffineTransform_float_3_3
Parameters: 0.999983 -0.00568035 0.00142528 0.00567137 0.999965 0.00615123 -0.00146002 -0.00614307 0.99998 0.216429 -0.333483 -1.51395
FixedParameters: 0 0 0

#Transform 150
Transform: AffineTransform_float_3_3
Parameters: 0.999987 -0.00496983 0.000761757 0.00496543 0.99997 0.00589706 -0.000790908 -0.00589322 0.999983 0.142258 -0.277946 -1.49568
FixedParameters: 0 0 0

#Transform 151
Transform: AffineTransform_float_3_3
Parameters: 0.999989 -0.00458443 -0.00111184 0.00459083 0.999973 0.00565174 0.00108571 -0.00565709 0.999984 0.107158 -0.312214 -1.41706
FixedParameters: 0 0 0

#Transform 152
Transform: AffineTransform_float_3_3
Parameters: 0.999989 -0.00475965 -0.0007153 0.00476659 0.999935 0.0103487 0.000666478 -0.0103516 0.999946 0.126873 -0.24331 -1.36802
FixedParameters: 0 0 0

#Transform 153
Transform: AffineTransform_float_3_3
Parameters: 0.999989 -0.0047391 -0.000634599 0.0047457 0.99994 0.00986644 0.000588329 -0.00986961 0.999951 0.115498 -0.155832 -1.10612
FixedParameters: 0 0 0

#Transform 154
Transform: AffineTransform_float_3_3
Parameters: 0.999988 -0.00466437 -0.000879077 0.00467306 0.999934 0.0105692 0.000829448 -0.0105734 0.999944 0.0617145 0.0577638 -1.17866
FixedParameters: 0 0 0

#Transform 155
Transform: AffineTransform_float_3_3
Parameters: 0.999985 -0.00544667 -0.000825267 0.00545581 0.99992 0.011375 0.000763739 -0.011379 0.999935 0.103129 -0.178853 -1.42076
FixedParameters: 0 0 0

#Transform 156
Transform: AffineTransform_float_3_3
Parameters: 0.999979 -0.00635344 -0.00117917 0.00636623 0.999918 0.0110767 0.00110919 -0.0110838 0.999938 0.111581 -0.155638 -1.4088
FixedParameters: 0 0 0

#Transform 157
Transform: AffineTransform_float_3_3
Parameters: 0.999977 -0.00672425 0.000288574 0.00672137 0.999939 0.00876057 -0.00034791 -0.00875865 0.999962 0.185009 -0.261724 -1.33972
FixedParameters: 0 0 0

#Transform 158
Transform: AffineTransform_float_3_3
Parameters: 0.999986 -0.00521061 -1.35614e-05 0.00521046 0.999973 0.00504877 -1.19617e-05 -0.00504852 0.999987 0.189105 -0.0160376 -0.961164
FixedParameters: 0 0 0

#Transform 159
Transform: AffineTransform_float_3_3
Parameters: 0.999981 -0.00588727 0.00187165 0.00587535 0.999963 0.00625137 -0.00190825 -0.00624053 0.999978 0.222754 -0.1234 -1.15735
FixedParameters: 0 0 0

#Transform 160
Transform: AffineTransform_float_3_3
Parameters: 0.999979 -0.00622366 0.00145159 0.00621727 0.999971 0.00439684 -0.00147907 -0.0043879 0.99999 0.235598 -0.178352 -1.34389
FixedParameters: 0 0 0

#Transform 161
Transform: AffineTransform_float_3_3
Parameters: 0.999981 -0.005871 0.00184837 0.00585784 0.999959 0.00694946 -0.00188951 -0.00693898 0.999974 0.252875 -0.149859 -1.07882
FixedParameters: 0 0 0

#Transform 162
Transform: AffineTransform_float_3_3
Parameters: 0.999978 -0.00489076 0.00436373 0.00485977 0.999964 0.00699461 -0.00439762 -0.00697324 0.999966 0.232389 0.056267 -1.00546
FixedParameters: 0 0 0

#Transform 163
Transform: AffineTransform_float_3_3
Parameters: 0.99998 -0.00538683 0.00326328 0.00535925 0.99995 0.00841826 -0.00330867 -0.00840057 0.999959 0.225938 -0.0755233 -1.04811
FixedParameters: 0 0 0

#Transform 164
Transform: AffineTransform_float_3_3
Parameters: 0.999963 -0.00801716 0.00293973 0.00798007 0.999889 0.0125852 -0.00304087 -0.0125615 0.999917 0.258696 -0.290263 -1.63049
FixedParameters: 0 0 0

#Transform 165
Transform: AffineTransform_float_3_3
Parameters: 0.999974 -0.00723269 0.000238244 0.00723081 0.999935 0.00873192 -0.000301426 -0.00873056 0.999962 0.171115 -0.468769 -1.73633
FixedParameters: 0 0 0

#Transform 166
Transform: AffineTransform_float_3_3
Parameters: 0.999965 -0.00840396 0.000967212 0.00839052 0.999881 0.0129198 -0.00107632 -0.0129111 0.999916 0.219379 -0.448143 -1.66023
FixedParameters: 0 0 0

#Transform 167
Transform: AffineTransform_float_3_3
Parameters: 0.999962 -0.00864991 0.00104991 0.00863576 0.999876 0.013215 -0.00116429 -0.0132055 0.999912 0.242714 -0.490676 -1.6657
FixedParameters: 0 0 0

#Transform 168
Transform: AffineTransform_float_3_3
Parameters: 0.999966 -0.00809515 0.00156158 0.00807574 0.999894 0.0120884 -0.00165895 -0.0120749 0.999926 0.236367 -0.360453 -1.66403
FixedParameters: 0 0 0

#Transform 169
Transform: AffineTransform_float_3_3
Parameters: 0.999966 -0.00803428 0.00175082 0.00801147 0.999889 0.0125794 -0.00185217 -0.0125652 0.999919 0.23946 -0.358329 -1.61355
FixedParameters: 0 0 0

#Transform 170
Transform: AffineTransform_float_3_3
Parameters: 0.999975 -0.00674905 0.00193965 0.00673005 0.999932 0.00950838 -0.00200328 -0.00949474 0.999953 0.285253 -0.218381 -0.731889
FixedParameters: 0 0 0

#Transform 171
Transform: AffineTransform_float_3_3
Parameters: 0.999946 -0.00993291 0.00293608 0.00988258 0.999813 0.0166161 -0.00309989 -0.0165859 0.999858 0.632804 0.0593168 0.28007
FixedParameters: 0 0 0

#Transform 172
Transform: AffineTransform_float_3_3
Parameters: 0.999979 -0.00629813 0.00163169 0.00628319 0.999941 0.0088195 -0.00168731 -0.00880826 0.99996 0.428266 -0.0475931 -0.216413
FixedParameters: 0 0 0

#Transform 173
Transform: AffineTransform_float_3_3
Parameters: 0.999973 -0.00683693 0.00240079 0.00681254 0.999924 0.0102412 -0.00247062 -0.0102251 0.999945 0.399847 -0.057006 -0.489833
FixedParameters: 0 0 0

#Transform 174
Transform: AffineTransform_float_3_3
Parameters: 0.999972 -0.00723756 0.00199941 0.00721574 0.999914 0.0109672 -0.00207851 -0.0109521 0.999938 0.405475 -0.112423 -0.507963
FixedParameters: 0 0 0

#Transform 175
Transform: AffineTransform_float_3_3
Parameters: 0.999982 -0.0058953 0.000820569 0.00588617 0.999934 0.00984009 -0.000878961 -0.00983433 0.999951 0.335515 -0.0429639 -0.541382
FixedParameters: 0 0 0

#Transform 176
Transform: AffineTransform_float_3_3
Parameters: 0.999977 -0.00662857 0.0015151 0.00661328 0.999928 0.00999205 -0.00158142 -0.00998137 0.999949 0.367038 -0.103285 -0.526797
FixedParameters: 0 0 0

#Transform 177
Transform: AffineTransform_float_3_3
Parameters: 0.999978 -0.00645548 0.00156498 0.00643924 0.999922 0.0106195 -0.00163328 -0.0106087 0.999942 0.367599 -0.10183 -0.610668
FixedParameters: 0 0 0

#Transform 178
Transform: AffineTransform_float_3_3
Parameters: 0.999975 -0.00643059 0.00273199 0.00639561 0.999903 0.0124071 -0.00281126 -0.0123889 0.999919 0.377606 -0.0820638 -0.614316
FixedParameters: 0 0 0

#Transform 179
Transform: AffineTransform_float_3_3
Parameters: 0.999978 -0.00645894 0.00183967 0.00643773 0.999917 0.0111854 -0.00191189 -0.0111731 0.999936 0.358535 -0.212861 -0.57866
FixedParameters: 0 0 0

#Transform 180
Transform: AffineTransform_float_3_3
Parameters: 0.999977 -0.00648899 0.00194982 0.00646907 0.99993 0.00994678 -0.00201366 -0.00993395 0.999949 0.369392 -0.146138 -0.5642
FixedParameters: 0 0 0

#Transform 181
Transform: AffineTransform_float_3_3
Parameters: 0.999974 -0.00695872 0.00171846 0.00694179 0.99993 0.0095551 -0.00178479 -0.00954373 0.999952 0.403845 -0.213797 -0.587395
FixedParameters: 0 0 0

#Transform 182
Transform: AffineTransform_float_3_3
Parameters: 0.999967 -0.00779917 0.00216292 0.00777871 0.999926 0.00933148 -0.00223553 -0.00931466 0.999954 0.472662 -0.243094 -0.550231
FixedParameters: 0 0 0

#Transform 183
Transform: AffineTransform_float_3_3
Parameters: 0.999967 -0.00661379 0.0047295 0.00657957 0.999951 0.00732005 -0.00477841 -0.00728837 0.999962 0.449862 -0.113448 -0.766579
FixedParameters: 0 0 0

#Transform 184
Transform: AffineTransform_float_3_3
Parameters: 0.999972 -0.00619606 0.00417901 0.00616121 0.999945 0.00850602 -0.00423159 -0.00848015 0.999955 0.394893 -0.183496 -0.928901
FixedParameters: 0 0 0

#Transform 185
Transform: AffineTransform_float_3_3
Parameters: 0.999975 -0.00643206 0.00285372 0.00640545 0.999938 0.00915307 -0.00291196 -0.00913405 0.999954 0.346801 -0.245924 -1.06507
FixedParameters: 0 0 0

#Transform 186
Transform: AffineTransform_float_3_3
Parameters: 0.999979 -0.00582368 0.00281863 0.00579998 0.999948 0.00836997 -0.00286698 -0.00835364 0.999961 0.34403 -0.321653 -1.02627
FixedParameters: 0 0 0

#Transform 187
Transform: AffineTransform_float_3_3
Parameters: 0.999979 -0.00585542 0.00256383 0.00583193 0.999943 0.0089881 -0.00261645 -0.00897257 0.999956 0.321768 -0.242322 -1.04122
FixedParameters: 0 0 0

#Transform 188
Transform: AffineTransform_float_3_3
Parameters: 0.999976 -0.00634599 0.00264009 0.00632232 0.99994 0.00895597 -0.00269639 -0.00893913 0.999956 0.328046 -0.287288 -1.08796
FixedParameters: 0 0 0

#Transform 189
Transform: AffineTransform_float_3_3
