#Insight Transform File V1.0
#Transform 0
Transform: AffineTransform_float_3_3
Parameters: 1 -0.000436942 0.000509773 0.000436771 0.999999 0.00116087 -0.00051081 -0.00116052 0.999999 0.00791286 -0.0504739 -0.0352359
FixedParameters: 0 0 0

#Transform 1
Transform: AffineTransform_float_3_3
Parameters: 1 0.000115521 -2.5501e-05 -0.000115508 1 0.000235831 2.55554e-05 -0.000235825 1 0.0131948 0.0646385 0.0822683
FixedParameters: 0 0 0

#Transform 2
Transform: AffineTransform_float_3_3
Parameters: 0.999998 0.00118617 -0.0011523 -0.00118645 0.999999 -6.12276e-05 0.00115198 6.26414e-05 0.999999 -0.123359 0.125591 -0.0705563
FixedParameters: 0 0 0

#Transform 3
Transform: AffineTransform_float_3_3
Parameters: 0.999998 0.00110531 -0.00111634 -0.00110412 0.999998 0.00110701 0.00111807 -0.00110531 0.999999 -0.153319 0.0914868 -0.0699834
FixedParameters: 0 0 0

#Transform 4
Transform: AffineTransform_float_3_3
Parameters: 0.999999 0.000739279 -0.000590641 -0.000738484 0.999999 0.000933648 0.000591085 -0.000934057 0.999999 -0.0770513 0.0582513 -0.0598371
FixedParameters: 0 0 0

#Transform 5
Transform: AffineTransform_float_3_3
Parameters: 1 0.000722816 -0.000558762 -0.000722372 0.999999 0.00164486 0.000559439 -0.0016443 0.999998 -0.103896 0.0857426 -0.0433577
FixedParameters: 0 0 0

#Transform 6
Transform: AffineTransform_float_3_3
Parameters: 0.999999 0.00064307 -0.00126025 -0.000640979 0.999999 0.00133718 0.00126124 -0.00133633 0.999998 -0.0771971 0.0920154 -0.000724663
FixedParameters: 0 0 0

#Transform 7
Transform: AffineTransform_float_3_3
Parameters: 1 0.000656115 -0.000774625 -0.000656543 0.999999 0.00037916 0.000775145 -0.00037805 0.999999 -0.0753116 0.140883 -0.0273524
FixedParameters: 0 0 0

#Transform 8
Transform: AffineTransform_float_3_3
Parameters: 1 0.000476592 -0.000954011 -0.000475812 0.999999 0.000592625 0.000953447 -0.000592573 0.999999 -0.0774667 0.0777578 -0.032241
FixedParameters: 0 0 0

#Transform 9
Transform: AffineTransform_float_3_3
Parameters: 1 0.000516937 -0.0009626 -0.000516448 1 0.000869103 0.000962755 -0.000867977 0.999999 -0.0829435 0.130445 -0.065956
FixedParameters: 0 0 0

#Transform 10
Transform: AffineTransform_float_3_3
Parameters: 0.999999 -0.000122563 -0.00146089 0.000122707 1 0.000414448 0.00146102 -0.000415197 0.999999 -0.050555 0.124574 -0.104958
FixedParameters: 0 0 0

#Transform 11
Transform: AffineTransform_float_3_3
Parameters: 0.999999 0.000210205 -0.000699375 -0.000209954 1 0.00099521 0.000699242 -0.000994789 1 -0.0455434 0.0517137 -0.0798361
FixedParameters: 0 0 0

#Transform 12
Transform: AffineTransform_float_3_3
Parameters: 1 -3.81875e-05 -0.00107902 3.89709e-05 0.999999 0.000813449 0.00107918 -0.000813022 0.999999 -0.0374353 0.0841646 -0.0919842
FixedParameters: 0 0 0

#Transform 13
Transform: AffineTransform_float_3_3
Parameters: 0.999999 0.000101998 -0.00136294 -0.000101829 1 0.000453511 0.00136327 -0.000453625 0.999999 -0.0507343 0.12203 -0.0745311
FixedParameters: 0 0 0

#Transform 14
Transform: AffineTransform_float_3_3
Parameters: 1 0.00043778 -0.00105677 -0.000437165 1 0.000896623 0.00105683 -0.00089647 0.999999 -0.0670842 0.0780899 -0.0728444
FixedParameters: 0 0 0

#Transform 15
Transform: AffineTransform_float_3_3
Parameters: 0.999999 0.000321481 -0.00119588 -0.00032087 1 0.00115656 0.00119609 -0.00115558 0.999998 -0.0582534 0.0959328 -0.10426
FixedParameters: 0 0 0

#Transform 16
Transform: AffineTransform_float_3_3
Parameters: 0.999999 0.000299343 -0.00133338 -0.00029863 1 0.00107597 0.00133349 -0.00107496 0.999998 -0.0711047 0.13545 -0.105498
FixedParameters: 0 0 0

#Transform 17
Transform: AffineTransform_float_3_3
Parameters: 1 0.000365891 -0.000986521 -0.000364762 1 0.00117237 0.000986634 -0.00117152 0.999999 -0.0576313 0.0641265 -0.0863622
FixedParameters: 0 0 0

#Transform 18
Transform: AffineTransform_float_3_3
Parameters: 0.999999 0.000331953 -0.00119824 -0.000331697 1 0.00104617 0.00119843 -0.00104605 0.999999 -0.069365 0.122623 -0.0871464
FixedParameters: 0 0 0

#Transform 19
Transform: AffineTransform_float_3_3
Parameters: 0.999999 0.0004284 -0.000854974 -0.000428107 1 0.000839008 0.000855141 -0.000838149 1 -0.0689372 0.155535 -0.0959021
FixedParameters: 0 0 0

#Transform 20
Transform: AffineTransform_float_3_3
Parameters: 1 0.000347407 -0.00100183 -0.000346912 0.999999 0.00132271 0.00100222 -0.0013218 0.999998 -0.0608968 0.11282 -0.11471
FixedParameters: 0 0 0

#Transform 21
Transform: AffineTransform_float_3_3
Parameters: 1 0.000504012 -0.00100257 -0.000503018 0.999999 0.00113404 0.00100299 -0.0011338 0.999999 -0.0571072 0.168443 -0.125351
FixedParameters: 0 0 0

#Transform 22
Transform: AffineTransform_float_3_3
Parameters: 0.999999 0.000314481 -0.00124863 -0.00031396 1 0.00110985 0.00124882 -0.00110975 0.999998 -0.047092 0.149003 -0.109548
FixedParameters: 0 0 0

#Transform 23
Transform: AffineTransform_float_3_3
Parameters: 1 0.000332513 -0.000969769 -0.000331679 0.999999 0.00154062 0.000970264 -0.00153975 0.999998 -0.0394218 0.125921 -0.118658
FixedParameters: 0 0 0

#Transform 24
Transform: AffineTransform_float_3_3
Parameters: 1 4.64622e-05 -0.00120818 -4.49953e-05 1 0.00100917 0.00120849 -0.00100897 0.999999 -0.0201208 0.16986 -0.121938
FixedParameters: 0 0 0

#Transform 25
Transform: AffineTransform_float_3_3
Parameters: 0.999999 1.79988e-05 -0.00137396 -1.64863e-05 0.999999 0.000938839 0.00137423 -0.000939183 0.999998 -0.0284298 0.117976 -0.108282
FixedParameters: 0 0 0

#Transform 26
Transform: AffineTransform_float_3_3
Parameters: 0.999999 -6.85572e-05 -0.00123003 6.94904e-05 0.999999 0.000774498 0.00123014 -0.000774156 0.999999 -0.0157932 0.132817 -0.11376
FixedParameters: 0 0 0

#Transform 27
Transform: AffineTransform_float_3_3
Parameters: 0.999998 -8.64319e-05 -0.00167442 8.74793e-05 0.999999 0.000972458 0.00167394 -0.000972593 0.999998 0.0076836 0.163029 -0.100706
FixedParameters: 0 0 0

#Transform 28
Transform: AffineTransform_float_3_3
Parameters: 0.999998 0.000279307 -0.00156262 -0.000278935 0.999999 0.000771742 0.0015635 -0.000771171 0.999998 -0.0027895 0.10458 -0.0933653
FixedParameters: 0 0 0

#Transform 29
Transform: AffineTransform_float_3_3
Parameters: 0.999998 -6.59946e-05 -0.00164411 6.81879e-05 0.999999 0.000978735 0.00164441 -0.00097893 0.999998 -0.00277715 0.134818 -0.133616
FixedParameters: 0 0 0

#Transform 30
Transform: AffineTransform_float_3_3
Parameters: 0.999999 -0.000139376 -0.00152987 0.000139976 1 0.000513673 0.00152994 -0.000513589 0.999998 0.00114257 0.134871 -0.124177
FixedParameters: 0 0 0

#Transform 31
Transform: AffineTransform_float_3_3
Parameters: 0.999999 0.000178204 -0.00171302 -0.000176451 0.999999 0.00145238 0.00171324 -0.00145195 0.999997 -0.0239814 0.0913519 -0.126999
FixedParameters: 0 0 0

#Transform 32
Transform: AffineTransform_float_3_3
Parameters: 0.999998 -3.10641e-05 -0.00207752 3.42867e-05 0.999999 0.00148991 0.00207828 -0.00148985 0.999997 -0.0191641 0.129977 -0.245087
FixedParameters: 0 0 0

#Transform 33
Transform: AffineTransform_float_3_3
Parameters: 0.999998 0.000290444 -0.00170666 -0.000290343 1 0.000342812 0.00170709 -0.000342212 0.999998 -0.0158545 0.133282 -0.226377
FixedParameters: 0 0 0

#Transform 34
Transform: AffineTransform_float_3_3
Parameters: 0.999998 1.67677e-05 -0.00202392 -1.4402e-05 0.999999 0.000848297 0.00202418 -0.000848204 0.999997 -0.00647883 0.0912346 -0.135428
FixedParameters: 0 0 0

#Transform 35
Transform: AffineTransform_float_3_3
Parameters: 0.999998 -0.000110699 -0.00198122 0.000113256 0.999999 0.00144787 0.0019808 -0.00144807 0.999997 -0.0380555 0.143842 -0.164703
FixedParameters: 0 0 0

#Transform 36
Transform: AffineTransform_float_3_3
Parameters: 0.999998 0.000258477 -0.00159891 -0.000257638 1 0.000899878 0.00159982 -0.000899776 0.999998 -0.074955 0.145337 -0.155789
FixedParameters: 0 0 0

#Transform 37
Transform: AffineTransform_float_3_3
Parameters: 0.999998 0.000200283 -0.00158566 -0.000198672 0.999999 0.00151111 0.00158616 -0.00151065 0.999997 -0.0470769 0.083761 -0.144068
FixedParameters: 0 0 0

#Transform 38
Transform: AffineTransform_float_3_3
Parameters: 0.999998 0.000178744 -0.00199097 -0.000177461 1 0.000834353 0.00199172 -0.000833946 0.999997 -0.0677067 0.143532 -0.172654
FixedParameters: 0 0 0

#Transform 39
Transform: AffineTransform_float_3_3
Parameters: 0.999998 0.000554971 -0.0017852 -0.000553694 1 0.000755286 0.00178515 -0.000754976 0.999998 -0.0714349 0.158348 -0.165093
FixedParameters: 0 0 0

#Transform 40
Transform: AffineTransform_float_3_3
Parameters: 0.999998 0.000416172 -0.00192037 -0.000413333 0.999998 0.00190048 0.00192113 -0.00189983 0.999996 -0.0704906 0.107148 -0.151022
FixedParameters: 0 0 0

#Transform 41
Transform: AffineTransform_float_3_3
Parameters: 0.999998 0.000125402 -0.00202376 -0.000122342 0.999998 0.00156561 0.00202407 -0.00156577 0.999997 -0.0790208 0.151741 -0.212822
FixedParameters: 0 0 0

#Transform 42
Transform: AffineTransform_float_3_3
Parameters: 0.999998 0.000513934 -0.0018076 -0.000512728 0.999999 0.000983121 0.00180813 -0.000982429 0.999998 -0.0720018 0.143542 -0.206252
FixedParameters: 0 0 0

#Transform 43
Transform: AffineTransform_float_3_3
Parameters: 0.999998 0.000371872 -0.00159988 -0.000369799 0.999999 0.00133831 0.00160056 -0.00133739 0.999998 -0.0665101 0.092463 -0.189511
FixedParameters: 0 0 0

#Transform 44
Transform: AffineTransform_float_3_3
Parameters: 0.999998 0.000416925 -0.00183853 -0.00041489 1 0.000927909 0.0018386 -0.000927632 0.999998 -0.0455513 0.149076 -0.236882
FixedParameters: 0 0 0

#Transform 45
Transform: AffineTransform_float_3_3
Parameters: 0.999998 0.000679251 -0.00193295 -0.000677458 0.999999 0.00107151 0.00193392 -0.00107005 0.999998 -0.0798814 0.13208 -0.200677
FixedParameters: 0 0 0

#Transform 46
Transform: AffineTransform_float_3_3
Parameters: 0.999998 0.000687582 -0.00172447 -0.000685055 0.999999 0.0014473 0.00172499 -0.00144558 0.999997 -0.0766013 0.104861 -0.18728
FixedParameters: 0 0 0

#Transform 47
Transform: AffineTransform_float_3_3
Parameters: 0.999998 0.000657631 -0.00191974 -0.000654922 0.999999 0.00131725 0.00192098 -0.0013159 0.999997 -0.0739835 0.161113 -0.225756
FixedParameters: 0 0 0

#Transform 48
Transform: AffineTransform_float_3_3
Parameters: 0.999998 0.00076581 -0.00188931 -0.00076344 0.999999 0.00124869 0.00189074 -0.00124738 0.999997 -0.0806711 0.166274 -0.205544
FixedParameters: 0 0 0

#Transform 49
Transform: AffineTransform_float_3_3
Parameters: 0.999998 0.000698413 -0.00203777 -0.000695027 0.999998 0.00172091 0.00203897 -0.00172001 0.999997 -0.0857871 0.123244 -0.190715
FixedParameters: 0 0 0

#Transform 50
Transform: AffineTransform_float_3_3
Parameters: 0.999998 0.000616794 -0.00182198 -0.000613209 0.999998 0.00194117 0.00182333 -0.00193996 0.999996 -0.085665 0.129807 -0.218519
FixedParameters: 0 0 0

#Transform 51
Transform: AffineTransform_float_3_3
Parameters: 0.999997 0.000690575 -0.0020177 -0.00068863 1 0.000770952 0.00201902 -0.000769462 0.999998 -0.0643846 0.158562 -0.213107
FixedParameters: 0 0 0

#Transform 52
Transform: AffineTransform_float_3_3
Parameters: 0.999998 0.000627282 -0.00193726 -0.000624638 0.999999 0.00158302 0.0019382 -0.00158163 0.999997 -0.0834509 0.112074 -0.189324
FixedParameters: 0 0 0

#Transform 53
Transform: AffineTransform_float_3_3
Parameters: 0.999998 0.000612475 -0.00203144 -0.000609601 0.999999 0.00152432 0.00203303 -0.00152291 0.999997 -0.0729798 0.172243 -0.209374
FixedParameters: 0 0 0

#Transform 54
Transform: AffineTransform_float_3_3
Parameters: 0.999998 0.000653592 -0.00195575 -0.00065094 0.999999 0.00127846 0.00195693 -0.00127707 0.999997 -0.0740293 0.168634 -0.210901
FixedParameters: 0 0 0

#Transform 55
Transform: AffineTransform_float_3_3
Parameters: 0.999998 0.000553577 -0.00220154 -0.000549542 0.999998 0.00174029 0.00220225 -0.0017398 0.999996 -0.0851257 0.136668 -0.208862
FixedParameters: 0 0 0

#Transform 56
Transform: AffineTransform_float_3_3
Parameters: 0.999996 0.00161094 -0.00229998 -0.0016075 0.999998 0.00140298 0.00230194 -0.00139888 0.999997 -0.122747 0.217364 -0.217821
FixedParameters: 0 0 0

#Transform 57
Transform: AffineTransform_float_3_3
Parameters: 0.999996 0.00129133 -0.00250246 -0.00128667 0.999997 0.00173791 0.00250482 -0.00173515 0.999996 -0.12994 0.142137 -0.222515
FixedParameters: 0 0 0

#Transform 58
Transform: AffineTransform_float_3_3
Parameters: 0.999995 0.00144934 -0.00276698 -0.0014464 0.999999 0.00106405 0.0027683 -0.00106028 0.999995 -0.134421 0.152545 -0.249317
FixedParameters: 0 0 0

#Transform 59
Transform: AffineTransform_float_3_3
Parameters: 0.999995 0.00152217 -0.0024691 -0.00152067 0.999998 0.000855516 0.0024709 -0.000852284 0.999996 -0.153008 0.172125 -0.213717
FixedParameters: 0 0 0

#Transform 60
Transform: AffineTransform_float_3_3
Parameters: 0.999996 0.0015313 -0.0025966 -0.00152641 0.999997 0.00154859 0.00259861 -0.00154484 0.999995 -0.160169 0.124595 -0.240372
FixedParameters: 0 0 0

#Transform 61
Transform: AffineTransform_float_3_3
Parameters: 0.999996 0.00119748 -0.00256818 -0.00119464 0.999999 0.00105673 0.00257007 -0.00105355 0.999996 -0.145451 0.172971 -0.247688
FixedParameters: 0 0 0

#Transform 62
Transform: AffineTransform_float_3_3
Parameters: 0.999995 0.00132933 -0.00262007 -0.00132615 0.999998 0.00138546 0.00262144 -0.00138261 0.999995 -0.147308 0.129862 -0.218426
FixedParameters: 0 0 0

#Transform 63
Transform: AffineTransform_float_3_3
Parameters: 0.999996 0.00135631 -0.00269173 -0.00135067 0.999997 0.0018059 0.0026943 -0.00180231 0.999995 -0.142159 0.152014 -0.240283
FixedParameters: 0 0 0

#Transform 64
Transform: AffineTransform_float_3_3
Parameters: 0.999994 0.00153499 -0.0028269 -0.0015313 0.999999 0.00100152 0.00282799 -0.000997183 0.999995 -0.144277 0.199503 -0.227727
FixedParameters: 0 0 0

#Transform 65
Transform: AffineTransform_float_3_3
Parameters: 0.999996 0.00144294 -0.00264659 -0.00143833 0.999998 0.00162457 0.00264892 -0.00161973 0.999995 -0.161302 0.151176 -0.225467
FixedParameters: 0 0 0

#Transform 66
Transform: AffineTransform_float_3_3
Parameters: 0.999995 0.00149221 -0.00281025 -0.00148803 0.999998 0.00147049 0.00281232 -0.00146581 0.999995 -0.170384 0.178419 -0.266433
FixedParameters: 0 0 0

#Transform 67
Transform: AffineTransform_float_3_3
Parameters: 0.999995 0.00166653 -0.0024031 -0.00166425 0.999998 0.000616913 0.00240389 -0.000612467 0.999997 -0.167474 0.18958 -0.241803
FixedParameters: 0 0 0

#Transform 68
Transform: AffineTransform_float_3_3
Parameters: 0.999996 0.0015317 -0.00249693 -0.00152723 0.999998 0.00176428 0.00249886 -0.00176113 0.999995 -0.147752 0.135263 -0.242748
FixedParameters: 0 0 0

#Transform 69
Transform: AffineTransform_float_3_3
Parameters: 0.999995 0.00150911 -0.0028195 -0.0015049 0.999998 0.00127843 0.0028218 -0.00127466 0.999996 -0.161866 0.17621 -0.264246
FixedParameters: 0 0 0

#Transform 70
Transform: AffineTransform_float_3_3
Parameters: 0.999996 0.001552 -0.00260264 -0.00154815 0.999998 0.00132769 0.00260401 -0.00132292 0.999996 -0.157659 0.184806 -0.226025
FixedParameters: 0 0 0

#Transform 71
Transform: AffineTransform_float_3_3
Parameters: 0.999996 0.00154342 -0.00249889 -0.00153863 0.999997 0.00157062 0.00250098 -0.00156621 0.999995 -0.157055 0.143461 -0.247088
FixedParameters: 0 0 0

#Transform 72
Transform: AffineTransform_float_3_3
Parameters: 0.999995 0.00171493 -0.00286527 -0.00171157 0.999998 0.00112498 0.00286719 -0.0011203 0.999995 -0.165749 0.21844 -0.264325
FixedParameters: 0 0 0

#Transform 73
Transform: AffineTransform_float_3_3
Parameters: 0.999995 0.00166032 -0.0026848 -0.00165516 0.999996 0.00217847 0.00268824 -0.00217474 0.999994 -0.177895 0.164116 -0.224055
FixedParameters: 0 0 0

#Transform 74
Transform: AffineTransform_float_3_3
Parameters: 0.999994 0.00167319 -0.00301342 -0.00167129 0.999998 0.000800968 0.00301533 -0.000796554 0.999996 -0.182635 0.175128 -0.276055
FixedParameters: 0 0 0

#Transform 75
Transform: AffineTransform_float_3_3
Parameters: 0.999994 0.00178456 -0.00272062 -0.00178432 0.999999 0.000329675 0.00272173 -0.000324377 0.999997 -0.17709 0.166227 -0.247368
FixedParameters: 0 0 0

#Transform 76
Transform: AffineTransform_float_3_3
Parameters: 0.999993 0.00179914 -0.00332899 -0.00179732 0.999998 0.000395675 0.00332997 -0.000389584 0.999994 -0.212801 0.150282 -0.301493
FixedParameters: 0 0 0

#Transform 77
Transform: AffineTransform_float_3_3
Parameters: 0.999992 0.0020175 -0.0034336 -0.00201446 0.999998 0.000754488 0.00343528 -0.000747713 0.999993 -0.20902 0.224365 -0.291727
FixedParameters: 0 0 0

#Transform 78
Transform: AffineTransform_float_3_3
Parameters: 0.999986 0.00287334 -0.00450507 -0.00287799 0.999996 -0.000857776 0.00450222 0.000870545 0.99999 -0.337754 0.138743 -0.37254
FixedParameters: 0 0 0

#Transform 79
Transform: AffineTransform_float_3_3
Parameters: 0.999989 0.00240156 -0.0041552 -0.00239869 0.999997 0.000778292 0.00415749 -0.000768924 0.999991 -0.314918 0.204702 -0.354064
FixedParameters: 0 0 0

#Transform 80
Transform: AffineTransform_float_3_3
Parameters: 0.999989 0.00248452 -0.00406135 -0.00248207 0.999997 0.000625621 0.0040628 -0.00061612 0.999992 -0.297866 0.183109 -0.337235
FixedParameters: 0 0 0

#Transform 81
Transform: AffineTransform_float_3_3
Parameters: 0.99999 0.00217167 -0.0038738 -0.00217058 0.999997 0.000166819 0.00387374 -0.000158253 0.999993 -0.298038 0.170079 -0.343644
FixedParameters: 0 0 0

#Transform 82
Transform: AffineTransform_float_3_3
Parameters: 0.99999 0.00224753 -0.00384984 -0.00224815 0.999998 -0.000237326 0.00384968 0.000245785 0.999993 -0.293779 0.201654 -0.362302
FixedParameters: 0 0 0

#Transform 83
Transform: AffineTransform_float_3_3
Parameters: 0.999989 0.00235017 -0.00399603 -0.00234799 0.999997 0.000558414 0.00399812 -0.00054903 0.999992 -0.286718 0.182431 -0.333817
FixedParameters: 0 0 0

#Transform 84
Transform: AffineTransform_float_3_3
Parameters: 0.999989 0.00245336 -0.00407385 -0.00245057 0.999997 0.000653859 0.00407537 -0.000643649 0.999991 -0.277092 0.173024 -0.336477
FixedParameters: 0 0 0

#Transform 85
Transform: AffineTransform_float_3_3
Parameters: 0.999989 0.00215554 -0.00402453 -0.00215744 0.999998 -0.000386116 0.00402378 0.000394624 0.999992 -0.283222 0.206417 -0.379264
FixedParameters: 0 0 0

#Transform 86
Transform: AffineTransform_float_3_3
Parameters: 0.999989 0.00250525 -0.00413881 -0.00250539 0.999997 -2.16979e-05 0.00413946 3.23632e-05 0.999991 -0.308516 0.165148 -0.371259
FixedParameters: 0 0 0

#Transform 87
Transform: AffineTransform_float_3_3
Parameters: 0.999989 0.00241124 -0.00415177 -0.00240742 0.999997 0.000908738 0.00415372 -0.000898368 0.99999 -0.300689 0.183017 -0.365103
FixedParameters: 0 0 0

#Transform 88
Transform: AffineTransform_float_3_3
Parameters: 0.999988 0.00254071 -0.00418298 -0.00254253 0.999997 -0.000483172 0.004182 0.000494556 0.999991 -0.305254 0.211977 -0.370117
FixedParameters: 0 0 0

#Transform 89
Transform: AffineTransform_float_3_3
Parameters: 0.999989 0.00247421 -0.0041628 -0.00247345 0.999997 0.000240109 0.00416403 -0.000230356 0.999991 -0.300977 0.168972 -0.355798
FixedParameters: 0 0 0

#Transform 90
Transform: AffineTransform_float_3_3
Parameters: 0.999989 0.00246844 -0.00411693 -0.00246648 0.999997 0.000403143 0.00411798 -0.000392726 0.999991 -0.309211 0.187695 -0.384474
FixedParameters: 0 0 0

#Transform 91
Transform: AffineTransform_float_3_3
Parameters: 0.999987 0.00295346 -0.0041175 -0.00295169 0.999995 0.000408822 0.00411881 -0.000396628 0.999992 -0.327822 0.223424 -0.357975
FixedParameters: 0 0 0

#Transform 92
Transform: AffineTransform_float_3_3
Parameters: 0.999988 0.00275827 -0.00387219 -0.00275665 0.999996 0.000243392 0.00387335 -0.00023339 0.999992 -0.298703 0.168189 -0.368865
FixedParameters: 0 0 0

#Transform 93
Transform: AffineTransform_float_3_3
Parameters: 0.999987 0.00283193 -0.00429338 -0.00283228 0.999996 -0.00013363 0.0042932 0.000145979 0.999991 -0.327565 0.202013 -0.413457
FixedParameters: 0 0 0

#Transform 94
Transform: AffineTransform_float_3_3
Parameters: 0.999986 0.002814 -0.00436304 -0.00281434 0.999996 -0.000107617 0.00436205 0.000120243 0.999991 -0.325512 0.196877 -0.387476
FixedParameters: 0 0 0

#Transform 95
Transform: AffineTransform_float_3_3
Parameters: 0.999985 0.00324295 -0.00450659 -0.00323911 0.999995 0.000791203 0.00450856 -0.000776155 0.99999 -0.351884 0.17352 -0.364867
FixedParameters: 0 0 0

#Transform 96
Transform: AffineTransform_float_3_3
Parameters: 0.999984 0.00329598 -0.00474625 -0.00329722 0.999995 -0.000293658 0.00474511 0.000309731 0.999989 -0.365419 0.230121 -0.375975
FixedParameters: 0 0 0

#Transform 97
Transform: AffineTransform_float_3_3
Parameters: 0.999985 0.00320291 -0.00444369 -0.00320168 0.999994 0.000237106 0.00444374 -0.00022266 0.99999 -0.358306 0.181305 -0.371355
FixedParameters: 0 0 0

#Transform 98
Transform: AffineTransform_float_3_3
Parameters: 0.999984 0.00311948 -0.0046943 -0.00311642 0.999995 0.000556619 0.00469557 -0.000541706 0.999989 -0.35152 0.207439 -0.416766
FixedParameters: 0 0 0

#Transform 99
Transform: AffineTransform_float_3_3
Parameters: 0.999985 0.00283573 -0.00469451 -0.00283453 0.999996 0.000194341 0.00469529 -0.000180937 0.999989 -0.350638 0.213649 -0.393813
FixedParameters: 0 0 0

#Transform 100
Transform: AffineTransform_float_3_3
Parameters: 0.999986 0.00283846 -0.00453945 -0.00283469 0.999995 0.000748392 0.00454171 -0.000736006 0.999989 -0.363922 0.163217 -0.398068
FixedParameters: 0 0 0

#Transform 101
Transform: AffineTransform_float_3_3
Parameters: 0.999984 0.00308446 -0.00479316 -0.00308341 0.999995 0.000291257 0.00479468 -0.000276136 0.999988 -0.369051 0.18618 -0.420691
FixedParameters: 0 0 0

#Transform 102
Transform: AffineTransform_float_3_3
Parameters: 0.999983 0.00344511 -0.00484118 -0.00344226 0.999994 0.000525687 0.00484321 -0.000509383 0.999988 -0.368995 0.217141 -0.400207
FixedParameters: 0 0 0

#Transform 103
Transform: AffineTransform_float_3_3
Parameters: 0.999985 0.00166126 -0.00510829 -0.00166506 0.999998 -0.000779482 0.00510716 0.000788033 0.999986 -0.23668 0.131392 -0.464591
FixedParameters: 0 0 0

#Transform 104
Transform: AffineTransform_float_3_3
Parameters: 0.999983 0.00227075 -0.0053424 -0.0022809 0.999995 -0.00184922 0.00533844 0.00186176 0.999984 -0.308586 0.138355 -0.510578
FixedParameters: 0 0 0

#Transform 105
Transform: AffineTransform_float_3_3
Parameters: 0.999984 0.00244554 -0.00507788 -0.00244925 0.999996 -0.000878476 0.0050766 0.000891171 0.999987 -0.322429 0.112594 -0.47016
FixedParameters: 0 0 0

#Transform 106
Transform: AffineTransform_float_3_3
Parameters: 0.999984 0.00240354 -0.00519279 -0.00240836 0.999996 -0.000932157 0.00519019 0.000944124 0.999986 -0.328415 0.144305 -0.493996
FixedParameters: 0 0 0

#Transform 107
Transform: AffineTransform_float_3_3
Parameters: 0.999984 0.00260995 -0.00502843 -0.00261304 0.999997 -0.000581854 0.00502653 0.000595383 0.999987 -0.297523 0.15045 -0.493889
FixedParameters: 0 0 0

#Transform 108
Transform: AffineTransform_float_3_3
Parameters: 0.999983 0.00248643 -0.00517689 -0.00248713 0.999997 -0.000210817 0.00517627 0.000223483 0.999986 -0.294796 0.123335 -0.503267
FixedParameters: 0 0 0

#Transform 109
Transform: AffineTransform_float_3_3
Parameters: 0.999984 0.0024018 -0.00516255 -0.00240886 0.999996 -0.00149191 0.00515871 0.00150427 0.999986 -0.296372 0.151147 -0.525873
FixedParameters: 0 0 0

#Transform 110
Transform: AffineTransform_float_3_3
Parameters: 0.999984 0.00226925 -0.00515001 -0.00227639 0.999997 -0.00139211 0.00514647 0.00140317 0.999986 -0.294996 0.109354 -0.51553
FixedParameters: 0 0 0

#Transform 111
Transform: AffineTransform_float_3_3
Parameters: 0.999981 0.00242627 -0.00569931 -0.00243589 0.999996 -0.00166094 0.00569535 0.00167508 0.999983 -0.313502 0.113793 -0.574878
FixedParameters: 0 0 0

#Transform 112
Transform: AffineTransform_float_3_3
Parameters: 0.99998 0.00264795 -0.00572384 -0.00265982 0.999995 -0.0021373 0.00571809 0.00215243 0.999982 -0.312953 0.135778 -0.544956
FixedParameters: 0 0 0

#Transform 113
Transform: AffineTransform_float_3_3
Parameters: 0.99998 0.00249402 -0.00565999 -0.00250328 0.999995 -0.001633 0.00565597 0.00164639 0.999982 -0.301992 0.0941154 -0.53493
FixedParameters: 0 0 0

#Transform 114
Transform: AffineTransform_float_3_3
Parameters: 0.99998 0.00223325 -0.00577978 -0.00224797 0.999995 -0.00247253 0.00577443 0.00248573 0.99998 -0.319554 0.136187 -0.60389
FixedParameters: 0 0 0

#Transform 115
Transform: AffineTransform_float_3_3
Parameters: 0.999981 0.00269049 -0.00549501 -0.00270241 0.999994 -0.00224022 0.0054885 0.00225507 0.999983 -0.313061 0.119833 -0.546446
FixedParameters: 0 0 0

#Transform 116
Transform: AffineTransform_float_3_3
Parameters: 0.999982 0.00264507 -0.00549709 -0.00265777 0.999994 -0.00222261 0.00549109 0.00223708 0.999983 -0.310688 0.100249 -0.554118
FixedParameters: 0 0 0

#Transform 117
Transform: AffineTransform_float_3_3
Parameters: 0.999981 0.00256717 -0.00569426 -0.00258188 0.999993 -0.00261843 0.00568802 0.00263356 0.99998 -0.322101 0.127941 -0.584043
FixedParameters: 0 0 0

#Transform 118
Transform: AffineTransform_float_3_3
Parameters: 0.999982 0.00217638 -0.00567832 -0.00218584 0.999996 -0.0016477 0.00567447 0.00166026 0.999983 -0.310181 0.0886533 -0.546346
FixedParameters: 0 0 0

#Transform 119
Transform: AffineTransform_float_3_3
Parameters: 0.999979 0.00260688 -0.00596811 -0.00262208 0.999994 -0.00251223 0.00596129 0.00252838 0.999979 -0.343945 0.114929 -0.613031
FixedParameters: 0 0 0

#Transform 120
Transform: AffineTransform_float_3_3
Parameters: 0.999979 0.00277001 -0.00576222 -0.00278537 0.999992 -0.00262723 0.00575491 0.00264281 0.99998 -0.326105 0.118658 -0.564671
FixedParameters: 0 0 0

#Transform 121
Transform: AffineTransform_float_3_3
Parameters: 0.999979 0.00264927 -0.00585344 -0.00266032 0.999994 -0.00190665 0.005848 0.00192213 0.999981 -0.342339 0.106341 -0.584499
FixedParameters: 0 0 0

#Transform 122
Transform: AffineTransform_float_3_3
Parameters: 0.999978 0.00284086 -0.00600457 -0.00285836 0.999991 -0.00287717 0.00599598 0.00289516 0.999978 -0.345337 0.140637 -0.606109
FixedParameters: 0 0 0

#Transform 123
Transform: AffineTransform_float_3_3
Parameters: 0.999979 0.00293055 -0.00578773 -0.00294275 0.999994 -0.00205557 0.00578226 0.00207214 0.999982 -0.332297 0.0956902 -0.582408
FixedParameters: 0 0 0

#Transform 124
Transform: AffineTransform_float_3_3
Parameters: 0.999977 0.00286939 -0.0061158 -0.00288263 0.999994 -0.00218108 0.00610945 0.00219859 0.999979 -0.332619 0.124807 -0.626662
FixedParameters: 0 0 0

#Transform 125
Transform: AffineTransform_float_3_3
Parameters: 0.999977 0.00289107 -0.00616091 -0.00290617 0.999993 -0.00251142 0.00615422 0.0025292 0.999978 -0.370577 0.146414 -0.611397
FixedParameters: 0 0 0

#Transform 126
Transform: AffineTransform_float_3_3
Parameters: 0.999977 0.00285706 -0.00603289 -0.00286828 0.999994 -0.00186097 0.00602772 0.00187765 0.99998 -0.344596 0.0991124 -0.582871
FixedParameters: 0 0 0

#Transform 127
Transform: AffineTransform_float_3_3
Parameters: 0.999976 0.00288758 -0.00621066 -0.00290413 0.999992 -0.00259088 0.00620257 0.00260895 0.999977 -0.353129 0.137443 -0.639281
FixedParameters: 0 0 0

#Transform 128
Transform: AffineTransform_float_3_3
Parameters: 0.999979 0.00307486 -0.00562781 -0.00309309 0.99999 -0.00317853 0.00561812 0.00319565 0.999979 -0.350815 0.120545 -0.624544
FixedParameters: 0 0 0

#Transform 129
Transform: AffineTransform_float_3_3
Parameters: 0.999976 0.00331181 -0.00621222 -0.00332564 0.999992 -0.00228326 0.00620461 0.00230401 0.999978 -0.389481 0.130846 -0.628445
FixedParameters: 0 0 0

#Transform 130
Transform: AffineTransform_float_3_3
Parameters: 0.999973 0.00314684 -0.00650148 -0.00316995 0.999988 -0.00357883 0.00648968 0.00359976 0.999972 -0.382633 0.147589 -0.676751
FixedParameters: 0 0 0

#Transform 131
Transform: AffineTransform_float_3_3
Parameters: 0.999975 0.00335714 -0.00623609 -0.00337389 0.999991 -0.00260654 0.00622702 0.00262788 0.999977 -0.380259 0.151502 -0.624232
FixedParameters: 0 0 0

#Transform 132
Transform: AffineTransform_float_3_3
Parameters: 0.999977 0.00287574 -0.00617641 -0.00289058 0.999993 -0.00238775 0.00616977 0.00240598 0.999978 -0.375241 0.13709 -0.630021
FixedParameters: 0 0 0

#Transform 133
Transform: AffineTransform_float_3_3
Parameters: 0.999972 0.00330923 -0.00678175 -0.00333435 0.999987 -0.00372885 0.00676913 0.00375079 0.99997 -0.396085 0.146862 -0.687516
FixedParameters: 0 0 0

#Transform 134
Transform: AffineTransform_float_3_3
Parameters: 0.999972 0.00334789 -0.00667191 -0.00337246 0.999988 -0.00359409 0.00665935 0.00361652 0.999971 -0.392432 0.114197 -0.65396
FixedParameters: 0 0 0

#Transform 135
Transform: AffineTransform_float_3_3
Parameters: 0.999974 0.00286004 -0.006556 -0.0028809 0.999991 -0.00311045 0.00654652 0.00312968 0.999974 -0.384603 0.104963 -0.668555
FixedParameters: 0 0 0

#Transform 136
Transform: AffineTransform_float_3_3
Parameters: 0.999971 0.00328522 -0.00697215 -0.00331606 0.999985 -0.00444374 0.00695753 0.0044669 0.999966 -0.400843 0.125492 -0.716979
FixedParameters: 0 0 0

#Transform 137
Transform: AffineTransform_float_3_3
Parameters: 0.999974 0.00341579 -0.00639755 -0.00343515 0.99999 -0.00299439 0.00638701 0.00301542 0.999975 -0.398264 0.116227 -0.678056
FixedParameters: 0 0 0

#Transform 138
Transform: AffineTransform_float_3_3
Parameters: 0.999971 0.00330985 -0.00690662 -0.003335 0.999988 -0.00366218 0.00689443 0.00368538 0.99997 -0.397645 0.123759 -0.734356
FixedParameters: 0 0 0

#Transform 139
Transform: AffineTransform_float_3_3
Parameters: 0.999968 0.0032722 -0.00731483 -0.00330556 0.999984 -0.00469775 0.00729991 0.00472207 0.999962 -0.397406 0.12064 -0.738699
FixedParameters: 0 0 0

#Transform 140
Transform: AffineTransform_float_3_3
Parameters: 0.999969 0.00327795 -0.00710579 -0.00329958 0.99999 -0.00306236 0.00709616 0.00308629 0.99997 -0.401996 0.0992493 -0.703466
FixedParameters: 0 0 0

#Transform 141
Transform: AffineTransform_float_3_3
Parameters: 0.999969 0.00344413 -0.00708204 -0.00346848 0.999989 -0.00335652 0.00707106 0.00338075 0.999969 -0.423339 0.106596 -0.726451
FixedParameters: 0 0 0

#Transform 142
Transform: AffineTransform_float_3_3
Parameters: 0.999968 0.00342494 -0.00722977 -0.0034594 0.999983 -0.00476946 0.0072141 0.00479416 0.999963 -0.410522 0.122672 -0.734127
FixedParameters: 0 0 0

#Transform 143
Transform: AffineTransform_float_3_3
Parameters: 0.999971 0.0033302 -0.00673474 -0.00335501 0.999988 -0.00365349 0.00672189 0.00367643 0.999971 -0.396418 0.100855 -0.696542
FixedParameters: 0 0 0

#Transform 144
Transform: AffineTransform_float_3_3
Parameters: 0.999967 0.00336954 -0.00744456 -0.00339777 0.999987 -0.00380769 0.00743226 0.00383359 0.999965 -0.425417 0.121305 -0.752423
FixedParameters: 0 0 0

#Transform 145
Transform: AffineTransform_float_3_3
Parameters: 0.999966 0.00342741 -0.00750658 -0.00346102 0.999984 -0.00442409 0.00749123 0.00444995 0.999962 -0.417324 0.12195 -0.744717
FixedParameters: 0 0 0

#Transform 146
Transform: AffineTransform_float_3_3
Parameters: 0.99997 0.0034934 -0.00689045 -0.00351721 0.999988 -0.00341169 0.00687876 0.00343484 0.99997 -0.420669 0.0957541 -0.697013
FixedParameters: 0 0 0

#Transform 147
Transform: AffineTransform_float_3_3
Parameters: 0.999966 0.00353157 -0.00736791 -0.00356233 0.999986 -0.00417099 0.0073527 0.00419769 0.999965 -0.440987 0.114672 -0.742087
FixedParameters: 0 0 0

#Transform 148
Transform: AffineTransform_float_3_3
Parameters: 0.999966 0.0035473 -0.00749073 -0.00358074 0.999984 -0.00443353 0.00747501 0.00446019 0.999962 -0.430159 0.130686 -0.745963
FixedParameters: 0 0 0

#Transform 149
Transform: AffineTransform_float_3_3
Parameters: 0.999968 0.00363538 -0.00714581 -0.00365896 0.999988 -0.00341656 0.00713365 0.00344283 0.999969 -0.435217 0.115988 -0.722279
FixedParameters: 0 0 0

#Transform 150
Transform: AffineTransform_float_3_3
Parameters: 0.999965 0.00378303 -0.00747083 -0.0038187 0.999982 -0.00476339 0.00745315 0.00479181 0.999961 -0.439715 0.128273 -0.776081
FixedParameters: 0 0 0

#Transform 151
Transform: AffineTransform_float_3_3
Parameters: 0.999963 0.00377997 -0.00765637 -0.0038131 0.999984 -0.00429442 0.0076395 0.00432311 0.999962 -0.43963 0.130436 -0.742571
FixedParameters: 0 0 0

#Transform 152
Transform: AffineTransform_float_3_3
Parameters: 0.999966 0.00402796 -0.00719557 -0.00405253 0.999986 -0.00347026 0.00718184 0.00349982 0.999968 -0.455979 0.122421 -0.705941
FixedParameters: 0 0 0

#Transform 153
Transform: AffineTransform_float_3_3
Parameters: 0.999966 0.00359739 -0.00754466 -0.00363382 0.999982 -0.00475349 0.00752787 0.00478014 0.99996 -0.437222 0.151138 -0.770288
FixedParameters: 0 0 0

#Transform 154
Transform: AffineTransform_float_3_3
Parameters: 0.999966 0.00376199 -0.0073211 -0.00379643 0.999982 -0.0047061 0.00730348 0.00473409 0.999962 -0.450258 0.121455 -0.742233
FixedParameters: 0 0 0

#Transform 155
Transform: AffineTransform_float_3_3
Parameters: 0.999965 0.00360239 -0.00754294 -0.00363385 0.999985 -0.00418306 0.00752763 0.00421057 0.999963 -0.468229 0.137238 -0.770428
FixedParameters: 0 0 0

#Transform 156
Transform: AffineTransform_float_3_3
Parameters: 0.999964 0.00365071 -0.00767653 -0.00368714 0.999982 -0.00472833 0.00765921 0.00475618 0.999959 -0.462877 0.146037 -0.776919
FixedParameters: 0 0 0

#Transform 157
Transform: AffineTransform_float_3_3
Parameters: 0.999968 0.00359537 -0.00715944 -0.00362316 0.999986 -0.00386124 0.00714525 0.00388725 0.999967 -0.448004 0.137785 -0.729995
FixedParameters: 0 0 0

#Transform 158
Transform: AffineTransform_float_3_3
Parameters: 0.999971 0.00351569 -0.00681605 -0.00353855 0.999989 -0.00329692 0.00680407 0.00332046 0.999971 -0.447751 0.152333 -0.724942
FixedParameters: 0 0 0

#Transform 159
Transform: AffineTransform_float_3_3
Parameters: 0.999968 0.00277118 -0.00747582 -0.00280357 0.999987 -0.00435116 0.00746414 0.00437199 0.999963 -0.37721 0.0947622 -0.776016
FixedParameters: 0 0 0

#Transform 160
Transform: AffineTransform_float_3_3
Parameters: 0.999967 0.00314126 -0.00742577 -0.00317529 0.999985 -0.00450601 0.00741184 0.00452934 0.999962 -0.393283 0.104092 -0.794446
FixedParameters: 0 0 0

#Transform 161
Transform: AffineTransform_float_3_3
Parameters: 0.999968 0.00332833 -0.0072973 -0.00336541 0.999982 -0.00505098 0.00728059 0.00507589 0.999961 -0.398612 0.119012 -0.772559
FixedParameters: 0 0 0

#Transform 162
Transform: AffineTransform_float_3_3
Parameters: 0.999969 0.0031948 -0.00724967 -0.00322288 0.999988 -0.0038822 0.0072365 0.0039048 0.999967 -0.373687 0.09232 -0.725923
FixedParameters: 0 0 0

#Transform 163
Transform: AffineTransform_float_3_3
Parameters: 0.999967 0.00316832 -0.00739766 -0.00320449 0.999983 -0.00488683 0.00738173 0.00491007 0.999961 -0.395707 0.0985981 -0.801639
FixedParameters: 0 0 0

#Transform 164
Transform: AffineTransform_float_3_3
Parameters: 0.999967 0.00321324 -0.00748463 -0.0032459 0.999985 -0.00437273 0.00747052 0.00439708 0.999962 -0.398167 0.121846 -0.764461
FixedParameters: 0 0 0

#Transform 165
Transform: AffineTransform_float_3_3
Parameters: 0.999967 0.00334049 -0.00749366 -0.00336924 0.999986 -0.0038678 0.00748001 0.00389354 0.999964 -0.401466 0.0808933 -0.766803
FixedParameters: 0 0 0

#Transform 166
Transform: AffineTransform_float_3_3
Parameters: 0.999967 0.00345233 -0.00734581 -0.00349092 0.99998 -0.00525789 0.00732716 0.00528292 0.999959 -0.396247 0.105623 -0.830413
FixedParameters: 0 0 0

#Transform 167
Transform: AffineTransform_float_3_3
Parameters: 0.999968 0.00311091 -0.00737583 -0.00314425 0.999985 -0.00447953 0.00736116 0.00450261 0.999962 -0.398096 0.0911277 -0.776641
FixedParameters: 0 0 0

#Transform 168
Transform: AffineTransform_float_3_3
Parameters: 0.999969 0.0032337 -0.00726506 -0.00326423 0.999986 -0.0042084 0.00725113 0.00423141 0.999965 -0.393985 0.0787378 -0.783268
FixedParameters: 0 0 0

#Transform 169
Transform: AffineTransform_float_3_3
Parameters: 0.999965 0.00322152 -0.00771002 -0.0032607 0.999982 -0.00509544 0.00769368 0.00512067 0.999957 -0.408221 0.108615 -0.835014
FixedParameters: 0 0 0

#Transform 170
Transform: AffineTransform_float_3_3
Parameters: 0.999967 0.00348387 -0.00727878 -0.00352149 0.99998 -0.00517007 0.00726045 0.00519475 0.99996 -0.424061 0.102833 -0.795389
FixedParameters: 0 0 0

#Transform 171
Transform: AffineTransform_float_3_3
Parameters: 0.999964 0.00333354 -0.00771793 -0.00336779 0.999985 -0.00439326 0.00770244 0.00441951 0.999961 -0.410127 0.0698352 -0.798159
FixedParameters: 0 0 0

#Transform 172
Transform: AffineTransform_float_3_3
Parameters: 0.999963 0.00334787 -0.00793007 -0.00339085 0.99998 -0.00545558 0.00791129 0.00548201 0.999954 -0.429207 0.106979 -0.842928
FixedParameters: 0 0 0

#Transform 173
Transform: AffineTransform_float_3_3
Parameters: 0.999964 0.0033944 -0.00777695 -0.00342907 0.999984 -0.00440448 0.00776259 0.00443109 0.99996 -0.426482 0.10193 -0.800311
FixedParameters: 0 0 0

#Transform 174
Transform: AffineTransform_float_3_3
Parameters: 0.999965 0.00319754 -0.00781704 -0.00323123 0.999985 -0.00429324 0.00780323 0.00431755 0.99996 -0.419704 0.0767463 -0.843479
FixedParameters: 0 0 0

#Transform 175
Transform: AffineTransform_float_3_3
Parameters: 0.999964 0.00316458 -0.00790943 -0.00320359 0.999982 -0.00486274 0.00789408 0.00488755 0.999957 -0.417804 0.105373 -0.849317
FixedParameters: 0 0 0

#Transform 176
Transform: AffineTransform_float_3_3
Parameters: 0.999968 0.00322752 -0.00731198 -0.00325775 0.999986 -0.0040267 0.00729972 0.00405053 0.999965 -0.404479 0.0765565 -0.819563
FixedParameters: 0 0 0

#Transform 177
Transform: AffineTransform_float_3_3
Parameters: 0.999965 0.00326835 -0.0076935 -0.00331011 0.99998 -0.00543082 0.00767615 0.005456 0.999955 -0.414651 0.094458 -0.895545
FixedParameters: 0 0 0

#Transform 178
Transform: AffineTransform_float_3_3
Parameters: 0.999965 0.00343156 -0.00755239 -0.003466 0.999983 -0.00459846 0.00753652 0.00462447 0.999961 -0.411544 0.0662305 -0.81232
FixedParameters: 0 0 0

#Transform 179
Transform: AffineTransform_float_3_3
Parameters: 0.999963 0.00334884 -0.00797947 -0.00338849 0.999982 -0.00499477 0.00796195 0.00502232 0.999956 -0.420604 0.0814892 -0.888901
FixedParameters: 0 0 0

#Transform 180
Transform: AffineTransform_float_3_3
Parameters: 0.999962 0.00356398 -0.00786034 -0.00360665 0.999979 -0.00549218 0.0078399 0.00552016 0.999954 -0.430644 0.0988455 -0.831073
FixedParameters: 0 0 0

#Transform 181
Transform: AffineTransform_float_3_3
Parameters: 0.999967 0.0032466 -0.00746789 -0.00328348 0.999983 -0.00491231 0.00745275 0.00493667 0.99996 -0.425403 0.0603736 -0.819079
FixedParameters: 0 0 0

#Transform 182
Transform: AffineTransform_float_3_3
Parameters: 0.999966 0.00339364 -0.00757762 -0.00344045 0.999975 -0.00615924 0.00755667 0.00618507 0.999952 -0.41385 0.0978463 -0.874986
FixedParameters: 0 0 0

#Transform 183
Transform: AffineTransform_float_3_3
Parameters: 0.999968 0.00344041 -0.00716168 -0.00347776 0.99998 -0.00526707 0.00714423 0.00529208 0.99996 -0.41977 0.0805824 -0.811608
FixedParameters: 0 0 0

#Transform 184
Transform: AffineTransform_float_3_3
Parameters: 0.999966 0.00341581 -0.00755978 -0.00345479 0.999981 -0.00518881 0.00754161 0.00521421 0.999958 -0.43138 0.0805223 -0.865679
FixedParameters: 0 0 0

#Transform 185
Transform: AffineTransform_float_3_3
Parameters: 0.999963 0.00351495 -0.00794474 -0.00356201 0.999976 -0.00593913 0.00792427 0.00596699 0.999951 -0.441872 0.0841919 -0.863803
FixedParameters: 0 0 0

#Transform 186
Transform: AffineTransform_float_3_3
Parameters: 0.999964 0.00374587 -0.00763575 -0.00378263 0.999982 -0.0047759 0.00761718 0.00480447 0.99996 -0.440699 0.080385 -0.810951
FixedParameters: 0 0 0

#Transform 187
Transform: AffineTransform_float_3_3
Parameters: 0.999961 0.00334682 -0.00816817 -0.00338921 0.999981 -0.0051105 0.00815086 0.00513779 0.999954 -0.456806 0.106888 -0.849683
FixedParameters: 0 0 0

#Transform 188
Transform: AffineTransform_float_3_3
