#!ascii label  , from subject sub-v1s12x0050113_ses-1 vox2ras=TkReg
1406
52486  -46.173  -25.322  27.717 0.0000000000
63306  -56.562  -12.443  22.494 0.0000000000
59906  -48.042  -16.967  25.226 0.0000000000
31901  -18.894  -49.325  47.347 0.0000000000
49902  -42.321  -28.797  32.601 0.0000000000
37336  -34.711  -43.245  47.785 0.0000000000
46492  -37.555  -33.632  46.039 0.0000000000
46543  -43.763  -32.276  41.024 0.0000000000
49824  -44.637  -28.902  39.454 0.0000000000
114139  -25.490  -41.971  42.764 0.0000000000
37303  -30.118  -43.887  48.991 0.0000000000
38200  -30.437  -42.155  42.983 0.0000000000
122979  -34.993  -34.752  40.194 0.0000000000
128782  -38.490  -33.590  40.766 0.0000000000
51537  -49.623  -26.757  33.530 0.0000000000
54903  -51.247  -23.085  31.582 0.0000000000
60815  -53.033  -15.298  24.288 0.0000000000
55842  -46.372  -21.204  26.391 0.0000000000
64192  -53.555  -11.187  16.850 0.0000000000
121215  -15.332  -51.741  48.922 0.0000000000
111888  -47.686  -28.391  36.939 0.0000000000
50760  -44.806  -27.870  30.018 0.0000000000
40585  -33.851  -39.551  41.060 0.0000000000
108026  -35.610  -38.209  46.012 0.0000000000
116529  -50.320  -17.772  31.605 0.0000000000
68045  -58.006  -5.815  13.224 0.0000000000
46569  -41.063  -33.240  37.934 0.0000000000
47328  -42.051  -31.947  37.382 0.0000000000
38197  -27.685  -41.929  43.062 0.0000000000
108468  -36.121  -33.345  38.555 0.0000000000
45762  -38.508  -33.500  38.097 0.0000000000
45723  -41.896  -33.582  41.239 0.0000000000
51558  -48.188  -26.546  30.772 0.0000000000
53246  -51.284  -25.284  32.174 0.0000000000
53269  -48.567  -24.392  29.938 0.0000000000
62480  -54.708  -13.751  23.303 0.0000000000
109688  -55.761  -13.931  26.809 0.0000000000
64898  -57.987  -10.706  21.028 0.0000000000
128911  -16.999  -49.372  44.941 0.0000000000
31057  -17.201  -50.479  48.085 0.0000000000
49007  -43.234  -29.683  35.881 0.0000000000
49846  -46.333  -28.703  37.887 0.0000000000
107691  -45.180  -29.379  34.320 0.0000000000
49892  -46.326  -28.815  33.477 0.0000000000
107574  -43.913  -28.727  31.881 0.0000000000
128079  -32.177  -43.570  48.120 0.0000000000
36432  -31.323  -44.156  49.676 0.0000000000
37294  -33.682  -43.679  49.618 0.0000000000
112390  -35.702  -41.814  49.478 0.0000000000
40623  -31.985  -39.063  38.822 0.0000000000
42373  -33.284  -37.597  37.869 0.0000000000
44882  -36.967  -34.510  43.203 0.0000000000
42297  -36.188  -36.838  42.981 0.0000000000
44862  -36.626  -35.134  45.553 0.0000000000
43110  -36.178  -36.768  49.215 0.0000000000
35545  -22.487  -45.946  44.173 0.0000000000
34587  -24.240  -46.951  47.380 0.0000000000
33584  -23.645  -47.714  50.589 0.0000000000
123259  -46.610  -18.713  26.496 0.0000000000
56660  -48.261  -19.907  29.116 0.0000000000
59026  -49.031  -17.297  28.924 0.0000000000
68875  -59.112  -5.608  11.012 0.0000000000
109510  -18.673  -49.897  50.953 0.0000000000
48059  -44.810  -30.345  43.141 0.0000000000
49803  -44.943  -28.600  41.664 0.0000000000
48107  -43.721  -30.557  39.713 0.0000000000
48993  -42.342  -30.326  36.534 0.0000000000
37358  -25.749  -43.464  45.292 0.0000000000
36450  -27.823  -44.590  48.419 0.0000000000
38150  -27.887  -42.693  45.138 0.0000000000
37363  -30.264  -43.207  45.787 0.0000000000
107074  -32.831  -43.119  45.119 0.0000000000
122184  -33.243  -35.506  38.689 0.0000000000
45760  -34.008  -33.594  39.021 0.0000000000
45729  -36.261  -33.686  40.839 0.0000000000
45693  -38.175  -33.387  43.508 0.0000000000
46522  -40.641  -33.186  44.059 0.0000000000
46515  -43.228  -32.318  44.086 0.0000000000
37393  -23.719  -43.273  42.304 0.0000000000
52313  -50.437  -25.124  37.578 0.0000000000
55651  -53.186  -22.389  39.120 0.0000000000
53220  -52.005  -24.346  35.539 0.0000000000
54095  -53.749  -23.335  34.250 0.0000000000
59909  -51.194  -16.508  25.568 0.0000000000
59871  -50.897  -16.125  28.211 0.0000000000
61568  -53.605  -14.638  27.724 0.0000000000
28501  -10.603  -52.881  52.084 0.0000000000
54162  -45.779  -23.358  26.303 0.0000000000
57484  -44.464  -19.579  24.631 0.0000000000
59928  -47.996  -16.763  23.288 0.0000000000
60824  -49.776  -15.764  22.106 0.0000000000
61633  -52.213  -14.229  21.691 0.0000000000
62513  -54.064  -12.965  20.814 0.0000000000
63343  -55.059  -12.233  19.566 0.0000000000
63354  -52.320  -12.385  18.276 0.0000000000
31019  -16.703  -51.213  52.105 0.0000000000
30182  -14.674  -52.023  52.446 0.0000000000
30180  -12.335  -51.834  53.181 0.0000000000
128698  -49.707  -23.722  42.124 0.0000000000
50669  -45.960  -27.165  41.226 0.0000000000
124983  -48.093  -26.057  40.193 0.0000000000
124591  -49.624  -25.707  38.763 0.0000000000
50713  -48.587  -27.666  35.231 0.0000000000
50748  -47.485  -27.538  31.790 0.0000000000
51578  -45.334  -26.786  28.265 0.0000000000
35494  -30.093  -44.983  50.360 0.0000000000
38984  -32.236  -41.188  41.982 0.0000000000
125159  -34.434  -41.423  44.611 0.0000000000
42333  -35.156  -37.299  40.492 0.0000000000
112198  -35.156  -38.870  43.756 0.0000000000
39688  -35.310  -40.671  46.501 0.0000000000
40466  -35.809  -39.566  49.683 0.0000000000
32717  -18.837  -48.378  44.833 0.0000000000
34609  -20.952  -47.075  45.016 0.0000000000
33618  -20.825  -48.068  47.134 0.0000000000
54926  -47.991  -22.118  29.028 0.0000000000
56621  -50.832  -20.831  31.313 0.0000000000
57379  -52.659  -19.429  33.591 0.0000000000
60721  -50.742  -15.562  31.720 0.0000000000
64171  -56.882  -10.937  18.150 0.0000000000
65745  -57.022  -9.267  17.637 0.0000000000
67262  -57.100  -7.158  16.534 0.0000000000
67277  -56.031  -7.053  14.734 0.0000000000
68834  -58.944  -5.663  15.119 0.0000000000
46576  -39.850  -33.129  36.948 0.0000000000
123173  -40.415  -32.730  36.479 0.0000000000
46595  -39.361  -32.651  35.504 0.0000000000
45780  -37.103  -33.535  37.307 0.0000000000
45781  -38.183  -33.434  37.185 0.0000000000
45763  -39.448  -33.519  38.343 0.0000000000
52459  -47.276  -25.925  29.314 0.0000000000
108218  -48.634  -25.397  30.181 0.0000000000
53292  -46.835  -24.954  28.285 0.0000000000
63295  -56.012  -12.848  23.105 0.0000000000
63285  -57.057  -12.961  24.790 0.0000000000
63297  -57.536  -12.017  23.628 0.0000000000
114924  -57.940  -11.364  23.143 0.0000000000
64147  -57.641  -11.405  21.419 0.0000000000
31910  -17.993  -49.459  46.029 0.0000000000
110486  -17.375  -49.967  46.526 0.0000000000
122149  -18.348  -49.750  47.639 0.0000000000
49869  -42.574  -29.322  34.357 0.0000000000
123686  -44.699  -29.527  35.049 0.0000000000
49889  -43.828  -29.167  33.426 0.0000000000
49904  -44.249  -28.931  32.665 0.0000000000
107575  -42.905  -28.686  31.653 0.0000000000
34569  -26.634  -46.672  49.623 0.0000000000
37334  -33.134  -43.623  47.541 0.0000000000
110273  -33.119  -43.557  48.910 0.0000000000
37308  -33.960  -43.536  48.973 0.0000000000
124415  -34.833  -42.843  49.732 0.0000000000
128343  -34.914  -42.724  48.970 0.0000000000
44874  -37.236  -34.269  44.674 0.0000000000
44873  -37.051  -34.847  44.704 0.0000000000
44863  -37.109  -34.487  45.414 0.0000000000
113349  -36.941  -34.620  47.345 0.0000000000
35527  -25.370  -45.516  46.177 0.0000000000
34578  -25.639  -46.922  48.247 0.0000000000
34567  -25.030  -47.463  48.980 0.0000000000
54054  -51.344  -23.980  41.295 0.0000000000
59052  -47.093  -17.645  26.206 0.0000000000
58238  -47.448  -18.287  27.670 0.0000000000
59881  -48.986  -17.142  27.539 0.0000000000
121648  -44.154  -31.676  42.285 0.0000000000
122421  -44.403  -30.093  41.720 0.0000000000
47304  -43.813  -31.287  40.531 0.0000000000
48134  -42.061  -31.041  36.824 0.0000000000
48156  -41.368  -30.170  35.537 0.0000000000
49005  -41.916  -29.802  35.528 0.0000000000
37374  -25.484  -43.144  44.591 0.0000000000
37359  -26.479  -43.161  45.588 0.0000000000
38163  -26.711  -42.438  44.354 0.0000000000
38199  -29.429  -42.068  42.955 0.0000000000
38185  -28.942  -42.321  43.668 0.0000000000
38167  -30.234  -42.752  44.326 0.0000000000
37364  -31.219  -43.268  45.694 0.0000000000
38187  -31.372  -42.430  43.462 0.0000000000
44941  -32.828  -33.719  38.159 0.0000000000
107584  -37.481  -33.505  39.647 0.0000000000
107582  -35.894  -33.413  39.433 0.0000000000
45730  -37.200  -33.467  40.539 0.0000000000
45704  -37.076  -33.591  42.048 0.0000000000
123561  -38.044  -33.484  42.058 0.0000000000
45694  -39.151  -33.428  43.408 0.0000000000
45721  -39.751  -33.662  41.723 0.0000000000
45735  -42.460  -33.399  40.546 0.0000000000
46531  -42.519  -33.086  42.733 0.0000000000
120259  -43.779  -32.376  41.976 0.0000000000
48058  -44.642  -30.930  43.774 0.0000000000
108006  -24.769  -42.209  42.457 0.0000000000
51521  -50.057  -25.932  35.440 0.0000000000
53215  -51.456  -24.345  36.306 0.0000000000
52370  -50.723  -25.627  34.974 0.0000000000
53258  -51.349  -24.474  31.779 0.0000000000
53237  -52.939  -24.464  33.445 0.0000000000
54101  -52.790  -23.274  32.659 0.0000000000
54897  -53.396  -22.698  33.039 0.0000000000
54896  -52.744  -22.391  32.587 0.0000000000
111305  -51.923  -16.136  25.130 0.0000000000
60784  -52.562  -15.643  26.876 0.0000000000
60795  -53.434  -15.612  25.640 0.0000000000
63260  -56.719  -12.291  27.625 0.0000000000
59946  -49.146  -16.297  22.472 0.0000000000
59960  -49.063  -15.928  21.747 0.0000000000
61631  -50.550  -14.638  21.020 0.0000000000
62510  -51.688  -13.714  20.093 0.0000000000
62498  -52.742  -13.696  21.128 0.0000000000
62523  -52.155  -13.229  19.591 0.0000000000
63340  -52.748  -12.712  19.095 0.0000000000
30231  -15.025  -51.418  47.491 0.0000000000
30212  -14.081  -52.318  49.712 0.0000000000
31011  -18.736  -50.326  53.055 0.0000000000
31034  -17.408  -50.650  50.736 0.0000000000
31010  -17.886  -50.604  53.025 0.0000000000
30166  -15.411  -52.074  54.169 0.0000000000
29359  -14.748  -52.305  54.139 0.0000000000
30171  -13.853  -51.877  52.980 0.0000000000
29364  -13.435  -52.466  53.896 0.0000000000
125024  -12.527  -53.188  53.279 0.0000000000
49812  -44.869  -28.609  40.831 0.0000000000
50668  -45.607  -27.626  41.747 0.0000000000
49813  -45.020  -28.393  40.101 0.0000000000
49847  -47.080  -28.699  37.279 0.0000000000
50694  -46.973  -27.751  38.940 0.0000000000
50695  -47.635  -27.590  38.510 0.0000000000
51477  -48.560  -26.463  39.100 0.0000000000
50701  -48.412  -27.471  37.414 0.0000000000
51497  -49.329  -26.547  37.166 0.0000000000
50707  -48.462  -27.735  36.126 0.0000000000
49917  -45.298  -28.334  31.491 0.0000000000
50729  -46.938  -28.319  32.858 0.0000000000
50747  -45.824  -27.837  30.979 0.0000000000
50762  -46.326  -27.392  30.412 0.0000000000
50772  -45.350  -27.451  29.502 0.0000000000
36451  -28.720  -44.218  48.520 0.0000000000
36429  -28.711  -44.830  49.855 0.0000000000
36441  -29.882  -44.250  49.643 0.0000000000
40596  -33.268  -39.483  40.226 0.0000000000
39747  -32.063  -40.246  40.716 0.0000000000
39733  -33.238  -40.141  41.612 0.0000000000
38948  -33.487  -41.553  43.462 0.0000000000
112112  -33.812  -40.767  43.110 0.0000000000
44068  -33.978  -35.012  39.589 0.0000000000
114717  -34.778  -36.837  39.764 0.0000000000
43195  -35.013  -36.144  40.226 0.0000000000
42276  -35.833  -37.342  44.553 0.0000000000
42285  -35.820  -37.557  43.601 0.0000000000
41424  -35.577  -38.193  45.081 0.0000000000
40520  -34.980  -39.887  45.141 0.0000000000
40504  -35.414  -38.990  46.537 0.0000000000
107849  -35.500  -39.897  47.989 0.0000000000
41392  -35.575  -38.434  48.509 0.0000000000
126000  -41.046  -32.036  46.350 0.0000000000
34626  -21.552  -46.537  44.401 0.0000000000
34595  -21.999  -47.127  46.160 0.0000000000
33632  -20.670  -47.883  46.292 0.0000000000
32627  -23.769  -48.504  52.037 0.0000000000
54946  -46.429  -21.972  26.703 0.0000000000
54150  -47.084  -22.596  27.947 0.0000000000
114337  -47.284  -21.177  27.749 0.0000000000
58203  -49.623  -18.836  30.456 0.0000000000
56653  -49.215  -20.356  30.070 0.0000000000
57422  -50.190  -19.663  30.952 0.0000000000
57395  -51.450  -19.711  32.464 0.0000000000
57394  -51.087  -18.809  32.580 0.0000000000
60748  -51.928  -15.063  29.230 0.0000000000
60747  -51.199  -15.499  29.690 0.0000000000
61531  -51.669  -14.783  30.896 0.0000000000
64169  -54.552  -11.613  17.817 0.0000000000
128685  -56.194  -11.813  19.033 0.0000000000
107820  -55.270  -11.222  17.386 0.0000000000
64938  -56.267  -10.002  16.769 0.0000000000
65750  -55.961  -9.226  16.431 0.0000000000
128971  -56.731  -7.792  16.844 0.0000000000
67261  -56.423  -7.646  16.258 0.0000000000
108296  -55.985  -7.023  12.024 0.0000000000
67286  -55.383  -7.121  13.375 0.0000000000
68044  -57.040  -6.587  13.275 0.0000000000
68038  -57.277  -6.364  14.706 0.0000000000
68046  -58.324  -5.617  13.925 0.0000000000
68844  -58.946  -5.372  13.310 0.0000000000
68076  -60.370  -6.023  11.314 0.0000000000
125393  -42.680  -32.985  39.343 0.0000000000
46571  -42.669  -32.545  38.728 0.0000000000
46570  -41.958  -32.796  38.117 0.0000000000
47335  -40.931  -31.973  36.203 0.0000000000
129823  -26.974  -41.933  43.197 0.0000000000
113891  -36.131  -33.457  37.133 0.0000000000
108467  -37.015  -33.500  38.222 0.0000000000
107583  -38.957  -33.636  39.730 0.0000000000
107735  -39.821  -33.733  40.855 0.0000000000
45744  -39.670  -33.651  39.206 0.0000000000
45746  -41.333  -33.611  39.391 0.0000000000
51559  -49.216  -26.623  31.912 0.0000000000
110683  -50.665  -26.151  33.218 0.0000000000
52418  -49.664  -26.013  31.413 0.0000000000
53256  -49.923  -25.218  31.077 0.0000000000
54121  -49.598  -23.329  30.546 0.0000000000
61599  -54.662  -14.622  24.440 0.0000000000
61589  -54.962  -15.011  25.662 0.0000000000
62455  -56.059  -14.068  25.178 0.0000000000
62447  -56.693  -13.177  26.201 0.0000000000
123585  -58.190  -10.094  20.683 0.0000000000
127624  -16.083  -50.627  46.618 0.0000000000
31045  -16.216  -51.183  48.964 0.0000000000
49843  -43.758  -29.686  37.419 0.0000000000
49836  -44.742  -28.988  38.465 0.0000000000
49852  -45.202  -29.333  36.772 0.0000000000
49853  -46.027  -29.372  36.042 0.0000000000
110380  -46.910  -29.057  35.856 0.0000000000
49861  -47.349  -28.788  35.127 0.0000000000
49872  -46.009  -29.229  34.363 0.0000000000
107939  -44.824  -28.715  32.130 0.0000000000
49930  -44.256  -28.283  30.534 0.0000000000
37318  -30.955  -43.771  48.973 0.0000000000
37304  -30.681  -44.088  49.637 0.0000000000
108144  -31.866  -43.880  49.794 0.0000000000
37293  -32.553  -43.822  49.864 0.0000000000
37288  -35.530  -43.014  50.185 0.0000000000
41515  -33.057  -38.806  38.854 0.0000000000
41508  -34.119  -38.993  40.262 0.0000000000
44899  -36.190  -34.488  41.166 0.0000000000
44040  -36.078  -35.777  41.340 0.0000000000
44035  -36.701  -35.144  42.857 0.0000000000
44029  -36.432  -35.717  44.433 0.0000000000
43146  -35.928  -36.654  45.916 0.0000000000
42259  -35.826  -37.483  47.318 0.0000000000
43990  -36.267  -35.884  47.136 0.0000000000
36497  -23.576  -44.501  43.338 0.0000000000
35546  -23.446  -45.654  44.475 0.0000000000
34586  -23.362  -47.149  47.335 0.0000000000
33595  -23.110  -47.659  48.728 0.0000000000
33610  -24.067  -47.547  48.837 0.0000000000
57466  -46.490  -19.514  26.484 0.0000000000
56665  -47.288  -20.396  27.714 0.0000000000
57454  -47.222  -19.416  27.761 0.0000000000
58214  -48.453  -18.488  29.158 0.0000000000
111046  -49.327  -17.940  30.145 0.0000000000
64934  -52.317  -10.893  16.090 0.0000000000
64936  -54.093  -10.695  16.400 0.0000000000
64944  -52.795  -10.371  15.606 0.0000000000
68073  -56.594  -6.957  11.398 0.0000000000
68062  -58.619  -5.586  12.461 0.0000000000
109332  -57.200  -6.928  10.732 0.0000000000
68887  -59.279  -5.779  10.141 0.0000000000
31893  -19.508  -49.352  48.800 0.0000000000
112936  -18.789  -49.789  49.058 0.0000000000
50648  -45.656  -28.444  43.678 0.0000000000
48926  -44.878  -29.423  42.770 0.0000000000
48947  -44.601  -29.117  41.155 0.0000000000
119985  -44.097  -29.868  38.951 0.0000000000
48106  -43.476  -30.754  38.930 0.0000000000
48969  -43.678  -30.285  38.436 0.0000000000
48970  -43.888  -29.961  38.188 0.0000000000
48994  -43.247  -29.852  36.870 0.0000000000
49020  -42.021  -29.450  34.875 0.0000000000
36459  -25.894  -45.178  46.794 0.0000000000
36449  -27.056  -44.998  48.177 0.0000000000
36471  -27.065  -43.955  47.012 0.0000000000
37329  -27.905  -43.791  47.234 0.0000000000
37347  -29.212  -43.463  46.827 0.0000000000
38164  -27.558  -42.418  44.416 0.0000000000
38151  -28.816  -42.805  45.153 0.0000000000
114772  -29.910  -43.407  46.584 0.0000000000
37348  -30.736  -43.407  46.466 0.0000000000
37350  -32.599  -43.527  46.504 0.0000000000
37351  -33.621  -43.440  46.344 0.0000000000
111196  -33.402  -34.806  39.041 0.0000000000
44053  -34.450  -34.509  39.886 0.0000000000
108497  -34.493  -33.278  38.415 0.0000000000
45743  -35.163  -33.616  39.832 0.0000000000
44906  -35.578  -34.261  40.591 0.0000000000
45718  -36.439  -34.162  41.834 0.0000000000
113739  -36.898  -33.898  42.860 0.0000000000
46510  -37.826  -33.386  45.182 0.0000000000
46494  -38.341  -32.940  45.878 0.0000000000
46511  -38.469  -33.056  44.965 0.0000000000
46512  -40.173  -32.942  44.951 0.0000000000
46497  -41.958  -32.458  45.266 0.0000000000
45707  -40.627  -33.586  42.417 0.0000000000
46514  -42.252  -32.758  44.289 0.0000000000
46498  -42.864  -32.170  44.938 0.0000000000
48049  -44.195  -31.152  45.149 0.0000000000
36498  -24.188  -44.014  43.806 0.0000000000
111071  -51.242  -23.703  38.950 0.0000000000
125988  -51.601  -23.666  37.866 0.0000000000
54079  -52.554  -22.802  37.511 0.0000000000
54872  -53.225  -22.398  36.992 0.0000000000
52372  -52.221  -25.211  34.169 0.0000000000
54094  -53.139  -23.958  34.724 0.0000000000
59907  -49.598  -16.873  25.042 0.0000000000
110264  -50.017  -16.827  26.730 0.0000000000
59897  -51.252  -16.423  26.364 0.0000000000
60763  -52.136  -15.313  28.267 0.0000000000
61546  -53.229  -14.209  29.428 0.0000000000
61570  -55.127  -14.193  27.085 0.0000000000
62430  -54.659  -13.481  28.808 0.0000000000
53324  -44.951  -24.734  26.081 0.0000000000
119556  -45.688  -24.304  26.632 0.0000000000
54177  -44.756  -23.525  25.220 0.0000000000
54960  -44.884  -22.693  25.055 0.0000000000
55853  -45.500  -21.356  25.417 0.0000000000
56688  -45.529  -20.519  25.357 0.0000000000
57475  -45.658  -19.081  25.480 0.0000000000
59069  -45.865  -17.558  24.897 0.0000000000
106925  -46.697  -17.105  24.883 0.0000000000
59917  -48.055  -16.861  24.311 0.0000000000
108414  -49.619  -16.637  23.881 0.0000000000
59931  -50.860  -16.200  23.867 0.0000000000
60813  -51.405  -15.574  23.230 0.0000000000
60856  -49.694  -14.993  21.026 0.0000000000
60838  -50.887  -14.931  21.760 0.0000000000
61613  -52.892  -14.805  23.335 0.0000000000
61624  -53.306  -14.213  22.694 0.0000000000
112366  -54.617  -13.296  22.155 0.0000000000
63322  -55.233  -12.874  21.763 0.0000000000
63334  -56.169  -12.185  20.629 0.0000000000
63332  -54.560  -12.581  20.252 0.0000000000
110789  -53.628  -12.364  18.951 0.0000000000
63366  -52.956  -11.983  17.809 0.0000000000
64190  -51.873  -11.363  16.635 0.0000000000
31880  -18.061  -50.124  49.406 0.0000000000
31046  -16.636  -51.051  50.031 0.0000000000
30205  -16.090  -51.571  50.657 0.0000000000
30174  -16.777  -51.474  54.271 0.0000000000
128344  -16.117  -51.619  52.248 0.0000000000
30204  -15.314  -51.974  50.639 0.0000000000
30202  -13.665  -52.213  50.781 0.0000000000
30191  -12.835  -51.770  51.799 0.0000000000
30179  -11.442  -51.793  52.663 0.0000000000
29368  -11.031  -52.350  52.690 0.0000000000
54052  -50.165  -23.832  41.572 0.0000000000
51454  -47.249  -25.665  42.661 0.0000000000
50685  -46.307  -27.722  39.509 0.0000000000
51467  -46.981  -26.470  40.780 0.0000000000
52269  -48.500  -25.421  40.707 0.0000000000
52270  -49.257  -24.987  40.423 0.0000000000
53193  -50.070  -24.972  39.131 0.0000000000
52294  -50.020  -25.505  38.241 0.0000000000
52331  -49.689  -26.119  36.613 0.0000000000
51519  -49.110  -27.047  34.824 0.0000000000
114983  -47.994  -28.164  34.733 0.0000000000
50720  -48.632  -27.590  34.187 0.0000000000
51547  -48.753  -27.150  32.551 0.0000000000
115093  -47.553  -27.049  31.059 0.0000000000
51574  -46.571  -26.603  29.311 0.0000000000
52472  -45.845  -26.086  27.904 0.0000000000
107571  -41.638  -28.553  30.686 0.0000000000
125778  -42.382  -28.549  30.463 0.0000000000
49928  -42.810  -28.513  30.023 0.0000000000
49953  -43.102  -28.142  28.776 0.0000000000
50784  -43.624  -27.716  28.263 0.0000000000
127692  -44.043  -27.321  27.780 0.0000000000
127460  -44.592  -26.450  27.165 0.0000000000
52499  -44.613  -25.507  26.310 0.0000000000
36431  -30.681  -44.615  49.906 0.0000000000
39002  -30.001  -41.160  40.978 0.0000000000
39731  -31.298  -40.916  41.135 0.0000000000
38964  -31.687  -41.732  42.313 0.0000000000
38188  -32.315  -42.391  43.636 0.0000000000
38170  -33.577  -42.598  44.729 0.0000000000
38925  -34.929  -42.240  46.048 0.0000000000
43232  -33.281  -36.864  37.864 0.0000000000
42350  -34.672  -37.666  39.657 0.0000000000
41484  -34.647  -38.836  41.003 0.0000000000
43178  -36.086  -36.772  41.918 0.0000000000
41485  -35.084  -38.542  41.861 0.0000000000
40572  -34.659  -39.317  42.393 0.0000000000
39700  -34.638  -40.539  44.415 0.0000000000
121323  -35.054  -41.324  45.927 0.0000000000
38920  -35.362  -41.720  46.833 0.0000000000
126651  -35.551  -41.635  48.666 0.0000000000
39664  -35.847  -40.404  49.480 0.0000000000
108569  -18.111  -48.770  44.863 0.0000000000
32692  -18.853  -49.062  46.413 0.0000000000
34641  -20.989  -46.410  43.701 0.0000000000
34639  -19.613  -46.811  43.198 0.0000000000
33659  -20.180  -47.424  44.671 0.0000000000
33631  -19.939  -48.146  45.968 0.0000000000
113469  -19.522  -48.818  47.062 0.0000000000
32674  -20.305  -48.816  48.545 0.0000000000
33583  -22.754  -47.904  50.209 0.0000000000
54138  -47.008  -23.985  28.217 0.0000000000
123950  -47.948  -22.874  29.133 0.0000000000
54910  -49.972  -22.577  30.689 0.0000000000
56652  -48.549  -20.696  29.437 0.0000000000
55812  -49.073  -21.235  29.979 0.0000000000
55793  -50.838  -21.671  31.291 0.0000000000
55781  -52.077  -21.225  32.395 0.0000000000
59870  -50.199  -16.506  28.611 0.0000000000
59854  -49.829  -16.688  29.944 0.0000000000
58985  -49.901  -17.084  31.282 0.0000000000
64155  -56.857  -11.799  20.101 0.0000000000
64163  -57.413  -11.263  19.707 0.0000000000
65734  -57.883  -9.614  19.338 0.0000000000
64924  -55.743  -10.676  16.924 0.0000000000
64925  -57.138  -10.098  17.840 0.0000000000
65740  -57.552  -9.242  18.481 0.0000000000
66498  -57.928  -8.148  18.588 0.0000000000
67253  -58.128  -7.031  17.634 0.0000000000
67268  -55.489  -7.733  15.191 0.0000000000
67270  -56.838  -6.929  15.840 0.0000000000
68031  -58.299  -5.978  15.621 0.0000000000
68856  -59.582  -5.388  12.462 0.0000000000
114816  -39.001  -33.185  36.702 0.0000000000
123081  -38.946  -32.988  36.035 0.0000000000
45798  -37.511  -33.454  36.489 0.0000000000
45799  -38.303  -33.275  36.295 0.0000000000
45782  -39.170  -33.358  37.497 0.0000000000
52473  -46.473  -25.777  28.305 0.0000000000
52474  -46.935  -25.581  28.737 0.0000000000
63296  -56.855  -12.536  23.324 0.0000000000
63307  -57.251  -11.934  22.789 0.0000000000
64132  -57.758  -11.375  22.292 0.0000000000
64131  -57.038  -11.914  21.934 0.0000000000
107034  -18.214  -49.647  46.891 0.0000000000
49888  -42.777  -29.083  33.516 0.0000000000
49870  -43.372  -29.352  34.257 0.0000000000
49903  -43.339  -28.894  32.589 0.0000000000
113026  -26.878  -46.034  49.160 0.0000000000
122438  -34.084  -43.609  47.891 0.0000000000
37321  -33.598  -43.601  48.471 0.0000000000
37322  -34.388  -43.367  48.558 0.0000000000
38118  -34.648  -42.929  49.452 0.0000000000
38128  -35.020  -42.748  48.577 0.0000000000
46493  -37.516  -33.739  45.327 0.0000000000
45674  -37.336  -33.971  45.508 0.0000000000
46478  -37.645  -33.627  46.754 0.0000000000
59053  -47.987  -17.260  26.225 0.0000000000
59039  -48.230  -17.497  27.332 0.0000000000
47298  -44.070  -31.564  41.520 0.0000000000
46550  -43.494  -32.245  40.165 0.0000000000
48155  -40.719  -30.732  35.182 0.0000000000
47345  -41.138  -31.040  35.835 0.0000000000
38162  -25.937  -42.563  44.179 0.0000000000
38182  -26.470  -42.188  43.674 0.0000000000
38962  -29.864  -41.793  42.229 0.0000000000
38186  -29.824  -42.442  43.655 0.0000000000
124852  -30.598  -42.546  43.717 0.0000000000
45731  -38.177  -33.584  40.248 0.0000000000
107587  -37.887  -33.509  41.208 0.0000000000
129546  -38.423  -33.531  41.601 0.0000000000
109823  -38.861  -33.587  41.976 0.0000000000
125601  -38.902  -33.614  41.212 0.0000000000
46542  -43.228  -32.890  40.708 0.0000000000
129756  -43.380  -32.798  41.402 0.0000000000
38180  -24.990  -42.475  43.177 0.0000000000
51530  -50.166  -26.104  34.625 0.0000000000
54113  -51.673  -23.782  31.862 0.0000000000
54106  -52.297  -23.754  32.310 0.0000000000
114838  -52.041  -22.933  32.122 0.0000000000
60801  -52.348  -15.763  24.479 0.0000000000
60802  -52.825  -15.787  25.069 0.0000000000
123544  -56.738  -11.975  28.441 0.0000000000
59959  -48.409  -16.072  21.381 0.0000000000
62522  -51.361  -13.388  19.400 0.0000000000
31055  -15.597  -51.358  48.112 0.0000000000
30222  -14.804  -51.755  48.149 0.0000000000
119553  -14.499  -52.042  48.921 0.0000000000
109896  -14.927  -52.040  49.714 0.0000000000
31006  -18.168  -50.837  53.782 0.0000000000
28490  -14.102  -52.636  54.290 0.0000000000
28497  -13.275  -53.312  53.713 0.0000000000
129233  -44.578  -28.927  40.126 0.0000000000
50700  -47.793  -27.964  37.629 0.0000000000
50696  -48.279  -27.295  38.076 0.0000000000
116690  -48.197  -27.857  36.887 0.0000000000
50706  -47.888  -28.309  36.330 0.0000000000
49931  -45.028  -28.066  30.770 0.0000000000
49918  -46.058  -28.129  31.726 0.0000000000
50761  -45.574  -27.632  30.231 0.0000000000
50771  -44.616  -27.681  29.263 0.0000000000
37317  -29.522  -43.874  48.247 0.0000000000
36452  -29.463  -44.133  48.973 0.0000000000
40584  -32.838  -39.943  40.875 0.0000000000
39719  -33.545  -40.453  42.335 0.0000000000
40571  -33.992  -39.775  41.981 0.0000000000
44054  -34.655  -35.218  39.985 0.0000000000
44045  -35.378  -35.382  40.570 0.0000000000
42267  -35.783  -37.429  45.521 0.0000000000
41411  -35.366  -39.005  45.587 0.0000000000
40488  -35.472  -38.953  47.584 0.0000000000
41403  -35.643  -38.204  46.923 0.0000000000
47253  -41.490  -31.640  46.793 0.0000000000
33609  -22.376  -47.742  48.205 0.0000000000
55824  -46.971  -21.865  27.497 0.0000000000
56664  -46.845  -21.010  27.058 0.0000000000
58192  -50.280  -18.651  31.215 0.0000000000
57408  -50.848  -19.382  31.710 0.0000000000
58176  -50.708  -18.464  31.883 0.0000000000
61545  -52.501  -14.565  29.752 0.0000000000
61544  -51.763  -14.919  30.136 0.0000000000
124131  -53.730  -11.587  17.494 0.0000000000
64182  -54.489  -11.148  17.038 0.0000000000
66514  -55.148  -8.580  15.483 0.0000000000
66515  -55.776  -8.289  15.991 0.0000000000
68060  -56.881  -6.854  12.258 0.0000000000
68043  -56.128  -6.965  12.907 0.0000000000
114919  -57.524  -6.080  14.039 0.0000000000
46557  -42.109  -33.278  38.975 0.0000000000
46596  -40.176  -32.400  35.771 0.0000000000
127505  -41.013  -32.508  36.788 0.0000000000
45796  -35.930  -33.507  36.432 0.0000000000
108466  -37.728  -33.505  37.911 0.0000000000
107580  -37.800  -33.534  38.754 0.0000000000
107579  -38.754  -33.575  38.923 0.0000000000
45764  -40.545  -33.562  38.665 0.0000000000
45765  -41.435  -33.400  38.604 0.0000000000
45747  -42.214  -33.429  39.754 0.0000000000
52417  -48.900  -26.333  31.119 0.0000000000
52402  -49.974  -26.279  32.168 0.0000000000
52440  -48.616  -26.028  30.518 0.0000000000
53270  -49.327  -24.854  30.464 0.0000000000
54111  -49.968  -24.177  30.921 0.0000000000
123696  -49.266  -24.023  30.385 0.0000000000
62465  -54.977  -13.991  24.128 0.0000000000
61600  -55.345  -14.568  24.863 0.0000000000
62466  -55.825  -13.827  24.414 0.0000000000
63277  -57.463  -12.143  25.462 0.0000000000
63269  -57.088  -12.407  26.230 0.0000000000
63270  -57.492  -11.748  26.306 0.0000000000
64899  -58.615  -9.773  21.444 0.0000000000
123855  -16.715  -50.502  47.125 0.0000000000
31056  -16.396  -50.887  48.019 0.0000000000
112096  -16.847  -50.782  48.646 0.0000000000
48995  -44.127  -29.591  36.603 0.0000000000
49844  -44.484  -29.339  37.517 0.0000000000
49008  -44.995  -29.551  35.872 0.0000000000
49859  -45.583  -29.455  35.137 0.0000000000
49860  -46.474  -29.236  35.151 0.0000000000
128010  -44.837  -28.924  32.765 0.0000000000
49916  -44.494  -28.480  31.304 0.0000000000
49915  -43.670  -28.559  31.064 0.0000000000
122076  -31.385  -43.617  48.111 0.0000000000
37319  -31.789  -43.622  48.941 0.0000000000
37307  -33.105  -43.567  49.601 0.0000000000
127517  -32.385  -43.688  49.815 0.0000000000
37285  -33.091  -43.930  50.043 0.0000000000
38119  -35.320  -42.336  49.675 0.0000000000
38100  -35.180  -42.939  50.114 0.0000000000
38109  -35.362  -42.517  49.673 0.0000000000
41526  -33.470  -38.197  38.329 0.0000000000
40609  -33.559  -38.964  39.567 0.0000000000
121525  -33.771  -38.515  39.019 0.0000000000
44890  -36.644  -34.490  42.220 0.0000000000
44041  -36.403  -35.102  41.806 0.0000000000
122841  -36.671  -35.310  44.784 0.0000000000
44020  -36.136  -35.932  45.238 0.0000000000
44007  -36.178  -35.859  46.232 0.0000000000
43135  -35.969  -36.625  46.909 0.0000000000
122111  -36.962  -34.860  48.022 0.0000000000
36487  -23.882  -44.908  44.067 0.0000000000
35559  -23.133  -45.262  43.680 0.0000000000
35547  -24.253  -45.315  44.791 0.0000000000
34598  -24.732  -46.584  46.693 0.0000000000
34576  -23.749  -47.374  48.036 0.0000000000
34577  -24.673  -47.243  48.113 0.0000000000
34557  -26.067  -47.093  50.344 0.0000000000
33598  -25.235  -47.455  50.001 0.0000000000
57476  -46.203  -18.925  25.996 0.0000000000
58237  -46.872  -18.987  27.082 0.0000000000
58239  -48.068  -17.823  28.149 0.0000000000
58228  -47.944  -18.352  28.524 0.0000000000
59011  -48.475  -17.847  28.752 0.0000000000
59012  -48.885  -17.885  29.441 0.0000000000
68072  -55.658  -6.926  11.265 0.0000000000
68074  -57.562  -6.658  11.534 0.0000000000
31881  -19.394  -49.513  49.705 0.0000000000
31012  -19.472  -50.351  53.143 0.0000000000
48911  -45.021  -29.493  43.586 0.0000000000
120630  -45.357  -28.924  43.868 0.0000000000
48095  -44.017  -30.149  40.457 0.0000000000
48946  -44.311  -29.663  41.123 0.0000000000
49811  -44.367  -29.309  40.443 0.0000000000
111003  -44.088  -29.862  39.703 0.0000000000
47322  -42.625  -31.859  38.041 0.0000000000
47309  -43.110  -31.640  38.757 0.0000000000
48135  -42.792  -30.547  37.150 0.0000000000
48980  -43.367  -30.218  37.668 0.0000000000
110994  -43.000  -30.150  36.970 0.0000000000
48981  -43.509  -29.951  37.557 0.0000000000
111309  -42.508  -29.966  36.214 0.0000000000
36470  -26.316  -44.303  46.633 0.0000000000
36480  -26.002  -43.816  45.994 0.0000000000
37360  -27.319  -43.019  45.772 0.0000000000
37345  -27.623  -43.426  46.484 0.0000000000
37346  -28.491  -43.420  46.659 0.0000000000
37361  -28.228  -43.038  45.880 0.0000000000
38183  -27.252  -42.176  43.738 0.0000000000
38184  -28.079  -42.210  43.710 0.0000000000
38166  -29.337  -42.645  44.372 0.0000000000
38152  -29.769  -42.922  45.100 0.0000000000
37362  -29.240  -43.164  45.994 0.0000000000
38154  -31.804  -43.022  44.864 0.0000000000
37365  -32.182  -43.323  45.721 0.0000000000
37366  -32.983  -43.389  45.802 0.0000000000
44931  -33.292  -33.960  38.791 0.0000000000
44917  -33.843  -34.235  39.415 0.0000000000
45778  -35.427  -33.324  37.928 0.0000000000
122848  -34.548  -33.216  37.749 0.0000000000
107444  -35.708  -33.643  40.225 0.0000000000
45728  -35.136  -33.937  40.336 0.0000000000
129545  -35.613  -33.957  40.710 0.0000000000
107066  -36.101  -34.130  41.088 0.0000000000
45705  -37.614  -33.526  42.810 0.0000000000
45692  -37.406  -33.709  43.617 0.0000000000
45685  -37.893  -33.373  44.335 0.0000000000
45695  -40.133  -33.464  43.331 0.0000000000
46521  -39.709  -33.267  44.119 0.0000000000
46496  -40.957  -32.549  45.666 0.0000000000
46513  -41.254  -32.868  44.709 0.0000000000
45722  -40.813  -33.705  41.286 0.0000000000
111598  -41.469  -33.585  41.920 0.0000000000
46524  -42.832  -32.764  43.457 0.0000000000
46523  -41.976  -33.125  43.420 0.0000000000
47266  -43.412  -31.586  45.494 0.0000000000
47276  -43.692  -31.744  44.634 0.0000000000
109722  -44.938  -30.183  43.915 0.0000000000
37382  -23.926  -43.631  43.083 0.0000000000
36479  -25.426  -44.238  45.558 0.0000000000
53205  -51.024  -24.240  37.884 0.0000000000
54083  -52.038  -23.579  36.890 0.0000000000
54084  -52.677  -23.203  36.545 0.0000000000
108265  -51.330  -25.848  33.016 0.0000000000
52388  -51.815  -25.549  33.673 0.0000000000
53231  -53.302  -24.108  34.008 0.0000000000
53230  -52.772  -24.680  34.262 0.0000000000
54089  -53.424  -23.331  35.183 0.0000000000
54878  -53.960  -22.629  35.178 0.0000000000
54890  -54.490  -22.366  34.064 0.0000000000
118447  -54.031  -22.090  33.454 0.0000000000
59908  -50.419  -16.730  25.269 0.0000000000
59896  -50.584  -16.690  26.085 0.0000000000
60775  -53.096  -15.132  27.239 0.0000000000
60774  -52.530  -15.349  27.571 0.0000000000
61567  -52.872  -14.868  28.023 0.0000000000
61557  -52.655  -14.696  28.864 0.0000000000
61558  -53.394  -14.382  28.568 0.0000000000
61580  -55.472  -14.523  26.307 0.0000000000
61579  -54.706  -14.842  26.574 0.0000000000
62431  -55.359  -13.125  28.492 0.0000000000
29367  -10.034  -52.114  52.231 0.0000000000
28506  -9.883  -52.823  51.591 0.0000000000
54968  -44.339  -22.277  24.566 0.0000000000
55852  -44.918  -21.824  24.999 0.0000000000
55862  -44.378  -21.390  24.546 0.0000000000
56698  -45.020  -20.118  24.950 0.0000000000
128866  -45.467  -19.795  25.321 0.0000000000
57485  -45.093  -19.256  25.005 0.0000000000
58271  -45.156  -17.854  24.447 0.0000000000
119597  -46.292  -17.086  24.295 0.0000000000
59077  -47.111  -16.878  24.015 0.0000000000
59918  -48.886  -16.742  23.840 0.0000000000
59947  -49.969  -16.128  22.814 0.0000000000
59930  -50.137  -16.394  23.548 0.0000000000
60812  -50.614  -15.974  23.171 0.0000000000
61632  -51.413  -14.468  21.377 0.0000000000
60826  -51.602  -14.873  22.292 0.0000000000
61623  -52.527  -14.508  22.488 0.0000000000
62499  -53.542  -13.413  21.360 0.0000000000
62500  -54.347  -13.141  21.549 0.0000000000
63321  -54.843  -12.730  20.980 0.0000000000
122405  -53.897  -12.794  20.169 0.0000000000
125233  -53.080  -12.297  18.460 0.0000000000
115343  -13.666  -52.116  48.893 0.0000000000
31870  -18.718  -49.856  50.007 0.0000000000
31869  -18.041  -50.175  50.359 0.0000000000
31020  -17.451  -50.665  51.923 0.0000000000
31033  -16.741  -51.122  51.122 0.0000000000
30172  -14.814  -51.920  53.613 0.0000000000
30183  -15.591  -51.807  52.935 0.0000000000
30193  -15.475  -51.931  51.700 0.0000000000
30192  -14.571  -52.213  51.307 0.0000000000
30170  -13.224  -51.919  53.410 0.0000000000
30181  -12.994  -51.762  52.787 0.0000000000
120155  -12.228  -51.648  52.559 0.0000000000
29369  -11.804  -52.146  53.160 0.0000000000
27651  -12.922  -53.887  53.006 0.0000000000
54042  -49.875  -23.779  42.304 0.0000000000
54053  -50.668  -23.924  41.599 0.0000000000
50657  -45.498  -28.249  42.962 0.0000000000
50649  -46.203  -27.855  43.515 0.0000000000
50658  -45.920  -27.897  42.744 0.0000000000
51458  -46.200  -26.960  42.154 0.0000000000
115489  -46.714  -26.315  42.187 0.0000000000
51459  -46.512  -26.611  41.458 0.0000000000
49837  -45.652  -28.657  38.393 0.0000000000
123988  -45.436  -28.386  39.256 0.0000000000
49825  -46.327  -28.247  38.690 0.0000000000
50686  -47.445  -27.138  39.345 0.0000000000
128128  -46.890  -27.419  39.433 0.0000000000
51468  -47.506  -26.513  40.111 0.0000000000
109000  -47.697  -25.858  40.963 0.0000000000
52257  -48.245  -25.045  41.642 0.0000000000
51478  -49.125  -26.138  38.941 0.0000000000
51469  -48.720  -25.883  39.761 0.0000000000
52281  -49.467  -25.385  39.519 0.0000000000
53179  -50.003  -24.499  40.077 0.0000000000
117305  -49.304  -26.655  36.490 0.0000000000
51507  -49.065  -27.003  35.827 0.0000000000
51508  -49.609  -26.340  35.957 0.0000000000
49873  -46.816  -28.890  34.364 0.0000000000
49874  -47.484  -28.557  34.351 0.0000000000
49893  -47.218  -28.512  33.662 0.0000000000
50739  -47.378  -27.886  32.445 0.0000000000
50730  -47.637  -27.994  33.099 0.0000000000
50731  -48.366  -27.653  33.240 0.0000000000
50740  -48.014  -27.561  32.458 0.0000000000
50749  -48.307  -26.969  31.668 0.0000000000
50773  -46.075  -27.204  29.713 0.0000000000
123501  -46.655  -26.972  29.951 0.0000000000
51579  -46.149  -26.416  28.575 0.0000000000
107568  -41.064  -28.525  29.776 0.0000000000
49942  -42.577  -28.415  29.298 0.0000000000
49943  -43.321  -28.301  29.522 0.0000000000
49952  -42.345  -28.290  28.541 0.0000000000
50796  -42.654  -27.693  27.340 0.0000000000
50797  -43.394  -27.497  27.546 0.0000000000
50815  -43.131  -27.232  26.833 0.0000000000
52484  -44.926  -25.902  26.916 0.0000000000
35514  -27.433  -45.307  49.028 0.0000000000
36430  -29.501  -44.762  50.163 0.0000000000
37292  -31.127  -44.197  49.791 0.0000000000
39732  -32.413  -40.572  41.351 0.0000000000
107069  -31.793  -40.647  41.039 0.0000000000
111885  -31.832  -40.955  41.423 0.0000000000
38946  -31.976  -42.073  42.969 0.0000000000
124318  -32.358  -41.673  42.582 0.0000000000
38939  -33.895  -41.894  44.191 0.0000000000
38156  -34.292  -42.618  45.478 0.0000000000
38171  -34.704  -41.833  45.293 0.0000000000
43214  -33.660  -36.359  38.680 0.0000000000
42349  -34.339  -37.047  39.104 0.0000000000
41509  -34.770  -38.280  40.302 0.0000000000
116525  -35.153  -38.154  41.007 0.0000000000
43179  -36.421  -35.931  42.398 0.0000000000
41438  -35.454  -38.235  43.410 0.0000000000
42296  -35.673  -37.787  42.602 0.0000000000
41461  -35.116  -38.705  42.887 0.0000000000
40556  -34.779  -39.486  43.250 0.0000000000
117505  -34.876  -39.663  44.135 0.0000000000
40503  -35.249  -39.805  46.093 0.0000000000
126395  -35.064  -40.506  45.773 0.0000000000
38136  -35.485  -41.623  47.881 0.0000000000
39681  -35.472  -40.769  47.447 0.0000000000
116210  -35.661  -39.818  48.921 0.0000000000
125646  -35.911  -37.156  48.681 0.0000000000
42250  -35.765  -37.636  48.145 0.0000000000
42240  -35.896  -37.441  49.445 0.0000000000
128471  -38.849  -32.599  46.118 0.0000000000
32704  -18.477  -48.921  45.513 0.0000000000
32705  -19.258  -48.573  45.685 0.0000000000
35558  -22.341  -45.457  43.221 0.0000000000
34625  -20.646  -46.861  44.183 0.0000000000
115626  -20.308  -46.617  43.386 0.0000000000
34624  -19.864  -47.116  43.882 0.0000000000
32694  -20.092  -48.302  46.749 0.0000000000
32693  -19.548  -48.604  46.365 0.0000000000
32684  -20.205  -48.566  47.565 0.0000000000
33607  -20.947  -48.307  47.995 0.0000000000
33596  -23.457  -47.706  49.573 0.0000000000
54163  -46.250  -23.495  26.998 0.0000000000
53325  -46.381  -24.362  27.506 0.0000000000
54149  -46.749  -23.388  27.706 0.0000000000
112403  -47.548  -22.685  28.585 0.0000000000
54917  -48.531  -22.572  29.636 0.0000000000
54909  -49.244  -22.589  30.238 0.0000000000
54918  -48.969  -21.955  29.990 0.0000000000
57447  -47.746  -19.888  28.402 0.0000000000
56659  -47.681  -20.841  28.286 0.0000000000
112496  -48.046  -20.524  28.827 0.0000000000
56638  -49.903  -20.404  30.569 0.0000000000
122941  -49.638  -20.991  30.346 0.0000000000
114925  -50.248  -21.162  30.789 0.0000000000
55803  -50.297  -21.953  30.856 0.0000000000
55794  -51.515  -21.247  31.812 0.0000000000
57378  -51.748  -19.153  33.190 0.0000000000
57396  -52.084  -20.011  33.034 0.0000000000
59883  -50.322  -16.633  27.595 0.0000000000
59882  -49.560  -16.932  27.355 0.0000000000
60733  -51.029  -15.363  30.724 0.0000000000
60746  -50.358  -15.991  30.113 0.0000000000
60732  -50.355  -15.919  31.004 0.0000000000
59841  -49.957  -16.511  30.767 0.0000000000
59827  -50.205  -16.357  31.560 0.0000000000
63333  -55.366  -12.378  20.363 0.0000000000
64154  -56.007  -12.007  19.669 0.0000000000
123639  -56.300  -11.547  18.482 0.0000000000
64162  -56.740  -11.626  19.175 0.0000000000
64172  -57.244  -11.067  18.904 0.0000000000
64912  -57.707  -10.520  19.454 0.0000000000
64918  -57.490  -10.312  18.627 0.0000000000
111903  -54.971  -10.627  16.537 0.0000000000
65744  -56.532  -9.249  17.000 0.0000000000
123025  -57.330  -8.549  18.004 0.0000000000
67252  -57.337  -7.455  17.198 0.0000000000
68023  -58.893  -6.582  17.230 0.0000000000
67263  -57.903  -6.742  16.884 0.0000000000
67287  -56.076  -6.892  13.839 0.0000000000
67276  -55.273  -7.359  14.281 0.0000000000
67269  -56.157  -7.366  15.541 0.0000000000
68039  -58.081  -5.829  14.750 0.0000000000
112740  -57.446  -6.406  15.356 0.0000000000
68830  -59.315  -5.820  15.799 0.0000000000
68865  -59.084  -5.445  11.772 0.0000000000
68866  -59.665  -5.477  11.400 0.0000000000
45783  -40.131  -33.332  37.748 0.0000000000
46577  -40.671  -33.002  37.190 0.0000000000
45800  -39.638  -32.880  36.214 0.0000000000
45797  -36.679  -33.525  36.476 0.0000000000
52460  -47.937  -25.220  29.624 0.0000000000
53280  -47.801  -24.352  29.294 0.0000000000
62481  -55.525  -13.462  23.593 0.0000000000
62482  -56.394  -13.083  23.998 0.0000000000
110195  -57.168  -12.616  24.031 0.0000000000
64123  -58.109  -11.182  24.109 0.0000000000
122366  -58.442  -10.660  23.480 0.0000000000
64877  -58.864  -9.927  23.273 0.0000000000
64876  -58.367  -10.689  22.724 0.0000000000
31927  -17.692  -49.185  45.232 0.0000000000
120850  -17.156  -49.716  45.628 0.0000000000
31900  -17.652  -50.059  47.440 0.0000000000
49857  -42.856  -29.489  35.007 0.0000000000
127509  -44.181  -29.591  35.690 0.0000000000
49858  -43.793  -29.523  35.026 0.0000000000
49871  -44.302  -29.394  34.244 0.0000000000
37320  -32.664  -43.572  48.638 0.0000000000
38108  -34.077  -43.430  49.250 0.0000000000
44883  -37.114  -34.566  43.995 0.0000000000
115688  -36.895  -34.604  46.073 0.0000000000
44849  -36.634  -35.117  46.648 0.0000000000
107943  -36.971  -34.421  46.667 0.0000000000
45653  -37.260  -34.011  47.102 0.0000000000
34588  -25.161  -46.801  47.404 0.0000000000
34568  -25.876  -47.126  49.260 0.0000000000
58252  -46.497  -18.127  26.150 0.0000000000
58253  -46.969  -18.191  26.783 0.0000000000
59038  -47.528  -17.752  26.860 0.0000000000
59025  -48.699  -17.422  28.146 0.0000000000
127961  -44.626  -30.700  42.646 0.0000000000
48071  -44.656  -30.146  42.361 0.0000000000
48070  -44.422  -30.910  42.098 0.0000000000
48085  -44.145  -30.599  41.239 0.0000000000
47336  -41.511  -31.313  36.351 0.0000000000
47329  -42.561  -31.215  37.417 0.0000000000
48146  -41.745  -30.594  36.172 0.0000000000
48992  -41.960  -30.098  36.009 0.0000000000
37375  -26.185  -42.805  44.908 0.0000000000
38149  -26.995  -42.666  45.080 0.0000000000
38198  -28.538  -41.985  42.980 0.0000000000
38153  -30.733  -43.009  44.985 0.0000000000
38168  -31.107  -42.776  44.224 0.0000000000
108180  -31.867  -42.708  44.090 0.0000000000
107581  -36.836  -33.458  39.075 0.0000000000
107585  -36.565  -33.447  39.969 0.0000000000
45719  -36.411  -33.852  41.629 0.0000000000
45720  -36.902  -33.522  41.291 0.0000000000
120704  -38.550  -33.486  42.722 0.0000000000
45706  -39.518  -33.569  42.598 0.0000000000
45709  -42.240  -33.394  41.990 0.0000000000
45724  -42.740  -33.246  41.320 0.0000000000
46532  -43.050  -32.991  42.033 0.0000000000
46525  -43.512  -32.367  43.380 0.0000000000
47282  -44.018  -31.751  43.718 0.0000000000
47290  -43.912  -32.050  42.841 0.0000000000
47283  -44.498  -31.268  42.929 0.0000000000
37383  -24.591  -43.207  43.489 0.0000000000
38181  -25.240  -42.825  43.877 0.0000000000
52332  -50.262  -25.456  36.629 0.0000000000
53214  -50.837  -24.682  36.925 0.0000000000
52333  -50.809  -24.985  36.181 0.0000000000
52354  -51.247  -24.988  35.417 0.0000000000
52404  -52.040  -25.306  32.865 0.0000000000
53247  -52.036  -24.543  32.349 0.0000000000
53248  -52.736  -24.128  32.773 0.0000000000
125270  -53.304  -23.601  33.352 0.0000000000
54889  -53.817  -22.834  33.600 0.0000000000
55783  -53.398  -21.865  32.981 0.0000000000
59921  -51.065  -16.450  24.726 0.0000000000
60793  -51.776  -16.258  25.916 0.0000000000
60794  -52.545  -15.912  25.948 0.0000000000
60785  -53.295  -15.504  26.441 0.0000000000
61578  -53.862  -14.988  26.895 0.0000000000
62439  -56.332  -13.251  27.065 0.0000000000
62438  -55.598  -13.515  27.585 0.0000000000
63259  -56.102  -12.621  28.202 0.0000000000
67235  -59.247  -7.469  19.380 0.0000000000
58270  -44.698  -18.579  24.477 0.0000000000
59945  -48.339  -16.534  22.471 0.0000000000
107518  -48.771  -16.605  23.056 0.0000000000
127981  -48.560  -16.280  21.945 0.0000000000
61647  -51.195  -14.159  20.600 0.0000000000
61648  -51.964  -13.975  20.872 0.0000000000
62511  -52.449  -13.498  20.337 0.0000000000
62512  -53.276  -13.187  20.482 0.0000000000
63341  -53.429  -12.782  19.682 0.0000000000
62524  -52.814  -13.105  19.818 0.0000000000
31848  -18.814  -49.933  51.988 0.0000000000
31021  -18.194  -50.246  52.324 0.0000000000
31009  -17.184  -50.875  52.856 0.0000000000
30167  -16.141  -51.945  54.504 0.0000000000
29365  -13.980  -51.922  53.847 0.0000000000
29363  -12.634  -52.458  53.446 0.0000000000
50667  -45.355  -28.019  42.205 0.0000000000
50675  -45.161  -28.043  41.492 0.0000000000
50676  -45.367  -27.806  40.839 0.0000000000
50684  -45.596  -27.866  39.983 0.0000000000
49838  -47.093  -28.263  38.198 0.0000000000
51476  -48.080  -26.527  39.557 0.0000000000
50687  -48.125  -26.964  38.840 0.0000000000
112082  -48.728  -26.695  38.423 0.0000000000
51486  -49.410  -26.284  38.072 0.0000000000
51485  -48.841  -26.932  37.646 0.0000000000
51496  -48.839  -27.208  36.811 0.0000000000
49906  -46.204  -28.491  32.499 0.0000000000
50738  -46.788  -27.971  32.087 0.0000000000
50763  -46.734  -27.575  31.213 0.0000000000
50785  -45.139  -27.280  28.871 0.0000000000
36462  -28.123  -44.094  47.896 0.0000000000
36439  -28.285  -44.749  49.179 0.0000000000
36440  -29.087  -44.460  49.423 0.0000000000
113085  -31.703  -44.342  49.744 0.0000000000
40608  -32.670  -39.317  39.535 0.0000000000
40595  -32.382  -39.814  40.191 0.0000000000
39718  -32.885  -40.695  41.990 0.0000000000
125208  -33.032  -41.211  42.639 0.0000000000
39699  -34.116  -41.071  43.896 0.0000000000
128132  -33.669  -35.541  39.143 0.0000000000
43215  -34.211  -36.004  39.556 0.0000000000
123678  -36.079  -36.840  43.857 0.0000000000
41439  -35.528  -38.198  44.175 0.0000000000
41423  -35.263  -38.967  44.648 0.0000000000
39689  -35.396  -39.841  47.017 0.0000000000
110933  -35.515  -39.226  48.444 0.0000000000
115120  -35.594  -39.043  49.218 0.0000000000
34611  -22.661  -46.687  45.604 0.0000000000
34627  -22.295  -46.456  44.905 0.0000000000
34610  -21.779  -46.869  45.331 0.0000000000
33643  -20.457  -47.676  45.480 0.0000000000
33644  -21.228  -47.393  45.820 0.0000000000
33633  -21.446  -47.664  46.620 0.0000000000
33566  -24.777  -47.753  51.806 0.0000000000
33565  -23.916  -47.844  51.598 0.0000000000
112589  -46.210  -22.809  26.671 0.0000000000
54932  -46.615  -22.683  27.260 0.0000000000
54925  -47.517  -21.783  28.281 0.0000000000
57437  -48.575  -19.252  29.441 0.0000000000
111424  -48.727  -19.938  29.626 0.0000000000
57421  -49.617  -19.744  30.397 0.0000000000
116046  -50.713  -20.128  31.328 0.0000000000
56622  -51.233  -20.305  31.783 0.0000000000
60762  -51.399  -15.623  28.750 0.0000000000
60761  -50.662  -15.983  29.128 0.0000000000
61520  -51.288  -14.939  31.470 0.0000000000
63356  -54.604  -12.024  18.724 0.0000000000
64161  -55.613  -11.898  18.913 0.0000000000
64170  -55.427  -11.610  18.137 0.0000000000
64183  -56.089  -11.157  17.676 0.0000000000
124291  -56.881  -8.353  17.363 0.0000000000
66508  -56.344  -8.441  16.649 0.0000000000
68059  -55.314  -7.084  12.525 0.0000000000
68037  -56.754  -6.625  14.293 0.0000000000
68839  -59.185  -5.411  14.300 0.0000000000
68876  -59.702  -5.601  10.498 0.0000000000
68867  -60.049  -5.696  10.892 0.0000000000
46549  -42.971  -32.974  39.945 0.0000000000
46578  -41.419  -32.657  37.338 0.0000000000
111578  -41.534  -31.941  36.790 0.0000000000
38196  -26.302  -41.884  42.991 0.0000000000
38960  -28.072  -41.737  42.278 0.0000000000
38961  -28.967  -41.755  42.210 0.0000000000
113892  -35.155  -33.372  36.959 0.0000000000
45779  -36.381  -33.434  37.807 0.0000000000
122368  -38.229  -33.583  39.444 0.0000000000
107586  -39.039  -33.655  40.465 0.0000000000
45732  -39.891  -33.710  40.028 0.0000000000
45733  -40.567  -33.742  40.498 0.0000000000
45745  -40.485  -33.691  39.442 0.0000000000
45734  -41.478  -33.662  40.369 0.0000000000
51548  -49.481  -26.781  32.711 0.0000000000
51538  -50.170  -26.307  33.766 0.0000000000
51549  -50.135  -26.442  32.954 0.0000000000
52403  -50.670  -25.963  32.495 0.0000000000
52419  -50.416  -25.635  31.751 0.0000000000
52441  -49.222  -25.666  30.730 0.0000000000
53257  -50.677  -24.802  31.447 0.0000000000
54112  -50.839  -23.827  31.399 0.0000000000
54122  -50.269  -23.272  31.034 0.0000000000
61598  -53.948  -14.983  24.520 0.0000000000
61588  -54.141  -15.296  25.312 0.0000000000
112532  -54.676  -14.986  24.937 0.0000000000
61590  -55.657  -14.524  25.615 0.0000000000
62446  -56.152  -13.956  26.090 0.0000000000
62467  -56.464  -13.570  24.745 0.0000000000
62456  -56.608  -13.509  25.409 0.0000000000
109770  -56.824  -12.628  26.848 0.0000000000
63261  -57.235  -11.805  27.088 0.0000000000
112200  -58.561  -9.341  20.634 0.0000000000
31068  -15.729  -50.957  47.181 0.0000000000
49835  -44.036  -29.649  38.047 0.0000000000
49845  -45.413  -28.980  37.661 0.0000000000
115694  -46.139  -29.049  37.015 0.0000000000
117852  -46.698  -29.017  36.513 0.0000000000
49854  -47.319  -28.775  36.463 0.0000000000
112292  -47.518  -28.727  35.873 0.0000000000
49891  -45.557  -29.111  33.702 0.0000000000
49905  -45.448  -28.843  32.868 0.0000000000
113401  -45.574  -28.540  32.132 0.0000000000
114241  -30.424  -43.707  48.022 0.0000000000
37305  -31.482  -43.856  49.640 0.0000000000
37306  -32.133  -43.611  49.425 0.0000000000
126265  -31.920  -43.989  49.826 0.0000000000
36420  -32.367  -44.166  49.965 0.0000000000
37295  -34.702  -43.044  49.699 0.0000000000
44046  -35.961  -35.048  40.963 0.0000000000
119516  -36.462  -35.989  43.583 0.0000000000
108177  -36.864  -35.139  43.942 0.0000000000
43167  -36.097  -36.420  44.497 0.0000000000
43156  -35.918  -36.743  45.147 0.0000000000
115880  -35.810  -37.435  46.430 0.0000000000
127780  -36.103  -36.345  47.467 0.0000000000
114885  -36.156  -36.583  48.515 0.0000000000
43991  -36.670  -35.344  47.583 0.0000000000
43977  -36.788  -35.455  48.402 0.0000000000
43966  -36.520  -36.132  48.832 0.0000000000
35533  -22.983  -46.203  44.981 0.0000000000
35534  -23.806  -46.091  45.265 0.0000000000
127133  -23.230  -46.414  45.427 0.0000000000
33621  -23.036  -47.507  47.927 0.0000000000
33597  -24.323  -47.582  49.781 0.0000000000
33585  -24.529  -47.603  50.850 0.0000000000
122988  -46.440  -20.431  26.443 0.0000000000
57453  -46.822  -19.971  27.115 0.0000000000
57448  -48.046  -19.114  28.865 0.0000000000
58227  -47.595  -18.954  28.306 0.0000000000
58215  -48.943  -18.625  29.805 0.0000000000
58191  -49.809  -17.892  30.865 0.0000000000
64191  -52.729  -11.274  16.715 0.0000000000
64935  -53.207  -10.805  16.222 0.0000000000
64945  -53.692  -10.244  15.792 0.0000000000
68061  -57.735  -6.192  12.391 0.0000000000
68075  -58.390  -5.892  11.635 0.0000000000
68089  -58.295  -6.407  10.711 0.0000000000
31902  -19.531  -49.051  47.918 0.0000000000
31892  -18.858  -49.567  48.181 0.0000000000
49786  -45.129  -28.748  43.257 0.0000000000
49794  -45.002  -28.621  42.465 0.0000000000
48937  -44.666  -29.335  41.843 0.0000000000
121449  -44.339  -29.347  39.622 0.0000000000
47310  -43.441  -31.431  39.573 0.0000000000
48122  -43.151  -30.883  38.008 0.0000000000
48955  -43.844  -30.250  39.117 0.0000000000
49823  -44.275  -29.484  38.810 0.0000000000
49006  -42.417  -29.699  35.508 0.0000000000
35520  -26.529  -45.482  47.905 0.0000000000
36460  -26.601  -44.822  47.398 0.0000000000
36461  -27.421  -44.336  47.701 0.0000000000
37344  -26.779  -43.566  46.274 0.0000000000
37330  -28.794  -43.761  47.544 0.0000000000
37331  -29.689  -43.627  47.397 0.0000000000
38165  -28.440  -42.508  44.407 0.0000000000
127072  -30.361  -43.543  47.141 0.0000000000
37332  -31.078  -43.530  47.246 0.0000000000
37333  -31.994  -43.558  47.316 0.0000000000
37349  -31.630  -43.451  46.468 0.0000000000
37335  -34.230  -43.477  47.131 0.0000000000
115344  -32.330  -34.295  37.842 0.0000000000
44080  -32.798  -34.777  38.389 0.0000000000
45761  -35.039  -33.391  39.018 0.0000000000
45742  -34.534  -33.918  39.796 0.0000000000
44905  -34.984  -34.319  40.214 0.0000000000
44898  -35.490  -34.656  40.525 0.0000000000
45702  -36.759  -34.185  42.635 0.0000000000
45703  -36.502  -33.945  42.257 0.0000000000
45691  -37.053  -34.207  43.621 0.0000000000
45684  -37.415  -33.831  44.469 0.0000000000
118790  -37.799  -33.380  45.944 0.0000000000
109379  -39.200  -32.776  45.531 0.0000000000
46520  -38.748  -33.238  44.174 0.0000000000
117752  -39.256  -33.023  44.725 0.0000000000
46495  -40.037  -32.610  45.773 0.0000000000
47264  -41.719  -32.022  46.053 0.0000000000
45696  -41.091  -33.360  43.319 0.0000000000
45708  -41.665  -33.421  42.646 0.0000000000
106982  -41.445  -33.061  43.957 0.0000000000
126283  -44.322  -31.258  44.378 0.0000000000
48050  -44.855  -30.531  44.634 0.0000000000
36507  -23.299  -44.107  42.597 0.0000000000
36488  -24.533  -44.424  44.480 0.0000000000
110902  -51.772  -23.367  39.444 0.0000000000
53206  -51.461  -23.942  37.263 0.0000000000
54078  -51.978  -23.355  37.596 0.0000000000
54863  -52.709  -22.475  38.236 0.0000000000
125497  -53.149  -22.154  37.838 0.0000000000
52387  -50.914  -25.889  33.986 0.0000000000
52371  -51.504  -25.390  34.518 0.0000000000
53229  -52.056  -24.853  34.818 0.0000000000
52389  -52.483  -25.103  33.533 0.0000000000
128575  -52.581  -24.331  34.991 0.0000000000
53221  -52.786  -23.730  35.620 0.0000000000
54877  -53.330  -22.846  35.998 0.0000000000
107042  -48.874  -16.972  25.635 0.0000000000
59894  -49.040  -17.026  26.673 0.0000000000
59895  -49.757  -16.868  25.891 0.0000000000
113541  -50.712  -16.579  26.795 0.0000000000
59884  -51.237  -16.204  27.273 0.0000000000
60783  -51.888  -16.027  26.625 0.0000000000
60773  -51.977  -15.729  27.426 0.0000000000
126264  -51.531  -15.800  27.977 0.0000000000
60786  -54.127  -15.332  26.093 0.0000000000
61569  -54.372  -14.439  27.404 0.0000000000
62437  -54.840  -13.786  27.914 0.0000000000
61559  -54.103  -14.061  28.242 0.0000000000
62429  -53.921  -13.798  29.109 0.0000000000
30190  -10.762  -51.403  51.993 0.0000000000
52500  -45.281  -25.195  26.705 0.0000000000
53308  -45.827  -24.978  27.154 0.0000000000
54178  -45.223  -23.906  25.840 0.0000000000
114623  -45.371  -23.058  25.628 0.0000000000
54945  -45.878  -22.522  26.125 0.0000000000
55841  -45.967  -21.694  25.985 0.0000000000
56687  -45.020  -20.967  24.901 0.0000000000
56680  -46.025  -20.868  25.860 0.0000000000
56689  -45.995  -19.904  25.833 0.0000000000
58262  -45.351  -18.380  25.021 0.0000000000
58263  -45.927  -18.194  25.592 0.0000000000
59051  -46.517  -17.582  25.571 0.0000000000
59061  -47.258  -17.206  25.500 0.0000000000
59905  -47.402  -16.942  24.803 0.0000000000
107774  -48.832  -16.902  24.730 0.0000000000
59920  -50.178  -16.645  24.383 0.0000000000
59929  -49.432  -16.502  23.259 0.0000000000
60800  -51.646  -15.943  24.191 0.0000000000
60814  -52.251  -15.425  23.740 0.0000000000
60836  -49.547  -15.486  21.521 0.0000000000
60837  -50.205  -15.237  21.637 0.0000000000
60825  -50.645  -15.503  22.427 0.0000000000
60827  -52.129  -15.021  23.017 0.0000000000
61614  -53.510  -14.777  23.841 0.0000000000
111884  -53.574  -14.446  23.306 0.0000000000
61625  -53.991  -13.957  22.997 0.0000000000
61634  -53.023  -13.930  21.931 0.0000000000
62487  -53.882  -13.632  22.188 0.0000000000
62488  -54.475  -13.584  22.644 0.0000000000
62489  -55.184  -13.208  22.693 0.0000000000
63305  -55.857  -12.768  22.324 0.0000000000
63323  -56.223  -12.411  21.595 0.0000000000
110605  -55.566  -12.517  21.069 0.0000000000
63342  -54.194  -12.458  19.550 0.0000000000
63355  -53.763  -12.011  18.189 0.0000000000
125174  -53.062  -11.560  17.240 0.0000000000
64181  -52.336  -11.759  17.286 0.0000000000
31891  -18.025  -49.991  48.391 0.0000000000
31047  -17.445  -50.507  48.912 0.0000000000
114169  -17.440  -50.589  49.763 0.0000000000
122106  -16.918  -50.820  49.257 0.0000000000
30213  -15.774  -51.639  49.800 0.0000000000
30175  -17.585  -51.307  54.332 0.0000000000
31005  -17.370  -50.947  53.766 0.0000000000
30184  -16.550  -51.395  53.200 0.0000000000
30173  -15.890  -51.806  53.922 0.0000000000
30194  -16.174  -51.593  51.447 0.0000000000
122621  -15.777  -51.799  51.080 0.0000000000
30203  -14.510  -52.260  50.402 0.0000000000
111025  -13.761  -51.996  52.040 0.0000000000
30178  -10.588  -51.882  52.319 0.0000000000
28496  -11.836  -52.768  53.090 0.0000000000
28502  -11.349  -53.166  52.488 0.0000000000
54063  -50.946  -23.902  40.743 0.0000000000
51435  -46.675  -27.512  44.232 0.0000000000
119892  -45.928  -27.617  42.331 0.0000000000
50677  -46.068  -27.388  40.355 0.0000000000
50678  -46.792  -27.040  39.995 0.0000000000
127775  -46.432  -26.894  40.726 0.0000000000
51460  -47.077  -26.034  41.654 0.0000000000
52256  -47.608  -25.449  41.922 0.0000000000
53155  -48.783  -24.224  42.225 0.0000000000
53166  -48.972  -24.524  41.320 0.0000000000
53167  -49.799  -24.137  41.051 0.0000000000
54062  -50.681  -23.862  40.503 0.0000000000
53180  -50.656  -24.075  39.568 0.0000000000
53194  -50.575  -24.602  38.563 0.0000000000
52312  -49.824  -25.864  37.364 0.0000000000
51509  -49.970  -25.831  36.079 0.0000000000
51520  -49.627  -26.514  35.194 0.0000000000
51529  -49.663  -26.635  34.350 0.0000000000
50712  -47.986  -28.233  35.584 0.0000000000
50719  -47.902  -28.094  33.883 0.0000000000
51528  -49.209  -27.050  34.054 0.0000000000
115014  -47.017  -27.038  30.484 0.0000000000
51569  -47.606  -26.667  30.433 0.0000000000
51568  -47.198  -26.551  29.907 0.0000000000
52458  -46.711  -26.094  28.818 0.0000000000
52485  -45.542  -25.642  27.308 0.0000000000
122037  -42.344  -28.582  31.048 0.0000000000
107570  -42.945  -28.569  30.751 0.0000000000
49929  -43.507  -28.417  30.278 0.0000000000
49944  -44.062  -28.126  29.766 0.0000000000
50783  -42.871  -27.938  28.044 0.0000000000
50770  -43.873  -27.945  28.995 0.0000000000
51577  -44.485  -27.404  28.424 0.0000000000
51588  -44.614  -26.887  27.693 0.0000000000
124325  -43.959  -26.907  27.120 0.0000000000
51589  -45.157  -26.308  27.524 0.0000000000
35513  -26.728  -45.742  48.509 0.0000000000
35504  -27.402  -46.041  49.909 0.0000000000
36442  -30.388  -44.504  49.997 0.0000000000
38981  -29.429  -41.497  41.497 0.0000000000
120474  -30.156  -41.513  41.627 0.0000000000
38963  -30.787  -41.724  42.123 0.0000000000
38201  -31.253  -42.043  42.762 0.0000000000
38169  -32.636  -42.735  44.353 0.0000000000
38947  -32.746  -41.903  43.173 0.0000000000
38938  -33.153  -42.235  43.895 0.0000000000
38155  -33.588  -43.083  45.526 0.0000000000
122412  -34.050  -43.097  45.879 0.0000000000
111481  -34.837  -43.077  47.079 0.0000000000
42360  -33.794  -37.367  38.389 0.0000000000
114156  -34.162  -37.925  38.950 0.0000000000
41516  -34.261  -38.443  39.587 0.0000000000
40586  -34.476  -39.230  41.654 0.0000000000
43184  -35.623  -36.473  40.960 0.0000000000
42309  -35.588  -37.547  41.472 0.0000000000
39720  -34.176  -39.983  42.799 0.0000000000
39709  -34.421  -40.251  43.599 0.0000000000
122459  -34.809  -40.915  45.189 0.0000000000
108571  -35.055  -42.574  46.739 0.0000000000
38135  -35.234  -42.524  47.579 0.0000000000
128999  -35.382  -42.163  48.329 0.0000000000
38908  -35.717  -41.417  49.414 0.0000000000
39673  -35.650  -40.791  48.567 0.0000000000
41397  -35.619  -38.138  47.692 0.0000000000
128874  -35.771  -38.933  49.855 0.0000000000
33658  -19.384  -47.720  44.328 0.0000000000
32718  -19.687  -47.999  45.157 0.0000000000
33564  -23.058  -47.946  51.368 0.0000000000
117120  -47.307  -24.391  28.732 0.0000000000
128929  -47.176  -23.233  28.274 0.0000000000
54129  -47.548  -23.562  28.843 0.0000000000
54130  -48.201  -23.510  29.495 0.0000000000
54120  -48.871  -23.388  30.068 0.0000000000
54902  -50.678  -22.564  31.230 0.0000000000
55817  -48.046  -21.260  28.892 0.0000000000
55802  -49.646  -21.779  30.397 0.0000000000
110222  -51.434  -22.237  31.680 0.0000000000
54895  -52.061  -21.943  32.229 0.0000000000
55782  -52.682  -21.549  32.638 0.0000000000
56607  -51.791  -20.559  32.403 0.0000000000
56608  -52.474  -20.771  32.778 0.0000000000
59869  -49.463  -16.934  28.200 0.0000000000
59853  -49.646  -16.826  29.143 0.0000000000
120062  -49.402  -17.307  29.674 0.0000000000
58999  -49.690  -17.237  30.459 0.0000000000
58970  -50.274  -16.942  32.073 0.0000000000
58971  -50.775  -17.757  32.576 0.0000000000
64146  -56.953  -11.911  21.015 0.0000000000
64156  -57.534  -11.389  20.555 0.0000000000
64907  -57.851  -10.699  20.239 0.0000000000
65727  -58.078  -9.907  20.058 0.0000000000
65735  -58.346  -9.144  19.959 0.0000000000
128750  -55.153  -10.947  16.932 0.0000000000
125105  -56.531  -10.505  17.387 0.0000000000
117487  -58.322  -8.536  19.363 0.0000000000
67234  -58.687  -7.686  19.046 0.0000000000
68008  -59.071  -7.044  18.836 0.0000000000
67242  -57.589  -7.782  17.879 0.0000000000
67243  -58.423  -7.406  18.335 0.0000000000
68009  -59.568  -7.103  18.411 0.0000000000
67278  -56.701  -6.759  15.094 0.0000000000
68030  -57.658  -6.532  16.119 0.0000000000
116872  -58.652  -6.244  16.401 0.0000000000
68857  -60.088  -5.698  11.863 0.0000000000
36489  -25.091  -43.882  44.933 0.0000000000
38129  -35.381  -42.156  48.910 0.0000000000
38142  -34.506  -43.023  46.338 0.0000000000
39746  -31.407  -40.495  40.608 0.0000000000
43976  -36.317  -36.072  47.969 0.0000000000
46533  -43.332  -32.666  42.746 0.0000000000
46558  -43.130  -32.341  39.400 0.0000000000
49890  -44.786  -29.153  33.413 0.0000000000
51536  -49.013  -27.171  33.378 0.0000000000
51573  -45.799  -26.988  29.012 0.0000000000
51604  -44.287  -26.230  26.601 0.0000000000
52353  -50.493  -25.472  35.783 0.0000000000
52405  -52.537  -24.792  32.935 0.0000000000
52439  -47.952  -26.070  30.069 0.0000000000
53156  -49.464  -23.830  41.873 0.0000000000
53216  -52.157  -23.835  36.171 0.0000000000
53293  -47.359  -25.086  28.991 0.0000000000
54862  -52.240  -22.974  38.207 0.0000000000
54961  -45.427  -22.202  25.526 0.0000000000
55811  -48.533  -21.636  29.489 0.0000000000
56639  -50.365  -20.452  30.998 0.0000000000
57438  -49.081  -19.455  29.999 0.0000000000
59919  -49.430  -16.775  24.375 0.0000000000
61521  -52.052  -14.388  31.629 0.0000000000
61615  -54.185  -14.360  23.789 0.0000000000
68016  -58.986  -6.902  18.040 0.0000000000
108415  -40.787  -33.706  39.938 0.0000000000
109414  -50.122  -16.391  29.402 0.0000000000
121145  -35.978  -36.831  47.855 0.0000000000
123062  -34.252  -42.130  44.815 0.0000000000
127432  -53.512  -15.492  24.961 0.0000000000
127614  -56.750  -9.888  17.266 0.0000000000
127977  -56.821  -11.334  18.640 0.0000000000
129118  -50.737  -23.187  31.310 0.0000000000
