#!ascii label  , from subject sub-v1s12x0050113_ses-1 vox2ras=TkReg
1263
75898  -39.847  3.798  14.315 0.0000000000
76777  -48.651  4.548  1.079 0.0000000000
80398  -46.931  9.301  17.663 0.0000000000
75173  -47.411  2.507  8.323 0.0000000000
72756  -49.545  -0.658  16.305 0.0000000000
80496  -41.910  8.916  5.924 0.0000000000
82806  -50.883  12.491  9.749 0.0000000000
82722  -44.755  12.102  16.912 0.0000000000
75846  -45.455  3.702  21.776 0.0000000000
75131  -42.491  1.777  10.399 0.0000000000
76726  -43.756  4.777  6.679 0.0000000000
78148  -40.441  6.567  11.218 0.0000000000
81157  -51.406  10.673  20.738 0.0000000000
79668  -50.444  8.487  13.916 0.0000000000
81190  -52.815  10.500  16.102 0.0000000000
81221  -47.303  10.683  13.628 0.0000000000
82702  -49.248  13.005  19.357 0.0000000000
78248  -46.545  6.620  -1.689 0.0000000000
79619  -38.021  8.339  18.665 0.0000000000
121670  -43.104  6.501  15.960 0.0000000000
74423  -53.062  2.053  9.652 0.0000000000
112216  -49.225  -0.810  11.713 0.0000000000
71938  -42.668  -1.828  13.958 0.0000000000
73524  -44.561  -0.489  18.908 0.0000000000
78227  -46.094  7.071  1.544 0.0000000000
127076  -45.635  11.493  0.251 0.0000000000
78881  -45.821  7.487  13.117 0.0000000000
81274  -46.943  11.038  8.479 0.0000000000
83523  -46.710  13.328  3.980 0.0000000000
82832  -43.801  12.354  7.450 0.0000000000
82781  -42.737  12.525  11.500 0.0000000000
75129  -40.729  1.967  11.440 0.0000000000
76676  -40.880  3.811  9.800 0.0000000000
77418  -40.325  5.118  13.161 0.0000000000
81944  -53.579  11.541  21.355 0.0000000000
80392  -53.932  10.079  18.655 0.0000000000
81964  -53.289  11.499  19.312 0.0000000000
81968  -50.246  11.680  18.372 0.0000000000
76793  -47.792  4.920  -0.943 0.0000000000
79606  -38.005  8.834  20.872 0.0000000000
80379  -40.239  9.641  19.096 0.0000000000
72770  -49.873  -1.154  14.140 0.0000000000
119863  -46.266  -1.455  13.130 0.0000000000
109785  -46.742  -1.649  15.051 0.0000000000
74296  -45.008  1.970  20.356 0.0000000000
75070  -37.582  -1.022  17.135 0.0000000000
75884  -35.929  3.589  17.089 0.0000000000
74321  -34.924  1.706  18.742 0.0000000000
76712  -47.868  4.309  7.051 0.0000000000
78181  -41.775  6.860  6.040 0.0000000000
77492  -44.251  5.962  4.331 0.0000000000
78939  -43.478  7.447  3.329 0.0000000000
79759  -45.218  8.585  0.966 0.0000000000
80504  -43.096  9.956  3.773 0.0000000000
79631  -44.639  8.553  17.182 0.0000000000
77410  -44.650  5.700  14.799 0.0000000000
111834  -47.083  6.870  15.270 0.0000000000
81241  -52.015  10.931  10.878 0.0000000000
80465  -48.480  10.282  10.720 0.0000000000
82056  -48.632  11.988  8.291 0.0000000000
116209  -47.626  11.744  5.321 0.0000000000
82845  -47.695  12.918  6.338 0.0000000000
82853  -44.562  12.828  5.355 0.0000000000
83507  -47.056  13.149  8.840 0.0000000000
81997  -45.515  10.891  15.643 0.0000000000
82026  -44.981  11.619  12.509 0.0000000000
82005  -43.800  11.122  14.764 0.0000000000
118628  -41.492  12.161  13.764 0.0000000000
82735  -42.698  12.112  16.021 0.0000000000
75156  -45.194  1.563  9.473 0.0000000000
75972  -45.466  3.598  7.571 0.0000000000
75938  -43.190  3.120  8.779 0.0000000000
76693  -41.266  5.276  8.222 0.0000000000
78906  -40.945  7.978  8.396 0.0000000000
121633  -48.946  9.785  18.732 0.0000000000
79652  -49.216  8.096  15.482 0.0000000000
79637  -51.412  8.954  16.745 0.0000000000
80418  -53.120  9.740  14.286 0.0000000000
82019  -51.812  11.061  12.835 0.0000000000
82029  -48.704  11.629  12.065 0.0000000000
81198  -49.687  10.594  15.213 0.0000000000
81987  -48.540  11.061  16.794 0.0000000000
82708  -46.941  12.844  18.267 0.0000000000
78981  -44.892  8.018  -1.006 0.0000000000
77395  -39.413  5.705  16.351 0.0000000000
77400  -41.525  5.312  15.184 0.0000000000
78837  -40.529  7.688  17.343 0.0000000000
79624  -42.465  8.975  18.095 0.0000000000
81166  -44.662  10.644  19.274 0.0000000000
111599  -44.534  11.643  21.974 0.0000000000
110811  -46.400  11.407  20.561 0.0000000000
75159  -50.310  1.968  8.963 0.0000000000
73609  -51.383  0.221  10.354 0.0000000000
73620  -47.933  0.657  9.656 0.0000000000
73588  -45.381  0.000  11.070 0.0000000000
73579  -42.859  -0.102  12.020 0.0000000000
73529  -49.880  0.758  18.259 0.0000000000
75860  -47.415  3.535  20.979 0.0000000000
74329  -47.745  0.914  18.868 0.0000000000
72749  -47.353  -0.666  17.625 0.0000000000
72761  -43.449  -2.445  17.056 0.0000000000
75110  -38.804  2.497  14.851 0.0000000000
123656  -50.234  6.967  2.210 0.0000000000
76746  -46.137  5.009  5.652 0.0000000000
78206  -47.953  6.668  3.163 0.0000000000
78966  -49.901  7.545  0.682 0.0000000000
78984  -48.281  7.839  -0.797 0.0000000000
110965  -46.641  9.632  -1.863 0.0000000000
82137  -45.402  11.567  -2.111 0.0000000000
77413  -42.558  5.791  13.991 0.0000000000
78878  -42.778  7.675  12.521 0.0000000000
80460  -43.254  9.442  10.269 0.0000000000
78883  -47.616  7.828  13.357 0.0000000000
118124  -45.836  9.708  10.825 0.0000000000
81280  -44.046  10.308  7.242 0.0000000000
122508  -45.141  10.975  4.105 0.0000000000
82884  -45.555  12.789  1.238 0.0000000000
82882  -43.829  12.824  1.024 0.0000000000
82802  -45.921  12.936  10.454 0.0000000000
82814  -43.641  12.698  9.814 0.0000000000
82812  -41.757  11.972  9.410 0.0000000000
82797  -40.648  12.346  10.719 0.0000000000
83487  -39.545  13.140  12.747 0.0000000000
75904  -39.535  3.251  13.527 0.0000000000
126652  -39.498  4.040  12.340 0.0000000000
76662  -39.900  4.210  13.596 0.0000000000
82706  -53.793  11.506  20.369 0.0000000000
82704  -52.814  12.104  19.777 0.0000000000
76786  -48.522  5.075  0.108 0.0000000000
72763  -49.733  -1.101  14.903 0.0000000000
71932  -48.235  -1.444  14.584 0.0000000000
71922  -48.498  -1.317  15.534 0.0000000000
74306  -37.657  -0.641  19.122 0.0000000000
129996  -36.021  0.465  18.136 0.0000000000
75174  -48.354  2.587  8.361 0.0000000000
75974  -47.433  3.666  7.448 0.0000000000
79729  -41.606  8.272  6.185 0.0000000000
78193  -42.667  6.914  4.709 0.0000000000
79736  -42.217  8.462  4.695 0.0000000000
80509  -42.808  9.155  3.604 0.0000000000
80503  -42.590  9.389  4.424 0.0000000000
80397  -46.000  9.249  17.660 0.0000000000
78847  -45.683  7.313  16.114 0.0000000000
79644  -47.009  8.129  16.451 0.0000000000
82059  -51.606  12.166  9.742 0.0000000000
81253  -50.625  11.560  9.822 0.0000000000
82057  -49.324  12.276  9.073 0.0000000000
82068  -48.490  12.076  8.073 0.0000000000
107795  -48.647  12.377  8.621 0.0000000000
82826  -47.485  13.035  8.023 0.0000000000
82817  -48.370  12.799  9.103 0.0000000000
82723  -45.515  11.884  16.990 0.0000000000
81996  -44.492  11.112  15.429 0.0000000000
81982  -44.167  11.782  16.318 0.0000000000
81995  -43.389  11.613  15.573 0.0000000000
82721  -43.353  12.265  16.582 0.0000000000
75141  -44.154  1.765  9.656 0.0000000000
75154  -43.675  2.501  9.147 0.0000000000
75926  -42.661  2.767  9.387 0.0000000000
77424  -39.810  5.032  10.729 0.0000000000
77440  -40.996  4.419  9.241 0.0000000000
123320  -40.127  5.868  9.946 0.0000000000
78163  -40.567  6.514  8.530 0.0000000000
78899  -40.594  7.308  9.833 0.0000000000
81171  -50.439  10.234  19.618 0.0000000000
80401  -50.377  9.139  17.405 0.0000000000
80374  -51.314  9.737  19.035 0.0000000000
81181  -54.046  10.146  17.672 0.0000000000
80406  -53.703  9.798  16.252 0.0000000000
81201  -53.599  10.056  15.205 0.0000000000
81226  -52.772  10.289  13.393 0.0000000000
81213  -52.265  10.530  14.571 0.0000000000
81224  -50.959  10.839  13.569 0.0000000000
81199  -50.919  10.671  14.978 0.0000000000
82709  -49.656  12.283  18.904 0.0000000000
81976  -48.875  11.465  17.528 0.0000000000
82716  -48.303  12.023  18.102 0.0000000000
82715  -47.427  12.167  17.927 0.0000000000
111306  -47.826  12.728  18.509 0.0000000000
78982  -45.629  7.250  -1.448 0.0000000000
125167  -38.823  7.217  17.494 0.0000000000
78107  -40.102  7.031  16.898 0.0000000000
78832  -39.330  8.299  18.067 0.0000000000
81162  -41.216  10.404  19.868 0.0000000000
80380  -41.149  9.616  18.780 0.0000000000
80371  -42.432  10.234  19.082 0.0000000000
109955  -43.612  10.071  18.751 0.0000000000
81152  -43.347  11.066  19.948 0.0000000000
81915  -44.468  11.310  23.501 0.0000000000
81936  -45.802  11.744  21.248 0.0000000000
107391  -46.998  12.088  22.055 0.0000000000
81938  -47.605  11.693  21.419 0.0000000000
82682  -47.793  12.341  23.221 0.0000000000
75176  -51.488  3.457  8.587 0.0000000000
115551  -52.168  2.064  9.371 0.0000000000
73589  -51.720  -0.033  11.079 0.0000000000
72819  -50.109  -0.343  10.796 0.0000000000
73607  -49.435  0.077  10.121 0.0000000000
72818  -48.728  -0.290  10.612 0.0000000000
115881  -46.642  0.258  10.336 0.0000000000
72803  -47.663  -0.682  11.480 0.0000000000
71940  -44.524  -1.561  13.394 0.0000000000
72786  -44.465  -0.713  12.221 0.0000000000
72776  -43.078  -1.200  13.144 0.0000000000
75859  -46.600  3.400  21.008 0.0000000000
74313  -46.451  1.468  19.614 0.0000000000
73517  -46.127  0.711  19.217 0.0000000000
111927  -47.192  0.406  18.590 0.0000000000
72743  -45.886  -0.960  18.075 0.0000000000
126208  -45.531  -1.732  17.160 0.0000000000
72753  -44.276  -1.877  17.724 0.0000000000
76652  -38.047  4.540  16.276 0.0000000000
75888  -37.540  3.728  16.173 0.0000000000
77506  -50.431  6.562  3.666 0.0000000000
76708  -44.416  4.333  7.010 0.0000000000
76728  -45.144  4.505  6.517 0.0000000000
76727  -44.338  4.830  6.279 0.0000000000
78216  -44.929  6.573  2.763 0.0000000000
77503  -45.554  5.862  3.723 0.0000000000
78218  -46.456  6.659  2.216 0.0000000000
78953  -49.092  7.414  1.541 0.0000000000
78964  -48.204  7.632  0.789 0.0000000000
78975  -48.852  8.011  -0.312 0.0000000000
78974  -47.634  8.063  -0.190 0.0000000000
80531  -45.474  10.469  0.374 0.0000000000
79774  -46.672  9.616  -0.915 0.0000000000
80537  -46.540  10.522  -1.010 0.0000000000
81352  -46.328  10.861  -2.175 0.0000000000
115885  -46.106  11.838  -1.048 0.0000000000
78113  -42.358  6.504  16.035 0.0000000000
77401  -42.422  5.458  15.095 0.0000000000
77402  -43.311  5.583  15.101 0.0000000000
78865  -45.420  6.925  13.521 0.0000000000
78863  -43.341  7.075  13.197 0.0000000000
78879  -43.894  7.833  12.616 0.0000000000
79689  -42.708  8.677  11.410 0.0000000000
79690  -43.854  9.189  11.342 0.0000000000
79657  -50.284  8.394  14.676 0.0000000000
78856  -48.542  7.533  14.579 0.0000000000
111679  -49.270  8.218  13.801 0.0000000000
81263  -46.916  10.712  9.368 0.0000000000
80463  -46.604  9.811  10.828 0.0000000000
81262  -45.949  10.534  9.185 0.0000000000
127368  -44.640  10.171  9.428 0.0000000000
128590  -45.278  10.527  7.870 0.0000000000
81300  -44.717  10.565  5.520 0.0000000000
81290  -45.893  10.712  6.445 0.0000000000
83533  -47.470  12.952  3.937 0.0000000000
82106  -47.345  12.535  3.250 0.0000000000
83540  -46.050  13.193  2.087 0.0000000000
83550  -44.652  12.978  0.730 0.0000000000
83538  -44.284  13.261  1.765 0.0000000000
82875  -43.036  12.472  1.588 0.0000000000
83521  -44.350  13.238  3.401 0.0000000000
109155  -44.511  12.475  6.805 0.0000000000
82852  -43.407  12.599  5.583 0.0000000000
82016  -47.963  11.070  12.845 0.0000000000
82036  -47.253  12.416  11.271 0.0000000000
82027  -46.618  11.684  12.059 0.0000000000
82769  -44.331  12.035  12.111 0.0000000000
108377  -44.317  12.703  10.923 0.0000000000
82782  -43.559  12.570  11.258 0.0000000000
82813  -42.749  12.317  9.453 0.0000000000
82799  -42.237  12.557  10.797 0.0000000000
82811  -40.867  11.874  9.808 0.0000000000
82780  -41.832  12.562  11.549 0.0000000000
82745  -40.797  12.372  14.268 0.0000000000
82755  -40.818  12.527  13.357 0.0000000000
82754  -40.170  12.645  13.799 0.0000000000
111572  -38.980  13.302  13.077 0.0000000000
75130  -41.570  1.815  10.880 0.0000000000
75917  -42.069  2.502  9.946 0.0000000000
75915  -40.744  2.579  10.892 0.0000000000
110529  -39.921  3.666  11.161 0.0000000000
76665  -39.860  5.258  11.796 0.0000000000
81173  -52.917  10.028  19.628 0.0000000000
81160  -53.827  10.792  20.097 0.0000000000
81174  -53.766  10.508  19.166 0.0000000000
81979  -53.323  10.678  17.784 0.0000000000
81184  -52.213  10.806  17.087 0.0000000000
81969  -51.388  11.555  18.487 0.0000000000
82703  -50.989  12.468  19.672 0.0000000000
122996  -47.535  6.247  -1.626 0.0000000000
79612  -38.079  9.013  19.957 0.0000000000
79617  -38.953  9.179  18.980 0.0000000000
80365  -39.169  9.503  20.518 0.0000000000
72790  -49.297  -1.052  12.522 0.0000000000
72789  -47.380  -1.090  12.257 0.0000000000
71943  -47.640  -1.469  13.717 0.0000000000
109824  -46.048  -1.624  13.762 0.0000000000
71153  -44.845  -2.259  15.027 0.0000000000
75045  -44.398  2.597  20.880 0.0000000000
121356  -43.119  0.583  20.077 0.0000000000
75084  -37.396  -0.022  16.257 0.0000000000
124751  -36.663  2.307  16.440 0.0000000000
113190  -36.459  1.199  16.745 0.0000000000
75067  -35.204  2.027  18.030 0.0000000000
77466  -42.694  5.591  6.409 0.0000000000
125165  -43.454  5.636  5.572 0.0000000000
78183  -42.985  6.164  5.223 0.0000000000
78202  -43.845  6.634  3.761 0.0000000000
78951  -44.711  7.200  2.294 0.0000000000
78962  -45.745  7.877  0.984 0.0000000000
79751  -44.111  8.569  1.888 0.0000000000
79757  -44.085  9.377  1.761 0.0000000000
80519  -44.291  10.214  1.705 0.0000000000
78846  -44.211  7.812  16.706 0.0000000000
78119  -43.727  6.057  15.542 0.0000000000
78120  -45.056  6.282  15.534 0.0000000000
77405  -45.997  6.023  14.877 0.0000000000
78133  -46.749  6.548  13.931 0.0000000000
80438  -51.197  9.351  12.639 0.0000000000
80437  -50.124  9.294  12.475 0.0000000000
81239  -49.662  10.522  10.692 0.0000000000
81252  -49.239  11.106  9.871 0.0000000000
81275  -47.920  11.375  8.705 0.0000000000
81291  -46.927  11.157  6.728 0.0000000000
82074  -47.898  11.825  6.997 0.0000000000
114045  -48.051  12.899  5.803 0.0000000000
83517  -47.412  13.247  4.705 0.0000000000
82865  -45.703  13.182  4.717 0.0000000000
82844  -46.552  12.964  6.129 0.0000000000
109081  -45.684  12.737  6.949 0.0000000000
82816  -46.031  13.250  9.333 0.0000000000
81209  -46.681  10.470  14.353 0.0000000000
107040  -46.122  11.247  12.801 0.0000000000
82007  -45.182  10.728  14.049 0.0000000000
125706  -44.300  11.509  12.883 0.0000000000
82025  -43.574  11.700  12.812 0.0000000000
82767  -42.261  12.349  12.298 0.0000000000
82012  -42.926  11.597  13.513 0.0000000000
109274  -42.329  11.890  15.229 0.0000000000
82734  -41.540  12.280  15.473 0.0000000000
75157  -45.928  1.919  8.892 0.0000000000
75952  -46.033  3.207  7.853 0.0000000000
127277  -44.843  2.900  8.316 0.0000000000
121641  -44.455  3.383  8.030 0.0000000000
110836  -43.127  4.205  7.779 0.0000000000
116397  -41.553  3.715  9.341 0.0000000000
76685  -41.849  4.048  8.811 0.0000000000
108937  -42.677  4.877  7.393 0.0000000000
77454  -41.611  5.971  7.097 0.0000000000
78913  -41.110  7.689  7.495 0.0000000000
79720  -41.344  8.381  7.758 0.0000000000
80387  -48.207  9.617  18.284 0.0000000000
79635  -48.452  8.863  16.942 0.0000000000
80400  -49.005  9.314  17.726 0.0000000000
123667  -50.401  8.845  16.580 0.0000000000
79654  -51.419  8.809  15.171 0.0000000000
80403  -52.932  9.278  17.648 0.0000000000
122480  -52.513  9.255  15.297 0.0000000000
110315  -52.420  9.273  14.423 0.0000000000
80439  -52.463  10.157  12.551 0.0000000000
82032  -52.220  11.420  11.478 0.0000000000
82039  -51.874  12.125  11.087 0.0000000000
82787  -49.240  12.797  10.413 0.0000000000
82030  -51.004  12.077  11.731 0.0000000000
82017  -49.102  11.126  12.889 0.0000000000
81222  -48.373  10.608  13.804 0.0000000000
108707  -50.444  10.728  16.003 0.0000000000
81189  -49.142  10.721  16.044 0.0000000000
81196  -47.807  10.519  15.297 0.0000000000
81187  -47.301  10.713  15.938 0.0000000000
108067  -46.297  11.746  17.107 0.0000000000
122165  -45.916  12.974  18.036 0.0000000000
126632  -40.069  4.985  15.576 0.0000000000
76657  -40.709  5.167  15.387 0.0000000000
77396  -40.164  5.646  15.974 0.0000000000
78843  -40.993  7.121  16.719 0.0000000000
78844  -41.896  7.148  16.585 0.0000000000
79622  -40.611  8.974  18.362 0.0000000000
79628  -41.946  8.348  17.631 0.0000000000
79629  -42.858  8.394  17.469 0.0000000000
79630  -43.757  8.468  17.305 0.0000000000
80383  -44.697  9.635  18.249 0.0000000000
81178  -45.926  10.137  18.715 0.0000000000
81933  -42.970  11.259  21.331 0.0000000000
81952  -44.756  11.432  20.447 0.0000000000
81962  -46.099  10.961  19.786 0.0000000000
81168  -46.901  10.538  19.393 0.0000000000
81154  -47.795  10.778  20.009 0.0000000000
81155  -48.749  10.673  20.152 0.0000000000
81957  -50.292  11.003  20.975 0.0000000000
75158  -49.726  2.426  8.675 0.0000000000
74432  -48.880  2.077  8.731 0.0000000000
73611  -52.954  0.768  10.757 0.0000000000
74406  -52.509  1.134  9.889 0.0000000000
74421  -50.731  1.369  9.355 0.0000000000
73621  -49.405  0.891  9.455 0.0000000000
74418  -47.486  1.308  9.257 0.0000000000
123245  -46.257  0.765  9.847 0.0000000000
74404  -45.512  0.913  9.974 0.0000000000
73602  -44.227  0.569  10.842 0.0000000000
129100  -45.983  -0.807  12.116 0.0000000000
72799  -44.156  -0.243  11.709 0.0000000000
114884  -43.053  0.425  11.413 0.0000000000
74389  -41.564  1.248  11.483 0.0000000000
75049  -49.049  3.002  20.296 0.0000000000
111366  -46.267  2.758  20.574 0.0000000000
75055  -47.686  2.265  19.982 0.0000000000
74316  -49.005  1.787  19.371 0.0000000000
74330  -48.617  1.170  18.863 0.0000000000
73537  -48.642  0.056  17.898 0.0000000000
126534  -48.362  -0.900  16.844 0.0000000000
71912  -47.238  -1.421  16.358 0.0000000000
71141  -45.254  -2.178  15.915 0.0000000000
71917  -42.676  -2.535  15.567 0.0000000000
75897  -39.471  3.403  14.728 0.0000000000
76655  -38.851  4.554  15.924 0.0000000000
77392  -38.158  5.950  16.885 0.0000000000
78104  -37.773  6.437  17.419 0.0000000000
78826  -37.246  8.052  18.902 0.0000000000
76756  -50.089  4.810  3.719 0.0000000000
76771  -49.653  4.883  2.759 0.0000000000
77521  -49.986  6.637  1.245 0.0000000000
76710  -46.031  3.810  7.304 0.0000000000
113815  -46.558  4.662  6.312 0.0000000000
77481  -44.641  5.436  4.977 0.0000000000
126816  -46.712  5.774  4.240 0.0000000000
78196  -48.194  6.517  4.042 0.0000000000
78941  -49.873  7.145  2.887 0.0000000000
78229  -50.045  7.187  1.452 0.0000000000
77528  -49.498  6.415  0.312 0.0000000000
110375  -49.565  7.280  -0.203 0.0000000000
77534  -48.298  6.550  -1.303 0.0000000000
78992  -47.860  7.757  -1.294 0.0000000000
79767  -46.902  8.621  -0.690 0.0000000000
79775  -46.862  9.118  -1.323 0.0000000000
118580  -46.587  7.488  -1.796 0.0000000000
79783  -45.838  8.957  -2.069 0.0000000000
79773  -44.990  8.833  -1.587 0.0000000000
80536  -43.993  10.003  -0.887 0.0000000000
76663  -40.799  4.939  14.188 0.0000000000
77412  -41.647  5.469  13.919 0.0000000000
78140  -41.447  6.705  12.582 0.0000000000
77414  -43.353  5.859  14.234 0.0000000000
78141  -42.329  6.978  12.979 0.0000000000
78149  -41.107  7.071  11.753 0.0000000000
113470  -41.480  7.956  10.780 0.0000000000
79713  -41.961  8.924  9.141 0.0000000000
80475  -42.290  9.291  8.360 0.0000000000
78853  -47.970  7.163  14.962 0.0000000000
78855  -47.885  7.057  14.301 0.0000000000
78882  -46.650  7.796  13.022 0.0000000000
80435  -48.052  9.130  12.045 0.0000000000
79694  -47.359  8.496  12.511 0.0000000000
79692  -45.503  8.775  11.856 0.0000000000
80461  -44.229  9.878  10.008 0.0000000000
115411  -43.227  9.773  8.438 0.0000000000
80483  -43.116  10.044  6.877 0.0000000000
81299  -43.682  10.384  5.428 0.0000000000
82112  -45.266  11.664  2.393 0.0000000000
82089  -46.695  11.304  4.924 0.0000000000
117496  -46.108  12.263  2.629 0.0000000000
82121  -45.476  12.187  0.875 0.0000000000
82896  -45.509  12.198  -0.538 0.0000000000
82131  -44.199  11.842  -0.505 0.0000000000
82863  -43.402  12.855  4.114 0.0000000000
82786  -48.185  12.798  10.648 0.0000000000
83496  -46.720  12.989  10.176 0.0000000000
122359  -45.140  13.111  9.544 0.0000000000
82770  -45.265  12.113  11.772 0.0000000000
82801  -45.121  12.819  10.656 0.0000000000
113000  -44.385  12.819  9.291 0.0000000000
128793  -42.920  12.224  8.831 0.0000000000
82073  -41.279  11.873  7.470 0.0000000000
82065  -40.546  11.604  8.216 0.0000000000
82766  -41.454  12.582  12.162 0.0000000000
117889  -40.090  12.666  11.403 0.0000000000
83427  -45.271  13.708  18.207 0.0000000000
109581  -44.211  13.282  17.684 0.0000000000
83433  -43.464  13.517  17.571 0.0000000000
123574  -42.294  13.084  17.099 0.0000000000
83448  -40.963  13.176  16.809 0.0000000000
76659  -40.329  4.402  14.547 0.0000000000
72764  -50.722  -0.527  15.434 0.0000000000
129254  -50.237  -0.809  15.122 0.0000000000
115527  -49.967  -0.763  15.597 0.0000000000
72762  -49.273  -1.076  15.610 0.0000000000
75954  -47.923  3.122  7.884 0.0000000000
75953  -46.969  3.058  7.855 0.0000000000
79730  -41.865  8.348  5.448 0.0000000000
80497  -42.220  9.165  5.315 0.0000000000
79633  -46.496  8.740  17.076 0.0000000000
82807  -51.441  12.268  9.754 0.0000000000
82819  -51.127  12.260  9.673 0.0000000000
107388  -50.323  12.407  9.473 0.0000000000
82818  -49.327  12.542  9.281 0.0000000000
82805  -49.927  12.758  9.675 0.0000000000
81983  -45.039  11.495  16.323 0.0000000000
124037  -44.100  12.314  16.909 0.0000000000
112151  -43.446  1.572  10.184 0.0000000000
75140  -43.069  2.143  9.772 0.0000000000
77432  -39.981  5.861  10.628 0.0000000000
78158  -40.353  6.409  9.357 0.0000000000
78154  -40.319  6.625  10.326 0.0000000000
114735  -50.680  10.540  20.297 0.0000000000
81172  -51.755  10.192  19.873 0.0000000000
81185  -53.654  10.316  16.824 0.0000000000
81191  -53.755  10.065  15.948 0.0000000000
81200  -53.118  10.343  15.220 0.0000000000
123684  -51.874  10.636  15.511 0.0000000000
81967  -49.232  11.845  18.244 0.0000000000
115244  -48.727  12.539  18.729 0.0000000000
83423  -48.322  13.399  19.134 0.0000000000
77539  -46.577  5.503  -1.423 0.0000000000
78243  -45.800  6.132  -1.294 0.0000000000
78831  -38.615  7.860  17.996 0.0000000000
78836  -39.535  7.621  17.520 0.0000000000
81150  -41.664  10.662  20.537 0.0000000000
81163  -42.032  10.596  19.779 0.0000000000
81164  -42.851  10.694  19.576 0.0000000000
81151  -42.596  11.035  20.446 0.0000000000
81923  -46.483  12.179  22.722 0.0000000000
82681  -47.198  12.261  22.746 0.0000000000
75161  -52.684  2.856  9.175 0.0000000000
121201  -49.305  -0.489  10.949 0.0000000000
72804  -48.544  -0.633  11.256 0.0000000000
72817  -47.980  -0.312  10.732 0.0000000000
71939  -43.623  -1.658  13.613 0.0000000000
71949  -44.004  -1.180  12.856 0.0000000000
72775  -42.100  -1.321  13.590 0.0000000000
75858  -45.768  3.304  21.144 0.0000000000
73516  -45.174  0.490  19.401 0.0000000000
73525  -45.759  -0.208  18.696 0.0000000000
71898  -45.028  -1.120  18.284 0.0000000000
73536  -43.864  -1.418  18.394 0.0000000000
75105  -38.069  1.501  15.304 0.0000000000
75104  -37.832  2.849  15.701 0.0000000000
75094  -37.168  2.634  16.097 0.0000000000
78197  -49.225  6.860  4.274 0.0000000000
78217  -45.502  6.761  2.241 0.0000000000
78228  -46.999  7.101  1.485 0.0000000000
78963  -46.836  7.562  0.771 0.0000000000
81340  -46.114  11.179  -0.546 0.0000000000
81341  -46.443  11.155  -1.400 0.0000000000
78118  -42.850  5.925  15.500 0.0000000000
78880  -44.999  7.597  12.879 0.0000000000
78864  -44.399  7.010  13.373 0.0000000000
79677  -43.921  8.620  11.936 0.0000000000
79678  -44.760  8.355  12.280 0.0000000000
78870  -49.298  8.048  14.360 0.0000000000
81273  -45.805  10.639  8.246 0.0000000000
81282  -45.788  10.667  7.336 0.0000000000
83524  -47.336  13.162  4.095 0.0000000000
83532  -47.287  13.193  3.286 0.0000000000
83531  -46.463  13.290  2.910 0.0000000000
83539  -45.134  13.309  1.841 0.0000000000
83530  -45.315  13.356  2.670 0.0000000000
83529  -44.326  13.309  2.489 0.0000000000
83522  -45.468  13.277  3.678 0.0000000000
82833  -44.896  12.662  7.687 0.0000000000
82028  -47.610  11.637  12.008 0.0000000000
82015  -46.977  11.138  12.789 0.0000000000
82768  -43.345  12.262  12.040 0.0000000000
108345  -43.058  12.652  10.920 0.0000000000
76666  -39.664  4.812  12.042 0.0000000000
76668  -39.705  4.738  11.245 0.0000000000
81159  -53.517  10.609  20.281 0.0000000000
81142  -53.631  10.857  20.805 0.0000000000
81965  -53.839  11.116  19.593 0.0000000000
81966  -53.919  11.144  19.974 0.0000000000
81971  -53.718  10.647  18.654 0.0000000000
81970  -52.727  11.295  18.552 0.0000000000
82697  -51.873  12.557  20.000 0.0000000000
83416  -50.750  13.162  20.202 0.0000000000
117968  -47.202  3.914  -1.152 0.0000000000
77541  -47.891  5.566  -1.406 0.0000000000
80364  -38.548  9.212  20.404 0.0000000000
72778  -50.404  -0.889  13.536 0.0000000000
72777  -49.434  -1.199  13.418 0.0000000000
122660  -48.728  -1.243  12.923 0.0000000000
71944  -48.533  -1.382  13.639 0.0000000000
71931  -47.221  -1.555  14.482 0.0000000000
71930  -46.360  -1.685  14.406 0.0000000000
107789  -45.421  -1.869  14.228 0.0000000000
107423  -45.907  -1.883  15.204 0.0000000000
74327  -39.416  -1.769  18.447 0.0000000000
75071  -38.250  -1.518  17.630 0.0000000000
75085  -37.893  -1.081  16.608 0.0000000000
75069  -36.946  -0.026  16.768 0.0000000000
78176  -42.286  6.220  6.084 0.0000000000
128325  -42.601  6.217  5.651 0.0000000000
78182  -42.255  6.772  5.470 0.0000000000
78931  -42.513  7.698  4.292 0.0000000000
78932  -43.077  7.112  4.009 0.0000000000
78940  -44.241  6.954  3.013 0.0000000000
78950  -43.891  7.860  2.456 0.0000000000
80510  -43.235  9.494  3.015 0.0000000000
79750  -43.584  8.897  2.361 0.0000000000
80518  -43.749  9.930  2.314 0.0000000000
81316  -43.762  10.484  3.148 0.0000000000
78115  -44.803  7.027  16.144 0.0000000000
78852  -46.194  6.764  15.544 0.0000000000
78122  -46.531  6.323  14.987 0.0000000000
78125  -46.522  6.319  14.406 0.0000000000
80452  -51.406  10.042  11.713 0.0000000000
81240  -51.052  10.688  10.692 0.0000000000
81265  -49.843  11.915  9.250 0.0000000000
81264  -48.733  11.577  9.151 0.0000000000
82067  -48.114  11.729  7.777 0.0000000000
123020  -48.427  12.047  7.784 0.0000000000
82836  -48.189  12.477  7.639 0.0000000000
82846  -48.133  12.490  6.605 0.0000000000
82855  -47.625  13.171  5.525 0.0000000000
82854  -46.663  13.255  5.237 0.0000000000
112631  -46.968  13.087  7.690 0.0000000000
82825  -46.465  13.146  8.408 0.0000000000
112606  -46.030  12.927  7.770 0.0000000000
81195  -46.084  10.474  15.034 0.0000000000
81208  -45.847  10.566  14.206 0.0000000000
81194  -45.234  10.622  14.820 0.0000000000
82006  -44.515  10.852  14.376 0.0000000000
116284  -43.828  11.235  13.723 0.0000000000
82004  -43.049  11.444  14.516 0.0000000000
82720  -41.978  12.367  16.030 0.0000000000
75155  -44.806  2.327  8.853 0.0000000000
75171  -44.135  2.946  8.504 0.0000000000
75950  -43.641  3.555  8.175 0.0000000000
119674  -42.710  3.789  8.441 0.0000000000
76669  -40.968  3.097  10.279 0.0000000000
76677  -41.732  3.163  9.632 0.0000000000
76683  -40.904  5.046  8.805 0.0000000000
76684  -41.435  4.657  8.633 0.0000000000
76694  -42.145  4.628  8.093 0.0000000000
76706  -41.801  5.377  7.576 0.0000000000
77448  -40.956  6.080  7.830 0.0000000000
78905  -40.589  7.235  8.912 0.0000000000
78170  -40.724  7.064  8.028 0.0000000000
80389  -50.891  9.406  18.251 0.0000000000
79648  -50.922  8.741  15.981 0.0000000000
125913  -53.592  9.934  19.048 0.0000000000
80391  -53.590  9.620  18.270 0.0000000000
80411  -53.626  9.867  15.496 0.0000000000
79650  -53.000  9.438  15.844 0.0000000000
80410  -53.187  9.627  14.982 0.0000000000
79659  -52.729  9.734  13.471 0.0000000000
81232  -52.414  10.813  12.529 0.0000000000
82031  -51.929  11.618  12.042 0.0000000000
81212  -50.192  10.603  14.355 0.0000000000
81223  -49.645  10.748  13.644 0.0000000000
81211  -49.085  10.494  14.507 0.0000000000
81978  -51.028  11.204  17.766 0.0000000000
81989  -50.725  10.893  16.965 0.0000000000
81188  -48.168  10.711  16.026 0.0000000000
81986  -47.649  11.127  16.656 0.0000000000
81974  -47.110  11.671  17.257 0.0000000000
82714  -46.589  12.275  17.710 0.0000000000
111567  -45.910  12.266  17.480 0.0000000000
78242  -45.238  6.533  -0.729 0.0000000000
78110  -39.755  6.310  16.562 0.0000000000
78111  -40.604  6.401  16.352 0.0000000000
78838  -41.453  7.720  17.205 0.0000000000
80378  -39.435  9.435  19.207 0.0000000000
79621  -39.625  8.958  18.554 0.0000000000
80381  -42.028  9.624  18.636 0.0000000000
79623  -41.543  8.945  18.226 0.0000000000
79625  -43.361  9.042  17.905 0.0000000000
81176  -44.292  10.125  18.746 0.0000000000
81177  -45.115  10.149  18.717 0.0000000000
80384  -45.542  9.668  18.228 0.0000000000
128303  -44.260  11.366  22.972 0.0000000000
81919  -43.327  11.245  22.000 0.0000000000
81934  -43.888  11.480  21.480 0.0000000000
81935  -44.832  11.673  21.195 0.0000000000
81953  -45.498  11.452  20.494 0.0000000000
117148  -46.233  10.472  19.178 0.0000000000
81153  -46.981  10.973  19.990 0.0000000000
81169  -47.625  10.415  19.378 0.0000000000
129561  -47.332  10.668  19.690 0.0000000000
81939  -48.555  11.621  21.521 0.0000000000
81955  -48.188  11.207  20.750 0.0000000000
81956  -49.164  11.141  20.846 0.0000000000
81940  -49.565  11.520  21.628 0.0000000000
75160  -51.248  2.274  9.049 0.0000000000
75175  -50.576  2.869  8.635 0.0000000000
74420  -49.491  1.642  9.028 0.0000000000
73590  -52.429  0.310  11.350 0.0000000000
73610  -52.156  0.453  10.517 0.0000000000
74405  -51.771  0.682  9.923 0.0000000000
74422  -51.590  1.325  9.534 0.0000000000
73623  -51.063  0.659  9.759 0.0000000000
124099  -48.743  0.560  9.672 0.0000000000
74419  -48.554  1.293  9.227 0.0000000000
73619  -47.049  0.703  9.721 0.0000000000
73604  -46.204  -0.137  10.991 0.0000000000
115303  -45.832  0.379  10.465 0.0000000000
73603  -44.958  0.563  10.564 0.0000000000
72788  -46.523  -1.136  12.455 0.0000000000
71951  -45.729  -1.203  12.629 0.0000000000
72785  -43.531  -0.591  12.330 0.0000000000
73586  -43.514  -0.082  11.736 0.0000000000
73601  -43.856  0.282  11.291 0.0000000000
73585  -42.265  0.544  11.693 0.0000000000
110479  -50.305  0.346  17.576 0.0000000000
75849  -48.189  3.796  21.122 0.0000000000
75861  -48.771  3.519  20.745 0.0000000000
75048  -48.122  3.042  20.486 0.0000000000
75046  -45.345  2.688  20.720 0.0000000000
74297  -45.933  2.061  20.190 0.0000000000
75054  -46.809  2.160  20.051 0.0000000000
74314  -47.289  1.561  19.498 0.0000000000
75056  -48.573  2.367  19.888 0.0000000000
74315  -48.150  1.660  19.438 0.0000000000
72744  -46.981  -0.214  18.210 0.0000000000
73527  -47.771  0.082  18.166 0.0000000000
112451  -48.152  -0.530  17.460 0.0000000000
72754  -47.717  -1.096  16.995 0.0000000000
71905  -46.928  -1.247  17.095 0.0000000000
71909  -44.694  -2.218  16.771 0.0000000000
71910  -45.677  -1.855  16.602 0.0000000000
71918  -43.488  -2.537  16.117 0.0000000000
71147  -44.249  -2.434  15.704 0.0000000000
74366  -38.877  1.323  14.382 0.0000000000
75115  -39.212  2.497  14.289 0.0000000000
127345  -39.319  3.670  15.203 0.0000000000
128196  -38.986  3.977  15.575 0.0000000000
77394  -37.714  5.209  16.685 0.0000000000
75885  -36.702  3.470  16.563 0.0000000000
76646  -35.665  4.431  17.482 0.0000000000
78100  -36.565  6.654  18.184 0.0000000000
78829  -36.901  7.377  18.530 0.0000000000
78825  -36.570  7.702  19.239 0.0000000000
79614  -36.981  8.207  19.639 0.0000000000
76764  -50.567  5.898  4.061 0.0000000000
77513  -50.327  6.852  2.801 0.0000000000
77505  -50.330  6.034  3.006 0.0000000000
119571  -50.195  6.791  2.155 0.0000000000
76778  -49.872  5.823  2.028 0.0000000000
124104  -45.771  4.674  6.196 0.0000000000
76729  -45.940  4.298  6.745 0.0000000000
77480  -43.801  5.768  5.024 0.0000000000
115088  -45.092  5.634  4.265 0.0000000000
77504  -46.332  5.947  3.656 0.0000000000
78195  -47.222  6.143  3.765 0.0000000000
77494  -47.457  5.937  4.514 0.0000000000
78207  -49.029  7.026  3.489 0.0000000000
109402  -49.937  7.353  1.276 0.0000000000
78237  -49.930  7.365  0.554 0.0000000000
78976  -48.952  7.870  -0.549 0.0000000000
78985  -48.486  7.687  -0.927 0.0000000000
116047  -48.161  7.234  -1.376 0.0000000000
78973  -46.546  8.157  0.139 0.0000000000
79766  -46.003  8.849  0.080 0.0000000000
80538  -46.645  10.268  -1.619 0.0000000000
79785  -46.871  8.797  -1.655 0.0000000000
79784  -46.609  8.992  -1.943 0.0000000000
78990  -46.104  8.010  -1.864 0.0000000000
80546  -46.279  9.946  -2.177 0.0000000000
80545  -45.253  9.765  -2.032 0.0000000000
81339  -44.661  10.738  -1.812 0.0000000000
120772  -44.467  9.524  -1.400 0.0000000000
76660  -40.915  4.906  14.864 0.0000000000
77408  -42.748  5.564  14.614 0.0000000000
122559  -41.015  5.946  12.950 0.0000000000
78128  -41.940  6.218  13.394 0.0000000000
77403  -44.555  5.858  15.275 0.0000000000
121393  -44.028  5.644  15.099 0.0000000000
77415  -44.124  5.880  14.375 0.0000000000
78877  -41.875  7.436  12.231 0.0000000000
78888  -41.589  7.738  11.447 0.0000000000
78889  -42.294  8.117  11.867 0.0000000000
79702  -43.187  9.216  11.054 0.0000000000
79701  -42.485  8.922  10.570 0.0000000000
80459  -42.598  9.225  9.720 0.0000000000
107919  -42.662  9.397  9.015 0.0000000000
79646  -48.902  8.385  16.199 0.0000000000
79645  -47.973  8.248  16.319 0.0000000000
78850  -48.408  7.783  15.593 0.0000000000
78869  -48.485  7.591  14.124 0.0000000000
78868  -47.862  7.180  13.889 0.0000000000
78867  -47.164  7.056  13.678 0.0000000000
80450  -48.804  9.723  11.455 0.0000000000
80436  -49.013  9.163  12.287 0.0000000000
119920  -47.949  9.681  11.356 0.0000000000
80449  -47.134  9.275  11.594 0.0000000000
80448  -46.132  9.285  11.437 0.0000000000
79693  -46.428  8.602  12.144 0.0000000000
80447  -45.276  9.389  11.225 0.0000000000
115476  -44.473  9.536  10.928 0.0000000000
80462  -45.159  9.820  10.465 0.0000000000
81271  -44.066  10.212  8.037 0.0000000000
80471  -44.179  10.122  8.951 0.0000000000
114996  -43.419  10.019  7.654 0.0000000000
81287  -43.160  10.168  6.039 0.0000000000
81288  -44.087  10.377  6.321 0.0000000000
81310  -45.470  10.849  4.819 0.0000000000
81309  -44.301  10.641  4.627 0.0000000000
82095  -45.443  11.483  3.261 0.0000000000
81302  -46.840  11.158  5.880 0.0000000000
128358  -47.493  11.784  4.721 0.0000000000
82114  -46.905  12.820  2.587 0.0000000000
82105  -46.777  12.092  3.182 0.0000000000
82113  -45.760  12.558  1.900 0.0000000000
82891  -45.348  12.472  0.385 0.0000000000
82889  -44.261  12.494  0.235 0.0000000000
81333  -43.413  11.049  -0.168 0.0000000000
82125  -42.858  11.529  0.874 0.0000000000
107236  -45.699  12.981  5.545 0.0000000000
82864  -44.462  13.053  4.381 0.0000000000
107470  -43.036  12.651  4.912 0.0000000000
82038  -49.783  12.317  11.259 0.0000000000
82037  -48.419  12.383  11.282 0.0000000000
82785  -46.507  12.703  10.837 0.0000000000
83495  -46.158  13.213  9.949 0.0000000000
120934  -45.454  11.323  12.855 0.0000000000
113059  -45.757  11.709  12.233 0.0000000000
82783  -44.793  12.478  11.338 0.0000000000
82815  -44.550  12.942  10.153 0.0000000000
107783  -43.489  12.448  9.003 0.0000000000
82066  -41.509  11.828  8.429 0.0000000000
82055  -40.995  11.652  9.036 0.0000000000
82810  -39.991  11.830  10.089 0.0000000000
82757  -42.182  12.007  13.220 0.0000000000
82756  -41.492  12.392  12.879 0.0000000000
83480  -40.163  12.894  12.976 0.0000000000
107126  -40.801  12.713  12.502 0.0000000000
82765  -39.972  12.996  12.138 0.0000000000
82778  -39.202  12.818  11.587 0.0000000000
107816  -44.036  14.034  17.919 0.0000000000
107140  -42.638  13.679  17.429 0.0000000000
83449  -41.741  12.841  16.712 0.0000000000
75122  -39.964  2.173  12.099 0.0000000000
75910  -39.907  2.884  11.638 0.0000000000
75905  -39.473  3.203  12.635 0.0000000000
81958  -53.793  11.255  20.593 0.0000000000
82698  -52.967  12.563  20.263 0.0000000000
83417  -52.113  13.286  20.505 0.0000000000
79595  -37.776  8.431  21.761 0.0000000000
79607  -38.594  8.857  21.638 0.0000000000
72771  -50.523  -0.803  14.542 0.0000000000
71933  -49.154  -1.345  14.285 0.0000000000
71923  -49.003  -1.353  14.995 0.0000000000
71921  -47.531  -1.492  15.429 0.0000000000
74324  -37.244  -0.745  17.838 0.0000000000
74323  -36.502  0.187  17.449 0.0000000000
74305  -36.665  -0.208  18.596 0.0000000000
75955  -48.899  3.263  8.054 0.0000000000
78923  -41.740  7.534  5.748 0.0000000000
78924  -42.122  7.611  5.026 0.0000000000
78938  -42.865  7.800  3.684 0.0000000000
79743  -43.116  8.418  3.141 0.0000000000
79742  -42.587  8.473  3.918 0.0000000000
79632  -45.542  8.646  17.120 0.0000000000
79642  -45.125  7.920  16.630 0.0000000000
79643  -46.047  8.031  16.570 0.0000000000
78848  -46.598  7.418  15.956 0.0000000000
81255  -52.038  11.558  10.406 0.0000000000
81254  -51.697  11.569  10.155 0.0000000000
82047  -51.425  12.116  9.709 0.0000000000
82058  -50.562  12.233  9.436 0.0000000000
82835  -47.673  12.731  7.191 0.0000000000
82827  -47.880  12.871  8.549 0.0000000000
83508  -47.576  13.013  9.139 0.0000000000
76675  -40.177  4.146  10.523 0.0000000000
77433  -40.208  4.884  10.012 0.0000000000
77439  -40.447  5.366  9.341 0.0000000000
77447  -40.646  5.770  8.637 0.0000000000
78900  -40.904  7.937  9.320 0.0000000000
113089  -49.360  10.258  19.501 0.0000000000
80388  -49.817  9.478  18.219 0.0000000000
80373  -50.076  9.795  18.903 0.0000000000
80402  -51.796  9.142  17.533 0.0000000000
80404  -54.107  9.939  17.811 0.0000000000
80407  -54.011  9.947  16.761 0.0000000000
80412  -53.782  9.970  15.824 0.0000000000
80419  -53.485  9.966  14.828 0.0000000000
80429  -53.096  9.991  13.875 0.0000000000
81214  -53.166  10.170  14.324 0.0000000000
81225  -52.279  10.553  13.537 0.0000000000
120705  -51.313  10.652  14.199 0.0000000000
81977  -49.888  11.321  17.632 0.0000000000
81975  -47.965  11.588  17.400 0.0000000000
83429  -47.400  13.431  18.712 0.0000000000
78109  -38.960  6.146  16.729 0.0000000000
78106  -39.288  6.827  17.078 0.0000000000
79626  -40.098  8.338  17.888 0.0000000000
80369  -40.441  10.133  19.874 0.0000000000
115466  -40.912  10.063  19.350 0.0000000000
80370  -41.609  10.154  19.225 0.0000000000
80382  -42.987  9.693  18.521 0.0000000000
80372  -43.122  10.297  19.001 0.0000000000
81165  -43.725  10.606  19.298 0.0000000000
81960  -44.173  11.209  19.967 0.0000000000
81921  -44.768  11.670  22.753 0.0000000000
110025  -45.270  11.847  21.988 0.0000000000
109052  -46.140  12.007  21.996 0.0000000000
81937  -46.705  11.744  21.308 0.0000000000
81954  -47.286  11.313  20.656 0.0000000000
81924  -47.928  12.108  22.287 0.0000000000
120635  -51.972  2.844  8.957 0.0000000000
72820  -50.951  -0.251  10.879 0.0000000000
73608  -50.546  0.114  10.214 0.0000000000
73606  -48.391  0.113  10.141 0.0000000000
73605  -47.511  0.170  10.221 0.0000000000
72816  -47.080  -0.270  10.872 0.0000000000
71941  -45.404  -1.552  13.356 0.0000000000
71950  -44.893  -1.220  12.718 0.0000000000
73578  -42.020  0.039  12.328 0.0000000000
72784  -42.550  -0.639  12.741 0.0000000000
74311  -44.651  1.169  20.023 0.0000000000
74312  -45.577  1.343  19.789 0.0000000000
73518  -46.910  0.886  19.080 0.0000000000
73526  -46.583  0.226  18.667 0.0000000000
108653  -46.383  -0.415  18.299 0.0000000000
72748  -46.530  -0.916  17.741 0.0000000000
71904  -46.164  -1.470  17.137 0.0000000000
71903  -45.885  -1.339  17.563 0.0000000000
74357  -38.450  0.702  14.959 0.0000000000
75892  -38.603  3.165  15.391 0.0000000000
75889  -38.299  3.884  15.802 0.0000000000
76651  -37.204  4.445  16.588 0.0000000000
78209  -50.230  7.004  3.500 0.0000000000
78942  -50.304  6.957  2.638 0.0000000000
75971  -44.803  3.736  7.556 0.0000000000
76709  -45.304  4.059  7.140 0.0000000000
76745  -45.093  4.930  5.712 0.0000000000
78203  -44.768  6.182  3.511 0.0000000000
78204  -45.748  6.253  2.989 0.0000000000
78205  -46.873  6.359  2.973 0.0000000000
78220  -48.910  7.165  2.569 0.0000000000
78219  -47.726  6.961  2.102 0.0000000000
78965  -49.567  7.687  0.495 0.0000000000
78236  -49.589  7.813  -0.046 0.0000000000
79765  -45.265  9.383  0.596 0.0000000000
80532  -46.022  9.977  -0.284 0.0000000000
80547  -46.557  10.412  -1.992 0.0000000000
81346  -46.546  11.021  -1.922 0.0000000000
82134  -46.263  11.603  -1.727 0.0000000000
82133  -45.649  12.035  -1.498 0.0000000000
78117  -41.982  5.866  15.568 0.0000000000
78131  -44.899  6.222  14.081 0.0000000000
78130  -43.853  6.349  13.824 0.0000000000
79676  -43.114  8.373  12.067 0.0000000000
118557  -43.342  8.834  11.572 0.0000000000
78857  -49.317  7.970  14.896 0.0000000000
128731  -48.700  7.601  15.051 0.0000000000
79667  -48.404  7.964  13.652 0.0000000000
80464  -47.505  10.022  10.800 0.0000000000
81250  -47.089  10.391  10.135 0.0000000000
81249  -46.061  10.203  10.108 0.0000000000
81248  -45.155  10.204  9.724 0.0000000000
81261  -45.062  10.381  8.990 0.0000000000
81272  -44.838  10.398  8.286 0.0000000000
81281  -44.803  10.428  7.611 0.0000000000
81289  -44.937  10.476  6.864 0.0000000000
124872  -45.071  10.555  6.174 0.0000000000
82090  -47.819  12.387  4.722 0.0000000000
82098  -47.487  12.566  3.929 0.0000000000
82870  -47.504  12.944  3.066 0.0000000000
83541  -46.928  13.059  2.573 0.0000000000
82877  -46.120  12.986  1.972 0.0000000000
82883  -45.254  12.920  0.825 0.0000000000
83547  -45.576  13.070  1.437 0.0000000000
83546  -44.927  13.219  1.213 0.0000000000
83545  -44.250  13.117  1.241 0.0000000000
82881  -43.308  12.205  0.897 0.0000000000
82876  -43.610  12.970  1.700 0.0000000000
124814  -43.653  13.113  2.287 0.0000000000
82843  -45.177  12.734  6.166 0.0000000000
110660  -44.181  12.534  6.085 0.0000000000
82771  -46.157  12.231  11.534 0.0000000000
113382  -44.071  12.429  11.521 0.0000000000
82800  -43.712  12.721  10.589 0.0000000000
108075  -42.939  12.580  10.301 0.0000000000
108137  -42.231  12.335  10.058 0.0000000000
82798  -41.531  12.264  10.302 0.0000000000
111022  -41.425  12.542  10.982 0.0000000000
83479  -39.593  12.989  13.428 0.0000000000
117841  -39.615  12.751  14.141 0.0000000000
75916  -41.584  2.336  10.445 0.0000000000
77423  -40.046  5.703  11.463 0.0000000000
81158  -52.585  10.512  20.539 0.0000000000
81182  -54.000  10.149  18.367 0.0000000000
125827  -52.115  11.100  17.944 0.0000000000
81963  -51.936  11.954  19.259 0.0000000000
82710  -50.661  12.083  19.061 0.0000000000
111307  -50.122  12.694  19.575 0.0000000000
122057  -49.798  13.323  19.872 0.0000000000
79620  -38.801  8.626  18.542 0.0000000000
79616  -38.353  8.920  19.185 0.0000000000
80368  -38.847  9.355  19.704 0.0000000000
112972  -39.650  9.747  19.834 0.0000000000
80354  -38.732  9.169  20.983 0.0000000000
80366  -40.027  9.868  20.728 0.0000000000
113042  -50.018  -0.771  12.113 0.0000000000
111214  -48.401  -1.046  12.135 0.0000000000
71953  -47.962  -1.312  12.931 0.0000000000
71952  -47.096  -1.401  13.005 0.0000000000
71942  -46.772  -1.544  13.737 0.0000000000
129079  -44.928  -1.765  13.769 0.0000000000
71929  -44.347  -2.026  14.159 0.0000000000
71928  -43.274  -2.182  14.336 0.0000000000
75032  -44.877  3.190  21.338 0.0000000000
74295  -44.086  1.833  20.475 0.0000000000
74294  -43.234  1.473  20.464 0.0000000000
74310  -43.828  1.039  20.222 0.0000000000
73515  -43.954  0.225  19.590 0.0000000000
75095  -37.463  1.359  15.784 0.0000000000
75083  -36.970  1.222  16.238 0.0000000000
75082  -36.147  2.515  16.863 0.0000000000
75068  -35.844  1.384  17.485 0.0000000000
75081  -35.552  2.714  17.422 0.0000000000
77467  -43.484  5.282  6.178 0.0000000000
77479  -42.897  5.805  5.834 0.0000000000
78194  -43.426  6.401  4.501 0.0000000000
78952  -45.307  7.332  1.745 0.0000000000
78961  -44.717  8.001  1.642 0.0000000000
79758  -44.616  8.929  1.333 0.0000000000
80525  -44.698  9.855  1.126 0.0000000000
81328  -45.019  11.000  1.157 0.0000000000
78114  -43.763  6.914  16.273 0.0000000000
121704  -44.381  6.405  15.742 0.0000000000
78116  -45.485  6.714  15.714 0.0000000000
78121  -45.783  6.211  15.276 0.0000000000
77404  -45.318  5.829  15.094 0.0000000000
78124  -45.608  5.984  14.551 0.0000000000
78132  -45.991  6.352  13.975 0.0000000000
79683  -51.130  8.960  13.272 0.0000000000
79682  -50.189  8.769  13.237 0.0000000000
80451  -49.980  9.893  11.586 0.0000000000
121533  -47.721  10.916  9.493 0.0000000000
81283  -46.954  11.157  7.580 0.0000000000
82082  -47.793  11.789  6.169 0.0000000000
82075  -48.216  12.218  7.420 0.0000000000
82083  -48.092  12.492  5.615 0.0000000000
82856  -48.063  13.060  5.043 0.0000000000
128035  -46.660  13.340  4.675 0.0000000000
82834  -46.858  12.903  7.032 0.0000000000
81220  -46.411  10.780  13.523 0.0000000000
82014  -45.629  10.937  13.454 0.0000000000
82013  -44.833  11.146  13.390 0.0000000000
82758  -42.840  11.932  12.753 0.0000000000
82747  -42.228  11.782  14.166 0.0000000000
82746  -41.518  12.117  14.706 0.0000000000
82733  -40.769  12.427  15.274 0.0000000000
74430  -46.950  1.876  8.756 0.0000000000
117854  -46.458  2.536  8.337 0.0000000000
75172  -45.543  2.680  8.354 0.0000000000
75951  -45.190  3.236  7.956 0.0000000000
75970  -43.996  3.917  7.596 0.0000000000
76707  -43.512  4.523  7.203 0.0000000000
76686  -42.292  3.403  9.098 0.0000000000
77456  -43.082  5.072  6.808 0.0000000000
77455  -42.340  5.456  6.991 0.0000000000
77465  -42.106  5.910  6.614 0.0000000000
78175  -41.697  6.495  6.589 0.0000000000
117887  -41.202  6.775  7.251 0.0000000000
78918  -41.433  7.413  6.588 0.0000000000
79726  -41.478  8.331  7.019 0.0000000000
80489  -41.863  8.988  6.615 0.0000000000
80386  -47.340  9.748  18.362 0.0000000000
79634  -47.460  8.801  17.016 0.0000000000
80399  -47.889  9.314  17.657 0.0000000000
79636  -49.481  8.878  16.811 0.0000000000
79647  -49.838  8.537  16.058 0.0000000000
79653  -50.158  8.405  15.340 0.0000000000
79658  -51.284  8.727  14.361 0.0000000000
80375  -52.701  9.714  19.083 0.0000000000
80390  -52.231  9.389  18.320 0.0000000000
79638  -52.608  9.150  16.959 0.0000000000
119385  -53.653  9.598  17.188 0.0000000000
79639  -53.123  9.403  16.483 0.0000000000
79649  -52.188  9.089  16.087 0.0000000000
79669  -51.756  9.074  13.695 0.0000000000
80428  -52.024  9.516  12.944 0.0000000000
119492  -52.039  9.908  12.279 0.0000000000
80453  -52.227  10.538  11.744 0.0000000000
80440  -52.645  10.284  12.983 0.0000000000
81233  -52.389  10.727  12.025 0.0000000000
81242  -52.227  11.178  11.066 0.0000000000
82040  -52.073  11.861  10.432 0.0000000000
82789  -51.498  12.370  10.160 0.0000000000
82788  -50.483  12.709  10.204 0.0000000000
116783  -51.035  12.449  10.857 0.0000000000
120137  -49.780  11.696  12.176 0.0000000000
82018  -50.606  11.346  12.750 0.0000000000
123075  -51.578  10.723  16.331 0.0000000000
81988  -49.555  10.967  16.859 0.0000000000
81197  -48.663  10.542  15.318 0.0000000000
115248  -48.267  10.458  14.703 0.0000000000
81210  -47.552  10.449  14.503 0.0000000000
117560  -46.967  10.476  15.182 0.0000000000
81998  -46.424  10.760  15.811 0.0000000000
81985  -46.795  11.198  16.529 0.0000000000
81984  -45.913  11.313  16.442 0.0000000000
82713  -45.254  12.491  17.455 0.0000000000
75893  -39.890  4.069  14.988 0.0000000000
76656  -40.315  4.594  15.173 0.0000000000
77397  -41.094  5.800  15.737 0.0000000000
78112  -41.495  6.470  16.171 0.0000000000
78845  -42.793  7.111  16.472 0.0000000000
79627  -41.021  8.343  17.750 0.0000000000
78839  -42.367  7.745  17.055 0.0000000000
78840  -43.283  7.771  16.861 0.0000000000
114196  -43.876  9.601  18.328 0.0000000000
80395  -44.227  9.103  17.752 0.0000000000
80396  -45.091  9.172  17.678 0.0000000000
80385  -46.407  9.702  18.253 0.0000000000
81951  -43.500  11.339  20.652 0.0000000000
81961  -45.116  11.116  19.823 0.0000000000
81167  -45.529  10.576  19.239 0.0000000000
81179  -46.696  10.159  18.783 0.0000000000
121540  -47.315  10.196  18.934 0.0000000000
81180  -47.969  10.009  18.857 0.0000000000
81170  -48.399  10.322  19.431 0.0000000000
81156  -49.741  10.625  20.245 0.0000000000
75956  -49.863  3.328  8.310 0.0000000000
120208  -49.152  2.720  8.430 0.0000000000
74431  -47.926  1.941  8.784 0.0000000000
73622  -50.201  0.696  9.650 0.0000000000
116776  -50.029  1.309  9.277 0.0000000000
74417  -46.597  1.312  9.329 0.0000000000
74416  -45.918  1.280  9.496 0.0000000000
74393  -44.803  1.181  10.023 0.0000000000
74392  -44.174  1.119  10.360 0.0000000000
74391  -43.366  0.971  10.758 0.0000000000
72802  -46.636  -0.659  11.669 0.0000000000
72801  -45.729  -0.451  11.596 0.0000000000
72787  -45.291  -0.772  12.151 0.0000000000
72800  -44.935  -0.356  11.634 0.0000000000
73587  -44.606  0.121  11.195 0.0000000000
74390  -42.393  1.143  11.076 0.0000000000
75117  -39.564  2.332  12.878 0.0000000000
75903  -39.535  3.128  14.122 0.0000000000
73547  -49.910  -0.221  16.991 0.0000000000
75862  -49.497  3.632  20.715 0.0000000000
75050  -49.859  3.073  20.196 0.0000000000
75047  -47.148  2.864  20.487 0.0000000000
75057  -49.419  2.447  19.772 0.0000000000
74317  -49.835  1.897  19.274 0.0000000000
74331  -49.436  1.290  18.804 0.0000000000
73528  -49.067  0.656  18.349 0.0000000000
113478  -48.363  0.578  18.434 0.0000000000
73538  -49.472  0.164  17.720 0.0000000000
72750  -48.999  -0.476  17.102 0.0000000000
72755  -48.804  -0.975  16.288 0.0000000000
71913  -48.049  -1.255  16.262 0.0000000000
71920  -46.653  -1.649  15.758 0.0000000000
71911  -46.446  -1.586  16.503 0.0000000000
71919  -45.993  -1.830  16.007 0.0000000000
71152  -43.816  -2.427  14.932 0.0000000000
71927  -42.488  -2.252  14.591 0.0000000000
73535  -42.688  -1.862  18.340 0.0000000000
73546  -43.134  -2.171  17.811 0.0000000000
73557  -42.491  -2.528  17.185 0.0000000000
73556  -41.542  -2.570  16.523 0.0000000000
72760  -42.515  -2.578  16.305 0.0000000000
72759  -41.864  -2.497  15.571 0.0000000000
71916  -42.232  -2.450  15.058 0.0000000000
72769  -41.706  -2.132  14.621 0.0000000000
113251  -39.597  4.429  15.484 0.0000000000
77399  -39.464  5.117  15.950 0.0000000000
76653  -38.667  5.317  16.418 0.0000000000
78835  -38.136  7.123  17.702 0.0000000000
76647  -36.401  4.406  16.961 0.0000000000
78103  -37.011  6.237  17.624 0.0000000000
78101  -37.339  6.936  17.915 0.0000000000
78830  -37.708  7.624  18.271 0.0000000000
79615  -37.640  8.574  19.402 0.0000000000
79611  -37.394  8.568  20.218 0.0000000000
115958  -36.466  7.882  19.909 0.0000000000
79605  -37.057  8.287  21.047 0.0000000000
76018  -49.441  4.070  3.249 0.0000000000
76770  -49.129  4.693  1.889 0.0000000000
77520  -49.348  5.524  1.099 0.0000000000
75973  -46.645  3.559  7.485 0.0000000000
76711  -46.835  4.129  6.973 0.0000000000
76730  -47.505  4.720  6.484 0.0000000000
77468  -44.134  5.292  5.624 0.0000000000
77482  -45.579  5.305  4.972 0.0000000000
77483  -46.651  5.484  4.961 0.0000000000
78955  -50.175  7.043  2.055 0.0000000000
76794  -48.645  6.206  -0.656 0.0000000000
78244  -48.934  7.443  -0.793 0.0000000000
78249  -47.349  7.275  -1.688 0.0000000000
78983  -47.709  8.166  -0.885 0.0000000000
79776  -47.443  8.199  -1.265 0.0000000000
78991  -47.044  8.120  -1.626 0.0000000000
78989  -45.486  8.218  -1.658 0.0000000000
79772  -44.330  8.657  -0.883 0.0000000000
77407  -41.716  5.295  14.691 0.0000000000
77417  -40.273  5.601  12.296 0.0000000000
78139  -40.672  6.338  12.078 0.0000000000
77409  -43.744  5.624  14.744 0.0000000000
78129  -42.877  6.386  13.647 0.0000000000
78887  -40.897  7.364  10.815 0.0000000000
78894  -41.135  7.936  10.142 0.0000000000
79688  -42.017  8.345  11.108 0.0000000000
79707  -41.486  8.424  9.643 0.0000000000
121098  -41.298  8.427  8.968 0.0000000000
79712  -41.571  8.702  8.358 0.0000000000
80481  -41.869  9.041  7.527 0.0000000000
80482  -42.352  9.503  6.966 0.0000000000
78849  -47.549  7.545  15.747 0.0000000000
78123  -47.243  6.675  14.594 0.0000000000
78126  -47.316  6.659  14.078 0.0000000000
78866  -46.347  6.997  13.579 0.0000000000
79679  -45.691  8.090  12.537 0.0000000000
79681  -49.172  8.599  13.094 0.0000000000
79680  -48.246  8.505  12.865 0.0000000000
79691  -44.627  8.986  11.603 0.0000000000
80446  -43.783  9.502  10.745 0.0000000000
80470  -43.351  9.654  9.399 0.0000000000
109151  -42.684  9.645  7.642 0.0000000000
80490  -42.423  9.599  6.153 0.0000000000
81298  -42.794  9.944  5.330 0.0000000000
81308  -43.261  10.265  4.607 0.0000000000
81323  -44.430  10.922  2.200 0.0000000000
82120  -45.253  11.678  1.673 0.0000000000
82096  -46.223  11.326  3.998 0.0000000000
82097  -47.328  11.921  4.003 0.0000000000
82127  -45.695  11.949  -0.209 0.0000000000
82890  -45.070  12.680  0.110 0.0000000000
82895  -44.956  12.263  -0.696 0.0000000000
82132  -44.788  11.782  -1.461 0.0000000000
81338  -44.080  11.014  -0.905 0.0000000000
114568  -43.708  12.801  4.876 0.0000000000
82804  -48.644  12.955  9.798 0.0000000000
83497  -47.602  13.018  9.701 0.0000000000
82803  -47.463  12.863  10.426 0.0000000000
83502  -46.832  13.120  9.550 0.0000000000
82824  -45.286  12.977  8.667 0.0000000000
82784  -45.630  12.596  11.100 0.0000000000
107166  -45.474  13.155  10.040 0.0000000000
82823  -44.154  12.573  8.390 0.0000000000
115345  -43.103  12.203  8.182 0.0000000000
82822  -42.144  12.041  7.779 0.0000000000
125001  -42.364  12.054  8.682 0.0000000000
82054  -40.222  11.585  9.226 0.0000000000
82779  -40.886  12.659  11.616 0.0000000000
83492  -39.051  13.208  12.335 0.0000000000
109626  -49.149  13.739  19.709 0.0000000000
83428  -46.601  13.542  18.497 0.0000000000
114438  -44.949  13.100  17.838 0.0000000000
84065  -45.300  15.047  18.102 0.0000000000
83434  -44.627  13.698  18.010 0.0000000000
122563  -44.493  12.658  17.374 0.0000000000
82712  -43.746  12.775  17.283 0.0000000000
83450  -42.973  12.914  17.184 0.0000000000
112344  -42.503  12.586  16.616 0.0000000000
82719  -41.098  12.569  16.118 0.0000000000
71145  -42.925  -2.466  14.974 0.0000000000
71146  -43.408  -2.514  15.444 0.0000000000
71902  -45.269  -1.572  17.615 0.0000000000
78954  -49.715  7.210  2.051 0.0000000000
79700  -41.760  8.411  10.366 0.0000000000
79708  -42.047  8.794  9.891 0.0000000000
80376  -53.695  10.427  19.470 0.0000000000
80420  -53.681  9.919  15.389 0.0000000000
81251  -48.064  10.739  10.065 0.0000000000
81301  -45.781  10.761  5.641 0.0000000000
81345  -45.643  10.752  -2.291 0.0000000000
81351  -45.984  11.333  -2.255 0.0000000000
82048  -51.927  11.967  9.906 0.0000000000
82138  -45.997  11.721  -2.048 0.0000000000
82790  -51.793  12.125  9.857 0.0000000000
82866  -47.720  12.849  4.505 0.0000000000
83525  -47.672  13.069  4.491 0.0000000000
115726  -44.212  11.481  20.751 0.0000000000
119210  -35.009  2.881  17.883 0.0000000000
123700  -46.311  11.371  -2.077 0.0000000000
129494  -53.813  10.652  19.666 0.0000000000
