#!ascii label  , from subject sub-v1s12x0050113_ses-1 vox2ras=TkReg
907
45799  -38.303  -33.275  36.295 0.0000000000
39783  -26.274  -40.569  38.091 0.0000000000
44095  -31.632  -35.294  35.955 0.0000000000
64160  -46.073  -11.172  18.839 0.0000000000
67274  -49.778  -7.496  14.073 0.0000000000
38957  -19.884  -41.027  42.337 0.0000000000
62495  -43.424  -13.308  21.186 0.0000000000
48155  -40.719  -30.732  35.182 0.0000000000
45794  -33.771  -33.141  36.349 0.0000000000
39761  -22.030  -40.266  39.054 0.0000000000
36506  -22.633  -44.503  42.137 0.0000000000
47387  -33.232  -32.505  31.988 0.0000000000
47400  -35.670  -31.821  30.712 0.0000000000
41538  -30.379  -38.782  37.013 0.0000000000
48163  -29.563  -29.879  33.503 0.0000000000
55876  -42.046  -21.396  22.898 0.0000000000
59091  -43.923  -17.818  22.285 0.0000000000
59974  -47.424  -16.173  20.803 0.0000000000
33655  -14.999  -47.779  44.239 0.0000000000
32683  -12.622  -48.114  47.205 0.0000000000
49051  -36.857  -28.723  29.590 0.0000000000
49970  -38.812  -28.328  26.349 0.0000000000
51645  -41.102  -25.984  23.756 0.0000000000
112135  -18.901  -46.292  42.189 0.0000000000
38997  -25.568  -41.320  40.643 0.0000000000
39000  -28.332  -41.157  40.330 0.0000000000
113767  -36.254  -33.543  35.776 0.0000000000
119663  -25.300  -37.590  37.507 0.0000000000
39794  -23.910  -39.740  37.728 0.0000000000
38995  -23.852  -41.470  40.289 0.0000000000
48166  -33.689  -30.735  34.076 0.0000000000
124885  -31.574  -30.733  32.714 0.0000000000
58290  -39.351  -18.518  22.714 0.0000000000
57502  -42.303  -19.691  22.907 0.0000000000
59098  -40.424  -16.910  21.568 0.0000000000
114971  -44.909  -15.127  19.169 0.0000000000
61671  -46.606  -14.088  18.526 0.0000000000
61660  -49.368  -14.287  19.718 0.0000000000
63349  -47.816  -12.639  17.827 0.0000000000
64178  -49.451  -11.607  16.975 0.0000000000
49911  -34.371  -28.903  31.345 0.0000000000
48233  -36.446  -30.225  30.065 0.0000000000
114117  -33.711  -27.556  29.538 0.0000000000
119618  -35.752  -26.831  26.063 0.0000000000
51629  -37.345  -26.528  24.613 0.0000000000
50839  -40.330  -27.155  24.803 0.0000000000
53347  -38.081  -24.855  23.553 0.0000000000
118274  -38.578  -22.635  23.020 0.0000000000
42405  -31.389  -37.568  35.547 0.0000000000
36503  -17.147  -44.998  42.250 0.0000000000
37398  -18.627  -43.802  41.545 0.0000000000
30227  -11.851  -51.185  47.941 0.0000000000
31879  -9.558  -49.663  49.310 0.0000000000
61620  -41.522  -14.450  22.834 0.0000000000
123085  -41.482  -29.384  34.424 0.0000000000
44951  -31.772  -33.375  36.745 0.0000000000
39742  -20.469  -40.475  40.927 0.0000000000
37407  -20.787  -43.457  40.083 0.0000000000
38228  -22.113  -42.748  39.855 0.0000000000
68042  -50.412  -6.139  12.871 0.0000000000
45840  -35.614  -33.559  33.621 0.0000000000
127654  -37.583  -32.758  33.177 0.0000000000
46645  -34.545  -32.585  31.520 0.0000000000
41555  -26.631  -38.654  36.544 0.0000000000
39799  -28.428  -39.910  37.493 0.0000000000
42387  -28.573  -37.733  36.020 0.0000000000
44102  -28.246  -35.613  34.972 0.0000000000
44964  -28.736  -34.531  33.840 0.0000000000
121680  -27.733  -30.090  35.069 0.0000000000
46607  -30.305  -32.752  34.176 0.0000000000
46594  -31.517  -32.758  35.404 0.0000000000
45829  -33.378  -33.290  34.285 0.0000000000
54184  -44.128  -23.961  24.843 0.0000000000
115943  -42.241  -15.637  20.352 0.0000000000
59956  -45.390  -16.880  21.398 0.0000000000
64932  -50.420  -10.869  15.966 0.0000000000
33642  -13.984  -47.809  45.574 0.0000000000
30229  -13.242  -51.319  47.051 0.0000000000
47390  -38.578  -31.398  32.315 0.0000000000
49038  -39.034  -29.527  32.003 0.0000000000
125484  -39.693  -28.678  31.378 0.0000000000
116674  -34.754  -27.621  27.949 0.0000000000
49959  -38.195  -28.443  27.868 0.0000000000
107568  -41.064  -28.525  29.776 0.0000000000
49952  -42.345  -28.290  28.541 0.0000000000
50815  -43.131  -27.232  26.833 0.0000000000
52511  -43.618  -25.445  25.280 0.0000000000
54191  -41.764  -23.975  22.937 0.0000000000
56710  -39.477  -20.428  22.815 0.0000000000
39768  -30.163  -39.991  39.255 0.0000000000
118340  -16.274  -44.703  44.784 0.0000000000
33684  -17.016  -47.110  42.604 0.0000000000
35556  -20.566  -45.643  42.134 0.0000000000
31877  -8.629  -49.291  49.220 0.0000000000
121617  -25.767  -40.899  39.024 0.0000000000
118865  -26.964  -41.184  40.078 0.0000000000
39765  -26.877  -40.915  39.158 0.0000000000
118216  -37.070  -33.481  35.799 0.0000000000
40656  -25.485  -38.980  36.635 0.0000000000
41537  -23.870  -38.667  37.518 0.0000000000
39795  -24.678  -40.005  37.546 0.0000000000
39764  -24.761  -40.787  38.980 0.0000000000
59941  -39.094  -16.791  23.171 0.0000000000
59089  -39.763  -17.172  21.979 0.0000000000
126267  -39.700  -15.958  22.423 0.0000000000
64159  -45.649  -11.703  19.014 0.0000000000
62528  -45.203  -13.363  18.708 0.0000000000
63347  -45.804  -12.554  18.497 0.0000000000
62530  -47.490  -13.308  18.164 0.0000000000
113456  -47.076  -12.598  17.928 0.0000000000
63360  -47.141  -11.635  17.678 0.0000000000
49923  -34.234  -28.668  30.591 0.0000000000
52509  -36.287  -25.345  25.458 0.0000000000
111805  -37.472  -25.109  24.116 0.0000000000
53341  -37.421  -24.124  24.076 0.0000000000
54972  -37.486  -22.632  23.950 0.0000000000
43240  -31.880  -36.425  35.788 0.0000000000
41561  -32.294  -37.529  36.541 0.0000000000
112565  -32.451  -36.844  36.462 0.0000000000
38177  -18.595  -42.407  42.944 0.0000000000
38210  -19.253  -42.415  41.516 0.0000000000
65764  -50.754  -9.072  14.554 0.0000000000
31053  -10.470  -50.054  48.609 0.0000000000
47345  -41.138  -31.040  35.835 0.0000000000
48195  -40.035  -29.864  33.932 0.0000000000
45793  -32.313  -32.972  36.837 0.0000000000
107274  -33.665  -33.275  38.224 0.0000000000
41513  -22.371  -38.635  39.079 0.0000000000
41500  -21.957  -38.842  39.695 0.0000000000
40582  -21.349  -38.938  41.157 0.0000000000
39760  -21.352  -40.528  39.632 0.0000000000
38994  -21.166  -41.350  39.774 0.0000000000
39013  -21.837  -41.165  39.406 0.0000000000
38213  -24.539  -41.948  41.776 0.0000000000
108206  -23.959  -42.131  41.512 0.0000000000
118443  -34.722  -33.568  32.833 0.0000000000
45850  -35.619  -33.385  32.613 0.0000000000
46635  -33.924  -33.087  31.905 0.0000000000
42370  -27.897  -37.571  37.310 0.0000000000
109031  -28.113  -37.907  36.579 0.0000000000
42371  -28.151  -37.254  36.918 0.0000000000
44094  -28.077  -35.842  36.139 0.0000000000
44948  -27.791  -34.841  35.731 0.0000000000
44113  -28.602  -35.307  34.166 0.0000000000
45809  -27.305  -32.882  35.331 0.0000000000
49000  -30.419  -28.855  35.285 0.0000000000
48162  -28.422  -29.979  34.259 0.0000000000
113299  -28.624  -31.452  33.973 0.0000000000
47355  -29.559  -31.227  33.557 0.0000000000
46593  -31.061  -32.821  35.342 0.0000000000
47356  -30.377  -31.645  33.424 0.0000000000
46633  -32.433  -32.364  32.488 0.0000000000
46619  -32.603  -32.946  32.927 0.0000000000
45838  -33.236  -33.304  33.184 0.0000000000
122806  -34.830  -33.633  33.783 0.0000000000
54974  -42.612  -22.724  23.220 0.0000000000
54967  -43.748  -22.713  24.129 0.0000000000
54975  -43.201  -22.258  23.645 0.0000000000
58294  -43.328  -18.340  22.621 0.0000000000
57492  -43.292  -19.584  23.684 0.0000000000
61621  -42.244  -13.947  22.123 0.0000000000
128364  -41.524  -14.843  21.233 0.0000000000
61644  -42.634  -14.333  20.338 0.0000000000
60869  -45.494  -15.595  19.522 0.0000000000
129215  -44.744  -16.118  19.897 0.0000000000
59973  -46.560  -16.358  20.656 0.0000000000
59943  -46.885  -16.720  22.061 0.0000000000
64179  -50.407  -11.761  17.022 0.0000000000
64931  -49.483  -10.625  16.065 0.0000000000
64941  -49.852  -10.149  15.517 0.0000000000
121188  -15.191  -46.187  44.776 0.0000000000
34607  -14.412  -47.088  45.504 0.0000000000
33654  -14.438  -47.850  44.873 0.0000000000
31075  -14.474  -50.549  46.056 0.0000000000
30220  -13.253  -51.789  47.988 0.0000000000
46647  -36.304  -32.473  31.251 0.0000000000
46638  -37.664  -32.469  32.393 0.0000000000
47401  -36.755  -31.818  30.710 0.0000000000
107966  -37.175  -29.357  30.104 0.0000000000
128612  -37.368  -30.115  30.418 0.0000000000
48235  -38.026  -29.452  30.696 0.0000000000
49912  -39.345  -28.946  31.714 0.0000000000
49926  -38.577  -28.738  30.549 0.0000000000
51587  -34.229  -25.978  27.350 0.0000000000
50812  -36.958  -28.048  25.921 0.0000000000
49968  -36.596  -28.156  26.846 0.0000000000
110293  -38.084  -28.459  26.902 0.0000000000
108106  -39.119  -28.440  28.287 0.0000000000
49960  -39.908  -28.441  27.670 0.0000000000
49941  -41.789  -28.507  29.082 0.0000000000
116520  -40.604  -28.218  27.162 0.0000000000
110912  -40.684  -26.525  24.212 0.0000000000
50833  -41.092  -27.220  25.248 0.0000000000
51619  -41.643  -26.714  24.938 0.0000000000
51603  -43.529  -26.571  26.357 0.0000000000
52518  -41.685  -25.868  24.047 0.0000000000
53351  -42.243  -24.629  23.516 0.0000000000
53350  -41.372  -24.752  22.996 0.0000000000
55867  -38.125  -21.245  23.770 0.0000000000
54979  -39.155  -21.988  22.789 0.0000000000
57482  -38.633  -20.010  23.958 0.0000000000
129231  -29.019  -39.637  37.487 0.0000000000
109162  -28.919  -40.213  38.655 0.0000000000
40622  -30.337  -39.477  38.393 0.0000000000
35581  -17.866  -45.370  41.769 0.0000000000
35567  -16.666  -45.860  42.481 0.0000000000
33685  -17.754  -47.187  42.686 0.0000000000
36515  -21.487  -44.590  41.084 0.0000000000
118872  -20.801  -44.783  41.034 0.0000000000
35557  -21.522  -45.481  42.547 0.0000000000
38977  -25.876  -41.547  41.409 0.0000000000
38978  -26.803  -41.549  41.533 0.0000000000
38980  -28.446  -41.483  41.338 0.0000000000
38981  -29.429  -41.497  41.497 0.0000000000
127243  -34.578  -33.346  36.410 0.0000000000
113892  -35.155  -33.372  36.959 0.0000000000
42344  -24.392  -37.503  38.824 0.0000000000
41523  -23.369  -38.318  38.082 0.0000000000
39779  -22.671  -39.704  38.552 0.0000000000
39762  -22.794  -40.535  38.870 0.0000000000
39763  -23.798  -40.666  38.898 0.0000000000
38996  -24.689  -41.344  40.519 0.0000000000
47373  -32.728  -31.619  32.185 0.0000000000
47374  -33.560  -31.537  31.949 0.0000000000
49014  -30.662  -29.164  34.374 0.0000000000
48189  -30.963  -30.293  33.005 0.0000000000
48190  -32.351  -30.750  32.709 0.0000000000
57500  -40.627  -20.041  22.610 0.0000000000
56713  -42.152  -20.583  22.952 0.0000000000
57501  -41.427  -19.362  22.468 0.0000000000
58292  -41.142  -18.549  22.024 0.0000000000
59100  -42.238  -17.342  21.161 0.0000000000
61645  -43.240  -14.033  19.879 0.0000000000
62518  -44.472  -13.708  19.087 0.0000000000
61656  -45.677  -14.973  19.029 0.0000000000
60871  -47.073  -15.245  19.496 0.0000000000
60855  -48.336  -15.214  20.282 0.0000000000
61659  -48.059  -14.442  19.117 0.0000000000
62519  -48.733  -13.990  18.981 0.0000000000
62532  -49.213  -13.301  18.485 0.0000000000
63350  -48.741  -12.736  17.900 0.0000000000
64176  -47.872  -11.125  17.218 0.0000000000
32715  -16.308  -48.752  44.013 0.0000000000
31924  -15.159  -49.117  44.548 0.0000000000
31919  -16.275  -49.735  45.082 0.0000000000
48232  -34.929  -30.497  30.377 0.0000000000
47410  -36.185  -31.158  30.299 0.0000000000
49050  -35.321  -29.766  29.977 0.0000000000
49924  -34.666  -28.928  29.977 0.0000000000
49937  -35.374  -28.232  29.057 0.0000000000
52496  -35.157  -25.281  26.591 0.0000000000
52497  -35.712  -25.314  26.044 0.0000000000
51618  -36.597  -26.354  25.145 0.0000000000
49987  -37.812  -27.873  25.408 0.0000000000
122237  -39.827  -28.016  25.957 0.0000000000
126307  -38.654  -27.099  24.536 0.0000000000
51642  -38.712  -26.121  23.791 0.0000000000
52527  -39.803  -25.345  23.103 0.0000000000
54190  -39.670  -24.046  22.710 0.0000000000
54188  -37.978  -23.070  23.435 0.0000000000
41559  -30.762  -38.385  36.240 0.0000000000
40643  -30.809  -38.933  37.767 0.0000000000
41524  -31.693  -38.724  37.892 0.0000000000
36504  -18.001  -44.483  41.797 0.0000000000
35582  -18.570  -45.273  41.521 0.0000000000
31899  -12.050  -49.821  46.859 0.0000000000
32682  -11.894  -48.843  47.244 0.0000000000
31898  -11.417  -49.605  47.497 0.0000000000
32670  -10.461  -48.713  48.513 0.0000000000
31888  -9.525  -48.714  48.886 0.0000000000
118871  -41.904  -28.935  33.361 0.0000000000
44950  -31.335  -34.064  36.214 0.0000000000
44088  -32.435  -35.288  37.594 0.0000000000
40568  -21.230  -39.122  42.287 0.0000000000
38975  -19.998  -41.191  41.290 0.0000000000
38211  -19.711  -42.032  41.056 0.0000000000
120087  -20.180  -41.814  40.568 0.0000000000
125605  -21.423  -42.918  39.808 0.0000000000
37408  -22.235  -43.538  40.436 0.0000000000
38242  -22.845  -41.822  39.987 0.0000000000
37401  -23.467  -42.851  41.436 0.0000000000
36507  -23.299  -44.107  42.597 0.0000000000
68036  -49.697  -6.484  14.062 0.0000000000
45816  -37.537  -33.238  35.209 0.0000000000
46610  -38.085  -32.836  34.626 0.0000000000
45841  -36.362  -33.316  33.190 0.0000000000
111600  -35.875  -33.059  31.855 0.0000000000
47399  -34.870  -31.918  31.130 0.0000000000
112601  -34.124  -31.388  31.793 0.0000000000
48221  -34.470  -31.170  31.360 0.0000000000
48222  -34.876  -31.215  30.707 0.0000000000
49037  -34.710  -29.713  31.916 0.0000000000
40657  -26.239  -39.117  36.514 0.0000000000
39797  -26.848  -40.306  37.496 0.0000000000
111769  -27.504  -39.638  36.792 0.0000000000
40641  -28.672  -39.466  36.981 0.0000000000
41558  -29.350  -38.194  35.775 0.0000000000
43239  -28.278  -36.793  36.407 0.0000000000
42403  -29.013  -37.530  35.221 0.0000000000
42415  -29.803  -37.635  34.935 0.0000000000
43266  -30.121  -37.075  34.288 0.0000000000
44103  -30.414  -36.260  34.118 0.0000000000
117650  -30.510  -35.320  34.174 0.0000000000
47341  -27.093  -31.576  35.569 0.0000000000
120252  -27.851  -31.825  34.486 0.0000000000
45826  -29.212  -32.996  33.783 0.0000000000
44949  -30.939  -33.832  35.514 0.0000000000
45792  -31.342  -33.214  35.929 0.0000000000
46585  -31.866  -32.841  36.177 0.0000000000
107229  -32.806  -32.954  36.249 0.0000000000
46617  -31.081  -32.107  33.408 0.0000000000
45828  -32.489  -32.988  33.872 0.0000000000
45812  -33.576  -33.212  35.403 0.0000000000
125342  -35.090  -33.600  35.131 0.0000000000
45814  -35.780  -33.595  35.116 0.0000000000
42368  -25.927  -37.807  37.144 0.0000000000
56705  -43.335  -20.405  23.875 0.0000000000
60823  -40.771  -14.985  22.286 0.0000000000
59968  -41.553  -15.935  20.751 0.0000000000
59108  -43.160  -17.234  21.039 0.0000000000
60867  -43.430  -15.373  19.644 0.0000000000
59971  -44.278  -16.624  20.447 0.0000000000
59101  -44.283  -17.381  21.699 0.0000000000
59092  -45.885  -16.906  22.130 0.0000000000
64942  -50.873  -10.375  15.438 0.0000000000
65756  -50.308  -9.609  15.026 0.0000000000
66511  -49.178  -8.127  15.244 0.0000000000
33629  -13.658  -47.493  46.384 0.0000000000
32702  -13.452  -48.481  45.843 0.0000000000
31917  -14.588  -49.403  45.032 0.0000000000
31074  -13.627  -50.184  46.046 0.0000000000
31073  -12.774  -50.010  46.381 0.0000000000
30228  -12.471  -51.291  47.537 0.0000000000
113314  -38.444  -32.491  34.039 0.0000000000
46622  -38.901  -32.024  33.811 0.0000000000
47376  -39.256  -31.311  33.602 0.0000000000
48234  -37.108  -30.983  30.468 0.0000000000
124653  -38.793  -30.477  32.168 0.0000000000
48194  -39.490  -30.371  33.445 0.0000000000
49031  -39.785  -29.480  33.187 0.0000000000
49900  -40.218  -28.925  32.725 0.0000000000
49914  -40.720  -28.660  32.023 0.0000000000
125520  -34.384  -27.865  28.844 0.0000000000
50782  -35.487  -28.042  28.351 0.0000000000
50810  -35.229  -26.944  26.587 0.0000000000
49957  -36.460  -28.142  27.911 0.0000000000
49948  -37.360  -28.246  28.474 0.0000000000
107566  -39.165  -28.374  29.341 0.0000000000
122894  -40.437  -28.459  30.235 0.0000000000
49973  -41.255  -27.898  26.747 0.0000000000
50795  -41.959  -27.837  27.083 0.0000000000
116987  -43.406  -25.055  24.735 0.0000000000
54192  -42.498  -23.635  23.307 0.0000000000
54199  -41.939  -23.117  22.853 0.0000000000
54198  -40.448  -23.705  22.616 0.0000000000
54980  -40.301  -22.099  22.603 0.0000000000
56711  -40.472  -21.080  22.630 0.0000000000
57499  -39.529  -19.440  22.741 0.0000000000
58277  -39.027  -18.354  23.292 0.0000000000
39785  -28.250  -40.354  38.234 0.0000000000
39744  -28.921  -40.775  39.846 0.0000000000
40606  -31.059  -39.595  39.085 0.0000000000
35554  -15.564  -45.993  43.955 0.0000000000
36494  -16.477  -45.071  43.094 0.0000000000
35555  -16.010  -45.885  43.123 0.0000000000
33670  -16.427  -47.519  43.158 0.0000000000
32726  -16.817  -48.265  43.541 0.0000000000
36521  -19.743  -43.989  40.617 0.0000000000
35583  -19.442  -45.136  41.301 0.0000000000
34653  -19.783  -46.218  42.508 0.0000000000
31042  -9.233  -50.470  50.257 0.0000000000
31878  -8.942  -49.498  49.455 0.0000000000
32658  -9.165  -47.899  48.977 0.0000000000
123081  -38.946  -32.988  36.035 0.0000000000
128436  -37.763  -33.325  35.862 0.0000000000
39796  -25.543  -40.136  37.414 0.0000000000
40637  -25.041  -39.437  36.969 0.0000000000
39782  -25.220  -40.527  38.193 0.0000000000
59927  -39.849  -16.034  23.962 0.0000000000
59942  -39.380  -16.587  22.525 0.0000000000
60809  -39.449  -16.033  23.182 0.0000000000
64167  -46.032  -11.758  18.505 0.0000000000
63348  -46.502  -12.183  18.125 0.0000000000
64168  -46.411  -11.317  18.224 0.0000000000
108890  -37.201  -23.930  24.836 0.0000000000
44096  -32.192  -35.842  36.667 0.0000000000
38195  -19.467  -41.483  42.861 0.0000000000
38194  -19.045  -42.058  42.367 0.0000000000
38956  -19.498  -41.660  41.902 0.0000000000
66519  -49.611  -8.067  14.576 0.0000000000
66520  -50.226  -8.334  14.210 0.0000000000
48172  -40.868  -29.987  34.973 0.0000000000
48171  -40.348  -30.351  34.574 0.0000000000
112284  -33.048  -33.009  37.027 0.0000000000
45777  -33.986  -33.112  37.227 0.0000000000
40605  -22.114  -39.336  38.950 0.0000000000
40604  -21.554  -39.664  39.555 0.0000000000
40593  -21.466  -39.156  40.229 0.0000000000
129363  -34.307  -33.379  32.241 0.0000000000
129168  -27.486  -33.293  36.861 0.0000000000
45791  -27.550  -33.996  36.400 0.0000000000
45774  -27.232  -33.153  36.077 0.0000000000
44947  -27.569  -33.804  35.236 0.0000000000
46584  -27.040  -32.304  35.848 0.0000000000
111493  -29.698  -29.099  34.519 0.0000000000
49013  -29.141  -29.590  33.902 0.0000000000
47354  -28.927  -30.390  33.704 0.0000000000
47370  -29.681  -30.360  33.387 0.0000000000
47371  -30.276  -30.716  33.197 0.0000000000
46634  -33.179  -33.041  32.385 0.0000000000
45849  -33.868  -33.421  32.581 0.0000000000
55869  -42.622  -21.832  23.237 0.0000000000
127130  -43.435  -18.049  22.240 0.0000000000
62494  -42.678  -13.760  21.185 0.0000000000
62508  -43.084  -13.701  20.539 0.0000000000
60853  -46.844  -15.851  20.098 0.0000000000
59987  -46.033  -16.034  20.036 0.0000000000
107787  -47.009  -16.519  21.268 0.0000000000
65755  -48.921  -9.707  15.893 0.0000000000
34623  -15.230  -46.904  44.015 0.0000000000
34622  -14.756  -47.018  44.734 0.0000000000
46648  -37.288  -32.265  31.419 0.0000000000
49052  -37.787  -28.679  30.082 0.0000000000
115106  -37.882  -28.325  26.091 0.0000000000
116676  -38.983  -28.441  27.279 0.0000000000
49971  -39.730  -28.260  26.697 0.0000000000
51644  -40.299  -26.048  23.611 0.0000000000
128338  -41.042  -26.831  24.691 0.0000000000
111570  -41.380  -26.354  24.356 0.0000000000
51633  -42.055  -26.120  24.555 0.0000000000
52529  -41.598  -25.382  23.548 0.0000000000
52528  -40.810  -25.432  23.176 0.0000000000
112840  -29.509  -39.177  37.082 0.0000000000
107947  -29.567  -39.561  37.882 0.0000000000
40642  -30.108  -39.179  37.643 0.0000000000
35569  -18.337  -45.938  41.828 0.0000000000
35568  -17.455  -46.039  42.009 0.0000000000
34652  -18.208  -46.633  42.307 0.0000000000
120616  -18.451  -47.125  42.874 0.0000000000
34638  -19.010  -46.742  42.752 0.0000000000
36505  -21.890  -44.837  41.862 0.0000000000
122737  -13.150  -47.457  47.576 0.0000000000
47344  -40.532  -31.649  35.437 0.0000000000
38998  -26.497  -41.357  40.729 0.0000000000
39019  -27.649  -41.063  39.819 0.0000000000
38999  -27.494  -41.365  40.776 0.0000000000
45795  -35.346  -33.548  35.909 0.0000000000
42356  -25.634  -37.554  38.183 0.0000000000
42355  -24.657  -37.439  38.028 0.0000000000
128071  -23.795  -39.206  37.567 0.0000000000
40620  -23.315  -39.218  37.956 0.0000000000
39780  -23.369  -40.073  38.254 0.0000000000
39017  -25.209  -41.075  39.831 0.0000000000
38976  -25.006  -41.564  41.279 0.0000000000
48191  -33.429  -30.894  32.904 0.0000000000
129984  -31.265  -29.375  34.299 0.0000000000
48165  -32.690  -30.346  33.595 0.0000000000
58291  -40.329  -18.980  22.421 0.0000000000
59090  -40.722  -17.674  21.729 0.0000000000
58301  -41.832  -17.991  21.678 0.0000000000
59099  -41.257  -17.188  21.320 0.0000000000
116672  -44.139  -13.247  19.683 0.0000000000
63338  -44.625  -12.832  19.471 0.0000000000
112997  -46.006  -13.522  18.407 0.0000000000
61670  -45.845  -14.251  18.632 0.0000000000
61657  -46.488  -14.812  18.957 0.0000000000
60872  -47.818  -14.954  19.590 0.0000000000
61658  -47.321  -14.542  18.900 0.0000000000
61673  -47.867  -13.963  18.615 0.0000000000
62531  -48.322  -13.357  18.301 0.0000000000
64922  -47.180  -10.516  17.527 0.0000000000
49045  -34.392  -29.676  31.041 0.0000000000
49049  -34.608  -29.666  30.533 0.0000000000
49936  -34.141  -28.185  29.791 0.0000000000
49925  -35.663  -28.737  29.554 0.0000000000
126965  -34.810  -28.393  29.453 0.0000000000
52510  -36.905  -25.451  24.713 0.0000000000
50831  -37.120  -27.342  25.153 0.0000000000
50837  -37.955  -27.261  24.762 0.0000000000
51630  -38.188  -26.511  24.211 0.0000000000
52517  -38.109  -25.703  23.805 0.0000000000
52526  -38.844  -25.487  23.427 0.0000000000
51643  -39.435  -26.090  23.648 0.0000000000
53348  -38.971  -24.597  23.023 0.0000000000
108279  -38.068  -23.937  23.421 0.0000000000
42388  -31.005  -38.001  35.629 0.0000000000
41539  -31.262  -38.491  37.054 0.0000000000
41560  -31.627  -37.967  36.232 0.0000000000
41541  -32.965  -38.030  37.678 0.0000000000
37390  -18.120  -43.327  42.510 0.0000000000
115428  -18.771  -44.647  41.344 0.0000000000
31064  -11.764  -50.525  47.454 0.0000000000
31063  -11.050  -50.082  47.833 0.0000000000
31889  -10.154  -49.279  48.680 0.0000000000
49019  -41.391  -29.669  34.952 0.0000000000
49868  -41.967  -29.168  34.077 0.0000000000
49887  -41.258  -29.090  33.799 0.0000000000
126038  -31.906  -34.460  37.038 0.0000000000
115344  -32.330  -34.295  37.842 0.0000000000
125289  -20.954  -39.823  40.393 0.0000000000
39730  -20.749  -39.745  41.518 0.0000000000
39729  -20.313  -40.464  41.872 0.0000000000
38993  -20.500  -41.237  40.410 0.0000000000
38241  -21.662  -42.109  39.658 0.0000000000
118229  -21.583  -43.552  40.128 0.0000000000
39015  -23.355  -41.095  39.507 0.0000000000
39014  -22.511  -41.164  39.380 0.0000000000
38212  -24.121  -42.478  42.084 0.0000000000
37392  -23.033  -43.753  41.793 0.0000000000
45832  -36.497  -33.417  34.054 0.0000000000
46636  -34.862  -33.225  31.930 0.0000000000
46637  -36.331  -33.161  32.456 0.0000000000
46646  -35.361  -32.588  31.345 0.0000000000
48192  -34.323  -30.991  32.719 0.0000000000
47388  -33.929  -32.253  31.635 0.0000000000
48208  -34.507  -30.650  32.224 0.0000000000
116602  -34.458  -30.390  31.482 0.0000000000
48231  -34.554  -30.461  30.917 0.0000000000
40639  -26.762  -39.794  36.848 0.0000000000
40658  -27.091  -39.192  36.471 0.0000000000
41557  -28.549  -38.444  36.363 0.0000000000
40659  -28.055  -39.195  36.568 0.0000000000
40660  -29.018  -38.889  36.478 0.0000000000
43251  -28.523  -36.672  35.230 0.0000000000
43252  -29.276  -37.037  34.443 0.0000000000
44114  -29.159  -35.494  33.727 0.0000000000
44115  -29.883  -35.653  33.751 0.0000000000
44965  -29.619  -34.730  33.710 0.0000000000
48999  -28.353  -29.299  35.804 0.0000000000
48139  -27.608  -29.954  36.233 0.0000000000
48138  -27.206  -30.789  35.777 0.0000000000
46592  -27.304  -32.120  35.077 0.0000000000
47342  -27.370  -31.162  34.972 0.0000000000
46606  -29.293  -32.136  33.734 0.0000000000
45827  -29.880  -33.619  33.948 0.0000000000
45810  -30.678  -33.277  35.085 0.0000000000
117630  -30.877  -32.531  34.309 0.0000000000
125186  -31.461  -32.857  35.817 0.0000000000
45811  -32.411  -32.874  35.239 0.0000000000
47372  -31.037  -31.286  32.833 0.0000000000
122861  -31.622  -31.970  32.740 0.0000000000
45813  -34.502  -33.431  35.620 0.0000000000
45830  -34.416  -33.517  34.586 0.0000000000
45831  -35.296  -33.625  34.450 0.0000000000
123689  -35.973  -33.575  34.453 0.0000000000
45815  -36.641  -33.504  34.978 0.0000000000
42385  -26.683  -38.111  36.836 0.0000000000
42369  -26.912  -37.721  37.429 0.0000000000
41554  -25.801  -38.350  36.717 0.0000000000
53338  -44.559  -24.340  25.433 0.0000000000
54968  -44.339  -22.277  24.566 0.0000000000
54960  -44.884  -22.693  25.055 0.0000000000
56704  -42.766  -20.314  23.427 0.0000000000
59969  -42.445  -16.552  20.561 0.0000000000
61654  -43.646  -14.648  19.464 0.0000000000
60868  -44.184  -15.301  19.400 0.0000000000
111395  -45.627  -16.533  20.592 0.0000000000
59972  -44.827  -16.430  20.221 0.0000000000
59110  -44.845  -16.800  20.831 0.0000000000
59109  -44.077  -17.038  21.060 0.0000000000
110153  -44.714  -17.084  21.432 0.0000000000
108896  -44.897  -17.248  22.183 0.0000000000
113009  -47.068  -16.806  23.006 0.0000000000
61646  -49.114  -14.815  20.381 0.0000000000
63363  -50.044  -12.220  17.481 0.0000000000
64188  -49.996  -11.263  16.500 0.0000000000
64189  -50.940  -11.422  16.610 0.0000000000
114032  -49.347  -9.161  15.351 0.0000000000
66512  -49.790  -8.748  14.769 0.0000000000
126550  -14.103  -47.088  46.134 0.0000000000
31918  -15.350  -49.672  44.930 0.0000000000
31082  -14.916  -50.130  45.452 0.0000000000
30237  -13.900  -51.047  46.530 0.0000000000
31908  -13.140  -49.329  46.062 0.0000000000
31066  -13.199  -50.706  46.520 0.0000000000
31065  -12.551  -50.681  46.886 0.0000000000
119228  -12.834  -51.907  48.903 0.0000000000
46609  -37.815  -32.795  33.862 0.0000000000
46639  -38.331  -32.014  32.528 0.0000000000
46621  -38.257  -32.342  33.259 0.0000000000
47375  -38.739  -31.697  33.063 0.0000000000
48223  -38.488  -29.994  31.443 0.0000000000
48210  -39.246  -29.915  32.735 0.0000000000
119623  -39.203  -28.663  31.025 0.0000000000
49899  -39.926  -28.763  31.981 0.0000000000
49913  -40.289  -28.576  31.378 0.0000000000
51586  -33.860  -26.392  27.956 0.0000000000
50769  -33.509  -26.796  28.949 0.0000000000
50781  -34.068  -27.174  28.125 0.0000000000
51602  -35.345  -26.069  26.225 0.0000000000
51601  -34.673  -26.015  26.745 0.0000000000
49958  -37.339  -28.356  27.405 0.0000000000
49949  -38.260  -28.296  28.945 0.0000000000
126999  -40.586  -28.510  29.232 0.0000000000
107569  -40.058  -28.437  29.760 0.0000000000
107572  -40.727  -28.505  30.686 0.0000000000
107571  -41.638  -28.553  30.686 0.0000000000
49951  -41.579  -28.367  28.288 0.0000000000
50832  -39.654  -27.664  25.294 0.0000000000
49972  -40.516  -27.966  26.348 0.0000000000
49990  -40.445  -27.639  25.590 0.0000000000
50834  -41.811  -27.105  25.635 0.0000000000
50814  -41.883  -27.500  26.378 0.0000000000
122768  -42.459  -27.471  26.738 0.0000000000
51621  -43.181  -26.186  25.598 0.0000000000
52498  -43.943  -25.861  25.939 0.0000000000
52512  -44.300  -25.127  25.646 0.0000000000
54197  -39.637  -23.003  22.640 0.0000000000
55868  -38.742  -21.081  23.134 0.0000000000
55874  -39.621  -21.331  22.721 0.0000000000
58268  -38.871  -19.158  23.679 0.0000000000
39798  -27.603  -40.129  37.357 0.0000000000
39767  -29.325  -40.333  39.267 0.0000000000
108035  -29.883  -40.625  40.092 0.0000000000
39002  -30.001  -41.160  40.978 0.0000000000
117033  -31.172  -39.158  38.408 0.0000000000
40607  -31.773  -39.671  39.638 0.0000000000
44089  -32.926  -35.918  38.129 0.0000000000
35542  -15.734  -45.319  44.923 0.0000000000
36495  -17.303  -43.762  43.713 0.0000000000
124450  -16.952  -44.390  43.143 0.0000000000
34650  -16.992  -46.503  42.380 0.0000000000
34637  -16.449  -46.639  42.758 0.0000000000
34636  -15.800  -46.777  43.340 0.0000000000
33671  -17.304  -47.700  43.089 0.0000000000
38226  -20.231  -42.639  40.357 0.0000000000
38225  -19.620  -42.752  40.853 0.0000000000
37406  -19.984  -43.412  40.497 0.0000000000
35584  -20.318  -45.204  41.406 0.0000000000
36514  -20.119  -44.599  40.786 0.0000000000
119328  -19.853  -45.629  41.799 0.0000000000
67281  -50.274  -6.923  13.303 0.0000000000
31041  -8.665  -50.309  49.939 0.0000000000
128613  -8.867  -48.659  49.116 0.0000000000
39018  -26.167  -41.141  39.917 0.0000000000
40655  -24.736  -38.404  36.982 0.0000000000
42367  -24.755  -37.709  37.364 0.0000000000
40636  -24.286  -39.252  37.292 0.0000000000
39781  -24.277  -40.348  38.223 0.0000000000
48151  -33.829  -30.807  35.058 0.0000000000
59088  -39.180  -17.511  22.738 0.0000000000
118477  -39.981  -18.067  22.202 0.0000000000
59953  -39.960  -16.400  21.886 0.0000000000
63339  -45.183  -12.302  19.253 0.0000000000
61672  -47.201  -13.869  18.431 0.0000000000
62529  -46.641  -13.197  18.186 0.0000000000
64175  -46.712  -10.756  17.969 0.0000000000
50746  -34.055  -27.841  31.348 0.0000000000
50759  -33.701  -27.589  30.347 0.0000000000
52516  -37.561  -25.894  24.218 0.0000000000
54187  -37.551  -23.367  23.857 0.0000000000
54182  -37.385  -23.296  24.354 0.0000000000
43254  -31.474  -36.993  35.152 0.0000000000
42389  -31.955  -37.252  35.875 0.0000000000
42372  -32.865  -37.376  37.189 0.0000000000
42373  -33.284  -37.597  37.869 0.0000000000
37391  -18.689  -42.812  41.927 0.0000000000
65757  -51.336  -9.817  14.959 0.0000000000
30218  -11.685  -51.238  48.610 0.0000000000
31054  -11.267  -50.691  48.205 0.0000000000
31044  -10.951  -50.790  49.073 0.0000000000
31043  -10.069  -50.419  49.715 0.0000000000
49018  -40.799  -29.581  34.343 0.0000000000
44940  -32.357  -33.415  37.479 0.0000000000
45776  -33.140  -33.172  37.680 0.0000000000
41514  -22.992  -38.051  38.959 0.0000000000
119666  -22.529  -38.308  39.618 0.0000000000
41501  -22.365  -38.273  40.338 0.0000000000
41477  -22.124  -38.267  41.156 0.0000000000
41476  -21.824  -38.672  40.513 0.0000000000
39743  -20.808  -40.655  40.197 0.0000000000
120623  -22.172  -41.835  39.587 0.0000000000
38230  -24.264  -41.717  41.072 0.0000000000
42386  -27.456  -37.894  36.885 0.0000000000
41556  -27.520  -38.497  36.582 0.0000000000
44938  -28.040  -34.874  36.986 0.0000000000
45775  -27.878  -33.828  37.349 0.0000000000
43264  -28.810  -36.148  34.250 0.0000000000
44956  -28.121  -34.683  34.619 0.0000000000
118021  -28.130  -33.916  34.341 0.0000000000
110837  -29.345  -28.831  35.487 0.0000000000
49012  -28.709  -29.379  34.769 0.0000000000
47353  -28.080  -30.796  34.382 0.0000000000
117932  -30.093  -32.088  33.713 0.0000000000
47386  -31.889  -31.516  32.511 0.0000000000
45839  -34.071  -33.531  33.502 0.0000000000
54193  -43.167  -23.175  23.686 0.0000000000
54183  -43.649  -23.581  24.279 0.0000000000
55861  -43.771  -21.806  24.110 0.0000000000
58293  -42.317  -18.722  22.373 0.0000000000
128705  -42.800  -19.651  23.317 0.0000000000
57503  -42.935  -19.091  23.084 0.0000000000
61629  -41.462  -14.592  21.800 0.0000000000
61630  -41.979  -14.428  21.080 0.0000000000
129873  -42.186  -14.915  20.430 0.0000000000
60851  -42.690  -15.187  19.937 0.0000000000
128086  -44.782  -15.753  19.606 0.0000000000
59986  -45.266  -16.131  19.947 0.0000000000
59957  -46.257  -16.683  21.317 0.0000000000
64187  -49.222  -11.006  16.510 0.0000000000
125667  -14.848  -46.354  45.541 0.0000000000
32703  -14.146  -48.639  45.168 0.0000000000
113458  -36.763  -32.796  31.964 0.0000000000
47389  -38.085  -31.897  31.781 0.0000000000
125324  -36.301  -29.328  29.809 0.0000000000
49046  -38.781  -29.140  31.275 0.0000000000
50793  -34.493  -26.917  27.326 0.0000000000
50811  -36.062  -27.588  26.369 0.0000000000
49969  -37.352  -28.344  26.592 0.0000000000
107565  -40.116  -28.503  28.702 0.0000000000
49950  -41.009  -28.513  28.821 0.0000000000
49961  -40.785  -28.435  28.008 0.0000000000
49962  -41.388  -28.164  27.515 0.0000000000
122470  -42.638  -26.958  26.098 0.0000000000
51620  -42.379  -26.482  25.254 0.0000000000
122444  -42.842  -25.670  24.810 0.0000000000
121705  -42.239  -25.440  24.100 0.0000000000
53359  -41.081  -24.128  22.717 0.0000000000
54973  -38.282  -21.839  23.327 0.0000000000
56702  -38.433  -20.647  23.716 0.0000000000
56703  -38.747  -20.338  23.344 0.0000000000
57491  -38.911  -19.706  23.222 0.0000000000
40621  -28.948  -39.938  38.059 0.0000000000
39786  -29.530  -39.904  38.601 0.0000000000
34651  -17.476  -46.714  42.359 0.0000000000
33672  -18.154  -47.613  43.272 0.0000000000
36522  -20.988  -44.251  40.417 0.0000000000
129991  -20.324  -43.999  40.403 0.0000000000
35585  -21.101  -45.115  41.664 0.0000000000
47358  -40.120  -31.271  34.759 0.0000000000
38214  -25.274  -41.801  42.008 0.0000000000
38958  -26.136  -41.733  42.197 0.0000000000
38959  -27.097  -41.736  42.423 0.0000000000
38979  -27.603  -41.572  41.667 0.0000000000
42366  -24.112  -37.913  37.624 0.0000000000
42354  -23.812  -37.690  38.414 0.0000000000
40619  -22.695  -38.841  38.506 0.0000000000
128888  -22.271  -40.755  39.134 0.0000000000
39016  -24.280  -41.034  39.709 0.0000000000
119988  -30.009  -29.483  33.756 0.0000000000
48188  -30.216  -29.939  33.266 0.0000000000
49029  -30.973  -29.630  33.654 0.0000000000
48164  -31.754  -30.133  33.229 0.0000000000
56712  -41.406  -20.835  22.688 0.0000000000
112456  -41.609  -20.117  22.704 0.0000000000
58302  -42.998  -17.935  21.815 0.0000000000
62509  -43.686  -13.327  20.281 0.0000000000
62517  -43.848  -13.876  19.496 0.0000000000
61655  -44.332  -14.535  19.156 0.0000000000
61669  -45.055  -14.378  18.827 0.0000000000
60870  -46.283  -15.452  19.498 0.0000000000
60854  -47.596  -15.570  20.175 0.0000000000
114512  -48.562  -14.619  19.672 0.0000000000
63351  -49.644  -12.734  17.994 0.0000000000
63362  -49.147  -12.187  17.469 0.0000000000
63361  -48.211  -12.024  17.446 0.0000000000
122582  -48.648  -11.605  17.145 0.0000000000
64177  -48.554  -10.995  16.789 0.0000000000
32714  -15.503  -48.496  44.100 0.0000000000
31925  -15.796  -49.227  44.433 0.0000000000
47409  -35.423  -31.096  30.359 0.0000000000
126352  -35.614  -30.595  30.123 0.0000000000
51617  -35.943  -26.165  25.697 0.0000000000
50830  -36.364  -27.162  25.664 0.0000000000
49988  -38.468  -28.124  25.711 0.0000000000
127916  -39.386  -28.193  26.178 0.0000000000
119577  -38.725  -27.662  25.130 0.0000000000
50838  -39.389  -27.192  24.646 0.0000000000
51631  -39.042  -26.646  24.126 0.0000000000
51632  -39.876  -26.651  24.144 0.0000000000
127740  -39.736  -24.683  22.831 0.0000000000
54189  -38.775  -23.561  22.917 0.0000000000
123224  -37.892  -22.377  23.530 0.0000000000
55858  -37.695  -21.904  23.851 0.0000000000
55860  -38.615  -21.036  24.819 0.0000000000
40623  -31.985  -39.063  38.822 0.0000000000
41540  -32.257  -38.151  37.186 0.0000000000
41525  -32.624  -38.531  38.085 0.0000000000
37389  -17.499  -44.029  42.728 0.0000000000
36496  -22.898  -44.849  42.908 0.0000000000
31907  -12.473  -49.117  46.553 0.0000000000
32671  -11.311  -48.691  48.065 0.0000000000
31890  -10.807  -49.446  48.149 0.0000000000
32659  -10.058  -47.916  48.808 0.0000000000
61611  -42.091  -14.350  23.848 0.0000000000
61622  -42.992  -13.579  22.914 0.0000000000
113081  -43.175  -13.449  22.031 0.0000000000
122848  -34.548  -33.216  37.749 0.0000000000
39717  -20.691  -39.914  42.531 0.0000000000
38227  -20.855  -42.170  39.920 0.0000000000
125652  -20.842  -42.851  39.914 0.0000000000
36523  -21.740  -44.075  40.572 0.0000000000
36516  -22.299  -44.183  41.209 0.0000000000
38229  -23.552  -42.088  40.797 0.0000000000
37409  -22.798  -42.775  40.519 0.0000000000
37400  -22.779  -43.459  41.049 0.0000000000
45817  -38.424  -32.962  35.464 0.0000000000
45833  -37.283  -33.180  34.405 0.0000000000
46620  -37.103  -33.103  33.582 0.0000000000
123127  -37.000  -33.000  32.777 0.0000000000
126735  -34.376  -31.897  31.459 0.0000000000
121616  -26.259  -40.141  37.276 0.0000000000
40640  -28.053  -39.722  36.982 0.0000000000
40661  -29.887  -38.617  36.294 0.0000000000
43229  -28.553  -36.647  37.577 0.0000000000
128652  -28.540  -37.231  35.676 0.0000000000
41573  -30.280  -38.154  35.545 0.0000000000
42404  -30.729  -37.531  35.001 0.0000000000
43265  -29.602  -36.355  33.893 0.0000000000
43253  -30.851  -36.830  34.578 0.0000000000
44104  -31.228  -36.025  34.881 0.0000000000
44958  -31.080  -34.809  35.156 0.0000000000
47334  -27.079  -31.550  36.331 0.0000000000
117749  -27.812  -32.950  34.575 0.0000000000
45825  -28.566  -33.513  33.958 0.0000000000
46605  -28.474  -32.457  34.084 0.0000000000
125794  -29.113  -33.928  33.640 0.0000000000
44957  -30.476  -34.233  34.521 0.0000000000
46608  -31.613  -32.630  34.389 0.0000000000
46618  -31.895  -32.529  33.226 0.0000000000
110110  -26.020  -37.692  37.678 0.0000000000
123447  -25.245  -37.840  37.046 0.0000000000
113816  -44.287  -23.143  24.638 0.0000000000
113039  -42.558  -21.082  23.242 0.0000000000
55870  -43.162  -21.241  23.654 0.0000000000
56696  -43.790  -20.895  24.196 0.0000000000
60822  -40.073  -15.441  22.742 0.0000000000
60833  -40.295  -15.663  21.929 0.0000000000
59954  -40.797  -16.280  21.280 0.0000000000
60834  -41.080  -15.305  21.362 0.0000000000
59955  -41.604  -16.686  20.912 0.0000000000
115460  -43.704  -17.506  21.574 0.0000000000
60866  -43.068  -14.707  19.749 0.0000000000
60852  -43.031  -16.018  19.963 0.0000000000
59985  -44.095  -16.097  19.864 0.0000000000
59970  -43.511  -16.624  20.429 0.0000000000
67273  -49.419  -7.586  14.775 0.0000000000
67267  -49.393  -7.274  15.496 0.0000000000
117833  -13.564  -47.121  47.323 0.0000000000
121647  -13.190  -47.869  46.747 0.0000000000
32691  -12.929  -48.596  46.414 0.0000000000
32713  -14.776  -48.593  44.594 0.0000000000
31081  -14.263  -49.956  45.585 0.0000000000
31916  -13.829  -49.373  45.554 0.0000000000
30219  -12.362  -51.572  48.287 0.0000000000
47357  -39.500  -31.701  34.317 0.0000000000
48170  -39.787  -30.835  34.111 0.0000000000
47402  -37.682  -31.546  31.017 0.0000000000
47403  -38.331  -31.064  31.535 0.0000000000
122883  -37.893  -30.581  30.878 0.0000000000
47391  -39.019  -30.906  32.895 0.0000000000
49032  -40.471  -29.203  33.534 0.0000000000
49039  -39.562  -29.191  32.429 0.0000000000
49901  -41.214  -28.795  32.849 0.0000000000
50768  -33.431  -27.060  29.804 0.0000000000
130023  -33.518  -25.886  29.522 0.0000000000
49938  -36.400  -28.209  29.002 0.0000000000
50794  -35.558  -27.738  27.300 0.0000000000
49939  -37.514  -28.357  29.394 0.0000000000
49940  -38.383  -28.382  29.844 0.0000000000
49927  -39.163  -28.437  30.277 0.0000000000
107573  -39.877  -28.469  30.721 0.0000000000
126934  -41.027  -28.563  31.309 0.0000000000
107576  -41.749  -28.617  31.739 0.0000000000
107567  -42.063  -28.542  29.873 0.0000000000
50813  -41.179  -27.597  25.975 0.0000000000
53337  -43.943  -24.738  25.049 0.0000000000
53343  -43.519  -24.395  24.500 0.0000000000
52519  -42.915  -24.902  24.222 0.0000000000
53342  -43.018  -24.067  23.900 0.0000000000
54982  -42.001  -22.244  22.861 0.0000000000
53349  -40.443  -24.628  22.776 0.0000000000
119893  -40.585  -22.962  22.580 0.0000000000
54981  -41.247  -22.598  22.661 0.0000000000
55875  -41.281  -21.718  22.681 0.0000000000
117797  -39.002  -19.024  23.096 0.0000000000
59073  -39.069  -17.544  23.588 0.0000000000
59926  -39.439  -16.729  23.984 0.0000000000
39784  -27.304  -40.570  38.192 0.0000000000
108709  -27.844  -40.760  38.998 0.0000000000
39766  -28.270  -40.868  39.610 0.0000000000
112530  -28.585  -40.550  39.098 0.0000000000
39001  -29.168  -41.160  40.664 0.0000000000
39769  -30.943  -40.168  39.949 0.0000000000
40594  -31.691  -40.066  40.229 0.0000000000
39745  -30.702  -40.784  40.681 0.0000000000
38982  -30.720  -41.261  41.365 0.0000000000
43231  -32.751  -36.396  37.263 0.0000000000
43232  -33.281  -36.864  37.864 0.0000000000
35543  -16.092  -45.213  43.972 0.0000000000
33669  -15.656  -47.650  43.674 0.0000000000
32725  -16.099  -48.179  43.607 0.0000000000
33656  -17.724  -48.168  43.734 0.0000000000
37399  -19.254  -43.341  41.087 0.0000000000
36513  -19.288  -44.309  41.017 0.0000000000
35570  -19.149  -45.779  41.806 0.0000000000
35571  -22.254  -45.023  42.551 0.0000000000
66529  -50.668  -7.886  13.568 0.0000000000
31031  -10.065  -50.710  50.885 0.0000000000
31029  -8.961  -50.868  50.794 0.0000000000
31887  -8.147  -49.146  48.708 0.0000000000
32657  -8.506  -48.431  49.049 0.0000000000
40638  -25.869  -39.621  36.842 0.0000000000
49989  -39.152  -28.058  25.745 0.0000000000
50796  -42.654  -27.693  27.340 0.0000000000
60850  -41.699  -15.156  20.793 0.0000000000
117594  -41.208  -23.421  22.672 0.0000000000
