#!ascii label  , from subject sub-v1s12x0050113_ses-1 vox2ras=TkReg
1917
45738  -52.447  -34.230  40.152 0.0000000000
118690  -38.657  -41.121  46.005 0.0000000000
51591  -50.870  -26.992  27.804 0.0000000000
46663  -45.405  -31.616  28.792 0.0000000000
108934  -56.109  -30.136  32.040 0.0000000000
42281  -44.210  -37.714  44.998 0.0000000000
41581  -36.901  -38.929  34.608 0.0000000000
110448  -42.582  -35.694  30.115 0.0000000000
34601  -32.001  -46.388  46.636 0.0000000000
59856  -56.403  -15.868  29.246 0.0000000000
36613  -28.422  -44.411  31.295 0.0000000000
46612  -48.003  -32.886  34.262 0.0000000000
48238  -50.371  -30.175  30.939 0.0000000000
47348  -53.990  -31.435  36.177 0.0000000000
43197  -46.551  -36.234  40.471 0.0000000000
41532  -46.990  -38.981  38.006 0.0000000000
42431  -47.843  -37.675  33.746 0.0000000000
44183  -44.905  -36.165  27.595 0.0000000000
59071  -57.639  -16.600  25.220 0.0000000000
34618  -36.204  -46.457  45.594 0.0000000000
34698  -30.241  -46.501  37.870 0.0000000000
35618  -33.791  -45.209  39.341 0.0000000000
49954  -56.560  -28.572  28.587 0.0000000000
44021  -40.115  -35.961  45.096 0.0000000000
38245  -38.538  -42.884  39.299 0.0000000000
38248  -42.699  -42.758  40.457 0.0000000000
43269  -40.729  -36.157  35.062 0.0000000000
32696  -27.767  -48.714  46.316 0.0000000000
119204  -57.613  -24.931  33.650 0.0000000000
111515  -55.480  -22.974  30.855 0.0000000000
59799  -54.336  -16.108  33.868 0.0000000000
56661  -52.057  -20.552  28.612 0.0000000000
57494  -51.415  -19.285  23.684 0.0000000000
35594  -26.553  -45.532  40.506 0.0000000000
39074  -32.398  -40.955  32.813 0.0000000000
44953  -50.549  -34.382  37.155 0.0000000000
46615  -50.757  -31.878  35.102 0.0000000000
45785  -53.566  -33.424  37.916 0.0000000000
44909  -49.253  -34.835  40.074 0.0000000000
41534  -49.744  -38.372  38.960 0.0000000000
44090  -49.929  -35.920  37.619 0.0000000000
44966  -47.709  -35.527  34.274 0.0000000000
126734  -51.318  -26.493  25.413 0.0000000000
52501  -48.899  -25.241  26.033 0.0000000000
37368  -37.605  -43.899  45.921 0.0000000000
34670  -34.800  -46.719  41.953 0.0000000000
37384  -36.417  -43.394  43.671 0.0000000000
48269  -46.145  -30.058  27.310 0.0000000000
107724  -53.088  -29.678  31.259 0.0000000000
49065  -51.738  -29.602  28.580 0.0000000000
127308  -54.013  -29.770  29.030 0.0000000000
49077  -55.567  -29.514  26.984 0.0000000000
49053  -57.263  -29.322  29.652 0.0000000000
42280  -42.258  -37.956  45.214 0.0000000000
126543  -41.630  -39.359  42.303 0.0000000000
38951  -44.260  -41.520  43.620 0.0000000000
43270  -44.743  -36.506  34.787 0.0000000000
43234  -42.829  -36.708  37.216 0.0000000000
44970  -42.147  -34.958  33.035 0.0000000000
45865  -44.453  -33.333  28.476 0.0000000000
53262  -57.283  -24.049  31.964 0.0000000000
58205  -53.167  -18.672  30.621 0.0000000000
59027  -53.031  -17.585  28.656 0.0000000000
56692  -52.137  -19.915  26.191 0.0000000000
58255  -55.008  -18.275  26.486 0.0000000000
59103  -54.450  -17.004  21.579 0.0000000000
33635  -29.662  -47.816  46.474 0.0000000000
33676  -27.534  -47.234  43.489 0.0000000000
35560  -28.953  -45.430  43.366 0.0000000000
34748  -30.010  -46.186  34.913 0.0000000000
34722  -27.995  -45.655  34.641 0.0000000000
34801  -27.357  -46.597  31.431 0.0000000000
38274  -38.308  -42.528  36.796 0.0000000000
38271  -35.580  -41.979  36.587 0.0000000000
39066  -35.190  -40.956  33.713 0.0000000000
46653  -45.997  -32.668  30.878 0.0000000000
48247  -47.171  -30.872  29.740 0.0000000000
47393  -49.067  -31.317  32.737 0.0000000000
124913  -51.705  -30.362  33.501 0.0000000000
48176  -54.931  -30.152  34.446 0.0000000000
43185  -44.806  -37.368  42.130 0.0000000000
38972  -47.536  -41.299  42.631 0.0000000000
40591  -49.488  -39.488  41.423 0.0000000000
41577  -47.332  -38.188  35.660 0.0000000000
42444  -45.222  -38.005  31.647 0.0000000000
121158  -43.609  -37.800  27.506 0.0000000000
42492  -46.445  -37.722  29.432 0.0000000000
44991  -46.158  -34.718  30.846 0.0000000000
59043  -57.102  -16.597  27.060 0.0000000000
61561  -59.122  -14.152  27.645 0.0000000000
33637  -34.588  -47.518  45.705 0.0000000000
34666  -31.643  -45.857  41.561 0.0000000000
120587  -33.507  -47.461  41.928 0.0000000000
34694  -32.372  -46.885  38.450 0.0000000000
36563  -31.503  -44.317  35.522 0.0000000000
49062  -48.846  -29.713  28.375 0.0000000000
117451  -55.976  -27.620  25.918 0.0000000000
50788  -53.781  -27.755  28.464 0.0000000000
117519  -38.295  -38.373  45.223 0.0000000000
39721  -37.410  -40.359  42.646 0.0000000000
41486  -38.860  -38.784  41.708 0.0000000000
37412  -40.400  -43.344  39.948 0.0000000000
39800  -40.344  -40.536  37.358 0.0000000000
40599  -44.284  -39.912  40.212 0.0000000000
41543  -41.375  -38.328  37.747 0.0000000000
119231  -38.577  -38.113  35.386 0.0000000000
48110  -51.070  -29.810  38.710 0.0000000000
108561  -38.666  -38.449  48.458 0.0000000000
44840  -41.182  -34.589  47.803 0.0000000000
43996  -43.425  -35.241  47.198 0.0000000000
48113  -54.014  -29.930  38.520 0.0000000000
48982  -55.491  -29.509  37.194 0.0000000000
49021  -56.596  -29.656  35.011 0.0000000000
51522  -55.703  -26.009  35.462 0.0000000000
49907  -58.487  -28.051  32.919 0.0000000000
50753  -57.053  -27.484  31.677 0.0000000000
51561  -54.546  -26.705  31.505 0.0000000000
52442  -52.685  -25.606  30.254 0.0000000000
111271  -55.295  -19.353  31.714 0.0000000000
123181  -53.462  -22.023  29.699 0.0000000000
111868  -50.930  -24.081  28.230 0.0000000000
54964  -49.902  -22.177  26.123 0.0000000000
58283  -54.827  -17.849  24.141 0.0000000000
114566  -25.763  -48.444  44.291 0.0000000000
34697  -24.886  -46.297  37.234 0.0000000000
35605  -29.062  -44.872  39.036 0.0000000000
115280  -25.691  -45.161  36.031 0.0000000000
116929  -35.878  -42.834  39.861 0.0000000000
38268  -32.857  -42.541  36.038 0.0000000000
38304  -30.350  -41.994  32.918 0.0000000000
39121  -31.134  -41.267  28.247 0.0000000000
44092  -52.469  -34.678  38.390 0.0000000000
45803  -51.867  -33.709  37.303 0.0000000000
126604  -53.354  -33.746  39.468 0.0000000000
44911  -51.064  -34.557  40.513 0.0000000000
43216  -51.728  -36.600  40.122 0.0000000000
43227  -51.954  -35.890  39.212 0.0000000000
44098  -49.815  -35.125  37.138 0.0000000000
51592  -51.630  -27.193  27.013 0.0000000000
51606  -51.249  -26.886  26.134 0.0000000000
51622  -49.690  -26.334  26.026 0.0000000000
121396  -49.826  -26.354  26.863 0.0000000000
38157  -38.306  -42.454  45.624 0.0000000000
37385  -36.692  -43.862  44.718 0.0000000000
38172  -37.528  -42.348  44.510 0.0000000000
47421  -44.736  -30.941  27.283 0.0000000000
48268  -45.588  -30.540  27.522 0.0000000000
129577  -53.794  -29.798  31.389 0.0000000000
48241  -53.781  -29.811  30.654 0.0000000000
48242  -55.242  -30.192  30.468 0.0000000000
109928  -55.610  -29.913  29.024 0.0000000000
107744  -56.848  -30.090  31.102 0.0000000000
41413  -43.603  -38.101  45.268 0.0000000000
40538  -43.133  -39.305  44.637 0.0000000000
39704  -44.642  -40.420  44.084 0.0000000000
43277  -43.926  -36.253  32.823 0.0000000000
44120  -43.396  -35.644  34.387 0.0000000000
44151  -42.822  -35.249  31.968 0.0000000000
44989  -41.489  -34.624  31.549 0.0000000000
46662  -44.648  -32.147  28.415 0.0000000000
46665  -43.423  -33.200  27.367 0.0000000000
120800  -43.638  -32.177  27.368 0.0000000000
123658  -54.151  -16.318  30.103 0.0000000000
59028  -54.922  -16.932  28.154 0.0000000000
59041  -54.366  -17.633  27.515 0.0000000000
59042  -55.421  -17.427  27.321 0.0000000000
34600  -30.945  -46.534  46.554 0.0000000000
34613  -29.710  -46.500  45.408 0.0000000000
34630  -30.824  -45.516  44.797 0.0000000000
35687  -29.112  -45.267  32.898 0.0000000000
35674  -28.799  -45.882  33.225 0.0000000000
35698  -28.212  -45.316  31.593 0.0000000000
34841  -27.631  -46.511  29.586 0.0000000000
35733  -27.953  -45.673  29.291 0.0000000000
39806  -38.218  -40.969  35.652 0.0000000000
128170  -36.769  -41.263  35.049 0.0000000000
39815  -36.377  -40.461  34.444 0.0000000000
45851  -46.359  -33.091  32.108 0.0000000000
46651  -47.458  -31.822  31.723 0.0000000000
46624  -48.118  -32.358  33.593 0.0000000000
46600  -52.218  -32.083  35.979 0.0000000000
47360  -51.194  -31.288  34.534 0.0000000000
47361  -52.702  -31.009  34.928 0.0000000000
48197  -52.443  -30.160  33.577 0.0000000000
47362  -53.987  -30.837  35.441 0.0000000000
44048  -45.110  -36.181  41.014 0.0000000000
41489  -47.001  -38.638  42.057 0.0000000000
113490  -48.046  -37.525  41.530 0.0000000000
42396  -48.236  -37.771  36.133 0.0000000000
113297  -48.222  -38.443  37.206 0.0000000000
42411  -47.759  -37.903  34.907 0.0000000000
42418  -46.193  -37.883  33.956 0.0000000000
42429  -47.169  -38.250  32.696 0.0000000000
41628  -46.479  -38.507  30.521 0.0000000000
42463  -47.378  -37.782  31.699 0.0000000000
112466  -47.433  -34.362  34.438 0.0000000000
44982  -47.073  -35.489  32.849 0.0000000000
117490  -46.290  -33.978  32.442 0.0000000000
45856  -45.792  -33.515  30.797 0.0000000000
33650  -35.725  -47.306  45.318 0.0000000000
33665  -34.037  -47.713  44.021 0.0000000000
32729  -35.079  -47.571  43.146 0.0000000000
35598  -34.279  -45.908  40.904 0.0000000000
33718  -33.419  -46.626  40.766 0.0000000000
35617  -33.397  -45.766  38.910 0.0000000000
35632  -31.807  -45.630  36.297 0.0000000000
36556  -32.410  -45.037  36.759 0.0000000000
48237  -49.021  -30.483  30.442 0.0000000000
48259  -48.258  -30.154  28.933 0.0000000000
48260  -49.121  -29.954  29.140 0.0000000000
49066  -52.446  -29.624  27.948 0.0000000000
120605  -50.491  -29.536  27.709 0.0000000000
109120  -51.214  -29.543  26.986 0.0000000000
49079  -56.641  -28.683  27.610 0.0000000000
49975  -56.494  -28.370  26.849 0.0000000000
129612  -56.432  -27.949  26.966 0.0000000000
50800  -55.292  -27.476  26.855 0.0000000000
50789  -54.888  -28.016  28.621 0.0000000000
43157  -38.798  -36.716  45.092 0.0000000000
41440  -38.524  -37.995  43.334 0.0000000000
129318  -39.663  -37.268  42.990 0.0000000000
38987  -42.345  -42.185  41.633 0.0000000000
38986  -41.147  -42.312  41.077 0.0000000000
37414  -41.381  -43.172  40.083 0.0000000000
38255  -40.529  -42.951  38.537 0.0000000000
122952  -41.500  -41.667  38.458 0.0000000000
39755  -47.225  -40.870  40.505 0.0000000000
39009  -45.668  -41.271  41.394 0.0000000000
40613  -45.821  -39.393  39.791 0.0000000000
108057  -41.946  -36.181  35.799 0.0000000000
42376  -42.422  -37.250  37.703 0.0000000000
42391  -40.845  -36.940  36.298 0.0000000000
41563  -40.345  -38.168  36.762 0.0000000000
125673  -44.431  -37.523  27.127 0.0000000000
43995  -42.703  -35.337  47.371 0.0000000000
44876  -45.651  -34.136  44.308 0.0000000000
48111  -52.599  -30.102  38.749 0.0000000000
49839  -54.353  -28.089  37.911 0.0000000000
49848  -55.471  -28.323  37.096 0.0000000000
48148  -56.154  -29.709  35.928 0.0000000000
50709  -56.008  -27.979  36.303 0.0000000000
52374  -57.418  -25.711  34.153 0.0000000000
50721  -57.787  -27.529  34.178 0.0000000000
51539  -58.482  -26.557  33.084 0.0000000000
50755  -58.070  -27.162  31.858 0.0000000000
51550  -58.094  -26.186  32.473 0.0000000000
54114  -56.288  -23.322  31.365 0.0000000000
52422  -56.288  -25.579  31.841 0.0000000000
53259  -54.798  -24.900  31.263 0.0000000000
128995  -53.707  -25.700  30.916 0.0000000000
54123  -54.212  -23.731  30.377 0.0000000000
58177  -55.227  -17.955  32.880 0.0000000000
57439  -52.390  -19.274  29.635 0.0000000000
57425  -53.768  -19.746  30.617 0.0000000000
55813  -52.693  -21.592  29.254 0.0000000000
54927  -52.253  -22.773  28.725 0.0000000000
55818  -51.750  -22.261  28.179 0.0000000000
54152  -50.303  -23.502  27.424 0.0000000000
55825  -50.885  -22.185  27.052 0.0000000000
57477  -51.970  -19.688  25.359 0.0000000000
56690  -50.756  -20.642  25.389 0.0000000000
56708  -50.210  -20.196  23.798 0.0000000000
59910  -57.735  -16.398  26.209 0.0000000000
58266  -56.409  -17.653  25.702 0.0000000000
59070  -56.170  -17.653  24.905 0.0000000000
34665  -27.124  -45.747  41.365 0.0000000000
33688  -26.532  -47.248  42.441 0.0000000000
34675  -25.950  -46.223  40.571 0.0000000000
34681  -24.575  -46.381  39.467 0.0000000000
35602  -25.521  -45.344  39.268 0.0000000000
113276  -31.237  -46.439  39.861 0.0000000000
35596  -30.073  -45.151  40.116 0.0000000000
35616  -29.645  -45.699  38.447 0.0000000000
36562  -26.829  -44.598  35.860 0.0000000000
32050  -26.512  -49.920  31.703 0.0000000000
39748  -37.528  -40.571  40.710 0.0000000000
38216  -36.462  -41.893  41.069 0.0000000000
127315  -37.421  -42.602  39.125 0.0000000000
39037  -34.023  -41.615  34.826 0.0000000000
38270  -34.598  -42.064  36.385 0.0000000000
39036  -33.111  -41.679  34.771 0.0000000000
38295  -31.374  -42.335  34.334 0.0000000000
117593  -30.857  -41.391  32.629 0.0000000000
38359  -29.953  -42.342  28.329 0.0000000000
45818  -48.534  -33.859  35.457 0.0000000000
46597  -49.505  -32.541  35.024 0.0000000000
45820  -50.431  -33.081  36.115 0.0000000000
46586  -51.987  -32.627  36.429 0.0000000000
45805  -53.878  -32.613  37.376 0.0000000000
44057  -47.936  -35.671  40.111 0.0000000000
121019  -49.296  -37.107  41.667 0.0000000000
42316  -51.113  -36.966  40.999 0.0000000000
111646  -50.363  -37.016  38.566 0.0000000000
43260  -48.345  -36.927  35.339 0.0000000000
43272  -47.941  -36.703  34.080 0.0000000000
44108  -48.454  -36.074  35.540 0.0000000000
44959  -48.478  -34.981  35.636 0.0000000000
53345  -48.236  -24.646  24.493 0.0000000000
35539  -36.686  -45.260  45.884 0.0000000000
34646  -35.618  -46.767  43.538 0.0000000000
35563  -35.970  -45.687  44.658 0.0000000000
36508  -35.525  -45.187  42.750 0.0000000000
36527  -34.865  -44.337  41.030 0.0000000000
48239  -51.356  -29.863  30.877 0.0000000000
48249  -50.727  -29.880  30.146 0.0000000000
127348  -52.171  -29.655  30.414 0.0000000000
48263  -52.616  -29.615  28.727 0.0000000000
48271  -53.310  -29.661  28.121 0.0000000000
49076  -54.611  -29.664  26.887 0.0000000000
48265  -55.212  -29.844  28.365 0.0000000000
48267  -56.603  -29.463  28.650 0.0000000000
49059  -57.216  -28.988  29.151 0.0000000000
43171  -41.287  -36.736  45.050 0.0000000000
41441  -40.796  -37.957  42.999 0.0000000000
41426  -41.956  -38.229  44.435 0.0000000000
39723  -42.889  -40.654  42.888 0.0000000000
38219  -43.516  -42.018  41.650 0.0000000000
42393  -45.557  -37.344  36.728 0.0000000000
42362  -44.840  -37.605  38.169 0.0000000000
43258  -44.500  -36.369  35.720 0.0000000000
126114  -42.768  -36.073  35.781 0.0000000000
44117  -41.136  -35.664  34.470 0.0000000000
127843  -40.096  -35.347  33.241 0.0000000000
44978  -40.915  -34.720  32.196 0.0000000000
45013  -44.605  -34.666  28.116 0.0000000000
45868  -43.451  -34.403  26.926 0.0000000000
54097  -57.485  -23.405  33.475 0.0000000000
53249  -57.578  -24.505  32.510 0.0000000000
114897  -57.571  -22.644  32.763 0.0000000000
54905  -57.126  -22.578  31.951 0.0000000000
55795  -56.759  -21.571  31.816 0.0000000000
60722  -54.082  -15.647  32.597 0.0000000000
58987  -54.111  -17.647  32.229 0.0000000000
121501  -53.678  -16.558  31.389 0.0000000000
59013  -52.618  -17.914  29.383 0.0000000000
58229  -52.182  -18.903  28.701 0.0000000000
56666  -51.698  -20.972  27.294 0.0000000000
57455  -52.289  -19.635  27.313 0.0000000000
57468  -53.528  -18.965  26.326 0.0000000000
57489  -53.277  -18.897  25.191 0.0000000000
112272  -57.925  -16.075  23.887 0.0000000000
59096  -55.870  -17.068  23.243 0.0000000000
107886  -56.822  -16.085  22.589 0.0000000000
32710  -29.016  -48.181  46.022 0.0000000000
32722  -27.906  -47.895  45.054 0.0000000000
33662  -28.316  -47.374  44.650 0.0000000000
34643  -28.373  -46.314  43.589 0.0000000000
35586  -27.913  -45.078  41.488 0.0000000000
34707  -29.973  -46.416  36.274 0.0000000000
35631  -29.271  -45.937  36.686 0.0000000000
34723  -28.932  -46.039  34.971 0.0000000000
34762  -27.522  -46.377  33.052 0.0000000000
33804  -26.928  -47.145  31.894 0.0000000000
32065  -26.620  -49.139  31.216 0.0000000000
33825  -27.095  -47.970  30.277 0.0000000000
37444  -38.737  -43.059  37.886 0.0000000000
37442  -37.450  -42.877  38.041 0.0000000000
38273  -37.535  -42.438  36.748 0.0000000000
39039  -35.824  -41.549  35.121 0.0000000000
109994  -34.107  -41.150  33.612 0.0000000000
46658  -45.642  -31.947  29.523 0.0000000000
47415  -46.200  -31.186  29.155 0.0000000000
47404  -47.155  -31.633  30.983 0.0000000000
47405  -47.915  -31.268  31.178 0.0000000000
48224  -49.369  -30.809  31.936 0.0000000000
47359  -49.769  -31.637  34.093 0.0000000000
47395  -50.482  -30.749  33.056 0.0000000000
48212  -51.017  -30.291  32.428 0.0000000000
48213  -51.860  -29.983  32.762 0.0000000000
114664  -53.762  -29.769  32.846 0.0000000000
48215  -54.640  -29.839  32.814 0.0000000000
42290  -44.536  -37.894  44.149 0.0000000000
40561  -45.802  -40.291  43.520 0.0000000000
41467  -46.395  -38.946  42.638 0.0000000000
39738  -48.559  -40.519  41.933 0.0000000000
40616  -48.082  -39.916  38.957 0.0000000000
40602  -49.936  -39.082  40.050 0.0000000000
40629  -48.190  -39.452  38.426 0.0000000000
41546  -47.043  -38.567  36.953 0.0000000000
126119  -45.921  -37.572  34.699 0.0000000000
129416  -44.964  -37.390  32.992 0.0000000000
43304  -43.977  -37.254  30.808 0.0000000000
44171  -43.019  -36.885  29.361 0.0000000000
43315  -44.528  -38.059  29.830 0.0000000000
42501  -45.167  -38.285  28.153 0.0000000000
43327  -46.093  -37.337  28.646 0.0000000000
43292  -47.465  -36.956  31.686 0.0000000000
44162  -46.525  -35.967  30.450 0.0000000000
44173  -45.919  -36.063  28.988 0.0000000000
45006  -45.367  -34.321  29.450 0.0000000000
45860  -45.370  -33.297  29.922 0.0000000000
114087  -57.128  -15.991  28.277 0.0000000000
60764  -57.824  -15.268  28.464 0.0000000000
60776  -58.376  -15.183  27.354 0.0000000000
59900  -58.550  -15.547  26.017 0.0000000000
59924  -58.809  -15.427  25.222 0.0000000000
60817  -59.234  -14.868  23.647 0.0000000000
34602  -32.925  -46.450  46.121 0.0000000000
35549  -31.648  -45.547  44.381 0.0000000000
115111  -32.752  -46.514  44.327 0.0000000000
34658  -32.640  -47.093  42.348 0.0000000000
34685  -31.404  -46.607  39.549 0.0000000000
33701  -34.307  -47.266  41.937 0.0000000000
33716  -32.380  -46.564  39.748 0.0000000000
33722  -31.235  -46.993  38.205 0.0000000000
34708  -30.735  -46.503  36.503 0.0000000000
35661  -30.304  -45.730  34.605 0.0000000000
36589  -30.181  -44.253  33.772 0.0000000000
48257  -46.651  -30.546  28.567 0.0000000000
48270  -47.151  -30.012  28.056 0.0000000000
49063  -49.803  -29.657  28.489 0.0000000000
50799  -54.075  -27.473  27.419 0.0000000000
50774  -51.914  -27.244  28.915 0.0000000000
112422  -38.328  -39.414  45.780 0.0000000000
38940  -37.656  -41.307  44.301 0.0000000000
40537  -37.939  -39.511  44.094 0.0000000000
40573  -37.714  -39.706  42.052 0.0000000000
39749  -38.179  -40.556  40.431 0.0000000000
41487  -40.498  -38.857  41.480 0.0000000000
39751  -40.010  -40.845  40.572 0.0000000000
37420  -39.616  -43.239  39.425 0.0000000000
38254  -40.001  -43.043  38.160 0.0000000000
39033  -39.369  -41.781  36.761 0.0000000000
125083  -38.746  -40.214  35.883 0.0000000000
38953  -45.496  -42.005  43.287 0.0000000000
38988  -45.003  -41.752  41.969 0.0000000000
39007  -43.512  -41.552  40.348 0.0000000000
41529  -43.777  -38.005  38.746 0.0000000000
40625  -42.470  -39.419  38.848 0.0000000000
126377  -42.357  -40.428  38.900 0.0000000000
39801  -41.015  -40.159  37.793 0.0000000000
41562  -39.293  -38.879  36.136 0.0000000000
44182  -42.192  -36.822  27.927 0.0000000000
107212  -50.428  -32.732  39.167 0.0000000000
46563  -52.078  -32.523  39.534 0.0000000000
32686  -29.642  -48.691  47.534 0.0000000000
34590  -33.400  -47.120  47.382 0.0000000000
110937  -34.414  -47.390  46.970 0.0000000000
33626  -35.783  -47.173  46.654 0.0000000000
36464  -37.763  -43.768  47.004 0.0000000000
119774  -38.474  -42.485  47.478 0.0000000000
124461  -38.808  -41.784  47.286 0.0000000000
40489  -38.818  -39.900  47.562 0.0000000000
115115  -38.461  -38.439  46.958 0.0000000000
126203  -38.486  -37.521  46.669 0.0000000000
43148  -39.269  -35.736  46.540 0.0000000000
109793  -39.454  -35.161  47.965 0.0000000000
44009  -40.712  -35.455  46.428 0.0000000000
43149  -41.937  -36.383  46.565 0.0000000000
43150  -42.640  -36.359  46.498 0.0000000000
43152  -43.708  -35.958  46.258 0.0000000000
44024  -44.316  -36.142  45.204 0.0000000000
44030  -44.674  -35.417  43.662 0.0000000000
44891  -44.738  -35.126  42.272 0.0000000000
115017  -48.970  -33.449  39.002 0.0000000000
128200  -53.001  -32.004  39.462 0.0000000000
46573  -54.200  -32.337  38.316 0.0000000000
47330  -54.536  -31.567  37.817 0.0000000000
49829  -53.037  -27.875  38.783 0.0000000000
48123  -54.681  -29.943  38.047 0.0000000000
47338  -54.831  -31.184  36.620 0.0000000000
48157  -55.167  -30.378  35.325 0.0000000000
48177  -55.733  -30.122  34.686 0.0000000000
48201  -56.418  -30.011  33.984 0.0000000000
50714  -56.457  -27.869  35.652 0.0000000000
49894  -57.612  -28.742  34.252 0.0000000000
48218  -57.625  -29.799  32.532 0.0000000000
49048  -58.098  -29.019  31.036 0.0000000000
49054  -57.585  -28.899  30.357 0.0000000000
49933  -57.040  -28.590  30.579 0.0000000000
109557  -57.199  -25.794  32.043 0.0000000000
50752  -56.069  -27.617  31.664 0.0000000000
50766  -55.216  -28.196  30.516 0.0000000000
50765  -53.727  -27.583  30.433 0.0000000000
51576  -52.209  -26.973  29.659 0.0000000000
51575  -51.557  -26.505  29.224 0.0000000000
107356  -56.393  -20.520  31.793 0.0000000000
55806  -55.556  -21.583  31.045 0.0000000000
57409  -54.237  -19.027  31.193 0.0000000000
56641  -54.734  -20.468  30.827 0.0000000000
110826  -54.261  -22.362  30.177 0.0000000000
53283  -53.489  -23.695  29.928 0.0000000000
53281  -51.761  -24.544  29.201 0.0000000000
52488  -50.345  -25.605  28.120 0.0000000000
53309  -49.571  -24.622  27.326 0.0000000000
54164  -49.214  -23.967  26.748 0.0000000000
54962  -48.460  -23.167  25.258 0.0000000000
55855  -50.427  -21.380  25.888 0.0000000000
55854  -49.580  -21.795  25.423 0.0000000000
54977  -47.945  -22.582  23.666 0.0000000000
58256  -56.139  -17.614  26.510 0.0000000000
58264  -55.218  -18.373  25.973 0.0000000000
58272  -53.153  -18.584  24.355 0.0000000000
59078  -54.875  -17.442  23.184 0.0000000000
107280  -53.013  -18.055  22.793 0.0000000000
58280  -51.907  -18.775  23.188 0.0000000000
129275  -26.436  -47.713  43.626 0.0000000000
113022  -30.625  -44.999  43.090 0.0000000000
35587  -28.883  -44.709  41.382 0.0000000000
36524  -27.697  -44.663  40.089 0.0000000000
35622  -28.601  -45.222  37.257 0.0000000000
36550  -26.979  -44.305  37.544 0.0000000000
36541  -26.229  -44.443  38.195 0.0000000000
35627  -25.289  -45.637  36.644 0.0000000000
38203  -36.848  -41.832  42.981 0.0000000000
37403  -35.687  -43.170  41.737 0.0000000000
37416  -34.769  -43.504  39.471 0.0000000000
38253  -36.478  -42.570  38.123 0.0000000000
37440  -34.586  -42.870  37.958 0.0000000000
111733  -33.309  -43.890  37.578 0.0000000000
37447  -31.953  -43.682  35.830 0.0000000000
37472  -30.255  -43.261  33.649 0.0000000000
37494  -28.993  -42.922  31.667 0.0000000000
39834  -33.856  -40.294  32.126 0.0000000000
39843  -32.460  -40.225  31.270 0.0000000000
39842  -31.554  -40.385  31.056 0.0000000000
39096  -29.907  -40.924  30.208 0.0000000000
38342  -28.914  -42.194  29.410 0.0000000000
36650  -28.384  -44.172  29.253 0.0000000000
44063  -52.860  -34.778  39.554 0.0000000000
44083  -52.969  -34.668  38.897 0.0000000000
45755  -53.064  -34.249  39.796 0.0000000000
45737  -51.660  -33.930  40.199 0.0000000000
44912  -52.252  -35.050  40.389 0.0000000000
44071  -52.490  -35.339  39.427 0.0000000000
44082  -52.252  -35.268  38.776 0.0000000000
113598  -50.528  -26.945  27.015 0.0000000000
51605  -50.263  -26.722  26.355 0.0000000000
51590  -50.208  -26.349  27.625 0.0000000000
38926  -38.661  -42.020  46.345 0.0000000000
38173  -37.953  -42.641  45.100 0.0000000000
114116  -38.125  -41.939  45.023 0.0000000000
47418  -45.096  -31.267  28.021 0.0000000000
108465  -55.103  -30.033  31.973 0.0000000000
107577  -54.600  -30.011  31.089 0.0000000000
107467  -55.668  -30.190  31.151 0.0000000000
41414  -43.971  -38.130  45.177 0.0000000000
41428  -43.899  -38.747  44.990 0.0000000000
40540  -44.359  -39.490  44.407 0.0000000000
44152  -43.324  -36.069  31.446 0.0000000000
44142  -43.369  -35.773  32.356 0.0000000000
46666  -44.312  -31.719  27.712 0.0000000000
47420  -43.953  -31.380  27.038 0.0000000000
60735  -56.075  -15.565  30.173 0.0000000000
124161  -55.679  -15.996  29.489 0.0000000000
59872  -55.828  -16.359  28.718 0.0000000000
34614  -30.620  -46.050  45.656 0.0000000000
113195  -31.429  -46.074  45.987 0.0000000000
36600  -28.725  -44.797  32.153 0.0000000000
35686  -28.502  -45.653  32.476 0.0000000000
35716  -27.693  -45.731  30.054 0.0000000000
110541  -28.028  -45.040  30.631 0.0000000000
39805  -37.554  -40.359  35.191 0.0000000000
39056  -36.884  -40.818  34.872 0.0000000000
40670  -36.938  -39.888  34.777 0.0000000000
46623  -47.378  -32.955  33.732 0.0000000000
46640  -47.509  -32.415  32.998 0.0000000000
46601  -53.090  -31.812  36.112 0.0000000000
47347  -52.507  -31.515  35.480 0.0000000000
109525  -53.293  -31.229  35.550 0.0000000000
121376  -53.393  -30.810  34.978 0.0000000000
44055  -45.684  -35.736  40.561 0.0000000000
43187  -46.365  -37.076  41.030 0.0000000000
43188  -47.356  -36.999  40.985 0.0000000000
42412  -48.111  -37.580  35.234 0.0000000000
42421  -47.902  -37.730  34.461 0.0000000000
115553  -47.471  -38.120  33.415 0.0000000000
42430  -47.685  -37.865  32.895 0.0000000000
42446  -47.089  -38.224  31.861 0.0000000000
45834  -47.497  -33.479  34.275 0.0000000000
44971  -46.644  -34.404  33.145 0.0000000000
45843  -46.919  -33.870  33.880 0.0000000000
45842  -46.723  -33.249  33.025 0.0000000000
33651  -36.079  -47.018  45.639 0.0000000000
33667  -35.488  -47.328  44.623 0.0000000000
121436  -35.547  -47.183  44.270 0.0000000000
35609  -33.928  -45.671  40.110 0.0000000000
35608  -33.569  -45.907  39.530 0.0000000000
35624  -32.747  -45.384  37.418 0.0000000000
36553  -33.225  -44.660  37.862 0.0000000000
48248  -49.310  -30.178  29.805 0.0000000000
108391  -49.846  -30.163  30.306 0.0000000000
49074  -52.189  -29.642  27.167 0.0000000000
124867  -56.744  -28.624  27.923 0.0000000000
122471  -56.532  -28.266  27.212 0.0000000000
50790  -56.454  -28.317  27.569 0.0000000000
50778  -55.947  -28.211  28.177 0.0000000000
43169  -39.377  -36.376  44.585 0.0000000000
43168  -38.836  -36.849  44.320 0.0000000000
42287  -39.390  -36.829  43.653 0.0000000000
108893  -42.697  -42.687  41.007 0.0000000000
110507  -41.992  -42.826  41.141 0.0000000000
38247  -42.078  -43.003  40.087 0.0000000000
38246  -41.616  -42.910  39.578 0.0000000000
39020  -42.374  -42.459  39.658 0.0000000000
40614  -47.270  -39.696  38.925 0.0000000000
112665  -46.615  -39.695  39.553 0.0000000000
40626  -46.612  -39.197  38.881 0.0000000000
112482  -41.168  -36.402  35.732 0.0000000000
43241  -41.597  -36.616  36.414 0.0000000000
43256  -40.358  -36.723  35.653 0.0000000000
106919  -39.885  -36.428  34.998 0.0000000000
44196  -44.367  -36.910  26.949 0.0000000000
44195  -43.600  -36.528  26.470 0.0000000000
50703  -55.622  -28.014  36.788 0.0000000000
53232  -56.874  -24.738  34.280 0.0000000000
113906  -58.079  -26.172  33.681 0.0000000000
52390  -57.951  -25.419  33.391 0.0000000000
123526  -58.298  -25.888  33.084 0.0000000000
52406  -58.002  -25.320  32.837 0.0000000000
53274  -55.477  -23.952  31.092 0.0000000000
53273  -54.505  -24.233  30.773 0.0000000000
54124  -54.842  -23.512  30.628 0.0000000000
59785  -54.507  -15.995  34.690 0.0000000000
58957  -55.114  -16.842  34.402 0.0000000000
58973  -54.430  -17.010  33.257 0.0000000000
116296  -52.112  -19.894  29.124 0.0000000000
56654  -52.386  -20.754  29.303 0.0000000000
117467  -52.172  -21.215  28.836 0.0000000000
55819  -52.272  -21.926  28.701 0.0000000000
55827  -51.910  -21.316  28.134 0.0000000000
55826  -51.445  -21.792  27.502 0.0000000000
57487  -51.677  -19.459  24.519 0.0000000000
57486  -50.915  -19.803  24.162 0.0000000000
106992  -50.685  -19.630  23.347 0.0000000000
59922  -57.929  -16.311  25.665 0.0000000000
111458  -56.986  -17.168  25.269 0.0000000000
59081  -57.327  -16.772  24.656 0.0000000000
32708  -27.434  -48.360  45.542 0.0000000000
34664  -26.409  -46.366  41.180 0.0000000000
35593  -25.747  -45.734  39.989 0.0000000000
35603  -26.208  -45.063  39.653 0.0000000000
34684  -30.949  -46.708  39.182 0.0000000000
35607  -30.620  -46.071  39.575 0.0000000000
34683  -30.382  -46.310  38.790 0.0000000000
107114  -26.073  -49.217  32.989 0.0000000000
115362  -37.675  -42.191  39.582 0.0000000000
117554  -36.925  -41.686  40.160 0.0000000000
38244  -37.584  -42.486  39.326 0.0000000000
39052  -33.707  -41.444  34.114 0.0000000000
110724  -32.923  -41.513  34.111 0.0000000000
107363  -31.471  -41.440  33.219 0.0000000000
39073  -31.502  -41.030  32.494 0.0000000000
45801  -49.808  -33.653  36.299 0.0000000000
45819  -49.441  -33.200  35.659 0.0000000000
45802  -50.509  -33.720  36.686 0.0000000000
45784  -52.750  -33.616  37.573 0.0000000000
109573  -52.348  -33.089  36.962 0.0000000000
45804  -53.207  -32.926  37.187 0.0000000000
46587  -52.777  -32.470  36.565 0.0000000000
44070  -48.240  -35.000  39.707 0.0000000000
43200  -49.477  -36.017  41.165 0.0000000000
44059  -49.837  -35.356  40.846 0.0000000000
43226  -51.241  -36.447  38.927 0.0000000000
43236  -49.672  -36.828  37.860 0.0000000000
43246  -49.013  -36.787  36.962 0.0000000000
114251  -48.730  -36.418  36.166 0.0000000000
44097  -49.288  -35.937  36.866 0.0000000000
44952  -49.762  -34.345  36.682 0.0000000000
44960  -49.109  -34.158  36.098 0.0000000000
51624  -52.216  -26.499  25.489 0.0000000000
52513  -48.612  -25.148  25.234 0.0000000000
36482  -37.241  -44.603  46.113 0.0000000000
35551  -36.340  -45.273  45.396 0.0000000000
36481  -36.988  -44.585  45.764 0.0000000000
36499  -36.003  -44.407  44.102 0.0000000000
110829  -35.857  -44.180  43.288 0.0000000000
36518  -35.010  -44.938  41.899 0.0000000000
36519  -35.526  -44.168  42.471 0.0000000000
127772  -45.727  -30.046  27.008 0.0000000000
48240  -52.251  -29.704  31.126 0.0000000000
48252  -53.722  -29.778  29.705 0.0000000000
111596  -53.432  -29.682  28.915 0.0000000000
48264  -54.221  -29.773  28.376 0.0000000000
48254  -56.182  -30.028  29.519 0.0000000000
126778  -56.222  -29.795  28.962 0.0000000000
48255  -56.737  -29.639  29.261 0.0000000000
49068  -56.970  -28.980  28.412 0.0000000000
49058  -57.068  -29.240  28.981 0.0000000000
42269  -41.906  -37.308  45.566 0.0000000000
42279  -41.606  -37.450  44.712 0.0000000000
39712  -43.896  -40.861  44.029 0.0000000000
39711  -43.334  -40.411  43.774 0.0000000000
38950  -43.608  -41.217  43.421 0.0000000000
126677  -43.298  -41.440  42.690 0.0000000000
38969  -43.832  -41.781  42.912 0.0000000000
43245  -45.427  -37.000  35.996 0.0000000000
43244  -44.622  -36.700  36.684 0.0000000000
44129  -42.836  -35.329  33.632 0.0000000000
44106  -43.091  -35.727  35.111 0.0000000000
44119  -42.531  -35.527  34.486 0.0000000000
44118  -41.849  -35.607  34.639 0.0000000000
44128  -41.778  -35.286  33.866 0.0000000000
44140  -41.283  -34.965  33.004 0.0000000000
45864  -43.958  -33.946  27.713 0.0000000000
118007  -57.548  -22.648  33.290 0.0000000000
54102  -57.660  -23.192  33.026 0.0000000000
55784  -57.351  -21.259  32.568 0.0000000000
54898  -57.360  -22.217  32.386 0.0000000000
55796  -57.065  -21.792  32.029 0.0000000000
54904  -56.736  -22.184  31.701 0.0000000000
61522  -55.222  -14.448  32.640 0.0000000000
60707  -54.516  -14.985  33.043 0.0000000000
59828  -53.804  -16.030  31.975 0.0000000000
59829  -54.134  -16.004  30.980 0.0000000000
59014  -53.842  -16.965  28.886 0.0000000000
59000  -53.080  -17.327  29.703 0.0000000000
125961  -52.476  -18.194  28.874 0.0000000000
58230  -52.704  -18.206  28.096 0.0000000000
58240  -52.470  -18.906  27.657 0.0000000000
58242  -54.751  -18.047  26.927 0.0000000000
58254  -54.098  -18.525  26.643 0.0000000000
57478  -52.893  -19.347  25.781 0.0000000000
57479  -53.785  -18.844  25.754 0.0000000000
59951  -58.329  -15.577  23.488 0.0000000000
59950  -57.577  -15.961  23.134 0.0000000000
32698  -29.306  -48.445  46.795 0.0000000000
33645  -28.621  -47.737  45.369 0.0000000000
33646  -29.334  -47.407  45.727 0.0000000000
34629  -29.393  -46.021  44.649 0.0000000000
34628  -28.654  -46.632  44.324 0.0000000000
34656  -28.319  -45.707  42.887 0.0000000000
35573  -28.885  -45.055  42.732 0.0000000000
34724  -29.693  -46.219  35.332 0.0000000000
34747  -29.418  -46.048  34.617 0.0000000000
34783  -28.139  -46.179  32.798 0.0000000000
34763  -28.364  -46.017  33.467 0.0000000000
34782  -27.419  -46.550  32.329 0.0000000000
33814  -26.701  -47.765  31.619 0.0000000000
33815  -27.009  -47.343  30.937 0.0000000000
115282  -27.859  -47.083  29.122 0.0000000000
33847  -27.625  -47.743  29.571 0.0000000000
38263  -38.688  -42.822  37.322 0.0000000000
37443  -38.016  -42.901  37.436 0.0000000000
38285  -37.890  -42.153  36.309 0.0000000000
39055  -36.261  -41.193  34.704 0.0000000000
120166  -36.602  -41.524  35.348 0.0000000000
39054  -35.463  -41.289  34.389 0.0000000000
39053  -34.631  -41.354  34.091 0.0000000000
39065  -34.622  -40.969  33.496 0.0000000000
109810  -45.751  -32.382  30.206 0.0000000000
46659  -46.267  -31.632  29.918 0.0000000000
46654  -46.443  -31.965  30.633 0.0000000000
47392  -48.348  -31.367  32.015 0.0000000000
47406  -48.729  -30.849  31.200 0.0000000000
46598  -50.218  -32.495  35.438 0.0000000000
46613  -49.252  -32.204  34.403 0.0000000000
46614  -49.971  -32.015  34.782 0.0000000000
48196  -51.144  -30.740  33.746 0.0000000000
47378  -50.432  -31.185  33.878 0.0000000000
48211  -50.227  -30.563  32.219 0.0000000000
127575  -51.223  -30.413  33.096 0.0000000000
48198  -53.367  -30.034  33.656 0.0000000000
48199  -54.274  -29.951  33.673 0.0000000000
125080  -55.021  -29.930  33.539 0.0000000000
42301  -44.673  -37.574  43.072 0.0000000000
41466  -45.671  -38.776  43.011 0.0000000000
42302  -45.217  -38.019  42.667 0.0000000000
41469  -48.767  -38.993  42.197 0.0000000000
40577  -48.388  -39.724  42.305 0.0000000000
39739  -48.981  -40.113  41.633 0.0000000000
39775  -48.439  -40.502  40.465 0.0000000000
128955  -48.379  -40.090  39.611 0.0000000000
41511  -50.432  -38.451  40.473 0.0000000000
41492  -50.293  -38.170  41.233 0.0000000000
41521  -50.219  -38.525  39.683 0.0000000000
41566  -47.702  -38.322  36.210 0.0000000000
40648  -48.305  -38.884  37.888 0.0000000000
117760  -47.955  -38.635  37.074 0.0000000000
113131  -47.581  -38.666  37.085 0.0000000000
41565  -47.192  -38.346  36.339 0.0000000000
42395  -46.718  -38.008  35.641 0.0000000000
42427  -45.534  -37.894  32.526 0.0000000000
43279  -45.383  -37.481  33.487 0.0000000000
43291  -44.609  -37.236  32.436 0.0000000000
43305  -44.489  -37.512  31.518 0.0000000000
42460  -45.004  -38.210  30.616 0.0000000000
42478  -46.838  -38.067  30.213 0.0000000000
42477  -46.249  -38.391  29.652 0.0000000000
42491  -45.865  -38.122  28.763 0.0000000000
42502  -45.544  -37.855  27.973 0.0000000000
44131  -47.625  -36.246  33.306 0.0000000000
127783  -47.748  -36.879  32.781 0.0000000000
44992  -46.431  -34.743  31.766 0.0000000000
45001  -46.612  -35.507  31.216 0.0000000000
44161  -46.085  -35.423  29.882 0.0000000000
117548  -45.678  -35.031  29.421 0.0000000000
113183  -45.683  -34.341  30.095 0.0000000000
46649  -46.064  -33.036  31.429 0.0000000000
124022  -45.644  -32.950  30.503 0.0000000000
128041  -45.418  -32.534  29.729 0.0000000000
60765  -58.351  -14.899  28.051 0.0000000000
60766  -58.757  -14.683  27.502 0.0000000000
60787  -58.432  -15.353  26.821 0.0000000000
60777  -58.794  -14.894  26.937 0.0000000000
61591  -59.320  -14.797  25.803 0.0000000000
110688  -59.301  -14.990  25.149 0.0000000000
60804  -59.168  -15.106  24.464 0.0000000000
61601  -59.569  -14.715  24.564 0.0000000000
34617  -33.650  -47.042  45.538 0.0000000000
34616  -32.845  -46.406  45.240 0.0000000000
34631  -33.448  -47.144  44.629 0.0000000000
33691  -33.629  -47.632  42.441 0.0000000000
33678  -33.130  -47.441  42.810 0.0000000000
33690  -33.101  -47.468  42.032 0.0000000000
34677  -31.805  -46.425  40.317 0.0000000000
33698  -32.452  -46.645  41.015 0.0000000000
34659  -35.281  -46.766  42.661 0.0000000000
33692  -35.222  -47.327  42.953 0.0000000000
124338  -34.438  -47.042  41.759 0.0000000000
33725  -32.604  -46.728  39.119 0.0000000000
33717  -32.991  -46.552  39.914 0.0000000000
33724  -32.053  -47.048  38.852 0.0000000000
33723  -31.579  -47.047  38.642 0.0000000000
33732  -31.826  -47.081  38.048 0.0000000000
34699  -31.189  -46.812  37.419 0.0000000000
34710  -31.809  -46.717  37.341 0.0000000000
114224  -31.501  -45.193  35.742 0.0000000000
34726  -31.079  -46.116  35.783 0.0000000000
35662  -30.954  -45.226  35.126 0.0000000000
35676  -30.026  -45.308  33.950 0.0000000000
36573  -30.556  -44.737  34.409 0.0000000000
125987  -46.696  -31.120  29.669 0.0000000000
47416  -46.952  -30.733  29.225 0.0000000000
49061  -47.973  -29.834  28.239 0.0000000000
49057  -51.147  -29.672  29.318 0.0000000000
48261  -50.096  -29.830  29.409 0.0000000000
49064  -50.794  -29.621  28.558 0.0000000000
49086  -50.139  -29.422  26.767 0.0000000000
50819  -56.405  -27.934  26.549 0.0000000000
50818  -55.555  -27.308  26.074 0.0000000000
108523  -54.815  -27.726  27.717 0.0000000000
50787  -52.818  -27.548  28.206 0.0000000000
111562  -38.112  -39.969  45.028 0.0000000000
40521  -38.151  -39.129  44.875 0.0000000000
41462  -38.784  -38.178  42.515 0.0000000000
40558  -38.159  -38.759  43.266 0.0000000000
120559  -38.222  -39.305  41.631 0.0000000000
39735  -37.927  -39.884  41.060 0.0000000000
40587  -38.745  -39.429  41.121 0.0000000000
41465  -41.287  -38.622  42.618 0.0000000000
41464  -40.574  -38.294  42.150 0.0000000000
41488  -41.075  -38.824  41.887 0.0000000000
38234  -40.775  -43.244  40.454 0.0000000000
39736  -40.859  -41.153  40.989 0.0000000000
39006  -40.562  -42.743  40.665 0.0000000000
39005  -39.612  -41.897  40.315 0.0000000000
38233  -39.954  -43.058  40.189 0.0000000000
37432  -39.988  -43.337  38.859 0.0000000000
119513  -40.275  -43.344  39.452 0.0000000000
39030  -40.092  -41.632  37.295 0.0000000000
38265  -40.383  -42.425  37.908 0.0000000000
39803  -38.992  -40.917  36.272 0.0000000000
39034  -39.686  -40.756  36.826 0.0000000000
39715  -46.271  -41.157  43.374 0.0000000000
39714  -45.289  -40.970  43.832 0.0000000000
114956  -46.128  -41.750  43.296 0.0000000000
39753  -45.370  -40.594  40.865 0.0000000000
39008  -44.680  -41.300  41.329 0.0000000000
123419  -43.943  -41.712  40.932 0.0000000000
39771  -43.605  -40.488  40.002 0.0000000000
43235  -43.745  -36.793  37.345 0.0000000000
42377  -43.833  -37.270  38.043 0.0000000000
41544  -42.106  -37.969  38.100 0.0000000000
41528  -42.640  -38.454  38.652 0.0000000000
41527  -41.834  -38.950  38.329 0.0000000000
40624  -41.966  -39.826  38.496 0.0000000000
123045  -41.501  -39.751  38.144 0.0000000000
40645  -41.129  -39.214  37.794 0.0000000000
41576  -39.204  -38.018  35.822 0.0000000000
122785  -39.959  -39.033  36.792 0.0000000000
41575  -38.726  -38.678  35.635 0.0000000000
43326  -43.860  -37.959  28.348 0.0000000000
43325  -42.922  -37.333  28.214 0.0000000000
31905  -29.361  -49.136  48.043 0.0000000000
33624  -33.854  -47.361  47.910 0.0000000000
126675  -37.123  -45.038  46.580 0.0000000000
119253  -38.614  -38.947  47.644 0.0000000000
43136  -38.665  -36.542  47.015 0.0000000000
43137  -38.956  -35.811  47.527 0.0000000000
44839  -40.124  -34.604  48.233 0.0000000000
43992  -40.230  -34.881  47.518 0.0000000000
111179  -40.081  -35.170  46.760 0.0000000000
43993  -40.969  -35.132  47.162 0.0000000000
44023  -41.255  -35.926  46.146 0.0000000000
44010  -41.552  -35.722  46.873 0.0000000000
43138  -43.039  -35.776  46.871 0.0000000000
43151  -43.289  -36.197  46.364 0.0000000000
44012  -44.177  -35.574  46.135 0.0000000000
44025  -44.581  -35.120  45.514 0.0000000000
112070  -44.497  -36.172  44.157 0.0000000000
44031  -44.629  -35.313  44.584 0.0000000000
44884  -44.992  -34.892  43.146 0.0000000000
44892  -45.365  -34.455  42.556 0.0000000000
45751  -49.332  -32.646  38.794 0.0000000000
47315  -51.773  -31.696  39.047 0.0000000000
46564  -52.878  -32.635  39.665 0.0000000000
119520  -52.192  -30.974  38.840 0.0000000000
48112  -53.324  -30.210  38.717 0.0000000000
47318  -53.785  -31.245  38.796 0.0000000000
125419  -54.222  -31.732  38.497 0.0000000000
47323  -54.392  -30.878  38.284 0.0000000000
123726  -54.833  -28.586  37.752 0.0000000000
48971  -54.401  -28.906  38.193 0.0000000000
48124  -55.160  -30.111  37.502 0.0000000000
47331  -55.043  -30.929  37.173 0.0000000000
48136  -55.454  -30.227  36.970 0.0000000000
47350  -55.182  -30.665  35.996 0.0000000000
48147  -55.366  -30.546  36.482 0.0000000000
49009  -56.468  -29.218  35.522 0.0000000000
48159  -56.231  -29.916  35.432 0.0000000000
48178  -56.261  -29.995  34.828 0.0000000000
48179  -56.842  -29.747  34.445 0.0000000000
53222  -55.272  -25.228  35.776 0.0000000000
51511  -56.042  -27.424  35.997 0.0000000000
124299  -56.107  -26.833  35.629 0.0000000000
49876  -58.074  -28.144  33.863 0.0000000000
49875  -57.311  -28.266  34.527 0.0000000000
49034  -58.143  -28.798  33.597 0.0000000000
116258  -57.821  -29.543  33.250 0.0000000000
124553  -58.140  -29.389  32.360 0.0000000000
48229  -57.805  -29.626  31.623 0.0000000000
49040  -58.400  -28.806  31.750 0.0000000000
50754  -57.683  -27.440  31.673 0.0000000000
49920  -57.905  -28.290  31.306 0.0000000000
118919  -57.403  -28.256  31.281 0.0000000000
49919  -56.734  -28.119  31.363 0.0000000000
53263  -57.448  -23.750  32.305 0.0000000000
114916  -57.650  -25.491  32.388 0.0000000000
52423  -57.184  -24.722  31.974 0.0000000000
52421  -55.130  -25.778  31.635 0.0000000000
51562  -55.515  -26.789  31.819 0.0000000000
50751  -54.981  -27.685  31.388 0.0000000000
121349  -54.394  -27.845  30.780 0.0000000000
50750  -54.048  -27.294  31.075 0.0000000000
52443  -53.339  -25.233  30.600 0.0000000000
121377  -53.204  -26.104  30.663 0.0000000000
52462  -52.089  -26.053  29.784 0.0000000000
58195  -55.798  -18.790  32.491 0.0000000000
57410  -56.294  -19.689  32.161 0.0000000000
56642  -56.063  -21.045  31.398 0.0000000000
56624  -55.628  -20.266  31.401 0.0000000000
58193  -53.677  -18.156  31.391 0.0000000000
110622  -53.174  -21.171  29.810 0.0000000000
56640  -53.872  -20.764  30.371 0.0000000000
55804  -54.071  -21.632  30.225 0.0000000000
55805  -54.780  -21.251  30.662 0.0000000000
54920  -53.598  -22.778  29.718 0.0000000000
54140  -51.507  -23.242  28.315 0.0000000000
54131  -52.073  -23.651  28.939 0.0000000000
109763  -51.459  -24.072  28.680 0.0000000000
53295  -51.007  -24.934  28.694 0.0000000000
53294  -50.469  -24.762  28.145 0.0000000000
53310  -49.976  -24.981  27.786 0.0000000000
114811  -50.262  -24.172  27.727 0.0000000000
54948  -50.244  -22.555  26.724 0.0000000000
54165  -49.940  -23.273  26.999 0.0000000000
54947  -49.504  -22.987  26.416 0.0000000000
54180  -48.795  -23.509  25.977 0.0000000000
54963  -49.141  -22.615  25.729 0.0000000000
56681  -51.595  -20.577  26.512 0.0000000000
110911  -51.122  -21.381  26.684 0.0000000000
55856  -51.079  -20.842  26.043 0.0000000000
56699  -49.735  -20.810  24.236 0.0000000000
55865  -50.007  -21.041  25.057 0.0000000000
55864  -49.282  -21.506  24.638 0.0000000000
55863  -48.569  -22.020  24.186 0.0000000000
59885  -57.261  -16.184  27.685 0.0000000000
59030  -56.787  -16.476  27.705 0.0000000000
59055  -56.711  -17.139  26.530 0.0000000000
123194  -55.436  -17.872  24.742 0.0000000000
58265  -55.979  -17.960  26.083 0.0000000000
58274  -54.815  -18.220  25.082 0.0000000000
58273  -53.930  -18.551  25.076 0.0000000000
107006  -54.068  -18.204  24.281 0.0000000000
59095  -55.292  -16.929  22.476 0.0000000000
59094  -54.517  -17.217  22.229 0.0000000000
58298  -53.205  -17.789  22.132 0.0000000000
111875  -52.385  -18.417  22.765 0.0000000000
33661  -27.689  -47.614  44.271 0.0000000000
33660  -26.989  -47.684  43.974 0.0000000000
33675  -26.860  -47.452  43.166 0.0000000000
33697  -26.156  -47.057  41.696 0.0000000000
33687  -25.700  -47.510  42.321 0.0000000000
34673  -24.306  -46.915  40.124 0.0000000000
34692  -24.832  -45.894  38.113 0.0000000000
34691  -24.320  -46.505  38.638 0.0000000000
34696  -24.498  -46.549  37.882 0.0000000000
33731  -25.011  -47.062  36.779 0.0000000000
35562  -31.954  -45.676  43.474 0.0000000000
115542  -30.962  -45.237  43.825 0.0000000000
35576  -31.561  -45.535  42.657 0.0000000000
35588  -29.997  -44.836  41.100 0.0000000000
36517  -29.347  -44.709  40.622 0.0000000000
36525  -28.389  -44.664  40.587 0.0000000000
36532  -28.332  -44.613  39.647 0.0000000000
35644  -28.252  -45.499  35.469 0.0000000000
35630  -28.425  -45.370  36.354 0.0000000000
35642  -26.327  -44.993  35.365 0.0000000000
36554  -26.890  -44.421  36.603 0.0000000000
35628  -26.232  -44.652  36.275 0.0000000000
36542  -27.168  -44.383  38.501 0.0000000000
36549  -26.240  -44.463  37.163 0.0000000000
36540  -25.708  -44.736  37.609 0.0000000000
36548  -25.674  -44.890  36.835 0.0000000000
32066  -27.485  -49.415  30.357 0.0000000000
32051  -26.995  -49.974  30.917 0.0000000000
38949  -37.262  -41.137  43.283 0.0000000000
109161  -37.198  -41.940  43.822 0.0000000000
125644  -36.061  -42.561  41.063 0.0000000000
37411  -35.863  -42.870  40.617 0.0000000000
37410  -35.374  -43.425  40.527 0.0000000000
37417  -35.537  -43.079  39.751 0.0000000000
108602  -37.047  -42.611  37.407 0.0000000000
38262  -35.879  -42.277  37.472 0.0000000000
38260  -33.969  -42.485  36.840 0.0000000000
38261  -34.769  -42.374  37.244 0.0000000000
37439  -33.764  -43.079  37.421 0.0000000000
37438  -33.014  -43.622  37.026 0.0000000000
37452  -32.160  -42.926  35.702 0.0000000000
38294  -30.727  -42.773  34.066 0.0000000000
128993  -30.429  -42.555  33.466 0.0000000000
38303  -29.926  -42.806  33.006 0.0000000000
38310  -29.589  -42.269  32.191 0.0000000000
122033  -33.438  -39.525  30.856 0.0000000000
39844  -33.283  -40.029  31.390 0.0000000000
39856  -32.868  -39.798  30.698 0.0000000000
39879  -31.371  -40.659  28.503 0.0000000000
39854  -31.349  -40.239  30.092 0.0000000000
39853  -30.591  -40.602  29.677 0.0000000000
39841  -30.686  -40.617  30.683 0.0000000000
39106  -29.928  -41.056  29.229 0.0000000000
126075  -29.722  -43.066  28.236 0.0000000000
38358  -29.144  -42.708  28.694 0.0000000000
38330  -28.636  -42.710  29.954 0.0000000000
37542  -28.709  -43.465  28.897 0.0000000000
44954  -51.376  -34.374  37.513 0.0000000000
115308  -51.128  -33.844  37.094 0.0000000000
44943  -52.235  -34.274  37.845 0.0000000000
44944  -53.005  -34.131  38.223 0.0000000000
45766  -53.681  -33.602  38.969 0.0000000000
128547  -50.456  -34.280  40.215 0.0000000000
44060  -50.759  -35.313  40.939 0.0000000000
44061  -51.583  -35.273  40.724 0.0000000000
43217  -52.183  -35.974  39.858 0.0000000000
44081  -51.457  -35.734  38.567 0.0000000000
114001  -50.890  -35.580  38.053 0.0000000000
44091  -51.662  -35.004  38.095 0.0000000000
50798  -53.052  -27.253  27.006 0.0000000000
50816  -52.560  -26.907  26.159 0.0000000000
51623  -50.455  -26.544  25.668 0.0000000000
52502  -49.325  -25.719  26.473 0.0000000000
116331  -38.224  -43.060  46.234 0.0000000000
37367  -37.233  -43.859  45.434 0.0000000000
37377  -37.868  -43.211  45.540 0.0000000000
37376  -37.438  -43.160  44.942 0.0000000000
108434  -37.060  -42.976  44.253 0.0000000000
109552  -52.943  -29.665  30.455 0.0000000000
107723  -54.553  -30.030  30.126 0.0000000000
110039  -54.670  -29.894  29.187 0.0000000000
48253  -55.391  -30.128  29.752 0.0000000000
48243  -56.087  -30.207  30.310 0.0000000000
48244  -56.876  -29.888  30.017 0.0000000000
41412  -42.963  -38.094  45.310 0.0000000000
41427  -42.675  -38.635  44.922 0.0000000000
40522  -43.344  -38.747  45.039 0.0000000000
40539  -43.714  -39.410  44.632 0.0000000000
39713  -44.525  -41.040  43.970 0.0000000000
43278  -44.541  -36.704  33.399 0.0000000000
44121  -44.249  -36.085  34.248 0.0000000000
44130  -43.758  -35.822  33.615 0.0000000000
44141  -42.821  -35.215  32.764 0.0000000000
44980  -42.358  -34.910  32.381 0.0000000000
44979  -41.736  -34.762  32.334 0.0000000000
44990  -42.229  -34.827  31.708 0.0000000000
115969  -42.054  -34.781  30.920 0.0000000000
46661  -44.020  -32.717  27.906 0.0000000000
60734  -55.192  -15.417  30.972 0.0000000000
59843  -54.958  -15.871  30.110 0.0000000000
59855  -54.718  -16.393  29.264 0.0000000000
111693  -53.922  -17.341  28.134 0.0000000000
59040  -53.453  -17.762  27.839 0.0000000000
33647  -30.088  -46.916  46.189 0.0000000000
126759  -30.110  -45.851  45.023 0.0000000000
35561  -29.771  -45.309  43.812 0.0000000000
35675  -29.419  -45.631  33.615 0.0000000000
34764  -29.099  -45.939  33.924 0.0000000000
34802  -27.902  -46.075  31.977 0.0000000000
34823  -27.421  -46.545  30.475 0.0000000000
35697  -27.709  -45.877  31.000 0.0000000000
34842  -28.064  -46.334  28.919 0.0000000000
39032  -38.553  -41.865  36.291 0.0000000000
39041  -37.849  -41.707  35.858 0.0000000000
39040  -37.325  -41.321  35.335 0.0000000000
39814  -35.796  -40.798  34.089 0.0000000000
46650  -46.617  -32.355  31.455 0.0000000000
107014  -47.019  -32.452  32.304 0.0000000000
122411  -47.733  -31.973  32.372 0.0000000000
46641  -48.289  -31.852  32.877 0.0000000000
47346  -51.653  -31.728  35.329 0.0000000000
112879  -52.019  -31.263  34.902 0.0000000000
48173  -51.995  -30.702  34.256 0.0000000000
48174  -52.978  -30.522  34.334 0.0000000000
48175  -53.938  -30.397  34.552 0.0000000000
44047  -44.675  -36.547  41.728 0.0000000000
42310  -45.440  -37.729  41.975 0.0000000000
42311  -46.223  -37.743  41.690 0.0000000000
42312  -48.252  -38.310  42.011 0.0000000000
41470  -49.317  -39.005  41.962 0.0000000000
120076  -48.867  -37.893  37.709 0.0000000000
41547  -48.603  -38.359  37.744 0.0000000000
41568  -48.444  -37.971  37.012 0.0000000000
41579  -47.930  -37.981  35.682 0.0000000000
41578  -47.628  -38.096  35.415 0.0000000000
42409  -46.535  -37.893  34.724 0.0000000000
42419  -47.012  -38.210  34.045 0.0000000000
121157  -46.866  -38.239  33.413 0.0000000000
129463  -45.965  -38.322  31.737 0.0000000000
42461  -45.867  -38.520  30.984 0.0000000000
41607  -46.610  -38.483  31.329 0.0000000000
42462  -47.022  -38.226  31.035 0.0000000000
43306  -47.218  -37.548  30.928 0.0000000000
44972  -47.132  -35.029  33.736 0.0000000000
44981  -46.668  -34.853  32.445 0.0000000000
45857  -46.066  -33.803  31.622 0.0000000000
33649  -35.194  -47.548  45.113 0.0000000000
33648  -34.343  -47.522  44.903 0.0000000000
33666  -34.935  -47.665  44.297 0.0000000000
32728  -34.645  -47.769  43.393 0.0000000000
120207  -34.636  -47.669  42.781 0.0000000000
35599  -34.699  -45.988  41.581 0.0000000000
34679  -34.344  -46.665  41.374 0.0000000000
34678  -33.892  -46.442  40.791 0.0000000000
34686  -33.156  -46.310  39.343 0.0000000000
115447  -32.876  -46.361  38.602 0.0000000000
35633  -32.154  -46.036  36.980 0.0000000000
36555  -32.048  -44.483  36.170 0.0000000000
47412  -47.679  -30.845  30.055 0.0000000000
107347  -47.666  -30.561  29.402 0.0000000000
112705  -48.471  -30.432  29.753 0.0000000000
116943  -51.492  -29.590  27.809 0.0000000000
49078  -56.347  -29.125  27.210 0.0000000000
50801  -56.073  -27.692  26.517 0.0000000000
110105  -55.880  -27.862  27.396 0.0000000000
42268  -38.498  -37.477  45.629 0.0000000000
41425  -38.273  -38.369  44.186 0.0000000000
42277  -38.513  -37.478  44.690 0.0000000000
42298  -39.018  -37.433  43.043 0.0000000000
42299  -39.492  -37.700  42.572 0.0000000000
39722  -41.929  -40.450  42.114 0.0000000000
111627  -41.250  -40.506  41.398 0.0000000000
125997  -41.715  -42.545  41.306 0.0000000000
38217  -41.271  -42.968  40.979 0.0000000000
37413  -40.894  -43.272  40.198 0.0000000000
37433  -40.509  -43.216  39.121 0.0000000000
38256  -41.056  -42.892  39.014 0.0000000000
38266  -41.041  -42.362  38.413 0.0000000000
39031  -40.889  -41.362  37.895 0.0000000000
39011  -47.386  -41.302  41.220 0.0000000000
38990  -46.840  -41.750  41.952 0.0000000000
39754  -46.367  -40.754  40.683 0.0000000000
39772  -46.059  -40.016  40.277 0.0000000000
40600  -45.109  -39.871  40.419 0.0000000000
43242  -42.402  -36.426  36.489 0.0000000000
43233  -42.002  -36.856  37.116 0.0000000000
42375  -41.677  -37.519  37.513 0.0000000000
42374  -41.014  -37.891  37.150 0.0000000000
41542  -40.731  -38.686  37.270 0.0000000000
123267  -40.710  -37.535  36.666 0.0000000000
42390  -40.077  -37.554  36.175 0.0000000000
43343  -44.536  -37.972  27.529 0.0000000000
42251  -38.676  -37.562  48.774 0.0000000000
43994  -41.879  -35.298  47.410 0.0000000000
43979  -42.235  -34.768  47.777 0.0000000000
114931  -45.089  -34.568  44.905 0.0000000000
48959  -51.326  -29.053  38.901 0.0000000000
120222  -51.797  -29.956  38.726 0.0000000000
48960  -52.191  -29.037  38.830 0.0000000000
48961  -53.026  -29.097  38.774 0.0000000000
49840  -54.934  -28.156  37.512 0.0000000000
119471  -55.302  -28.753  37.397 0.0000000000
48996  -55.803  -29.794  36.517 0.0000000000
48983  -55.738  -28.964  36.877 0.0000000000
49849  -55.874  -28.468  36.553 0.0000000000
49862  -56.292  -28.503  35.949 0.0000000000
54091  -56.278  -23.957  35.002 0.0000000000
53223  -55.895  -24.985  35.094 0.0000000000
51523  -56.596  -26.409  34.903 0.0000000000
51524  -57.376  -26.783  34.409 0.0000000000
122410  -58.164  -26.870  33.784 0.0000000000
51540  -58.422  -27.385  33.252 0.0000000000
49921  -58.422  -27.808  31.890 0.0000000000
51551  -58.349  -26.907  32.339 0.0000000000
51565  -57.983  -26.838  31.976 0.0000000000
51564  -57.564  -26.546  31.971 0.0000000000
53261  -56.972  -23.705  31.703 0.0000000000
53260  -56.404  -24.302  31.559 0.0000000000
113706  -55.605  -24.879  31.528 0.0000000000
52420  -54.291  -25.743  31.273 0.0000000000
51560  -53.794  -26.470  31.074 0.0000000000
52444  -54.019  -25.007  30.931 0.0000000000
53272  -53.730  -24.413  30.460 0.0000000000
58974  -55.610  -17.679  33.718 0.0000000000
57423  -52.580  -18.771  30.054 0.0000000000
57424  -52.846  -19.338  30.233 0.0000000000
56655  -52.847  -20.162  29.946 0.0000000000
54919  -52.895  -22.398  29.179 0.0000000000
54139  -50.826  -23.397  27.773 0.0000000000
54934  -51.189  -22.614  27.681 0.0000000000
54933  -50.586  -22.895  27.283 0.0000000000
56691  -51.463  -20.282  25.741 0.0000000000
56701  -51.195  -20.035  24.960 0.0000000000
56700  -50.465  -20.410  24.601 0.0000000000
56707  -49.499  -20.616  23.420 0.0000000000
59056  -57.262  -16.753  26.403 0.0000000000
59062  -56.939  -17.231  26.030 0.0000000000
59114  -54.159  -16.951  20.980 0.0000000000
59102  -53.781  -17.397  21.671 0.0000000000
110944  -26.423  -48.278  44.620 0.0000000000
33689  -27.219  -46.919  42.687 0.0000000000
34654  -26.881  -46.634  41.900 0.0000000000
34663  -25.696  -46.798  40.997 0.0000000000
34674  -25.181  -46.434  40.232 0.0000000000
113224  -25.169  -45.936  39.572 0.0000000000
34682  -24.915  -45.818  38.902 0.0000000000
34676  -31.543  -46.166  40.620 0.0000000000
35589  -30.893  -45.343  41.277 0.0000000000
35597  -30.816  -45.704  40.379 0.0000000000
35606  -29.880  -45.432  39.298 0.0000000000
34745  -27.603  -45.972  33.787 0.0000000000
35643  -27.295  -44.972  35.251 0.0000000000
35658  -26.103  -45.712  34.647 0.0000000000
35641  -25.656  -45.656  35.356 0.0000000000
32834  -25.762  -48.604  34.426 0.0000000000
129702  -26.130  -49.836  33.265 0.0000000000
110168  -26.249  -49.911  32.560 0.0000000000
30393  -27.044  -51.239  31.720 0.0000000000
39734  -37.316  -40.380  41.568 0.0000000000
38966  -36.904  -41.031  42.210 0.0000000000
38985  -36.827  -41.097  40.950 0.0000000000
38231  -36.583  -42.196  40.048 0.0000000000
38243  -36.598  -42.403  39.649 0.0000000000
38282  -35.274  -41.784  35.724 0.0000000000
38281  -34.322  -41.810  35.607 0.0000000000
38280  -33.395  -41.938  35.503 0.0000000000
38279  -32.560  -42.218  35.298 0.0000000000
38278  -31.797  -42.592  35.026 0.0000000000
39051  -32.212  -41.876  34.497 0.0000000000
127224  -30.877  -41.707  33.118 0.0000000000
39072  -30.197  -41.497  32.080 0.0000000000
129652  -32.025  -42.616  27.999 0.0000000000
39120  -30.290  -41.505  28.510 0.0000000000
45835  -47.990  -33.635  34.776 0.0000000000
45836  -48.721  -32.895  34.861 0.0000000000
45821  -51.364  -33.197  36.645 0.0000000000
46599  -51.233  -32.422  35.874 0.0000000000
46588  -53.611  -32.232  36.705 0.0000000000
113506  -47.117  -35.705  40.106 0.0000000000
43198  -47.648  -36.316  40.548 0.0000000000
43199  -48.595  -36.160  40.835 0.0000000000
42315  -50.473  -37.311  41.361 0.0000000000
42351  -50.832  -37.933  40.049 0.0000000000
43201  -51.502  -36.559  40.614 0.0000000000
128164  -51.026  -37.213  39.470 0.0000000000
42364  -50.079  -37.747  38.773 0.0000000000
42380  -48.955  -37.443  37.377 0.0000000000
43261  -48.456  -37.209  36.041 0.0000000000
43273  -48.094  -37.280  34.560 0.0000000000
43280  -47.840  -37.215  33.140 0.0000000000
119193  -48.184  -36.635  34.856 0.0000000000
44122  -48.078  -35.837  34.929 0.0000000000
44109  -49.076  -35.301  36.324 0.0000000000
44967  -47.970  -34.707  35.004 0.0000000000
114556  -50.362  -25.952  24.461 0.0000000000
117687  -36.475  -45.798  45.892 0.0000000000
34632  -36.024  -46.532  44.957 0.0000000000
34633  -36.096  -45.995  44.952 0.0000000000
113585  -35.876  -46.406  44.366 0.0000000000
35578  -35.831  -45.973  43.858 0.0000000000
35564  -36.146  -44.819  44.847 0.0000000000
108520  -35.873  -45.251  44.212 0.0000000000
35590  -35.183  -45.987  42.331 0.0000000000
121513  -34.598  -45.202  41.206 0.0000000000
36526  -34.389  -44.912  40.566 0.0000000000
48250  -51.682  -29.666  29.956 0.0000000000
48262  -51.990  -29.607  29.246 0.0000000000
48251  -52.661  -29.633  29.627 0.0000000000
49075  -53.096  -29.665  27.362 0.0000000000
126799  -53.710  -29.663  26.815 0.0000000000
48272  -53.972  -29.726  27.523 0.0000000000
48273  -54.902  -29.771  27.623 0.0000000000
48274  -55.800  -29.650  27.727 0.0000000000
48266  -56.006  -29.751  28.415 0.0000000000
49067  -56.474  -29.324  27.968 0.0000000000
49955  -56.981  -28.870  28.577 0.0000000000
125239  -40.602  -36.384  44.770 0.0000000000
43170  -40.067  -36.500  44.233 0.0000000000
42278  -40.805  -36.937  44.298 0.0000000000
41442  -41.622  -38.425  43.501 0.0000000000
40559  -41.942  -39.200  43.158 0.0000000000
41443  -42.444  -39.083  44.136 0.0000000000
40560  -42.721  -39.802  43.491 0.0000000000
126536  -42.231  -39.850  42.763 0.0000000000
38967  -42.613  -41.449  42.156 0.0000000000
38218  -42.814  -42.210  41.565 0.0000000000
38237  -43.179  -42.460  41.001 0.0000000000
41545  -46.553  -38.425  37.538 0.0000000000
42363  -45.737  -38.028  38.096 0.0000000000
42379  -45.716  -37.734  37.465 0.0000000000
43243  -43.469  -36.347  36.463 0.0000000000
44107  -43.955  -35.882  35.032 0.0000000000
127641  -43.544  -36.029  35.639 0.0000000000
44105  -41.521  -35.947  35.147 0.0000000000
44116  -40.262  -35.868  34.376 0.0000000000
44127  -40.669  -35.371  33.651 0.0000000000
44139  -40.415  -35.071  32.822 0.0000000000
129803  -39.932  -34.796  31.978 0.0000000000
118926  -43.439  -35.495  26.469 0.0000000000
45017  -44.072  -35.448  27.137 0.0000000000
119014  -42.380  -33.835  26.229 0.0000000000
45867  -42.891  -33.591  26.743 0.0000000000
54096  -56.978  -23.686  34.193 0.0000000000
53233  -57.487  -24.218  33.568 0.0000000000
53238  -57.817  -24.587  33.077 0.0000000000
125125  -57.699  -23.877  33.101 0.0000000000
53250  -57.639  -23.848  32.711 0.0000000000
54107  -57.439  -23.097  32.394 0.0000000000
54891  -57.610  -21.956  32.958 0.0000000000
54116  -57.221  -23.328  31.947 0.0000000000
54115  -56.807  -22.909  31.642 0.0000000000
54913  -56.217  -22.557  31.376 0.0000000000
59813  -53.865  -16.129  32.861 0.0000000000
58986  -53.493  -17.259  31.403 0.0000000000
59001  -53.137  -17.672  30.637 0.0000000000
59842  -53.536  -16.793  30.536 0.0000000000
58204  -52.623  -18.090  30.044 0.0000000000
58216  -52.440  -18.524  29.472 0.0000000000
113711  -52.048  -19.745  28.207 0.0000000000
56667  -51.962  -20.437  27.795 0.0000000000
57467  -52.673  -19.481  26.592 0.0000000000
58241  -53.552  -18.308  27.275 0.0000000000
57456  -53.100  -18.981  26.904 0.0000000000
57488  -52.531  -19.153  24.879 0.0000000000
59933  -57.827  -16.342  24.536 0.0000000000
59932  -57.374  -16.510  23.938 0.0000000000
59948  -56.090  -16.499  22.538 0.0000000000
59962  -55.530  -16.436  21.875 0.0000000000
32709  -28.249  -48.246  45.794 0.0000000000
33677  -28.107  -47.096  43.932 0.0000000000
33663  -28.975  -46.979  45.024 0.0000000000
116080  -27.962  -46.847  43.489 0.0000000000
34642  -27.838  -46.541  43.043 0.0000000000
34655  -27.626  -45.954  42.251 0.0000000000
35595  -27.424  -44.994  40.715 0.0000000000
111473  -29.905  -46.421  37.069 0.0000000000
34706  -29.135  -46.014  35.804 0.0000000000
34746  -28.669  -45.933  34.204 0.0000000000
32875  -26.997  -48.790  30.538 0.0000000000
126060  -27.327  -47.191  30.022 0.0000000000
32894  -28.102  -48.451  29.517 0.0000000000
37431  -38.716  -43.179  38.583 0.0000000000
119044  -38.241  -43.018  39.030 0.0000000000
125918  -38.161  -43.103  38.110 0.0000000000
38272  -36.612  -42.180  36.666 0.0000000000
38284  -37.174  -41.950  35.967 0.0000000000
38283  -36.212  -41.782  35.895 0.0000000000
39038  -34.966  -41.622  34.890 0.0000000000
39064  -33.291  -41.169  33.421 0.0000000000
47411  -46.971  -31.285  30.252 0.0000000000
129722  -47.590  -31.173  30.602 0.0000000000
48236  -48.232  -30.830  30.538 0.0000000000
107578  -49.556  -30.483  31.066 0.0000000000
110041  -48.596  -32.403  34.141 0.0000000000
46625  -48.958  -31.826  33.597 0.0000000000
126655  -50.404  -31.580  34.473 0.0000000000
47377  -49.740  -31.262  33.335 0.0000000000
47394  -49.772  -30.929  32.658 0.0000000000
119473  -50.047  -30.437  31.568 0.0000000000
48225  -50.740  -30.196  31.644 0.0000000000
48226  -51.588  -29.907  31.805 0.0000000000
48227  -52.471  -29.725  31.966 0.0000000000
48214  -52.847  -29.770  32.827 0.0000000000
48228  -53.343  -29.719  32.039 0.0000000000
123052  -54.195  -29.855  32.003 0.0000000000
48216  -55.493  -29.983  32.855 0.0000000000
41444  -44.702  -38.903  44.150 0.0000000000
42291  -44.942  -38.455  43.446 0.0000000000
41446  -46.172  -39.567  43.118 0.0000000000
40562  -46.746  -40.344  43.110 0.0000000000
40575  -46.993  -39.536  42.623 0.0000000000
40576  -47.627  -40.109  42.648 0.0000000000
38992  -48.163  -41.047  41.979 0.0000000000
109346  -47.818  -40.893  40.586 0.0000000000
39774  -47.828  -40.351  39.797 0.0000000000
40627  -47.336  -39.361  38.329 0.0000000000
42314  -49.713  -37.685  41.720 0.0000000000
41491  -49.739  -38.629  41.638 0.0000000000
40601  -49.551  -39.595  40.487 0.0000000000
41533  -48.966  -38.675  38.470 0.0000000000
40630  -48.744  -39.219  38.761 0.0000000000
126232  -48.571  -39.700  39.166 0.0000000000
40646  -47.561  -39.087  37.817 0.0000000000
126657  -47.221  -38.805  37.432 0.0000000000
41564  -46.474  -38.075  36.641 0.0000000000
42394  -46.045  -37.653  36.058 0.0000000000
43259  -45.385  -37.011  35.163 0.0000000000
43271  -45.441  -37.220  34.353 0.0000000000
113593  -44.878  -36.781  34.068 0.0000000000
43290  -43.906  -36.685  31.932 0.0000000000
44160  -43.217  -36.421  30.427 0.0000000000
43314  -43.794  -37.566  29.626 0.0000000000
42490  -44.565  -38.280  28.818 0.0000000000
42476  -45.393  -38.421  29.337 0.0000000000
42489  -44.582  -38.300  28.099 0.0000000000
129072  -45.147  -38.037  27.654 0.0000000000
43344  -45.006  -37.491  27.431 0.0000000000
44184  -45.587  -36.794  28.059 0.0000000000
43293  -47.681  -37.379  32.399 0.0000000000
44143  -46.991  -35.778  31.926 0.0000000000
110185  -47.010  -36.484  31.039 0.0000000000
43316  -46.843  -37.139  30.203 0.0000000000
43328  -46.420  -36.634  29.529 0.0000000000
44172  -45.300  -35.260  28.654 0.0000000000
118975  -44.967  -33.913  29.012 0.0000000000
46657  -45.062  -32.645  29.169 0.0000000000
59873  -56.605  -16.202  28.455 0.0000000000
125206  -57.220  -15.371  29.347 0.0000000000
59858  -57.393  -15.548  28.745 0.0000000000
59874  -57.533  -15.753  28.052 0.0000000000
59875  -57.948  -15.487  27.723 0.0000000000
59886  -57.604  -16.052  27.381 0.0000000000
59887  -58.020  -15.761  26.998 0.0000000000
121310  -57.959  -16.066  26.491 0.0000000000
59911  -58.210  -15.984  26.019 0.0000000000
117643  -59.504  -14.008  27.077 0.0000000000
61581  -59.267  -14.609  26.472 0.0000000000
60796  -58.863  -15.271  25.712 0.0000000000
59923  -58.370  -15.863  25.435 0.0000000000
60803  -58.623  -15.624  24.766 0.0000000000
60816  -58.815  -15.338  23.962 0.0000000000
60828  -58.228  -15.269  22.609 0.0000000000
60829  -58.911  -14.912  22.970 0.0000000000
34615  -32.172  -45.993  45.717 0.0000000000
35538  -32.237  -45.842  44.853 0.0000000000
35550  -32.267  -45.904  44.084 0.0000000000
34657  -32.233  -46.282  42.707 0.0000000000
33664  -33.234  -47.317  43.725 0.0000000000
34667  -32.226  -46.540  41.928 0.0000000000
114625  -32.178  -46.572  41.092 0.0000000000
33680  -35.412  -47.249  43.658 0.0000000000
32736  -34.743  -47.471  42.550 0.0000000000
33700  -33.715  -47.290  41.687 0.0000000000
34669  -33.952  -47.013  41.388 0.0000000000
33710  -33.357  -46.962  41.222 0.0000000000
33709  -32.719  -46.656  40.788 0.0000000000
33708  -31.988  -46.473  40.108 0.0000000000
33714  -31.233  -46.935  38.870 0.0000000000
34693  -30.818  -46.808  38.456 0.0000000000
113704  -30.508  -46.623  37.169 0.0000000000
34725  -30.317  -46.292  35.642 0.0000000000
34709  -31.450  -46.449  36.682 0.0000000000
35645  -30.517  -46.056  35.174 0.0000000000
36588  -29.678  -44.797  33.310 0.0000000000
36601  -29.282  -44.291  32.632 0.0000000000
41592  -36.297  -38.713  34.065 0.0000000000
47419  -45.856  -30.857  28.345 0.0000000000
117694  -46.375  -30.302  27.842 0.0000000000
48258  -47.446  -30.314  28.731 0.0000000000
49070  -46.841  -29.737  27.291 0.0000000000
49073  -49.475  -29.482  27.659 0.0000000000
49072  -48.536  -29.506  27.652 0.0000000000
49092  -56.110  -28.846  26.476 0.0000000000
50817  -54.549  -27.141  26.465 0.0000000000
50786  -51.814  -27.328  27.962 0.0000000000
117211  -38.410  -40.364  45.707 0.0000000000
38941  -38.246  -40.983  45.145 0.0000000000
39701  -37.885  -40.421  44.458 0.0000000000
39710  -37.628  -40.380  43.649 0.0000000000
40557  -37.752  -39.596  43.043 0.0000000000
38232  -38.769  -42.368  39.782 0.0000000000
42288  -40.255  -37.145  43.421 0.0000000000
42300  -40.095  -37.672  42.601 0.0000000000
40588  -39.651  -39.069  41.179 0.0000000000
40589  -40.472  -39.889  40.982 0.0000000000
40598  -39.432  -39.932  40.749 0.0000000000
39750  -39.070  -40.709  40.384 0.0000000000
115490  -39.383  -43.272  38.871 0.0000000000
37445  -39.411  -43.154  38.346 0.0000000000
109577  -39.290  -42.855  37.658 0.0000000000
128823  -40.259  -43.161  38.694 0.0000000000
38264  -39.706  -42.484  37.404 0.0000000000
113535  -38.224  -39.886  35.506 0.0000000000
40541  -45.028  -40.048  43.980 0.0000000000
38952  -44.963  -41.641  43.683 0.0000000000
38222  -46.226  -42.029  42.565 0.0000000000
38221  -45.413  -42.046  42.527 0.0000000000
38970  -44.637  -41.929  43.245 0.0000000000
38238  -43.905  -41.942  41.499 0.0000000000
118540  -43.314  -42.289  40.752 0.0000000000
39021  -43.042  -42.263  40.128 0.0000000000
41530  -45.082  -38.156  38.755 0.0000000000
41518  -44.316  -38.671  39.395 0.0000000000
40611  -43.792  -39.509  39.754 0.0000000000
42361  -42.935  -37.600  38.249 0.0000000000
41517  -43.216  -38.966  39.237 0.0000000000
40610  -43.017  -40.005  39.377 0.0000000000
39770  -42.902  -41.288  39.573 0.0000000000
39788  -42.119  -41.501  38.915 0.0000000000
40644  -40.520  -39.561  37.346 0.0000000000
123174  -39.951  -39.915  36.964 0.0000000000
40663  -39.347  -39.856  36.378 0.0000000000
117701  -38.320  -39.148  35.446 0.0000000000
40664  -37.660  -39.274  35.078 0.0000000000
118406  -43.045  -36.173  25.949 0.0000000000
45753  -51.433  -33.096  39.739 0.0000000000
46553  -52.298  -33.348  39.917 0.0000000000
46562  -51.242  -32.283  39.180 0.0000000000
120679  -51.044  -31.560  38.805 0.0000000000
126033  -50.512  -30.119  38.676 0.0000000000
32685  -28.975  -48.909  47.287 0.0000000000
32699  -29.870  -48.223  47.093 0.0000000000
32687  -30.276  -48.340  47.713 0.0000000000
33622  -30.459  -47.490  47.065 0.0000000000
33636  -31.425  -47.040  47.315 0.0000000000
34589  -32.382  -46.981  47.433 0.0000000000
34603  -33.806  -47.182  46.424 0.0000000000
126737  -34.789  -47.535  46.318 0.0000000000
120389  -35.285  -47.431  46.546 0.0000000000
33638  -35.359  -47.537  45.817 0.0000000000
33639  -35.836  -47.318  45.981 0.0000000000
33640  -36.137  -47.018  46.118 0.0000000000
34604  -36.274  -46.614  46.053 0.0000000000
111734  -36.457  -46.198  46.280 0.0000000000
34605  -36.472  -46.004  46.041 0.0000000000
35528  -36.863  -45.271  46.181 0.0000000000
36472  -37.381  -44.514  46.506 0.0000000000
36473  -37.730  -43.838  46.432 0.0000000000
38143  -38.219  -43.149  46.931 0.0000000000
117203  -38.545  -42.518  46.869 0.0000000000
39690  -38.854  -41.259  46.762 0.0000000000
39682  -38.971  -40.889  47.525 0.0000000000
119341  -38.637  -40.326  46.605 0.0000000000
107755  -38.493  -39.248  46.793 0.0000000000
41404  -38.395  -38.413  46.169 0.0000000000
41398  -38.520  -38.048  47.537 0.0000000000
43147  -38.772  -36.599  46.046 0.0000000000
43158  -39.371  -36.063  45.512 0.0000000000
119002  -39.527  -35.250  47.241 0.0000000000
44008  -39.979  -35.485  45.939 0.0000000000
44022  -40.552  -35.715  45.766 0.0000000000
43160  -41.631  -36.612  45.881 0.0000000000
43161  -42.243  -36.934  46.123 0.0000000000
44011  -42.305  -35.898  46.999 0.0000000000
42270  -42.583  -37.459  45.637 0.0000000000
42271  -43.289  -37.422  45.552 0.0000000000
43162  -43.513  -36.668  45.830 0.0000000000
42272  -43.810  -37.378  45.389 0.0000000000
108135  -43.827  -35.362  46.759 0.0000000000
43163  -43.915  -36.468  45.691 0.0000000000
123469  -44.118  -37.014  45.249 0.0000000000
43172  -44.370  -37.034  44.622 0.0000000000
43174  -44.486  -36.932  43.613 0.0000000000
121636  -44.495  -36.136  43.191 0.0000000000
44875  -45.009  -34.702  44.011 0.0000000000
44036  -44.640  -35.489  42.915 0.0000000000
44042  -44.499  -35.945  42.328 0.0000000000
44900  -44.743  -35.629  41.545 0.0000000000
119649  -45.123  -35.417  40.909 0.0000000000
44907  -45.610  -34.897  40.589 0.0000000000
45725  -45.859  -33.997  42.015 0.0000000000
44902  -45.845  -34.141  41.002 0.0000000000
44056  -46.406  -35.181  40.127 0.0000000000
44918  -46.791  -34.360  39.720 0.0000000000
44919  -47.601  -34.310  39.390 0.0000000000
44921  -49.742  -34.097  39.737 0.0000000000
114178  -49.844  -33.340  39.284 0.0000000000
45752  -50.677  -33.718  39.890 0.0000000000
45754  -52.992  -33.527  39.866 0.0000000000
115780  -53.544  -33.001  39.407 0.0000000000
46572  -53.980  -32.981  38.734 0.0000000000
47317  -52.989  -31.246  39.020 0.0000000000
117469  -53.376  -32.100  39.321 0.0000000000
45767  -54.071  -32.909  38.052 0.0000000000
46579  -54.280  -32.208  37.579 0.0000000000
47337  -54.328  -31.866  36.838 0.0000000000
48962  -53.662  -28.867  38.553 0.0000000000
49830  -53.728  -28.033  38.337 0.0000000000
47324  -54.807  -30.721  37.763 0.0000000000
112555  -54.598  -31.627  37.161 0.0000000000
116064  -54.608  -31.194  36.347 0.0000000000
47349  -54.627  -30.815  35.842 0.0000000000
47363  -54.570  -30.514  35.176 0.0000000000
121656  -55.825  -30.229  35.923 0.0000000000
48158  -55.742  -30.210  35.382 0.0000000000
48200  -55.708  -30.030  33.802 0.0000000000
48217  -56.333  -30.055  33.014 0.0000000000
50708  -55.528  -27.553  36.616 0.0000000000
49863  -56.731  -28.428  35.234 0.0000000000
50715  -56.930  -27.671  34.842 0.0000000000
49010  -56.986  -29.065  34.749 0.0000000000
48202  -57.131  -29.818  33.818 0.0000000000
111631  -57.050  -29.916  33.154 0.0000000000
111651  -57.020  -30.029  32.240 0.0000000000
49047  -57.495  -29.442  30.592 0.0000000000
49946  -57.091  -28.822  29.402 0.0000000000
49945  -56.322  -28.493  29.927 0.0000000000
51563  -56.656  -26.684  31.910 0.0000000000
49932  -55.978  -28.265  31.065 0.0000000000
50777  -55.603  -28.294  29.304 0.0000000000
111573  -54.506  -28.036  29.925 0.0000000000
50776  -53.676  -27.781  29.520 0.0000000000
51571  -53.302  -26.974  30.694 0.0000000000
50764  -52.955  -27.300  30.052 0.0000000000
50775  -52.759  -27.532  29.242 0.0000000000
51581  -51.174  -26.844  28.558 0.0000000000
56625  -56.620  -21.068  31.788 0.0000000000
55807  -56.259  -21.766  31.469 0.0000000000
54912  -55.597  -22.279  31.030 0.0000000000
58194  -54.701  -18.494  31.995 0.0000000000
56623  -54.761  -19.783  31.119 0.0000000000
116862  -55.400  -20.927  31.006 0.0000000000
54911  -54.911  -21.985  30.596 0.0000000000
128353  -54.989  -22.556  30.582 0.0000000000
54133  -54.465  -23.054  30.236 0.0000000000
53271  -52.948  -24.672  30.142 0.0000000000
54132  -52.855  -23.232  29.270 0.0000000000
53282  -52.552  -24.134  29.529 0.0000000000
113160  -52.210  -25.071  29.757 0.0000000000
52461  -51.531  -25.513  29.302 0.0000000000
52475  -50.948  -25.996  28.759 0.0000000000
51580  -50.626  -26.397  28.226 0.0000000000
52487  -49.670  -25.555  27.322 0.0000000000
53327  -49.071  -24.982  26.725 0.0000000000
54151  -49.812  -23.891  27.293 0.0000000000
53326  -48.656  -24.498  25.936 0.0000000000
53339  -48.324  -24.438  25.161 0.0000000000
54970  -48.802  -22.277  25.000 0.0000000000
54969  -48.152  -22.875  24.489 0.0000000000
59029  -56.058  -16.758  27.853 0.0000000000
58243  -55.602  -17.790  26.749 0.0000000000
110147  -55.628  -18.026  26.404 0.0000000000
57480  -54.455  -18.558  25.672 0.0000000000
57495  -52.188  -18.895  24.033 0.0000000000
59080  -56.598  -17.100  24.171 0.0000000000
59079  -55.628  -17.530  24.044 0.0000000000
124232  -54.204  -17.831  23.562 0.0000000000
59093  -53.849  -17.658  22.719 0.0000000000
58282  -53.484  -18.116  23.520 0.0000000000
58281  -52.671  -18.459  23.444 0.0000000000
57505  -51.207  -19.143  22.842 0.0000000000
32721  -27.139  -48.026  44.727 0.0000000000
128288  -26.751  -47.955  44.368 0.0000000000
32720  -26.366  -47.984  44.113 0.0000000000
126741  -23.802  -47.120  38.671 0.0000000000
35537  -31.509  -45.711  45.250 0.0000000000
35574  -29.771  -44.857  42.810 0.0000000000
35575  -30.840  -45.075  42.215 0.0000000000
112064  -30.182  -44.806  41.922 0.0000000000
107339  -29.332  -44.751  42.057 0.0000000000
35604  -26.968  -44.775  39.954 0.0000000000
35623  -29.439  -45.856  37.546 0.0000000000
35615  -28.838  -45.028  38.146 0.0000000000
35629  -27.548  -44.804  36.041 0.0000000000
36551  -27.887  -44.633  37.873 0.0000000000
36543  -28.114  -44.595  38.782 0.0000000000
36530  -26.628  -44.558  39.122 0.0000000000
35614  -25.933  -44.757  38.951 0.0000000000
35620  -25.265  -45.390  37.475 0.0000000000
34705  -25.156  -46.438  36.385 0.0000000000
129829  -37.174  -42.448  44.052 0.0000000000
38189  -36.876  -42.521  43.613 0.0000000000
38965  -36.523  -41.805  41.984 0.0000000000
38202  -36.436  -42.559  42.845 0.0000000000
37395  -35.953  -43.318  42.698 0.0000000000
37402  -35.303  -43.777  41.435 0.0000000000
36535  -34.776  -43.915  40.272 0.0000000000
36545  -34.083  -44.170  39.061 0.0000000000
37430  -37.725  -42.888  38.668 0.0000000000
37429  -36.882  -42.621  38.595 0.0000000000
37428  -35.787  -42.731  38.908 0.0000000000
127320  -35.155  -42.482  37.747 0.0000000000
37441  -35.436  -42.608  38.190 0.0000000000
37427  -34.709  -43.197  38.678 0.0000000000
37426  -33.835  -43.781  38.219 0.0000000000
36552  -32.893  -44.455  37.209 0.0000000000
126498  -32.553  -44.174  36.727 0.0000000000
37463  -31.124  -43.082  34.714 0.0000000000
37462  -30.632  -43.657  34.273 0.0000000000
37471  -29.806  -43.766  33.128 0.0000000000
37481  -29.383  -43.278  32.448 0.0000000000
36614  -28.850  -43.832  31.920 0.0000000000
39827  -35.489  -40.253  33.467 0.0000000000
40691  -34.420  -39.664  32.074 0.0000000000
39835  -34.497  -40.262  32.583 0.0000000000
39825  -34.122  -40.756  32.989 0.0000000000
39075  -33.346  -40.747  32.673 0.0000000000
39832  -31.950  -40.633  31.928 0.0000000000
39855  -32.129  -39.995  30.457 0.0000000000
39085  -30.924  -40.860  31.769 0.0000000000
39084  -30.089  -41.104  31.197 0.0000000000
39083  -29.654  -41.664  31.534 0.0000000000
39119  -29.468  -41.785  28.874 0.0000000000
39105  -29.350  -41.504  29.762 0.0000000000
38321  -29.166  -42.154  31.255 0.0000000000
38320  -28.747  -42.738  30.808 0.0000000000
37508  -28.514  -43.268  30.358 0.0000000000
36629  -28.298  -44.081  30.265 0.0000000000
35717  -28.061  -44.931  29.682 0.0000000000
124028  -28.327  -45.659  28.781 0.0000000000
31228  -26.525  -50.645  32.146 0.0000000000
32035  -26.007  -49.310  33.781 0.0000000000
32723  -35.263  -47.465  43.861 0.0000000000
32727  -25.816  -48.025  43.682 0.0000000000
32735  -33.983  -47.766  42.959 0.0000000000
32743  -34.120  -47.542  42.250 0.0000000000
33679  -33.782  -47.726  43.176 0.0000000000
33681  -35.727  -46.929  44.275 0.0000000000
33699  -33.106  -47.185  41.537 0.0000000000
33702  -34.926  -46.940  42.187 0.0000000000
33715  -31.707  -46.816  39.244 0.0000000000
33824  -26.722  -48.224  31.032 0.0000000000
34619  -36.281  -45.918  45.505 0.0000000000
34644  -28.964  -45.902  43.998 0.0000000000
34645  -32.585  -46.645  43.345 0.0000000000
34668  -32.688  -47.084  41.626 0.0000000000
34687  -33.462  -46.296  40.074 0.0000000000
34700  -32.468  -46.420  37.799 0.0000000000
35548  -30.162  -45.507  44.459 0.0000000000
35572  -28.434  -45.123  42.182 0.0000000000
35577  -35.634  -46.038  43.096 0.0000000000
35613  -25.431  -45.109  38.377 0.0000000000
35621  -27.713  -44.705  36.939 0.0000000000
35625  -33.086  -45.608  38.175 0.0000000000
35660  -29.716  -45.905  34.292 0.0000000000
36490  -36.676  -44.487  45.328 0.0000000000
36509  -35.768  -45.148  43.480 0.0000000000
36531  -27.456  -44.543  39.373 0.0000000000
36533  -29.243  -44.749  39.883 0.0000000000
36534  -34.233  -44.561  39.816 0.0000000000
36544  -33.555  -44.872  38.612 0.0000000000
36574  -31.044  -44.041  34.906 0.0000000000
37418  -36.565  -42.569  39.228 0.0000000000
37419  -38.960  -43.240  39.055 0.0000000000
37421  -40.686  -43.280  39.766 0.0000000000
37434  -41.012  -43.106  39.534 0.0000000000
37448  -32.501  -43.424  36.366 0.0000000000
37449  -33.233  -42.847  36.724 0.0000000000
37451  -31.567  -43.408  35.313 0.0000000000
37493  -28.596  -43.517  31.088 0.0000000000
37523  -28.489  -43.397  29.616 0.0000000000
38190  -45.005  -42.144  42.895 0.0000000000
38204  -43.486  -41.859  42.163 0.0000000000
38205  -45.712  -42.206  42.933 0.0000000000
38206  -46.301  -42.067  43.075 0.0000000000
38215  -36.109  -42.543  41.914 0.0000000000
38220  -44.501  -41.935  42.305 0.0000000000
38235  -41.366  -43.136  40.609 0.0000000000
38236  -42.039  -43.023  40.557 0.0000000000
38269  -33.683  -42.220  36.229 0.0000000000
38275  -39.017  -42.482  36.970 0.0000000000
38331  -28.937  -42.069  30.338 0.0000000000
38341  -28.702  -42.852  29.246 0.0000000000
38360  -30.935  -42.177  28.033 0.0000000000
38933  -38.480  -41.726  45.615 0.0000000000
38954  -46.790  -41.582  43.060 0.0000000000
38968  -43.105  -41.811  42.129 0.0000000000
38971  -46.956  -41.847  42.627 0.0000000000
38989  -45.983  -41.788  41.983 0.0000000000
38991  -47.549  -41.498  41.959 0.0000000000
39003  -37.716  -41.337  40.135 0.0000000000
39004  -38.627  -41.334  40.127 0.0000000000
39010  -46.616  -41.340  41.279 0.0000000000
39023  -41.667  -42.382  38.959 0.0000000000
39062  -30.937  -42.050  33.614 0.0000000000
39063  -32.309  -41.435  33.688 0.0000000000
39095  -29.462  -41.515  30.741 0.0000000000
39702  -43.572  -39.994  44.263 0.0000000000
39703  -44.109  -40.262  44.276 0.0000000000
39724  -47.247  -40.928  42.957 0.0000000000
39725  -48.074  -40.544  42.432 0.0000000000
39726  -48.671  -40.101  42.125 0.0000000000
39737  -41.717  -41.631  41.564 0.0000000000
39752  -44.332  -40.736  40.653 0.0000000000
39756  -48.067  -41.131  41.225 0.0000000000
39757  -49.149  -40.172  40.907 0.0000000000
39773  -47.061  -40.211  39.797 0.0000000000
39776  -48.918  -39.944  40.004 0.0000000000
39787  -41.635  -40.663  38.329 0.0000000000
39826  -34.864  -40.558  33.125 0.0000000000
39833  -32.923  -40.521  32.018 0.0000000000
39865  -30.696  -40.807  28.826 0.0000000000
39866  -31.291  -40.320  29.159 0.0000000000
40574  -38.155  -39.001  42.371 0.0000000000
40578  -49.021  -39.568  42.030 0.0000000000
40590  -41.180  -39.537  41.582 0.0000000000
40597  -38.625  -40.038  40.705 0.0000000000
40612  -44.775  -39.262  39.901 0.0000000000
40615  -47.650  -39.951  39.093 0.0000000000
40617  -49.215  -39.449  39.588 0.0000000000
40628  -47.763  -39.536  38.406 0.0000000000
40647  -47.901  -39.081  37.762 0.0000000000
40662  -38.798  -39.431  35.810 0.0000000000
40669  -36.392  -39.577  34.302 0.0000000000
40705  -32.609  -39.687  30.059 0.0000000000
41429  -44.269  -38.519  44.748 0.0000000000
41445  -45.290  -39.388  43.645 0.0000000000
41463  -39.740  -38.267  41.933 0.0000000000
41468  -47.955  -39.235  42.372 0.0000000000
41490  -49.159  -38.368  41.946 0.0000000000
41510  -50.025  -38.978  40.929 0.0000000000
41519  -45.486  -38.749  39.295 0.0000000000
41520  -49.469  -38.917  39.240 0.0000000000
41531  -46.170  -38.557  38.425 0.0000000000
41548  -49.229  -38.108  38.307 0.0000000000
41567  -48.059  -38.204  36.511 0.0000000000
42263  -42.949  -36.838  45.999 0.0000000000
42286  -38.658  -37.405  43.818 0.0000000000
42289  -41.206  -37.631  43.840 0.0000000000
42303  -46.000  -38.287  42.374 0.0000000000
42313  -48.888  -37.635  41.800 0.0000000000
42334  -50.813  -37.720  40.766 0.0000000000
42335  -51.264  -37.209  40.387 0.0000000000
42378  -44.741  -37.146  37.480 0.0000000000
42381  -49.474  -37.506  38.122 0.0000000000
42392  -41.299  -37.166  36.904 0.0000000000
42397  -48.543  -37.473  36.675 0.0000000000
42410  -47.233  -38.152  34.878 0.0000000000
42420  -47.604  -38.000  34.158 0.0000000000
42428  -46.291  -38.083  33.042 0.0000000000
42445  -46.505  -38.297  32.183 0.0000000000
42447  -47.432  -37.944  32.310 0.0000000000
43159  -40.921  -36.114  45.393 0.0000000000
43180  -44.504  -36.776  42.619 0.0000000000
43186  -45.380  -37.082  41.365 0.0000000000
43189  -48.452  -36.907  41.270 0.0000000000
43190  -49.926  -36.739  41.546 0.0000000000
43191  -50.624  -36.611  41.250 0.0000000000
43196  -45.753  -36.475  40.790 0.0000000000
43202  -52.031  -35.918  40.482 0.0000000000
43225  -50.589  -36.251  38.293 0.0000000000
43257  -42.281  -35.791  35.176 0.0000000000
44049  -50.355  -35.996  41.243 0.0000000000
44050  -51.239  -36.101  41.019 0.0000000000
44058  -48.877  -35.500  40.463 0.0000000000
44062  -52.492  -35.362  39.970 0.0000000000
44069  -47.285  -35.058  39.733 0.0000000000
44144  -47.513  -36.494  32.464 0.0000000000
44885  -45.504  -34.282  43.465 0.0000000000
44901  -45.177  -34.747  41.475 0.0000000000
44910  -50.211  -34.718  40.488 0.0000000000
44913  -52.715  -34.778  40.028 0.0000000000
44922  -53.332  -34.213  39.202 0.0000000000
44932  -53.456  -33.917  38.609 0.0000000000
44942  -50.716  -35.053  37.612 0.0000000000
46565  -53.993  -32.287  38.991 0.0000000000
47316  -52.546  -31.876  39.318 0.0000000000
48972  -55.024  -29.248  37.716 0.0000000000
48997  -56.081  -29.104  36.234 0.0000000000
49033  -57.443  -29.341  34.106 0.0000000000
49041  -58.445  -28.737  32.657 0.0000000000
49974  -56.316  -28.037  26.141 0.0000000000
50741  -58.463  -27.400  32.354 0.0000000000
51570  -52.670  -26.562  30.237 0.0000000000
52373  -56.485  -25.604  34.746 0.0000000000
54179  -48.371  -23.914  25.427 0.0000000000
55843  -50.524  -21.911  26.498 0.0000000000
56626  -56.966  -21.075  32.122 0.0000000000
56682  -52.048  -20.166  26.977 0.0000000000
57397  -56.425  -19.059  32.794 0.0000000000
57469  -54.391  -18.613  26.178 0.0000000000
58257  -56.457  -17.536  26.197 0.0000000000
58972  -53.708  -16.767  32.189 0.0000000000
59054  -56.302  -17.125  27.062 0.0000000000
59063  -57.444  -16.777  25.837 0.0000000000
59104  -54.927  -16.822  21.874 0.0000000000
59798  -54.245  -15.500  33.375 0.0000000000
59857  -56.984  -15.755  28.980 0.0000000000
59898  -57.584  -16.328  26.782 0.0000000000
59899  -58.299  -15.680  26.447 0.0000000000
59912  -58.533  -15.632  25.701 0.0000000000
59934  -58.318  -15.860  24.306 0.0000000000
59949  -56.722  -16.575  23.252 0.0000000000
60788  -58.770  -15.169  26.323 0.0000000000
61571  -59.206  -14.425  27.052 0.0000000000
107998  -44.197  -41.934  42.592 0.0000000000
108058  -58.157  -16.130  25.034 0.0000000000
109674  -47.194  -37.730  41.507 0.0000000000
109898  -46.001  -37.594  35.378 0.0000000000
112235  -28.312  -44.974  28.934 0.0000000000
112358  -55.710  -18.031  25.452 0.0000000000
112655  -50.410  -37.987  39.402 0.0000000000
112887  -56.570  -27.200  35.252 0.0000000000
113793  -45.626  -41.579  43.511 0.0000000000
114672  -48.632  -40.647  41.360 0.0000000000
115182  -43.499  -35.669  46.697 0.0000000000
115549  -40.437  -41.821  40.710 0.0000000000
116957  -30.822  -46.835  37.829 0.0000000000
117791  -32.986  -46.621  40.554 0.0000000000
118334  -49.170  -36.564  41.390 0.0000000000
118531  -31.629  -41.800  33.901 0.0000000000
119316  -51.826  -34.622  40.466 0.0000000000
119718  -51.681  -36.439  39.552 0.0000000000
119869  -51.242  -30.743  38.700 0.0000000000
120417  -53.775  -33.384  38.453 0.0000000000
121030  -43.355  -35.602  33.059 0.0000000000
121447  -35.856  -47.033  44.970 0.0000000000
121628  -39.752  -38.328  36.356 0.0000000000
121684  -45.826  -38.558  30.184 0.0000000000
123254  -44.826  -39.486  44.091 0.0000000000
123886  -43.083  -39.724  44.122 0.0000000000
123956  -36.001  -40.160  33.991 0.0000000000
125504  -53.742  -16.692  29.700 0.0000000000
126552  -43.127  -37.070  37.763 0.0000000000
126755  -35.712  -44.694  43.022 0.0000000000
127396  -53.520  -29.527  38.644 0.0000000000
128034  -26.971  -49.350  30.707 0.0000000000
128709  -27.580  -47.123  29.538 0.0000000000
