#!ascii label  , from subject sub-v1s12x0050113_ses-1 vox2ras=TkReg
872
31069  -23.649  -50.557  47.763 0.0000000000
51419  -46.474  -28.021  44.905 0.0000000000
54844  -51.222  -23.660  39.941 0.0000000000
56574  -55.589  -19.854  34.073 0.0000000000
47254  -42.293  -31.525  46.564 0.0000000000
55711  -54.351  -21.243  37.095 0.0000000000
61533  -53.072  -14.048  30.292 0.0000000000
64083  -57.881  -11.310  28.531 0.0000000000
48927  -48.849  -29.696  42.991 0.0000000000
50680  -51.672  -26.808  40.418 0.0000000000
53140  -48.219  -24.773  43.496 0.0000000000
31856  -25.774  -48.642  52.061 0.0000000000
32634  -29.731  -47.559  50.842 0.0000000000
35496  -34.021  -45.204  49.805 0.0000000000
38899  -36.783  -41.467  49.529 0.0000000000
43089  -38.230  -36.543  50.057 0.0000000000
45630  -41.458  -33.424  48.959 0.0000000000
46483  -46.506  -32.410  46.285 0.0000000000
51489  -54.477  -27.182  37.438 0.0000000000
64852  -59.309  -10.502  26.478 0.0000000000
49762  -48.349  -28.292  45.090 0.0000000000
117917  -49.306  -27.484  43.893 0.0000000000
51437  -47.426  -26.496  44.129 0.0000000000
34543  -26.237  -47.149  51.392 0.0000000000
129914  -28.085  -48.112  51.479 0.0000000000
45628  -37.711  -34.341  48.743 0.0000000000
44798  -39.229  -34.368  49.781 0.0000000000
47217  -39.131  -32.129  48.893 0.0000000000
48884  -45.148  -30.022  45.856 0.0000000000
48008  -45.081  -30.805  48.021 0.0000000000
48861  -46.906  -29.914  46.503 0.0000000000
47277  -48.099  -31.827  44.874 0.0000000000
52258  -52.017  -24.974  41.508 0.0000000000
116037  -52.954  -26.622  38.971 0.0000000000
53181  -53.154  -24.586  39.792 0.0000000000
56561  -55.715  -20.804  35.988 0.0000000000
54085  -56.053  -23.078  35.934 0.0000000000
107679  -57.392  -21.888  33.766 0.0000000000
56611  -57.039  -20.455  32.581 0.0000000000
63200  -55.902  -12.804  32.266 0.0000000000
62341  -53.703  -13.566  34.454 0.0000000000
46481  -39.408  -32.328  46.357 0.0000000000
55783  -53.398  -21.865  32.981 0.0000000000
63237  -56.060  -12.127  30.087 0.0000000000
61536  -57.800  -13.596  29.957 0.0000000000
61592  -59.848  -14.379  25.084 0.0000000000
47312  -48.189  -31.080  39.094 0.0000000000
115150  -49.776  -28.266  40.965 0.0000000000
51448  -50.418  -25.780  42.997 0.0000000000
31048  -24.666  -50.293  49.746 0.0000000000
32666  -31.300  -48.248  49.080 0.0000000000
33572  -31.914  -47.103  50.463 0.0000000000
33611  -33.443  -47.490  48.603 0.0000000000
34572  -35.975  -46.090  48.268 0.0000000000
36453  -37.288  -44.335  47.780 0.0000000000
38130  -38.630  -41.811  48.111 0.0000000000
41376  -37.372  -38.637  50.174 0.0000000000
43124  -38.963  -35.906  48.448 0.0000000000
47996  -41.371  -31.190  48.801 0.0000000000
111711  -44.530  -33.046  48.498 0.0000000000
44025  -44.581  -35.120  45.514 0.0000000000
45710  -45.911  -33.819  42.987 0.0000000000
46545  -47.272  -32.103  41.574 0.0000000000
54080  -54.798  -23.404  37.746 0.0000000000
59784  -52.493  -16.363  35.322 0.0000000000
58941  -55.710  -17.614  34.261 0.0000000000
30225  -22.993  -51.036  49.114 0.0000000000
50612  -47.230  -28.131  45.397 0.0000000000
51422  -48.068  -27.040  44.727 0.0000000000
51420  -46.990  -27.316  44.470 0.0000000000
46470  -37.783  -33.651  47.558 0.0000000000
46458  -38.447  -33.093  48.788 0.0000000000
46471  -38.611  -32.578  47.724 0.0000000000
49760  -45.633  -29.114  45.258 0.0000000000
49731  -45.842  -29.427  46.551 0.0000000000
49747  -46.203  -28.846  46.000 0.0000000000
48875  -47.827  -29.689  45.776 0.0000000000
53168  -52.473  -24.370  40.806 0.0000000000
54836  -52.527  -23.311  39.969 0.0000000000
55769  -55.500  -20.503  34.131 0.0000000000
56563  -56.565  -21.065  35.139 0.0000000000
56576  -56.747  -20.597  34.080 0.0000000000
55770  -57.454  -21.175  33.350 0.0000000000
56594  -56.942  -20.108  33.309 0.0000000000
60725  -56.411  -14.603  31.390 0.0000000000
111831  -56.038  -14.126  32.174 0.0000000000
60734  -55.192  -15.417  30.972 0.0000000000
63259  -56.102  -12.621  28.202 0.0000000000
64073  -57.235  -11.701  28.972 0.0000000000
63225  -57.138  -12.227  30.436 0.0000000000
63240  -58.027  -12.151  29.524 0.0000000000
61560  -58.688  -14.221  28.428 0.0000000000
63253  -59.147  -12.278  28.395 0.0000000000
109562  -60.268  -12.494  25.765 0.0000000000
48087  -48.295  -30.077  41.451 0.0000000000
48956  -48.995  -29.435  39.799 0.0000000000
48939  -49.265  -28.737  41.594 0.0000000000
52225  -48.701  -25.350  44.007 0.0000000000
50650  -49.772  -26.632  43.429 0.0000000000
52235  -49.076  -24.687  43.642 0.0000000000
53148  -50.289  -24.234  42.933 0.0000000000
53146  -48.794  -24.123  43.037 0.0000000000
31049  -25.676  -50.152  49.639 0.0000000000
31028  -26.669  -49.561  50.678 0.0000000000
32641  -29.152  -48.226  50.813 0.0000000000
35485  -32.401  -44.585  49.760 0.0000000000
34560  -33.182  -46.086  50.015 0.0000000000
33587  -32.775  -47.166  49.987 0.0000000000
33588  -33.649  -46.858  49.504 0.0000000000
33601  -34.908  -46.979  48.319 0.0000000000
34562  -34.752  -45.923  49.471 0.0000000000
117721  -37.207  -42.806  49.547 0.0000000000
37324  -37.901  -42.954  48.245 0.0000000000
38909  -38.001  -41.677  49.253 0.0000000000
43099  -36.834  -36.703  49.955 0.0000000000
42229  -36.564  -37.459  50.153 0.0000000000
118289  -38.030  -37.856  50.188 0.0000000000
41388  -38.366  -38.843  49.583 0.0000000000
42241  -38.559  -37.433  49.481 0.0000000000
129908  -38.597  -37.620  48.054 0.0000000000
43100  -38.651  -36.635  49.596 0.0000000000
45616  -40.582  -33.375  49.318 0.0000000000
44825  -40.726  -34.142  48.489 0.0000000000
44826  -41.711  -34.222  48.230 0.0000000000
44827  -42.519  -34.384  48.074 0.0000000000
47242  -40.321  -31.373  47.674 0.0000000000
48016  -41.660  -30.929  47.907 0.0000000000
47232  -45.903  -31.464  47.481 0.0000000000
47230  -44.711  -31.510  48.372 0.0000000000
127748  -45.616  -32.737  47.296 0.0000000000
44842  -44.753  -34.014  46.974 0.0000000000
45664  -45.699  -33.783  45.914 0.0000000000
45675  -46.405  -33.371  45.418 0.0000000000
109724  -48.792  -30.649  44.135 0.0000000000
47291  -47.994  -31.845  43.207 0.0000000000
47299  -47.719  -31.278  41.731 0.0000000000
47311  -47.581  -31.665  39.602 0.0000000000
33551  -25.067  -47.937  52.254 0.0000000000
31855  -24.900  -48.608  51.994 0.0000000000
31025  -24.000  -49.767  51.170 0.0000000000
49827  -51.677  -28.169  39.314 0.0000000000
112150  -52.452  -28.037  39.052 0.0000000000
51488  -53.827  -26.831  37.943 0.0000000000
109428  -53.648  -21.678  38.299 0.0000000000
54848  -53.936  -22.194  39.089 0.0000000000
55673  -54.433  -21.386  38.289 0.0000000000
54096  -56.978  -23.686  34.193 0.0000000000
54090  -55.577  -24.271  35.860 0.0000000000
60677  -54.124  -14.411  34.603 0.0000000000
110209  -52.674  -14.642  34.998 0.0000000000
59769  -53.870  -15.675  35.592 0.0000000000
58939  -54.552  -17.102  35.328 0.0000000000
58957  -55.114  -16.842  34.402 0.0000000000
58178  -56.125  -18.407  33.168 0.0000000000
64099  -57.791  -11.110  26.830 0.0000000000
64840  -58.768  -10.974  27.967 0.0000000000
64850  -58.356  -10.628  26.476 0.0000000000
64860  -58.843  -10.014  25.187 0.0000000000
124901  -49.028  -29.323  44.111 0.0000000000
49787  -49.354  -28.306  43.232 0.0000000000
49778  -48.848  -27.917  44.582 0.0000000000
51438  -48.217  -26.341  44.434 0.0000000000
52233  -47.817  -25.356  43.706 0.0000000000
33552  -25.842  -47.755  52.257 0.0000000000
31857  -26.644  -48.628  51.910 0.0000000000
34547  -29.123  -46.729  51.140 0.0000000000
43953  -37.496  -35.518  49.801 0.0000000000
43943  -38.722  -35.012  49.858 0.0000000000
122545  -38.761  -34.035  49.741 0.0000000000
45602  -39.526  -33.064  49.699 0.0000000000
46433  -40.238  -32.277  49.646 0.0000000000
48029  -43.642  -30.829  46.759 0.0000000000
48018  -43.366  -30.727  47.348 0.0000000000
115113  -44.441  -30.241  47.186 0.0000000000
48849  -45.485  -30.364  47.480 0.0000000000
47245  -46.875  -31.058  46.458 0.0000000000
46484  -47.121  -31.948  45.819 0.0000000000
48031  -47.692  -30.477  45.860 0.0000000000
48041  -48.229  -30.353  45.290 0.0000000000
33586  -25.411  -47.449  51.095 0.0000000000
51470  -51.982  -26.175  40.700 0.0000000000
50688  -52.477  -26.657  39.645 0.0000000000
114047  -52.591  -25.499  40.442 0.0000000000
52272  -53.023  -25.381  39.549 0.0000000000
119451  -53.618  -25.954  38.106 0.0000000000
56548  -55.089  -20.880  36.791 0.0000000000
54865  -55.664  -21.449  37.283 0.0000000000
111749  -56.442  -21.281  35.966 0.0000000000
54880  -56.601  -22.139  35.347 0.0000000000
63209  -55.025  -12.623  32.139 0.0000000000
119838  -53.540  -13.240  32.682 0.0000000000
129623  -55.044  -13.021  33.455 0.0000000000
61506  -55.028  -14.103  33.539 0.0000000000
49776  -45.692  -28.712  44.406 0.0000000000
112513  -45.206  -29.982  45.151 0.0000000000
128636  -51.998  -23.204  39.278 0.0000000000
54873  -53.957  -21.862  36.309 0.0000000000
54879  -54.539  -21.940  35.142 0.0000000000
55768  -54.893  -21.388  33.813 0.0000000000
56593  -54.832  -20.610  33.768 0.0000000000
62400  -54.469  -13.065  30.654 0.0000000000
63223  -55.873  -12.254  31.094 0.0000000000
61524  -57.014  -13.573  31.234 0.0000000000
60737  -57.191  -14.911  30.007 0.0000000000
64094  -59.695  -12.021  27.154 0.0000000000
61572  -59.625  -14.115  26.607 0.0000000000
47314  -50.250  -30.981  38.646 0.0000000000
48957  -49.840  -28.908  39.508 0.0000000000
49805  -50.365  -27.651  41.041 0.0000000000
50659  -49.714  -27.502  42.924 0.0000000000
50660  -50.285  -26.790  42.531 0.0000000000
50672  -51.396  -26.494  41.193 0.0000000000
52247  -51.428  -24.886  42.163 0.0000000000
54044  -50.959  -23.961  41.970 0.0000000000
50658  -45.920  -27.897  42.744 0.0000000000
51453  -46.796  -26.394  42.892 0.0000000000
52256  -47.608  -25.449  41.922 0.0000000000
31059  -24.307  -50.455  48.431 0.0000000000
114698  -25.760  -50.135  48.353 0.0000000000
33623  -31.883  -47.554  48.034 0.0000000000
35483  -29.170  -46.007  50.935 0.0000000000
34548  -29.713  -46.276  50.877 0.0000000000
33571  -31.086  -47.101  50.521 0.0000000000
32679  -32.609  -47.801  48.712 0.0000000000
33627  -36.264  -46.665  46.554 0.0000000000
35521  -36.737  -45.626  46.410 0.0000000000
39648  -36.187  -40.536  49.547 0.0000000000
41361  -36.367  -38.810  50.289 0.0000000000
39650  -37.197  -39.979  49.704 0.0000000000
39656  -38.274  -40.300  49.326 0.0000000000
39665  -38.705  -40.358  48.768 0.0000000000
43968  -39.233  -35.181  49.410 0.0000000000
47241  -39.480  -31.695  47.791 0.0000000000
47219  -40.682  -31.479  49.165 0.0000000000
46436  -42.191  -32.606  49.282 0.0000000000
47999  -43.525  -31.108  48.553 0.0000000000
46449  -43.656  -32.348  49.039 0.0000000000
45632  -43.043  -33.679  48.674 0.0000000000
44829  -43.761  -34.352  47.875 0.0000000000
44012  -44.177  -35.574  46.135 0.0000000000
44901  -45.177  -34.747  41.475 0.0000000000
45699  -47.164  -33.039  44.013 0.0000000000
45711  -46.408  -33.374  42.544 0.0000000000
45736  -46.367  -33.605  40.552 0.0000000000
45749  -47.086  -33.604  39.441 0.0000000000
30216  -23.808  -50.642  49.976 0.0000000000
116722  -53.180  -22.723  39.472 0.0000000000
53195  -53.854  -24.143  38.792 0.0000000000
52314  -53.951  -25.304  37.658 0.0000000000
127291  -55.266  -23.584  36.792 0.0000000000
53217  -54.908  -24.849  36.477 0.0000000000
51510  -55.419  -26.819  36.275 0.0000000000
56591  -52.993  -20.251  33.292 0.0000000000
57381  -54.745  -19.796  34.018 0.0000000000
61505  -52.177  -14.111  32.791 0.0000000000
113374  -50.957  -15.865  32.990 0.0000000000
58956  -51.987  -17.776  34.241 0.0000000000
58145  -54.149  -18.115  35.072 0.0000000000
57365  -55.450  -18.968  34.211 0.0000000000
58179  -56.414  -18.930  33.097 0.0000000000
123219  -22.835  -50.842  47.502 0.0000000000
50625  -46.682  -27.895  44.959 0.0000000000
50626  -47.178  -27.543  44.904 0.0000000000
45663  -37.228  -34.026  46.205 0.0000000000
112694  -38.183  -33.171  47.195 0.0000000000
123036  -37.865  -33.425  46.499 0.0000000000
49761  -45.992  -28.623  45.469 0.0000000000
49746  -45.957  -28.950  46.014 0.0000000000
50610  -46.347  -28.438  45.411 0.0000000000
50611  -46.656  -28.204  45.364 0.0000000000
54824  -51.366  -23.843  40.785 0.0000000000
54825  -51.956  -23.707  40.696 0.0000000000
54834  -51.554  -23.628  40.280 0.0000000000
56575  -56.144  -20.310  33.977 0.0000000000
57367  -56.497  -19.722  33.509 0.0000000000
60736  -56.658  -15.078  30.587 0.0000000000
126667  -56.102  -15.138  31.001 0.0000000000
64091  -57.266  -11.638  28.096 0.0000000000
64074  -57.616  -11.764  29.231 0.0000000000
63239  -57.581  -11.926  29.728 0.0000000000
64075  -58.104  -11.552  29.054 0.0000000000
63252  -58.604  -12.271  29.018 0.0000000000
64084  -58.676  -11.487  28.460 0.0000000000
48938  -48.740  -29.499  42.036 0.0000000000
52234  -48.295  -25.058  43.781 0.0000000000
121113  -48.683  -24.514  43.481 0.0000000000
53141  -49.218  -24.130  43.235 0.0000000000
31863  -25.324  -49.118  51.547 0.0000000000
31864  -26.215  -49.149  51.413 0.0000000000
113472  -29.570  -47.997  50.683 0.0000000000
31868  -29.572  -48.428  50.258 0.0000000000
34552  -33.098  -45.159  49.763 0.0000000000
125066  -33.513  -45.594  49.734 0.0000000000
34561  -33.934  -46.084  49.655 0.0000000000
34570  -34.487  -46.699  49.136 0.0000000000
38111  -36.853  -42.247  49.755 0.0000000000
38120  -37.602  -42.256  49.344 0.0000000000
112154  -37.429  -41.575  49.480 0.0000000000
43088  -37.743  -36.598  50.110 0.0000000000
114830  -37.129  -37.063  50.142 0.0000000000
42219  -37.902  -37.310  50.177 0.0000000000
42230  -38.276  -37.198  49.935 0.0000000000
128903  -38.505  -36.424  49.867 0.0000000000
44812  -41.140  -33.760  48.707 0.0000000000
44813  -41.995  -33.939  48.490 0.0000000000
47253  -41.490  -31.640  46.793 0.0000000000
48027  -41.987  -31.128  47.266 0.0000000000
46472  -46.135  -32.101  47.000 0.0000000000
46462  -45.612  -32.221  47.704 0.0000000000
45656  -45.856  -32.880  46.714 0.0000000000
112893  -45.463  -33.577  46.541 0.0000000000
45665  -46.173  -33.135  46.104 0.0000000000
46499  -46.840  -32.685  45.664 0.0000000000
48060  -48.721  -30.511  43.339 0.0000000000
47292  -48.198  -31.105  42.685 0.0000000000
48072  -48.458  -30.256  42.429 0.0000000000
47300  -48.071  -30.674  41.885 0.0000000000
32629  -25.379  -48.164  52.274 0.0000000000
32628  -24.562  -48.281  52.091 0.0000000000
49815  -51.120  -27.611  40.106 0.0000000000
49816  -52.039  -27.211  39.677 0.0000000000
50698  -54.393  -27.587  37.660 0.0000000000
50702  -55.080  -27.719  37.193 0.0000000000
51499  -54.898  -27.092  36.967 0.0000000000
55692  -53.895  -21.385  37.871 0.0000000000
55672  -54.029  -21.438  38.318 0.0000000000
62398  -52.896  -13.869  31.205 0.0000000000
122707  -54.340  -15.440  34.192 0.0000000000
60664  -53.829  -15.054  35.092 0.0000000000
116138  -54.754  -16.521  35.066 0.0000000000
48901  -48.733  -28.883  44.608 0.0000000000
51421  -47.431  -26.908  44.428 0.0000000000
52208  -47.800  -26.302  44.294 0.0000000000
52223  -47.798  -25.736  43.958 0.0000000000
52222  -47.447  -26.057  43.813 0.0000000000
33567  -25.620  -47.557  51.942 0.0000000000
34546  -28.374  -46.443  51.227 0.0000000000
45641  -37.335  -34.212  48.002 0.0000000000
44823  -37.215  -34.826  48.672 0.0000000000
124261  -37.345  -35.336  49.611 0.0000000000
44797  -37.726  -34.959  49.521 0.0000000000
43954  -37.873  -34.843  49.703 0.0000000000
44809  -37.870  -34.427  49.089 0.0000000000
46446  -38.843  -32.643  49.136 0.0000000000
108053  -39.038  -32.842  49.526 0.0000000000
46432  -39.614  -32.560  49.602 0.0000000000
46421  -39.955  -32.690  49.691 0.0000000000
48872  -44.440  -30.403  46.470 0.0000000000
118322  -44.097  -30.567  46.834 0.0000000000
48873  -44.915  -29.896  46.719 0.0000000000
122624  -46.049  -29.564  46.702 0.0000000000
48859  -45.436  -29.810  47.072 0.0000000000
48860  -46.118  -29.960  46.921 0.0000000000
48019  -46.035  -30.729  47.282 0.0000000000
48020  -46.598  -30.560  46.752 0.0000000000
47256  -47.381  -31.198  45.989 0.0000000000
48030  -47.188  -30.535  46.314 0.0000000000
49749  -47.711  -28.696  45.604 0.0000000000
48885  -48.329  -29.296  45.242 0.0000000000
48051  -48.728  -29.909  44.581 0.0000000000
51463  -52.251  -25.575  40.881 0.0000000000
52259  -52.482  -25.011  40.948 0.0000000000
53169  -52.854  -24.106  40.233 0.0000000000
52271  -52.842  -24.999  40.310 0.0000000000
51487  -53.241  -25.666  38.822 0.0000000000
116412  -53.295  -24.971  39.175 0.0000000000
56549  -55.558  -20.894  36.872 0.0000000000
56550  -56.187  -20.873  36.088 0.0000000000
54881  -57.039  -21.800  34.558 0.0000000000
55731  -56.727  -21.424  35.089 0.0000000000
54886  -57.123  -22.661  34.183 0.0000000000
118007  -57.548  -22.648  33.290 0.0000000000
63199  -55.226  -12.788  32.797 0.0000000000
62376  -55.465  -13.151  32.917 0.0000000000
60707  -54.516  -14.985  33.043 0.0000000000
48900  -45.285  -29.531  44.420 0.0000000000
55767  -54.071  -21.295  33.402 0.0000000000
63250  -55.825  -12.489  29.090 0.0000000000
62417  -55.261  -12.821  29.439 0.0000000000
62416  -54.555  -13.251  29.728 0.0000000000
63236  -55.240  -12.623  30.423 0.0000000000
62401  -57.372  -13.088  30.647 0.0000000000
61535  -57.374  -14.097  30.471 0.0000000000
61547  -57.729  -14.513  29.645 0.0000000000
60750  -57.593  -15.110  29.208 0.0000000000
127760  -58.713  -14.519  27.897 0.0000000000
108857  -59.040  -10.727  27.349 0.0000000000
64093  -59.247  -11.487  27.780 0.0000000000
64100  -59.548  -11.189  26.927 0.0000000000
63278  -60.261  -13.232  25.480 0.0000000000
62448  -59.954  -13.669  26.177 0.0000000000
46561  -49.720  -31.818  38.698 0.0000000000
117343  -50.563  -31.906  38.821 0.0000000000
47313  -49.134  -30.925  38.733 0.0000000000
48949  -49.432  -28.771  40.461 0.0000000000
49814  -50.193  -28.248  40.221 0.0000000000
50671  -50.719  -26.969  41.623 0.0000000000
51461  -50.992  -26.217  42.077 0.0000000000
127541  -51.106  -25.478  42.358 0.0000000000
54042  -49.875  -23.779  42.304 0.0000000000
54043  -50.382  -23.934  42.389 0.0000000000
31060  -25.075  -50.345  48.963 0.0000000000
31071  -25.062  -50.246  48.188 0.0000000000
31050  -26.685  -50.093  49.472 0.0000000000
32631  -27.569  -48.455  51.511 0.0000000000
31866  -28.015  -48.967  50.796 0.0000000000
32677  -30.657  -48.442  48.370 0.0000000000
32678  -31.444  -48.144  48.489 0.0000000000
32688  -31.055  -47.909  47.848 0.0000000000
112380  -29.351  -45.376  50.619 0.0000000000
32644  -31.342  -47.681  50.311 0.0000000000
32655  -31.962  -47.878  50.135 0.0000000000
33599  -33.230  -47.500  49.249 0.0000000000
32668  -32.770  -47.827  48.975 0.0000000000
127326  -33.215  -47.529  48.474 0.0000000000
108237  -32.804  -47.424  48.192 0.0000000000
33624  -33.854  -47.361  47.910 0.0000000000
34590  -33.400  -47.120  47.382 0.0000000000
34580  -35.596  -46.721  47.844 0.0000000000
33613  -35.290  -47.111  47.453 0.0000000000
33614  -35.895  -46.898  47.139 0.0000000000
33640  -36.137  -47.018  46.118 0.0000000000
34581  -36.199  -46.422  47.340 0.0000000000
36444  -36.917  -44.255  48.607 0.0000000000
35508  -36.827  -44.890  47.926 0.0000000000
35515  -37.030  -45.196  47.106 0.0000000000
36463  -37.438  -44.435  47.063 0.0000000000
122892  -38.294  -42.510  48.051 0.0000000000
37337  -38.085  -43.066  47.560 0.0000000000
119774  -38.474  -42.485  47.478 0.0000000000
124461  -38.808  -41.784  47.286 0.0000000000
128973  -38.884  -41.381  47.821 0.0000000000
41362  -36.897  -38.410  50.349 0.0000000000
41360  -36.406  -38.134  50.356 0.0000000000
40449  -36.907  -39.188  50.128 0.0000000000
39655  -37.835  -40.133  49.645 0.0000000000
40457  -37.607  -39.268  49.906 0.0000000000
41393  -38.663  -38.980  49.083 0.0000000000
40467  -38.518  -39.599  49.215 0.0000000000
40476  -38.797  -39.546  48.473 0.0000000000
39674  -38.973  -40.367  48.165 0.0000000000
43123  -38.645  -36.740  48.034 0.0000000000
42260  -38.536  -37.279  47.442 0.0000000000
43136  -38.665  -36.542  47.015 0.0000000000
43956  -39.050  -35.175  49.823 0.0000000000
44810  -39.521  -34.435  49.487 0.0000000000
46480  -38.676  -32.528  46.710 0.0000000000
47252  -39.170  -32.049  47.075 0.0000000000
48005  -41.330  -30.999  48.394 0.0000000000
48004  -40.747  -31.180  48.710 0.0000000000
47988  -41.101  -31.507  49.258 0.0000000000
47209  -41.253  -31.850  49.498 0.0000000000
47989  -41.647  -31.449  49.080 0.0000000000
124119  -44.116  -30.589  48.126 0.0000000000
48847  -43.640  -30.578  47.783 0.0000000000
48007  -44.230  -30.795  48.268 0.0000000000
46460  -44.368  -32.272  48.703 0.0000000000
126805  -44.021  -32.902  48.939 0.0000000000
118820  -43.353  -33.117  49.024 0.0000000000
45633  -43.849  -33.535  48.687 0.0000000000
45643  -43.501  -34.076  48.288 0.0000000000
45644  -44.280  -33.851  48.080 0.0000000000
44851  -44.977  -34.236  46.379 0.0000000000
44850  -44.291  -34.807  46.778 0.0000000000
44013  -44.609  -34.845  46.184 0.0000000000
45697  -46.005  -33.812  43.750 0.0000000000
47267  -47.771  -31.572  45.463 0.0000000000
46500  -47.479  -32.237  45.245 0.0000000000
46516  -47.661  -32.433  44.486 0.0000000000
46535  -47.404  -32.311  42.694 0.0000000000
46534  -46.846  -32.831  42.079 0.0000000000
45726  -46.325  -33.460  41.522 0.0000000000
46544  -46.699  -32.859  40.962 0.0000000000
45748  -46.546  -33.772  39.894 0.0000000000
46551  -46.723  -33.069  39.957 0.0000000000
109431  -47.982  -31.924  38.885 0.0000000000
46560  -48.725  -31.804  38.702 0.0000000000
31036  -24.360  -50.081  50.441 0.0000000000
123641  -23.928  -50.701  49.224 0.0000000000
50689  -52.800  -26.922  39.124 0.0000000000
49829  -53.037  -27.875  38.783 0.0000000000
50690  -53.222  -27.230  38.632 0.0000000000
55650  -52.412  -22.690  38.755 0.0000000000
54846  -52.621  -23.066  39.584 0.0000000000
112835  -54.347  -22.525  38.768 0.0000000000
54072  -53.891  -23.196  39.235 0.0000000000
54076  -54.392  -23.331  38.534 0.0000000000
53207  -54.187  -24.310  38.096 0.0000000000
54874  -56.095  -21.920  36.598 0.0000000000
54864  -55.449  -22.339  37.412 0.0000000000
127900  -55.722  -22.709  36.703 0.0000000000
53222  -55.272  -25.228  35.776 0.0000000000
52334  -54.957  -25.881  36.259 0.0000000000
124299  -56.107  -26.833  35.629 0.0000000000
57380  -53.712  -19.669  33.841 0.0000000000
62374  -53.885  -12.972  33.522 0.0000000000
62373  -53.042  -13.519  33.191 0.0000000000
61488  -52.564  -13.900  33.851 0.0000000000
60676  -52.470  -15.427  35.199 0.0000000000
60675  -51.925  -14.982  34.487 0.0000000000
59783  -51.791  -15.917  34.528 0.0000000000
59812  -50.805  -16.727  32.848 0.0000000000
58937  -51.829  -16.880  34.461 0.0000000000
58955  -51.316  -17.312  33.517 0.0000000000
58938  -52.651  -17.290  35.189 0.0000000000
58146  -55.234  -17.955  34.703 0.0000000000
57364  -54.536  -18.918  34.456 0.0000000000
58147  -55.901  -18.407  34.029 0.0000000000
58148  -56.209  -18.944  33.374 0.0000000000
58164  -56.072  -18.287  33.597 0.0000000000
50627  -47.792  -27.792  45.121 0.0000000000
51436  -46.983  -26.825  43.830 0.0000000000
45629  -38.274  -33.771  48.994 0.0000000000
45642  -38.015  -33.712  48.352 0.0000000000
110687  -38.325  -33.097  48.021 0.0000000000
46459  -38.706  -32.547  48.452 0.0000000000
49745  -45.561  -29.322  45.779 0.0000000000
49730  -45.460  -29.580  46.386 0.0000000000
49732  -46.531  -29.306  46.341 0.0000000000
117092  -47.257  -29.353  46.090 0.0000000000
49748  -46.970  -28.688  45.860 0.0000000000
54054  -51.344  -23.980  41.295 0.0000000000
53158  -52.128  -24.497  41.292 0.0000000000
54055  -51.988  -23.970  41.154 0.0000000000
54064  -52.366  -23.735  40.473 0.0000000000
54065  -52.978  -23.457  39.898 0.0000000000
56562  -56.283  -20.790  34.996 0.0000000000
55751  -57.105  -21.158  34.273 0.0000000000
56595  -57.298  -20.511  33.021 0.0000000000
57383  -56.926  -20.016  32.920 0.0000000000
61523  -56.598  -13.924  31.741 0.0000000000
61508  -56.034  -13.453  32.306 0.0000000000
60724  -55.616  -14.846  31.739 0.0000000000
63251  -56.499  -12.032  29.175 0.0000000000
63238  -56.977  -11.894  29.871 0.0000000000
62402  -57.699  -12.598  30.027 0.0000000000
62418  -58.273  -12.983  29.545 0.0000000000
61548  -58.296  -14.004  29.277 0.0000000000
62432  -58.748  -13.302  28.915 0.0000000000
111967  -59.210  -13.319  28.203 0.0000000000
64853  -59.877  -11.012  26.095 0.0000000000
64101  -60.041  -12.024  26.415 0.0000000000
64107  -60.272  -11.693  25.580 0.0000000000
108681  -60.428  -12.441  25.040 0.0000000000
62468  -60.189  -13.882  24.291 0.0000000000
124805  -48.153  -30.541  39.635 0.0000000000
48108  -48.652  -30.263  39.302 0.0000000000
48096  -48.233  -30.093  40.264 0.0000000000
48948  -48.759  -29.394  40.950 0.0000000000
51439  -48.760  -26.155  44.328 0.0000000000
116597  -49.290  -26.556  44.135 0.0000000000
51447  -49.437  -25.649  43.801 0.0000000000
52236  -50.006  -24.836  43.366 0.0000000000
52246  -50.765  -24.866  42.788 0.0000000000
53142  -49.665  -24.276  43.254 0.0000000000
53147  -49.419  -23.904  42.815 0.0000000000
54041  -49.368  -23.806  42.460 0.0000000000
31037  -25.272  -49.916  50.303 0.0000000000
31038  -26.235  -49.910  50.207 0.0000000000
31039  -27.140  -49.875  50.102 0.0000000000
31886  -30.653  -48.316  49.057 0.0000000000
33600  -34.104  -47.269  48.846 0.0000000000
33612  -34.419  -47.254  48.065 0.0000000000
34571  -35.265  -46.448  48.735 0.0000000000
37323  -37.449  -43.583  48.448 0.0000000000
36454  -37.674  -43.659  47.663 0.0000000000
37311  -37.636  -42.900  48.987 0.0000000000
38121  -38.155  -42.214  48.750 0.0000000000
43111  -36.641  -36.352  49.563 0.0000000000
43098  -36.284  -37.077  49.834 0.0000000000
42217  -36.970  -37.796  50.309 0.0000000000
41363  -37.545  -38.015  50.249 0.0000000000
41377  -37.955  -38.578  50.055 0.0000000000
118238  -38.604  -38.263  49.295 0.0000000000
43112  -38.769  -36.848  48.813 0.0000000000
44799  -39.863  -33.882  49.453 0.0000000000
44824  -39.823  -34.471  48.934 0.0000000000
44811  -40.268  -33.952  49.128 0.0000000000
43980  -43.003  -34.841  47.691 0.0000000000
46482  -40.331  -32.151  46.324 0.0000000000
112860  -39.851  -31.782  47.009 0.0000000000
110275  -40.697  -31.698  46.941 0.0000000000
48006  -42.145  -30.898  48.177 0.0000000000
47231  -45.402  -31.518  47.995 0.0000000000
46461  -45.048  -32.302  48.259 0.0000000000
45645  -45.116  -33.112  47.872 0.0000000000
45654  -44.707  -33.777  47.521 0.0000000000
45655  -45.276  -33.377  47.174 0.0000000000
44864  -45.132  -34.396  45.734 0.0000000000
44865  -45.828  -33.995  45.177 0.0000000000
45686  -46.430  -33.547  44.462 0.0000000000
47278  -48.470  -31.290  44.481 0.0000000000
47284  -48.198  -31.944  44.089 0.0000000000
47285  -48.476  -31.266  43.672 0.0000000000
120820  -47.702  -31.726  42.408 0.0000000000
46552  -47.105  -32.255  40.308 0.0000000000
47305  -47.483  -31.447  40.690 0.0000000000
47306  -47.794  -30.851  39.987 0.0000000000
33550  -24.256  -48.133  52.096 0.0000000000
31854  -24.064  -48.747  51.958 0.0000000000
31026  -24.851  -49.565  50.982 0.0000000000
51481  -53.309  -26.743  38.541 0.0000000000
50697  -53.781  -27.411  38.143 0.0000000000
55691  -53.177  -22.194  38.549 0.0000000000
55652  -53.543  -22.188  39.104 0.0000000000
124152  -54.049  -21.718  38.807 0.0000000000
54855  -54.421  -21.822  38.536 0.0000000000
54856  -54.838  -22.411  38.222 0.0000000000
54091  -56.278  -23.957  35.002 0.0000000000
62342  -54.075  -13.670  34.428 0.0000000000
61469  -53.065  -13.889  34.714 0.0000000000
61456  -53.339  -14.552  35.125 0.0000000000
60663  -53.494  -15.232  35.472 0.0000000000
59768  -53.265  -15.759  35.733 0.0000000000
58924  -53.564  -16.631  35.666 0.0000000000
58925  -54.203  -16.279  35.528 0.0000000000
58940  -55.261  -17.131  34.852 0.0000000000
64092  -57.774  -11.137  27.686 0.0000000000
64825  -58.382  -11.046  28.317 0.0000000000
64838  -58.329  -10.754  27.317 0.0000000000
64851  -58.829  -10.406  26.791 0.0000000000
118974  -58.780  -10.248  26.024 0.0000000000
65659  -59.124  -9.987  25.832 0.0000000000
123703  -59.469  -10.057  25.341 0.0000000000
48912  -49.041  -29.930  43.813 0.0000000000
48913  -49.108  -29.123  43.497 0.0000000000
117525  -49.111  -28.522  44.025 0.0000000000
50639  -48.916  -27.019  44.542 0.0000000000
49763  -48.390  -27.423  44.801 0.0000000000
51423  -48.442  -26.757  44.589 0.0000000000
52224  -48.244  -25.741  44.155 0.0000000000
128204  -47.696  -25.191  43.382 0.0000000000
32630  -26.196  -48.146  52.302 0.0000000000
114826  -26.939  -48.103  52.101 0.0000000000
32632  -28.608  -47.827  51.323 0.0000000000
32633  -29.301  -47.732  51.000 0.0000000000
33556  -29.407  -47.301  51.096 0.0000000000
38891  -36.225  -41.465  49.515 0.0000000000
117340  -37.082  -35.901  49.825 0.0000000000
43087  -37.332  -36.234  49.986 0.0000000000
43941  -37.796  -35.715  50.013 0.0000000000
43955  -38.741  -35.935  50.091 0.0000000000
117184  -38.108  -35.121  49.875 0.0000000000
44785  -38.544  -34.676  49.701 0.0000000000
44786  -39.136  -34.188  49.976 0.0000000000
45614  -38.433  -33.809  49.329 0.0000000000
45601  -39.096  -33.560  49.743 0.0000000000
44787  -39.401  -33.664  49.708 0.0000000000
45603  -40.015  -33.117  49.694 0.0000000000
127990  -40.470  -32.935  49.598 0.0000000000
45617  -40.971  -32.859  49.436 0.0000000000
48038  -43.119  -31.326  46.307 0.0000000000
48028  -42.823  -31.032  47.024 0.0000000000
48857  -43.855  -30.520  47.464 0.0000000000
48848  -44.987  -30.306  47.758 0.0000000000
48858  -44.959  -29.859  47.030 0.0000000000
48009  -45.615  -30.944  47.709 0.0000000000
47244  -46.413  -31.271  46.923 0.0000000000
47255  -46.735  -31.670  46.387 0.0000000000
47257  -47.920  -30.988  45.565 0.0000000000
48874  -47.422  -29.988  46.160 0.0000000000
47268  -48.271  -31.170  45.123 0.0000000000
33566  -24.777  -47.753  51.806 0.0000000000
50681  -52.180  -26.542  40.123 0.0000000000
51471  -52.475  -26.071  40.178 0.0000000000
51479  -52.709  -26.313  39.480 0.0000000000
51472  -52.763  -25.737  39.861 0.0000000000
51480  -52.971  -26.105  39.092 0.0000000000
124107  -53.354  -26.295  38.506 0.0000000000
55693  -54.748  -21.131  37.624 0.0000000000
55712  -55.993  -21.097  36.817 0.0000000000
54885  -56.591  -23.096  34.918 0.0000000000
62388  -54.387  -12.903  31.600 0.0000000000
62387  -53.601  -13.313  31.842 0.0000000000
62375  -54.369  -12.825  32.671 0.0000000000
63190  -54.609  -12.933  33.547 0.0000000000
62362  -54.602  -13.217  33.916 0.0000000000
61507  -55.580  -13.713  32.940 0.0000000000
61490  -55.069  -13.414  33.528 0.0000000000
61489  -54.586  -13.818  34.103 0.0000000000
60695  -54.411  -14.722  34.028 0.0000000000
49777  -45.995  -28.441  44.943 0.0000000000
50638  -46.150  -28.172  44.312 0.0000000000
50648  -45.656  -28.444  43.678 0.0000000000
47265  -42.569  -31.885  45.786 0.0000000000
48039  -43.974  -31.034  46.032 0.0000000000
48040  -44.715  -30.509  45.612 0.0000000000
54070  -51.151  -23.601  39.814 0.0000000000
125630  -51.952  -23.248  38.797 0.0000000000
127131  -52.431  -22.840  38.845 0.0000000000
122888  -53.473  -21.774  37.932 0.0000000000
55710  -53.656  -21.671  37.468 0.0000000000
55730  -54.971  -21.209  35.848 0.0000000000
55749  -55.034  -21.562  34.469 0.0000000000
55750  -55.680  -20.925  34.680 0.0000000000
62415  -53.803  -13.631  29.994 0.0000000000
63210  -55.645  -12.545  31.907 0.0000000000
63211  -56.229  -12.399  31.572 0.0000000000
63224  -56.506  -12.116  30.770 0.0000000000
62390  -56.814  -12.661  31.148 0.0000000000
62389  -56.477  -13.097  31.784 0.0000000000
61534  -56.919  -14.435  30.965 0.0000000000
60749  -56.801  -15.440  29.731 0.0000000000
60751  -58.097  -14.744  28.867 0.0000000000
63262  -59.546  -12.594  27.667 0.0000000000
62440  -59.558  -13.492  27.366 0.0000000000
63263  -59.873  -12.911  26.885 0.0000000000
62441  -59.757  -13.623  26.759 0.0000000000
48109  -49.605  -29.873  38.893 0.0000000000
48958  -50.471  -29.284  38.927 0.0000000000
49826  -50.750  -28.486  39.453 0.0000000000
48928  -49.138  -28.941  42.626 0.0000000000
49795  -49.505  -28.197  42.346 0.0000000000
49804  -49.741  -28.061  41.611 0.0000000000
50670  -50.012  -27.524  42.018 0.0000000000
50679  -51.103  -27.099  40.870 0.0000000000
51462  -51.651  -25.684  41.550 0.0000000000
53149  -50.935  -24.261  42.421 0.0000000000
53157  -51.552  -24.288  41.754 0.0000000000
54063  -50.946  -23.902  40.743 0.0000000000
51435  -46.675  -27.512  44.232 0.0000000000
51445  -46.737  -27.145  43.708 0.0000000000
51452  -46.403  -27.168  42.997 0.0000000000
51446  -47.021  -26.523  43.543 0.0000000000
52232  -47.325  -25.797  43.445 0.0000000000
51454  -47.249  -25.665  42.661 0.0000000000
52245  -48.023  -24.808  42.736 0.0000000000
52257  -48.245  -25.045  41.642 0.0000000000
54062  -50.681  -23.862  40.503 0.0000000000
31070  -24.597  -50.235  47.645 0.0000000000
31865  -27.111  -49.107  51.152 0.0000000000
33569  -29.763  -46.974  51.008 0.0000000000
33570  -30.326  -47.238  50.712 0.0000000000
32656  -32.437  -47.850  49.496 0.0000000000
108041  -31.783  -48.161  48.830 0.0000000000
122893  -32.155  -47.906  48.575 0.0000000000
33625  -34.829  -47.327  47.297 0.0000000000
35506  -35.560  -45.608  49.123 0.0000000000
34582  -36.530  -45.653  47.651 0.0000000000
34591  -36.570  -46.012  46.796 0.0000000000
36464  -37.763  -43.768  47.004 0.0000000000
38892  -36.711  -40.659  49.497 0.0000000000
41375  -35.956  -38.528  50.207 0.0000000000
40456  -36.308  -39.552  49.931 0.0000000000
39649  -36.652  -39.929  49.708 0.0000000000
38900  -37.340  -40.806  49.559 0.0000000000
38901  -37.986  -40.984  49.485 0.0000000000
38910  -38.455  -41.214  48.922 0.0000000000
40458  -38.106  -39.448  49.673 0.0000000000
117815  -38.881  -41.019  48.267 0.0000000000
43101  -38.833  -36.057  49.506 0.0000000000
43113  -38.922  -36.050  49.059 0.0000000000
43978  -39.368  -35.151  48.748 0.0000000000
109793  -39.454  -35.161  47.965 0.0000000000
123591  -38.512  -32.685  47.196 0.0000000000
47240  -38.826  -32.264  47.475 0.0000000000
47228  -38.954  -32.068  48.167 0.0000000000
47229  -40.169  -31.301  48.384 0.0000000000
47218  -40.146  -31.464  48.995 0.0000000000
125947  -39.648  -31.852  49.161 0.0000000000
47208  -40.677  -31.826  49.536 0.0000000000
46435  -41.462  -32.461  49.453 0.0000000000
114880  -41.818  -33.088  49.221 0.0000000000
48846  -43.107  -30.746  47.729 0.0000000000
48841  -42.914  -30.842  48.061 0.0000000000
47998  -42.905  -31.114  48.491 0.0000000000
47220  -43.953  -31.566  48.753 0.0000000000
121167  -43.096  -31.693  48.960 0.0000000000
47990  -42.341  -31.506  48.924 0.0000000000
47211  -42.486  -32.065  49.181 0.0000000000
125213  -42.590  -33.201  49.057 0.0000000000
45631  -42.262  -33.605  48.737 0.0000000000
44814  -42.756  -34.089  48.356 0.0000000000
44828  -43.212  -34.437  47.957 0.0000000000
43981  -43.596  -34.723  47.562 0.0000000000
44841  -44.162  -34.409  47.460 0.0000000000
43997  -43.846  -34.931  47.184 0.0000000000
45676  -47.060  -32.920  44.913 0.0000000000
45698  -46.508  -33.411  43.484 0.0000000000
46527  -47.615  -32.445  43.612 0.0000000000
46526  -47.053  -32.946  43.088 0.0000000000
44920  -48.613  -34.243  39.357 0.0000000000
46559  -47.449  -32.656  39.277 0.0000000000
45750  -47.962  -33.514  39.029 0.0000000000
31058  -23.543  -50.728  48.607 0.0000000000
49828  -52.572  -27.264  39.263 0.0000000000
54835  -52.027  -23.432  40.140 0.0000000000
54071  -53.292  -23.663  39.731 0.0000000000
53182  -53.521  -24.220  39.338 0.0000000000
122653  -53.518  -24.636  38.945 0.0000000000
51498  -54.242  -26.408  37.410 0.0000000000
55674  -55.104  -21.422  37.916 0.0000000000
53208  -54.562  -24.510  37.313 0.0000000000
52315  -54.495  -25.600  37.004 0.0000000000
111318  -54.758  -26.436  36.803 0.0000000000
56609  -53.266  -21.054  33.060 0.0000000000
56592  -53.941  -20.493  33.523 0.0000000000
62386  -52.839  -13.718  32.190 0.0000000000
61521  -52.052  -14.388  31.629 0.0000000000
61504  -51.353  -14.851  32.381 0.0000000000
127914  -52.361  -14.368  34.361 0.0000000000
114848  -51.206  -15.209  33.002 0.0000000000
60706  -50.916  -15.506  32.474 0.0000000000
58161  -51.446  -18.257  33.357 0.0000000000
58162  -52.285  -18.615  33.921 0.0000000000
125634  -53.596  -17.484  35.373 0.0000000000
58144  -52.937  -18.135  34.896 0.0000000000
58163  -53.367  -18.887  34.366 0.0000000000
57366  -55.965  -19.283  33.749 0.0000000000
57382  -56.657  -19.492  33.088 0.0000000000
57398  -56.681  -19.689  32.716 0.0000000000
57397  -56.425  -19.059  32.794 0.0000000000
56610  -56.739  -20.415  32.200 0.0000000000
32642  -30.028  -48.000  50.509 0.0000000000
33555  -28.911  -47.311  51.262 0.0000000000
42218  -37.474  -37.423  50.162 0.0000000000
43942  -38.248  -35.841  50.006 0.0000000000
44808  -37.487  -34.897  49.227 0.0000000000
44908  -46.209  -34.322  40.245 0.0000000000
45600  -38.324  -34.340  49.492 0.0000000000
45604  -40.375  -32.640  49.638 0.0000000000
45615  -38.753  -33.499  49.585 0.0000000000
45725  -45.859  -33.997  42.015 0.0000000000
46431  -38.611  -33.233  49.305 0.0000000000
46434  -40.805  -32.285  49.632 0.0000000000
46447  -39.375  -32.279  49.379 0.0000000000
46448  -42.888  -32.543  49.158 0.0000000000
46479  -38.228  -33.058  46.591 0.0000000000
47207  -40.038  -31.881  49.469 0.0000000000
47210  -41.899  -31.953  49.314 0.0000000000
47243  -41.167  -31.291  47.499 0.0000000000
47997  -42.165  -31.108  48.533 0.0000000000
48015  -40.873  -31.070  48.152 0.0000000000
48017  -42.526  -30.876  47.622 0.0000000000
48086  -47.834  -30.685  41.002 0.0000000000
48842  -43.536  -30.737  48.155 0.0000000000
52282  -53.556  -25.022  38.468 0.0000000000
54032  -49.776  -23.955  42.851 0.0000000000
54845  -51.963  -23.348  39.737 0.0000000000
54847  -53.315  -22.746  39.502 0.0000000000
55694  -55.479  -21.023  37.391 0.0000000000
56577  -57.209  -20.654  33.590 0.0000000000
59770  -54.244  -15.807  35.187 0.0000000000
59797  -51.325  -16.378  33.652 0.0000000000
60662  -53.057  -15.053  35.517 0.0000000000
60694  -51.424  -15.476  33.694 0.0000000000
61470  -53.587  -13.947  34.715 0.0000000000
61471  -53.760  -14.310  34.791 0.0000000000
61487  -51.762  -14.636  33.529 0.0000000000
61532  -52.330  -14.439  30.627 0.0000000000
61602  -59.867  -14.364  24.241 0.0000000000
62360  -53.436  -13.442  34.047 0.0000000000
62361  -54.113  -13.089  34.156 0.0000000000
62399  -53.697  -13.482  30.899 0.0000000000
63222  -55.140  -12.561  31.354 0.0000000000
63271  -60.078  -12.984  26.221 0.0000000000
64824  -58.253  -10.915  27.971 0.0000000000
64839  -58.603  -10.761  27.674 0.0000000000
64861  -59.614  -10.370  25.652 0.0000000000
109034  -44.302  -30.371  47.472 0.0000000000
113741  -59.909  -13.339  26.513 0.0000000000
113974  -48.362  -32.653  38.818 0.0000000000
114923  -48.554  -30.710  44.751 0.0000000000
119908  -39.575  -31.698  48.605 0.0000000000
120106  -54.142  -15.232  34.696 0.0000000000
120682  -53.636  -21.873  38.705 0.0000000000
121556  -53.787  -16.072  35.788 0.0000000000
122325  -39.139  -32.994  49.630 0.0000000000
123907  -51.729  -23.650  40.444 0.0000000000
128255  -53.109  -23.052  40.035 0.0000000000
129342  -35.348  -47.295  46.965 0.0000000000
130019  -59.000  -12.791  28.693 0.0000000000
