#!ascii label  , from subject sub-v1s12x0050113_ses-1 vox2ras=TkReg
935
35510  -15.883  -44.320  49.060 0.0000000000
48142  -34.564  -31.201  36.347 0.0000000000
51545  -34.592  -26.222  32.502 0.0000000000
48931  -29.241  -29.888  42.303 0.0000000000
59927  -39.849  -16.034  23.962 0.0000000000
54174  -38.344  -23.520  25.587 0.0000000000
48067  -36.709  -29.011  41.691 0.0000000000
49821  -31.931  -28.572  39.520 0.0000000000
119126  -45.297  -13.201  26.616 0.0000000000
63294  -49.496  -12.139  23.311 0.0000000000
115335  -50.859  -10.399  20.407 0.0000000000
107551  -39.556  -25.326  32.022 0.0000000000
53285  -35.409  -24.655  27.735 0.0000000000
121511  -41.417  -25.369  28.275 0.0000000000
128414  -43.499  -20.691  27.513 0.0000000000
42329  -26.731  -38.163  39.812 0.0000000000
34523  -13.203  -45.463  52.393 0.0000000000
110471  -36.299  -29.277  33.904 0.0000000000
52344  -37.662  -25.111  35.975 0.0000000000
43229  -28.553  -36.647  37.577 0.0000000000
46575  -27.289  -32.440  36.810 0.0000000000
65749  -48.215  -9.285  16.589 0.0000000000
67240  -52.861  -8.026  17.943 0.0000000000
57472  -39.501  -19.860  25.073 0.0000000000
59880  -43.707  -15.878  28.013 0.0000000000
113929  -18.234  -43.040  45.883 0.0000000000
33590  -9.948  -47.234  49.616 0.0000000000
62463  -47.280  -12.737  24.619 0.0000000000
52434  -40.177  -25.767  30.158 0.0000000000
42326  -23.812  -37.622  39.344 0.0000000000
115324  -14.743  -45.554  50.998 0.0000000000
48192  -34.323  -30.991  32.719 0.0000000000
48153  -35.717  -31.085  35.359 0.0000000000
45740  -29.091  -33.323  39.973 0.0000000000
44939  -28.365  -34.343  37.827 0.0000000000
115279  -28.718  -30.708  39.977 0.0000000000
48101  -33.533  -30.290  38.944 0.0000000000
48976  -30.664  -28.884  37.060 0.0000000000
49002  -32.288  -29.853  35.105 0.0000000000
47289  -29.361  -32.199  42.938 0.0000000000
44067  -29.782  -35.475  40.270 0.0000000000
63330  -45.135  -12.257  20.322 0.0000000000
64922  -47.180  -10.516  17.527 0.0000000000
113938  -51.835  -9.043  19.232 0.0000000000
53319  -36.923  -24.416  26.191 0.0000000000
55848  -38.407  -21.826  24.890 0.0000000000
58236  -43.134  -18.345  27.936 0.0000000000
40549  -21.233  -39.456  43.391 0.0000000000
38937  -20.575  -40.702  44.778 0.0000000000
38140  -20.378  -41.178  46.767 0.0000000000
38178  -18.891  -42.100  44.038 0.0000000000
117135  -11.592  -47.971  48.646 0.0000000000
48103  -35.467  -30.607  39.320 0.0000000000
48133  -36.644  -29.990  37.750 0.0000000000
48084  -37.997  -28.112  41.181 0.0000000000
50633  -30.929  -26.589  44.703 0.0000000000
49799  -30.038  -26.941  41.375 0.0000000000
50655  -33.532  -27.327  42.466 0.0000000000
48933  -34.855  -29.057  41.038 0.0000000000
61585  -42.723  -14.693  25.292 0.0000000000
109328  -44.352  -13.282  24.294 0.0000000000
62486  -45.976  -12.619  22.767 0.0000000000
64142  -47.337  -11.651  21.030 0.0000000000
64902  -47.899  -10.525  20.050 0.0000000000
64145  -50.466  -11.444  22.158 0.0000000000
107553  -37.284  -25.035  32.409 0.0000000000
52448  -34.024  -25.240  29.889 0.0000000000
52451  -37.220  -25.173  29.876 0.0000000000
52468  -38.475  -25.214  28.574 0.0000000000
53322  -40.564  -24.412  26.536 0.0000000000
54943  -41.232  -22.683  25.934 0.0000000000
54147  -42.610  -23.572  26.936 0.0000000000
41457  -25.845  -38.309  42.055 0.0000000000
41454  -22.823  -37.872  41.847 0.0000000000
68833  -51.266  -5.586  15.582 0.0000000000
35466  -11.815  -45.136  52.997 0.0000000000
116602  -34.458  -30.390  31.482 0.0000000000
50737  -35.348  -27.269  33.115 0.0000000000
109605  -37.442  -29.163  36.308 0.0000000000
50711  -37.212  -27.628  35.605 0.0000000000
107020  -36.532  -25.433  34.153 0.0000000000
108464  -38.397  -24.951  33.640 0.0000000000
48964  -28.616  -28.847  38.579 0.0000000000
42332  -29.369  -36.288  40.576 0.0000000000
108891  -28.076  -37.689  38.685 0.0000000000
65731  -49.271  -9.251  19.359 0.0000000000
66496  -50.156  -7.962  18.183 0.0000000000
67260  -50.714  -7.003  16.777 0.0000000000
68823  -53.377  -6.373  16.639 0.0000000000
35522  -15.346  -45.301  46.520 0.0000000000
33616  -14.073  -46.430  47.887 0.0000000000
59058  -39.709  -18.271  24.925 0.0000000000
56678  -41.617  -20.690  26.153 0.0000000000
58250  -41.613  -18.235  26.217 0.0000000000
59892  -42.283  -16.528  26.207 0.0000000000
109197  -44.085  -14.052  27.546 0.0000000000
35518  -16.377  -43.862  46.918 0.0000000000
33591  -13.138  -46.645  49.656 0.0000000000
33559  -11.768  -46.611  51.000 0.0000000000
34538  -10.202  -45.576  50.723 0.0000000000
34566  -15.156  -45.076  50.255 0.0000000000
48151  -33.829  -30.807  35.058 0.0000000000
48167  -34.599  -31.042  34.458 0.0000000000
48143  -35.587  -31.199  36.137 0.0000000000
47303  -29.225  -32.022  41.159 0.0000000000
46555  -28.943  -32.430  39.948 0.0000000000
127179  -29.052  -30.745  41.204 0.0000000000
48129  -33.448  -30.646  37.458 0.0000000000
48128  -32.757  -30.270  36.787 0.0000000000
48140  -33.043  -30.430  35.719 0.0000000000
48150  -32.923  -30.298  34.649 0.0000000000
48904  -29.961  -29.135  44.346 0.0000000000
48905  -30.107  -30.218  44.647 0.0000000000
48065  -29.577  -31.285  43.128 0.0000000000
110082  -29.166  -32.281  41.606 0.0000000000
64916  -46.551  -10.647  18.622 0.0000000000
50746  -34.055  -27.841  31.348 0.0000000000
50745  -33.575  -26.991  31.046 0.0000000000
53336  -37.518  -23.971  25.669 0.0000000000
128857  -37.071  -24.587  24.611 0.0000000000
54956  -38.162  -22.692  25.085 0.0000000000
39707  -20.281  -40.530  42.694 0.0000000000
110910  -20.951  -40.180  44.161 0.0000000000
38945  -20.447  -40.721  44.010 0.0000000000
113569  -19.505  -41.677  44.806 0.0000000000
126764  -19.072  -41.847  43.230 0.0000000000
123734  -36.271  -30.015  40.684 0.0000000000
48094  -36.650  -29.790  40.647 0.0000000000
118397  -37.207  -28.992  41.643 0.0000000000
109765  -33.215  -25.557  44.810 0.0000000000
50643  -32.028  -26.037  43.188 0.0000000000
50634  -34.116  -26.661  43.680 0.0000000000
116270  -36.882  -28.278  42.626 0.0000000000
48906  -35.719  -28.376  42.453 0.0000000000
48934  -35.722  -29.183  41.289 0.0000000000
48079  -35.242  -29.669  40.733 0.0000000000
61587  -43.773  -13.938  26.112 0.0000000000
62460  -43.547  -13.644  24.413 0.0000000000
107613  -44.863  -13.232  25.025 0.0000000000
62464  -47.853  -12.723  24.098 0.0000000000
62479  -47.125  -12.817  23.800 0.0000000000
63303  -47.517  -12.598  22.316 0.0000000000
63319  -47.061  -12.109  21.638 0.0000000000
63320  -48.120  -12.098  21.654 0.0000000000
64143  -48.914  -11.777  21.179 0.0000000000
64128  -50.055  -11.803  22.619 0.0000000000
126723  -38.162  -25.094  32.275 0.0000000000
52432  -37.089  -25.147  30.742 0.0000000000
52433  -38.832  -25.480  30.904 0.0000000000
115222  -41.164  -25.582  29.030 0.0000000000
52469  -39.549  -25.358  28.792 0.0000000000
52483  -40.167  -25.113  27.834 0.0000000000
122448  -39.146  -24.984  27.881 0.0000000000
53305  -40.635  -25.000  27.097 0.0000000000
53323  -41.404  -24.169  26.487 0.0000000000
53307  -42.487  -24.380  27.392 0.0000000000
41507  -27.940  -38.316  40.997 0.0000000000
129895  -27.231  -38.765  41.811 0.0000000000
41481  -26.380  -38.474  41.257 0.0000000000
41502  -23.119  -37.857  40.077 0.0000000000
69661  -52.636  -4.905  15.345 0.0000000000
69667  -52.148  -4.309  14.816 0.0000000000
120507  -12.656  -45.611  52.473 0.0000000000
48193  -35.667  -30.386  33.696 0.0000000000
48208  -34.507  -30.650  32.224 0.0000000000
48209  -35.215  -30.148  32.820 0.0000000000
116250  -35.171  -29.217  32.565 0.0000000000
49886  -36.032  -28.069  33.546 0.0000000000
129925  -37.054  -28.179  39.101 0.0000000000
111092  -37.170  -29.183  36.946 0.0000000000
49842  -37.457  -27.982  37.416 0.0000000000
51494  -37.497  -26.058  37.260 0.0000000000
51505  -37.314  -26.587  36.634 0.0000000000
52343  -37.071  -25.941  35.884 0.0000000000
51527  -36.286  -26.319  34.502 0.0000000000
52362  -37.369  -25.167  35.243 0.0000000000
52383  -37.384  -24.998  33.931 0.0000000000
113890  -38.324  -24.855  35.175 0.0000000000
112804  -27.759  -32.941  37.563 0.0000000000
122954  -31.065  -27.312  40.296 0.0000000000
49807  -28.924  -28.131  40.087 0.0000000000
49833  -30.079  -28.267  38.652 0.0000000000
48986  -28.953  -28.735  36.456 0.0000000000
44897  -29.611  -34.776  42.181 0.0000000000
43224  -29.195  -36.250  38.984 0.0000000000
118476  -29.375  -36.536  39.704 0.0000000000
42359  -28.354  -37.210  38.018 0.0000000000
42369  -26.912  -37.721  37.429 0.0000000000
64904  -49.775  -10.751  20.308 0.0000000000
65721  -48.861  -9.708  19.645 0.0000000000
65732  -50.077  -9.524  19.552 0.0000000000
66490  -52.295  -8.488  18.599 0.0000000000
66497  -51.106  -8.443  18.588 0.0000000000
67239  -51.855  -8.081  17.835 0.0000000000
67249  -50.321  -7.496  17.413 0.0000000000
67251  -52.385  -7.542  17.267 0.0000000000
68013  -51.848  -6.932  16.601 0.0000000000
68014  -52.931  -6.983  16.848 0.0000000000
52449  -34.774  -24.810  29.292 0.0000000000
52464  -33.871  -25.522  28.765 0.0000000000
58268  -38.871  -19.158  23.679 0.0000000000
58259  -39.640  -19.021  24.953 0.0000000000
55840  -42.504  -21.906  26.605 0.0000000000
54959  -40.778  -21.826  25.758 0.0000000000
113507  -42.327  -21.143  26.475 0.0000000000
59037  -43.119  -17.367  27.836 0.0000000000
58235  -42.537  -18.423  27.381 0.0000000000
59050  -42.599  -17.094  27.004 0.0000000000
59049  -41.945  -17.394  26.236 0.0000000000
59893  -42.831  -16.100  26.841 0.0000000000
60781  -43.107  -15.304  26.675 0.0000000000
60772  -43.804  -14.956  27.772 0.0000000000
37357  -19.151  -42.096  46.168 0.0000000000
37342  -18.789  -42.345  46.526 0.0000000000
36457  -17.812  -42.876  47.405 0.0000000000
123125  -17.736  -43.272  46.200 0.0000000000
35524  -16.274  -44.254  46.129 0.0000000000
36476  -16.729  -44.025  45.334 0.0000000000
122737  -13.150  -47.457  47.576 0.0000000000
33605  -13.833  -46.376  48.755 0.0000000000
32673  -12.930  -47.391  48.194 0.0000000000
120472  -10.934  -48.130  48.746 0.0000000000
32647  -11.930  -47.245  49.945 0.0000000000
33576  -10.705  -47.143  50.257 0.0000000000
33558  -11.114  -46.472  51.076 0.0000000000
33575  -10.159  -46.694  50.367 0.0000000000
50620  -36.277  -26.830  44.742 0.0000000000
62443  -46.781  -12.660  26.835 0.0000000000
109884  -46.768  -12.740  25.297 0.0000000000
128172  -47.628  -12.546  25.975 0.0000000000
125993  -40.162  -25.783  30.768 0.0000000000
112561  -26.324  -37.824  38.929 0.0000000000
42328  -25.658  -37.889  39.682 0.0000000000
34534  -15.171  -44.888  51.958 0.0000000000
34533  -14.588  -45.353  51.639 0.0000000000
111879  -34.299  -30.960  33.617 0.0000000000
48168  -35.525  -30.970  34.586 0.0000000000
48169  -36.146  -30.740  35.026 0.0000000000
52345  -38.641  -24.739  35.965 0.0000000000
44079  -29.120  -35.294  38.880 0.0000000000
44087  -28.692  -35.163  37.938 0.0000000000
45759  -28.814  -33.647  39.130 0.0000000000
45758  -28.353  -33.463  38.285 0.0000000000
47327  -27.872  -31.449  37.876 0.0000000000
107005  -33.094  -29.608  39.556 0.0000000000
48965  -31.202  -28.811  38.263 0.0000000000
48966  -31.910  -29.605  38.045 0.0000000000
48988  -31.095  -29.087  36.133 0.0000000000
48164  -31.754  -30.133  33.229 0.0000000000
46519  -29.476  -32.738  43.664 0.0000000000
109576  -29.622  -34.141  42.284 0.0000000000
45716  -29.535  -33.713  41.840 0.0000000000
44916  -29.599  -34.915  39.984 0.0000000000
63329  -44.385  -12.766  20.329 0.0000000000
65742  -47.292  -9.712  17.651 0.0000000000
65725  -52.242  -9.365  20.977 0.0000000000
66480  -51.502  -9.557  19.749 0.0000000000
53302  -36.067  -24.573  27.198 0.0000000000
55858  -37.695  -21.904  23.851 0.0000000000
55860  -38.615  -21.036  24.819 0.0000000000
57446  -44.116  -19.408  28.564 0.0000000000
56663  -43.273  -20.004  27.641 0.0000000000
59024  -44.040  -18.121  29.058 0.0000000000
41418  -22.934  -38.373  44.244 0.0000000000
121679  -22.377  -38.963  44.765 0.0000000000
38932  -21.492  -40.488  46.382 0.0000000000
38148  -20.239  -41.093  46.066 0.0000000000
38146  -19.272  -41.954  45.554 0.0000000000
37372  -18.481  -42.625  44.644 0.0000000000
36495  -17.303  -43.762  43.713 0.0000000000
37380  -17.756  -43.356  43.341 0.0000000000
48131  -35.013  -31.185  37.762 0.0000000000
48132  -35.793  -31.100  37.451 0.0000000000
48119  -36.331  -30.263  38.443 0.0000000000
48121  -36.738  -29.180  39.357 0.0000000000
49780  -29.440  -27.969  43.924 0.0000000000
48917  -28.812  -28.875  41.817 0.0000000000
50652  -29.989  -26.777  43.458 0.0000000000
50664  -31.432  -26.576  41.777 0.0000000000
49801  -33.091  -27.921  40.882 0.0000000000
50645  -34.728  -27.450  43.310 0.0000000000
49791  -33.976  -28.150  42.146 0.0000000000
48932  -33.923  -28.904  40.865 0.0000000000
48090  -33.929  -30.031  39.811 0.0000000000
48102  -34.440  -30.535  39.132 0.0000000000
49755  -30.545  -27.388  45.183 0.0000000000
60798  -41.387  -15.544  24.745 0.0000000000
61609  -40.730  -14.972  23.156 0.0000000000
61611  -42.091  -14.350  23.848 0.0000000000
61612  -42.870  -13.784  23.764 0.0000000000
107643  -43.814  -13.209  22.797 0.0000000000
62461  -45.366  -12.959  24.213 0.0000000000
62477  -45.313  -12.792  23.242 0.0000000000
62497  -44.715  -12.667  21.917 0.0000000000
63317  -44.917  -12.523  21.146 0.0000000000
63331  -45.932  -11.836  20.759 0.0000000000
64151  -46.517  -11.250  20.324 0.0000000000
64901  -47.085  -10.689  19.973 0.0000000000
64152  -47.570  -11.103  20.508 0.0000000000
64893  -49.403  -11.269  20.706 0.0000000000
64895  -50.825  -11.030  21.665 0.0000000000
64129  -50.660  -11.325  23.073 0.0000000000
64896  -51.472  -10.352  22.069 0.0000000000
52396  -35.394  -25.299  32.667 0.0000000000
52429  -34.090  -25.209  30.970 0.0000000000
111024  -34.934  -24.958  31.323 0.0000000000
52450  -35.996  -24.915  29.769 0.0000000000
52466  -36.781  -24.938  28.977 0.0000000000
52452  -38.780  -25.549  30.126 0.0000000000
52467  -37.806  -25.260  29.156 0.0000000000
53286  -36.444  -24.767  28.026 0.0000000000
110474  -37.243  -24.655  27.211 0.0000000000
108323  -37.764  -24.300  26.482 0.0000000000
54159  -39.153  -23.781  25.976 0.0000000000
54175  -39.202  -23.171  25.664 0.0000000000
111441  -40.939  -23.630  26.055 0.0000000000
54944  -42.181  -22.684  26.419 0.0000000000
54930  -42.906  -22.612  26.928 0.0000000000
54923  -44.115  -22.164  27.972 0.0000000000
55816  -44.534  -20.799  28.475 0.0000000000
113748  -25.372  -38.121  42.900 0.0000000000
41479  -24.533  -37.720  41.244 0.0000000000
41455  -23.920  -37.688  42.038 0.0000000000
124924  -23.315  -37.785  42.824 0.0000000000
127182  -22.478  -38.060  42.659 0.0000000000
49898  -34.735  -28.541  32.024 0.0000000000
51546  -35.036  -26.648  32.899 0.0000000000
48144  -36.454  -30.774  36.373 0.0000000000
49003  -36.989  -30.122  35.895 0.0000000000
49004  -37.173  -29.266  35.447 0.0000000000
49856  -37.571  -28.457  35.864 0.0000000000
49867  -37.135  -28.433  35.054 0.0000000000
50728  -36.275  -27.325  34.330 0.0000000000
51535  -35.747  -26.719  33.719 0.0000000000
122356  -35.257  -25.937  33.191 0.0000000000
107559  -36.825  -25.058  33.319 0.0000000000
107558  -37.828  -25.023  33.063 0.0000000000
107552  -38.857  -25.065  32.703 0.0000000000
52365  -40.093  -24.905  34.321 0.0000000000
108463  -39.802  -24.978  33.655 0.0000000000
48941  -28.690  -28.988  40.846 0.0000000000
48951  -28.282  -29.660  38.780 0.0000000000
124960  -27.637  -30.813  37.441 0.0000000000
48975  -30.123  -28.534  37.863 0.0000000000
48985  -28.175  -29.277  36.821 0.0000000000
42293  -28.451  -36.559  42.230 0.0000000000
127303  -28.366  -38.060  40.559 0.0000000000
43194  -29.630  -36.099  40.619 0.0000000000
42348  -29.072  -37.147  39.735 0.0000000000
42346  -27.451  -37.989  39.231 0.0000000000
42357  -26.588  -37.711  38.147 0.0000000000
64910  -47.197  -10.214  19.278 0.0000000000
65729  -47.627  -9.540  18.796 0.0000000000
66494  -48.335  -8.393  17.917 0.0000000000
66489  -50.842  -9.148  19.347 0.0000000000
66495  -49.199  -8.125  18.209 0.0000000000
119192  -48.778  -8.014  17.526 0.0000000000
66502  -48.913  -7.812  16.796 0.0000000000
67258  -49.397  -7.357  16.373 0.0000000000
68028  -49.798  -6.454  15.463 0.0000000000
68021  -50.794  -6.299  16.083 0.0000000000
68022  -51.978  -6.228  16.007 0.0000000000
34594  -15.280  -45.060  47.356 0.0000000000
34574  -14.744  -45.480  48.907 0.0000000000
34584  -14.443  -46.144  47.242 0.0000000000
51572  -33.377  -26.458  29.796 0.0000000000
59067  -39.904  -17.038  24.811 0.0000000000
54957  -39.201  -22.341  25.395 0.0000000000
55850  -40.096  -21.218  25.459 0.0000000000
56685  -40.171  -20.375  25.469 0.0000000000
57451  -42.485  -19.773  27.092 0.0000000000
57474  -41.216  -19.148  26.036 0.0000000000
57473  -40.288  -19.516  25.481 0.0000000000
58261  -40.896  -18.265  25.756 0.0000000000
59902  -40.593  -16.912  25.282 0.0000000000
59916  -40.974  -16.177  25.126 0.0000000000
60792  -42.465  -15.353  25.604 0.0000000000
61575  -43.417  -14.569  26.466 0.0000000000
61577  -44.721  -13.488  27.143 0.0000000000
35503  -17.166  -43.255  49.685 0.0000000000
114276  -17.483  -42.987  48.223 0.0000000000
112878  -16.100  -44.115  48.153 0.0000000000
35523  -15.757  -44.594  46.745 0.0000000000
35542  -15.734  -45.319  44.923 0.0000000000
33593  -14.292  -45.957  49.317 0.0000000000
33563  -14.343  -45.806  50.728 0.0000000000
33549  -13.484  -46.048  51.158 0.0000000000
32661  -12.118  -47.518  49.175 0.0000000000
33578  -12.373  -46.803  50.379 0.0000000000
33548  -12.895  -46.151  51.349 0.0000000000
33546  -11.767  -46.225  51.620 0.0000000000
35473  -10.855  -45.397  51.931 0.0000000000
124994  -9.302  -47.151  49.177 0.0000000000
33574  -9.549  -46.544  49.794 0.0000000000
35501  -15.728  -44.446  49.991 0.0000000000
110306  -33.932  -30.986  35.822 0.0000000000
48078  -29.274  -30.814  41.858 0.0000000000
48130  -34.317  -31.134  37.201 0.0000000000
48141  -33.663  -30.837  36.551 0.0000000000
111177  -29.628  -29.171  43.669 0.0000000000
117558  -29.909  -29.920  43.944 0.0000000000
48064  -29.479  -30.811  42.525 0.0000000000
47296  -29.321  -31.685  42.202 0.0000000000
64168  -46.411  -11.317  18.224 0.0000000000
51557  -34.011  -26.664  31.755 0.0000000000
53335  -36.752  -24.539  25.333 0.0000000000
108890  -37.201  -23.930  24.836 0.0000000000
54173  -37.494  -23.289  25.013 0.0000000000
54182  -37.385  -23.296  24.354 0.0000000000
39708  -20.599  -40.316  43.372 0.0000000000
38944  -19.998  -40.966  43.367 0.0000000000
38179  -19.515  -41.544  43.796 0.0000000000
48081  -36.459  -29.542  41.176 0.0000000000
48082  -36.854  -29.295  41.390 0.0000000000
48068  -36.883  -29.151  41.896 0.0000000000
52220  -33.869  -25.671  44.669 0.0000000000
51430  -33.520  -25.858  44.166 0.0000000000
51431  -34.427  -26.237  44.269 0.0000000000
48922  -36.585  -28.680  42.058 0.0000000000
48066  -36.325  -29.168  41.524 0.0000000000
48080  -35.980  -29.734  41.044 0.0000000000
52205  -33.697  -25.442  45.319 0.0000000000
62450  -44.540  -13.549  26.414 0.0000000000
125192  -44.320  -13.558  25.609 0.0000000000
62451  -45.179  -13.227  25.852 0.0000000000
63293  -48.585  -12.531  23.698 0.0000000000
63292  -47.773  -12.781  23.215 0.0000000000
63304  -48.528  -12.513  22.658 0.0000000000
64127  -49.240  -12.101  22.141 0.0000000000
52414  -38.856  -25.313  31.742 0.0000000000
52413  -37.892  -25.169  31.420 0.0000000000
52470  -40.652  -25.360  28.485 0.0000000000
53288  -41.062  -25.216  27.645 0.0000000000
123142  -41.338  -24.803  26.923 0.0000000000
53289  -41.922  -25.020  27.610 0.0000000000
41506  -27.075  -38.479  40.618 0.0000000000
69668  -52.859  -4.296  15.086 0.0000000000
34524  -13.913  -44.967  52.583 0.0000000000
127808  -13.301  -44.990  52.982 0.0000000000
34519  -12.760  -45.206  53.004 0.0000000000
49016  -36.270  -30.191  34.461 0.0000000000
49030  -35.702  -29.253  33.191 0.0000000000
109496  -36.920  -28.087  38.119 0.0000000000
49834  -37.239  -27.320  38.158 0.0000000000
52322  -37.411  -25.715  36.537 0.0000000000
42370  -27.897  -37.571  37.310 0.0000000000
49809  -32.216  -28.062  40.072 0.0000000000
122539  -31.094  -27.870  39.629 0.0000000000
121336  -28.926  -36.750  38.469 0.0000000000
64905  -50.506  -10.877  20.714 0.0000000000
65723  -50.219  -10.287  20.028 0.0000000000
67250  -51.340  -7.498  17.286 0.0000000000
68005  -53.313  -7.327  17.535 0.0000000000
52465  -34.650  -24.891  28.243 0.0000000000
52481  -34.137  -25.531  27.868 0.0000000000
52482  -34.659  -25.171  27.288 0.0000000000
56694  -38.342  -20.745  24.257 0.0000000000
56702  -38.433  -20.647  23.716 0.0000000000
56695  -38.871  -20.291  24.655 0.0000000000
57483  -39.069  -19.451  24.440 0.0000000000
127705  -42.742  -21.416  26.754 0.0000000000
114336  -42.963  -20.804  27.006 0.0000000000
59868  -43.646  -16.799  28.278 0.0000000000
59879  -43.193  -16.446  27.591 0.0000000000
60771  -43.381  -15.581  27.351 0.0000000000
37341  -18.628  -42.631  46.087 0.0000000000
36468  -18.203  -42.844  46.537 0.0000000000
36477  -17.559  -43.413  45.632 0.0000000000
32659  -10.058  -47.916  48.808 0.0000000000
32645  -10.718  -47.574  49.483 0.0000000000
107546  -40.563  -25.763  31.251 0.0000000000
42345  -25.196  -37.550  38.872 0.0000000000
34556  -15.173  -45.177  50.971 0.0000000000
35474  -15.671  -44.382  52.045 0.0000000000
34542  -15.058  -45.168  51.460 0.0000000000
34541  -14.477  -45.626  51.149 0.0000000000
48166  -33.689  -30.735  34.076 0.0000000000
48152  -34.813  -31.156  35.411 0.0000000000
44915  -29.165  -34.348  39.498 0.0000000000
44930  -28.750  -34.364  38.606 0.0000000000
47308  -28.864  -31.562  39.942 0.0000000000
46568  -28.713  -32.831  39.152 0.0000000000
47321  -28.601  -31.895  39.189 0.0000000000
46567  -28.162  -32.320  38.328 0.0000000000
47320  -28.230  -31.378  38.551 0.0000000000
48100  -32.645  -29.880  38.644 0.0000000000
48989  -32.019  -29.839  36.010 0.0000000000
48977  -31.749  -29.665  37.121 0.0000000000
49001  -31.443  -29.249  35.031 0.0000000000
49015  -31.921  -29.750  34.192 0.0000000000
48165  -32.690  -30.346  33.595 0.0000000000
48056  -29.812  -30.800  43.924 0.0000000000
48047  -30.194  -30.857  45.236 0.0000000000
47281  -29.668  -31.795  44.023 0.0000000000
47274  -29.887  -31.629  45.050 0.0000000000
46530  -29.253  -32.978  42.713 0.0000000000
46541  -29.270  -33.210  42.109 0.0000000000
45741  -29.397  -33.314  40.721 0.0000000000
45727  -29.617  -33.732  41.174 0.0000000000
114915  -29.523  -34.036  40.383 0.0000000000
129189  -29.388  -35.084  39.463 0.0000000000
112906  -36.395  -24.522  26.613 0.0000000000
53317  -35.725  -24.759  26.527 0.0000000000
53318  -36.181  -24.684  25.980 0.0000000000
54966  -37.634  -22.144  24.336 0.0000000000
55859  -37.989  -21.434  24.307 0.0000000000
58213  -44.801  -18.901  29.671 0.0000000000
58226  -44.327  -18.866  29.091 0.0000000000
107428  -44.010  -17.222  28.932 0.0000000000
40550  -22.048  -38.776  43.902 0.0000000000
39697  -21.193  -40.191  45.059 0.0000000000
39698  -21.887  -39.644  45.304 0.0000000000
39692  -21.492  -40.233  45.748 0.0000000000
38923  -20.929  -40.848  46.560 0.0000000000
38931  -20.825  -40.677  45.751 0.0000000000
38161  -18.992  -42.222  44.946 0.0000000000
37371  -17.844  -43.126  44.240 0.0000000000
37381  -18.233  -42.742  43.638 0.0000000000
110748  -34.947  -30.927  38.520 0.0000000000
48118  -35.745  -30.919  38.319 0.0000000000
48104  -36.161  -30.557  39.083 0.0000000000
117344  -36.931  -29.220  40.371 0.0000000000
48945  -37.432  -28.516  40.569 0.0000000000
50641  -30.115  -27.102  44.414 0.0000000000
50642  -30.898  -26.371  43.821 0.0000000000
107108  -32.995  -26.630  42.901 0.0000000000
50654  -32.491  -26.590  42.257 0.0000000000
50665  -32.523  -27.045  41.438 0.0000000000
49790  -33.300  -27.593  41.795 0.0000000000
50635  -35.937  -27.287  44.060 0.0000000000
48920  -35.362  -28.613  41.676 0.0000000000
49792  -34.864  -28.277  42.251 0.0000000000
48919  -34.441  -28.561  41.566 0.0000000000
124462  -33.765  -28.339  41.527 0.0000000000
48943  -33.718  -29.431  40.167 0.0000000000
48944  -34.383  -29.576  40.447 0.0000000000
48092  -35.701  -30.183  40.341 0.0000000000
48091  -34.811  -30.159  40.039 0.0000000000
51428  -31.763  -26.220  45.021 0.0000000000
121216  -31.121  -26.847  45.379 0.0000000000
60799  -42.123  -15.231  25.016 0.0000000000
61594  -41.716  -14.965  24.320 0.0000000000
61595  -42.297  -14.699  24.612 0.0000000000
62475  -43.678  -13.401  23.623 0.0000000000
61622  -42.992  -13.579  22.914 0.0000000000
62476  -44.512  -13.054  23.498 0.0000000000
107695  -45.811  -12.934  25.185 0.0000000000
62462  -46.471  -12.826  24.456 0.0000000000
62478  -46.203  -12.782  23.598 0.0000000000
62485  -45.241  -12.649  22.529 0.0000000000
107464  -44.577  -12.854  22.682 0.0000000000
63301  -45.590  -12.413  21.922 0.0000000000
63318  -46.215  -12.094  21.509 0.0000000000
64141  -46.616  -11.761  21.080 0.0000000000
64144  -49.805  -11.721  21.650 0.0000000000
64894  -50.169  -11.333  21.158 0.0000000000
52397  -36.266  -25.077  32.613 0.0000000000
52411  -35.647  -24.991  31.922 0.0000000000
127444  -36.589  -25.082  30.299 0.0000000000
108720  -39.520  -25.687  30.510 0.0000000000
52453  -39.479  -25.618  29.763 0.0000000000
109612  -38.687  -25.475  29.383 0.0000000000
53287  -37.503  -24.995  28.302 0.0000000000
128392  -38.202  -24.904  27.832 0.0000000000
53304  -39.803  -24.812  27.088 0.0000000000
53303  -38.617  -24.597  27.033 0.0000000000
53321  -39.480  -24.276  26.464 0.0000000000
53320  -38.510  -24.082  26.211 0.0000000000
54160  -39.987  -23.757  25.992 0.0000000000
54161  -41.803  -23.520  26.382 0.0000000000
129671  -44.593  -22.040  28.473 0.0000000000
55815  -44.353  -21.402  28.169 0.0000000000
41458  -26.694  -38.746  42.007 0.0000000000
110052  -26.148  -38.603  42.779 0.0000000000
42327  -24.709  -37.620  39.596 0.0000000000
41504  -25.104  -37.799  40.444 0.0000000000
41503  -24.146  -37.668  40.313 0.0000000000
124619  -22.770  -37.941  40.915 0.0000000000
41478  -23.534  -37.742  41.092 0.0000000000
40583  -21.906  -38.389  42.042 0.0000000000
35465  -11.046  -44.859  52.480 0.0000000000
49037  -34.710  -29.713  31.916 0.0000000000
115848  -35.298  -28.270  32.797 0.0000000000
50736  -34.678  -27.342  32.372 0.0000000000
122194  -36.222  -30.627  37.783 0.0000000000
122862  -35.947  -31.169  36.818 0.0000000000
48145  -36.519  -30.631  37.141 0.0000000000
48990  -37.080  -30.046  36.648 0.0000000000
51518  -37.077  -26.895  36.057 0.0000000000
50704  -37.679  -27.726  36.466 0.0000000000
50718  -36.761  -27.583  34.879 0.0000000000
49866  -36.614  -28.349  34.336 0.0000000000
127036  -35.933  -25.912  33.813 0.0000000000
52382  -35.974  -25.417  33.360 0.0000000000
126712  -39.220  -24.970  33.405 0.0000000000
52346  -39.826  -24.698  35.905 0.0000000000
113889  -39.427  -24.812  35.111 0.0000000000
113888  -40.476  -24.814  35.113 0.0000000000
107557  -39.908  -25.156  32.746 0.0000000000
44086  -28.422  -35.925  37.263 0.0000000000
44938  -28.040  -34.874  36.986 0.0000000000
124242  -28.849  -27.833  42.084 0.0000000000
49798  -28.919  -27.893  41.061 0.0000000000
49818  -28.938  -28.407  39.199 0.0000000000
48952  -28.528  -29.131  39.242 0.0000000000
116374  -27.973  -30.433  38.151 0.0000000000
126573  -28.197  -29.247  37.832 0.0000000000
107868  -29.540  -28.584  37.134 0.0000000000
42307  -28.621  -36.623  41.186 0.0000000000
42306  -28.492  -37.512  40.973 0.0000000000
42331  -28.952  -36.911  40.405 0.0000000000
44896  -29.758  -34.592  41.438 0.0000000000
44044  -29.631  -35.397  41.275 0.0000000000
44052  -29.829  -35.539  40.750 0.0000000000
43211  -28.699  -37.235  38.940 0.0000000000
42347  -28.385  -37.766  39.454 0.0000000000
125166  -27.206  -37.811  38.585 0.0000000000
64911  -48.151  -9.868  19.590 0.0000000000
65730  -48.429  -9.254  19.144 0.0000000000
65739  -47.924  -8.912  18.373 0.0000000000
66487  -48.815  -8.686  18.710 0.0000000000
66488  -49.919  -8.688  18.902 0.0000000000
66503  -49.455  -7.704  17.581 0.0000000000
67259  -49.973  -7.175  16.800 0.0000000000
68020  -49.930  -6.810  16.238 0.0000000000
67267  -49.393  -7.274  15.496 0.0000000000
126633  -52.625  -6.543  16.401 0.0000000000
68828  -52.899  -6.051  16.081 0.0000000000
68829  -53.675  -5.756  16.419 0.0000000000
121105  -14.885  -45.694  46.956 0.0000000000
52447  -33.545  -25.839  30.314 0.0000000000
130023  -33.518  -25.886  29.522 0.0000000000
58269  -39.143  -18.459  24.200 0.0000000000
59066  -39.503  -17.603  24.497 0.0000000000
59073  -39.069  -17.544  23.588 0.0000000000
54176  -40.213  -22.875  25.749 0.0000000000
129204  -40.593  -22.358  25.730 0.0000000000
55851  -40.907  -20.985  25.771 0.0000000000
56686  -40.946  -20.099  25.886 0.0000000000
57445  -43.491  -19.242  28.063 0.0000000000
57452  -42.797  -19.110  27.535 0.0000000000
117583  -42.161  -17.968  26.940 0.0000000000
58251  -42.082  -18.886  26.860 0.0000000000
58260  -40.309  -18.649  25.436 0.0000000000
59060  -41.120  -17.540  25.770 0.0000000000
59903  -41.471  -16.734  25.728 0.0000000000
59904  -41.928  -15.908  25.538 0.0000000000
60780  -42.609  -15.747  26.121 0.0000000000
60782  -43.625  -14.763  27.132 0.0000000000
61576  -43.951  -13.975  26.856 0.0000000000
36456  -16.844  -43.501  47.674 0.0000000000
35511  -16.762  -43.508  48.803 0.0000000000
127610  -16.220  -43.955  47.556 0.0000000000
35532  -16.146  -44.635  45.459 0.0000000000
33606  -14.336  -45.977  48.597 0.0000000000
33604  -13.243  -46.787  48.896 0.0000000000
33592  -13.754  -46.315  49.551 0.0000000000
33580  -13.745  -46.206  50.332 0.0000000000
33562  -13.972  -45.944  50.929 0.0000000000
112157  -13.470  -46.220  50.730 0.0000000000
32671  -11.311  -48.691  48.065 0.0000000000
32672  -12.162  -47.917  48.165 0.0000000000
33577  -11.781  -46.960  50.507 0.0000000000
33560  -12.325  -46.563  50.901 0.0000000000
33547  -12.333  -46.246  51.514 0.0000000000
33557  -10.424  -46.264  50.728 0.0000000000
34539  -10.664  -45.943  51.058 0.0000000000
34527  -10.563  -45.444  51.282 0.0000000000
33589  -9.043  -46.858  49.069 0.0000000000
46556  -29.193  -32.789  40.564 0.0000000000
46547  -29.131  -32.148  40.642 0.0000000000
47302  -29.049  -31.284  40.707 0.0000000000
48116  -33.245  -30.427  38.219 0.0000000000
48115  -32.589  -30.165  37.768 0.0000000000
111687  -30.587  -28.363  45.612 0.0000000000
48896  -30.327  -29.260  45.124 0.0000000000
47297  -29.166  -32.577  42.149 0.0000000000
63339  -45.183  -12.302  19.253 0.0000000000
64175  -46.712  -10.756  17.969 0.0000000000
128972  -37.496  -22.770  24.501 0.0000000000
40528  -21.576  -39.514  44.438 0.0000000000
38930  -20.141  -41.158  45.256 0.0000000000
38936  -20.034  -41.166  44.339 0.0000000000
38177  -18.595  -42.407  42.944 0.0000000000
48093  -36.249  -30.390  39.942 0.0000000000
125769  -37.054  -29.363  41.113 0.0000000000
110898  -37.383  -28.880  41.187 0.0000000000
51429  -32.610  -25.766  44.504 0.0000000000
51441  -31.812  -26.041  44.127 0.0000000000
51442  -33.019  -26.050  43.541 0.0000000000
50644  -33.839  -27.004  43.065 0.0000000000
49783  -35.730  -27.899  43.144 0.0000000000
107120  -36.213  -28.203  42.712 0.0000000000
48921  -36.121  -28.763  41.933 0.0000000000
129080  -32.681  -25.789  45.578 0.0000000000
61586  -43.234  -14.423  25.855 0.0000000000
61597  -43.474  -13.947  25.269 0.0000000000
122376  -44.119  -13.530  24.923 0.0000000000
63291  -46.891  -12.757  22.959 0.0000000000
63302  -46.557  -12.471  22.198 0.0000000000
113441  -48.104  -11.582  20.947 0.0000000000
52412  -36.695  -25.043  31.682 0.0000000000
111072  -38.027  -25.326  30.453 0.0000000000
126958  -40.812  -25.728  29.793 0.0000000000
52454  -40.304  -25.557  29.375 0.0000000000
53306  -42.016  -24.304  26.861 0.0000000000
40570  -27.780  -38.406  42.520 0.0000000000
41482  -27.642  -38.536  41.761 0.0000000000
124709  -27.202  -38.663  41.364 0.0000000000
41477  -22.124  -38.267  41.156 0.0000000000
69660  -51.680  -4.931  15.204 0.0000000000
68838  -50.721  -5.075  14.852 0.0000000000
70396  -51.848  -3.725  14.013 0.0000000000
34522  -12.246  -45.554  52.668 0.0000000000
122043  -35.054  -30.778  33.070 0.0000000000
48967  -36.763  -28.735  38.718 0.0000000000
112060  -36.973  -29.838  37.224 0.0000000000
48978  -36.753  -29.087  37.697 0.0000000000
48979  -36.990  -28.463  37.140 0.0000000000
48991  -37.544  -28.490  36.854 0.0000000000
51506  -37.507  -27.234  37.285 0.0000000000
51517  -36.737  -26.677  35.293 0.0000000000
52342  -36.753  -25.716  35.017 0.0000000000
122759  -37.108  -25.138  34.619 0.0000000000
52363  -37.928  -24.932  34.495 0.0000000000
52364  -39.054  -24.889  34.256 0.0000000000
45775  -27.878  -33.828  37.349 0.0000000000
49808  -29.834  -27.437  40.213 0.0000000000
49819  -29.913  -27.912  39.373 0.0000000000
49832  -29.207  -28.424  38.454 0.0000000000
48987  -30.025  -28.670  36.261 0.0000000000
43182  -29.352  -35.740  41.183 0.0000000000
44066  -29.540  -35.744  39.629 0.0000000000
43213  -29.692  -36.153  40.273 0.0000000000
126936  -29.102  -36.829  39.146 0.0000000000
42358  -27.602  -37.620  38.028 0.0000000000
64903  -48.891  -10.448  20.053 0.0000000000
65722  -49.510  -9.971  19.822 0.0000000000
67238  -50.951  -7.838  17.917 0.0000000000
68015  -53.746  -6.676  17.263 0.0000000000
34608  -15.331  -45.646  45.706 0.0000000000
129746  -15.005  -45.849  46.242 0.0000000000
51586  -33.860  -26.392  27.956 0.0000000000
57482  -38.633  -20.010  23.958 0.0000000000
55839  -41.691  -21.710  26.108 0.0000000000
59023  -43.629  -17.752  28.474 0.0000000000
59036  -42.659  -17.829  27.473 0.0000000000
116486  -19.301  -41.891  46.852 0.0000000000
108818  -17.342  -43.324  46.792 0.0000000000
36467  -16.990  -43.625  46.188 0.0000000000
118340  -16.274  -44.703  44.784 0.0000000000
117833  -13.564  -47.121  47.323 0.0000000000
33615  -13.469  -46.942  48.140 0.0000000000
32662  -12.713  -47.204  48.999 0.0000000000
32660  -11.439  -47.634  49.342 0.0000000000
32646  -11.312  -47.290  50.114 0.0000000000
107277  -11.266  -46.962  50.615 0.0000000000
109757  -10.752  -46.787  50.661 0.0000000000
51432  -35.366  -26.572  44.490 0.0000000000
48897  -37.097  -27.857  43.253 0.0000000000
62452  -46.129  -12.827  26.183 0.0000000000
62453  -47.103  -12.625  26.033 0.0000000000
124968  -47.459  -12.617  25.401 0.0000000000
63282  -48.455  -12.446  24.606 0.0000000000
63283  -49.211  -12.097  24.408 0.0000000000
107550  -40.264  -25.489  31.892 0.0000000000
107547  -39.697  -25.587  31.289 0.0000000000
52435  -40.911  -25.862  30.482 0.0000000000
52455  -41.548  -25.775  29.640 0.0000000000
53290  -42.629  -24.808  28.074 0.0000000000
42344  -24.392  -37.503  38.824 0.0000000000
110348  -13.968  -45.427  51.948 0.0000000000
115412  -35.020  -31.029  33.730 0.0000000000
43230  -28.921  -36.042  38.169 0.0000000000
111474  -27.673  -32.159  37.575 0.0000000000
111211  -32.541  -28.951  39.733 0.0000000000
48953  -32.299  -29.182  39.178 0.0000000000
110775  -31.934  -29.275  38.617 0.0000000000
122616  -31.225  -29.067  37.669 0.0000000000
49000  -30.419  -28.855  35.285 0.0000000000
120415  -29.564  -33.936  42.966 0.0000000000
45717  -29.421  -33.584  42.465 0.0000000000
44904  -29.814  -34.731  40.684 0.0000000000
46540  -29.284  -33.069  41.662 0.0000000000
62509  -43.686  -13.327  20.281 0.0000000000
65743  -47.703  -9.029  17.480 0.0000000000
65724  -51.645  -9.995  20.489 0.0000000000
66481  -52.236  -9.227  20.034 0.0000000000
67241  -53.681  -7.472  18.471 0.0000000000
53301  -35.308  -24.728  27.019 0.0000000000
56684  -39.348  -20.674  25.160 0.0000000000
115607  -43.856  -19.872  28.132 0.0000000000
58225  -43.805  -18.647  28.527 0.0000000000
60760  -44.009  -16.127  28.831 0.0000000000
38147  -19.734  -41.473  45.600 0.0000000000
38139  -19.688  -41.517  46.155 0.0000000000
37356  -18.712  -42.568  45.517 0.0000000000
37355  -18.085  -43.073  45.174 0.0000000000
36486  -17.349  -43.568  44.747 0.0000000000
107900  -35.199  -31.247  36.950 0.0000000000
48105  -36.560  -29.930  39.504 0.0000000000
48120  -36.665  -29.512  38.539 0.0000000000
48083  -37.606  -28.564  41.792 0.0000000000
48918  -29.135  -28.701  42.904 0.0000000000
49789  -29.273  -27.321  42.815 0.0000000000
50663  -30.310  -26.662  42.433 0.0000000000
50653  -31.132  -26.279  42.801 0.0000000000
49800  -31.888  -27.042  40.787 0.0000000000
108913  -35.051  -27.067  43.879 0.0000000000
49782  -35.200  -28.062  43.009 0.0000000000
49781  -34.325  -27.835  42.759 0.0000000000
48942  -33.116  -28.904  40.214 0.0000000000
48117  -34.114  -30.873  38.178 0.0000000000
50618  -31.027  -27.552  45.896 0.0000000000
49770  -30.067  -28.133  44.800 0.0000000000
60797  -40.553  -15.783  24.373 0.0000000000
60810  -40.198  -15.530  23.569 0.0000000000
60811  -40.963  -15.218  23.981 0.0000000000
61610  -41.384  -14.766  23.631 0.0000000000
61596  -42.808  -14.138  24.554 0.0000000000
111516  -42.315  -13.967  23.097 0.0000000000
109972  -43.954  -13.010  21.974 0.0000000000
62496  -44.143  -12.867  21.143 0.0000000000
108532  -45.562  -12.234  21.162 0.0000000000
64150  -45.663  -11.723  19.862 0.0000000000
118280  -45.978  -11.258  19.468 0.0000000000
64909  -46.482  -10.787  19.420 0.0000000000
64153  -48.486  -11.141  20.524 0.0000000000
64120  -50.226  -11.693  23.424 0.0000000000
64906  -51.245  -10.556  21.132 0.0000000000
65716  -51.865  -9.879  21.490 0.0000000000
122887  -34.816  -25.586  32.500 0.0000000000
52410  -34.238  -25.620  31.854 0.0000000000
123740  -34.845  -25.140  32.047 0.0000000000
52430  -34.896  -24.879  30.370 0.0000000000
52431  -35.963  -24.954  30.886 0.0000000000
53276  -35.659  -24.725  28.681 0.0000000000
121152  -38.116  -25.396  29.792 0.0000000000
55822  -43.079  -21.763  27.022 0.0000000000
54136  -43.031  -24.065  27.685 0.0000000000
54148  -43.287  -23.240  27.470 0.0000000000
54924  -44.360  -22.740  28.515 0.0000000000
111488  -43.816  -22.950  28.011 0.0000000000
54931  -43.515  -22.371  27.448 0.0000000000
55823  -43.701  -21.396  27.525 0.0000000000
56657  -43.997  -20.598  27.941 0.0000000000
56658  -44.358  -20.137  28.541 0.0000000000
57435  -44.759  -19.635  29.160 0.0000000000
41505  -26.053  -38.207  40.478 0.0000000000
41480  -25.490  -38.025  41.251 0.0000000000
41456  -24.979  -37.761  42.110 0.0000000000
114204  -24.374  -37.796  42.942 0.0000000000
41433  -23.710  -38.005  43.771 0.0000000000
118291  -22.678  -38.140  43.443 0.0000000000
40569  -21.887  -38.609  42.976 0.0000000000
40568  -21.230  -39.122  42.287 0.0000000000
70391  -53.298  -3.845  15.079 0.0000000000
70397  -52.745  -3.750  14.561 0.0000000000
49911  -34.371  -28.903  31.345 0.0000000000
48154  -36.307  -30.782  35.641 0.0000000000
114378  -36.672  -30.109  35.151 0.0000000000
49017  -36.763  -29.284  34.665 0.0000000000
49851  -37.807  -28.374  36.548 0.0000000000
127254  -36.453  -26.934  34.802 0.0000000000
127448  -35.341  -26.599  33.257 0.0000000000
48077  -28.885  -29.897  41.447 0.0000000000
48089  -28.663  -30.084  40.565 0.0000000000
112790  -28.620  -29.080  39.947 0.0000000000
48098  -28.466  -30.787  39.169 0.0000000000
47326  -27.421  -31.524  37.159 0.0000000000
49820  -31.291  -28.511  38.978 0.0000000000
120717  -28.674  -28.782  37.235 0.0000000000
48127  -27.691  -29.992  37.221 0.0000000000
48126  -27.362  -30.738  36.707 0.0000000000
122763  -28.352  -37.166  41.749 0.0000000000
107058  -27.891  -38.215  40.101 0.0000000000
43212  -29.468  -36.572  40.268 0.0000000000
42330  -28.631  -37.694  40.200 0.0000000000
64917  -46.940  -9.982  18.222 0.0000000000
65738  -47.393  -9.363  18.072 0.0000000000
65733  -50.816  -9.879  19.875 0.0000000000
66501  -48.311  -8.407  17.051 0.0000000000
66507  -49.004  -7.791  15.969 0.0000000000
67248  -49.575  -7.436  17.030 0.0000000000
68029  -50.271  -5.760  15.231 0.0000000000
107930  -52.288  -5.551  15.665 0.0000000000
69655  -53.187  -5.378  15.847 0.0000000000
69656  -53.918  -5.063  16.202 0.0000000000
34585  -15.333  -44.850  48.339 0.0000000000
33617  -14.710  -45.637  47.928 0.0000000000
34593  -14.534  -46.395  46.365 0.0000000000
33630  -14.029  -46.726  46.923 0.0000000000
51556  -33.625  -26.091  31.125 0.0000000000
50758  -33.431  -26.691  30.425 0.0000000000
51601  -34.673  -26.015  26.745 0.0000000000
59915  -40.166  -16.412  24.638 0.0000000000
54958  -40.037  -22.017  25.540 0.0000000000
55849  -39.239  -21.485  25.242 0.0000000000
56679  -42.155  -20.308  26.579 0.0000000000
57465  -41.892  -19.593  26.582 0.0000000000
57464  -41.561  -19.953  26.258 0.0000000000
59059  -40.216  -17.723  25.292 0.0000000000
107239  -42.862  -15.001  26.050 0.0000000000
115733  -43.980  -15.129  28.412 0.0000000000
35502  -16.436  -43.809  49.775 0.0000000000
35517  -15.791  -44.389  47.521 0.0000000000
35531  -15.756  -44.944  45.942 0.0000000000
36485  -16.700  -44.367  44.121 0.0000000000
34575  -15.210  -44.971  49.381 0.0000000000
34565  -14.699  -45.515  49.772 0.0000000000
34555  -14.697  -45.565  50.535 0.0000000000
33581  -14.281  -45.941  50.094 0.0000000000
34540  -14.003  -45.722  51.381 0.0000000000
34532  -13.392  -45.795  51.698 0.0000000000
32648  -12.546  -47.005  49.760 0.0000000000
33579  -13.026  -46.515  50.287 0.0000000000
33561  -12.936  -46.379  50.805 0.0000000000
34531  -12.803  -45.862  51.961 0.0000000000
34530  -12.312  -45.927  52.122 0.0000000000
34529  -11.825  -45.927  52.171 0.0000000000
34528  -11.124  -45.949  51.713 0.0000000000
34521  -11.482  -45.569  52.397 0.0000000000
32658  -9.165  -47.899  48.977 0.0000000000
34554  -9.876  -46.027  50.435 0.0000000000
38957  -19.884  -41.027  42.337 0.0000000000
42308  -28.726  -36.028  41.659 0.0000000000
46548  -29.297  -32.768  41.152 0.0000000000
48055  -29.596  -30.100  43.198 0.0000000000
48099  -28.466  -29.889  39.630 0.0000000000
48923  -36.931  -28.593  42.223 0.0000000000
48935  -38.021  -28.207  41.848 0.0000000000
48974  -28.920  -28.566  37.860 0.0000000000
113737  -29.910  -31.110  44.586 0.0000000000
118984  -29.252  -31.533  41.452 0.0000000000
127452  -34.474  -25.158  31.577 0.0000000000
