#!ascii label  , from subject sub-v1s12x0050113_ses-1 vox2ras=TkReg
1213
84034  -52.908  14.197  21.480 0.0000000000
92731  -41.188  28.303  6.293 0.0000000000
121672  -43.989  22.342  17.352 0.0000000000
87118  -51.840  18.884  10.905 0.0000000000
90450  -43.649  24.727  1.696 0.0000000000
90406  -48.620  24.501  7.388 0.0000000000
124643  -48.082  18.885  4.265 0.0000000000
87797  -46.719  20.541  11.379 0.0000000000
82673  -46.911  12.260  23.499 0.0000000000
83994  -50.456  14.425  25.736 0.0000000000
97253  -37.166  37.619  9.875 0.0000000000
95952  -45.923  35.039  6.648 0.0000000000
93340  -43.995  29.041  0.952 0.0000000000
87693  -49.058  20.464  21.300 0.0000000000
90936  -44.869  24.998  11.412 0.0000000000
90309  -50.091  24.696  14.877 0.0000000000
86399  -52.243  17.905  17.464 0.0000000000
85819  -48.872  17.577  16.258 0.0000000000
85813  -43.233  17.631  16.714 0.0000000000
83417  -52.113  13.286  20.505 0.0000000000
89192  -44.687  21.986  -0.274 0.0000000000
88556  -46.424  20.275  2.399 0.0000000000
87203  -45.137  19.556  2.254 0.0000000000
87164  -44.660  19.614  6.302 0.0000000000
114670  -49.346  12.492  25.558 0.0000000000
83351  -49.457  13.340  27.890 0.0000000000
97726  -34.733  38.581  12.265 0.0000000000
94981  -46.210  32.011  3.649 0.0000000000
86374  -46.479  18.443  21.840 0.0000000000
121329  -46.563  20.892  19.816 0.0000000000
93277  -39.125  29.358  8.475 0.0000000000
90975  -42.732  24.984  8.586 0.0000000000
89125  -50.162  22.586  8.840 0.0000000000
90956  -49.791  25.414  10.676 0.0000000000
88477  -50.751  21.975  12.358 0.0000000000
87734  -50.425  21.235  16.563 0.0000000000
86455  -52.373  18.475  14.156 0.0000000000
85260  -51.506  16.843  15.445 0.0000000000
129088  -51.230  17.807  13.044 0.0000000000
87079  -45.182  19.418  14.606 0.0000000000
91567  -42.511  26.705  4.096 0.0000000000
91000  -44.388  24.996  6.778 0.0000000000
89802  -45.382  23.084  4.771 0.0000000000
88524  -48.949  21.451  5.122 0.0000000000
86491  -50.884  18.689  7.604 0.0000000000
87116  -49.383  19.413  11.038 0.0000000000
87858  -47.137  20.103  7.911 0.0000000000
87824  -44.821  20.720  9.054 0.0000000000
81925  -48.957  11.974  22.299 0.0000000000
82685  -51.495  12.445  22.943 0.0000000000
84026  -51.636  14.472  23.662 0.0000000000
95891  -34.829  34.819  13.264 0.0000000000
95437  -36.124  33.631  9.300 0.0000000000
116905  -39.568  32.949  7.028 0.0000000000
94956  -42.390  32.579  5.714 0.0000000000
93871  -45.188  29.801  3.775 0.0000000000
91587  -45.649  26.878  0.812 0.0000000000
91067  -44.079  24.464  -1.737 0.0000000000
92204  -42.271  27.043  -2.227 0.0000000000
84558  -47.187  15.379  24.296 0.0000000000
126308  -49.979  17.182  24.691 0.0000000000
85768  -51.316  17.694  22.461 0.0000000000
90317  -44.982  23.762  13.933 0.0000000000
90965  -47.025  25.173  9.177 0.0000000000
90350  -47.881  24.378  12.258 0.0000000000
125585  -46.743  23.097  16.212 0.0000000000
88448  -49.284  21.533  18.724 0.0000000000
87028  -50.675  19.882  19.461 0.0000000000
85196  -52.562  16.360  20.089 0.0000000000
84615  -51.742  16.184  18.736 0.0000000000
110311  -48.240  15.504  19.028 0.0000000000
84628  -46.393  15.836  17.989 0.0000000000
87081  -47.302  19.368  14.223 0.0000000000
85816  -45.904  17.699  16.650 0.0000000000
108611  -44.083  14.797  17.829 0.0000000000
83406  -53.624  12.576  21.837 0.0000000000
121481  -53.630  12.261  20.700 0.0000000000
109744  -52.680  13.698  20.788 0.0000000000
87935  -44.199  21.626  -0.594 0.0000000000
87233  -44.951  20.029  0.775 0.0000000000
87910  -43.708  20.292  0.839 0.0000000000
118668  -43.775  19.765  3.077 0.0000000000
88444  -45.527  21.522  18.704 0.0000000000
93285  -40.074  29.346  7.181 0.0000000000
121548  -50.961  20.996  10.074 0.0000000000
88492  -50.683  22.039  10.742 0.0000000000
88485  -51.193  20.881  11.843 0.0000000000
87766  -51.729  19.817  13.177 0.0000000000
87100  -52.162  18.677  12.714 0.0000000000
86462  -52.195  17.968  12.908 0.0000000000
86466  -51.738  18.289  11.903 0.0000000000
91027  -43.232  25.283  3.329 0.0000000000
90428  -43.629  24.608  4.572 0.0000000000
89815  -44.378  23.213  3.635 0.0000000000
87206  -47.628  19.526  3.497 0.0000000000
88534  -47.985  21.166  4.043 0.0000000000
87884  -48.814  19.890  4.093 0.0000000000
87874  -50.204  19.305  5.824 0.0000000000
123986  -49.522  18.595  5.622 0.0000000000
87153  -48.754  19.275  7.497 0.0000000000
87167  -47.643  19.219  6.412 0.0000000000
87855  -44.544  20.245  7.627 0.0000000000
118378  -50.027  12.883  25.615 0.0000000000
82676  -49.853  12.635  23.911 0.0000000000
111100  -50.734  13.234  24.711 0.0000000000
82678  -51.701  12.908  23.314 0.0000000000
84010  -50.888  14.649  25.103 0.0000000000
97732  -36.079  38.412  10.918 0.0000000000
96789  -34.663  36.300  10.831 0.0000000000
96369  -36.313  35.384  9.013 0.0000000000
95443  -37.590  33.411  8.283 0.0000000000
96374  -38.526  35.217  7.687 0.0000000000
96378  -43.254  36.314  7.246 0.0000000000
95949  -42.120  34.459  6.612 0.0000000000
95459  -43.746  33.931  6.442 0.0000000000
94429  -43.393  31.191  4.801 0.0000000000
94959  -46.610  32.491  5.557 0.0000000000
93893  -45.222  30.005  1.801 0.0000000000
93321  -46.513  29.228  2.478 0.0000000000
92186  -45.540  27.748  0.481 0.0000000000
91053  -45.351  25.397  -0.603 0.0000000000
91599  -44.271  26.411  -0.835 0.0000000000
91607  -43.593  25.746  -1.793 0.0000000000
92787  -43.038  27.818  -0.227 0.0000000000
84583  -43.106  15.320  22.924 0.0000000000
84004  -43.753  14.290  24.165 0.0000000000
84574  -44.907  15.177  23.286 0.0000000000
83990  -47.107  14.467  25.475 0.0000000000
85166  -46.117  16.029  23.123 0.0000000000
86375  -48.228  19.350  22.066 0.0000000000
85766  -48.241  18.234  23.152 0.0000000000
86354  -49.083  18.815  23.309 0.0000000000
85756  -50.620  17.819  24.073 0.0000000000
87000  -50.183  19.879  22.621 0.0000000000
117739  -43.849  26.401  12.106 0.0000000000
90332  -43.609  24.834  13.164 0.0000000000
90347  -44.901  24.513  12.367 0.0000000000
109085  -46.536  24.463  6.615 0.0000000000
90991  -45.810  24.768  7.601 0.0000000000
90992  -47.449  25.097  7.907 0.0000000000
90352  -49.943  24.795  12.760 0.0000000000
90363  -48.908  25.015  11.556 0.0000000000
110955  -49.337  24.731  13.876 0.0000000000
89732  -47.444  23.726  14.755 0.0000000000
89723  -48.899  23.965  15.773 0.0000000000
89075  -48.675  22.631  17.684 0.0000000000
89697  -49.835  23.317  16.892 0.0000000000
109483  -51.404  19.196  17.005 0.0000000000
87041  -50.268  20.588  17.971 0.0000000000
87035  -51.242  19.255  18.780 0.0000000000
124155  -51.971  18.047  19.686 0.0000000000
120049  -52.368  17.052  18.880 0.0000000000
85202  -52.124  16.214  18.936 0.0000000000
85232  -52.169  16.875  17.627 0.0000000000
85820  -49.876  17.213  16.057 0.0000000000
85229  -49.813  16.711  17.584 0.0000000000
85228  -48.759  16.731  17.694 0.0000000000
84629  -47.255  15.980  18.165 0.0000000000
85250  -47.284  17.226  17.098 0.0000000000
87813  -48.421  20.023  10.862 0.0000000000
87110  -48.701  19.462  12.607 0.0000000000
107167  -47.149  20.037  12.983 0.0000000000
86439  -44.416  18.723  15.772 0.0000000000
86440  -45.117  18.742  15.701 0.0000000000
85814  -44.100  17.636  16.711 0.0000000000
85224  -45.062  16.261  17.504 0.0000000000
85223  -43.822  16.369  17.415 0.0000000000
84063  -42.236  14.523  17.538 0.0000000000
81158  -52.585  10.512  20.539 0.0000000000
122057  -49.798  13.323  19.872 0.0000000000
118912  -44.660  22.585  0.581 0.0000000000
89178  -44.701  22.294  2.243 0.0000000000
118200  -45.468  20.516  1.399 0.0000000000
87225  -45.798  20.031  1.737 0.0000000000
109876  -46.037  19.430  3.427 0.0000000000
87181  -46.417  19.394  5.247 0.0000000000
87179  -44.564  19.580  4.699 0.0000000000
82674  -47.752  12.345  24.083 0.0000000000
81895  -48.364  11.874  26.066 0.0000000000
83362  -49.674  13.765  27.066 0.0000000000
98244  -36.111  40.464  10.560 0.0000000000
95477  -47.305  33.751  5.610 0.0000000000
93880  -42.900  30.738  2.122 0.0000000000
93339  -42.699  29.090  0.674 0.0000000000
85763  -45.717  17.045  22.401 0.0000000000
87021  -46.998  20.005  20.813 0.0000000000
87719  -48.042  20.805  20.343 0.0000000000
90382  -43.445  24.487  9.589 0.0000000000
89775  -49.334  23.835  7.748 0.0000000000
90395  -49.280  25.127  8.507 0.0000000000
89764  -50.207  23.965  9.720 0.0000000000
116204  -50.446  23.917  11.367 0.0000000000
89097  -50.549  23.371  13.662 0.0000000000
126305  -50.508  23.404  15.794 0.0000000000
87748  -50.869  21.249  14.581 0.0000000000
87741  -51.212  20.320  14.964 0.0000000000
86444  -52.396  18.551  15.041 0.0000000000
85822  -52.444  17.201  16.061 0.0000000000
85836  -52.422  17.281  14.396 0.0000000000
85828  -51.377  17.076  14.676 0.0000000000
86453  -49.587  18.115  14.403 0.0000000000
107093  -45.890  20.299  12.711 0.0000000000
89707  -43.200  23.288  16.239 0.0000000000
92158  -41.732  27.902  5.185 0.0000000000
92142  -42.060  27.031  6.313 0.0000000000
91559  -42.974  25.729  5.472 0.0000000000
90415  -44.502  24.431  5.686 0.0000000000
89789  -46.810  23.400  5.605 0.0000000000
89167  -45.541  21.965  3.429 0.0000000000
89153  -47.653  22.010  4.532 0.0000000000
89792  -48.927  22.865  6.298 0.0000000000
88508  -49.868  21.821  7.194 0.0000000000
87846  -50.974  20.340  8.245 0.0000000000
87131  -51.505  19.034  9.332 0.0000000000
87122  -51.243  18.644  10.410 0.0000000000
86477  -50.707  18.805  8.924 0.0000000000
87128  -49.005  19.584  9.318 0.0000000000
87827  -47.426  20.369  9.584 0.0000000000
87150  -45.932  19.725  7.061 0.0000000000
87842  -45.619  20.442  8.436 0.0000000000
82675  -48.719  12.434  23.806 0.0000000000
81926  -49.971  11.891  22.419 0.0000000000
81942  -51.663  11.430  21.855 0.0000000000
81928  -52.204  11.838  22.427 0.0000000000
126972  -52.890  13.011  22.654 0.0000000000
84027  -52.264  14.641  22.705 0.0000000000
94905  -36.539  32.331  12.430 0.0000000000
95427  -34.645  33.910  11.223 0.0000000000
94382  -36.626  31.560  10.273 0.0000000000
94390  -37.813  31.335  8.773 0.0000000000
93836  -39.018  30.920  7.724 0.0000000000
94408  -40.289  31.046  6.389 0.0000000000
96800  -39.156  37.062  8.530 0.0000000000
95945  -40.056  35.099  7.170 0.0000000000
118394  -41.278  33.206  6.327 0.0000000000
93852  -41.000  30.359  5.558 0.0000000000
93860  -42.158  29.838  4.265 0.0000000000
93312  -43.066  29.015  3.317 0.0000000000
91580  -43.545  26.955  2.241 0.0000000000
93863  -47.255  30.724  4.221 0.0000000000
92761  -46.146  28.683  2.386 0.0000000000
91040  -44.883  25.938  0.722 0.0000000000
90461  -45.126  24.115  -0.286 0.0000000000
89849  -44.935  23.215  -1.439 0.0000000000
90467  -42.880  24.250  -1.874 0.0000000000
90472  -42.138  25.536  -2.660 0.0000000000
129741  -41.938  28.901  -0.652 0.0000000000
83991  -48.457  14.715  26.143 0.0000000000
84009  -48.755  15.384  25.518 0.0000000000
85182  -46.517  16.838  22.920 0.0000000000
85152  -48.767  16.673  24.684 0.0000000000
124134  -49.805  16.070  25.331 0.0000000000
85155  -50.898  16.177  24.526 0.0000000000
85171  -51.173  16.248  23.829 0.0000000000
85184  -52.141  15.548  22.311 0.0000000000
119968  -44.407  23.438  15.663 0.0000000000
90988  -43.013  25.535  7.643 0.0000000000
90394  -44.340  24.603  8.571 0.0000000000
90952  -45.684  24.699  9.878 0.0000000000
114835  -48.600  25.658  10.080 0.0000000000
90938  -47.076  25.017  10.733 0.0000000000
90360  -46.231  24.519  11.619 0.0000000000
90335  -46.399  23.678  13.037 0.0000000000
89721  -46.542  23.415  15.416 0.0000000000
89072  -45.529  22.392  17.385 0.0000000000
89057  -47.132  22.051  18.274 0.0000000000
88446  -47.764  21.630  19.087 0.0000000000
88420  -49.404  20.984  19.991 0.0000000000
88456  -49.851  22.175  17.590 0.0000000000
125910  -49.841  20.988  18.817 0.0000000000
87695  -50.043  20.453  21.249 0.0000000000
129979  -51.141  19.092  21.951 0.0000000000
85191  -51.854  17.140  21.599 0.0000000000
84587  -52.566  15.218  21.350 0.0000000000
84592  -52.188  15.190  20.305 0.0000000000
84591  -51.363  14.934  20.295 0.0000000000
84051  -50.264  14.678  20.153 0.0000000000
85231  -51.780  16.678  17.431 0.0000000000
84613  -49.819  15.871  19.142 0.0000000000
84049  -48.483  14.286  19.482 0.0000000000
84048  -47.691  14.087  19.110 0.0000000000
84055  -46.436  14.388  18.580 0.0000000000
86465  -50.707  18.492  11.842 0.0000000000
86459  -49.307  18.619  13.733 0.0000000000
86443  -48.657  18.359  15.097 0.0000000000
87080  -46.113  19.472  14.403 0.0000000000
86441  -46.789  18.700  15.572 0.0000000000
85817  -46.780  17.756  16.594 0.0000000000
85225  -45.934  16.428  17.566 0.0000000000
84065  -45.300  15.047  18.102 0.0000000000
83409  -53.368  13.373  21.670 0.0000000000
83410  -53.532  12.766  21.238 0.0000000000
115601  -53.123  13.044  20.721 0.0000000000
83418  -53.108  13.572  21.080 0.0000000000
87927  -43.440  21.176  -0.168 0.0000000000
87918  -43.761  20.380  0.284 0.0000000000
87909  -43.388  20.868  0.627 0.0000000000
122946  -44.774  21.303  18.880 0.0000000000
89055  -44.673  21.676  18.330 0.0000000000
92730  -40.637  28.790  6.696 0.0000000000
92723  -40.396  28.458  7.362 0.0000000000
92724  -40.957  28.002  6.950 0.0000000000
87814  -51.555  19.736  10.474 0.0000000000
88493  -51.157  20.903  11.005 0.0000000000
87799  -51.632  19.780  11.321 0.0000000000
123524  -51.640  19.938  12.024 0.0000000000
87112  -52.009  18.885  11.792 0.0000000000
86467  -51.997  18.264  12.167 0.0000000000
86470  -51.820  18.556  11.443 0.0000000000
91033  -43.437  25.420  2.381 0.0000000000
90437  -43.495  24.542  3.724 0.0000000000
89814  -43.812  23.781  3.204 0.0000000000
86510  -48.181  19.102  3.944 0.0000000000
87207  -48.243  19.579  3.707 0.0000000000
86511  -48.600  18.838  4.552 0.0000000000
87196  -49.292  18.792  4.991 0.0000000000
86505  -48.960  18.562  5.219 0.0000000000
86496  -48.411  18.695  5.699 0.0000000000
86504  -48.225  18.696  4.877 0.0000000000
82681  -47.198  12.261  22.746 0.0000000000
83373  -50.405  13.783  25.886 0.0000000000
82662  -50.451  13.293  25.482 0.0000000000
83387  -50.809  13.775  25.125 0.0000000000
97249  -36.752  38.227  10.483 0.0000000000
96793  -36.015  36.105  9.534 0.0000000000
96794  -36.812  36.520  9.261 0.0000000000
118660  -37.064  35.043  8.415 0.0000000000
96798  -37.475  36.432  8.791 0.0000000000
96380  -45.486  37.100  7.134 0.0000000000
97272  -43.860  38.497  7.610 0.0000000000
96379  -44.536  36.672  7.270 0.0000000000
96385  -43.907  35.610  6.957 0.0000000000
95460  -45.116  34.079  6.480 0.0000000000
94958  -45.056  32.439  5.663 0.0000000000
95461  -46.442  34.290  6.323 0.0000000000
93331  -44.519  29.579  1.425 0.0000000000
123867  -45.716  29.478  1.589 0.0000000000
92776  -44.934  28.469  0.638 0.0000000000
92194  -45.093  27.117  -0.245 0.0000000000
92185  -44.376  27.744  0.117 0.0000000000
92193  -43.727  27.122  -0.579 0.0000000000
92775  -43.508  28.426  0.420 0.0000000000
85178  -42.733  15.932  22.343 0.0000000000
85179  -43.627  15.880  22.452 0.0000000000
84573  -43.965  15.007  23.248 0.0000000000
121101  -44.425  15.717  22.717 0.0000000000
84575  -45.783  15.360  23.441 0.0000000000
113158  -48.452  20.006  21.540 0.0000000000
114513  -48.430  18.885  22.769 0.0000000000
86998  -49.095  19.503  22.759 0.0000000000
86361  -49.838  19.326  23.205 0.0000000000
86999  -49.652  19.915  22.592 0.0000000000
90950  -43.596  25.073  10.835 0.0000000000
126626  -44.058  25.742  11.658 0.0000000000
90925  -44.421  25.513  11.972 0.0000000000
90926  -45.333  24.735  11.715 0.0000000000
90405  -47.463  24.587  6.861 0.0000000000
91002  -47.083  24.815  7.270 0.0000000000
90993  -48.025  24.925  7.470 0.0000000000
90322  -50.170  24.754  14.238 0.0000000000
90338  -49.921  24.907  13.689 0.0000000000
90321  -49.838  24.849  14.563 0.0000000000
90320  -49.173  24.591  14.565 0.0000000000
90299  -49.805  24.303  15.745 0.0000000000
89712  -49.487  23.742  16.391 0.0000000000
89713  -50.094  23.861  16.242 0.0000000000
114877  -51.996  18.463  16.981 0.0000000000
86398  -51.677  18.768  17.775 0.0000000000
86394  -51.957  18.232  18.393 0.0000000000
85792  -52.266  17.310  18.093 0.0000000000
85252  -49.312  17.110  16.889 0.0000000000
85251  -48.277  17.237  17.030 0.0000000000
85227  -47.759  16.643  17.686 0.0000000000
87798  -47.642  20.278  11.576 0.0000000000
87782  -46.819  20.331  12.323 0.0000000000
86414  -43.754  18.353  16.203 0.0000000000
86415  -44.657  18.284  16.256 0.0000000000
85246  -43.552  16.990  17.145 0.0000000000
85222  -43.116  16.262  17.436 0.0000000000
85245  -42.659  17.032  17.129 0.0000000000
81141  -53.216  10.940  21.059 0.0000000000
82703  -50.989  12.468  19.672 0.0000000000
83416  -50.750  13.162  20.202 0.0000000000
89191  -44.826  22.735  -0.016 0.0000000000
89184  -44.622  22.294  1.349 0.0000000000
88566  -44.789  21.707  0.481 0.0000000000
87213  -44.896  19.690  1.433 0.0000000000
87224  -45.239  19.928  1.206 0.0000000000
87214  -45.615  19.791  1.820 0.0000000000
87215  -46.339  19.838  2.356 0.0000000000
124627  -45.397  19.452  3.001 0.0000000000
107697  -44.524  19.560  3.176 0.0000000000
87190  -43.793  19.655  4.035 0.0000000000
81879  -48.303  11.470  26.940 0.0000000000
82636  -49.991  13.059  27.357 0.0000000000
97728  -36.329  39.998  11.024 0.0000000000
94441  -44.056  31.661  3.019 0.0000000000
94451  -42.386  31.413  2.425 0.0000000000
94991  -42.061  32.055  2.836 0.0000000000
87717  -45.834  20.688  19.788 0.0000000000
128261  -45.636  20.260  20.202 0.0000000000
87706  -46.513  20.448  20.267 0.0000000000
87718  -47.248  20.884  20.067 0.0000000000
93818  -38.040  29.990  9.433 0.0000000000
90392  -42.919  24.568  9.321 0.0000000000
89124  -49.722  23.454  8.378 0.0000000000
89770  -50.051  23.519  9.097 0.0000000000
88484  -50.752  21.954  11.534 0.0000000000
89114  -50.502  22.843  11.222 0.0000000000
89108  -50.487  22.981  11.939 0.0000000000
89747  -50.441  24.119  13.131 0.0000000000
89102  -50.497  23.156  12.797 0.0000000000
88464  -50.670  22.392  14.268 0.0000000000
88470  -50.724  22.115  13.251 0.0000000000
87082  -52.125  19.086  13.614 0.0000000000
87749  -51.521  20.157  14.066 0.0000000000
123373  -51.916  19.383  14.451 0.0000000000
87062  -51.726  19.391  15.329 0.0000000000
128665  -52.210  18.954  14.709 0.0000000000
86456  -52.580  17.800  14.593 0.0000000000
85840  -51.864  17.589  13.380 0.0000000000
86454  -50.671  17.742  13.757 0.0000000000
85834  -50.487  17.469  14.566 0.0000000000
92159  -42.158  27.533  4.513 0.0000000000
92152  -42.099  27.193  5.545 0.0000000000
91558  -42.455  26.567  5.078 0.0000000000
89801  -44.591  23.426  4.489 0.0000000000
90414  -43.888  24.704  5.265 0.0000000000
89787  -44.930  23.731  5.298 0.0000000000
90417  -46.392  23.918  6.035 0.0000000000
89788  -45.842  23.523  5.475 0.0000000000
89179  -45.337  21.662  2.540 0.0000000000
88541  -46.041  21.102  2.845 0.0000000000
88535  -48.614  20.858  4.368 0.0000000000
89154  -48.353  21.790  4.780 0.0000000000
89141  -48.057  22.578  5.264 0.0000000000
89142  -48.676  22.336  5.539 0.0000000000
89137  -49.401  22.419  6.677 0.0000000000
89143  -49.235  21.976  5.876 0.0000000000
87170  -50.416  18.808  6.479 0.0000000000
87867  -50.605  19.604  6.586 0.0000000000
87155  -50.972  18.950  7.254 0.0000000000
87860  -51.206  19.353  8.031 0.0000000000
86492  -51.141  18.861  7.997 0.0000000000
86478  -51.212  18.777  9.172 0.0000000000
86484  -50.555  18.760  8.072 0.0000000000
87137  -48.879  19.506  8.413 0.0000000000
87845  -48.163  20.059  9.017 0.0000000000
87180  -45.193  19.534  5.490 0.0000000000
87166  -46.653  19.445  6.308 0.0000000000
87165  -45.623  19.557  6.290 0.0000000000
87841  -44.167  20.658  8.332 0.0000000000
124389  -44.901  20.460  8.212 0.0000000000
82646  -48.599  12.356  24.742 0.0000000000
82684  -50.413  12.383  23.115 0.0000000000
81941  -50.593  11.455  21.784 0.0000000000
81927  -51.067  11.854  22.488 0.0000000000
83400  -51.747  13.485  23.547 0.0000000000
82679  -52.424  12.934  22.927 0.0000000000
83401  -52.464  13.634  22.860 0.0000000000
96346  -35.609  35.175  13.703 0.0000000000
95894  -37.118  34.656  13.681 0.0000000000
95398  -36.235  33.773  13.149 0.0000000000
95416  -36.879  33.123  13.018 0.0000000000
95904  -35.454  33.705  12.733 0.0000000000
98223  -35.464  40.359  12.762 0.0000000000
97240  -34.212  37.672  12.719 0.0000000000
95929  -35.041  34.596  9.918 0.0000000000
95922  -34.566  34.631  10.640 0.0000000000
119434  -34.895  34.017  10.363 0.0000000000
94919  -35.702  32.669  11.081 0.0000000000
94923  -36.261  32.347  9.959 0.0000000000
94383  -37.191  31.421  9.495 0.0000000000
94926  -36.582  32.763  9.265 0.0000000000
95444  -38.389  33.343  7.738 0.0000000000
94934  -38.542  32.506  7.743 0.0000000000
94935  -39.176  32.366  7.349 0.0000000000
93843  -39.703  30.968  6.990 0.0000000000
94944  -39.688  32.312  6.918 0.0000000000
96803  -39.587  36.464  7.859 0.0000000000
108045  -40.297  35.927  7.478 0.0000000000
95472  -42.051  33.233  6.113 0.0000000000
95457  -41.700  33.762  6.444 0.0000000000
94955  -41.385  32.593  6.018 0.0000000000
94409  -40.716  31.836  6.131 0.0000000000
94417  -41.612  31.757  5.560 0.0000000000
93859  -41.597  30.287  4.824 0.0000000000
94428  -42.153  31.160  4.949 0.0000000000
93861  -44.199  30.474  4.317 0.0000000000
93306  -43.278  29.780  3.796 0.0000000000
93313  -44.435  29.244  3.283 0.0000000000
92170  -43.142  27.647  2.726 0.0000000000
92753  -43.942  28.724  2.847 0.0000000000
123697  -47.278  33.184  4.784 0.0000000000
94969  -47.734  32.225  4.956 0.0000000000
93864  -47.354  31.193  4.225 0.0000000000
92768  -46.001  28.481  1.622 0.0000000000
92173  -46.031  28.295  1.870 0.0000000000
92179  -45.517  27.659  1.478 0.0000000000
125170  -45.157  25.299  0.299 0.0000000000
91046  -45.684  25.926  0.243 0.0000000000
91061  -44.882  24.960  -1.190 0.0000000000
112512  -45.145  24.556  -1.030 0.0000000000
90468  -44.725  24.219  -1.562 0.0000000000
122905  -44.393  23.138  -1.473 0.0000000000
89853  -44.153  23.653  -1.634 0.0000000000
90474  -43.754  24.359  -1.807 0.0000000000
92205  -43.163  26.592  -1.562 0.0000000000
91618  -42.919  25.645  -2.461 0.0000000000
91606  -42.675  26.252  -2.371 0.0000000000
91617  -42.309  25.981  -2.688 0.0000000000
92216  -41.939  26.782  -2.761 0.0000000000
93338  -41.944  29.350  0.033 0.0000000000
83371  -46.611  13.851  26.122 0.0000000000
84007  -46.920  14.863  24.664 0.0000000000
84008  -47.772  15.093  25.105 0.0000000000
83992  -49.324  14.887  26.165 0.0000000000
85776  -45.649  17.788  21.910 0.0000000000
85764  -46.520  17.689  22.398 0.0000000000
85754  -49.037  18.006  23.857 0.0000000000
85169  -48.485  17.149  24.008 0.0000000000
85153  -49.359  17.321  24.485 0.0000000000
84561  -49.571  16.710  25.010 0.0000000000
112990  -50.342  16.464  24.930 0.0000000000
85742  -50.332  17.289  24.482 0.0000000000
85767  -50.841  18.310  23.316 0.0000000000
85170  -51.102  17.147  23.350 0.0000000000
84585  -51.434  16.163  22.961 0.0000000000
85183  -51.768  16.547  22.185 0.0000000000
90316  -43.982  23.984  13.871 0.0000000000
89719  -43.746  23.679  15.219 0.0000000000
90999  -43.672  25.382  6.625 0.0000000000
91543  -43.059  25.885  6.832 0.0000000000
90989  -43.859  25.202  7.273 0.0000000000
90979  -46.619  24.950  8.297 0.0000000000
90978  -45.303  24.697  8.242 0.0000000000
90964  -46.046  24.777  9.072 0.0000000000
90384  -45.059  24.575  9.199 0.0000000000
126331  -46.431  24.937  9.719 0.0000000000
90968  -49.696  25.546  9.812 0.0000000000
90982  -49.275  25.624  8.999 0.0000000000
90955  -49.261  25.622  10.334 0.0000000000
90362  -48.219  24.828  11.544 0.0000000000
90361  -47.191  24.643  11.486 0.0000000000
126174  -46.490  24.806  11.104 0.0000000000
90349  -46.827  24.122  12.262 0.0000000000
90348  -45.819  24.138  12.280 0.0000000000
127731  -47.162  23.344  15.874 0.0000000000
89710  -45.845  23.072  16.100 0.0000000000
89083  -46.200  22.731  16.770 0.0000000000
89073  -46.601  22.407  17.511 0.0000000000
89059  -49.091  22.135  18.251 0.0000000000
89058  -48.212  22.138  18.368 0.0000000000
88447  -48.752  21.647  18.921 0.0000000000
114505  -48.525  21.361  19.503 0.0000000000
88432  -49.121  21.270  19.437 0.0000000000
88457  -50.363  22.292  16.438 0.0000000000
107293  -50.211  22.767  16.995 0.0000000000
108408  -50.138  21.922  17.169 0.0000000000
87034  -50.459  20.146  18.801 0.0000000000
87721  -50.210  20.463  19.655 0.0000000000
87709  -50.118  20.509  20.464 0.0000000000
111829  -50.567  20.057  20.205 0.0000000000
87023  -50.491  20.149  21.093 0.0000000000
87024  -50.932  19.506  20.697 0.0000000000
85786  -52.369  17.225  19.690 0.0000000000
85780  -51.800  18.006  20.520 0.0000000000
85781  -52.209  17.123  20.720 0.0000000000
85192  -52.479  16.243  21.097 0.0000000000
84593  -52.483  15.547  20.508 0.0000000000
84603  -51.798  15.698  19.468 0.0000000000
84602  -50.615  15.432  19.713 0.0000000000
85821  -52.098  16.883  15.698 0.0000000000
85255  -52.200  16.878  16.691 0.0000000000
85254  -51.467  16.738  16.452 0.0000000000
85210  -49.283  16.316  18.397 0.0000000000
85211  -50.352  16.362  18.311 0.0000000000
84612  -48.891  15.794  19.022 0.0000000000
125261  -49.250  15.517  19.333 0.0000000000
84599  -47.945  14.877  19.208 0.0000000000
84610  -46.796  15.263  18.476 0.0000000000
111606  -45.941  13.782  18.399 0.0000000000
84054  -45.599  14.433  18.328 0.0000000000
87121  -50.216  18.943  10.321 0.0000000000
87117  -50.480  18.735  11.080 0.0000000000
108230  -49.559  19.136  11.859 0.0000000000
87098  -47.843  19.626  13.351 0.0000000000
87099  -48.775  19.174  13.325 0.0000000000
124538  -48.311  19.110  14.024 0.0000000000
108402  -48.733  18.648  14.444 0.0000000000
86442  -47.866  18.913  14.850 0.0000000000
109138  -45.147  19.739  13.956 0.0000000000
86416  -45.495  18.270  16.208 0.0000000000
117127  -45.917  18.720  15.660 0.0000000000
86417  -46.326  18.258  16.138 0.0000000000
128664  -47.079  18.249  16.088 0.0000000000
85249  -46.356  17.137  17.129 0.0000000000
121183  -44.335  16.105  17.529 0.0000000000
84626  -44.678  15.416  17.785 0.0000000000
83426  -44.775  14.457  18.085 0.0000000000
82688  -53.669  12.048  21.882 0.0000000000
82691  -53.812  11.961  21.206 0.0000000000
82705  -53.443  12.006  19.919 0.0000000000
88579  -44.556  21.867  -0.403 0.0000000000
88574  -44.812  21.133  0.117 0.0000000000
87919  -44.439  20.426  0.102 0.0000000000
87222  -44.093  19.898  0.713 0.0000000000
87212  -44.223  19.850  1.115 0.0000000000
87202  -44.195  19.648  2.101 0.0000000000
87900  -43.617  20.197  1.626 0.0000000000
121307  -45.244  21.021  19.319 0.0000000000
88429  -46.131  21.163  19.358 0.0000000000
93284  -39.516  29.391  7.901 0.0000000000
92718  -40.092  28.133  8.054 0.0000000000
91541  -41.748  26.591  7.644 0.0000000000
88498  -50.551  21.822  9.383 0.0000000000
125643  -50.546  22.214  10.066 0.0000000000
126549  -51.293  20.754  12.695 0.0000000000
87783  -51.829  19.527  12.463 0.0000000000
87101  -52.327  18.256  13.353 0.0000000000
86461  -51.901  17.915  12.571 0.0000000000
108690  -50.996  18.120  12.507 0.0000000000
91019  -42.818  25.964  3.726 0.0000000000
91020  -43.129  25.265  4.285 0.0000000000
89800  -43.918  23.893  4.112 0.0000000000
87894  -47.085  20.073  2.824 0.0000000000
88542  -46.862  20.716  3.075 0.0000000000
87895  -47.681  19.901  3.277 0.0000000000
88544  -48.220  20.290  3.689 0.0000000000
88536  -49.218  20.434  4.779 0.0000000000
88525  -49.541  20.964  5.535 0.0000000000
87873  -49.756  19.916  5.291 0.0000000000
87169  -49.898  18.737  5.719 0.0000000000
86498  -50.046  18.539  6.340 0.0000000000
86490  -50.380  18.599  7.182 0.0000000000
86489  -49.530  18.683  6.830 0.0000000000
87168  -48.587  18.926  6.585 0.0000000000
87152  -47.829  19.535  7.274 0.0000000000
87149  -45.022  19.784  7.015 0.0000000000
81924  -47.928  12.108  22.287 0.0000000000
82661  -49.529  12.595  24.727 0.0000000000
111398  -50.312  12.914  24.773 0.0000000000
82677  -50.872  12.889  23.859 0.0000000000
83399  -51.143  13.362  24.127 0.0000000000
83388  -51.223  14.025  24.389 0.0000000000
84011  -51.177  14.809  24.503 0.0000000000
96777  -35.188  36.038  14.081 0.0000000000
122812  -35.082  38.590  11.732 0.0000000000
97243  -34.510  37.623  11.838 0.0000000000
97247  -34.785  37.169  11.213 0.0000000000
96368  -35.485  35.360  9.626 0.0000000000
95930  -35.755  34.497  9.363 0.0000000000
95442  -36.838  33.494  8.751 0.0000000000
95936  -36.513  34.345  8.815 0.0000000000
95938  -37.946  33.985  7.935 0.0000000000
95944  -38.635  34.306  7.572 0.0000000000
97271  -42.624  38.764  8.179 0.0000000000
118236  -41.193  35.923  7.299 0.0000000000
96384  -42.615  35.326  6.861 0.0000000000
95950  -43.193  34.625  6.656 0.0000000000
95473  -43.071  33.235  6.046 0.0000000000
94418  -42.850  31.842  5.332 0.0000000000
94419  -44.232  31.739  5.288 0.0000000000
94430  -44.771  31.069  4.820 0.0000000000
93862  -46.135  30.526  4.427 0.0000000000
94453  -46.529  30.560  2.912 0.0000000000
93883  -46.727  29.845  2.689 0.0000000000
93894  -46.315  29.592  2.069 0.0000000000
93332  -46.284  29.002  1.686 0.0000000000
91588  -45.659  27.363  0.627 0.0000000000
91594  -45.800  26.513  0.209 0.0000000000
92195  -45.795  26.962  -0.011 0.0000000000
125376  -45.322  26.513  -0.438 0.0000000000
91608  -44.840  25.742  -0.969 0.0000000000
92192  -42.611  27.361  -1.170 0.0000000000
85188  -42.456  16.563  21.831 0.0000000000
84572  -42.396  15.005  23.530 0.0000000000
123733  -43.186  14.784  23.551 0.0000000000
83989  -46.020  14.009  25.250 0.0000000000
84006  -46.204  14.500  24.627 0.0000000000
84025  -46.385  14.967  23.996 0.0000000000
84576  -46.594  15.646  23.657 0.0000000000
109519  -47.248  18.990  21.771 0.0000000000
86360  -47.491  18.440  22.412 0.0000000000
86355  -49.730  18.599  23.724 0.0000000000
85755  -49.986  17.927  24.262 0.0000000000
86356  -50.262  18.605  23.682 0.0000000000
86362  -50.514  19.208  23.088 0.0000000000
86363  -51.047  18.763  22.561 0.0000000000
90346  -44.199  25.008  12.519 0.0000000000
90333  -44.423  24.203  13.095 0.0000000000
107769  -45.272  24.748  7.006 0.0000000000
90990  -44.810  24.783  7.413 0.0000000000
91001  -46.176  24.766  7.128 0.0000000000
123759  -46.649  24.873  7.638 0.0000000000
90980  -47.758  25.362  8.621 0.0000000000
90364  -50.033  24.869  11.786 0.0000000000
90940  -49.422  25.329  11.098 0.0000000000
90927  -49.579  24.932  11.919 0.0000000000
109943  -49.504  24.740  12.944 0.0000000000
90337  -48.633  24.376  13.069 0.0000000000
90336  -47.527  23.829  13.052 0.0000000000
90319  -48.277  24.150  14.055 0.0000000000
90306  -48.536  24.153  14.997 0.0000000000
128746  -48.230  23.594  16.033 0.0000000000
89695  -48.165  22.984  17.017 0.0000000000
108931  -48.606  23.495  16.451 0.0000000000
89696  -49.122  23.215  17.066 0.0000000000
89076  -49.465  22.678  17.514 0.0000000000
87043  -50.728  20.225  16.995 0.0000000000
110157  -50.256  21.107  17.332 0.0000000000
117039  -50.897  19.668  17.899 0.0000000000
87029  -51.057  19.345  19.750 0.0000000000
86389  -51.699  18.560  19.273 0.0000000000
85203  -52.357  16.517  19.267 0.0000000000
85214  -52.199  16.712  18.500 0.0000000000
85213  -51.922  16.557  18.256 0.0000000000
85259  -50.773  16.872  15.959 0.0000000000
85253  -50.360  16.895  16.720 0.0000000000
85209  -48.223  16.109  18.423 0.0000000000
85226  -46.825  16.536  17.619 0.0000000000
87115  -48.574  19.772  11.750 0.0000000000
87109  -47.801  20.000  12.465 0.0000000000
86450  -44.641  19.171  15.153 0.0000000000
86451  -45.536  19.142  15.133 0.0000000000
85815  -45.016  17.659  16.697 0.0000000000
85248  -45.455  17.037  17.134 0.0000000000
85247  -44.465  16.885  17.192 0.0000000000
84625  -43.707  15.551  17.630 0.0000000000
84064  -43.261  14.499  17.681 0.0000000000
84624  -42.732  15.397  17.586 0.0000000000
81140  -52.153  10.969  21.254 0.0000000000
89829  -44.130  24.037  0.926 0.0000000000
89821  -43.857  23.674  2.102 0.0000000000
88554  -45.142  21.393  1.513 0.0000000000
88555  -45.759  20.735  2.030 0.0000000000
88567  -45.112  20.740  0.781 0.0000000000
87901  -45.888  20.136  1.805 0.0000000000
87902  -46.448  20.017  2.304 0.0000000000
87216  -47.052  19.851  2.919 0.0000000000
87205  -46.876  19.541  3.168 0.0000000000
111324  -47.588  19.224  3.856 0.0000000000
87194  -47.507  19.053  4.544 0.0000000000
87193  -46.755  19.312  4.030 0.0000000000
87192  -45.681  19.504  4.472 0.0000000000
128886  -44.468  19.583  3.980 0.0000000000
82660  -47.020  12.132  24.344 0.0000000000
81906  -47.739  12.046  25.076 0.0000000000
126644  -48.623  12.197  25.506 0.0000000000
81867  -49.243  11.767  27.894 0.0000000000
82647  -49.156  12.264  26.286 0.0000000000
82648  -49.844  12.728  26.482 0.0000000000
82649  -50.187  13.375  26.419 0.0000000000
83981  -50.034  14.086  26.326 0.0000000000
98238  -35.507  39.651  11.804 0.0000000000
97727  -35.878  39.080  11.287 0.0000000000
97733  -36.706  39.243  10.726 0.0000000000
97250  -37.502  38.568  10.157 0.0000000000
95953  -46.828  35.069  6.330 0.0000000000
95500  -45.350  32.883  3.949 0.0000000000
94452  -45.097  30.965  2.637 0.0000000000
93881  -44.397  30.574  2.184 0.0000000000
93892  -43.701  30.159  1.731 0.0000000000
93330  -43.095  29.621  1.271 0.0000000000
93891  -42.381  30.323  1.526 0.0000000000
124777  -45.759  19.253  21.078 0.0000000000
87006  -46.480  19.267  21.293 0.0000000000
87007  -47.592  19.661  21.381 0.0000000000
87022  -48.065  20.337  20.922 0.0000000000
90372  -42.892  24.505  10.060 0.0000000000
90373  -43.887  24.537  10.151 0.0000000000
90407  -48.983  24.038  7.365 0.0000000000
90398  -48.741  25.065  8.007 0.0000000000
113942  -49.487  24.446  8.376 0.0000000000
89763  -49.872  24.427  8.996 0.0000000000
90385  -50.085  24.913  9.748 0.0000000000
108848  -50.407  23.222  10.468 0.0000000000
89758  -50.311  24.437  10.512 0.0000000000
124491  -50.278  24.796  11.195 0.0000000000
90353  -50.233  24.564  12.564 0.0000000000
90339  -50.210  24.679  13.426 0.0000000000
89733  -50.365  24.365  14.750 0.0000000000
89087  -50.486  23.853  15.359 0.0000000000
89092  -50.547  23.654  14.526 0.0000000000
109329  -50.615  22.186  15.057 0.0000000000
87740  -50.613  21.473  15.589 0.0000000000
88471  -51.085  21.058  13.667 0.0000000000
87735  -50.886  20.334  15.915 0.0000000000
87044  -51.303  19.553  16.259 0.0000000000
86418  -52.000  18.704  16.094 0.0000000000
86419  -52.395  17.856  16.529 0.0000000000
85797  -52.530  17.170  17.040 0.0000000000
86445  -52.522  17.889  15.552 0.0000000000
85830  -52.505  17.173  15.111 0.0000000000
85829  -52.083  16.944  14.839 0.0000000000
85841  -52.298  17.720  13.771 0.0000000000
85835  -52.027  17.219  14.121 0.0000000000
117396  -50.570  17.153  15.312 0.0000000000
122330  -49.487  17.691  15.337 0.0000000000
127609  -45.330  20.491  12.321 0.0000000000
87765  -44.886  20.205  13.069 0.0000000000
87764  -44.397  19.859  13.775 0.0000000000
86449  -43.821  19.375  14.855 0.0000000000
86438  -43.844  18.947  15.521 0.0000000000
108246  -43.206  18.679  15.801 0.0000000000
129915  -42.657  17.612  16.743 0.0000000000
92151  -41.635  27.750  5.914 0.0000000000
92141  -41.536  27.541  6.613 0.0000000000
91549  -42.629  26.383  6.069 0.0000000000
91010  -43.835  25.082  5.985 0.0000000000
110731  -43.397  25.171  5.089 0.0000000000
119763  -44.841  24.638  6.417 0.0000000000
90416  -45.523  24.216  6.041 0.0000000000
89779  -47.329  23.993  6.284 0.0000000000
89822  -44.283  23.052  2.747 0.0000000000
89150  -45.028  22.703  4.006 0.0000000000
89151  -45.857  22.376  4.233 0.0000000000
89169  -47.247  21.371  3.802 0.0000000000
89152  -46.782  22.175  4.384 0.0000000000
89803  -46.294  22.869  4.955 0.0000000000
89804  -47.234  22.721  5.105 0.0000000000
89790  -47.705  23.287  5.751 0.0000000000
89780  -48.638  23.749  6.737 0.0000000000
89781  -49.148  23.345  7.037 0.0000000000
89132  -49.524  22.878  7.503 0.0000000000
89133  -49.947  22.213  8.048 0.0000000000
88517  -50.369  20.737  6.834 0.0000000000
88509  -50.463  21.107  7.694 0.0000000000
88503  -50.513  21.458  8.550 0.0000000000
87829  -50.999  20.652  9.113 0.0000000000
87830  -51.443  19.719  9.628 0.0000000000
87123  -51.674  18.986  10.110 0.0000000000
118453  -51.640  18.781  10.690 0.0000000000
86473  -51.425  18.866  9.791 0.0000000000
87130  -50.942  18.717  9.662 0.0000000000
87129  -49.970  19.067  9.530 0.0000000000
87138  -49.802  19.089  8.686 0.0000000000
87120  -49.179  19.558  10.194 0.0000000000
87828  -48.278  20.108  9.938 0.0000000000
87812  -47.389  20.425  10.581 0.0000000000
87811  -46.506  20.611  10.689 0.0000000000
87182  -47.493  19.074  5.499 0.0000000000
87151  -46.876  19.659  7.136 0.0000000000
87856  -45.371  20.170  7.676 0.0000000000
87857  -46.236  20.153  7.783 0.0000000000
87843  -46.493  20.393  8.563 0.0000000000
82682  -47.793  12.341  23.221 0.0000000000
121555  -48.504  12.277  22.941 0.0000000000
82683  -49.355  12.292  23.096 0.0000000000
81139  -51.182  11.097  21.322 0.0000000000
81943  -52.803  11.398  21.777 0.0000000000
81929  -53.186  11.886  22.222 0.0000000000
82686  -52.433  12.391  22.729 0.0000000000
82687  -53.187  12.507  22.416 0.0000000000
83405  -53.215  13.156  22.313 0.0000000000
84031  -52.963  13.984  22.183 0.0000000000
96344  -34.032  35.891  13.121 0.0000000000
96361  -33.799  36.069  11.924 0.0000000000
96362  -33.861  35.297  11.877 0.0000000000
95903  -34.723  34.275  12.744 0.0000000000
123879  -35.469  33.269  12.200 0.0000000000
94916  -36.144  32.140  11.556 0.0000000000
93809  -36.806  30.872  10.971 0.0000000000
93817  -37.136  30.822  10.151 0.0000000000
93826  -37.646  30.719  9.392 0.0000000000
93827  -38.379  30.564  8.623 0.0000000000
119024  -37.209  32.872  8.673 0.0000000000
94391  -38.428  31.309  8.196 0.0000000000
93828  -39.045  30.014  8.159 0.0000000000
93837  -39.556  30.149  7.438 0.0000000000
93844  -40.061  30.244  6.725 0.0000000000
93291  -40.473  29.610  6.447 0.0000000000
96799  -38.263  36.865  8.744 0.0000000000
96802  -38.714  36.172  7.938 0.0000000000
127110  -39.013  34.837  7.459 0.0000000000
114774  -39.534  34.477  7.204 0.0000000000
95948  -41.316  34.281  6.638 0.0000000000
95456  -40.855  33.677  6.581 0.0000000000
94945  -40.431  32.749  6.554 0.0000000000
93851  -40.546  30.363  6.141 0.0000000000
126009  -40.767  29.802  5.909 0.0000000000
93298  -41.159  29.591  5.385 0.0000000000
93304  -41.609  29.339  4.665 0.0000000000
93305  -42.234  29.181  3.941 0.0000000000
123659  -42.686  30.495  4.432 0.0000000000
92166  -42.571  27.564  3.512 0.0000000000
91575  -42.829  26.795  3.164 0.0000000000
91576  -43.161  26.077  2.832 0.0000000000
111222  -43.542  26.162  2.045 0.0000000000
95476  -47.007  33.526  5.869 0.0000000000
94421  -47.402  31.750  5.114 0.0000000000
93872  -46.668  29.870  3.545 0.0000000000
93315  -46.737  29.585  3.012 0.0000000000
93314  -46.549  29.187  2.973 0.0000000000
92754  -45.506  28.830  2.923 0.0000000000
92178  -44.549  27.433  1.786 0.0000000000
91586  -44.487  26.676  1.430 0.0000000000
91039  -43.817  25.676  1.424 0.0000000000
90454  -44.189  25.031  0.750 0.0000000000
89836  -44.802  23.438  0.213 0.0000000000
89841  -45.127  23.378  -0.638 0.0000000000
118534  -45.324  24.995  -0.385 0.0000000000
90462  -45.230  24.131  -0.749 0.0000000000
89199  -44.896  22.767  -0.897 0.0000000000
88583  -44.221  22.368  -1.016 0.0000000000
88582  -43.863  21.942  -0.812 0.0000000000
91066  -43.425  25.042  -2.182 0.0000000000
90473  -42.958  24.795  -2.326 0.0000000000
92774  -42.426  28.569  0.014 0.0000000000
92786  -42.162  28.192  -0.869 0.0000000000
83360  -48.387  13.839  27.627 0.0000000000
83372  -47.784  14.178  26.556 0.0000000000
83361  -49.189  13.898  27.560 0.0000000000
83979  -49.220  14.308  26.819 0.0000000000
83980  -49.616  14.326  26.496 0.0000000000
83993  -49.897  14.778  26.002 0.0000000000
85181  -45.732  16.420  22.743 0.0000000000
85167  -46.798  16.272  23.413 0.0000000000
84577  -47.364  16.055  23.922 0.0000000000
85765  -47.374  17.603  22.977 0.0000000000
85168  -47.521  16.833  23.522 0.0000000000
84559  -48.118  15.888  24.709 0.0000000000
84560  -49.074  16.095  25.239 0.0000000000
84548  -49.557  15.480  25.678 0.0000000000
84549  -50.328  15.390  25.462 0.0000000000
84562  -50.879  15.534  24.891 0.0000000000
84563  -51.238  15.460  24.176 0.0000000000
85154  -50.787  16.924  24.314 0.0000000000
84578  -51.597  15.429  23.284 0.0000000000
114722  -52.662  14.738  21.989 0.0000000000
89718  -43.005  23.679  15.538 0.0000000000
89708  -44.111  23.148  16.281 0.0000000000
89082  -44.610  22.642  16.885 0.0000000000
92135  -41.971  26.898  6.958 0.0000000000
90976  -43.648  24.921  8.075 0.0000000000
90383  -44.151  24.480  9.412 0.0000000000
90374  -44.805  24.565  10.055 0.0000000000
108016  -45.379  24.790  10.703 0.0000000000
90981  -48.906  25.446  8.515 0.0000000000
108010  -48.644  25.619  8.850 0.0000000000
90966  -48.035  25.577  9.472 0.0000000000
90939  -48.615  25.336  10.854 0.0000000000
90954  -47.848  25.372  10.346 0.0000000000
90953  -47.097  25.238  9.985 0.0000000000
108673  -46.282  24.880  10.475 0.0000000000
90937  -45.773  24.780  11.159 0.0000000000
90334  -45.364  23.806  13.051 0.0000000000
89740  -45.984  23.651  13.901 0.0000000000
90318  -47.028  23.663  13.900 0.0000000000
89731  -46.527  23.588  14.556 0.0000000000
89730  -45.655  23.591  14.716 0.0000000000
89720  -45.316  23.395  15.492 0.0000000000
89709  -44.944  23.059  16.159 0.0000000000
89071  -44.638  22.150  17.667 0.0000000000
127013  -45.277  21.954  18.046 0.0000000000
89056  -46.089  21.989  18.129 0.0000000000
88445  -46.598  21.589  18.844 0.0000000000
89074  -47.643  22.505  17.637 0.0000000000
88430  -47.043  21.249  19.538 0.0000000000
88431  -47.923  21.192  19.806 0.0000000000
110133  -48.707  20.720  20.657 0.0000000000
87707  -49.257  20.758  20.625 0.0000000000
89698  -50.177  23.325  16.632 0.0000000000
89077  -49.902  22.765  17.254 0.0000000000
89060  -49.540  22.027  17.990 0.0000000000
87732  -49.919  21.469  17.880 0.0000000000
108718  -49.646  21.645  18.173 0.0000000000
88449  -49.506  21.439  18.594 0.0000000000
87708  -49.700  20.681  20.553 0.0000000000
87694  -49.589  20.553  21.142 0.0000000000
87010  -50.390  20.146  21.913 0.0000000000
86376  -50.756  19.602  22.411 0.0000000000
86377  -51.265  18.862  21.122 0.0000000000
85777  -51.501  18.103  21.588 0.0000000000
128037  -52.338  15.889  21.692 0.0000000000
84041  -52.554  14.497  20.899 0.0000000000
84040  -52.114  14.292  20.647 0.0000000000
84604  -52.339  15.890  19.706 0.0000000000
84039  -51.018  14.044  20.552 0.0000000000
83415  -49.971  13.905  20.214 0.0000000000
85212  -51.348  16.407  18.180 0.0000000000
85230  -50.896  16.624  17.440 0.0000000000
84614  -50.988  15.996  18.944 0.0000000000
84601  -49.632  15.220  19.648 0.0000000000
84050  -49.336  14.509  19.822 0.0000000000
109626  -49.149  13.739  19.709 0.0000000000
84611  -47.583  15.432  18.731 0.0000000000
108742  -47.053  13.989  18.787 0.0000000000
86469  -51.528  18.516  11.171 0.0000000000
87111  -49.717  18.751  12.740 0.0000000000
86460  -50.275  18.193  13.264 0.0000000000
85827  -48.517  18.044  15.768 0.0000000000
87108  -46.493  20.119  13.038 0.0000000000
122052  -46.252  19.077  15.171 0.0000000000
86452  -46.938  19.111  14.949 0.0000000000
128400  -47.325  18.824  15.265 0.0000000000
85826  -47.720  18.466  15.606 0.0000000000
85818  -47.781  17.824  16.364 0.0000000000
84627  -45.554  15.684  17.844 0.0000000000
81157  -51.406  10.673  20.738 0.0000000000
81880  -48.985  11.928  26.883 0.0000000000
82635  -49.608  12.383  27.237 0.0000000000
83978  -48.718  14.245  27.007 0.0000000000
84024  -45.427  14.658  23.927 0.0000000000
84056  -47.229  14.662  18.843 0.0000000000
84600  -48.783  15.131  19.425 0.0000000000
84609  -45.994  15.130  18.271 0.0000000000
85151  -48.040  16.511  24.144 0.0000000000
85187  -41.546  16.710  21.854 0.0000000000
85753  -48.119  17.561  23.495 0.0000000000
86385  -51.431  18.728  20.148 0.0000000000
86479  -51.320  18.889  9.096 0.0000000000
86485  -51.109  18.784  8.485 0.0000000000
86497  -49.259  18.512  5.960 0.0000000000
86499  -50.614  18.603  6.967 0.0000000000
87008  -49.099  20.033  22.080 0.0000000000
87009  -49.788  20.303  21.916 0.0000000000
87011  -50.869  19.659  21.615 0.0000000000
87136  -48.023  19.907  8.123 0.0000000000
87139  -51.332  18.988  8.621 0.0000000000
87154  -49.682  18.936  7.774 0.0000000000
87191  -45.107  19.540  3.816 0.0000000000
87195  -48.751  19.180  4.262 0.0000000000
87204  -45.992  19.558  2.554 0.0000000000
87223  -44.722  19.918  0.818 0.0000000000
87231  -44.124  20.258  0.137 0.0000000000
87232  -44.550  20.163  0.486 0.0000000000
87720  -49.770  20.815  19.829 0.0000000000
87847  -51.330  19.589  8.810 0.0000000000
87859  -50.880  19.970  7.399 0.0000000000
87866  -50.145  20.326  6.008 0.0000000000
87885  -49.311  19.444  4.679 0.0000000000
87893  -43.464  20.178  2.561 0.0000000000
87911  -45.293  20.152  1.159 0.0000000000
87920  -44.842  20.389  0.487 0.0000000000
87928  -43.747  20.614  -0.089 0.0000000000
87929  -44.327  20.962  -0.315 0.0000000000
87930  -44.742  21.158  -0.085 0.0000000000
87934  -43.830  21.163  -0.446 0.0000000000
88419  -48.780  21.064  20.093 0.0000000000
88433  -49.482  21.147  19.251 0.0000000000
88459  -50.533  22.671  15.761 0.0000000000
88516  -49.753  21.405  6.341 0.0000000000
88543  -47.563  20.514  3.398 0.0000000000
89080  -42.732  22.807  16.803 0.0000000000
89084  -47.158  22.780  16.876 0.0000000000
89085  -50.415  23.163  16.346 0.0000000000
89119  -50.291  22.913  9.600 0.0000000000
89166  -44.846  22.490  3.128 0.0000000000
89168  -46.383  21.601  3.624 0.0000000000
89205  -44.689  22.956  -1.349 0.0000000000
89206  -44.742  22.752  -1.078 0.0000000000
89211  -44.131  22.610  -1.200 0.0000000000
89711  -47.669  23.286  16.302 0.0000000000
89714  -50.392  23.747  16.045 0.0000000000
89722  -47.779  23.618  15.586 0.0000000000
89724  -50.181  24.300  15.488 0.0000000000
89741  -50.454  24.296  13.961 0.0000000000
89753  -50.455  23.973  12.286 0.0000000000
89791  -48.408  23.125  5.976 0.0000000000
89830  -44.340  23.107  1.208 0.0000000000
89842  -45.142  23.371  -1.182 0.0000000000
89848  -44.739  23.411  -1.559 0.0000000000
90307  -49.467  24.525  15.160 0.0000000000
90308  -49.951  24.668  15.193 0.0000000000
90351  -48.845  24.703  12.208 0.0000000000
90375  -50.114  25.185  10.509 0.0000000000
90393  -43.505  24.594  8.888 0.0000000000
90399  -49.102  24.566  7.892 0.0000000000
90429  -44.192  24.112  4.929 0.0000000000
90444  -43.530  24.554  2.771 0.0000000000
90455  -44.882  24.479  0.236 0.0000000000
90456  -45.420  24.990  -0.079 0.0000000000
90469  -45.081  23.742  -1.422 0.0000000000
90475  -44.473  23.902  -1.666 0.0000000000
90476  -44.853  23.611  -1.603 0.0000000000
90941  -49.842  25.222  11.291 0.0000000000
90942  -50.116  25.155  11.022 0.0000000000
90951  -44.508  24.980  10.904 0.0000000000
90967  -48.999  25.775  9.542 0.0000000000
90977  -44.389  24.795  7.851 0.0000000000
91047  -45.789  25.708  -0.058 0.0000000000
91060  -44.229  24.972  -1.627 0.0000000000
91534  -42.221  25.848  8.093 0.0000000000
91568  -42.752  25.939  4.600 0.0000000000
91600  -45.720  26.204  -0.301 0.0000000000
92171  -44.049  27.817  2.236 0.0000000000
92172  -45.351  28.056  2.100 0.0000000000
92180  -45.815  27.902  1.307 0.0000000000
92738  -41.389  28.629  5.444 0.0000000000
92744  -41.802  28.485  4.525 0.0000000000
92745  -42.374  28.384  3.727 0.0000000000
92752  -42.990  28.326  3.017 0.0000000000
92759  -43.644  28.219  2.610 0.0000000000
92760  -44.742  28.361  2.476 0.0000000000
92762  -46.322  28.750  2.044 0.0000000000
92777  -45.781  28.495  1.105 0.0000000000
93276  -38.639  29.687  8.852 0.0000000000
93292  -40.901  29.110  6.031 0.0000000000
93341  -45.351  29.068  1.158 0.0000000000
93873  -46.868  30.395  3.546 0.0000000000
93882  -45.974  30.254  2.296 0.0000000000
94379  -36.454  31.539  11.208 0.0000000000
94400  -39.403  31.692  7.235 0.0000000000
94407  -40.007  31.768  6.651 0.0000000000
94416  -40.853  31.070  5.813 0.0000000000
94420  -45.997  31.479  5.183 0.0000000000
94422  -47.721  31.894  4.898 0.0000000000
94431  -46.940  30.999  4.754 0.0000000000
94432  -47.497  31.431  4.618 0.0000000000
94433  -47.606  31.763  4.685 0.0000000000
94442  -45.686  31.415  3.133 0.0000000000
94443  -46.965  31.150  3.546 0.0000000000
94461  -41.885  31.008  1.880 0.0000000000
94904  -35.803  32.735  11.922 0.0000000000
94920  -36.150  32.138  10.703 0.0000000000
94924  -36.764  32.021  9.559 0.0000000000
94927  -37.337  32.135  8.880 0.0000000000
94928  -37.848  32.690  8.235 0.0000000000
94957  -43.592  32.526  5.648 0.0000000000
94960  -47.551  32.621  5.220 0.0000000000
94967  -46.752  32.654  4.255 0.0000000000
94968  -47.553  32.383  4.668 0.0000000000
94982  -47.159  31.978  4.058 0.0000000000
95414  -34.837  33.705  12.102 0.0000000000
95415  -36.078  33.149  12.621 0.0000000000
95428  -35.274  33.242  11.512 0.0000000000
95430  -35.333  33.327  10.563 0.0000000000
95431  -35.859  33.066  9.831 0.0000000000
95436  -35.413  33.818  9.822 0.0000000000
95448  -39.192  33.612  7.281 0.0000000000
95449  -39.994  33.663  6.840 0.0000000000
95450  -40.525  34.501  6.839 0.0000000000
95458  -42.613  33.837  6.413 0.0000000000
95462  -47.186  34.483  6.066 0.0000000000
95474  -44.330  33.245  6.056 0.0000000000
95475  -45.793  33.317  6.070 0.0000000000
95487  -47.550  32.989  5.114 0.0000000000
95892  -35.513  34.337  13.244 0.0000000000
95893  -36.380  34.508  13.521 0.0000000000
95915  -34.243  34.421  12.038 0.0000000000
95921  -34.235  34.668  11.371 0.0000000000
95937  -37.290  34.158  8.353 0.0000000000
95943  -37.826  34.752  7.927 0.0000000000
95951  -44.539  34.865  6.725 0.0000000000
95959  -47.195  35.067  6.068 0.0000000000
95963  -47.114  34.064  5.370 0.0000000000
96333  -36.154  35.893  14.263 0.0000000000
96345  -34.612  35.523  13.493 0.0000000000
96347  -36.678  35.197  13.929 0.0000000000
96359  -34.120  35.110  12.765 0.0000000000
96364  -34.282  35.363  11.026 0.0000000000
96365  -34.811  35.416  10.262 0.0000000000
96371  -37.027  35.831  8.657 0.0000000000
96372  -37.784  35.777  8.205 0.0000000000
96375  -39.372  35.434  7.496 0.0000000000
96376  -40.688  35.274  7.102 0.0000000000
96383  -41.473  35.104  6.851 0.0000000000
96386  -45.444  36.019  6.980 0.0000000000
96387  -46.712  35.615  6.143 0.0000000000
96764  -34.966  36.926  14.097 0.0000000000
96783  -33.938  36.755  12.251 0.0000000000
96786  -34.222  36.624  11.566 0.0000000000
96790  -36.253  37.013  9.940 0.0000000000
96795  -37.653  37.196  9.324 0.0000000000
96805  -42.736  37.325  7.613 0.0000000000
96806  -43.867  37.301  7.460 0.0000000000
96807  -44.888  37.745  7.295 0.0000000000
96808  -45.562  37.782  7.027 0.0000000000
97244  -35.295  38.015  11.319 0.0000000000
97248  -35.572  37.331  10.663 0.0000000000
98231  -35.092  39.475  12.558 0.0000000000
108824  -42.459  26.508  6.699 0.0000000000
109116  -50.590  23.086  15.152 0.0000000000
109618  -47.384  20.514  20.476 0.0000000000
110445  -49.692  25.208  9.095 0.0000000000
110500  -43.564  31.204  2.543 0.0000000000
110565  -48.094  24.360  6.772 0.0000000000
110737  -52.178  17.714  18.984 0.0000000000
111294  -49.927  18.190  13.806 0.0000000000
113274  -46.310  35.687  6.523 0.0000000000
114044  -44.292  22.858  1.985 0.0000000000
114149  -45.858  28.051  0.969 0.0000000000
114303  -34.988  39.431  13.098 0.0000000000
114989  -45.952  29.277  3.312 0.0000000000
115068  -44.488  19.543  14.403 0.0000000000
115240  -34.051  35.911  11.426 0.0000000000
117105  -43.225  25.697  6.243 0.0000000000
117170  -45.938  19.783  20.691 0.0000000000
117607  -48.327  25.307  8.235 0.0000000000
118011  -35.406  36.262  10.072 0.0000000000
118336  -41.397  30.953  5.320 0.0000000000
119472  -49.736  19.116  5.250 0.0000000000
120482  -42.724  25.402  -2.526 0.0000000000
121303  -38.115  31.948  8.229 0.0000000000
121406  -38.764  31.782  7.704 0.0000000000
121604  -45.414  22.767  16.645 0.0000000000
122085  -51.347  17.341  14.059 0.0000000000
122258  -45.674  24.591  6.667 0.0000000000
122746  -45.986  20.533  11.924 0.0000000000
123032  -44.065  20.540  -0.172 0.0000000000
124090  -35.843  32.701  10.388 0.0000000000
124511  -43.025  25.522  4.875 0.0000000000
124912  -49.601  24.882  8.731 0.0000000000
125059  -43.727  23.473  15.824 0.0000000000
125548  -43.479  20.829  0.168 0.0000000000
125904  -38.982  32.951  7.416 0.0000000000
126202  -50.305  24.500  11.853 0.0000000000
126797  -47.766  25.033  10.983 0.0000000000
126871  -39.898  28.794  7.758 0.0000000000
127018  -48.085  23.733  6.298 0.0000000000
129003  -47.207  34.614  5.897 0.0000000000
129124  -43.792  15.465  22.799 0.0000000000
