#!ascii label  , from subject sub-v1s12x0050113_ses-1 vox2ras=TkReg
1815
129764  -39.904  -25.571  46.785 0.0000000000
64082  -51.035  -10.850  27.967 0.0000000000
53243  -44.626  -24.472  31.854 0.0000000000
38943  -14.350  -40.829  43.394 0.0000000000
42266  -29.879  -36.624  46.308 0.0000000000
123757  -9.410  -34.818  42.083 0.0000000000
45589  -11.228  -34.334  50.847 0.0000000000
60705  -45.236  -15.394  32.629 0.0000000000
49841  -8.350  -28.799  37.379 0.0000000000
116012  -10.603  -44.372  51.378 0.0000000000
50693  -37.777  -27.156  39.348 0.0000000000
51414  -34.641  -25.732  44.996 0.0000000000
50585  -33.544  -27.462  49.649 0.0000000000
65670  -52.799  -8.734  25.680 0.0000000000
122439  -46.629  -19.576  31.757 0.0000000000
41434  -24.819  -38.160  43.744 0.0000000000
50640  -8.492  -27.195  44.198 0.0000000000
40565  -10.468  -38.679  42.464 0.0000000000
43222  -12.324  -35.834  38.853 0.0000000000
125563  -14.794  -40.539  37.629 0.0000000000
37268  -18.224  -43.285  53.217 0.0000000000
38070  -13.032  -41.350  55.540 0.0000000000
52349  -43.257  -24.737  35.398 0.0000000000
47982  -32.766  -29.786  51.238 0.0000000000
45689  -29.598  -33.376  44.281 0.0000000000
114726  -9.809  -35.025  46.509 0.0000000000
40478  -8.880  -38.821  47.748 0.0000000000
63208  -47.885  -11.897  31.130 0.0000000000
125935  -21.266  -42.372  50.985 0.0000000000
121512  -21.996  -40.602  47.705 0.0000000000
47307  -8.172  -32.082  39.816 0.0000000000
45806  -10.558  -33.153  34.874 0.0000000000
43915  -13.263  -35.437  54.363 0.0000000000
124256  -9.621  -38.934  53.180 0.0000000000
38123  -11.218  -42.995  48.593 0.0000000000
52207  -40.377  -25.166  44.923 0.0000000000
49758  -38.165  -27.009  44.801 0.0000000000
49785  -39.021  -27.211  43.150 0.0000000000
119517  -37.476  -26.410  46.710 0.0000000000
49771  -36.183  -27.477  43.747 0.0000000000
109460  -36.897  -25.431  48.937 0.0000000000
64849  -52.183  -9.507  26.683 0.0000000000
62436  -48.000  -12.451  27.075 0.0000000000
63274  -49.473  -11.724  25.869 0.0000000000
64113  -51.108  -10.413  24.367 0.0000000000
54901  -46.179  -22.605  31.023 0.0000000000
107548  -41.951  -25.521  31.815 0.0000000000
52457  -43.131  -25.293  29.592 0.0000000000
54128  -44.534  -23.402  29.093 0.0000000000
41432  -13.704  -38.318  43.572 0.0000000000
41498  -14.754  -37.956  41.285 0.0000000000
39740  -15.379  -40.616  41.291 0.0000000000
38251  -13.462  -42.638  37.868 0.0000000000
37397  -13.792  -43.192  41.302 0.0000000000
35476  -17.392  -43.621  52.283 0.0000000000
35463  -15.940  -44.036  52.796 0.0000000000
52307  -42.045  -24.739  37.237 0.0000000000
52280  -39.069  -25.183  40.087 0.0000000000
51495  -37.628  -26.649  38.128 0.0000000000
52305  -39.597  -24.576  37.729 0.0000000000
113888  -40.476  -24.814  35.113 0.0000000000
109781  -34.169  -27.160  53.317 0.0000000000
49743  -31.136  -28.444  46.496 0.0000000000
48026  -30.842  -30.346  47.300 0.0000000000
66475  -52.994  -8.108  21.957 0.0000000000
67227  -53.642  -6.839  21.051 0.0000000000
44817  -10.291  -34.691  48.756 0.0000000000
43125  -8.877  -36.686  46.634 0.0000000000
43102  -8.533  -37.351  49.235 0.0000000000
63197  -46.323  -12.422  32.325 0.0000000000
58201  -44.684  -18.225  30.066 0.0000000000
60731  -44.407  -15.587  30.530 0.0000000000
62412  -45.102  -13.546  29.740 0.0000000000
38089  -21.978  -42.182  52.514 0.0000000000
38095  -23.124  -41.814  51.263 0.0000000000
47287  -11.447  -31.191  41.749 0.0000000000
48062  -9.775  -29.952  42.038 0.0000000000
46537  -8.756  -33.188  40.837 0.0000000000
43237  -14.143  -35.871  36.150 0.0000000000
45773  -11.799  -33.467  37.207 0.0000000000
44099  -11.530  -35.530  34.759 0.0000000000
41324  -14.437  -38.149  54.025 0.0000000000
37259  -11.741  -42.627  54.482 0.0000000000
124559  -10.563  -40.082  54.963 0.0000000000
119759  -10.606  -41.565  53.203 0.0000000000
39644  -10.775  -40.363  51.151 0.0000000000
107624  -10.638  -43.236  51.005 0.0000000000
51457  -39.459  -26.268  41.948 0.0000000000
51360  -35.438  -26.467  51.858 0.0000000000
52145  -36.611  -25.455  50.483 0.0000000000
109048  -34.508  -25.455  47.908 0.0000000000
67188  -54.459  -7.015  24.729 0.0000000000
64883  -51.894  -9.385  23.239 0.0000000000
58984  -45.992  -18.077  31.964 0.0000000000
56650  -44.917  -20.521  28.988 0.0000000000
127275  -28.234  -37.566  42.947 0.0000000000
111210  -27.690  -38.673  44.765 0.0000000000
50661  -8.069  -27.660  40.528 0.0000000000
42304  -8.983  -37.194  41.689 0.0000000000
43203  -8.781  -36.216  40.186 0.0000000000
42321  -11.053  -37.808  40.384 0.0000000000
115741  -15.409  -37.042  37.986 0.0000000000
40653  -13.121  -39.094  36.638 0.0000000000
121678  -17.766  -40.653  54.803 0.0000000000
39620  -15.367  -40.123  55.497 0.0000000000
37250  -15.382  -42.225  55.252 0.0000000000
36391  -13.218  -43.846  54.260 0.0000000000
52385  -44.288  -24.627  33.624 0.0000000000
128739  -41.078  -25.231  32.937 0.0000000000
118263  -30.662  -33.554  49.077 0.0000000000
48840  -32.816  -28.456  49.953 0.0000000000
112182  -30.582  -32.216  47.680 0.0000000000
126351  -29.504  -35.585  44.810 0.0000000000
46518  -13.273  -32.317  43.528 0.0000000000
45658  -13.376  -33.491  46.092 0.0000000000
44867  -9.865  -35.354  44.459 0.0000000000
42274  -8.263  -37.404  44.276 0.0000000000
40506  -8.910  -38.979  44.954 0.0000000000
126235  -12.549  -39.193  46.603 0.0000000000
64070  -49.776  -11.568  29.692 0.0000000000
62414  -46.941  -12.574  28.892 0.0000000000
38872  -20.127  -41.504  53.743 0.0000000000
122568  -19.529  -43.074  52.113 0.0000000000
36436  -17.928  -42.965  50.203 0.0000000000
39686  -26.457  -39.359  46.434 0.0000000000
112231  -25.967  -39.972  48.186 0.0000000000
38895  -24.852  -41.340  50.558 0.0000000000
37316  -21.574  -41.420  49.453 0.0000000000
36448  -19.304  -42.073  48.418 0.0000000000
49765  -9.360  -28.227  44.920 0.0000000000
48930  -8.342  -29.704  41.420 0.0000000000
48114  -8.378  -30.921  38.907 0.0000000000
44923  -8.603  -34.678  38.984 0.0000000000
45769  -8.894  -33.188  38.045 0.0000000000
47333  -8.800  -31.694  36.108 0.0000000000
44760  -11.817  -34.700  53.291 0.0000000000
41311  -13.055  -38.652  55.840 0.0000000000
43060  -10.660  -36.764  54.923 0.0000000000
43923  -9.539  -36.611  52.563 0.0000000000
41365  -8.866  -38.329  50.143 0.0000000000
40472  -11.751  -39.993  48.732 0.0000000000
38921  -12.323  -42.028  46.225 0.0000000000
129792  -9.755  -45.381  49.315 0.0000000000
37325  -9.996  -44.621  47.828 0.0000000000
37387  -11.967  -43.656  43.152 0.0000000000
51408  -40.214  -25.588  46.155 0.0000000000
53112  -40.413  -24.315  47.331 0.0000000000
50608  -38.731  -26.636  46.014 0.0000000000
51417  -39.672  -26.545  45.241 0.0000000000
51395  -39.049  -26.078  46.942 0.0000000000
50607  -38.286  -26.686  46.121 0.0000000000
53111  -39.880  -24.721  47.584 0.0000000000
52167  -38.918  -25.087  48.033 0.0000000000
64836  -51.600  -10.337  27.625 0.0000000000
63249  -49.815  -11.668  27.639 0.0000000000
63267  -49.280  -11.866  26.561 0.0000000000
64097  -50.454  -11.110  26.681 0.0000000000
64098  -50.869  -10.597  26.331 0.0000000000
53255  -45.166  -23.950  31.510 0.0000000000
114130  -47.394  -22.228  32.478 0.0000000000
53245  -46.201  -23.728  32.876 0.0000000000
52437  -42.712  -25.665  30.251 0.0000000000
53253  -43.985  -24.908  30.514 0.0000000000
53267  -44.375  -24.276  30.127 0.0000000000
39696  -14.324  -39.392  44.200 0.0000000000
40567  -15.108  -39.234  42.649 0.0000000000
38955  -14.431  -41.339  42.581 0.0000000000
38209  -14.383  -42.370  41.148 0.0000000000
127501  -13.917  -42.046  42.342 0.0000000000
35489  -16.411  -43.940  50.663 0.0000000000
35479  -15.687  -44.464  51.532 0.0000000000
127669  -40.405  -24.257  40.187 0.0000000000
53198  -39.607  -24.538  38.766 0.0000000000
53199  -40.663  -24.482  38.343 0.0000000000
52306  -40.998  -24.573  37.400 0.0000000000
67215  -53.876  -6.994  22.889 0.0000000000
67225  -53.327  -7.472  21.523 0.0000000000
67998  -54.463  -5.839  21.630 0.0000000000
44802  -10.434  -34.638  49.622 0.0000000000
44815  -9.525  -35.384  48.885 0.0000000000
44788  -9.592  -35.411  50.096 0.0000000000
62372  -45.412  -13.603  32.564 0.0000000000
63188  -47.111  -12.605  34.073 0.0000000000
59826  -45.079  -16.726  31.738 0.0000000000
58997  -44.449  -17.451  30.273 0.0000000000
60719  -44.791  -14.831  31.944 0.0000000000
61519  -44.931  -14.078  31.362 0.0000000000
38880  -23.773  -40.968  52.317 0.0000000000
38883  -24.022  -41.225  51.562 0.0000000000
43121  -30.124  -36.321  47.886 0.0000000000
41409  -29.235  -37.335  46.403 0.0000000000
50691  -8.019  -27.419  38.338 0.0000000000
46528  -10.839  -32.890  41.562 0.0000000000
46539  -10.162  -32.203  41.216 0.0000000000
45714  -9.060  -33.614  41.210 0.0000000000
42401  -12.779  -36.942  35.546 0.0000000000
44100  -12.712  -35.221  35.138 0.0000000000
43248  -10.901  -36.364  35.017 0.0000000000
42199  -14.688  -37.470  52.381 0.0000000000
41325  -15.191  -38.651  53.682 0.0000000000
36397  -10.962  -43.326  53.291 0.0000000000
38086  -10.878  -42.467  53.397 0.0000000000
37277  -10.836  -43.204  52.049 0.0000000000
38094  -10.787  -42.991  51.696 0.0000000000
37281  -10.674  -43.586  51.159 0.0000000000
51443  -39.705  -26.374  43.237 0.0000000000
123822  -39.360  -26.716  42.396 0.0000000000
52244  -39.807  -25.522  42.467 0.0000000000
52255  -39.709  -24.973  41.767 0.0000000000
52176  -36.044  -25.529  47.486 0.0000000000
52163  -35.443  -25.403  48.308 0.0000000000
52192  -34.847  -25.324  46.401 0.0000000000
129080  -32.681  -25.789  45.578 0.0000000000
66427  -53.910  -7.630  25.053 0.0000000000
64869  -51.676  -9.290  24.542 0.0000000000
64874  -51.530  -9.814  23.813 0.0000000000
65686  -52.094  -8.905  24.218 0.0000000000
66451  -52.985  -8.047  23.583 0.0000000000
58190  -46.156  -18.799  31.697 0.0000000000
58953  -46.799  -17.263  33.439 0.0000000000
58158  -47.155  -18.090  33.229 0.0000000000
55800  -45.893  -21.548  29.847 0.0000000000
129671  -44.593  -22.040  28.473 0.0000000000
56636  -46.031  -20.645  30.118 0.0000000000
57419  -45.722  -19.732  30.289 0.0000000000
51449  -8.602  -25.974  42.707 0.0000000000
51456  -8.604  -26.271  41.016 0.0000000000
50651  -8.162  -27.596  42.291 0.0000000000
41448  -9.312  -37.983  42.326 0.0000000000
41493  -9.763  -37.683  41.305 0.0000000000
41471  -10.801  -38.248  41.546 0.0000000000
40603  -15.704  -39.259  39.475 0.0000000000
42343  -15.373  -37.757  39.510 0.0000000000
40635  -15.464  -39.151  37.721 0.0000000000
41553  -14.765  -38.163  36.537 0.0000000000
121011  -13.699  -39.831  36.962 0.0000000000
114564  -12.863  -41.279  37.436 0.0000000000
38080  -18.243  -41.941  54.650 0.0000000000
38078  -16.551  -42.007  55.330 0.0000000000
37261  -16.395  -43.205  54.425 0.0000000000
35468  -14.586  -44.504  52.863 0.0000000000
35454  -14.359  -44.015  53.711 0.0000000000
127808  -13.301  -44.990  52.982 0.0000000000
35459  -12.669  -44.721  53.540 0.0000000000
52368  -43.404  -24.696  34.562 0.0000000000
113887  -41.417  -24.774  35.211 0.0000000000
52366  -41.031  -24.896  34.341 0.0000000000
52367  -41.949  -24.813  34.500 0.0000000000
107555  -42.222  -25.177  32.739 0.0000000000
47192  -32.479  -30.440  51.483 0.0000000000
125238  -31.094  -33.200  50.240 0.0000000000
46444  -31.414  -32.252  50.079 0.0000000000
50570  -34.667  -26.740  51.077 0.0000000000
50569  -34.301  -27.359  51.257 0.0000000000
49703  -33.116  -28.046  49.830 0.0000000000
47275  -30.101  -32.004  45.721 0.0000000000
128563  -30.921  -30.679  47.754 0.0000000000
46509  -29.989  -32.737  45.850 0.0000000000
119744  -30.022  -34.110  46.222 0.0000000000
44881  -29.670  -34.526  44.717 0.0000000000
43177  -29.284  -35.512  43.336 0.0000000000
45646  -11.733  -34.242  47.022 0.0000000000
124882  -12.053  -34.242  46.343 0.0000000000
45666  -12.249  -34.234  44.950 0.0000000000
44854  -10.259  -34.969  45.430 0.0000000000
44027  -9.213  -36.006  44.644 0.0000000000
44015  -9.359  -35.909  45.548 0.0000000000
41394  -8.511  -38.436  47.391 0.0000000000
121461  -8.198  -38.248  45.799 0.0000000000
110628  -9.061  -38.957  46.003 0.0000000000
40509  -11.823  -38.952  45.634 0.0000000000
119306  -11.237  -39.156  47.111 0.0000000000
63221  -49.075  -11.746  30.095 0.0000000000
112009  -50.466  -11.208  31.063 0.0000000000
64055  -49.327  -11.494  31.864 0.0000000000
63218  -46.441  -12.570  30.665 0.0000000000
62413  -46.024  -12.856  29.215 0.0000000000
63233  -47.556  -12.294  29.499 0.0000000000
63234  -48.369  -12.071  29.297 0.0000000000
39632  -20.997  -40.479  53.367 0.0000000000
37279  -22.090  -42.255  52.037 0.0000000000
37274  -20.542  -42.702  52.442 0.0000000000
36413  -20.834  -42.670  51.911 0.0000000000
126134  -18.839  -43.127  51.649 0.0000000000
109444  -19.626  -42.423  50.540 0.0000000000
40531  -26.184  -38.801  44.207 0.0000000000
40516  -27.304  -39.057  45.455 0.0000000000
118463  -25.736  -38.943  44.951 0.0000000000
39685  -23.137  -39.788  47.084 0.0000000000
40483  -24.667  -39.452  46.928 0.0000000000
39668  -24.442  -40.247  48.190 0.0000000000
38916  -25.308  -40.803  49.442 0.0000000000
38914  -23.221  -40.992  48.882 0.0000000000
38116  -23.225  -41.817  50.178 0.0000000000
38913  -22.337  -40.863  48.635 0.0000000000
116486  -19.301  -41.891  46.852 0.0000000000
127974  -10.067  -28.802  45.289 0.0000000000
129631  -8.723  -31.217  40.736 0.0000000000
48061  -8.937  -29.930  41.745 0.0000000000
48073  -8.454  -31.210  40.503 0.0000000000
48940  -8.157  -29.453  40.265 0.0000000000
48097  -8.245  -31.215  39.734 0.0000000000
43206  -10.349  -36.833  39.233 0.0000000000
44064  -8.648  -35.651  39.736 0.0000000000
44073  -9.819  -35.368  38.494 0.0000000000
45789  -11.312  -33.077  36.417 0.0000000000
45771  -9.815  -33.365  37.401 0.0000000000
46582  -9.795  -32.706  35.922 0.0000000000
122069  -9.079  -32.193  36.583 0.0000000000
46590  -9.259  -32.529  35.131 0.0000000000
46589  -8.580  -32.258  34.721 0.0000000000
43914  -12.720  -35.407  54.509 0.0000000000
39613  -13.833  -40.370  55.905 0.0000000000
40400  -14.173  -39.618  55.691 0.0000000000
40398  -12.775  -39.852  55.964 0.0000000000
40402  -10.037  -39.667  54.358 0.0000000000
41308  -10.783  -38.674  55.432 0.0000000000
41319  -9.785  -38.115  54.182 0.0000000000
43064  -9.910  -36.747  53.534 0.0000000000
42193  -9.262  -37.839  52.730 0.0000000000
42207  -8.770  -37.830  51.092 0.0000000000
40442  -9.431  -38.757  52.125 0.0000000000
38902  -11.321  -42.137  50.126 0.0000000000
39651  -11.106  -40.414  50.363 0.0000000000
39666  -12.041  -40.899  48.944 0.0000000000
38918  -12.734  -40.957  47.567 0.0000000000
118064  -11.617  -42.757  47.172 0.0000000000
117442  -8.326  -46.126  48.429 0.0000000000
36446  -9.711  -45.281  48.673 0.0000000000
52221  -40.443  -24.940  43.911 0.0000000000
48898  -37.434  -27.788  43.402 0.0000000000
48924  -37.676  -28.266  42.525 0.0000000000
118420  -38.283  -27.472  43.949 0.0000000000
51433  -39.876  -26.464  44.464 0.0000000000
51403  -36.557  -26.058  46.598 0.0000000000
50621  -37.046  -26.874  45.008 0.0000000000
49773  -37.334  -27.338  43.967 0.0000000000
107297  -37.296  -25.608  48.109 0.0000000000
118864  -52.252  -9.152  25.934 0.0000000000
117371  -48.339  -12.387  25.275 0.0000000000
63283  -49.211  -12.097  24.408 0.0000000000
63284  -50.030  -11.686  24.235 0.0000000000
64103  -50.342  -11.085  25.661 0.0000000000
64858  -51.333  -9.782  25.214 0.0000000000
55791  -46.782  -21.271  31.233 0.0000000000
56606  -47.230  -20.331  32.202 0.0000000000
55780  -47.240  -21.667  31.957 0.0000000000
56590  -48.723  -21.014  33.863 0.0000000000
107546  -40.563  -25.763  31.251 0.0000000000
52435  -40.911  -25.862  30.482 0.0000000000
52455  -41.548  -25.775  29.640 0.0000000000
53277  -42.845  -25.134  28.875 0.0000000000
53291  -43.269  -24.469  28.430 0.0000000000
125386  -43.419  -24.776  29.074 0.0000000000
54119  -45.184  -23.150  29.659 0.0000000000
112361  -11.855  -38.521  42.726 0.0000000000
41473  -12.976  -37.932  41.886 0.0000000000
41452  -13.943  -38.043  42.624 0.0000000000
40581  -15.557  -39.112  41.179 0.0000000000
126606  -15.452  -40.892  39.255 0.0000000000
39022  -14.649  -41.753  38.109 0.0000000000
38240  -14.550  -42.650  39.411 0.0000000000
38239  -14.241  -43.331  39.437 0.0000000000
36405  -17.963  -43.460  52.647 0.0000000000
36402  -16.815  -43.638  53.398 0.0000000000
35470  -16.336  -43.871  52.723 0.0000000000
118768  -43.103  -24.839  36.009 0.0000000000
51484  -38.496  -26.832  39.932 0.0000000000
50692  -37.479  -27.204  38.330 0.0000000000
52290  -38.263  -25.762  38.748 0.0000000000
52304  -38.155  -25.161  37.773 0.0000000000
52324  -39.034  -24.679  36.800 0.0000000000
52325  -40.319  -24.629  36.683 0.0000000000
52326  -41.434  -24.721  36.569 0.0000000000
49669  -33.489  -28.545  52.268 0.0000000000
50599  -32.497  -27.361  48.239 0.0000000000
49729  -32.157  -28.555  48.561 0.0000000000
48870  -31.035  -29.210  46.822 0.0000000000
47274  -29.887  -31.629  45.050 0.0000000000
116582  -52.619  -8.719  20.548 0.0000000000
66491  -53.034  -8.260  19.934 0.0000000000
67232  -53.577  -7.624  19.497 0.0000000000
117441  -54.173  -6.734  18.607 0.0000000000
44832  -10.419  -34.664  47.832 0.0000000000
43998  -9.336  -35.838  46.475 0.0000000000
43970  -9.302  -35.718  48.194 0.0000000000
43114  -8.718  -37.103  48.208 0.0000000000
41389  -8.560  -38.420  48.391 0.0000000000
63207  -46.964  -12.159  31.479 0.0000000000
64044  -48.108  -11.755  32.818 0.0000000000
107428  -44.010  -17.222  28.932 0.0000000000
60760  -44.009  -16.127  28.831 0.0000000000
61555  -44.167  -15.029  29.132 0.0000000000
61542  -44.511  -14.746  29.932 0.0000000000
62385  -45.734  -12.913  30.895 0.0000000000
39633  -21.877  -40.667  53.232 0.0000000000
38876  -22.512  -41.180  53.077 0.0000000000
111549  -22.958  -41.812  51.661 0.0000000000
37290  -22.756  -42.163  50.955 0.0000000000
39693  -22.105  -39.911  46.090 0.0000000000
38141  -21.191  -40.855  47.231 0.0000000000
48888  -11.506  -29.679  43.883 0.0000000000
48903  -10.343  -29.268  43.549 0.0000000000
118830  -10.759  -30.328  42.003 0.0000000000
47295  -9.683  -31.474  41.063 0.0000000000
46536  -8.389  -32.907  40.379 0.0000000000
44084  -14.087  -35.147  37.715 0.0000000000
44928  -12.653  -34.564  38.065 0.0000000000
44946  -13.374  -34.491  36.501 0.0000000000
44955  -12.511  -34.281  35.326 0.0000000000
44963  -11.801  -33.877  34.945 0.0000000000
109661  -14.860  -36.674  51.860 0.0000000000
42198  -14.256  -36.816  52.993 0.0000000000
124122  -13.380  -37.174  54.618 0.0000000000
38075  -12.206  -41.787  55.194 0.0000000000
38862  -12.040  -40.978  55.633 0.0000000000
38868  -10.990  -41.421  54.764 0.0000000000
38873  -10.297  -41.053  53.875 0.0000000000
39636  -10.127  -40.351  53.338 0.0000000000
40443  -9.969  -39.469  52.188 0.0000000000
38886  -10.608  -41.251  52.410 0.0000000000
125437  -10.894  -42.262  51.186 0.0000000000
38113  -10.913  -43.120  49.600 0.0000000000
112999  -37.448  -28.054  39.908 0.0000000000
122554  -38.493  -27.721  42.254 0.0000000000
49802  -38.618  -27.454  41.741 0.0000000000
50683  -38.344  -27.155  40.390 0.0000000000
51466  -39.335  -25.874  41.299 0.0000000000
53161  -40.064  -24.293  41.027 0.0000000000
51372  -35.244  -26.086  50.657 0.0000000000
52154  -36.595  -25.468  49.788 0.0000000000
52153  -35.145  -25.575  49.262 0.0000000000
51387  -34.355  -26.066  49.225 0.0000000000
51400  -32.408  -26.717  46.861 0.0000000000
64130  -51.078  -10.863  22.625 0.0000000000
65718  -52.542  -8.606  22.335 0.0000000000
66452  -53.490  -7.523  23.257 0.0000000000
59795  -45.998  -15.873  33.061 0.0000000000
61486  -46.174  -14.639  34.124 0.0000000000
59796  -46.524  -16.404  33.662 0.0000000000
54137  -43.590  -23.730  28.138 0.0000000000
57436  -45.214  -19.463  29.810 0.0000000000
58983  -45.324  -17.623  31.515 0.0000000000
41437  -28.998  -36.900  44.394 0.0000000000
40536  -28.719  -37.584  45.472 0.0000000000
40554  -27.813  -38.340  43.457 0.0000000000
41435  -26.781  -38.869  42.805 0.0000000000
51464  -8.238  -26.614  39.356 0.0000000000
49817  -8.031  -28.099  39.026 0.0000000000
44038  -8.708  -35.531  41.869 0.0000000000
115292  -8.312  -35.207  41.175 0.0000000000
42317  -9.052  -36.926  41.121 0.0000000000
42337  -9.871  -37.278  39.879 0.0000000000
43208  -12.316  -36.554  39.327 0.0000000000
42323  -13.151  -37.441  40.613 0.0000000000
42341  -13.861  -36.906  39.949 0.0000000000
43209  -13.936  -36.228  39.255 0.0000000000
43238  -14.717  -36.595  36.578 0.0000000000
126478  -16.375  -39.986  54.992 0.0000000000
113455  -16.707  -40.455  55.111 0.0000000000
38860  -15.417  -41.228  55.847 0.0000000000
37248  -14.071  -42.042  55.264 0.0000000000
36393  -15.424  -43.562  53.966 0.0000000000
36386  -14.106  -43.299  54.416 0.0000000000
110923  -12.980  -42.576  54.882 0.0000000000
36389  -12.232  -43.305  54.398 0.0000000000
36398  -11.442  -43.914  53.622 0.0000000000
35465  -11.046  -44.859  52.480 0.0000000000
52400  -44.145  -24.805  32.132 0.0000000000
53235  -45.712  -24.187  33.325 0.0000000000
52386  -45.119  -24.483  33.705 0.0000000000
50705  -37.880  -27.994  37.089 0.0000000000
107556  -40.732  -25.327  32.529 0.0000000000
52398  -42.788  -25.281  32.146 0.0000000000
43975  -30.451  -34.992  48.849 0.0000000000
43145  -30.316  -35.752  46.942 0.0000000000
51359  -34.941  -26.937  52.246 0.0000000000
49680  -33.927  -27.838  51.470 0.0000000000
129008  -32.734  -29.300  50.533 0.0000000000
119880  -32.121  -29.104  49.116 0.0000000000
48003  -31.966  -29.754  49.349 0.0000000000
46457  -31.374  -31.376  49.254 0.0000000000
46469  -30.650  -32.486  48.338 0.0000000000
118376  -30.210  -34.454  46.727 0.0000000000
43165  -29.538  -35.979  45.250 0.0000000000
129770  -28.997  -36.416  43.824 0.0000000000
68007  -54.283  -6.156  18.022 0.0000000000
68825  -54.448  -5.483  17.619 0.0000000000
69657  -54.574  -4.570  16.603 0.0000000000
126588  -12.625  -32.314  42.758 0.0000000000
45700  -11.431  -33.506  42.254 0.0000000000
46501  -13.339  -33.077  44.276 0.0000000000
45677  -12.287  -34.066  44.021 0.0000000000
44878  -9.827  -35.199  43.418 0.0000000000
44032  -8.765  -36.070  42.636 0.0000000000
42282  -8.403  -37.223  43.194 0.0000000000
40542  -8.981  -38.340  43.141 0.0000000000
42264  -8.417  -37.133  45.493 0.0000000000
40505  -8.496  -38.600  44.787 0.0000000000
111032  -9.837  -39.005  43.778 0.0000000000
40527  -11.586  -38.882  44.787 0.0000000000
41408  -13.390  -38.781  45.137 0.0000000000
39695  -13.893  -40.004  45.187 0.0000000000
64080  -49.775  -11.659  28.943 0.0000000000
61556  -44.702  -13.635  28.474 0.0000000000
62433  -45.559  -13.033  28.084 0.0000000000
62434  -46.513  -12.711  27.655 0.0000000000
62428  -47.913  -12.413  27.853 0.0000000000
63247  -48.531  -12.198  28.442 0.0000000000
38870  -18.676  -41.320  54.531 0.0000000000
129273  -19.249  -42.345  54.136 0.0000000000
38874  -20.935  -41.683  53.367 0.0000000000
38087  -20.290  -42.700  52.838 0.0000000000
36403  -19.036  -43.147  52.776 0.0000000000
36426  -17.983  -43.254  51.064 0.0000000000
115190  -28.335  -38.303  46.370 0.0000000000
40500  -28.124  -38.675  46.741 0.0000000000
122829  -27.991  -39.119  47.827 0.0000000000
40514  -24.730  -39.089  46.061 0.0000000000
39678  -26.404  -39.610  47.386 0.0000000000
39670  -27.419  -39.737  48.985 0.0000000000
38907  -26.686  -40.307  50.005 0.0000000000
127205  -26.173  -40.659  50.355 0.0000000000
38888  -25.311  -40.968  50.988 0.0000000000
38106  -24.091  -41.608  50.913 0.0000000000
38104  -22.739  -42.058  50.715 0.0000000000
37302  -21.906  -41.950  50.272 0.0000000000
109683  -20.841  -41.055  47.585 0.0000000000
37315  -20.751  -41.400  48.877 0.0000000000
37300  -20.349  -42.022  50.207 0.0000000000
126665  -18.788  -42.434  49.042 0.0000000000
124658  -8.911  -27.736  44.883 0.0000000000
48915  -9.826  -29.216  42.973 0.0000000000
49779  -9.081  -28.705  43.145 0.0000000000
49788  -8.414  -28.393  42.670 0.0000000000
49796  -8.030  -28.643  40.781 0.0000000000
126911  -8.200  -28.963  39.478 0.0000000000
118755  -8.353  -29.188  38.079 0.0000000000
112881  -8.192  -34.952  40.652 0.0000000000
44903  -8.073  -34.150  40.187 0.0000000000
45756  -8.132  -33.664  39.494 0.0000000000
44935  -10.159  -34.003  37.803 0.0000000000
44933  -8.880  -33.869  38.216 0.0000000000
45768  -8.339  -33.133  38.734 0.0000000000
47325  -8.664  -31.725  37.807 0.0000000000
48125  -8.524  -30.787  37.835 0.0000000000
48137  -8.389  -30.397  36.090 0.0000000000
48149  -8.027  -30.408  35.166 0.0000000000
41318  -14.857  -39.041  54.980 0.0000000000
41316  -13.347  -38.316  55.542 0.0000000000
43063  -12.634  -36.890  55.302 0.0000000000
40397  -11.756  -39.654  56.048 0.0000000000
42183  -12.014  -37.853  56.161 0.0000000000
43061  -11.742  -36.324  55.267 0.0000000000
43913  -11.319  -35.685  54.360 0.0000000000
44758  -10.394  -35.819  52.893 0.0000000000
43932  -9.760  -35.660  51.688 0.0000000000
43944  -8.944  -36.435  50.438 0.0000000000
41378  -8.670  -38.249  49.678 0.0000000000
40460  -9.080  -38.674  49.295 0.0000000000
40444  -10.202  -39.528  51.388 0.0000000000
109295  -10.445  -39.294  49.407 0.0000000000
110596  -10.047  -39.040  48.494 0.0000000000
40482  -12.311  -39.735  47.683 0.0000000000
40496  -13.224  -39.854  46.407 0.0000000000
118471  -13.084  -41.413  45.149 0.0000000000
35478  -10.342  -45.006  51.018 0.0000000000
35487  -9.895  -45.356  50.227 0.0000000000
36414  -10.223  -44.822  50.443 0.0000000000
37289  -10.324  -44.482  50.127 0.0000000000
37299  -10.454  -44.154  49.604 0.0000000000
38131  -10.760  -43.575  47.969 0.0000000000
37352  -9.832  -44.439  46.354 0.0000000000
37340  -10.845  -43.441  46.456 0.0000000000
38145  -11.635  -42.652  45.724 0.0000000000
38160  -12.077  -42.424  44.417 0.0000000000
38942  -13.018  -42.168  43.356 0.0000000000
37388  -12.571  -43.686  42.432 0.0000000000
36512  -13.067  -44.617  41.243 0.0000000000
52193  -40.194  -25.373  46.580 0.0000000000
52182  -40.481  -24.792  46.727 0.0000000000
52181  -40.157  -25.101  47.094 0.0000000000
51396  -39.557  -25.937  46.643 0.0000000000
51407  -39.629  -26.198  46.234 0.0000000000
51406  -39.179  -26.350  46.360 0.0000000000
52180  -39.478  -25.391  47.343 0.0000000000
64822  -51.743  -10.350  28.562 0.0000000000
63258  -49.879  -11.588  26.977 0.0000000000
64089  -50.414  -11.270  27.414 0.0000000000
64090  -50.967  -10.749  27.065 0.0000000000
54104  -45.866  -23.555  32.035 0.0000000000
53244  -45.370  -24.047  32.436 0.0000000000
52416  -44.109  -24.995  31.299 0.0000000000
126508  -43.587  -25.249  30.893 0.0000000000
53254  -44.577  -24.486  30.950 0.0000000000
39706  -14.614  -40.026  43.665 0.0000000000
112602  -13.756  -41.723  42.988 0.0000000000
35501  -15.728  -44.446  49.991 0.0000000000
53186  -40.535  -24.353  39.281 0.0000000000
44790  -10.576  -34.659  50.446 0.0000000000
44789  -9.997  -34.934  49.956 0.0000000000
44776  -10.066  -35.117  50.856 0.0000000000
61503  -45.215  -14.493  32.748 0.0000000000
61485  -45.702  -13.971  33.526 0.0000000000
60720  -44.878  -15.809  31.905 0.0000000000
39637  -24.930  -40.166  52.093 0.0000000000
38881  -24.570  -40.715  51.905 0.0000000000
38884  -24.840  -40.908  51.320 0.0000000000
42262  -30.034  -36.831  47.090 0.0000000000
41402  -29.666  -37.109  46.784 0.0000000000
118424  -8.212  -27.677  37.390 0.0000000000
109546  -10.514  -33.914  41.937 0.0000000000
45715  -9.882  -33.257  41.370 0.0000000000
44895  -8.970  -34.450  41.521 0.0000000000
42400  -11.525  -37.027  35.441 0.0000000000
41322  -15.883  -39.342  54.201 0.0000000000
119282  -10.838  -43.678  52.612 0.0000000000
37272  -10.844  -43.176  52.739 0.0000000000
36409  -10.787  -43.776  52.017 0.0000000000
108353  -10.658  -43.961  51.273 0.0000000000
128805  -40.245  -25.535  43.633 0.0000000000
51444  -40.030  -25.675  43.102 0.0000000000
52231  -40.328  -24.749  43.132 0.0000000000
51451  -40.221  -24.541  42.576 0.0000000000
108368  -35.672  -25.563  46.777 0.0000000000
113648  -34.372  -25.339  45.708 0.0000000000
66426  -53.415  -8.233  25.389 0.0000000000
65669  -51.949  -9.049  25.094 0.0000000000
65687  -52.650  -8.616  24.716 0.0000000000
66440  -53.186  -8.140  24.412 0.0000000000
58174  -46.716  -18.676  32.463 0.0000000000
56637  -46.452  -20.756  30.803 0.0000000000
57420  -46.276  -20.051  30.881 0.0000000000
51424  -8.604  -26.463  44.754 0.0000000000
51440  -8.568  -26.150  43.709 0.0000000000
110154  -8.407  -26.549  42.029 0.0000000000
116285  -8.289  -26.786  43.058 0.0000000000
40564  -10.089  -38.401  42.239 0.0000000000
109335  -10.256  -38.124  41.591 0.0000000000
40579  -10.481  -38.388  41.939 0.0000000000
39778  -15.577  -40.134  38.883 0.0000000000
40618  -15.642  -39.288  38.557 0.0000000000
39793  -15.349  -40.038  37.961 0.0000000000
40634  -14.801  -39.746  37.212 0.0000000000
121317  -14.132  -40.524  37.328 0.0000000000
121571  -13.164  -40.564  37.248 0.0000000000
124328  -13.691  -41.097  37.459 0.0000000000
37263  -18.008  -43.150  54.006 0.0000000000
37257  -17.719  -42.598  54.562 0.0000000000
37262  -17.156  -43.207  54.285 0.0000000000
34524  -13.913  -44.967  52.583 0.0000000000
113844  -44.019  -24.774  35.315 0.0000000000
48968  -37.340  -27.643  39.130 0.0000000000
108460  -42.613  -24.866  33.750 0.0000000000
47975  -32.774  -29.682  51.809 0.0000000000
47201  -32.484  -30.664  50.969 0.0000000000
46420  -32.149  -31.561  50.776 0.0000000000
116894  -32.344  -30.766  50.526 0.0000000000
50586  -34.156  -27.104  50.132 0.0000000000
115220  -34.105  -27.397  50.653 0.0000000000
119404  -33.703  -27.703  50.132 0.0000000000
46508  -29.693  -32.537  44.850 0.0000000000
45683  -29.724  -33.388  45.230 0.0000000000
45690  -29.667  -33.934  44.733 0.0000000000
44039  -29.498  -35.017  43.172 0.0000000000
44889  -29.584  -34.444  43.081 0.0000000000
44833  -10.871  -34.541  47.067 0.0000000000
44844  -10.443  -34.734  46.271 0.0000000000
44855  -11.180  -34.618  45.383 0.0000000000
128960  -10.004  -34.945  45.980 0.0000000000
44853  -9.749  -35.276  45.649 0.0000000000
44852  -9.530  -35.490  46.057 0.0000000000
40490  -8.566  -38.391  46.963 0.0000000000
108235  -8.970  -38.756  46.884 0.0000000000
40492  -9.972  -39.168  46.744 0.0000000000
40479  -9.531  -38.941  47.660 0.0000000000
63220  -48.142  -11.945  30.203 0.0000000000
64064  -48.742  -11.738  31.022 0.0000000000
63219  -47.315  -12.260  30.420 0.0000000000
62397  -46.719  -12.585  29.755 0.0000000000
36418  -21.163  -42.540  51.628 0.0000000000
36417  -20.434  -42.742  51.737 0.0000000000
36428  -20.593  -42.464  51.086 0.0000000000
41420  -25.208  -38.637  44.493 0.0000000000
39676  -22.870  -40.220  47.704 0.0000000000
39667  -23.563  -40.491  48.282 0.0000000000
38919  -22.731  -40.652  48.296 0.0000000000
47301  -8.367  -32.158  40.237 0.0000000000
48088  -8.252  -31.467  40.080 0.0000000000
43221  -11.029  -36.239  38.863 0.0000000000
43220  -10.063  -36.107  38.844 0.0000000000
44074  -10.977  -35.432  38.540 0.0000000000
46583  -10.662  -32.919  35.660 0.0000000000
45788  -10.300  -32.983  36.605 0.0000000000
46581  -9.317  -32.407  36.225 0.0000000000
46591  -10.004  -32.836  35.162 0.0000000000
46604  -9.592  -33.032  34.492 0.0000000000
43916  -13.791  -35.449  54.145 0.0000000000
38857  -13.427  -40.863  55.793 0.0000000000
39612  -13.102  -40.333  55.850 0.0000000000
40411  -9.802  -39.499  53.720 0.0000000000
116131  -9.798  -38.952  54.068 0.0000000000
40410  -9.611  -38.634  53.573 0.0000000000
42190  -9.506  -37.617  53.309 0.0000000000
41323  -9.417  -38.312  53.020 0.0000000000
127966  -9.266  -38.342  52.407 0.0000000000
40432  -9.510  -38.742  52.611 0.0000000000
38114  -11.466  -42.439  49.408 0.0000000000
38903  -11.742  -41.472  49.596 0.0000000000
38124  -11.897  -41.976  48.865 0.0000000000
38911  -12.318  -41.414  48.240 0.0000000000
38133  -11.781  -42.429  47.970 0.0000000000
34583  -7.733  -46.594  47.748 0.0000000000
35516  -8.185  -45.831  47.523 0.0000000000
49774  -37.767  -27.345  44.078 0.0000000000
48899  -37.820  -27.776  43.508 0.0000000000
51418  -40.110  -26.035  45.136 0.0000000000
50637  -39.370  -26.885  44.566 0.0000000000
51434  -40.251  -25.795  44.312 0.0000000000
51416  -36.503  -26.453  45.600 0.0000000000
50605  -37.363  -26.728  45.939 0.0000000000
50622  -38.191  -26.796  45.597 0.0000000000
49757  -37.701  -26.906  44.897 0.0000000000
51394  -38.404  -26.149  47.135 0.0000000000
52178  -38.031  -25.693  47.909 0.0000000000
51393  -37.748  -26.103  47.332 0.0000000000
65658  -52.864  -8.891  26.715 0.0000000000
62444  -47.501  -12.534  26.570 0.0000000000
62445  -48.039  -12.453  26.321 0.0000000000
63273  -48.631  -12.229  25.961 0.0000000000
114849  -48.921  -12.102  25.246 0.0000000000
63275  -49.725  -11.587  25.128 0.0000000000
64848  -51.458  -10.132  26.642 0.0000000000
121608  -51.143  -10.109  25.911 0.0000000000
64859  -51.652  -9.615  25.847 0.0000000000
116887  -46.538  -21.939  31.005 0.0000000000
55792  -47.134  -20.940  31.823 0.0000000000
127253  -46.886  -21.824  31.428 0.0000000000
54888  -47.733  -22.406  33.183 0.0000000000
55765  -47.797  -21.789  32.809 0.0000000000
55766  -48.350  -21.916  33.784 0.0000000000
107545  -41.411  -25.799  31.137 0.0000000000
52436  -41.875  -25.836  30.355 0.0000000000
52456  -42.395  -25.640  29.543 0.0000000000
53266  -43.785  -24.694  29.692 0.0000000000
53268  -45.090  -23.729  30.447 0.0000000000
114798  -44.695  -23.731  29.738 0.0000000000
122238  -45.715  -22.924  30.321 0.0000000000
54908  -46.125  -22.155  30.329 0.0000000000
41431  -12.612  -38.366  43.569 0.0000000000
41451  -12.883  -38.109  42.769 0.0000000000
39727  -15.356  -40.022  42.064 0.0000000000
40580  -15.367  -39.096  41.889 0.0000000000
39728  -15.531  -39.772  41.454 0.0000000000
39741  -15.644  -40.001  40.755 0.0000000000
39758  -15.351  -41.084  40.248 0.0000000000
39012  -15.032  -41.810  39.120 0.0000000000
38224  -14.769  -42.129  40.272 0.0000000000
128146  -14.078  -42.821  41.222 0.0000000000
38223  -14.294  -42.926  40.491 0.0000000000
37405  -13.993  -43.631  40.451 0.0000000000
37415  -13.974  -43.925  39.315 0.0000000000
37404  -13.706  -44.308  40.337 0.0000000000
35471  -17.088  -43.674  52.637 0.0000000000
35475  -16.440  -43.889  52.179 0.0000000000
52327  -42.467  -24.817  36.425 0.0000000000
51474  -38.538  -25.969  39.625 0.0000000000
117765  -38.774  -24.882  38.456 0.0000000000
49658  -33.397  -28.346  52.973 0.0000000000
49659  -33.803  -27.976  52.620 0.0000000000
116616  -31.696  -27.948  47.093 0.0000000000
49744  -31.534  -28.742  47.328 0.0000000000
65726  -52.588  -8.692  21.473 0.0000000000
65725  -52.242  -9.365  20.977 0.0000000000
67226  -53.388  -7.540  20.512 0.0000000000
113169  -53.983  -7.069  19.223 0.0000000000
67233  -53.793  -6.927  20.071 0.0000000000
118720  -9.940  -34.873  48.142 0.0000000000
44830  -9.599  -35.250  47.973 0.0000000000
44816  -9.815  -34.988  48.627 0.0000000000
112149  -9.105  -35.913  48.955 0.0000000000
43969  -9.045  -36.244  48.240 0.0000000000
112756  -8.790  -36.545  49.055 0.0000000000
116632  -8.461  -37.734  47.741 0.0000000000
42242  -8.432  -37.836  48.883 0.0000000000
63198  -47.139  -12.002  32.510 0.0000000000
115016  -44.408  -18.392  29.536 0.0000000000
59840  -44.333  -16.504  30.395 0.0000000000
59010  -44.224  -17.724  29.627 0.0000000000
59852  -44.138  -16.803  29.618 0.0000000000
60745  -44.206  -15.798  29.737 0.0000000000
61529  -44.528  -14.907  30.709 0.0000000000
62384  -45.385  -13.337  31.616 0.0000000000
63206  -46.024  -12.629  31.517 0.0000000000
39634  -23.030  -40.081  52.846 0.0000000000
38096  -23.584  -41.486  51.456 0.0000000000
38093  -23.334  -41.449  52.173 0.0000000000
37280  -22.617  -42.034  51.513 0.0000000000
37284  -22.886  -42.026  51.287 0.0000000000
39692  -21.492  -40.233  45.748 0.0000000000
38931  -20.825  -40.677  45.751 0.0000000000
48063  -11.737  -30.547  42.460 0.0000000000
126568  -11.090  -29.796  43.061 0.0000000000
46538  -9.260  -32.564  40.932 0.0000000000
119695  -8.789  -32.538  40.673 0.0000000000
44085  -14.544  -35.678  37.138 0.0000000000
44093  -13.975  -35.092  36.785 0.0000000000
44101  -13.560  -35.199  35.873 0.0000000000
44112  -11.832  -34.621  34.740 0.0000000000
44111  -10.804  -35.000  34.226 0.0000000000
42195  -14.572  -37.847  53.215 0.0000000000
42194  -14.012  -37.241  53.603 0.0000000000
128186  -14.091  -36.330  53.477 0.0000000000
42192  -13.812  -37.615  54.340 0.0000000000
38082  -11.824  -41.985  54.963 0.0000000000
37258  -11.330  -41.984  54.553 0.0000000000
112581  -10.639  -41.611  53.501 0.0000000000
38081  -10.785  -41.734  54.028 0.0000000000
39630  -10.036  -40.361  53.752 0.0000000000
38878  -10.318  -41.000  53.549 0.0000000000
38882  -10.412  -41.125  53.121 0.0000000000
113521  -10.837  -42.250  51.801 0.0000000000
38103  -10.872  -42.725  50.542 0.0000000000
38102  -10.642  -43.552  50.134 0.0000000000
113003  -37.004  -28.609  39.686 0.0000000000
48954  -37.869  -27.978  40.755 0.0000000000
49784  -38.625  -27.664  42.779 0.0000000000
48925  -38.158  -28.051  42.475 0.0000000000
50666  -39.140  -27.006  41.808 0.0000000000
50673  -38.713  -27.112  41.146 0.0000000000
50674  -39.135  -26.684  41.215 0.0000000000
128341  -38.763  -26.895  40.641 0.0000000000
50646  -35.591  -27.651  43.512 0.0000000000
51367  -35.895  -25.764  50.887 0.0000000000
51373  -36.009  -25.622  50.389 0.0000000000
52155  -37.295  -25.305  49.375 0.0000000000
108096  -36.058  -25.449  49.124 0.0000000000
52162  -34.682  -25.589  48.655 0.0000000000
52161  -33.926  -25.895  48.516 0.0000000000
51392  -33.069  -26.485  48.426 0.0000000000
52174  -33.537  -25.731  47.502 0.0000000000
50619  -31.716  -26.745  45.917 0.0000000000
67198  -55.017  -6.445  24.521 0.0000000000
64112  -50.531  -11.069  24.826 0.0000000000
64121  -50.682  -11.175  23.951 0.0000000000
64882  -51.573  -10.052  22.978 0.0000000000
64897  -51.887  -9.604  22.388 0.0000000000
65705  -52.194  -9.021  22.741 0.0000000000
66441  -53.698  -7.561  24.107 0.0000000000
67197  -54.323  -6.821  23.753 0.0000000000
58968  -45.717  -17.238  32.229 0.0000000000
58969  -46.177  -16.794  32.885 0.0000000000
123381  -47.552  -17.651  33.976 0.0000000000
58954  -47.230  -16.858  34.202 0.0000000000
57376  -48.025  -19.624  33.313 0.0000000000
53278  -43.906  -24.118  28.879 0.0000000000
54127  -44.072  -23.412  28.507 0.0000000000
55809  -44.916  -21.412  28.834 0.0000000000
55816  -44.534  -20.799  28.475 0.0000000000
58189  -45.566  -18.441  31.270 0.0000000000
41436  -28.598  -37.394  44.222 0.0000000000
41459  -27.280  -38.783  42.283 0.0000000000
52248  -9.113  -25.832  41.362 0.0000000000
50662  -8.208  -27.100  41.248 0.0000000000
51455  -8.184  -26.782  40.302 0.0000000000
120505  -8.005  -27.316  39.724 0.0000000000
50682  -8.012  -27.238  39.046 0.0000000000
128530  -7.995  -27.678  39.401 0.0000000000
43175  -8.600  -36.461  42.132 0.0000000000
44037  -8.473  -35.956  41.689 0.0000000000
43181  -8.622  -36.582  41.493 0.0000000000
42320  -10.277  -37.725  40.404 0.0000000000
42319  -9.737  -37.472  40.594 0.0000000000
42338  -10.722  -37.399  39.774 0.0000000000
42339  -11.661  -37.316  39.842 0.0000000000
41474  -14.138  -37.880  41.896 0.0000000000
41496  -12.400  -37.876  41.101 0.0000000000
41497  -13.676  -37.673  41.244 0.0000000000
42352  -15.180  -37.046  39.037 0.0000000000
42342  -14.797  -37.226  39.853 0.0000000000
43210  -14.556  -36.679  39.386 0.0000000000
43223  -14.792  -36.208  38.637 0.0000000000
43228  -15.022  -36.254  37.600 0.0000000000
108227  -15.216  -36.977  37.147 0.0000000000
40654  -14.304  -39.016  36.688 0.0000000000
41552  -13.751  -38.337  36.307 0.0000000000
125998  -12.809  -41.935  37.580 0.0000000000
39625  -16.561  -40.224  55.040 0.0000000000
39622  -17.192  -40.759  55.102 0.0000000000
38864  -16.148  -41.299  55.586 0.0000000000
38074  -15.776  -41.877  55.508 0.0000000000
38073  -15.101  -41.737  55.663 0.0000000000
37249  -14.805  -42.139  55.236 0.0000000000
36401  -16.290  -43.723  53.523 0.0000000000
35456  -15.853  -43.775  53.579 0.0000000000
108899  -13.901  -43.807  54.089 0.0000000000
36392  -14.690  -43.654  53.981 0.0000000000
127963  -13.617  -43.604  54.326 0.0000000000
37252  -13.699  -42.613  54.849 0.0000000000
122407  -13.358  -43.252  54.571 0.0000000000
37260  -12.780  -43.280  54.543 0.0000000000
36390  -12.654  -43.918  54.233 0.0000000000
35467  -12.409  -45.080  53.168 0.0000000000
35458  -12.112  -44.598  53.577 0.0000000000
35457  -11.460  -44.551  53.168 0.0000000000
112123  -44.348  -24.549  32.947 0.0000000000
113322  -37.505  -27.549  37.678 0.0000000000
50699  -37.485  -27.662  37.579 0.0000000000
108462  -40.617  -25.080  33.454 0.0000000000
107554  -42.915  -25.025  32.919 0.0000000000
52399  -43.591  -24.896  32.659 0.0000000000
121110  -30.811  -33.615  49.708 0.0000000000
44822  -30.607  -34.246  49.302 0.0000000000
118796  -30.328  -35.193  48.157 0.0000000000
118151  -30.456  -34.362  48.373 0.0000000000
49690  -33.747  -27.918  50.887 0.0000000000
48834  -33.149  -28.594  50.543 0.0000000000
48828  -33.503  -28.446  51.171 0.0000000000
110334  -31.819  -28.967  48.012 0.0000000000
48856  -31.999  -28.999  48.623 0.0000000000
48855  -31.390  -29.800  48.082 0.0000000000
111183  -30.748  -31.389  47.772 0.0000000000
47239  -31.226  -30.600  48.353 0.0000000000
47227  -31.534  -30.587  49.006 0.0000000000
47216  -31.869  -30.633  49.576 0.0000000000
47226  -30.956  -31.508  48.514 0.0000000000
46456  -30.929  -32.016  48.954 0.0000000000
118873  -29.705  -34.890  45.428 0.0000000000
44019  -29.865  -35.207  45.966 0.0000000000
43155  -30.080  -35.691  46.237 0.0000000000
43166  -29.683  -35.512  45.501 0.0000000000
42283  -29.181  -36.419  44.454 0.0000000000
42284  -29.332  -35.889  44.412 0.0000000000
43176  -28.895  -35.665  42.439 0.0000000000
128218  -54.344  -6.197  18.785 0.0000000000
68818  -54.489  -5.540  19.025 0.0000000000
69652  -54.268  -5.337  16.865 0.0000000000
69653  -54.731  -4.830  17.365 0.0000000000
127134  -13.522  -31.557  43.687 0.0000000000
46517  -12.181  -33.140  42.645 0.0000000000
46485  -13.767  -32.987  45.108 0.0000000000
114328  -10.645  -34.868  44.647 0.0000000000
44869  -11.461  -34.502  44.191 0.0000000000
127466  -11.237  -34.444  43.465 0.0000000000
125375  -9.442  -35.506  43.532 0.0000000000
44026  -8.859  -36.365  44.407 0.0000000000
109352  -8.763  -36.307  43.475 0.0000000000
43164  -8.536  -36.733  43.812 0.0000000000
41430  -8.621  -38.068  43.136 0.0000000000
108877  -8.302  -37.882  43.570 0.0000000000
112894  -9.163  -36.175  46.798 0.0000000000
43139  -8.843  -36.717  45.969 0.0000000000
42252  -8.528  -37.195  46.299 0.0000000000
41406  -8.494  -38.658  45.582 0.0000000000
41405  -8.253  -38.459  45.358 0.0000000000
40524  -8.847  -38.648  44.089 0.0000000000
40525  -9.803  -39.124  44.664 0.0000000000
40526  -10.631  -39.070  44.298 0.0000000000
40510  -12.742  -38.953  45.902 0.0000000000
109416  -13.926  -39.252  44.930 0.0000000000
40511  -13.425  -39.419  45.706 0.0000000000
64071  -50.446  -11.235  29.379 0.0000000000
53236  -46.680  -23.923  33.897 0.0000000000
61543  -44.598  -14.059  29.130 0.0000000000
127716  -44.259  -14.423  28.660 0.0000000000
62426  -46.277  -12.780  28.416 0.0000000000
62425  -45.349  -13.240  28.814 0.0000000000
62427  -47.150  -12.567  28.100 0.0000000000
63235  -49.146  -11.937  29.104 0.0000000000
113177  -19.014  -40.654  54.400 0.0000000000
38871  -19.447  -41.379  54.209 0.0000000000
38084  -19.045  -41.970  54.315 0.0000000000
115832  -19.709  -42.009  53.881 0.0000000000
38875  -21.784  -41.470  53.232 0.0000000000
113702  -21.578  -42.104  53.053 0.0000000000
36408  -20.217  -42.845  52.289 0.0000000000
37273  -19.738  -42.902  52.668 0.0000000000
37270  -19.611  -42.887  52.902 0.0000000000
36406  -18.864  -43.155  52.602 0.0000000000
36411  -18.852  -43.242  52.361 0.0000000000
36427  -18.821  -42.837  50.827 0.0000000000
35490  -17.145  -43.448  50.455 0.0000000000
35503  -17.166  -43.255  49.685 0.0000000000
40534  -28.145  -38.314  44.897 0.0000000000
40518  -28.435  -38.004  45.708 0.0000000000
108558  -26.626  -39.217  45.787 0.0000000000
40499  -27.659  -38.995  46.343 0.0000000000
40484  -27.854  -39.042  47.188 0.0000000000
39687  -27.199  -39.294  46.851 0.0000000000
40530  -24.426  -38.745  45.188 0.0000000000
110906  -25.173  -39.796  47.638 0.0000000000
111045  -26.882  -39.824  48.439 0.0000000000
39660  -26.818  -40.123  49.415 0.0000000000
39659  -26.079  -40.276  49.038 0.0000000000
38905  -24.633  -41.278  49.871 0.0000000000
124333  -25.368  -41.095  50.126 0.0000000000
114265  -25.642  -41.002  50.507 0.0000000000
38896  -25.861  -40.794  50.684 0.0000000000
38107  -25.039  -41.150  50.783 0.0000000000
38117  -24.043  -41.703  50.392 0.0000000000
38115  -22.422  -41.700  49.873 0.0000000000
38140  -20.378  -41.178  46.767 0.0000000000
37327  -19.479  -41.803  47.567 0.0000000000
107144  -20.052  -41.607  48.197 0.0000000000
37314  -20.149  -41.793  49.195 0.0000000000
36438  -19.507  -42.190  49.560 0.0000000000
108655  -9.257  -27.969  46.250 0.0000000000
49750  -9.123  -27.772  45.573 0.0000000000
50628  -8.635  -27.211  45.236 0.0000000000
48916  -10.373  -29.671  42.716 0.0000000000
129230  -9.255  -29.390  42.438 0.0000000000
48914  -8.509  -29.131  42.221 0.0000000000
126375  -8.077  -28.481  42.114 0.0000000000
49797  -7.967  -28.988  41.583 0.0000000000
48950  -8.319  -30.043  39.435 0.0000000000
118756  -8.262  -29.087  38.789 0.0000000000
48963  -8.434  -29.966  38.442 0.0000000000
44043  -8.296  -35.802  41.061 0.0000000000
44051  -8.400  -35.676  40.430 0.0000000000
44072  -8.842  -35.323  38.988 0.0000000000
120925  -8.483  -35.017  39.433 0.0000000000
44914  -8.274  -34.410  39.486 0.0000000000
111956  -12.057  -33.989  37.772 0.0000000000
44927  -11.618  -34.621  38.157 0.0000000000
44936  -11.211  -33.987  37.757 0.0000000000
45770  -9.234  -33.275  37.741 0.0000000000
44934  -9.262  -33.966  38.003 0.0000000000
46566  -8.396  -32.308  38.682 0.0000000000
46574  -8.763  -32.500  37.980 0.0000000000
46580  -8.908  -31.954  37.081 0.0000000000
47332  -8.680  -31.145  36.751 0.0000000000
125183  -8.520  -30.330  36.932 0.0000000000
47339  -8.375  -31.115  35.646 0.0000000000
44766  -11.411  -34.737  52.686 0.0000000000
40405  -15.859  -40.059  55.277 0.0000000000
40412  -15.674  -39.660  55.004 0.0000000000
40404  -15.130  -39.778  55.407 0.0000000000
40399  -13.545  -39.361  55.766 0.0000000000
41312  -13.764  -39.057  55.671 0.0000000000
42188  -13.093  -37.402  55.218 0.0000000000
42185  -12.784  -37.779  55.674 0.0000000000
39617  -11.222  -40.325  55.563 0.0000000000
39618  -11.909  -40.471  55.848 0.0000000000
40396  -11.010  -39.528  55.574 0.0000000000
41315  -10.365  -37.971  54.950 0.0000000000
111873  -10.864  -37.890  55.590 0.0000000000
42182  -11.322  -37.437  55.820 0.0000000000
43057  -11.838  -36.946  55.781 0.0000000000
43056  -11.207  -36.755  55.420 0.0000000000
43908  -11.685  -35.879  54.851 0.0000000000
43907  -11.064  -36.231  54.811 0.0000000000
43068  -9.590  -37.070  53.083 0.0000000000
43918  -10.028  -36.382  53.154 0.0000000000
43924  -9.855  -36.001  52.487 0.0000000000
126429  -10.257  -35.566  52.317 0.0000000000
111695  -9.444  -36.227  52.047 0.0000000000
43931  -9.189  -36.264  51.360 0.0000000000
43070  -9.118  -36.766  51.937 0.0000000000
41364  -8.902  -38.239  50.593 0.0000000000
40459  -8.591  -38.259  49.314 0.0000000000
39643  -10.465  -40.340  51.987 0.0000000000
39658  -11.509  -40.473  49.583 0.0000000000
39657  -11.016  -39.873  49.856 0.0000000000
40462  -11.193  -39.787  49.289 0.0000000000
40471  -10.993  -39.375  48.668 0.0000000000
40481  -11.646  -39.409  47.961 0.0000000000
40473  -12.054  -39.846  48.161 0.0000000000
116789  -12.877  -41.287  46.747 0.0000000000
39683  -13.038  -40.393  46.980 0.0000000000
38929  -13.448  -40.749  45.546 0.0000000000
38928  -12.960  -41.410  45.882 0.0000000000
34538  -10.202  -45.576  50.723 0.0000000000
35500  -9.545  -45.705  49.518 0.0000000000
36435  -9.928  -45.077  49.930 0.0000000000
124481  -9.872  -44.961  48.284 0.0000000000
37312  -10.190  -44.651  48.759 0.0000000000
37313  -10.497  -44.005  48.538 0.0000000000
37326  -10.384  -43.979  47.458 0.0000000000
109561  -10.419  -43.856  46.587 0.0000000000
37354  -10.790  -43.464  46.046 0.0000000000
38144  -11.088  -43.091  46.136 0.0000000000
38158  -11.136  -43.130  45.510 0.0000000000
38175  -11.682  -42.955  44.167 0.0000000000
38191  -11.938  -43.168  43.544 0.0000000000
38176  -12.288  -42.580  43.744 0.0000000000
38192  -12.550  -42.973  42.947 0.0000000000
125836  -40.242  -25.668  45.653 0.0000000000
112333  -40.436  -25.083  45.786 0.0000000000
122547  -40.402  -25.093  46.312 0.0000000000
53113  -40.757  -24.181  46.766 0.0000000000
50623  -38.710  -26.790  45.411 0.0000000000
49759  -38.761  -27.047  44.680 0.0000000000
50609  -39.332  -26.539  45.827 0.0000000000
120839  -39.947  -26.147  45.880 0.0000000000
51404  -38.074  -26.573  46.556 0.0000000000
52179  -38.709  -25.611  47.608 0.0000000000
53105  -39.914  -24.079  48.059 0.0000000000
129449  -52.042  -9.812  27.391 0.0000000000
63256  -48.603  -12.246  27.623 0.0000000000
63266  -48.611  -12.241  26.811 0.0000000000
63257  -49.237  -11.962  27.310 0.0000000000
63268  -50.000  -11.384  26.337 0.0000000000
124497  -50.511  -10.920  26.158 0.0000000000
54109  -45.691  -23.314  31.183 0.0000000000
54893  -46.842  -22.416  31.767 0.0000000000
54110  -46.218  -23.029  31.681 0.0000000000
54105  -46.552  -23.145  32.385 0.0000000000
122485  -47.475  -22.861  33.421 0.0000000000
107466  -42.275  -25.698  30.985 0.0000000000
107374  -43.011  -25.502  30.897 0.0000000000
52438  -43.377  -25.282  30.288 0.0000000000
40547  -14.313  -38.816  43.776 0.0000000000
41453  -14.504  -38.622  43.077 0.0000000000
40548  -14.714  -39.364  43.406 0.0000000000
39716  -14.959  -40.285  42.882 0.0000000000
116930  -15.022  -41.007  41.996 0.0000000000
38974  -14.921  -41.583  41.142 0.0000000000
38973  -14.394  -41.862  41.832 0.0000000000
38208  -13.826  -42.576  41.797 0.0000000000
35480  -16.622  -43.864  51.582 0.0000000000
35488  -15.732  -44.506  50.847 0.0000000000
53185  -39.620  -24.559  39.657 0.0000000000
52291  -38.854  -25.060  39.237 0.0000000000
53200  -41.765  -24.608  38.059 0.0000000000
51352  -33.885  -26.485  53.547 0.0000000000
48896  -30.327  -29.260  45.124 0.0000000000
66465  -53.371  -7.507  22.430 0.0000000000
121649  -53.832  -6.796  22.074 0.0000000000
67989  -54.924  -5.719  22.452 0.0000000000
44801  -9.908  -34.928  49.243 0.0000000000
44800  -9.663  -35.247  49.535 0.0000000000
43958  -9.330  -35.685  49.527 0.0000000000
43957  -8.984  -36.219  49.635 0.0000000000
62358  -45.889  -13.019  33.015 0.0000000000
118971  -46.622  -12.462  33.209 0.0000000000
62359  -46.339  -13.196  33.854 0.0000000000
58982  -44.721  -17.111  31.003 0.0000000000
59825  -44.586  -16.199  31.179 0.0000000000
123214  -44.580  -15.338  31.275 0.0000000000
61518  -44.662  -14.675  31.199 0.0000000000
115332  -45.083  -14.059  32.067 0.0000000000
39635  -23.594  -40.292  52.660 0.0000000000
113415  -24.308  -40.116  52.485 0.0000000000
43122  -30.211  -35.697  48.425 0.0000000000
51473  -8.107  -26.607  38.405 0.0000000000
52283  -8.257  -26.096  38.001 0.0000000000
127660  -8.023  -26.879  37.780 0.0000000000
46529  -11.787  -32.332  41.965 0.0000000000
124719  -10.972  -31.931  41.489 0.0000000000
45713  -8.492  -33.998  41.017 0.0000000000
43250  -13.311  -36.085  35.455 0.0000000000
43249  -12.215  -36.236  35.113 0.0000000000
127109  -11.248  -43.310  53.748 0.0000000000
37266  -11.157  -42.694  53.958 0.0000000000
38091  -10.798  -42.353  52.952 0.0000000000
117400  -10.797  -42.109  52.547 0.0000000000
127564  -10.582  -43.759  50.872 0.0000000000
50656  -39.329  -26.762  42.921 0.0000000000
51450  -39.612  -26.284  42.785 0.0000000000
128409  -39.545  -26.285  42.445 0.0000000000
48907  -36.555  -27.876  43.180 0.0000000000
52164  -36.470  -25.468  48.270 0.0000000000
52175  -35.134  -25.375  47.334 0.0000000000
123119  -34.333  -25.342  47.087 0.0000000000
51401  -32.872  -25.982  46.651 0.0000000000
52191  -33.715  -25.408  46.310 0.0000000000
64868  -51.409  -9.749  24.520 0.0000000000
64875  -51.803  -9.273  23.955 0.0000000000
65697  -52.156  -8.913  23.514 0.0000000000
65698  -52.564  -8.533  23.893 0.0000000000
117969  -46.384  -17.710  32.715 0.0000000000
54915  -44.981  -22.426  29.055 0.0000000000
54916  -45.378  -21.745  29.362 0.0000000000
55810  -45.447  -21.003  29.435 0.0000000000
56651  -45.407  -20.164  29.587 0.0000000000
57407  -45.912  -19.244  31.065 0.0000000000
41483  -28.183  -38.047  41.785 0.0000000000
117904  -8.777  -25.988  41.889 0.0000000000
41447  -9.187  -37.584  41.963 0.0000000000
42305  -9.339  -37.356  41.452 0.0000000000
111337  -9.492  -37.696  41.804 0.0000000000
41494  -10.577  -38.036  40.979 0.0000000000
41495  -11.339  -38.079  40.993 0.0000000000
41499  -15.358  -38.433  40.836 0.0000000000
42325  -15.076  -37.817  40.385 0.0000000000
110754  -15.542  -38.425  39.990 0.0000000000
41512  -15.645  -38.497  39.073 0.0000000000
41536  -15.577  -38.306  37.702 0.0000000000
42365  -15.392  -37.769  37.153 0.0000000000
41535  -15.187  -38.734  37.036 0.0000000000
40633  -12.518  -39.877  36.991 0.0000000000
39792  -12.077  -40.664  37.316 0.0000000000
38866  -17.819  -41.251  54.911 0.0000000000
38865  -16.964  -41.357  55.321 0.0000000000
38079  -17.392  -41.989  55.031 0.0000000000
37256  -16.863  -42.633  54.822 0.0000000000
37255  -15.986  -42.617  55.003 0.0000000000
35469  -15.331  -44.256  52.917 0.0000000000
35461  -14.900  -44.164  53.343 0.0000000000
35460  -13.910  -44.450  53.254 0.0000000000
35453  -13.504  -44.202  53.841 0.0000000000
35452  -12.935  -44.333  53.935 0.0000000000
34520  -13.108  -44.668  53.490 0.0000000000
34519  -12.760  -45.206  53.004 0.0000000000
52384  -43.500  -24.766  33.624 0.0000000000
108444  -44.188  -24.680  34.469 0.0000000000
51494  -37.497  -26.058  37.260 0.0000000000
108461  -41.558  -25.040  33.436 0.0000000000
46429  -31.576  -32.371  50.585 0.0000000000
45627  -31.006  -32.918  49.637 0.0000000000
51366  -35.313  -26.307  51.257 0.0000000000
50557  -34.827  -26.864  51.580 0.0000000000
49704  -33.435  -28.009  50.315 0.0000000000
47263  -30.422  -31.563  46.294 0.0000000000
47251  -30.649  -31.317  47.030 0.0000000000
123922  -30.575  -31.991  47.128 0.0000000000
110469  -30.343  -32.781  46.770 0.0000000000
45673  -29.984  -33.492  46.062 0.0000000000
44872  -29.773  -34.167  45.504 0.0000000000
44028  -29.613  -35.132  44.757 0.0000000000
110930  -29.490  -35.345  44.097 0.0000000000
44034  -29.626  -34.785  43.965 0.0000000000
66490  -52.295  -8.488  18.599 0.0000000000
120180  -12.596  -34.074  45.833 0.0000000000
45667  -13.101  -33.705  45.093 0.0000000000
45657  -11.910  -34.353  45.773 0.0000000000
112541  -9.298  -35.782  44.048 0.0000000000
44866  -9.502  -35.703  45.082 0.0000000000
44014  -9.142  -36.240  45.151 0.0000000000
111502  -8.385  -37.886  46.764 0.0000000000
42261  -8.228  -37.780  45.988 0.0000000000
41399  -8.396  -38.381  46.450 0.0000000000
40491  -8.536  -38.569  46.247 0.0000000000
40508  -10.758  -39.105  45.215 0.0000000000
40507  -9.854  -39.169  45.624 0.0000000000
40493  -10.927  -39.200  46.163 0.0000000000
112755  -11.973  -39.028  46.490 0.0000000000
118498  -49.866  -11.471  30.427 0.0000000000
64065  -49.605  -11.506  31.059 0.0000000000
62396  -45.837  -12.907  30.113 0.0000000000
63246  -47.758  -12.350  28.650 0.0000000000
39629  -20.565  -40.956  53.660 0.0000000000
37275  -21.517  -42.396  52.224 0.0000000000
37271  -21.154  -42.462  52.685 0.0000000000
37278  -21.114  -42.556  52.132 0.0000000000
36412  -19.700  -43.002  51.975 0.0000000000
114580  -19.687  -42.770  51.396 0.0000000000
40532  -27.035  -38.895  44.478 0.0000000000
108166  -26.435  -39.058  45.088 0.0000000000
40515  -25.793  -39.129  45.756 0.0000000000
39694  -22.907  -39.513  46.415 0.0000000000
40497  -23.824  -39.348  46.694 0.0000000000
39677  -23.946  -39.845  47.539 0.0000000000
39669  -25.208  -40.314  48.567 0.0000000000
38915  -24.318  -40.887  48.937 0.0000000000
38904  -23.708  -41.451  49.601 0.0000000000
38127  -22.809  -41.368  49.402 0.0000000000
38126  -21.989  -41.078  49.067 0.0000000000
37343  -19.682  -41.571  46.615 0.0000000000
36458  -18.735  -42.282  47.311 0.0000000000
48886  -9.780  -28.607  44.902 0.0000000000
48075  -9.238  -30.734  41.169 0.0000000000
48074  -8.623  -30.491  41.046 0.0000000000
48929  -8.274  -30.180  40.808 0.0000000000
123236  -8.039  -29.442  41.033 0.0000000000
118854  -8.252  -30.643  40.225 0.0000000000
43205  -9.466  -36.564  39.420 0.0000000000
122571  -8.946  -36.116  39.781 0.0000000000
43218  -9.049  -36.025  39.396 0.0000000000
43219  -9.276  -35.819  38.893 0.0000000000
128113  -9.145  -35.193  38.585 0.0000000000
45790  -12.209  -33.393  36.286 0.0000000000
45772  -10.802  -33.402  37.244 0.0000000000
45787  -9.565  -32.820  36.900 0.0000000000
45786  -9.246  -32.670  37.221 0.0000000000
127806  -9.061  -32.491  37.401 0.0000000000
112681  -8.910  -32.130  35.634 0.0000000000
47340  -8.412  -31.739  35.183 0.0000000000
39614  -14.445  -40.245  55.863 0.0000000000
40395  -14.337  -40.157  55.915 0.0000000000
40394  -13.955  -39.881  55.828 0.0000000000
40393  -13.356  -39.795  55.841 0.0000000000
119289  -12.953  -39.257  55.974 0.0000000000
40403  -10.503  -39.358  54.980 0.0000000000
41314  -10.184  -38.783  54.632 0.0000000000
42186  -10.135  -37.234  54.523 0.0000000000
43059  -10.390  -36.551  54.354 0.0000000000
42191  -9.709  -37.449  53.845 0.0000000000
43071  -9.198  -37.319  52.404 0.0000000000
42196  -8.908  -37.414  51.773 0.0000000000
42197  -8.966  -38.046  52.028 0.0000000000
41349  -9.016  -38.262  51.422 0.0000000000
114550  -9.113  -38.400  51.297 0.0000000000
38893  -11.103  -41.462  50.807 0.0000000000
38894  -11.456  -41.117  50.163 0.0000000000
38912  -12.328  -40.408  48.156 0.0000000000
38917  -12.288  -41.967  47.259 0.0000000000
35499  -8.998  -46.170  48.849 0.0000000000
35509  -9.257  -45.808  48.806 0.0000000000
36445  -8.963  -45.651  48.112 0.0000000000
109888  -9.464  -45.184  47.880 0.0000000000
36455  -9.361  -44.949  47.197 0.0000000000
37370  -10.800  -43.646  45.398 0.0000000000
48908  -37.230  -28.318  42.911 0.0000000000
48057  -37.191  -28.468  42.407 0.0000000000
48909  -37.511  -28.120  42.964 0.0000000000
48910  -38.136  -27.972  43.115 0.0000000000
114639  -38.629  -27.567  43.370 0.0000000000
50647  -39.483  -26.755  43.691 0.0000000000
125111  -40.040  -26.201  43.722 0.0000000000
51415  -35.618  -26.125  45.244 0.0000000000
50620  -36.277  -26.830  44.742 0.0000000000
50636  -36.653  -27.231  44.216 0.0000000000
112912  -37.556  -26.856  45.266 0.0000000000
49756  -37.203  -27.029  44.494 0.0000000000
49772  -36.811  -27.452  43.801 0.0000000000
52165  -37.620  -25.367  48.696 0.0000000000
52166  -38.326  -25.227  48.402 0.0000000000
52177  -36.959  -25.883  47.454 0.0000000000
66417  -53.629  -8.287  26.633 0.0000000000
119848  -47.979  -12.490  25.630 0.0000000000
62454  -47.882  -12.580  24.923 0.0000000000
63282  -48.455  -12.446  24.606 0.0000000000
64104  -50.977  -10.411  25.106 0.0000000000
121609  -50.861  -10.481  25.740 0.0000000000
56605  -46.750  -20.468  31.434 0.0000000000
116937  -48.041  -20.418  33.054 0.0000000000
123485  -48.155  -21.253  33.167 0.0000000000
52471  -42.038  -25.473  28.665 0.0000000000
53279  -44.279  -24.060  29.484 0.0000000000
54907  -45.592  -22.349  29.718 0.0000000000
55801  -46.344  -21.381  30.511 0.0000000000
40566  -11.076  -38.762  42.750 0.0000000000
41450  -11.095  -38.542  42.063 0.0000000000
123412  -12.017  -38.318  42.115 0.0000000000
109768  -14.795  -38.383  42.180 0.0000000000
41475  -15.218  -38.527  41.511 0.0000000000
40592  -15.674  -39.193  40.382 0.0000000000
39759  -15.668  -40.119  39.845 0.0000000000
39777  -15.153  -41.000  38.268 0.0000000000
39029  -14.398  -41.167  37.675 0.0000000000
38252  -14.384  -42.380  38.400 0.0000000000
127148  -14.169  -42.964  38.624 0.0000000000
37425  -13.673  -43.420  38.327 0.0000000000
36529  -13.470  -44.015  38.402 0.0000000000
127297  -17.461  -43.503  53.212 0.0000000000
36396  -17.344  -43.487  53.633 0.0000000000
126752  -17.143  -43.607  53.021 0.0000000000
114636  -16.414  -43.763  53.233 0.0000000000
35474  -15.671  -44.382  52.045 0.0000000000
34526  -15.576  -44.306  52.484 0.0000000000
34525  -14.776  -44.858  52.297 0.0000000000
115611  -43.800  -24.894  36.003 0.0000000000
51483  -38.050  -26.731  39.064 0.0000000000
52323  -37.949  -25.105  36.754 0.0000000000
52345  -38.641  -24.739  35.965 0.0000000000
52346  -39.826  -24.698  35.905 0.0000000000
52347  -40.889  -24.743  35.890 0.0000000000
122635  -41.734  -24.798  35.919 0.0000000000
122441  -33.101  -29.198  52.175 0.0000000000
48821  -33.279  -29.034  51.617 0.0000000000
50593  -32.962  -27.369  49.014 0.0000000000
128648  -32.872  -27.951  49.371 0.0000000000
49728  -32.029  -28.192  47.974 0.0000000000
48871  -31.198  -29.488  47.424 0.0000000000
48882  -30.644  -29.435  46.024 0.0000000000
48036  -30.471  -30.478  45.940 0.0000000000
48037  -30.577  -30.881  46.507 0.0000000000
48048  -30.306  -31.288  45.785 0.0000000000
45701  -29.471  -33.463  43.286 0.0000000000
128601  -52.614  -8.732  19.929 0.0000000000
112576  -53.010  -8.129  21.008 0.0000000000
123549  -52.611  -8.732  19.416 0.0000000000
67231  -53.136  -8.220  18.916 0.0000000000
67241  -53.681  -7.472  18.471 0.0000000000
68002  -54.209  -6.366  19.482 0.0000000000
68001  -54.121  -6.207  20.669 0.0000000000
45634  -11.316  -34.350  47.826 0.0000000000
113548  -10.173  -34.724  47.034 0.0000000000
44843  -9.555  -35.338  46.981 0.0000000000
43983  -9.356  -35.699  47.354 0.0000000000
123972  -9.177  -36.015  47.598 0.0000000000
42253  -8.633  -37.200  47.167 0.0000000000
40477  -8.625  -38.525  48.065 0.0000000000
64054  -48.453  -11.680  31.893 0.0000000000
64053  -47.683  -11.814  31.944 0.0000000000
63189  -47.433  -12.089  33.379 0.0000000000
59024  -44.040  -18.121  29.058 0.0000000000
61530  -44.781  -14.230  30.604 0.0000000000
62395  -45.266  -13.475  30.698 0.0000000000
40420  -22.325  -40.019  52.944 0.0000000000
38090  -22.351  -41.839  52.899 0.0000000000
38879  -23.034  -41.474  52.588 0.0000000000
38092  -22.693  -41.871  52.233 0.0000000000
37276  -22.176  -42.103  52.270 0.0000000000
37283  -22.343  -42.192  51.600 0.0000000000
109200  -21.919  -42.326  51.493 0.0000000000
41433  -23.710  -38.005  43.771 0.0000000000
129937  -23.588  -38.299  44.397 0.0000000000
40529  -23.415  -38.651  44.959 0.0000000000
40512  -22.686  -39.193  45.608 0.0000000000
39684  -22.256  -40.211  46.920 0.0000000000
38924  -21.521  -40.661  46.963 0.0000000000
38923  -20.929  -40.848  46.560 0.0000000000
113523  -10.828  -29.259  44.775 0.0000000000
128057  -10.797  -29.351  43.939 0.0000000000
48076  -9.985  -30.683  41.476 0.0000000000
47286  -10.514  -31.227  41.399 0.0000000000
47294  -9.107  -31.737  40.804 0.0000000000
47293  -8.577  -31.976  40.474 0.0000000000
46546  -8.172  -32.899  40.134 0.0000000000
44076  -12.928  -35.280  38.611 0.0000000000
44075  -12.047  -35.243  38.496 0.0000000000
44929  -13.446  -34.946  38.152 0.0000000000
44937  -13.457  -34.600  37.442 0.0000000000
119022  -12.748  -33.896  37.135 0.0000000000
125614  -13.099  -34.587  35.745 0.0000000000
44945  -12.819  -33.954  36.065 0.0000000000
45808  -12.261  -33.696  35.560 0.0000000000
45807  -11.533  -33.289  35.393 0.0000000000
45824  -10.973  -33.615  34.616 0.0000000000
43072  -14.667  -36.155  52.585 0.0000000000
43069  -14.546  -35.734  53.188 0.0000000000
43067  -13.651  -36.489  53.987 0.0000000000
43066  -13.135  -36.361  54.634 0.0000000000
38076  -12.680  -41.883  55.217 0.0000000000
38863  -12.425  -41.244  55.489 0.0000000000
38869  -11.895  -41.452  55.341 0.0000000000
38861  -11.459  -41.067  55.396 0.0000000000
112004  -10.754  -40.820  54.923 0.0000000000
38867  -10.517  -41.125  54.312 0.0000000000
39624  -10.180  -40.536  54.257 0.0000000000
40421  -9.871  -39.534  53.262 0.0000000000
40433  -9.880  -39.460  52.790 0.0000000000
39639  -10.241  -40.338  52.763 0.0000000000
38887  -10.821  -41.309  51.616 0.0000000000
129925  -37.054  -28.179  39.101 0.0000000000
49822  -37.874  -27.554  40.113 0.0000000000
48069  -37.379  -28.604  42.097 0.0000000000
48084  -37.997  -28.112  41.181 0.0000000000
49793  -38.998  -27.243  42.418 0.0000000000
126829  -38.334  -27.772  41.919 0.0000000000
107709  -38.157  -27.852  41.488 0.0000000000
49810  -38.254  -27.475  40.973 0.0000000000
51475  -38.980  -26.137  40.519 0.0000000000
52268  -39.299  -25.056  40.948 0.0000000000
53172  -39.634  -24.580  40.429 0.0000000000
52136  -35.891  -25.881  51.453 0.0000000000
50578  -34.546  -26.682  50.581 0.0000000000
51380  -34.096  -26.727  49.642 0.0000000000
51382  -35.642  -25.661  49.925 0.0000000000
51381  -34.702  -26.199  49.982 0.0000000000
51386  -33.625  -26.652  49.137 0.0000000000
50598  -32.202  -27.370  47.400 0.0000000000
50604  -31.981  -27.174  46.645 0.0000000000
110431  -32.306  -26.427  46.297 0.0000000000
64122  -51.175  -10.579  23.536 0.0000000000
65717  -52.209  -9.200  21.879 0.0000000000
65706  -52.506  -8.516  23.139 0.0000000000
66464  -52.927  -8.053  22.792 0.0000000000
60692  -45.608  -15.009  33.441 0.0000000000
60693  -46.259  -15.524  33.939 0.0000000000
57393  -47.346  -19.588  32.660 0.0000000000
58159  -47.894  -18.419  33.842 0.0000000000
58213  -44.801  -18.901  29.671 0.0000000000
58202  -45.234  -18.874  30.444 0.0000000000
58998  -45.030  -17.955  30.744 0.0000000000
59810  -45.473  -16.320  32.430 0.0000000000
41422  -29.101  -36.968  45.002 0.0000000000
109908  -29.038  -37.264  45.632 0.0000000000
41421  -28.855  -37.315  44.988 0.0000000000
40555  -28.145  -37.948  44.165 0.0000000000
127116  -27.814  -38.392  44.236 0.0000000000
40570  -27.780  -38.406  42.520 0.0000000000
40553  -27.338  -38.727  43.042 0.0000000000
40552  -26.871  -38.818  43.586 0.0000000000
124303  -26.345  -38.756  43.352 0.0000000000
40551  -25.714  -38.529  43.576 0.0000000000
49831  -8.192  -28.356  38.185 0.0000000000
44886  -9.029  -35.172  41.997 0.0000000000
43192  -8.600  -36.396  40.792 0.0000000000
42318  -9.388  -37.180  40.874 0.0000000000
43193  -9.054  -36.731  40.513 0.0000000000
42336  -9.359  -36.982  40.193 0.0000000000
43207  -11.317  -36.834  39.231 0.0000000000
125220  -11.760  -36.272  38.935 0.0000000000
41472  -11.643  -38.200  41.570 0.0000000000
42322  -11.985  -37.709  40.487 0.0000000000
42324  -14.304  -37.468  40.584 0.0000000000
42340  -12.679  -37.093  39.986 0.0000000000
113576  -13.197  -36.520  39.539 0.0000000000
44065  -13.117  -35.937  39.072 0.0000000000
44077  -13.903  -35.523  38.581 0.0000000000
42384  -14.969  -37.408  36.637 0.0000000000
42383  -14.282  -37.527  36.172 0.0000000000
42402  -13.841  -36.822  35.798 0.0000000000
42382  -13.266  -37.654  35.932 0.0000000000
39028  -13.782  -41.818  37.680 0.0000000000
39621  -16.068  -40.347  55.325 0.0000000000
112255  -16.458  -40.837  55.402 0.0000000000
39616  -15.604  -40.634  55.646 0.0000000000
38859  -14.738  -41.189  56.034 0.0000000000
38858  -14.073  -41.037  56.000 0.0000000000
38071  -13.705  -41.458  55.664 0.0000000000
36395  -16.780  -43.479  54.035 0.0000000000
36394  -16.068  -43.462  54.136 0.0000000000
36388  -15.696  -43.209  54.396 0.0000000000
35455  -15.220  -43.872  53.651 0.0000000000
36387  -14.975  -43.198  54.335 0.0000000000
37254  -15.239  -42.672  54.806 0.0000000000
37253  -14.498  -42.639  54.779 0.0000000000
38077  -13.318  -41.961  55.261 0.0000000000
37251  -12.348  -42.479  54.805 0.0000000000
36400  -12.553  -44.340  53.904 0.0000000000
36399  -12.104  -43.991  54.093 0.0000000000
37267  -11.622  -43.332  54.090 0.0000000000
36404  -10.976  -44.085  52.912 0.0000000000
35464  -10.741  -44.210  52.132 0.0000000000
52401  -44.822  -24.370  32.755 0.0000000000
108343  -44.949  -24.659  34.452 0.0000000000
49834  -37.239  -27.320  38.158 0.0000000000
49842  -37.457  -27.982  37.416 0.0000000000
51506  -37.507  -27.234  37.285 0.0000000000
107550  -40.264  -25.489  31.892 0.0000000000
107549  -41.031  -25.594  31.831 0.0000000000
52415  -42.693  -25.507  31.464 0.0000000000
107424  -43.405  -25.245  31.598 0.0000000000
45599  -31.185  -33.169  50.755 0.0000000000
44807  -30.741  -34.037  49.975 0.0000000000
43965  -30.530  -34.733  49.568 0.0000000000
43134  -30.304  -35.774  47.701 0.0000000000
43144  -30.180  -36.266  46.620 0.0000000000
50546  -34.366  -27.438  52.672 0.0000000000
50556  -34.454  -27.418  51.864 0.0000000000
49670  -33.937  -27.883  52.073 0.0000000000
48822  -33.641  -28.309  51.708 0.0000000000
48827  -33.085  -29.192  50.963 0.0000000000
47987  -32.593  -29.915  50.747 0.0000000000
48845  -32.447  -28.470  49.249 0.0000000000
48014  -31.723  -29.743  48.784 0.0000000000
111840  -32.325  -29.030  49.623 0.0000000000
47995  -32.221  -29.833  49.850 0.0000000000
126512  -32.422  -29.932  50.300 0.0000000000
47206  -32.182  -30.752  50.064 0.0000000000
46445  -31.705  -31.449  49.824 0.0000000000
120710  -30.767  -32.731  48.999 0.0000000000
45652  -30.532  -33.385  48.301 0.0000000000
117194  -30.448  -33.103  47.544 0.0000000000
116726  -30.380  -34.010  47.494 0.0000000000
43989  -30.309  -34.984  47.403 0.0000000000
118546  -29.628  -36.403  45.684 0.0000000000
42275  -29.352  -36.419  45.123 0.0000000000
41460  -28.656  -36.784  43.444 0.0000000000
42295  -29.058  -35.959  43.610 0.0000000000
42294  -28.644  -36.089  42.838 0.0000000000
68006  -53.990  -6.945  17.889 0.0000000000
68015  -53.746  -6.676  17.263 0.0000000000
68824  -54.078  -6.029  17.077 0.0000000000
48053  -12.564  -30.698  42.955 0.0000000000
47288  -12.297  -31.378  42.363 0.0000000000
44888  -10.049  -34.724  42.592 0.0000000000
129229  -12.786  -33.734  44.365 0.0000000000
45688  -12.694  -33.276  43.497 0.0000000000
45687  -11.853  -34.018  43.204 0.0000000000
44879  -10.994  -34.341  42.800 0.0000000000
44877  -9.428  -35.234  42.767 0.0000000000
113159  -8.993  -36.004  43.685 0.0000000000
43173  -8.602  -36.622  42.875 0.0000000000
42292  -8.558  -37.082  42.228 0.0000000000
110506  -8.910  -37.874  42.526 0.0000000000
40563  -9.567  -38.376  42.687 0.0000000000
43153  -8.852  -36.589  45.275 0.0000000000
126299  -8.249  -37.256  44.954 0.0000000000
42265  -8.097  -37.800  45.214 0.0000000000
41415  -8.182  -38.209  44.521 0.0000000000
40523  -8.566  -38.357  43.906 0.0000000000
40543  -9.323  -38.674  43.466 0.0000000000
40544  -9.897  -38.768  42.932 0.0000000000
40545  -10.633  -38.951  43.348 0.0000000000
40546  -11.618  -38.747  43.455 0.0000000000
115227  -12.192  -38.653  44.260 0.0000000000
41407  -12.566  -38.681  45.062 0.0000000000
41416  -13.152  -38.441  44.407 0.0000000000
41417  -13.880  -38.754  44.396 0.0000000000
129806  -14.147  -39.697  44.687 0.0000000000
39705  -14.185  -40.294  44.288 0.0000000000
64081  -50.275  -11.390  28.347 0.0000000000
64072  -51.129  -10.801  28.966 0.0000000000
54099  -46.924  -23.268  33.216 0.0000000000
61565  -44.182  -14.228  28.145 0.0000000000
61566  -44.772  -13.448  27.828 0.0000000000
108314  -45.719  -12.978  27.240 0.0000000000
62443  -46.781  -12.660  26.835 0.0000000000
62435  -47.338  -12.544  27.326 0.0000000000
63248  -49.329  -11.931  28.203 0.0000000000
39623  -18.304  -40.827  54.636 0.0000000000
38083  -18.561  -42.544  54.245 0.0000000000
37264  -18.808  -42.975  53.526 0.0000000000
38085  -20.270  -42.218  53.345 0.0000000000
38088  -20.889  -42.318  53.091 0.0000000000
37265  -19.588  -42.729  53.246 0.0000000000
37269  -18.951  -43.007  53.193 0.0000000000
114083  -17.996  -43.376  53.070 0.0000000000
36410  -18.044  -43.496  52.180 0.0000000000
36416  -18.837  -43.237  52.000 0.0000000000
35481  -17.887  -43.472  51.827 0.0000000000
111031  -17.193  -43.591  51.184 0.0000000000
35502  -16.436  -43.809  49.775 0.0000000000
40519  -28.819  -37.601  46.080 0.0000000000
128989  -28.983  -37.664  46.752 0.0000000000
40502  -28.886  -38.010  47.326 0.0000000000
40517  -28.008  -38.611  45.726 0.0000000000
40501  -28.494  -38.351  47.125 0.0000000000
115235  -27.731  -39.426  48.354 0.0000000000
107688  -25.170  -38.915  45.278 0.0000000000
122068  -25.556  -39.404  46.697 0.0000000000
39679  -27.418  -39.412  47.670 0.0000000000
39671  -27.947  -39.357  48.917 0.0000000000
39661  -27.268  -39.846  49.533 0.0000000000
39652  -27.078  -39.980  49.964 0.0000000000
38906  -26.091  -40.700  49.926 0.0000000000
38890  -26.241  -40.492  50.695 0.0000000000
38097  -24.308  -41.307  51.070 0.0000000000
38099  -23.612  -41.639  51.134 0.0000000000
38105  -23.444  -41.940  50.853 0.0000000000
37291  -23.109  -42.062  50.869 0.0000000000
109692  -22.039  -42.214  50.965 0.0000000000
37301  -21.257  -42.148  50.621 0.0000000000
38134  -21.573  -40.818  48.103 0.0000000000
38125  -21.212  -41.063  48.511 0.0000000000
37328  -20.055  -41.455  47.307 0.0000000000
113154  -20.579  -41.266  48.043 0.0000000000
111949  -20.997  -41.675  49.847 0.0000000000
36437  -18.770  -42.569  49.897 0.0000000000
36447  -18.322  -42.520  48.229 0.0000000000
110051  -17.841  -42.795  49.151 0.0000000000
48887  -10.230  -28.981  44.444 0.0000000000
48902  -9.699  -28.712  44.042 0.0000000000
49764  -8.959  -28.145  44.135 0.0000000000
113934  -8.476  -27.854  43.298 0.0000000000
115179  -8.104  -28.070  41.407 0.0000000000
49806  -7.999  -28.233  39.868 0.0000000000
44894  -8.529  -34.787  41.319 0.0000000000
44893  -8.181  -34.295  40.739 0.0000000000
117656  -8.238  -34.961  40.028 0.0000000000
126392  -8.284  -33.619  40.561 0.0000000000
45712  -8.142  -33.566  40.346 0.0000000000
45739  -8.026  -33.482  39.911 0.0000000000
46554  -8.118  -32.818  39.545 0.0000000000
44926  -10.554  -34.679  38.163 0.0000000000
44925  -9.528  -34.670  38.228 0.0000000000
44924  -8.886  -34.565  38.480 0.0000000000
45757  -8.532  -33.988  38.716 0.0000000000
47319  -8.264  -31.858  39.292 0.0000000000
124066  -8.454  -31.549  38.527 0.0000000000
48973  -8.459  -29.765  37.534 0.0000000000
48984  -8.378  -29.492  36.528 0.0000000000
112409  -8.195  -29.768  35.649 0.0000000000
48160  -7.911  -30.360  34.230 0.0000000000
47351  -8.010  -31.138  34.685 0.0000000000
45573  -11.415  -34.369  51.569 0.0000000000
41321  -15.083  -38.904  54.577 0.0000000000
41320  -14.289  -38.441  54.852 0.0000000000
41313  -14.461  -39.423  55.529 0.0000000000
41317  -14.038  -38.766  55.411 0.0000000000
42189  -13.634  -37.976  55.063 0.0000000000
39619  -12.486  -40.520  55.793 0.0000000000
108646  -12.443  -39.360  56.098 0.0000000000
41310  -12.537  -38.656  56.048 0.0000000000
122736  -11.387  -38.974  55.928 0.0000000000
41309  -11.948  -38.787  56.207 0.0000000000
42184  -12.551  -38.052  55.929 0.0000000000
43058  -12.342  -37.315  55.773 0.0000000000
43062  -12.246  -36.546  55.369 0.0000000000
43910  -12.657  -36.084  54.824 0.0000000000
43909  -12.215  -35.929  54.938 0.0000000000
44752  -12.020  -35.411  54.542 0.0000000000
44754  -11.659  -35.085  53.902 0.0000000000
43911  -10.228  -36.429  53.765 0.0000000000
44753  -10.978  -35.572  53.741 0.0000000000
44759  -11.203  -35.134  53.257 0.0000000000
112209  -10.793  -35.243  52.617 0.0000000000
44764  -10.471  -35.153  51.799 0.0000000000
44777  -10.800  -34.718  51.261 0.0000000000
44775  -9.419  -35.754  50.740 0.0000000000
114315  -8.676  -36.844  49.768 0.0000000000
43078  -8.803  -36.956  51.202 0.0000000000
43090  -8.654  -37.253  50.401 0.0000000000
126209  -8.519  -37.502  49.799 0.0000000000
121115  -8.523  -38.292  49.065 0.0000000000
40468  -8.614  -38.474  48.752 0.0000000000
40469  -8.853  -38.700  48.498 0.0000000000
119119  -9.547  -38.893  51.507 0.0000000000
40451  -9.713  -38.973  50.755 0.0000000000
40452  -10.485  -39.573  50.431 0.0000000000
110927  -9.205  -38.595  50.168 0.0000000000
40470  -9.474  -38.771  49.019 0.0000000000
40480  -10.576  -39.106  47.817 0.0000000000
40494  -12.138  -39.229  47.189 0.0000000000
40495  -12.766  -39.626  47.005 0.0000000000
128897  -12.973  -39.367  46.356 0.0000000000
39691  -13.536  -40.083  45.875 0.0000000000
38935  -13.599  -40.948  44.754 0.0000000000
35472  -10.590  -44.860  51.645 0.0000000000
34553  -9.567  -45.854  50.052 0.0000000000
34537  -9.913  -45.548  50.427 0.0000000000
35477  -10.130  -45.139  50.578 0.0000000000
36415  -10.416  -44.595  50.826 0.0000000000
36425  -10.519  -44.164  50.733 0.0000000000
124863  -10.535  -43.934  50.491 0.0000000000
37298  -10.103  -44.841  49.467 0.0000000000
38112  -10.650  -43.728  49.348 0.0000000000
38122  -10.777  -43.559  48.800 0.0000000000
36466  -9.422  -44.844  46.653 0.0000000000
37338  -9.855  -44.436  46.986 0.0000000000
37339  -10.768  -43.550  47.075 0.0000000000
38132  -11.157  -43.157  47.540 0.0000000000
38138  -11.648  -42.705  46.496 0.0000000000
38159  -11.603  -42.735  44.919 0.0000000000
38927  -12.326  -42.051  45.206 0.0000000000
38934  -12.853  -41.858  44.314 0.0000000000
107266  -13.639  -41.318  43.827 0.0000000000
38193  -13.320  -42.463  42.559 0.0000000000
38207  -13.202  -43.133  42.114 0.0000000000
35462  -15.666  -43.941  53.350 0.0000000000
35592  -13.389  -45.082  40.099 0.0000000000
36407  -19.674  -42.946  52.480 0.0000000000
37282  -21.593  -42.438  51.864 0.0000000000
38072  -14.416  -41.609  55.720 0.0000000000
38098  -23.348  -41.984  50.883 0.0000000000
38137  -11.119  -43.169  46.734 0.0000000000
38856  -12.861  -40.828  55.671 0.0000000000
38877  -23.128  -40.791  52.833 0.0000000000
38922  -13.254  -40.624  46.271 0.0000000000
39615  -14.906  -40.220  55.723 0.0000000000
39675  -12.681  -40.201  47.504 0.0000000000
40401  -14.726  -39.875  55.622 0.0000000000
40450  -9.309  -38.612  50.897 0.0000000000
40461  -9.702  -38.888  49.893 0.0000000000
40498  -27.100  -39.240  46.170 0.0000000000
40533  -27.422  -38.638  43.902 0.0000000000
40535  -28.503  -37.788  44.932 0.0000000000
41334  -9.190  -38.425  51.990 0.0000000000
41400  -8.466  -38.545  46.051 0.0000000000
41410  -29.459  -36.899  45.831 0.0000000000
41449  -9.810  -38.057  41.997 0.0000000000
41522  -15.664  -38.606  38.299 0.0000000000
42187  -10.712  -37.300  55.274 0.0000000000
42220  -8.587  -37.877  50.043 0.0000000000
42231  -8.410  -37.802  49.457 0.0000000000
42273  -8.500  -36.860  44.719 0.0000000000
42353  -15.576  -37.820  38.501 0.0000000000
43065  -9.943  -36.861  53.944 0.0000000000
43126  -8.971  -36.512  47.403 0.0000000000
43133  -30.229  -36.377  47.352 0.0000000000
43140  -9.191  -36.232  45.863 0.0000000000
43154  -29.966  -36.024  45.989 0.0000000000
43183  -29.350  -35.248  42.197 0.0000000000
43204  -9.107  -36.472  39.898 0.0000000000
43912  -10.682  -36.045  54.099 0.0000000000
43919  -10.519  -35.995  53.496 0.0000000000
43945  -9.225  -35.910  50.062 0.0000000000
43982  -9.061  -36.465  46.313 0.0000000000
44006  -30.165  -35.156  46.536 0.0000000000
44033  -9.078  -35.676  42.931 0.0000000000
44078  -14.603  -35.639  37.985 0.0000000000
44831  -9.850  -34.934  47.427 0.0000000000
44845  -11.347  -34.451  46.326 0.0000000000
44861  -29.916  -34.682  46.072 0.0000000000
44868  -10.568  -34.821  43.667 0.0000000000
44880  -29.660  -34.084  43.865 0.0000000000
44887  -9.634  -34.184  41.731 0.0000000000
45662  -30.257  -33.675  46.781 0.0000000000
46430  -31.955  -31.539  50.334 0.0000000000
46491  -30.379  -32.099  46.457 0.0000000000
48833  -32.554  -29.105  50.152 0.0000000000
48883  -30.738  -29.990  46.699 0.0000000000
48936  -38.025  -28.092  41.981 0.0000000000
49717  -32.474  -28.074  48.774 0.0000000000
49775  -38.970  -27.235  43.915 0.0000000000
50603  -31.466  -27.589  46.452 0.0000000000
50606  -37.894  -26.846  45.873 0.0000000000
50624  -39.195  -26.799  45.203 0.0000000000
51402  -35.718  -25.794  46.042 0.0000000000
51405  -38.627  -26.447  46.501 0.0000000000
52137  -36.508  -25.496  51.064 0.0000000000
52206  -35.052  -25.551  45.650 0.0000000000
54894  -47.189  -22.705  32.718 0.0000000000
56589  -47.605  -21.063  32.485 0.0000000000
58175  -47.552  -18.925  33.209 0.0000000000
63196  -45.712  -12.921  32.220 0.0000000000
109423  -30.359  -30.093  45.390 0.0000000000
111298  -9.249  -38.752  48.287 0.0000000000
111582  -11.363  -38.246  55.994 0.0000000000
113983  -9.722  -37.114  53.560 0.0000000000
116883  -28.632  -37.953  46.568 0.0000000000
117692  -8.585  -37.623  42.728 0.0000000000
117906  -21.226  -41.060  53.384 0.0000000000
118408  -12.320  -39.991  56.036 0.0000000000
118573  -32.673  -26.541  47.546 0.0000000000
118765  -14.932  -40.686  55.950 0.0000000000
120714  -31.171  -32.099  49.504 0.0000000000
121021  -14.407  -40.690  56.002 0.0000000000
122396  -9.238  -38.900  44.178 0.0000000000
123117  -10.110  -37.844  40.959 0.0000000000
123900  -9.521  -38.005  53.573 0.0000000000
123953  -11.497  -41.587  55.055 0.0000000000
124808  -8.891  -37.490  42.174 0.0000000000
126227  -39.928  -25.834  46.380 0.0000000000
127336  -9.880  -40.125  54.004 0.0000000000
128719  -10.797  -35.573  53.208 0.0000000000
129349  -37.790  -26.717  46.268 0.0000000000
129524  -11.345  -38.933  44.038 0.0000000000
129849  -11.654  -35.804  38.709 0.0000000000
129933  -15.576  -37.720  37.812 0.0000000000
