#!ascii label  , from subject sub-v1s12x0050113_ses-1 vox2ras=TkReg
319
129728  -24.820  -4.174  -24.836 0.0000000000
66894  -22.231  -7.925  -22.426 0.0000000000
67670  -28.187  -7.372  -23.337 0.0000000000
64547  -25.188  -11.560  -22.625 0.0000000000
79979  -22.900  7.960  -26.790 0.0000000000
77046  -24.731  4.769  -26.936 0.0000000000
73168  -21.682  0.117  -24.502 0.0000000000
61235  -24.634  -15.225  -21.349 0.0000000000
122628  -23.536  -9.830  -22.901 0.0000000000
64536  -22.838  -11.545  -21.821 0.0000000000
78451  -23.810  6.579  -27.179 0.0000000000
113222  -22.168  4.232  -25.651 0.0000000000
70022  -21.980  -4.159  -23.299 0.0000000000
71485  -20.550  -2.013  -22.602 0.0000000000
117191  -22.882  -1.907  -24.661 0.0000000000
73197  -24.924  0.170  -26.531 0.0000000000
72347  -26.141  -0.985  -25.423 0.0000000000
70783  -27.825  -3.290  -24.382 0.0000000000
69222  -20.975  -5.849  -21.674 0.0000000000
111233  -23.454  -6.068  -23.768 0.0000000000
114750  -25.881  -5.939  -24.109 0.0000000000
120608  -24.559  -7.604  -23.817 0.0000000000
66133  -26.459  -9.404  -22.849 0.0000000000
64549  -28.151  -11.392  -22.859 0.0000000000
75458  -20.085  2.541  -23.823 0.0000000000
75498  -23.489  2.210  -25.926 0.0000000000
76288  -26.063  2.923  -26.548 0.0000000000
62912  -22.561  -13.401  -21.183 0.0000000000
62914  -24.420  -13.582  -21.789 0.0000000000
65311  -21.427  -10.372  -20.905 0.0000000000
64527  -21.715  -11.729  -20.617 0.0000000000
77012  -20.936  5.290  -25.114 0.0000000000
76250  -20.755  3.991  -24.710 0.0000000000
70024  -23.269  -4.325  -24.184 0.0000000000
71501  -22.470  -2.664  -24.149 0.0000000000
71507  -24.006  -2.693  -24.941 0.0000000000
72328  -24.463  -1.792  -25.211 0.0000000000
71509  -25.615  -2.674  -24.940 0.0000000000
71510  -26.436  -2.631  -24.758 0.0000000000
70781  -26.094  -3.641  -24.744 0.0000000000
67658  -21.706  -7.241  -22.149 0.0000000000
69238  -22.020  -5.767  -22.759 0.0000000000
67666  -22.881  -7.196  -23.165 0.0000000000
119741  -24.014  -6.845  -23.917 0.0000000000
67667  -23.542  -7.612  -23.489 0.0000000000
65325  -23.868  -10.707  -22.787 0.0000000000
66132  -25.198  -9.894  -23.229 0.0000000000
121196  -25.714  -10.426  -22.879 0.0000000000
65328  -27.056  -10.542  -22.622 0.0000000000
122449  -26.787  -11.647  -22.423 0.0000000000
79977  -21.368  7.946  -25.674 0.0000000000
118114  -21.025  8.786  -25.491 0.0000000000
116310  -22.414  8.617  -26.382 0.0000000000
80754  -22.867  9.368  -26.696 0.0000000000
80006  -24.322  8.081  -28.261 0.0000000000
77781  -24.449  5.411  -27.021 0.0000000000
72318  -20.773  -1.277  -23.204 0.0000000000
73159  -19.833  0.238  -22.863 0.0000000000
73939  -21.163  0.855  -24.342 0.0000000000
126322  -21.842  2.081  -25.234 0.0000000000
74714  -22.270  1.479  -25.336 0.0000000000
118398  -26.032  0.662  -26.243 0.0000000000
74745  -25.194  1.475  -26.749 0.0000000000
75500  -27.049  2.308  -25.714 0.0000000000
116752  -27.600  -6.580  -23.475 0.0000000000
69251  -27.498  -5.575  -23.762 0.0000000000
62046  -22.923  -15.122  -20.845 0.0000000000
62060  -23.110  -14.242  -21.311 0.0000000000
62913  -23.465  -13.541  -21.622 0.0000000000
62061  -24.540  -14.424  -21.537 0.0000000000
116263  -21.450  -8.805  -21.513 0.0000000000
66895  -22.733  -8.559  -22.680 0.0000000000
65323  -22.602  -9.890  -22.151 0.0000000000
65313  -22.660  -10.628  -21.929 0.0000000000
64545  -23.622  -11.539  -22.367 0.0000000000
79201  -21.394  7.165  -25.695 0.0000000000
112945  -22.975  6.838  -26.542 0.0000000000
77760  -22.506  5.811  -26.143 0.0000000000
119707  -22.890  5.067  -26.155 0.0000000000
125882  -23.595  4.398  -26.437 0.0000000000
70012  -20.678  -4.171  -21.886 0.0000000000
129098  -21.022  -3.141  -22.671 0.0000000000
72319  -22.055  -1.802  -24.088 0.0000000000
72325  -21.884  -0.871  -24.360 0.0000000000
73183  -23.244  0.113  -25.596 0.0000000000
72344  -24.168  -0.870  -25.631 0.0000000000
73186  -25.408  -0.045  -26.371 0.0000000000
73188  -26.232  -0.482  -25.568 0.0000000000
72348  -26.841  -1.074  -24.931 0.0000000000
61236  -25.640  -16.101  -21.412 0.0000000000
122544  -26.039  -15.531  -21.528 0.0000000000
114821  -21.562  -5.194  -22.488 0.0000000000
70023  -22.604  -4.720  -23.581 0.0000000000
69259  -23.960  -4.993  -24.331 0.0000000000
69261  -25.659  -5.194  -24.425 0.0000000000
69249  -25.074  -5.835  -24.315 0.0000000000
126014  -25.944  -6.705  -23.813 0.0000000000
67668  -26.365  -7.447  -23.384 0.0000000000
66141  -23.837  -9.201  -23.299 0.0000000000
66143  -25.665  -9.094  -23.241 0.0000000000
66897  -27.132  -8.897  -22.802 0.0000000000
66135  -28.086  -10.019  -22.874 0.0000000000
65333  -28.555  -10.664  -23.121 0.0000000000
124895  -24.579  7.569  -28.181 0.0000000000
76251  -21.280  3.451  -24.986 0.0000000000
76268  -22.875  3.643  -25.829 0.0000000000
76285  -24.135  3.390  -26.542 0.0000000000
74730  -24.044  1.516  -26.189 0.0000000000
75514  -25.027  2.261  -26.735 0.0000000000
77028  -25.194  3.979  -26.862 0.0000000000
70025  -27.067  -4.727  -24.106 0.0000000000
70037  -28.877  -4.641  -23.957 0.0000000000
63709  -21.521  -12.446  -20.026 0.0000000000
63720  -22.699  -12.444  -21.491 0.0000000000
63721  -23.360  -12.275  -22.002 0.0000000000
62920  -24.672  -12.739  -22.150 0.0000000000
62063  -26.434  -14.790  -21.664 0.0000000000
62922  -26.362  -13.517  -21.936 0.0000000000
114571  -26.340  -12.892  -22.112 0.0000000000
76249  -20.083  4.015  -24.176 0.0000000000
70032  -24.154  -4.274  -24.611 0.0000000000
70779  -23.642  -3.515  -24.607 0.0000000000
70780  -24.446  -3.513  -24.872 0.0000000000
71508  -24.823  -2.696  -25.030 0.0000000000
120280  -25.211  -3.555  -24.950 0.0000000000
115512  -21.557  -8.005  -21.797 0.0000000000
67646  -21.037  -7.268  -21.468 0.0000000000
67659  -22.366  -7.203  -22.704 0.0000000000
67660  -22.838  -7.845  -22.973 0.0000000000
64546  -24.380  -11.482  -22.639 0.0000000000
65326  -24.888  -10.762  -23.005 0.0000000000
115450  -25.621  -11.052  -22.717 0.0000000000
65327  -26.403  -10.932  -22.591 0.0000000000
64548  -25.999  -11.606  -22.423 0.0000000000
79978  -22.081  7.965  -26.221 0.0000000000
80005  -23.955  8.857  -28.361 0.0000000000
117820  -23.655  7.959  -27.653 0.0000000000
77782  -25.116  5.510  -27.161 0.0000000000
77764  -25.771  5.195  -26.994 0.0000000000
73161  -21.138  -0.600  -23.736 0.0000000000
73160  -20.343  -0.483  -23.088 0.0000000000
73167  -20.626  0.332  -23.638 0.0000000000
74713  -21.413  1.548  -24.747 0.0000000000
73940  -21.844  0.932  -24.884 0.0000000000
119007  -26.714  0.772  -25.613 0.0000000000
74731  -26.444  1.468  -25.998 0.0000000000
67669  -27.260  -7.403  -23.212 0.0000000000
61224  -23.918  -15.633  -20.983 0.0000000000
61234  -23.805  -14.808  -21.312 0.0000000000
129647  -23.847  -14.128  -21.547 0.0000000000
66117  -21.419  -9.602  -21.223 0.0000000000
66118  -22.068  -9.389  -21.838 0.0000000000
64535  -22.045  -11.057  -21.238 0.0000000000
117745  -23.219  -10.923  -22.293 0.0000000000
126183  -21.049  6.635  -25.463 0.0000000000
78435  -21.814  6.529  -25.913 0.0000000000
116318  -21.728  6.012  -25.755 0.0000000000
77013  -21.751  4.944  -25.565 0.0000000000
77747  -22.149  5.353  -25.824 0.0000000000
77014  -22.735  4.479  -25.941 0.0000000000
111387  -21.356  -4.366  -22.565 0.0000000000
70765  -21.435  -3.439  -23.031 0.0000000000
71500  -21.734  -2.676  -23.552 0.0000000000
123278  -21.428  -1.321  -23.743 0.0000000000
72326  -22.677  -1.115  -24.776 0.0000000000
73170  -23.316  -0.566  -25.381 0.0000000000
126791  -23.341  -1.243  -25.101 0.0000000000
71521  -25.221  -1.745  -25.231 0.0000000000
72345  -24.896  -1.109  -25.696 0.0000000000
72346  -25.527  -0.823  -25.801 0.0000000000
73187  -25.758  -0.398  -25.944 0.0000000000
114474  -27.288  -2.603  -24.586 0.0000000000
70784  -28.782  -3.137  -24.363 0.0000000000
60441  -25.606  -16.865  -21.274 0.0000000000
120461  -26.340  -17.189  -21.489 0.0000000000
69221  -20.601  -5.464  -21.373 0.0000000000
69236  -21.007  -5.073  -21.931 0.0000000000
69237  -21.430  -5.816  -22.213 0.0000000000
69246  -22.674  -5.643  -23.354 0.0000000000
69247  -23.274  -5.231  -23.899 0.0000000000
121137  -23.876  -5.598  -24.161 0.0000000000
125672  -24.415  -5.505  -24.340 0.0000000000
69248  -24.307  -6.116  -24.167 0.0000000000
68453  -24.985  -6.737  -24.104 0.0000000000
121326  -25.489  -7.516  -23.712 0.0000000000
66130  -23.177  -9.165  -22.852 0.0000000000
126599  -25.877  -9.795  -22.984 0.0000000000
66144  -26.406  -8.733  -22.988 0.0000000000
66898  -27.980  -9.248  -22.928 0.0000000000
66134  -27.285  -9.824  -22.718 0.0000000000
117398  -27.328  -11.237  -22.588 0.0000000000
65329  -27.772  -10.611  -22.752 0.0000000000
64554  -28.826  -11.402  -23.264 0.0000000000
79219  -23.997  7.326  -27.874 0.0000000000
110463  -24.514  6.894  -27.835 0.0000000000
122884  -20.163  -2.449  -21.960 0.0000000000
74696  -19.494  1.963  -23.151 0.0000000000
75478  -20.482  3.312  -24.377 0.0000000000
74728  -22.646  2.169  -25.581 0.0000000000
75497  -22.847  2.908  -25.695 0.0000000000
75511  -23.536  2.912  -26.070 0.0000000000
76284  -23.511  3.612  -26.223 0.0000000000
119343  -23.991  2.875  -26.405 0.0000000000
73957  -24.534  0.446  -26.363 0.0000000000
73956  -23.784  0.759  -25.980 0.0000000000
73969  -24.478  0.981  -26.425 0.0000000000
75515  -25.529  2.199  -26.625 0.0000000000
74744  -24.954  1.643  -26.718 0.0000000000
76287  -25.382  3.030  -26.688 0.0000000000
77029  -25.951  3.698  -26.707 0.0000000000
76269  -26.629  3.494  -26.225 0.0000000000
70034  -26.250  -4.584  -24.452 0.0000000000
69250  -26.498  -5.366  -24.078 0.0000000000
70026  -27.960  -4.712  -23.938 0.0000000000
128538  -22.136  -13.754  -20.686 0.0000000000
62901  -21.894  -13.285  -20.468 0.0000000000
63710  -22.077  -12.546  -20.845 0.0000000000
110616  -23.177  -12.920  -21.676 0.0000000000
63722  -23.837  -12.893  -21.985 0.0000000000
62062  -25.435  -14.795  -21.533 0.0000000000
121066  -21.416  -11.023  -20.576 0.0000000000
115899  -22.278  -11.876  -21.205 0.0000000000
77746  -21.311  5.738  -25.483 0.0000000000
125609  -20.537  4.737  -24.692 0.0000000000
76266  -21.352  4.375  -25.194 0.0000000000
117903  -22.558  -4.002  -23.784 0.0000000000
70773  -22.159  -3.397  -23.670 0.0000000000
70774  -22.848  -3.444  -24.213 0.0000000000
71506  -23.218  -2.693  -24.633 0.0000000000
72327  -23.673  -1.845  -25.002 0.0000000000
71522  -25.940  -1.722  -25.094 0.0000000000
72329  -26.715  -1.776  -24.857 0.0000000000
70782  -26.972  -3.383  -24.504 0.0000000000
68435  -21.271  -6.509  -21.842 0.0000000000
68446  -21.875  -6.508  -22.480 0.0000000000
68447  -22.562  -6.483  -23.053 0.0000000000
127414  -22.954  -6.248  -23.411 0.0000000000
68452  -23.211  -6.756  -23.476 0.0000000000
66131  -24.338  -9.954  -23.198 0.0000000000
113440  -26.456  -10.148  -22.748 0.0000000000
79185  -20.725  7.453  -25.270 0.0000000000
79966  -21.606  8.686  -25.835 0.0000000000
111755  -24.595  8.881  -28.746 0.0000000000
78452  -23.905  5.720  -26.918 0.0000000000
78464  -24.496  6.086  -27.337 0.0000000000
73137  -19.344  0.184  -22.295 0.0000000000
73911  -19.355  0.847  -22.626 0.0000000000
73930  -19.864  0.846  -23.194 0.0000000000
74697  -20.362  1.483  -23.825 0.0000000000
75479  -21.036  2.462  -24.668 0.0000000000
73198  -25.209  0.497  -26.611 0.0000000000
115429  -25.068  1.029  -26.754 0.0000000000
73971  -25.351  0.819  -26.662 0.0000000000
74746  -25.719  1.416  -26.546 0.0000000000
75499  -26.215  2.212  -26.295 0.0000000000
68454  -26.689  -6.161  -23.747 0.0000000000
119468  -28.225  -6.069  -23.606 0.0000000000
62045  -22.370  -14.264  -20.783 0.0000000000
62915  -25.165  -14.024  -21.676 0.0000000000
66885  -22.122  -8.659  -22.134 0.0000000000
66129  -22.629  -9.228  -22.394 0.0000000000
129674  -23.013  -9.675  -22.571 0.0000000000
65312  -22.051  -10.154  -21.557 0.0000000000
65324  -23.139  -10.270  -22.466 0.0000000000
79186  -21.001  7.492  -25.429 0.0000000000
78449  -22.036  7.181  -26.147 0.0000000000
79202  -22.663  7.446  -26.506 0.0000000000
78450  -22.484  6.461  -26.263 0.0000000000
115965  -23.214  6.096  -26.546 0.0000000000
77761  -23.378  5.319  -26.493 0.0000000000
77762  -24.062  4.934  -26.789 0.0000000000
77027  -24.399  4.086  -26.730 0.0000000000
117726  -21.105  -2.697  -22.939 0.0000000000
71499  -21.274  -1.977  -23.357 0.0000000000
73169  -22.575  -0.283  -25.015 0.0000000000
73955  -22.645  0.652  -25.376 0.0000000000
73184  -23.965  -0.012  -25.912 0.0000000000
73185  -24.595  -0.114  -26.229 0.0000000000
108821  -24.979  -0.441  -26.213 0.0000000000
73958  -25.783  -0.017  -26.172 0.0000000000
73959  -26.389  0.065  -25.687 0.0000000000
73171  -27.107  -0.426  -24.947 0.0000000000
113128  -28.673  -7.994  -23.345 0.0000000000
60440  -24.842  -16.132  -21.179 0.0000000000
129962  -25.309  -15.558  -21.423 0.0000000000
70013  -22.030  -4.970  -22.991 0.0000000000
69260  -24.798  -4.942  -24.594 0.0000000000
128250  -25.461  -6.309  -24.113 0.0000000000
116808  -26.765  -6.839  -23.470 0.0000000000
66896  -23.359  -8.483  -23.186 0.0000000000
66903  -24.186  -8.431  -23.583 0.0000000000
66142  -24.728  -9.187  -23.484 0.0000000000
66904  -25.113  -8.365  -23.627 0.0000000000
66905  -25.959  -8.203  -23.298 0.0000000000
66906  -26.818  -8.118  -22.995 0.0000000000
66907  -27.837  -8.240  -23.082 0.0000000000
79218  -23.394  7.335  -27.005 0.0000000000
76267  -22.093  3.588  -25.517 0.0000000000
75496  -21.959  2.784  -25.361 0.0000000000
74729  -23.195  1.482  -25.762 0.0000000000
75513  -24.572  2.386  -26.552 0.0000000000
76286  -24.772  3.162  -26.671 0.0000000000
111614  -25.865  4.479  -26.842 0.0000000000
70033  -25.469  -4.379  -24.744 0.0000000000
125333  -26.764  -4.086  -24.417 0.0000000000
70035  -27.491  -4.028  -24.247 0.0000000000
70036  -28.368  -3.957  -24.190 0.0000000000
63728  -24.080  -12.193  -22.339 0.0000000000
109258  -24.750  -12.067  -22.433 0.0000000000
62916  -25.960  -14.064  -21.700 0.0000000000
62921  -25.491  -13.299  -21.924 0.0000000000
63729  -25.552  -12.329  -22.252 0.0000000000
63730  -26.534  -12.231  -22.279 0.0000000000
73970  -24.917  0.742  -26.640 0.0000000000
74743  -24.681  1.459  -26.557 0.0000000000
75477  -19.908  3.231  -23.801 0.0000000000
75512  -24.122  2.206  -26.308 0.0000000000
77763  -25.317  4.769  -26.983 0.0000000000
129814  -25.469  0.336  -26.490 0.0000000000
