#!ascii label  , from subject sub-v1s12x0050113_ses-1 vox2ras=TkReg
871
63720  -22.699  -12.444  -21.491 0.5555555820
63721  -23.360  -12.275  -22.002 0.6666666865
117745  -23.219  -10.923  -22.293 0.7777777910
64546  -24.380  -11.482  -22.639 0.7777777910
122628  -23.536  -9.830  -22.901 0.8888888955
126599  -25.877  -9.795  -22.984 0.8888888955
63709  -21.521  -12.446  -20.026 0.5555555820
64527  -21.715  -11.729  -20.617 0.5555555820
64535  -22.045  -11.057  -21.238 0.6666666865
65313  -22.660  -10.628  -21.929 0.8888888955
65325  -23.868  -10.707  -22.787 0.8888888955
66131  -24.338  -9.954  -23.198 0.8888888955
66142  -24.728  -9.187  -23.484 1.0000000000
66143  -25.665  -9.094  -23.241 0.8888888955
66905  -25.959  -8.203  -23.298 1.0000000000
65311  -21.427  -10.372  -20.905 0.7777777910
66118  -22.068  -9.389  -21.838 1.0000000000
66885  -22.122  -8.659  -22.134 1.0000000000
66895  -22.733  -8.559  -22.680 1.0000000000
67667  -23.542  -7.612  -23.489 1.0000000000
120608  -24.559  -7.604  -23.817 1.0000000000
67666  -22.881  -7.196  -23.165 1.0000000000
67668  -26.365  -7.447  -23.384 1.0000000000
119741  -24.014  -6.845  -23.917 1.0000000000
68453  -24.985  -6.737  -24.104 1.0000000000
126014  -25.944  -6.705  -23.813 1.0000000000
69249  -25.074  -5.835  -24.315 1.0000000000
114750  -25.881  -5.939  -24.109 0.7777777910
67646  -21.037  -7.268  -21.468 0.8888888955
66894  -22.231  -7.925  -22.426 1.0000000000
68452  -23.211  -6.756  -23.476 1.0000000000
67659  -22.366  -7.203  -22.704 1.0000000000
127414  -22.954  -6.248  -23.411 1.0000000000
69248  -24.307  -6.116  -24.167 1.0000000000
69261  -25.659  -5.194  -24.425 1.0000000000
69250  -26.498  -5.366  -24.078 0.8888888955
70034  -26.250  -4.584  -24.452 1.0000000000
70025  -27.067  -4.727  -24.106 0.7777777910
70026  -27.960  -4.712  -23.938 0.7777777910
69222  -20.975  -5.849  -21.674 0.5555555820
111387  -21.356  -4.366  -22.565 0.7777777910
114821  -21.562  -5.194  -22.488 0.8888888955
69246  -22.674  -5.643  -23.354 1.0000000000
111233  -23.454  -6.068  -23.768 1.0000000000
70023  -22.604  -4.720  -23.581 0.8888888955
69247  -23.274  -5.231  -23.899 1.0000000000
69259  -23.960  -4.993  -24.331 1.0000000000
129728  -24.820  -4.174  -24.836 1.0000000000
70033  -25.469  -4.379  -24.744 0.8888888955
120280  -25.211  -3.555  -24.950 1.0000000000
70781  -26.094  -3.641  -24.744 0.8888888955
114474  -27.288  -2.603  -24.586 0.7777777910
70784  -28.782  -3.137  -24.363 0.6666666865
117775  -28.081  -2.628  -24.472 0.6666666865
70000  -20.270  -4.018  -21.328 0.4444444478
70764  -20.877  -3.550  -22.371 0.6666666865
70773  -22.159  -3.397  -23.670 0.7777777910
117903  -22.558  -4.002  -23.784 0.8888888955
70024  -23.269  -4.325  -24.184 0.8888888955
70032  -24.154  -4.274  -24.611 1.0000000000
70779  -23.642  -3.515  -24.607 1.0000000000
70780  -24.446  -3.513  -24.872 1.0000000000
71509  -25.615  -2.674  -24.940 0.8888888955
71510  -26.436  -2.631  -24.758 0.7777777910
115158  -29.360  -2.680  -24.467 0.5555555820
72329  -26.715  -1.776  -24.857 0.7777777910
72330  -27.709  -1.859  -24.624 0.6666666865
117726  -21.105  -2.697  -22.939 0.6666666865
71486  -20.641  -2.867  -22.377 0.6666666865
71500  -21.734  -2.676  -23.552 0.7777777910
71501  -22.470  -2.664  -24.149 0.8888888955
71506  -23.218  -2.693  -24.633 0.8888888955
72327  -23.673  -1.845  -25.002 1.0000000000
72328  -24.463  -1.792  -25.211 1.0000000000
71508  -24.823  -2.696  -25.030 0.8888888955
71521  -25.221  -1.745  -25.231 0.8888888955
72347  -26.141  -0.985  -25.423 0.8888888955
72345  -24.896  -1.109  -25.696 0.8888888955
72346  -25.527  -0.823  -25.801 0.7777777910
72348  -26.841  -1.074  -24.931 0.7777777910
112546  -27.679  -1.119  -24.712 0.6666666865
71485  -20.550  -2.013  -22.602 0.6666666865
122884  -20.163  -2.449  -21.960 0.5555555820
71499  -21.274  -1.977  -23.357 0.7777777910
72319  -22.055  -1.802  -24.088 0.8888888955
72326  -22.677  -1.115  -24.776 1.0000000000
117191  -22.882  -1.907  -24.661 1.0000000000
72344  -24.168  -0.870  -25.631 1.0000000000
73187  -25.758  -0.398  -25.944 0.7777777910
73958  -25.783  -0.017  -26.172 0.7777777910
73171  -27.107  -0.426  -24.947 0.6666666865
73941  -27.837  0.112  -24.780 0.5555555820
73172  -28.385  -0.724  -24.645 0.5555555820
72318  -20.773  -1.277  -23.204 0.7777777910
72301  -20.089  -1.081  -22.530 0.6666666865
123278  -21.428  -1.321  -23.743 0.8888888955
72325  -21.884  -0.871  -24.360 1.0000000000
73170  -23.316  -0.566  -25.381 1.0000000000
73185  -24.595  -0.114  -26.229 0.8888888955
108821  -24.979  -0.441  -26.213 0.8888888955
73197  -24.924  0.170  -26.531 0.8888888955
73186  -25.408  -0.045  -26.371 0.8888888955
118398  -26.032  0.662  -26.243 0.7777777910
74731  -26.444  1.468  -25.998 0.7777777910
119007  -26.714  0.772  -25.613 0.7777777910
128838  -27.043  0.254  -25.172 0.5555555820
74745  -25.194  1.475  -26.749 0.7777777910
74732  -27.219  1.511  -25.405 0.5555555820
74715  -27.978  1.489  -24.923 0.5555555820
75500  -27.049  2.308  -25.714 0.6666666865
73136  -19.182  -0.014  -21.963 0.4444444478
128314  -19.766  -0.357  -22.522 0.5555555820
73167  -20.626  0.332  -23.638 0.7777777910
73169  -22.575  -0.283  -25.015 1.0000000000
73161  -21.138  -0.600  -23.736 0.8888888955
73955  -22.645  0.652  -25.376 1.0000000000
73183  -23.244  0.113  -25.596 0.8888888955
73956  -23.784  0.759  -25.980 0.8888888955
73957  -24.534  0.446  -26.363 0.8888888955
73969  -24.478  0.981  -26.425 0.8888888955
115429  -25.068  1.029  -26.754 0.8888888955
74746  -25.719  1.416  -26.546 0.6666666865
75458  -20.085  2.541  -23.823 0.6666666865
73930  -19.864  0.846  -23.194 0.6666666865
74713  -21.413  1.548  -24.747 0.7777777910
74714  -22.270  1.479  -25.336 0.8888888955
126322  -21.842  2.081  -25.234 0.7777777910
75498  -23.489  2.210  -25.926 0.7777777910
74729  -23.195  1.482  -25.762 0.8888888955
74730  -24.044  1.516  -26.189 0.8888888955
75513  -24.572  2.386  -26.552 0.7777777910
74744  -24.954  1.643  -26.718 0.7777777910
76285  -24.135  3.390  -26.542 0.6666666865
76287  -25.382  3.030  -26.688 0.6666666865
75514  -25.027  2.261  -26.735 0.6666666865
75515  -25.529  2.199  -26.625 0.5555555820
77028  -25.194  3.979  -26.862 0.6666666865
76269  -26.629  3.494  -26.225 0.5555555820
117126  -26.647  2.848  -26.128 0.4444444478
77029  -25.951  3.698  -26.707 0.5555555820
76221  -19.418  3.516  -23.151 0.3333333433
76234  -19.617  3.462  -23.449 0.3333333433
75478  -20.482  3.312  -24.377 0.5555555820
76250  -20.755  3.991  -24.710 0.5555555820
75496  -21.959  2.784  -25.361 0.7777777910
75497  -22.847  2.908  -25.695 0.7777777910
76268  -22.875  3.643  -25.829 0.6666666865
75511  -23.536  2.912  -26.070 0.6666666865
76284  -23.511  3.612  -26.223 0.6666666865
77027  -24.399  4.086  -26.730 0.6666666865
77046  -24.731  4.769  -26.936 0.6666666865
111614  -25.865  4.479  -26.842 0.5555555820
77748  -26.377  5.060  -26.578 0.5555555820
77764  -25.771  5.195  -26.994 0.6666666865
115372  -19.786  4.184  -23.784 0.4444444478
76249  -20.083  4.015  -24.176 0.4444444478
76994  -20.113  4.731  -24.316 0.5555555820
76266  -21.352  4.375  -25.194 0.6666666865
76267  -22.093  3.588  -25.517 0.6666666865
113222  -22.168  4.232  -25.651 0.6666666865
125882  -23.595  4.398  -26.437 0.6666666865
77762  -24.062  4.934  -26.789 0.6666666865
77782  -25.116  5.510  -27.161 0.6666666865
77783  -25.791  5.898  -27.197 0.5555555820
129888  -26.228  5.609  -26.822 0.6666666865
76995  -20.317  5.427  -24.742 0.4444444478
77012  -20.936  5.290  -25.114 0.6666666865
77013  -21.751  4.944  -25.565 0.6666666865
77747  -22.149  5.353  -25.824 0.6666666865
77014  -22.735  4.479  -25.941 0.6666666865
77781  -24.449  5.411  -27.021 0.6666666865
65324  -23.139  -10.270  -22.466 0.8888888955
65312  -22.051  -10.154  -21.557 1.0000000000
66129  -22.629  -9.228  -22.394 1.0000000000
66141  -23.837  -9.201  -23.299 1.0000000000
66904  -25.113  -8.365  -23.627 1.0000000000
70743  -20.268  -3.261  -21.725 0.5555555820
71484  -19.837  -1.669  -21.939 0.5555555820
73910  -19.043  0.848  -22.215 0.5555555820
73198  -25.209  0.497  -26.611 0.8888888955
73896  -18.317  0.631  -21.241 0.2222222239
75499  -26.215  2.212  -26.295 0.6666666865
74728  -22.646  2.169  -25.581 0.7777777910
125609  -20.537  4.737  -24.692 0.6666666865
77746  -21.311  5.738  -25.483 0.6666666865
78453  -26.375  6.224  -26.816 0.5555555820
78436  -26.759  5.792  -26.197 0.5555555820
76965  -19.722  4.187  -23.649 0.2222222239
76978  -20.034  4.901  -24.231 0.3333333433
62912  -22.561  -13.401  -21.183 0.5555555820
62913  -23.465  -13.541  -21.622 0.5555555820
63728  -24.080  -12.193  -22.339 0.5555555820
121196  -25.714  -10.426  -22.879 0.7777777910
113440  -26.456  -10.148  -22.748 0.8888888955
128538  -22.136  -13.754  -20.686 0.5555555820
65326  -24.888  -10.762  -23.005 0.8888888955
66133  -26.459  -9.404  -22.849 0.7777777910
66897  -27.132  -8.897  -22.802 0.7777777910
66906  -26.818  -8.118  -22.995 0.8888888955
62892  -21.570  -13.439  -19.778 0.4444444478
64526  -21.171  -11.369  -19.989 0.5555555820
118927  -20.554  -9.946  -20.039 0.2222222239
66117  -21.419  -9.602  -21.223 0.6666666865
116752  -27.600  -6.580  -23.475 0.8888888955
119468  -28.225  -6.069  -23.606 0.6666666865
66884  -20.759  -8.149  -21.119 0.5555555820
70037  -28.877  -4.641  -23.957 0.6666666865
67645  -20.426  -7.362  -20.956 0.4444444478
116892  -29.306  -3.918  -24.246 0.5555555820
69220  -20.392  -4.789  -21.205 0.2222222239
71512  -29.459  -2.044  -24.525 0.5555555820
72332  -29.157  -1.313  -24.552 0.5555555820
71446  -19.649  -2.742  -21.127 0.3333333433
73173  -29.447  -0.708  -24.548 0.5555555820
72300  -19.461  -0.689  -21.995 0.4444444478
73943  -29.301  0.760  -24.408 0.4444444478
73114  -18.728  0.010  -21.045 0.3333333433
75481  -28.328  2.148  -24.781 0.5555555820
115267  -27.879  2.696  -25.238 0.4444444478
76220  -18.203  3.794  -21.377 0.3333333433
75446  -19.286  2.930  -22.890 0.3333333433
74681  -19.109  2.233  -22.586 0.4444444478
77016  -27.239  3.925  -25.681 0.4444444478
77749  -26.939  5.065  -25.954 0.4444444478
78454  -26.934  6.671  -26.202 0.2222222239
119707  -22.890  5.067  -26.155 0.6666666865
78452  -23.905  5.720  -26.918 0.6666666865
78451  -23.810  6.579  -27.179 0.6666666865
78464  -24.496  6.086  -27.337 0.6666666865
78465  -25.297  6.495  -27.547 0.6666666865
78466  -26.015  6.509  -27.328 0.4444444478
77745  -20.594  6.005  -25.176 0.5555555820
63710  -22.077  -12.546  -20.845 0.5555555820
115899  -22.278  -11.876  -21.205 0.6666666865
110616  -23.177  -12.920  -21.676 0.6666666865
64536  -22.838  -11.545  -21.821 0.6666666865
64545  -23.622  -11.539  -22.367 0.7777777910
66130  -23.177  -9.165  -22.852 1.0000000000
129674  -23.013  -9.675  -22.571 1.0000000000
66132  -25.198  -9.894  -23.229 0.8888888955
62901  -21.894  -13.285  -20.468 0.4444444478
121066  -21.416  -11.023  -20.576 0.5555555820
65323  -22.602  -9.890  -22.151 0.8888888955
66903  -24.186  -8.431  -23.583 1.0000000000
66144  -26.406  -8.733  -22.988 1.0000000000
121326  -25.489  -7.516  -23.712 1.0000000000
65304  -20.903  -10.554  -20.294 0.5555555820
66108  -20.904  -9.784  -20.567 0.6666666865
116263  -21.450  -8.805  -21.513 0.8888888955
115512  -21.557  -8.005  -21.797 0.8888888955
66896  -23.359  -8.483  -23.186 1.0000000000
67660  -22.838  -7.845  -22.973 1.0000000000
116808  -26.765  -6.839  -23.470 0.8888888955
128250  -25.461  -6.309  -24.113 1.0000000000
68454  -26.689  -6.161  -23.747 0.8888888955
69251  -27.498  -5.575  -23.762 0.7777777910
67658  -21.706  -7.241  -22.149 1.0000000000
68447  -22.562  -6.483  -23.053 1.0000000000
68446  -21.875  -6.508  -22.480 0.8888888955
121137  -23.876  -5.598  -24.161 1.0000000000
125672  -24.415  -5.505  -24.340 1.0000000000
69260  -24.798  -4.942  -24.594 1.0000000000
125333  -26.764  -4.086  -24.417 0.8888888955
70035  -27.491  -4.028  -24.247 0.7777777910
70036  -28.368  -3.957  -24.190 0.6666666865
68434  -20.611  -6.440  -21.253 0.5555555820
69221  -20.601  -5.464  -21.373 0.6666666865
69237  -21.430  -5.816  -22.213 0.6666666865
68435  -21.271  -6.509  -21.842 0.7777777910
70022  -21.980  -4.159  -23.299 0.8888888955
70013  -22.030  -4.970  -22.991 0.8888888955
69238  -22.020  -5.767  -22.759 0.8888888955
70782  -26.972  -3.383  -24.504 0.7777777910
70783  -27.825  -3.290  -24.382 0.7777777910
70785  -29.714  -3.296  -24.438 0.5555555820
71511  -28.676  -2.299  -24.486 0.6666666865
70012  -20.678  -4.171  -21.886 0.5555555820
69978  -20.078  -3.843  -21.095 0.3333333433
69235  -20.553  -4.706  -21.495 0.4444444478
69236  -21.007  -5.073  -21.931 0.6666666865
129098  -21.022  -3.141  -22.671 0.6666666865
70765  -21.435  -3.439  -23.031 0.7777777910
70774  -22.848  -3.444  -24.213 0.8888888955
71507  -24.006  -2.693  -24.941 1.0000000000
71522  -25.940  -1.722  -25.094 0.7777777910
72331  -28.526  -1.557  -24.569 0.5555555820
73188  -26.232  -0.482  -25.568 0.7777777910
71459  -19.715  -2.389  -21.402 0.4444444478
126791  -23.341  -1.243  -25.101 1.0000000000
73959  -26.389  0.065  -25.687 0.6666666865
73942  -28.372  0.786  -24.690 0.5555555820
118190  -28.864  0.039  -24.603 0.5555555820
73160  -20.343  -0.483  -23.088 0.6666666865
73184  -23.965  -0.012  -25.912 1.0000000000
73971  -25.351  0.819  -26.662 0.8888888955
73137  -19.344  0.184  -22.295 0.5555555820
73159  -19.833  0.238  -22.863 0.5555555820
73168  -21.682  0.117  -24.502 1.0000000000
73939  -21.163  0.855  -24.342 0.7777777910
73940  -21.844  0.932  -24.884 0.7777777910
74696  -19.494  1.963  -23.151 0.5555555820
129517  -19.524  1.333  -23.036 0.5555555820
74697  -20.362  1.483  -23.825 0.6666666865
75479  -21.036  2.462  -24.668 0.6666666865
73911  -19.355  0.847  -22.626 0.7777777910
119343  -23.991  2.875  -26.405 0.6666666865
76286  -24.772  3.162  -26.671 0.6666666865
76288  -26.063  2.923  -26.548 0.5555555820
77015  -26.608  4.320  -26.306 0.4444444478
76270  -27.270  3.157  -25.709 0.4444444478
75457  -19.511  2.727  -23.237 0.4444444478
76251  -21.280  3.451  -24.986 0.6666666865
77761  -23.378  5.319  -26.493 0.6666666865
70742  -19.841  -3.291  -21.140 0.4444444478
78437  -27.443  6.340  -25.533 0.3333333433
79203  -26.484  6.971  -26.905 0.3333333433
65327  -26.403  -10.932  -22.591 0.6666666865
62044  -21.813  -14.021  -20.277 0.5555555820
67669  -27.260  -7.403  -23.212 0.7777777910
63700  -21.245  -11.960  -19.493 0.4444444478
69203  -20.484  -5.888  -21.160 0.3333333433
69202  -20.311  -4.916  -20.316 0.1111111119
71445  -19.500  -1.901  -21.271 0.3333333433
72274  -19.469  -1.376  -21.481 0.3333333433
126250  -18.887  1.826  -22.254 0.3333333433
79221  -25.982  7.138  -27.598 0.4444444478
62068  -26.812  -14.081  -21.899 0.4444444478
112844  -28.885  -15.108  -22.702 0.2222222239
129647  -23.847  -14.128  -21.547 0.4444444478
62061  -24.540  -14.424  -21.537 0.4444444478
62914  -24.420  -13.582  -21.789 0.4444444478
62922  -26.362  -13.517  -21.936 0.4444444478
62923  -27.122  -13.319  -22.229 0.4444444478
62924  -28.149  -13.613  -22.655 0.2222222239
62920  -24.672  -12.739  -22.150 0.4444444478
63729  -25.552  -12.329  -22.252 0.4444444478
114571  -26.340  -12.892  -22.112 0.4444444478
62929  -29.037  -13.540  -23.162 0.1111111119
62930  -29.684  -13.407  -23.406 0.1111111119
63730  -26.534  -12.231  -22.279 0.4444444478
63731  -27.600  -12.341  -22.569 0.3333333433
109258  -24.750  -12.067  -22.433 0.4444444478
64549  -28.151  -11.392  -22.859 0.3333333433
63737  -29.244  -12.706  -23.395 0.2222222239
122449  -26.787  -11.647  -22.423 0.4444444478
64547  -25.188  -11.560  -22.625 0.5555555820
64548  -25.999  -11.606  -22.423 0.4444444478
65333  -28.555  -10.664  -23.121 0.2222222239
126897  -29.033  -10.969  -23.368 0.1111111119
64560  -30.714  -11.007  -24.256 0.1111111119
65329  -27.772  -10.611  -22.752 0.3333333433
66135  -28.086  -10.019  -22.874 0.3333333433
66134  -27.285  -9.824  -22.718 0.4444444478
66898  -27.980  -9.248  -22.928 0.5555555820
66907  -27.837  -8.240  -23.082 0.6666666865
123507  -29.565  -8.869  -23.601 0.4444444478
124194  -29.885  -7.716  -23.741 0.3333333433
67670  -28.187  -7.372  -23.337 0.6666666865
67671  -29.150  -7.368  -23.533 0.5555555820
68455  -28.583  -6.683  -23.512 0.5555555820
115127  -29.345  -6.621  -23.662 0.5555555820
67672  -29.974  -6.974  -23.833 0.4444444478
68462  -29.974  -6.044  -23.892 0.3333333433
127041  -29.780  -4.614  -24.173 0.4444444478
69253  -29.394  -5.328  -23.870 0.4444444478
118529  -30.179  -3.984  -24.455 0.4444444478
77760  -22.506  5.811  -26.143 0.5555555820
115965  -23.214  6.096  -26.546 0.5555555820
110463  -24.514  6.894  -27.835 0.5555555820
124895  -24.579  7.569  -28.181 0.5555555820
62063  -26.434  -14.790  -21.664 0.4444444478
62069  -28.176  -14.736  -22.464 0.2222222239
109714  -28.585  -12.110  -23.116 0.2222222239
64554  -28.826  -11.402  -23.264 0.2222222239
64555  -29.480  -11.323  -23.570 0.1111111119
66145  -28.681  -9.791  -23.208 0.4444444478
66146  -29.384  -9.548  -23.513 0.3333333433
113128  -28.673  -7.994  -23.345 0.6666666865
66909  -29.382  -8.201  -23.537 0.4444444478
69262  -30.150  -5.264  -24.166 0.3333333433
112945  -22.975  6.838  -26.542 0.5555555820
78449  -22.036  7.181  -26.147 0.5555555820
66910  -30.206  -8.476  -23.881 0.2222222239
60440  -24.842  -16.132  -21.179 0.4444444478
122544  -26.039  -15.531  -21.528 0.4444444478
61238  -27.820  -15.557  -22.160 0.2222222239
61247  -28.514  -15.513  -22.481 0.2222222239
61248  -29.164  -15.768  -22.620 0.1111111119
61234  -23.805  -14.808  -21.312 0.4444444478
61235  -24.634  -15.225  -21.349 0.4444444478
62070  -28.943  -14.388  -22.880 0.1111111119
62078  -29.755  -14.182  -23.214 0.1111111119
62071  -29.504  -14.996  -22.891 0.1111111119
62931  -30.324  -13.605  -23.447 0.1111111119
63738  -29.781  -12.127  -23.636 0.1111111119
119320  -30.973  -11.762  -24.144 0.1111111119
65339  -30.543  -10.098  -24.110 0.1111111119
66152  -30.746  -9.226  -24.208 0.2222222239
67677  -30.677  -7.553  -24.146 0.1111111119
66914  -31.075  -8.426  -24.320 0.2222222239
69263  -30.909  -5.616  -24.561 0.2222222239
70038  -30.586  -4.719  -24.549 0.3333333433
112607  -30.031  -2.753  -24.537 0.3333333433
71513  -30.424  -2.251  -24.601 0.3333333433
72333  -30.011  -1.465  -24.538 0.3333333433
114143  -19.103  1.519  -22.476 0.4444444478
74716  -28.792  1.494  -24.500 0.4444444478
76996  -27.768  4.449  -25.082 0.3333333433
79220  -25.253  7.457  -28.077 0.5555555820
126183  -21.049  6.635  -25.463 0.5555555820
79201  -21.394  7.165  -25.695 0.5555555820
79218  -23.394  7.335  -27.005 0.5555555820
80006  -24.322  8.081  -28.261 0.5555555820
62060  -23.110  -14.242  -21.311 0.4444444478
115450  -25.621  -11.052  -22.717 0.5555555820
69252  -28.488  -5.391  -23.743 0.5555555820
126332  -27.200  4.564  -25.688 0.3333333433
63722  -23.837  -12.893  -21.985 0.4444444478
65328  -27.056  -10.542  -22.622 0.3333333433
117398  -27.328  -11.237  -22.588 0.3333333433
62916  -25.960  -14.064  -21.700 0.4444444478
120006  -27.527  -14.104  -22.243 0.4444444478
120645  -27.315  -14.796  -21.971 0.3333333433
62915  -25.165  -14.024  -21.676 0.4444444478
62062  -25.435  -14.795  -21.533 0.4444444478
62921  -25.491  -13.299  -21.924 0.4444444478
128190  -26.915  -12.697  -22.285 0.4444444478
63732  -28.517  -12.867  -23.029 0.2222222239
121039  -30.058  -12.893  -23.597 0.1111111119
110207  -30.540  -14.239  -23.263 0.1111111119
117459  -29.172  -11.936  -23.423 0.2222222239
65334  -29.293  -10.452  -23.479 0.2222222239
65335  -30.030  -10.766  -23.852 0.1111111119
123260  -29.875  -10.044  -23.739 0.1111111119
66908  -28.790  -8.828  -23.303 0.4444444478
66147  -30.060  -9.368  -23.831 0.3333333433
68456  -29.008  -6.028  -23.672 0.5555555820
68463  -30.746  -6.569  -24.272 0.3333333433
70039  -30.958  -4.085  -24.831 0.4444444478
78450  -22.484  6.461  -26.263 0.5555555820
78435  -21.814  6.529  -25.913 0.5555555820
79219  -23.997  7.326  -27.874 0.5555555820
64556  -30.252  -11.559  -23.898 0.1111111119
79978  -22.081  7.965  -26.221 0.5555555820
61236  -25.640  -16.101  -21.412 0.4444444478
129962  -25.309  -15.558  -21.423 0.4444444478
61237  -26.950  -15.567  -21.739 0.4444444478
61224  -23.918  -15.633  -20.983 0.4444444478
62046  -22.923  -15.122  -20.845 0.4444444478
111739  -30.790  -13.014  -23.589 0.1111111119
55388  -26.429  -22.045  -19.523 0.1111111119
57071  -24.005  -19.809  -19.333 0.3333333433
57073  -25.487  -20.522  -20.074 0.2222222239
127078  -26.374  -21.520  -19.826 0.2222222239
55389  -27.301  -22.013  -19.425 0.1111111119
108663  -26.894  -21.465  -19.905 0.1111111119
59519  -22.396  -17.531  -19.093 0.3333333433
58662  -22.846  -18.871  -18.777 0.3333333433
57894  -24.780  -19.128  -20.177 0.3333333433
117766  -25.456  -19.039  -20.616 0.3333333433
57087  -25.905  -19.736  -20.628 0.2222222239
56240  -26.336  -21.066  -20.149 0.2222222239
56251  -27.097  -20.783  -20.366 0.1111111119
57088  -26.419  -20.344  -20.577 0.2222222239
60410  -21.646  -15.986  -18.979 0.2222222239
59518  -21.875  -16.781  -19.103 0.2222222239
58672  -22.990  -18.178  -19.205 0.3333333433
57881  -23.598  -18.926  -19.368 0.3333333433
58674  -24.222  -18.604  -19.937 0.3333333433
123366  -26.563  -19.682  -20.891 0.1111111119
61205  -21.866  -15.731  -19.650 0.2222222239
60411  -22.245  -16.338  -19.652 0.3333333433
61222  -22.485  -15.807  -20.217 0.3333333433
60429  -23.042  -16.638  -20.065 0.3333333433
61223  -23.271  -15.961  -20.569 0.3333333433
60430  -24.018  -16.586  -20.643 0.3333333433
59532  -23.736  -17.362  -20.146 0.3333333433
59534  -25.232  -17.591  -20.907 0.3333333433
60431  -24.836  -16.924  -20.917 0.3333333433
58705  -26.296  -18.284  -21.264 0.3333333433
59552  -25.964  -17.679  -21.252 0.3333333433
57895  -27.018  -19.263  -21.258 0.1111111119
58706  -26.885  -18.541  -21.449 0.2222222239
62028  -21.545  -14.310  -19.623 0.2222222239
61221  -21.919  -14.944  -20.193 0.2222222239
60441  -25.606  -16.865  -21.274 0.3333333433
59553  -26.659  -17.808  -21.511 0.3333333433
59554  -27.420  -17.904  -21.675 0.1111111119
62045  -22.370  -14.264  -20.783 0.3333333433
60442  -26.443  -16.400  -21.586 0.3333333433
60443  -27.462  -16.367  -21.917 0.3333333433
70786  -30.499  -3.395  -24.619 0.2222222239
116509  -29.849  -0.002  -24.454 0.3333333433
57883  -24.737  -19.826  -19.827 0.3333333433
128935  -21.860  -16.195  -19.350 0.3333333433
129089  -22.506  -16.945  -19.510 0.3333333433
58682  -24.187  -17.957  -20.171 0.3333333433
58683  -24.848  -18.306  -20.488 0.3333333433
58685  -26.263  -19.012  -21.059 0.3333333433
115329  -27.061  -17.153  -21.716 0.3333333433
55376  -26.029  -22.788  -19.143 0.1111111119
55377  -26.831  -22.736  -19.104 0.1111111119
57875  -22.505  -19.467  -18.349 0.3333333433
57876  -23.262  -19.646  -18.802 0.3333333433
57067  -23.697  -20.566  -18.764 0.3333333433
57072  -24.551  -20.565  -19.421 0.3333333433
56238  -25.052  -21.188  -19.496 0.3333333433
56239  -25.785  -21.502  -19.686 0.3333333433
107261  -27.741  -22.628  -18.848 0.1111111119
58661  -22.347  -18.234  -18.680 0.3333333433
57074  -27.801  -21.228  -19.818 0.1111111119
106957  -27.925  -20.325  -20.425 0.1111111119
129116  -27.778  -19.807  -20.779 0.1111111119
58707  -27.598  -18.669  -21.453 0.1111111119
61204  -21.547  -15.130  -19.367 0.2222222239
108267  -28.315  -17.967  -21.695 0.1111111119
110048  -21.443  -13.707  -19.203 0.1111111119
126739  -30.695  -2.890  -24.661 0.2222222239
63701  -21.394  -12.764  -19.305 0.2222222239
66116  -20.848  -9.019  -20.873 0.5555555820
72334  -31.153  -1.652  -24.661 0.2222222239
57882  -24.269  -19.258  -19.721 0.3333333433
59520  -23.074  -17.444  -19.606 0.3333333433
128078  -25.275  -19.661  -20.280 0.3333333433
58673  -23.651  -18.068  -19.720 0.3333333433
57896  -27.203  -19.963  -20.812 0.1111111119
59533  -24.476  -17.453  -20.548 0.3333333433
58684  -25.680  -18.319  -20.931 0.3333333433
120461  -26.340  -17.189  -21.489 0.3333333433
57913  -27.688  -19.364  -21.099 0.1111111119
62012  -21.414  -14.546  -19.032 0.2222222239
60444  -27.983  -17.156  -22.024 0.1111111119
55387  -25.743  -22.185  -19.319 0.2222222239
56227  -24.389  -21.364  -18.884 0.3333333433
55386  -25.137  -21.856  -19.147 0.3333333433
59503  -21.737  -17.626  -18.429 0.2222222239
58660  -21.847  -18.408  -18.233 0.2222222239
70787  -31.269  -3.395  -24.990 0.1111111119
70046  -31.678  -4.171  -25.365 0.1111111119
70795  -32.471  -3.356  -25.963 0.1111111119
70794  -31.937  -3.606  -25.515 0.1111111119
72349  -31.878  -2.099  -25.164 0.1111111119
72350  -32.683  -1.781  -25.570 0.1111111119
73174  -30.448  -0.775  -24.480 0.1111111119
72335  -32.010  -1.382  -24.897 0.1111111119
73175  -31.417  -0.729  -24.499 0.1111111119
118112  -28.605  2.850  -24.569 0.2222222239
120361  -30.795  -0.034  -24.270 0.1111111119
76252  -28.980  3.586  -24.189 0.1111111119
110553  -28.049  3.565  -25.009 0.2222222239
77728  -28.278  5.213  -24.613 0.1111111119
76997  -28.636  4.398  -24.405 0.1111111119
116318  -21.728  6.012  -25.755 0.4444444478
77727  -27.513  5.122  -25.284 0.1111111119
79185  -20.725  7.453  -25.270 0.4444444478
78438  -28.370  6.846  -24.921 0.1111111119
79202  -22.663  7.446  -26.506 0.4444444478
120740  -26.013  7.799  -27.885 0.3333333433
120294  -26.537  7.844  -27.030 0.2222222239
79204  -27.102  7.516  -26.267 0.1111111119
79187  -27.659  7.213  -25.580 0.1111111119
109462  -28.399  7.692  -25.171 0.1111111119
79979  -22.900  7.960  -26.790 0.4444444478
116310  -22.414  8.617  -26.382 0.4444444478
117820  -23.655  7.959  -27.653 0.4444444478
80005  -23.955  8.857  -28.361 0.4444444478
80774  -25.167  8.919  -28.745 0.4444444478
79993  -25.583  8.288  -28.260 0.2222222239
80775  -25.934  9.106  -28.172 0.2222222239
79994  -26.280  8.493  -27.616 0.2222222239
80755  -26.580  9.359  -27.180 0.2222222239
79980  -26.911  8.738  -26.727 0.2222222239
121065  -26.243  14.042  -29.133 0.1111111119
112660  -27.052  12.598  -27.851 0.1111111119
81567  -27.983  10.354  -26.414 0.1111111119
79960  -20.724  8.371  -25.264 0.4444444478
118114  -21.025  8.786  -25.491 0.4444444478
79965  -20.845  8.176  -25.323 0.4444444478
79966  -21.606  8.686  -25.835 0.3333333433
80773  -23.496  9.458  -27.768 0.4444444478
80787  -23.861  9.763  -28.926 0.4444444478
111755  -24.595  8.881  -28.746 0.4444444478
80789  -24.723  9.527  -29.333 0.4444444478
81592  -23.810  10.448  -29.340 0.3333333433
117423  -24.791  10.073  -29.595 0.3333333433
81593  -25.230  10.707  -28.985 0.1111111119
81594  -26.021  10.742  -28.092 0.1111111119
82355  -26.503  11.376  -27.683 0.1111111119
81580  -26.706  10.865  -27.277 0.1111111119
82356  -27.164  11.579  -27.268 0.1111111119
120382  -20.800  8.884  -25.351 0.2222222239
80753  -22.009  9.361  -25.978 0.3333333433
80788  -24.284  9.614  -29.230 0.4444444478
81608  -23.991  10.582  -29.867 0.2222222239
82374  -25.886  11.573  -28.348 0.1111111119
82387  -23.948  11.302  -29.860 0.1111111119
82388  -24.434  11.716  -29.578 0.1111111119
83114  -26.336  12.468  -28.275 0.1111111119
83128  -24.015  12.371  -29.978 0.1111111119
83129  -24.793  12.696  -29.490 0.1111111119
83113  -25.376  12.182  -28.905 0.1111111119
80747  -21.217  9.408  -25.676 0.3333333433
81560  -20.967  10.125  -25.609 0.3333333433
81561  -21.633  10.121  -25.820 0.3333333433
81565  -23.198  10.221  -27.098 0.3333333433
81579  -23.590  10.286  -28.233 0.3333333433
82372  -23.574  11.067  -28.617 0.2222222239
82386  -23.812  11.117  -29.673 0.2222222239
83127  -23.962  11.962  -29.906 0.1111111119
83774  -24.263  13.194  -30.175 0.1111111119
83775  -25.292  13.647  -29.549 0.1111111119
84330  -25.131  14.801  -30.404 0.1111111119
82331  -20.399  11.933  -23.665 0.1111111119
82336  -20.733  11.898  -24.311 0.1111111119
82340  -21.440  11.081  -25.625 0.2222222239
82343  -22.219  11.515  -25.941 0.2222222239
129636  -22.161  10.786  -25.955 0.3333333433
82344  -22.731  12.310  -26.272 0.2222222239
119174  -23.379  10.928  -27.530 0.3333333433
120212  -22.907  11.143  -26.573 0.3333333433
82354  -23.350  11.917  -27.524 0.2222222239
83112  -23.635  11.924  -28.965 0.1111111119
83757  -23.722  12.920  -29.323 0.1111111119
83137  -23.807  13.057  -30.252 0.1111111119
83138  -23.773  13.252  -30.471 0.1111111119
83784  -23.792  13.643  -30.863 0.1111111119
83785  -24.674  14.016  -30.257 0.1111111119
126440  -26.733  15.079  -30.062 0.1111111119
84322  -27.082  14.511  -29.467 0.1111111119
82332  -20.607  12.666  -23.148 0.1111111119
83071  -21.883  12.864  -23.843 0.1111111119
83081  -21.209  11.944  -24.946 0.1111111119
83076  -21.772  12.608  -24.779 0.1111111119
83736  -22.964  13.126  -26.164 0.1111111119
83745  -23.546  13.707  -27.467 0.1111111119
83092  -23.504  12.873  -28.084 0.1111111119
121693  -23.458  14.237  -28.520 0.1111111119
120891  -23.273  13.766  -29.203 0.1111111119
127386  -22.917  14.057  -29.827 0.1111111119
83772  -22.983  13.763  -31.285 0.1111111119
83722  -22.447  12.986  -24.773 0.1111111119
83714  -22.660  13.046  -24.047 0.1111111119
83723  -23.391  13.256  -24.864 0.1111111119
83733  -23.600  13.376  -25.851 0.1111111119
84287  -24.068  14.246  -27.061 0.1111111119
83737  -23.577  13.588  -26.656 0.1111111119
115277  -23.849  14.910  -28.454 0.1111111119
83734  -24.344  13.670  -25.405 0.1111111119
83724  -24.417  13.475  -24.465 0.1111111119
70047  -32.357  -4.080  -25.931 0.1111111119
71523  -31.882  -2.940  -25.386 0.1111111119
71524  -32.562  -2.591  -25.810 0.1111111119
113817  -30.248  0.688  -24.128 0.1111111119
74717  -29.750  1.534  -23.993 0.1111111119
79186  -21.001  7.492  -25.429 0.4444444478
129919  -27.204  8.242  -26.310 0.1111111119
79981  -27.662  8.897  -26.036 0.1111111119
81566  -27.009  10.236  -26.814 0.2222222239
83093  -26.730  12.017  -27.734 0.1111111119
82357  -28.038  11.745  -27.091 0.1111111119
80754  -22.867  9.368  -26.696 0.3333333433
83130  -25.977  13.178  -28.823 0.1111111119
128696  -22.906  13.140  -25.457 0.1111111119
84298  -23.834  14.347  -27.862 0.1111111119
84307  -23.214  14.500  -29.126 0.1111111119
84288  -24.619  14.784  -26.598 0.1111111119
84278  -24.874  14.400  -25.774 0.1111111119
71535  -34.080  -3.062  -26.409 0.1111111119
71533  -33.123  -3.089  -26.363 0.1111111119
78423  -27.891  5.888  -24.958 0.1111111119
78422  -20.527  6.563  -25.185 0.4444444478
79977  -21.368  7.946  -25.674 0.4444444478
119727  -23.249  8.625  -27.238 0.4444444478
80803  -24.312  10.096  -29.716 0.2222222239
83706  -22.369  13.123  -22.921 0.1111111119
83715  -23.463  13.226  -23.755 0.1111111119
84277  -24.242  13.955  -26.251 0.1111111119
70803  -33.734  -3.632  -26.594 0.1111111119
69270  -32.246  -4.891  -25.781 0.1111111119
70055  -33.003  -3.842  -26.435 0.1111111119
70796  -34.548  -3.349  -26.070 0.1111111119
126938  -34.272  -3.766  -26.491 0.1111111119
71526  -33.878  -2.305  -26.112 0.1111111119
73189  -32.822  -0.952  -25.288 0.1111111119
73176  -32.262  -0.518  -24.650 0.1111111119
113635  -30.808  1.306  -23.801 0.1111111119
127098  -31.099  0.600  -23.995 0.1111111119
73944  -31.694  0.087  -24.239 0.1111111119
124309  -30.474  2.028  -23.674 0.1111111119
76999  -30.604  4.061  -23.777 0.1111111119
76998  -29.644  4.321  -23.965 0.1111111119
77729  -29.398  5.304  -24.144 0.1111111119
78424  -28.798  6.085  -24.455 0.1111111119
80757  -28.396  8.856  -25.667 0.1111111119
79188  -29.301  7.689  -24.778 0.1111111119
79176  -19.741  7.423  -24.581 0.4444444478
80758  -29.526  9.750  -25.996 0.1111111119
81582  -28.535  11.059  -26.760 0.1111111119
80740  -20.754  9.120  -25.322 0.2222222239
80745  -20.745  9.458  -25.360 0.2222222239
81559  -20.678  10.077  -25.345 0.2222222239
83095  -28.362  12.384  -27.605 0.1111111119
81552  -20.364  11.233  -24.229 0.1111111119
82339  -20.840  10.988  -25.170 0.2222222239
83777  -27.909  13.976  -29.108 0.1111111119
84323  -28.084  14.461  -29.863 0.1111111119
81549  -20.128  12.188  -23.060 0.1111111119
115518  -19.830  13.475  -21.686 0.1111111119
83070  -21.208  13.019  -22.657 0.1111111119
83066  -21.657  13.359  -21.911 0.1111111119
83707  -23.525  13.332  -22.634 0.1111111119
84871  -22.666  14.889  -30.708 0.1111111119
84891  -22.992  15.161  -31.681 0.1111111119
116652  -23.591  14.700  -31.451 0.1111111119
84893  -24.121  15.856  -31.604 0.1111111119
84836  -24.344  15.147  -27.541 0.1111111119
85486  -23.548  16.626  -28.919 0.1111111119
75482  -29.087  2.210  -24.218 0.1111111119
80007  -24.904  8.158  -28.504 0.4444444478
71514  -31.221  -2.561  -24.832 0.1111111119
128088  -31.681  -1.733  -24.877 0.1111111119
71525  -33.283  -2.354  -26.056 0.1111111119
76253  -29.458  2.915  -23.948 0.1111111119
122570  -29.857  3.563  -23.835 0.1111111119
79967  -27.851  8.159  -25.650 0.1111111119
79968  -28.802  8.388  -25.254 0.1111111119
80790  -25.433  9.825  -28.764 0.2222222239
114401  -26.245  10.034  -27.652 0.1111111119
80756  -27.388  9.555  -26.416 0.2222222239
83776  -26.984  13.799  -28.749 0.1111111119
84321  -25.903  14.634  -29.730 0.1111111119
83094  -27.517  12.250  -27.496 0.1111111119
83758  -26.969  13.125  -28.253 0.1111111119
83115  -27.722  12.864  -27.903 0.1111111119
81568  -29.020  10.366  -26.386 0.1111111119
119478  -28.454  9.601  -25.987 0.1111111119
81581  -27.552  11.020  -26.820 0.2222222239
80802  -24.029  10.110  -29.605 0.3333333433
81564  -22.516  10.154  -26.272 0.3333333433
81609  -24.368  10.734  -29.705 0.2222222239
82373  -25.041  11.373  -29.155 0.1111111119
80746  -20.832  9.424  -25.466 0.3333333433
84338  -24.147  14.236  -30.930 0.1111111119
84331  -26.020  15.390  -30.417 0.1111111119
84883  -24.846  15.495  -30.984 0.1111111119
109609  -20.025  12.874  -22.606 0.1111111119
83082  -21.895  12.089  -25.525 0.1111111119
109945  -23.456  13.636  -28.331 0.1111111119
83773  -23.237  13.540  -30.353 0.1111111119
83783  -23.385  13.702  -31.033 0.1111111119
84329  -23.068  13.915  -31.532 0.1111111119
83075  -21.162  12.574  -23.953 0.1111111119
83732  -22.413  12.764  -25.498 0.1111111119
83085  -23.178  13.019  -27.041 0.1111111119
84857  -23.386  15.473  -29.184 0.1111111119
84319  -22.769  14.104  -30.679 0.1111111119
84328  -22.864  14.328  -31.479 0.1111111119
70048  -32.857  -4.508  -26.290 0.1111111119
71534  -33.651  -2.899  -26.386 0.1111111119
75483  -29.840  2.325  -23.781 0.1111111119
84872  -22.912  15.430  -29.975 0.1111111119
84837  -24.783  15.640  -26.866 0.1111111119
80748  -29.173  9.087  -25.594 0.1111111119
82358  -29.085  11.750  -27.351 0.1111111119
83116  -28.617  12.950  -28.321 0.1111111119
82335  -20.557  10.972  -24.737 0.1111111119
81548  -19.582  10.989  -22.086 0.1111111119
83759  -27.787  13.399  -28.498 0.1111111119
82329  -20.311  13.382  -22.013 0.1111111119
84882  -22.783  15.304  -31.297 0.1111111119
84337  -23.083  14.337  -31.583 0.1111111119
84852  -24.063  15.893  -28.310 0.1111111119
85475  -23.980  16.953  -28.088 0.1111111119
56225  -23.107  -20.951  -18.285 0.2222222239
120165  -20.387  -8.012  -20.663 0.2222222239
65303  -20.706  -10.638  -19.632 0.3333333433
77726  -20.280  5.979  -24.996 0.3333333433
77725  -20.242  5.551  -24.747 0.2222222239
79953  -19.553  8.082  -23.911 0.1111111119
79959  -19.816  8.375  -24.394 0.1111111119
126856  -19.608  7.848  -24.381 0.2222222239
120299  -18.866  2.053  -22.268 0.2222222239
74680  -18.840  1.556  -22.183 0.1111111119
66107  -20.470  -9.189  -20.262 0.2222222239
119521  -17.762  1.967  -21.036 0.1111111119
76964  -18.671  4.651  -21.754 0.1111111119
77702  -18.696  4.987  -21.243 0.1111111119
78413  -19.601  6.650  -23.633 0.1111111119
79167  -19.593  7.384  -23.613 0.1111111119
80737  -19.881  8.905  -24.052 0.1111111119
77703  -19.250  5.260  -22.103 0.1111111119
64519  -21.021  -11.318  -19.574 0.2222222239
77713  -19.646  5.757  -23.160 0.1111111119
70725  -19.784  -3.321  -21.047 0.3333333433
78421  -19.566  6.821  -24.307 0.3333333433
79175  -19.451  7.371  -24.081 0.1111111119
78406  -19.750  5.872  -22.744 0.1111111119
77696  -19.240  5.194  -21.589 0.1111111119
129848  -19.722  5.638  -22.371 0.1111111119
79158  -19.763  6.727  -23.270 0.1111111119
119187  -31.133  -9.786  -24.373 0.1111111119
56226  -23.645  -21.395  -18.422 0.1111111119
55374  -24.486  -22.244  -18.604 0.1111111119
57057  -21.579  -20.718  -17.271 0.1111111119
57860  -22.108  -20.025  -17.805 0.1111111119
57859  -21.765  -19.097  -17.873 0.1111111119
124991  -22.255  -18.822  -18.392 0.1111111119
63675  -21.332  -11.784  -18.658 0.1111111119
68398  -20.273  -6.779  -19.904 0.1111111119
67630  -20.340  -7.643  -20.681 0.1111111119
66876  -20.481  -8.562  -20.611 0.1111111119
72262  -19.340  -1.049  -20.690 0.2222222239
72299  -19.327  -0.716  -21.600 0.2222222239
72256  -19.234  -0.453  -20.777 0.2222222239
57058  -22.459  -20.873  -17.878 0.1111111119
68418  -20.375  -6.834  -20.969 0.1111111119
117853  -22.182  -21.570  -17.499 0.1111111119
56218  -22.966  -21.616  -17.937 0.1111111119
55373  -23.686  -22.119  -18.191 0.1111111119
57056  -20.790  -20.183  -16.777 0.1111111119
107100  -21.330  -19.700  -17.259 0.1111111119
128176  -21.138  -18.936  -17.258 0.1111111119
58644  -21.319  -18.245  -17.667 0.1111111119
59486  -21.308  -17.453  -17.743 0.1111111119
60389  -21.555  -16.792  -18.374 0.1111111119
63676  -21.491  -12.000  -18.223 0.1111111119
65280  -21.274  -10.725  -18.737 0.1111111119
66095  -20.454  -9.468  -20.157 0.1111111119
67609  -20.385  -7.529  -19.702 0.1111111119
72257  -19.635  -1.346  -20.391 0.2222222239
73886  -19.195  0.063  -20.742 0.2222222239
119033  -18.247  0.862  -20.922 0.1111111119
55365  -23.091  -22.403  -17.694 0.1111111119
73892  -18.442  0.508  -20.984 0.2222222239
72263  -19.536  -1.979  -20.252 0.2222222239
63689  -21.283  -12.154  -19.364 0.1111111119
106978  -21.564  -16.118  -18.244 0.1111111119
61169  -21.566  -15.639  -18.280 0.1111111119
63690  -21.374  -12.692  -19.209 0.1111111119
57066  -22.845  -20.267  -18.337 0.1111111119
128099  -24.046  -21.779  -18.520 0.1111111119
66862  -20.426  -8.546  -20.454 0.1111111119
65295  -20.798  -10.689  -19.823 0.1111111119
64511  -21.209  -11.271  -18.893 0.1111111119
66846  -20.714  -8.362  -19.370 0.1111111119
64500  -21.800  -11.448  -17.987 0.1111111119
59485  -21.057  -17.935  -17.185 0.1111111119
74659  -18.717  0.999  -20.715 0.1111111119
75425  -17.886  2.894  -21.092 0.1111111119
71438  -19.832  -2.838  -19.859 0.1111111119
75410  -17.991  2.866  -20.650 0.1111111119
76204  -17.852  3.727  -20.486 0.1111111119
64499  -21.448  -11.373  -18.481 0.1111111119
70049  -34.790  -4.327  -26.262 0.1111111119
72273  -19.386  -1.203  -21.397 0.2222222239
73107  -18.974  -0.165  -20.934 0.3333333433
73885  -18.745  0.291  -20.912 0.2222222239
73970  -24.917  0.742  -26.640 0.8888888955
74743  -24.681  1.459  -26.557 0.7777777910
75445  -19.091  2.678  -22.574 0.3333333433
75477  -19.908  3.231  -23.801 0.5555555820
75480  -27.710  2.058  -25.229 0.5555555820
75512  -24.122  2.206  -26.308 0.7777777910
77763  -25.317  4.769  -26.983 0.6666666865
83760  -28.486  13.475  -28.932 0.1111111119
83793  -23.323  13.957  -31.400 0.1111111119
84320  -22.874  14.709  -29.895 0.1111111119
119926  -27.489  0.827  -25.044 0.5555555820
128418  -22.618  -21.998  -17.594 0.1111111119
128907  -27.285  5.629  -25.577 0.3333333433
129814  -25.469  0.336  -26.490 0.8888888955
