#!ascii label  , from subject sub-v1s12x0050113_ses-1 vox2ras=TkReg
786
21352  -41.793  -61.927  -28.199 0.5000000000
22221  -39.696  -61.070  -27.787 0.8000000119
23119  -39.071  -59.992  -26.134 0.8000000119
23129  -39.567  -60.148  -27.093 0.8000000119
22212  -40.201  -60.596  -27.733 0.8000000119
20421  -42.079  -63.263  -26.531 0.5000000000
21351  -40.924  -61.844  -28.071 0.5000000000
22223  -41.614  -61.199  -28.467 0.6000000238
23096  -38.738  -60.078  -24.017 0.6999999881
107133  -39.468  -59.917  -25.351 0.6999999881
23130  -40.567  -60.367  -27.460 0.8000000119
22214  -42.111  -60.952  -28.401 0.6999999881
20413  -41.751  -63.813  -25.491 0.6000000238
117134  -41.232  -62.777  -27.230 0.5000000000
21344  -42.436  -62.437  -27.664 0.6000000238
24027  -38.683  -59.719  -22.144 0.6999999881
21353  -42.461  -61.559  -28.279 0.6000000238
21345  -43.573  -62.231  -27.826 0.6000000238
24038  -38.814  -59.869  -23.131 0.6999999881
23095  -38.378  -60.444  -23.811 0.6999999881
23120  -39.963  -60.080  -26.386 0.6999999881
22215  -42.963  -61.504  -28.126 0.6000000238
22216  -44.105  -61.957  -27.858 0.6000000238
23121  -41.007  -60.416  -26.538 0.8000000119
22204  -42.437  -60.965  -27.826 0.8000000119
20414  -42.669  -63.580  -25.795 0.4000000060
20422  -43.177  -63.096  -26.954 0.6000000238
20424  -45.294  -63.065  -27.301 0.6000000238
24028  -39.276  -59.392  -22.330 0.6999999881
24039  -39.328  -59.811  -23.733 0.6999999881
23109  -39.897  -59.887  -24.391 0.6999999881
110676  -40.485  -60.216  -25.288 0.6999999881
23110  -41.678  -60.675  -25.304 0.6000000238
22205  -43.379  -61.529  -27.492 0.6999999881
23123  -45.685  -61.400  -26.193 0.5000000000
23097  -40.992  -60.259  -24.179 0.6000000238
23111  -42.729  -60.884  -24.956 0.6000000238
23113  -44.675  -60.758  -25.147 0.6000000238
23112  -43.690  -60.856  -24.936 0.6000000238
20408  -44.104  -63.538  -25.182 0.4000000060
20415  -43.663  -63.495  -26.054 0.5000000000
24011  -38.991  -58.821  -20.900 0.6999999881
114745  -44.494  -63.504  -26.149 0.6000000238
20416  -45.173  -63.369  -26.650 0.6000000238
115599  -39.553  -59.648  -22.955 0.6999999881
20425  -45.623  -62.692  -27.404 0.6000000238
24040  -40.367  -59.802  -23.302 0.6999999881
22218  -45.804  -62.366  -27.240 0.5000000000
22208  -46.340  -62.027  -26.858 0.6000000238
24041  -41.511  -59.948  -23.295 0.6999999881
23098  -42.034  -60.466  -24.085 0.6000000238
23114  -45.575  -60.653  -25.494 0.5000000000
23124  -46.725  -61.116  -26.244 0.5000000000
24048  -43.927  -60.141  -24.273 0.5000000000
24914  -38.058  -58.773  -17.948 0.6000000238
24915  -38.461  -58.408  -18.571 0.6000000238
20398  -43.668  -63.430  -24.135 0.5000000000
21330  -44.166  -62.979  -23.695 0.5000000000
24925  -38.840  -58.628  -20.107 0.6999999881
20399  -44.623  -63.281  -24.620 0.5000000000
21337  -45.612  -63.088  -25.237 0.5000000000
108797  -45.564  -62.463  -24.284 0.4000000060
24019  -39.122  -59.044  -21.629 0.6999999881
21332  -46.413  -62.380  -25.443 0.5000000000
24020  -39.886  -58.940  -21.749 0.6999999881
24029  -40.182  -59.389  -22.411 0.6999999881
24030  -41.140  -59.462  -22.535 0.6999999881
24042  -42.441  -59.873  -23.368 0.6000000238
22209  -46.986  -61.482  -26.168 0.5000000000
23125  -47.672  -60.924  -26.385 0.5000000000
24043  -43.323  -59.496  -23.493 0.5000000000
24044  -44.241  -59.281  -23.946 0.5000000000
113464  -45.109  -59.099  -24.572 0.5000000000
24053  -47.023  -60.031  -26.093 0.5000000000
24050  -45.935  -60.022  -25.295 0.5000000000
126270  -47.435  -59.552  -26.437 0.3000000119
23089  -44.653  -60.998  -22.229 0.3000000119
24903  -37.799  -58.750  -17.152 0.6000000238
24904  -38.230  -58.136  -17.548 0.6000000238
21324  -44.662  -62.390  -23.471 0.4000000060
22187  -45.268  -61.644  -23.290 0.4000000060
24920  -39.251  -57.947  -19.743 0.6000000238
22191  -46.118  -61.947  -24.237 0.5000000000
24932  -39.671  -58.561  -21.119 0.6999999881
24933  -40.503  -58.402  -21.300 0.6999999881
22200  -47.100  -61.724  -25.931 0.5000000000
24940  -41.723  -58.836  -22.097 0.5000000000
22201  -47.818  -61.156  -26.208 0.5000000000
24032  -42.739  -59.281  -22.933 0.5000000000
23126  -48.086  -60.725  -26.298 0.4000000060
24054  -47.950  -60.322  -26.511 0.3000000119
24058  -48.532  -59.315  -26.580 0.4000000060
24951  -45.938  -58.996  -25.383 0.5000000000
24955  -46.634  -58.867  -26.116 0.4000000060
25774  -37.672  -57.877  -16.637 0.6000000238
25784  -38.257  -57.301  -17.184 0.6000000238
25793  -38.692  -57.564  -18.048 0.6000000238
25800  -39.014  -57.752  -18.927 0.6000000238
25802  -40.231  -56.874  -19.879 0.6000000238
23100  -46.238  -61.279  -23.650 0.3000000119
22192  -46.825  -61.654  -24.809 0.4000000060
24927  -40.208  -57.944  -20.723 0.6000000238
126284  -47.003  -60.150  -23.631 0.3000000119
25818  -41.010  -57.701  -21.044 0.6000000238
24021  -40.833  -58.927  -21.875 0.6999999881
23102  -47.809  -60.322  -24.613 0.3000000119
23115  -47.580  -61.204  -25.407 0.3000000119
24934  -41.351  -58.269  -21.547 0.6000000238
24948  -48.273  -59.319  -24.343 0.3000000119
24051  -48.647  -59.908  -25.456 0.3000000119
24935  -42.105  -58.036  -21.907 0.5000000000
24941  -42.576  -58.600  -22.499 0.5000000000
24957  -49.300  -58.397  -26.073 0.3000000119
24052  -49.169  -59.443  -25.904 0.3000000119
24942  -43.169  -58.820  -22.969 0.5000000000
25836  -44.283  -58.127  -24.296 0.5000000000
24959  -48.634  -58.690  -26.573 0.3000000119
25835  -43.537  -57.566  -23.782 0.5000000000
24954  -45.730  -58.043  -25.885 0.4000000060
25848  -47.117  -58.087  -26.631 0.3000000119
124605  -37.732  -57.027  -16.603 0.5000000000
25775  -38.169  -56.487  -16.923 0.6000000238
26648  -38.784  -56.702  -17.667 0.5000000000
25809  -40.706  -57.092  -20.473 0.6000000238
118815  -47.937  -57.829  -23.776 0.3000000119
25810  -41.402  -56.914  -21.083 0.6000000238
25838  -48.775  -57.246  -24.459 0.3000000119
25841  -49.203  -58.021  -25.070 0.3000000119
25819  -41.678  -57.487  -21.483 0.6000000238
25828  -42.646  -57.591  -22.504 0.5000000000
25839  -43.819  -57.090  -24.680 0.5000000000
24950  -45.063  -58.125  -25.089 0.4000000060
25843  -44.967  -57.302  -25.713 0.4000000060
26649  -39.114  -56.012  -17.839 0.5000000000
26660  -39.607  -56.279  -18.579 0.5000000000
25794  -39.206  -57.014  -18.431 0.5000000000
26666  -40.205  -56.298  -19.376 0.5000000000
26694  -47.274  -56.185  -23.475 0.3000000119
26672  -41.246  -56.232  -20.752 0.6000000238
119782  -41.842  -56.793  -21.598 0.6000000238
25820  -42.191  -57.146  -22.003 0.5000000000
25834  -42.969  -57.109  -23.272 0.5000000000
25847  -46.473  -57.467  -26.487 0.4000000060
26702  -44.996  -56.489  -26.136 0.4000000060
27594  -38.728  -55.199  -17.423 0.5000000000
27605  -39.464  -55.351  -18.164 0.5000000000
27610  -40.089  -55.502  -18.900 0.5000000000
27632  -45.958  -55.307  -22.669 0.4000000060
28477  -46.370  -54.632  -23.076 0.4000000060
26667  -40.739  -56.281  -20.065 0.5000000000
27635  -46.812  -55.367  -23.295 0.4000000060
27636  -48.069  -55.402  -23.965 0.3000000119
27620  -41.115  -55.501  -20.405 0.4000000060
26699  -49.595  -56.259  -24.917 0.3000000119
26673  -41.679  -56.150  -21.494 0.5000000000
26683  -42.093  -56.298  -22.148 0.4000000060
26689  -42.272  -55.841  -22.956 0.4000000060
26701  -44.130  -56.088  -25.804 0.4000000060
28436  -38.449  -54.244  -17.382 0.5000000000
117332  -39.519  -53.763  -18.270 0.5000000000
119182  -40.179  -53.963  -18.878 0.5000000000
28476  -45.735  -54.699  -22.556 0.4000000060
27611  -40.623  -55.538  -19.646 0.5000000000
28465  -40.906  -54.754  -19.979 0.4000000060
29348  -46.852  -53.920  -23.436 0.4000000060
28479  -47.465  -54.624  -23.673 0.4000000060
28466  -41.309  -54.697  -20.833 0.4000000060
27621  -41.490  -55.424  -21.256 0.4000000060
28480  -48.794  -54.661  -24.415 0.4000000060
27628  -41.843  -55.320  -22.325 0.4000000060
128081  -42.105  -55.182  -23.221 0.4000000060
125382  -42.395  -55.463  -23.763 0.4000000060
26697  -43.483  -56.158  -25.133 0.4000000060
27638  -42.986  -55.307  -25.084 0.4000000060
27642  -44.651  -55.617  -25.969 0.4000000060
27643  -45.830  -55.779  -26.184 0.4000000060
29310  -38.469  -52.990  -17.845 0.5000000000
115525  -45.536  -53.076  -22.598 0.4000000060
29344  -45.856  -53.952  -22.719 0.4000000060
29315  -40.364  -53.270  -19.393 0.5000000000
119403  -40.613  -54.124  -19.547 0.4000000060
28472  -41.527  -54.668  -21.776 0.4000000060
29349  -48.120  -53.896  -24.023 0.4000000060
28475  -41.694  -54.535  -22.528 0.4000000060
27633  -41.901  -54.642  -23.157 0.4000000060
27644  -47.164  -55.903  -26.173 0.3000000119
27641  -43.751  -55.464  -25.601 0.4000000060
30103  -39.118  -52.861  -18.244 0.4000000060
30114  -39.697  -52.539  -18.890 0.5000000000
115604  -40.659  -52.895  -20.134 0.4000000060
29347  -46.406  -53.188  -23.232 0.4000000060
29336  -41.132  -52.987  -21.021 0.4000000060
29325  -40.975  -53.822  -20.309 0.4000000060
125625  -41.381  -53.427  -21.876 0.4000000060
29326  -41.354  -53.956  -21.347 0.4000000060
115289  -41.713  -54.034  -23.024 0.4000000060
28478  -41.901  -54.106  -23.870 0.4000000060
27634  -42.160  -54.794  -23.819 0.4000000060
28482  -42.682  -54.535  -24.854 0.4000000060
28487  -45.402  -55.024  -25.861 0.4000000060
28486  -44.312  -54.862  -25.714 0.4000000060
114896  -39.586  -51.852  -19.173 0.4000000060
30125  -40.599  -51.999  -20.369 0.4000000060
30138  -41.064  -52.122  -21.237 0.4000000060
30139  -41.367  -52.660  -22.034 0.4000000060
29337  -41.556  -53.407  -22.653 0.4000000060
29343  -41.729  -53.436  -23.492 0.4000000060
28488  -47.131  -55.112  -25.868 0.4000000060
29346  -42.008  -53.358  -24.151 0.4000000060
111426  -42.627  -53.137  -24.595 0.4000000060
28485  -43.418  -54.654  -25.342 0.4000000060
29354  -44.119  -53.913  -25.384 0.4000000060
30951  -40.202  -51.061  -20.243 0.4000000060
30962  -40.719  -51.214  -21.015 0.4000000060
30963  -41.240  -51.728  -21.823 0.4000000060
116777  -41.531  -52.095  -22.490 0.4000000060
30147  -41.667  -52.700  -23.057 0.4000000060
30150  -41.941  -52.248  -23.635 0.4000000060
124770  -41.832  -52.883  -23.794 0.4000000060
30151  -42.255  -52.554  -24.181 0.4000000060
125201  -42.797  -52.404  -24.509 0.4000000060
114523  -46.114  -54.309  -25.747 0.3000000119
117511  -44.966  -54.384  -25.631 0.4000000060
31792  -40.121  -50.178  -20.641 0.4000000060
128773  -40.690  -50.061  -21.478 0.4000000060
32578  -40.225  -49.301  -21.402 0.4000000060
31808  -41.042  -50.878  -21.694 0.4000000060
31829  -41.776  -50.675  -22.854 0.4000000060
30987  -42.273  -51.871  -23.950 0.4000000060
30990  -42.701  -51.840  -24.302 0.4000000060
116371  -47.730  -54.232  -25.934 0.4000000060
30155  -43.202  -52.642  -24.750 0.4000000060
114974  -44.559  -52.934  -25.294 0.5000000000
29355  -45.273  -53.617  -25.558 0.4000000060
116650  -43.635  -53.117  -25.003 0.5000000000
33500  -40.082  -48.673  -21.801 0.4000000060
32589  -40.605  -48.672  -22.100 0.4000000060
31823  -40.980  -49.426  -22.000 0.4000000060
32590  -41.355  -48.846  -22.567 0.4000000060
109282  -41.637  -49.829  -22.686 0.4000000060
30991  -43.304  -51.781  -24.627 0.4000000060
33510  -40.134  -48.105  -22.441 0.4000000060
33511  -40.955  -48.021  -22.664 0.4000000060
30158  -43.984  -52.178  -24.963 0.4000000060
30159  -44.899  -52.077  -25.460 0.5000000000
34470  -39.696  -47.638  -23.414 0.4000000060
34471  -40.447  -47.588  -23.128 0.4000000060
34477  -41.138  -47.319  -23.429 0.4000000060
30996  -44.495  -51.353  -25.312 0.5000000000
35427  -39.097  -46.120  -25.493 0.4000000060
125593  -39.291  -47.399  -24.413 0.4000000060
35412  -39.623  -46.498  -25.202 0.4000000060
34476  -40.155  -46.975  -24.115 0.4000000060
35413  -40.622  -46.449  -24.659 0.4000000060
35429  -41.152  -46.056  -25.027 0.5000000000
34493  -38.769  -46.862  -25.370 0.4000000060
26698  -44.252  -56.729  -25.475 0.5000000000
25844  -45.729  -57.297  -26.249 0.4000000060
23128  -38.719  -60.274  -26.640 0.8000000119
23117  -38.124  -60.688  -25.266 0.8000000119
23106  -37.972  -61.053  -24.000 0.6999999881
19485  -40.926  -64.127  -25.255 0.5000000000
23094  -37.927  -60.820  -23.025 0.6999999881
19481  -41.357  -64.242  -24.634 0.5000000000
23088  -38.201  -60.400  -22.173 0.6999999881
20407  -43.034  -63.674  -24.834 0.4000000060
124594  -42.210  -63.891  -24.963 0.4000000060
24018  -38.703  -59.337  -21.351 0.6999999881
23997  -38.071  -59.089  -18.571 0.6999999881
20397  -42.728  -63.635  -23.743 0.4000000060
20388  -43.165  -63.103  -23.163 0.4000000060
23987  -37.455  -59.463  -16.850 0.6000000238
22186  -44.261  -61.818  -22.608 0.4000000060
119658  -36.983  -58.031  -16.123 0.6000000238
25773  -36.985  -57.151  -16.166 0.5000000000
26640  -37.459  -56.351  -16.474 0.5000000000
27593  -37.986  -55.615  -16.809 0.5000000000
28435  -37.602  -54.135  -17.176 0.4000000060
30102  -38.400  -52.421  -18.245 0.4000000060
30924  -38.237  -51.826  -18.667 0.4000000060
30925  -38.969  -51.915  -18.707 0.4000000060
31776  -38.875  -50.565  -19.633 0.4000000060
31791  -39.294  -49.968  -20.184 0.4000000060
32561  -39.623  -49.556  -20.807 0.4000000060
33499  -39.621  -48.558  -22.109 0.4000000060
33509  -39.323  -48.277  -22.892 0.4000000060
33516  -38.790  -48.047  -24.122 0.4000000060
35426  -38.306  -46.656  -25.364 0.4000000060
23132  -39.198  -60.570  -27.380 0.8000000119
23107  -38.483  -60.299  -24.780 0.6999999881
20423  -44.397  -63.181  -27.142 0.6000000238
22217  -45.120  -62.226  -27.488 0.6999999881
23122  -42.636  -61.123  -26.264 0.6999999881
20417  -45.840  -63.100  -27.016 0.6000000238
22207  -45.494  -61.896  -27.106 0.6000000238
22198  -43.574  -61.382  -25.965 0.6000000238
24926  -39.461  -58.246  -20.463 0.6999999881
21339  -46.515  -62.221  -26.495 0.5000000000
24919  -38.763  -58.364  -19.387 0.6000000238
21323  -43.801  -62.505  -22.900 0.5000000000
21331  -44.942  -62.862  -24.238 0.5000000000
26690  -42.506  -56.679  -22.720 0.5000000000
25840  -44.443  -57.430  -25.052 0.5000000000
26692  -42.666  -56.245  -23.572 0.4000000060
119352  -46.326  -56.673  -26.441 0.4000000060
28481  -42.266  -54.475  -24.334 0.4000000060
30950  -39.572  -50.660  -19.866 0.4000000060
29351  -43.057  -53.787  -25.000 0.4000000060
35403  -40.904  -46.805  -23.969 0.4000000060
14214  -31.305  -70.039  -25.835 0.4000000060
13402  -32.350  -70.627  -26.235 0.4000000060
14226  -32.853  -70.060  -26.783 0.4000000060
117605  -33.419  -69.510  -27.323 0.4000000060
15850  -32.418  -69.297  -26.035 0.4000000060
15055  -32.754  -69.429  -26.747 0.4000000060
15065  -33.505  -69.043  -27.721 0.4000000060
15871  -33.572  -68.445  -27.304 0.4000000060
16739  -34.515  -68.210  -28.498 0.5000000000
15851  -33.055  -68.902  -25.680 0.4000000060
15861  -33.389  -68.552  -26.451 0.4000000060
16733  -34.092  -67.833  -26.372 0.5000000000
16736  -34.067  -67.843  -27.594 0.5000000000
17681  -34.987  -66.407  -27.401 0.6000000238
15048  -32.287  -69.361  -24.255 0.4000000060
113795  -33.098  -69.139  -24.705 0.4000000060
15852  -34.016  -68.448  -25.552 0.4000000060
16740  -34.602  -67.264  -27.922 0.5000000000
20406  -42.114  -63.998  -24.203 0.3000000119
20396  -41.887  -63.921  -23.341 0.4000000060
21322  -43.053  -62.584  -22.491 0.3000000119
17686  -35.603  -66.852  -28.678 0.5000000000
19483  -39.437  -65.011  -25.924 0.5000000000
110819  -40.500  -64.685  -24.829 0.4000000060
111195  -34.679  -68.614  -23.337 0.4000000060
16737  -34.538  -67.090  -26.900 0.5000000000
15826  -34.041  -69.203  -23.058 0.4000000060
110476  -33.816  -68.843  -24.919 0.4000000060
124798  -35.333  -66.273  -28.094 0.6000000238
17682  -36.003  -65.965  -28.441 0.6000000238
18574  -36.577  -65.375  -28.415 0.6999999881
19484  -40.135  -64.348  -25.641 0.5000000000
115651  -36.904  -65.981  -28.899 0.6999999881
18573  -38.302  -65.019  -28.074 0.6999999881
125388  -39.587  -64.227  -26.358 0.6999999881
19496  -37.807  -64.713  -28.338 0.6999999881
19492  -38.178  -64.178  -28.104 0.6999999881
16730  -34.756  -67.861  -25.310 0.5000000000
16734  -34.911  -67.181  -25.946 0.6000000238
17679  -35.100  -66.428  -26.467 0.6000000238
19486  -35.702  -64.942  -27.144 0.6000000238
15841  -35.215  -67.968  -23.702 0.4000000060
16726  -35.175  -67.804  -24.540 0.5000000000
17677  -35.505  -66.516  -25.645 0.6000000238
18571  -35.506  -65.686  -27.620 0.6000000238
19490  -36.243  -64.330  -27.530 0.6000000238
19494  -36.704  -64.716  -28.141 0.6000000238
21317  -43.408  -62.032  -22.170 0.3000000119
18572  -36.079  -65.136  -27.871 0.6000000238
19495  -37.299  -64.500  -28.257 0.6999999881
20420  -40.190  -63.513  -26.538 0.6000000238
20412  -41.039  -63.609  -26.018 0.5000000000
17656  -36.138  -66.782  -22.767 0.6000000238
17666  -36.122  -66.731  -23.735 0.6000000238
17674  -36.351  -65.955  -24.297 0.6999999881
18564  -36.024  -65.701  -25.370 0.6000000238
18568  -35.726  -65.092  -26.302 0.6000000238
16718  -35.716  -67.411  -23.187 0.5000000000
16731  -35.423  -67.288  -25.075 0.6000000238
19491  -36.913  -63.984  -27.958 0.6000000238
20430  -37.640  -63.966  -28.147 0.6999999881
20428  -38.145  -63.207  -27.943 0.6999999881
19493  -38.703  -63.774  -27.666 0.6999999881
20419  -39.418  -63.557  -27.097 0.6999999881
17667  -36.376  -66.010  -23.285 0.6000000238
18554  -36.565  -65.252  -23.861 0.6999999881
19479  -36.546  -64.520  -24.497 0.6999999881
18561  -36.372  -65.208  -24.717 0.6999999881
19487  -36.026  -64.125  -26.649 0.6000000238
21350  -39.996  -61.722  -27.806 0.5000000000
20427  -37.302  -63.286  -27.844 0.6999999881
21343  -40.129  -62.659  -27.416 0.6000000238
20405  -36.813  -63.085  -24.716 0.6999999881
22202  -37.181  -61.903  -25.837 0.6999999881
119930  -36.728  -63.778  -24.155 0.6999999881
20411  -36.635  -63.155  -25.600 0.6000000238
128899  -37.107  -62.161  -26.521 0.5000000000
120627  -36.551  -63.806  -25.087 0.6999999881
111947  -36.351  -63.770  -25.891 0.6000000238
21347  -37.088  -62.827  -27.381 0.6999999881
128607  -39.213  -61.742  -27.727 0.5000000000
20426  -36.571  -63.437  -27.301 0.6000000238
21349  -38.463  -62.164  -27.728 0.6999999881
20429  -39.102  -62.614  -27.649 0.6000000238
22196  -37.334  -61.743  -25.018 0.6999999881
22203  -37.652  -61.220  -25.577 0.6999999881
119888  -37.856  -61.174  -24.807 0.6999999881
22220  -38.786  -61.298  -27.555 0.6000000238
22211  -38.320  -60.870  -27.029 0.6999999881
21342  -37.309  -62.203  -27.114 0.6000000238
14217  -32.223  -69.805  -26.218 0.4000000060
126507  -33.324  -69.286  -23.799 0.4000000060
15840  -34.586  -68.421  -24.494 0.4000000060
15839  -34.034  -69.042  -24.053 0.4000000060
19488  -38.555  -64.567  -27.661 0.6999999881
18563  -35.480  -65.839  -26.135 0.6000000238
16727  -35.652  -67.342  -24.150 0.6999999881
17673  -35.957  -66.640  -24.738 0.6000000238
19482  -36.184  -64.577  -25.516 0.6000000238
118996  -36.805  -62.716  -26.869 0.6000000238
21336  -36.970  -62.459  -25.277 0.6000000238
19470  -36.664  -64.469  -23.553 0.5000000000
15813  -35.387  -68.110  -21.601 0.4000000060
17657  -36.343  -66.070  -22.344 0.5000000000
19463  -36.649  -64.215  -22.694 0.6000000238
15812  -34.757  -68.644  -21.065 0.4000000060
16688  -35.863  -67.527  -20.684 0.5000000000
16703  -35.874  -67.467  -21.416 0.5000000000
18544  -36.504  -65.479  -21.924 0.5000000000
122130  -36.632  -64.736  -21.926 0.5000000000
20375  -36.690  -63.745  -21.834 0.5000000000
115221  -36.593  -65.197  -22.792 0.5000000000
20395  -36.867  -63.008  -23.716 0.6000000238
20385  -36.762  -63.329  -22.780 0.5000000000
21320  -36.931  -62.614  -23.000 0.6999999881
21314  -36.891  -62.670  -22.152 0.6000000238
22185  -37.492  -61.433  -22.667 0.6000000238
15793  -35.230  -68.228  -19.613 0.5000000000
17603  -36.169  -66.990  -20.055 0.5000000000
17625  -36.378  -66.128  -20.548 0.5000000000
19454  -36.646  -64.406  -21.223 0.5000000000
18536  -36.535  -65.252  -21.092 0.5000000000
22197  -37.544  -61.675  -24.216 0.6000000238
20376  -36.870  -63.085  -21.315 0.6000000238
109696  -37.237  -61.797  -22.059 0.5000000000
23087  -37.698  -61.079  -22.107 0.6000000238
129249  -35.921  -67.326  -19.558 0.5000000000
17604  -36.360  -66.150  -19.567 0.5000000000
18505  -36.583  -65.367  -19.074 0.5000000000
19450  -36.703  -64.535  -20.450 0.5000000000
20364  -36.776  -63.759  -20.867 0.5000000000
22190  -37.546  -61.517  -23.383 0.6000000238
21315  -37.101  -62.306  -21.305 0.5000000000
22181  -37.439  -61.450  -21.334 0.6000000238
124225  -35.752  -67.248  -18.629 0.5000000000
17586  -36.269  -66.080  -18.564 0.5000000000
18487  -36.511  -65.323  -18.130 0.5000000000
115076  -36.659  -64.724  -17.813 0.5000000000
127887  -36.938  -63.501  -17.799 0.6000000238
20339  -36.967  -63.942  -19.003 0.4000000060
20324  -36.952  -63.016  -17.563 0.4000000060
20340  -37.047  -63.220  -18.434 0.5000000000
20354  -37.023  -63.120  -19.470 0.5000000000
20353  -36.865  -63.826  -19.967 0.4000000060
21255  -36.669  -62.120  -16.692 0.4000000060
22160  -37.209  -61.583  -17.799 0.5000000000
21304  -37.156  -62.387  -19.032 0.5000000000
22146  -36.512  -61.537  -16.388 0.4000000060
111328  -37.093  -62.341  -19.838 0.6000000238
21310  -37.221  -61.899  -20.537 0.6000000238
23081  -37.866  -60.663  -21.388 0.6000000238
23074  -37.928  -60.209  -20.652 0.6000000238
21292  -37.121  -62.392  -18.121 0.5000000000
120258  -37.236  -61.042  -17.260 0.5000000000
116889  -37.364  -60.864  -17.854 0.5000000000
120532  -37.239  -61.774  -18.646 0.5000000000
23049  -36.569  -60.062  -16.135 0.4000000060
119170  -37.106  -60.016  -16.569 0.5000000000
23068  -37.620  -60.499  -19.241 0.6000000238
22171  -37.325  -61.430  -19.588 0.6000000238
24010  -37.953  -59.899  -19.829 0.6000000238
23059  -37.389  -60.297  -17.296 0.5000000000
24892  -35.737  -58.508  -15.970 0.3000000119
23032  -36.189  -59.320  -15.897 0.4000000060
23980  -36.932  -59.386  -16.222 0.5000000000
24003  -37.873  -59.725  -18.908 0.5000000000
24004  -38.340  -59.077  -19.439 0.6000000238
29294  -37.353  -53.409  -17.615 0.3000000119
28434  -36.912  -54.431  -16.984 0.3000000119
27579  -37.139  -55.629  -16.499 0.4000000060
26639  -36.648  -56.261  -16.305 0.4000000060
106966  -37.702  -51.617  -19.149 0.3000000119
31790  -38.550  -50.175  -20.267 0.3000000119
30935  -38.106  -50.842  -19.706 0.3000000119
31807  -38.206  -50.008  -21.265 0.3000000119
32560  -38.960  -49.534  -20.799 0.3000000119
32576  -38.627  -49.356  -21.784 0.3000000119
33508  -38.585  -48.737  -23.468 0.3000000119
33515  -38.224  -48.865  -24.516 0.3000000119
33523  -38.537  -47.586  -25.172 0.3000000119
24894  -37.283  -58.702  -16.424 0.5000000000
30101  -37.676  -52.276  -18.465 0.3000000119
21328  -37.128  -62.360  -24.426 0.5000000000
17624  -36.207  -66.874  -21.006 0.5000000000
20365  -36.981  -62.913  -20.479 0.5000000000
111788  -37.649  -60.590  -20.009 0.6000000238
18566  -39.880  -65.256  -25.127 0.3000000119
18569  -38.746  -65.366  -27.338 0.6000000238
20377  -40.881  -64.067  -21.123 0.3000000119
19456  -40.937  -64.224  -21.984 0.3000000119
19465  -41.138  -64.362  -22.857 0.3000000119
18545  -40.302  -65.632  -22.836 0.3000000119
19472  -41.303  -64.394  -23.739 0.3000000119
18570  -39.096  -65.636  -26.378 0.6000000238
20366  -40.860  -63.915  -20.365 0.3000000119
109971  -41.479  -63.494  -21.731 0.3000000119
20386  -41.672  -63.730  -22.539 0.3000000119
123812  -42.361  -63.498  -22.994 0.3000000119
19471  -40.602  -64.933  -23.271 0.3000000119
126412  -40.153  -65.292  -24.451 0.3000000119
18565  -39.418  -65.858  -25.514 0.4000000060
15828  -35.276  -68.086  -22.684 0.4000000060
128928  -40.709  -64.314  -20.074 0.3000000119
107412  -41.293  -63.317  -20.891 0.3000000119
20378  -41.894  -62.771  -21.438 0.3000000119
15068  -35.891  -69.502  -27.876 0.5000000000
123998  -36.220  -69.279  -28.378 0.5000000000
14227  -33.696  -70.285  -26.976 0.4000000060
15059  -34.235  -69.822  -27.542 0.4000000060
15060  -36.585  -69.826  -26.733 0.5000000000
15893  -38.088  -67.277  -29.513 0.5000000000
15885  -37.225  -68.519  -29.188 0.5000000000
15067  -34.828  -69.465  -28.195 0.5000000000
15076  -35.567  -69.112  -28.786 0.5000000000
15066  -33.990  -69.322  -28.100 0.4000000060
17689  -39.253  -66.423  -28.968 0.6000000238
17692  -38.322  -66.635  -29.385 0.6000000238
17691  -37.419  -66.735  -29.320 0.5000000000
16746  -36.993  -67.722  -29.405 0.5000000000
116801  -33.920  -68.734  -28.171 0.3000000119
15879  -34.571  -69.019  -28.688 0.4000000060
15884  -35.249  -68.487  -28.978 0.5000000000
17684  -39.389  -66.441  -28.006 0.6000000238
112682  -37.759  -66.014  -29.035 0.6000000238
16745  -35.876  -67.726  -29.165 0.4000000060
17680  -39.046  -66.268  -26.917 0.6000000238
18555  -40.170  -65.637  -23.730 0.3000000119
17678  -39.466  -66.620  -25.301 0.4000000060
18576  -38.061  -65.472  -28.600 0.6000000238
17687  -36.439  -66.824  -29.111 0.4000000060
19464  -40.500  -64.957  -22.352 0.3000000119
18562  -39.732  -66.045  -24.584 0.3000000119
128279  -39.220  -66.337  -25.997 0.5000000000
17683  -38.712  -65.854  -28.147 0.6000000238
17688  -38.521  -66.171  -28.986 0.6000000238
17675  -39.707  -67.014  -24.496 0.3000000119
111957  -40.276  -66.903  -27.966 0.5000000000
16741  -39.460  -66.881  -26.983 0.5000000000
109127  -39.991  -67.520  -26.405 0.4000000060
16738  -39.359  -66.956  -26.122 0.5000000000
17685  -39.962  -66.569  -28.978 0.5000000000
15872  -40.709  -68.107  -26.214 0.4000000060
15862  -40.397  -68.112  -25.381 0.4000000060
16735  -39.716  -67.444  -25.350 0.4000000060
16749  -38.891  -66.964  -29.632 0.5000000000
17690  -39.947  -66.775  -29.672 0.5000000000
11826  -36.163  -73.876  -29.557 0.3000000119
11142  -35.748  -74.293  -30.098 0.3000000119
116273  -37.090  -73.635  -29.569 0.3000000119
12647  -38.044  -72.940  -29.060 0.3000000119
12648  -38.606  -72.867  -29.395 0.4000000060
11827  -36.785  -73.567  -29.223 0.3000000119
111625  -37.138  -73.299  -27.553 0.3000000119
11834  -39.751  -72.831  -29.268 0.4000000060
12644  -39.096  -72.372  -28.927 0.4000000060
11817  -37.890  -72.872  -27.996 0.3000000119
107150  -37.377  -72.840  -26.674 0.3000000119
13425  -41.369  -71.283  -28.395 0.4000000060
13424  -40.623  -71.714  -28.682 0.4000000060
12638  -38.729  -72.267  -27.896 0.4000000060
11810  -36.777  -72.837  -25.842 0.4000000060
12635  -38.128  -72.248  -26.793 0.4000000060
14246  -44.434  -69.304  -28.786 0.3000000119
14243  -41.899  -70.535  -28.583 0.4000000060
13419  -40.837  -70.685  -28.247 0.4000000060
125079  -39.512  -71.036  -27.170 0.4000000060
13414  -38.841  -71.604  -26.972 0.4000000060
13413  -38.056  -71.481  -26.290 0.4000000060
15892  -44.628  -68.412  -28.849 0.3000000119
15082  -43.094  -69.264  -29.266 0.4000000060
15080  -41.417  -69.274  -28.920 0.4000000060
118954  -41.505  -70.130  -28.498 0.4000000060
15072  -40.800  -69.763  -28.239 0.4000000060
15079  -39.961  -69.256  -28.308 0.4000000060
14231  -39.227  -70.484  -26.968 0.4000000060
15071  -39.207  -69.776  -27.346 0.4000000060
14230  -38.746  -70.926  -26.589 0.4000000060
13407  -37.256  -71.295  -25.806 0.4000000060
127607  -43.567  -68.008  -29.608 0.4000000060
15889  -41.897  -68.682  -29.443 0.4000000060
15070  -38.190  -69.478  -27.411 0.4000000060
117176  -36.917  -70.496  -26.035 0.4000000060
15062  -38.550  -70.155  -26.684 0.4000000060
13406  -36.628  -71.817  -25.454 0.4000000060
15897  -41.911  -67.870  -29.857 0.4000000060
15887  -40.386  -68.321  -29.389 0.4000000060
15886  -39.407  -68.358  -29.199 0.4000000060
15077  -37.680  -69.007  -28.494 0.4000000060
15069  -36.979  -69.352  -27.685 0.4000000060
15896  -40.902  -67.564  -29.705 0.4000000060
15895  -40.004  -67.445  -29.799 0.4000000060
123195  -37.892  -67.985  -29.480 0.4000000060
16742  -41.337  -67.236  -28.536 0.4000000060
16751  -40.465  -67.027  -29.903 0.4000000060
15863  -41.050  -68.415  -25.700 0.3000000119
15853  -40.650  -68.299  -24.466 0.3000000119
16747  -40.754  -66.945  -29.418 0.4000000060
16732  -40.059  -67.826  -24.533 0.3000000119
15894  -38.909  -67.595  -29.580 0.4000000060
12650  -39.936  -72.351  -29.123 0.4000000060
13423  -39.793  -71.990  -28.944 0.4000000060
13418  -40.201  -71.253  -28.085 0.4000000060
15083  -44.015  -69.039  -29.349 0.4000000060
14244  -42.597  -70.071  -28.734 0.4000000060
15073  -45.273  -69.031  -28.405 0.3000000119
15891  -44.237  -67.979  -28.971 0.3000000119
15088  -44.097  -68.323  -29.332 0.4000000060
15086  -42.601  -68.550  -29.549 0.4000000060
115771  -40.768  -69.028  -28.854 0.4000000060
16743  -42.776  -67.580  -29.259 0.4000000060
15061  -37.599  -69.821  -26.689 0.4000000060
115319  -38.282  -68.444  -29.137 0.4000000060
16748  -41.761  -67.343  -29.356 0.4000000060
13415  -42.597  -71.384  -26.876 0.3000000119
11825  -40.962  -73.008  -27.347 0.3000000119
11823  -39.880  -73.842  -28.332 0.3000000119
12640  -40.777  -72.771  -28.436 0.3000000119
13420  -41.650  -71.561  -28.231 0.3000000119
11830  -40.229  -73.164  -28.870 0.3000000119
12646  -41.023  -72.054  -28.638 0.3000000119
13421  -42.364  -71.175  -27.940 0.3000000119
13426  -42.111  -70.896  -28.462 0.3000000119
14237  -42.865  -70.459  -28.338 0.3000000119
107602  -43.667  -67.862  -28.621 0.3000000119
15881  -42.707  -67.694  -28.483 0.3000000119
15880  -41.920  -67.741  -27.844 0.3000000119
108079  -41.596  -68.330  -26.553 0.3000000119
14238  -43.735  -70.035  -28.118 0.3000000119
16753  -42.129  -67.653  -29.660 0.3000000119
11134  -35.479  -74.018  -28.948 0.3000000119
11816  -36.698  -73.375  -26.614 0.3000000119
11821  -36.903  -73.465  -28.446 0.3000000119
11822  -37.343  -73.229  -28.269 0.3000000119
11824  -40.457  -73.473  -27.895 0.3000000119
11828  -37.425  -73.259  -29.034 0.3000000119
12639  -39.456  -71.748  -28.018 0.4000000060
12641  -41.353  -72.307  -27.990 0.3000000119
12643  -38.494  -72.638  -28.813 0.4000000060
12645  -40.365  -72.484  -28.967 0.4000000060
12649  -39.345  -72.609  -29.271 0.4000000060
13422  -43.122  -70.758  -27.514 0.3000000119
14236  -40.000  -70.310  -27.618 0.4000000060
14242  -41.304  -70.957  -28.454 0.4000000060
14245  -43.482  -69.689  -28.831 0.4000000060
15052  -31.706  -69.541  -25.588 0.4000000060
15053  -32.278  -69.272  -25.274 0.4000000060
15078  -38.831  -69.048  -28.278 0.4000000060
15081  -42.185  -69.512  -29.027 0.4000000060
15084  -44.725  -68.832  -28.998 0.3000000119
15085  -45.189  -68.727  -28.389 0.3000000119
15087  -43.404  -68.503  -29.524 0.4000000060
15805  -35.371  -68.147  -20.592 0.5000000000
15860  -32.830  -69.010  -26.483 0.4000000060
15870  -33.071  -68.980  -27.139 0.4000000060
15873  -40.909  -67.682  -27.215 0.4000000060
15888  -41.230  -68.394  -29.470 0.4000000060
15890  -43.582  -67.850  -29.302 0.4000000060
15898  -42.926  -67.864  -29.704 0.4000000060
16668  -35.434  -67.545  -18.253 0.5000000000
16681  -35.624  -67.626  -19.116 0.5000000000
16744  -35.075  -67.566  -28.709 0.5000000000
16750  -39.691  -66.962  -29.816 0.4000000060
16752  -41.277  -67.402  -29.670 0.4000000060
17644  -36.173  -66.824  -21.875 0.5000000000
17645  -36.348  -66.108  -21.467 0.5000000000
17693  -39.144  -66.709  -29.472 0.6000000238
18523  -36.603  -65.352  -20.051 0.5000000000
18567  -35.347  -65.682  -26.833 0.6000000238
18575  -37.311  -65.240  -28.551 0.6999999881
19422  -36.762  -64.676  -18.597 0.4000000060
19439  -36.775  -64.621  -19.527 0.5000000000
19480  -40.639  -64.820  -24.103 0.3000000119
19489  -39.031  -64.600  -26.901 0.6999999881
20323  -36.767  -63.650  -17.225 0.6000000238
20355  -40.823  -63.983  -19.606 0.3000000119
20409  -44.994  -63.446  -25.622 0.5000000000
20410  -45.651  -63.267  -26.202 0.6000000238
20418  -36.474  -63.272  -26.446 0.6000000238
21276  -36.954  -62.284  -17.262 0.5000000000
21321  -37.135  -61.997  -22.799 0.6999999881
21329  -37.190  -62.185  -23.586 0.6000000238
21338  -46.175  -62.869  -26.390 0.6000000238
21340  -36.823  -62.604  -26.106 0.5000000000
21341  -46.145  -62.590  -27.056 0.5000000000
21346  -44.808  -62.511  -27.523 0.6000000238
21348  -37.700  -62.545  -27.663 0.6999999881
22147  -37.002  -61.584  -16.936 0.5000000000
22165  -37.389  -61.073  -18.602 0.5000000000
22176  -37.562  -61.027  -20.600 0.6000000238
22199  -44.588  -61.416  -25.968 0.5000000000
22206  -44.464  -61.772  -27.222 0.6000000238
22210  -37.581  -61.453  -26.559 0.6999999881
22213  -41.214  -60.750  -28.162 0.6999999881
22219  -37.968  -61.693  -27.379 0.6000000238
22222  -40.681  -61.052  -28.180 0.6000000238
23050  -36.929  -60.788  -16.586 0.4000000060
23064  -37.559  -60.314  -18.323 0.5000000000
23075  -38.425  -59.392  -20.548 0.6000000238
23082  -38.304  -59.915  -21.397 0.6999999881
23099  -42.980  -60.324  -24.104 0.6000000238
23101  -47.049  -60.936  -24.161 0.3000000119
23108  -39.016  -59.880  -24.607 0.6999999881
23116  -48.301  -60.789  -25.919 0.3000000119
23118  -38.468  -60.260  -25.711 0.8000000119
23127  -38.057  -60.661  -26.146 0.8000000119
23131  -41.567  -60.597  -27.803 0.8000000119
23996  -37.747  -59.486  -17.868 0.6000000238
24031  -42.059  -59.429  -22.685 0.5000000000
24049  -44.907  -60.029  -24.615 0.5000000000
24055  -48.562  -60.016  -26.307 0.4000000060
24056  -49.118  -59.087  -26.325 0.3000000119
24057  -48.033  -59.574  -26.637 0.3000000119
24893  -36.585  -58.629  -16.002 0.4000000060
24946  -43.702  -58.547  -23.455 0.5000000000
24952  -49.023  -59.012  -25.138 0.3000000119
24953  -49.340  -58.673  -25.734 0.3000000119
24956  -47.274  -58.810  -26.520 0.3000000119
24958  -47.929  -58.816  -26.688 0.3000000119
24960  -49.093  -58.420  -26.324 0.3000000119
25801  -39.647  -57.122  -19.298 0.6000000238
25808  -39.895  -57.539  -20.117 0.6000000238
25829  -43.191  -58.031  -22.980 0.5000000000
25845  -46.428  -58.040  -26.404 0.4000000060
26693  -43.180  -56.652  -24.175 0.5000000000
26695  -48.486  -56.243  -24.243 0.3000000119
26696  -42.805  -55.809  -24.425 0.4000000060
26706  -47.201  -57.344  -26.578 0.4000000060
27592  -37.432  -54.943  -16.804 0.4000000060
27637  -42.483  -55.054  -24.438 0.4000000060
27639  -49.428  -55.472  -24.757 0.3000000119
28449  -39.182  -54.439  -17.848 0.5000000000
28455  -39.839  -54.635  -18.531 0.5000000000
28456  -40.413  -54.767  -19.238 0.5000000000
29295  -38.095  -53.483  -17.536 0.3000000119
29296  -38.826  -53.580  -17.766 0.5000000000
29314  -39.812  -53.259  -18.686 0.4000000060
29350  -42.336  -53.912  -24.535 0.4000000060
30090  -37.825  -52.836  -17.870 0.3000000119
30112  -37.061  -52.350  -18.976 0.3000000119
30115  -40.186  -52.316  -19.552 0.5000000000
30936  -38.509  -51.263  -19.141 0.4000000060
30937  -39.209  -51.217  -19.301 0.4000000060
30938  -39.920  -51.464  -19.665 0.4000000060
30980  -41.539  -51.314  -22.499 0.4000000060
31824  -41.294  -50.356  -22.190 0.4000000060
32577  -39.470  -49.009  -21.449 0.4000000060
33498  -38.946  -48.788  -22.339 0.3000000119
33522  -38.097  -48.520  -25.189 0.3000000119
34483  -39.241  -47.033  -25.039 0.4000000060
110060  -36.274  -57.801  -16.036 0.3000000119
110425  -36.903  -64.043  -17.988 0.5000000000
110473  -36.066  -66.929  -19.071 0.5000000000
110477  -37.844  -70.611  -26.192 0.4000000060
111165  -38.419  -60.231  -22.889 0.6999999881
111635  -41.030  -68.484  -25.051 0.3000000119
111981  -38.792  -60.001  -25.322 0.6999999881
112426  -36.125  -60.813  -15.989 0.4000000060
113462  -38.591  -55.996  -17.279 0.5000000000
114002  -36.194  -68.533  -29.234 0.5000000000
114628  -41.771  -51.972  -23.030 0.4000000060
115875  -35.733  -67.681  -19.943 0.5000000000
116013  -38.092  -54.809  -17.005 0.5000000000
116190  -41.506  -54.025  -22.234 0.4000000060
119260  -36.583  -69.026  -28.789 0.5000000000
120112  -35.792  -67.474  -22.247 0.4000000060
120713  -48.519  -58.350  -24.340 0.3000000119
121146  -36.708  -63.762  -23.366 0.6000000238
123107  -37.264  -70.152  -26.324 0.4000000060
124441  -43.080  -53.186  -24.845 0.4000000060
125264  -42.167  -67.410  -28.814 0.3000000119
126518  -35.909  -59.979  -15.871 0.4000000060
127650  -38.219  -60.730  -24.588 0.6999999881
127700  -35.037  -66.818  -28.194 0.5000000000
128228  -39.204  -56.511  -18.129 0.5000000000
129010  -35.634  -67.837  -21.075 0.4000000060
129809  -40.635  -50.561  -21.192 0.4000000060
130012  -41.884  -60.697  -26.801 0.8000000119
