#!ascii label  , from subject sub-v1s12x0050113_ses-1 vox2ras=TkReg
539
19408  -33.367  -63.989  -17.138 0.6999999881
21274  -33.573  -62.591  -17.258 0.6000000238
21252  -34.262  -62.715  -16.471 0.6000000238
21254  -36.254  -62.237  -16.275 0.4000000060
18556  -26.504  -66.141  -24.805 0.6999999881
19469  -26.899  -64.640  -24.419 0.6999999881
18557  -26.955  -65.860  -24.809 0.6999999881
115554  -27.659  -65.319  -24.949 0.6000000238
17665  -27.219  -66.090  -24.009 0.6999999881
18550  -27.632  -65.570  -24.635 0.6000000238
18541  -28.897  -65.546  -23.246 0.6000000238
18551  -28.634  -65.379  -24.433 0.6000000238
18534  -29.845  -65.586  -21.561 0.6000000238
18542  -29.705  -65.405  -22.853 0.6000000238
19461  -30.911  -64.796  -23.381 0.5000000000
18535  -30.852  -65.203  -21.423 0.5000000000
19462  -31.245  -64.765  -22.279 0.5000000000
20363  -32.408  -63.254  -20.532 0.6000000238
20338  -32.570  -63.698  -18.859 0.6000000238
21290  -32.767  -62.990  -19.100 0.6000000238
21291  -33.127  -62.529  -18.333 0.6000000238
20390  -26.530  -64.123  -23.480 0.6000000238
20391  -27.503  -64.308  -24.236 0.6000000238
20400  -28.140  -64.471  -24.828 0.6000000238
19476  -29.078  -64.778  -25.101 0.6000000238
119089  -29.818  -64.700  -25.069 0.6000000238
18559  -29.266  -65.111  -24.942 0.6000000238
18553  -30.199  -65.123  -23.666 0.6000000238
20393  -31.952  -63.641  -23.350 0.6000000238
119694  -32.239  -63.290  -22.228 0.6000000238
20374  -32.155  -63.739  -21.289 0.6000000238
114705  -32.428  -62.874  -21.351 0.6999999881
21309  -32.584  -62.561  -20.643 0.6000000238
21303  -32.889  -62.207  -19.300 0.6000000238
22143  -33.945  -61.892  -16.774 0.5000000000
22144  -35.236  -61.258  -15.975 0.5000000000
20380  -25.797  -63.816  -22.468 0.6000000238
20381  -27.515  -63.884  -23.109 0.6000000238
20382  -28.455  -63.640  -22.809 0.6000000238
118661  -28.406  -63.896  -24.209 0.6000000238
20401  -28.842  -64.328  -25.023 0.6000000238
20392  -29.334  -63.647  -24.807 0.6000000238
20403  -30.554  -63.415  -25.045 0.6000000238
124174  -31.067  -63.610  -24.943 0.6000000238
19477  -30.437  -64.715  -24.441 0.6000000238
121575  -31.644  -63.310  -24.503 0.6000000238
20384  -32.298  -62.882  -23.021 0.6999999881
22164  -33.127  -61.607  -18.704 0.6000000238
22159  -33.459  -61.767  -17.724 0.6000000238
22145  -36.004  -61.622  -16.000 0.4000000060
20359  -26.597  -63.540  -20.924 0.6000000238
129886  -27.271  -63.747  -21.886 0.6000000238
129526  -27.952  -63.805  -22.358 0.6000000238
116113  -29.080  -63.323  -23.569 0.6000000238
21325  -29.693  -62.910  -24.306 0.5000000000
21333  -30.039  -63.140  -25.040 0.6000000238
21326  -31.847  -62.541  -24.679 0.6999999881
22175  -32.761  -61.150  -21.047 0.6000000238
21313  -32.492  -62.301  -22.323 0.6000000238
111662  -32.611  -62.018  -21.256 0.6000000238
22169  -32.794  -61.886  -20.243 0.6000000238
119913  -33.059  -60.742  -19.172 0.6000000238
23046  -34.119  -60.445  -16.729 0.6000000238
111206  -33.735  -61.069  -17.151 0.6000000238
126518  -35.909  -59.979  -15.871 0.4000000060
112050  -34.684  -60.625  -16.217 0.5000000000
20349  -26.993  -63.475  -20.040 0.5000000000
20360  -27.727  -63.636  -20.868 0.6000000238
20372  -28.308  -63.661  -21.769 0.6000000238
20373  -29.086  -63.281  -22.043 0.6000000238
21318  -29.533  -62.762  -22.981 0.5000000000
125245  -30.309  -62.319  -24.634 0.6000000238
122454  -30.930  -60.777  -24.481 0.6000000238
22193  -30.795  -61.616  -24.695 0.6999999881
22189  -32.371  -61.591  -23.917 0.6999999881
21319  -32.401  -62.217  -23.410 0.6999999881
24008  -32.734  -59.472  -21.561 0.6000000238
22180  -32.681  -61.327  -22.090 0.6999999881
23080  -32.722  -60.409  -21.862 0.6000000238
23072  -32.789  -60.269  -20.815 0.6000000238
23073  -32.881  -60.958  -20.101 0.6000000238
124432  -33.038  -60.078  -19.290 0.6000000238
23063  -33.266  -59.987  -18.607 0.6000000238
23047  -34.569  -59.899  -16.357 0.5000000000
23048  -35.273  -60.320  -15.960 0.4000000060
20350  -28.194  -63.446  -19.870 0.6000000238
20361  -28.738  -63.394  -20.933 0.5000000000
20362  -29.324  -63.024  -21.069 0.6000000238
114687  -29.582  -62.591  -21.754 0.5000000000
22179  -29.859  -61.921  -22.630 0.6000000238
23079  -29.730  -60.689  -22.438 0.5000000000
120821  -29.938  -62.113  -23.791 0.6000000238
22183  -30.010  -61.131  -23.451 0.5000000000
23092  -30.166  -60.428  -23.907 0.5000000000
24949  -31.100  -59.489  -24.017 0.5000000000
23104  -31.498  -60.525  -24.269 0.6000000238
24945  -31.354  -59.119  -23.808 0.5000000000
24037  -31.969  -59.417  -23.635 0.5000000000
24047  -32.008  -60.206  -23.886 0.6000000238
25827  -32.036  -58.002  -22.580 0.4000000060
24026  -32.661  -59.716  -22.621 0.6999999881
119053  -32.360  -58.521  -22.561 0.4000000060
24017  -32.842  -58.817  -20.910 0.5000000000
24924  -33.054  -58.370  -20.384 0.5000000000
108795  -32.951  -58.888  -20.141 0.6000000238
24918  -33.325  -58.415  -19.444 0.5000000000
127724  -33.355  -59.144  -18.728 0.6000000238
23979  -35.238  -59.336  -16.022 0.5000000000
111699  -33.039  -59.441  -19.504 0.6000000238
23995  -33.609  -59.401  -17.896 0.6000000238
23978  -34.401  -59.045  -16.617 0.6000000238
126370  -28.146  -63.258  -18.951 0.5000000000
20351  -29.178  -63.035  -20.197 0.5000000000
21308  -29.680  -62.297  -20.668 0.5000000000
22174  -29.799  -61.612  -21.559 0.4000000060
111112  -29.548  -59.781  -22.778 0.4000000060
24035  -29.755  -59.535  -23.376 0.5000000000
24036  -30.286  -59.760  -23.890 0.5000000000
128568  -29.959  -59.155  -23.604 0.5000000000
26680  -31.574  -56.754  -21.215 0.4000000060
25815  -31.808  -57.504  -21.888 0.4000000060
128553  -32.746  -56.821  -20.624 0.5000000000
24931  -32.910  -58.138  -21.025 0.5000000000
26682  -33.241  -56.910  -20.312 0.5000000000
25807  -33.248  -57.681  -20.213 0.5000000000
25798  -33.555  -57.566  -19.473 0.5000000000
128650  -34.791  -57.681  -16.700 0.5000000000
24891  -34.916  -58.384  -16.328 0.5000000000
24912  -33.708  -58.509  -18.176 0.6000000238
24901  -33.937  -58.948  -17.338 0.5000000000
24938  -29.387  -58.768  -23.132 0.4000000060
25824  -29.141  -58.069  -23.067 0.5000000000
25825  -30.095  -57.877  -23.101 0.5000000000
26687  -30.084  -57.147  -22.251 0.5000000000
26681  -32.281  -57.160  -21.122 0.4000000060
26664  -33.655  -56.878  -19.679 0.5000000000
25782  -34.512  -57.357  -17.425 0.5000000000
25771  -35.426  -57.666  -16.242 0.3000000119
119549  -33.518  -56.302  -19.966 0.5000000000
126942  -33.864  -57.154  -19.110 0.5000000000
24913  -34.037  -57.763  -17.973 0.5000000000
129864  -29.268  -57.524  -22.702 0.4000000060
26688  -31.050  -57.173  -21.832 0.4000000060
26678  -29.420  -56.320  -21.705 0.4000000060
27615  -31.798  -55.262  -20.454 0.4000000060
116858  -31.368  -55.977  -20.748 0.4000000060
27616  -32.713  -55.345  -20.235 0.4000000060
28461  -32.309  -54.437  -20.394 0.4000000060
27617  -33.610  -55.486  -20.032 0.5000000000
26647  -35.336  -55.989  -17.080 0.4000000060
125247  -35.552  -56.424  -16.588 0.4000000060
26665  -34.205  -56.527  -19.085 0.5000000000
26646  -34.771  -56.561  -17.688 0.5000000000
26671  -34.054  -56.053  -19.592 0.5000000000
126263  -34.718  -55.642  -19.061 0.5000000000
25799  -34.258  -57.069  -18.403 0.5000000000
29320  -32.697  -53.831  -20.579 0.4000000060
28462  -33.371  -54.447  -20.357 0.4000000060
27590  -35.524  -55.202  -17.664 0.4000000060
26659  -35.006  -55.814  -18.065 0.5000000000
28463  -34.273  -54.745  -20.179 0.5000000000
29321  -33.443  -53.594  -20.870 0.4000000060
28432  -35.651  -54.498  -18.381 0.4000000060
115828  -36.331  -53.677  -18.085 0.3000000119
29322  -34.312  -53.966  -20.810 0.5000000000
27619  -34.942  -54.830  -19.756 0.5000000000
27609  -35.201  -54.916  -19.036 0.5000000000
29331  -32.647  -53.201  -21.067 0.4000000060
28453  -35.508  -54.371  -19.376 0.3000000119
29313  -36.403  -53.164  -19.062 0.3000000119
110395  -34.077  -53.436  -21.430 0.4000000060
29333  -34.774  -53.569  -21.709 0.4000000060
113424  -34.897  -54.358  -20.419 0.5000000000
28464  -35.413  -54.149  -20.212 0.5000000000
107208  -33.692  -52.501  -22.431 0.4000000060
114308  -36.259  -53.271  -20.088 0.3000000119
30113  -37.090  -51.968  -19.636 0.3000000119
29324  -35.843  -53.530  -20.832 0.4000000060
29323  -35.184  -53.812  -20.959 0.4000000060
30975  -33.567  -51.704  -22.543 0.5000000000
107865  -36.362  -52.933  -20.817 0.3000000119
30124  -36.795  -52.169  -20.496 0.4000000060
30961  -37.054  -51.740  -21.182 0.4000000060
30949  -37.379  -51.437  -20.073 0.4000000060
30145  -34.519  -52.796  -23.236 0.4000000060
125075  -35.832  -53.215  -22.890 0.5000000000
29342  -36.370  -52.846  -22.801 0.4000000060
29341  -35.093  -53.357  -22.741 0.5000000000
29334  -35.525  -53.435  -21.883 0.5000000000
30960  -36.838  -52.187  -22.394 0.4000000060
121267  -37.251  -51.447  -21.883 0.4000000060
31789  -37.676  -50.787  -20.799 0.3000000119
128528  -34.087  -52.302  -22.982 0.5000000000
30149  -35.079  -52.524  -23.813 0.5000000000
31833  -36.858  -50.579  -25.202 0.4000000060
32595  -37.462  -50.209  -24.960 0.3000000119
31819  -34.256  -51.329  -22.585 0.5000000000
31832  -36.380  -50.745  -25.050 0.4000000060
30985  -36.843  -51.737  -24.094 0.4000000060
31828  -37.110  -50.939  -24.530 0.4000000060
32587  -37.778  -50.286  -23.917 0.4000000060
31822  -37.968  -50.091  -22.556 0.3000000119
112769  -35.730  -52.421  -24.090 0.5000000000
30984  -36.311  -52.161  -24.240 0.5000000000
31820  -34.984  -51.510  -23.434 0.5000000000
31837  -36.592  -50.095  -25.562 0.4000000060
32603  -37.147  -49.875  -25.591 0.4000000060
31804  -34.187  -50.511  -21.961 0.5000000000
32596  -38.064  -49.572  -24.284 0.3000000119
31805  -34.873  -50.741  -22.314 0.5000000000
32585  -35.472  -50.725  -23.292 0.5000000000
32593  -35.853  -50.529  -24.506 0.5000000000
30983  -36.034  -51.624  -24.562 0.5000000000
30977  -35.337  -52.025  -24.077 0.5000000000
33528  -36.621  -48.909  -25.658 0.4000000060
32572  -33.972  -49.683  -21.522 0.5000000000
32575  -36.085  -49.391  -21.964 0.5000000000
33529  -36.933  -48.660  -25.724 0.3000000119
32604  -37.701  -49.396  -25.149 0.3000000119
32573  -34.849  -49.990  -21.475 0.5000000000
33495  -35.538  -49.304  -21.093 0.5000000000
32574  -35.526  -50.063  -22.052 0.5000000000
20322  -33.267  -63.275  -17.681 0.6000000238
115210  -35.107  -62.874  -16.019 0.5000000000
18543  -30.519  -65.195  -22.514 0.6000000238
21335  -31.407  -62.133  -24.883 0.6999999881
114275  -33.351  -60.897  -18.147 0.6000000238
22195  -31.973  -61.779  -24.560 0.6999999881
23058  -33.635  -60.231  -17.569 0.6000000238
23086  -32.710  -60.599  -22.998 0.6999999881
126576  -32.613  -59.054  -22.388 0.5000000000
24944  -30.626  -59.207  -23.859 0.5000000000
25826  -31.211  -57.749  -22.784 0.5000000000
109472  -32.401  -59.126  -23.100 0.4000000060
25792  -33.738  -57.736  -18.765 0.5000000000
24902  -34.265  -58.221  -17.166 0.5000000000
27627  -32.208  -56.244  -20.588 0.4000000060
26670  -33.020  -56.197  -20.264 0.5000000000
26679  -30.568  -56.329  -21.303 0.4000000060
28454  -35.904  -53.779  -19.789 0.4000000060
31806  -37.574  -50.769  -22.090 0.3000000119
32586  -36.011  -49.733  -23.309 0.5000000000
14930  -27.643  -69.859  -15.368 0.5000000000
14932  -29.386  -69.998  -15.598 0.5000000000
14931  -28.602  -70.106  -15.392 0.5000000000
14964  -32.945  -69.650  -17.134 0.5000000000
14133  -31.362  -70.453  -16.584 0.5000000000
14132  -30.618  -70.834  -16.306 0.4000000060
15748  -27.809  -68.615  -16.365 0.5000000000
115318  -29.871  -69.379  -15.809 0.6000000238
129034  -29.363  -68.929  -15.934 0.6000000238
14946  -31.490  -69.549  -16.208 0.5000000000
14945  -30.713  -69.900  -15.991 0.5000000000
15778  -34.471  -68.643  -18.137 0.4000000060
16663  -25.685  -67.726  -18.382 0.6999999881
16646  -26.296  -67.847  -17.871 0.6999999881
15765  -28.277  -68.090  -16.919 0.6999999881
15750  -29.737  -68.473  -16.205 0.5000000000
15749  -28.790  -68.662  -16.228 0.6999999881
14948  -33.122  -68.979  -16.658 0.5000000000
15753  -32.741  -68.301  -16.157 0.5000000000
125920  -30.728  -68.853  -15.923 0.5000000000
16667  -34.884  -67.958  -17.727 0.5000000000
14965  -33.729  -69.077  -17.465 0.5000000000
123137  -23.665  -67.954  -20.747 0.5000000000
16686  -23.902  -68.071  -19.816 0.6999999881
16677  -24.630  -67.624  -19.514 0.6999999881
16662  -24.924  -67.821  -18.790 0.6999999881
16679  -26.293  -67.133  -19.003 0.6999999881
15764  -27.419  -68.110  -17.083 0.6000000238
114889  -30.549  -67.860  -16.286 0.6999999881
16634  -29.091  -67.993  -16.838 0.6000000238
15755  -33.981  -67.823  -16.490 0.5000000000
120671  -32.257  -67.507  -15.894 0.6000000238
16636  -31.409  -67.577  -16.048 0.6000000238
16650  -34.596  -67.596  -16.846 0.5000000000
17585  -35.827  -66.787  -18.016 0.5000000000
128895  -24.079  -67.528  -21.205 0.5000000000
16687  -24.336  -67.512  -20.399 0.6999999881
16664  -26.470  -67.505  -18.335 0.6999999881
16680  -27.172  -66.840  -19.283 0.6999999881
17599  -26.557  -66.756  -19.782 0.6999999881
115322  -28.647  -67.679  -17.439 0.8000000119
16666  -28.551  -67.270  -18.180 0.6999999881
17535  -31.727  -66.836  -16.123 0.6000000238
16635  -30.173  -67.249  -16.993 0.6999999881
16637  -33.248  -67.494  -16.024 0.6999999881
17536  -32.621  -66.744  -15.932 0.6000000238
16651  -35.255  -67.225  -17.331 0.6000000238
16639  -34.850  -66.840  -16.506 0.6000000238
17564  -36.131  -65.892  -17.550 0.6000000238
15825  -22.837  -68.286  -23.440 0.5000000000
16725  -24.139  -67.821  -24.093 0.6000000238
16716  -23.635  -67.990  -23.107 0.5000000000
16702  -24.216  -67.465  -22.134 0.6000000238
112687  -24.700  -67.154  -21.217 0.6000000238
17619  -25.989  -66.730  -20.365 0.6999999881
111588  -27.345  -66.529  -19.990 0.6999999881
17620  -26.763  -66.522  -20.539 0.6000000238
17580  -27.946  -66.947  -18.888 0.6999999881
17600  -28.496  -66.534  -19.461 0.6999999881
17559  -29.967  -66.919  -17.717 0.6999999881
18457  -33.829  -65.813  -16.061 0.6999999881
17563  -35.570  -66.359  -16.876 0.6999999881
17539  -35.015  -66.188  -16.272 0.6999999881
108352  -23.710  -67.691  -24.310 0.5000000000
17652  -25.036  -67.350  -24.177 0.6000000238
17640  -25.136  -67.114  -22.508 0.6000000238
112167  -26.233  -66.574  -21.068 0.6000000238
17581  -28.741  -66.796  -18.853 0.8000000119
18503  -29.938  -65.904  -19.754 0.5000000000
17622  -28.515  -66.041  -20.779 0.6000000238
17560  -30.588  -66.665  -17.357 0.6999999881
17584  -30.975  -66.070  -17.870 0.6999999881
19400  -34.082  -65.015  -16.204 0.6999999881
18473  -33.275  -65.243  -16.464 0.6999999881
18475  -36.385  -65.134  -17.260 0.5000000000
118249  -35.509  -65.113  -16.236 0.6999999881
20311  -36.259  -63.875  -16.484 0.5000000000
17660  -23.003  -67.143  -24.039 0.5000000000
17661  -23.886  -66.926  -24.484 0.5000000000
17669  -24.707  -66.747  -24.718 0.6000000238
17662  -24.498  -67.355  -24.564 0.6000000238
17663  -25.853  -66.850  -24.667 0.6000000238
17653  -26.018  -66.874  -23.504 0.6000000238
17664  -26.508  -66.477  -24.368 0.6000000238
120888  -26.885  -66.403  -22.301 0.6000000238
17655  -27.479  -66.107  -22.857 0.6000000238
18504  -31.250  -65.275  -19.454 0.6000000238
117087  -30.673  -65.512  -19.832 0.5000000000
18532  -28.319  -65.849  -22.335 0.5000000000
18486  -32.147  -65.116  -17.946 0.6000000238
18485  -31.428  -65.477  -18.444 0.6000000238
112229  -34.041  -64.179  -16.438 0.6000000238
19407  -32.848  -64.655  -17.354 0.6000000238
20310  -35.475  -63.729  -16.071 0.5000000000
18546  -23.265  -65.920  -23.785 0.5000000000
18547  -24.112  -65.857  -24.123 0.6000000238
17670  -25.918  -66.593  -24.755 0.6000000238
122916  -29.201  -65.841  -20.885 0.5000000000
107422  -29.144  -65.632  -22.254 0.5000000000
19420  -31.827  -64.862  -18.964 0.4000000060
19448  -31.673  -64.695  -19.973 0.5000000000
18521  -30.378  -65.513  -20.598 0.5000000000
20308  -33.790  -63.373  -16.799 0.6000000238
18538  -22.832  -64.974  -22.770 0.5000000000
18539  -23.640  -64.947  -23.283 0.6000000238
19466  -24.414  -64.934  -23.608 0.6000000238
18548  -24.929  -65.784  -24.420 0.6000000238
19438  -32.155  -64.200  -19.394 0.5000000000
19449  -32.102  -64.030  -20.346 0.4000000060
19457  -22.940  -64.464  -22.011 0.5000000000
19458  -23.548  -64.349  -22.331 0.5000000000
19460  -24.738  -64.319  -22.972 0.6000000238
19468  -26.117  -64.730  -24.221 0.6000000238
19452  -22.780  -64.532  -21.372 0.5000000000
19453  -23.388  -64.188  -21.507 0.5000000000
20368  -23.893  -63.946  -21.679 0.6000000238
20389  -25.548  -64.198  -23.207 0.6000000238
19435  -22.887  -64.835  -20.027 0.5000000000
19447  -23.312  -64.301  -20.674 0.5000000000
20357  -23.877  -63.778  -21.029 0.5000000000
114022  -24.932  -63.471  -20.946 0.6000000238
20379  -24.984  -63.864  -22.297 0.6000000238
19436  -23.629  -64.348  -19.789 0.5000000000
20346  -24.042  -63.836  -20.263 0.5000000000
19404  -23.767  -64.942  -18.502 0.5000000000
20371  -26.134  -63.614  -21.730 0.5000000000
19437  -24.286  -63.895  -19.531 0.5000000000
20358  -24.473  -63.545  -20.605 0.5000000000
18470  -24.074  -65.313  -17.674 0.5000000000
19405  -24.329  -64.500  -18.412 0.5000000000
20347  -24.605  -63.464  -19.834 0.5000000000
108393  -25.612  -63.438  -20.919 0.4000000060
119683  -24.707  -64.546  -17.821 0.5000000000
20336  -24.763  -63.461  -19.109 0.5000000000
21297  -25.774  -62.875  -18.852 0.4000000060
21306  -25.577  -63.094  -19.563 0.4000000060
20318  -24.940  -63.800  -18.346 0.4000000060
21285  -25.789  -62.871  -18.218 0.4000000060
125252  -26.539  -62.976  -18.734 0.4000000060
19421  -32.393  -64.403  -18.449 0.6000000238
20309  -34.578  -63.567  -16.201 0.5000000000
21275  -36.597  -62.908  -16.726 0.4000000060
18533  -28.873  -65.807  -21.499 0.6000000238
21298  -26.282  -63.101  -19.406 0.4000000060
21299  -27.275  -63.306  -19.171 0.4000000060
16647  -27.053  -67.657  -17.846 0.6999999881
17583  -30.258  -66.449  -18.223 0.6999999881
18456  -32.959  -65.982  -16.165 0.6999999881
17562  -32.114  -66.153  -16.475 0.6999999881
17623  -29.041  -66.124  -20.116 0.6000000238
17641  -26.860  -66.397  -21.387 0.6000000238
18458  -34.722  -65.540  -16.104 0.6999999881
18484  -30.650  -65.864  -18.948 0.6999999881
18471  -31.717  -65.734  -17.387 0.6999999881
19401  -34.896  -64.521  -16.041 0.6000000238
19402  -35.711  -64.430  -16.192 0.6000000238
14114  -30.010  -70.342  -15.798 0.5000000000
14134  -32.179  -70.085  -16.799 0.5000000000
14929  -26.666  -69.756  -15.482 0.5000000000
14942  -27.293  -69.172  -15.891 0.5000000000
14943  -28.187  -69.234  -15.747 0.6000000238
14944  -29.034  -69.353  -15.737 0.6000000238
14947  -32.299  -69.117  -16.350 0.5000000000
15751  -31.213  -68.235  -16.011 0.5000000000
15752  -31.888  -68.235  -15.946 0.6000000238
15754  -33.558  -68.382  -16.589 0.5000000000
15762  -25.776  -68.273  -17.553 0.6999999881
15763  -26.587  -68.187  -17.271 0.6000000238
15766  -34.257  -68.306  -17.169 0.5000000000
15776  -24.235  -68.222  -18.937 0.6999999881
16638  -34.099  -67.131  -16.182 0.6000000238
16648  -27.932  -67.672  -17.624 0.8000000119
16649  -29.377  -67.402  -17.511 0.6999999881
16665  -27.098  -67.221  -18.597 0.6999999881
16678  -25.387  -67.331  -19.215 0.6999999881
16701  -23.579  -67.904  -21.785 0.5000000000
16717  -24.420  -67.608  -23.296 0.6000000238
16724  -23.459  -68.037  -23.935 0.5000000000
17534  -30.933  -67.045  -16.520 0.6999999881
17537  -33.513  -66.593  -15.982 0.6999999881
17538  -34.330  -66.347  -16.099 0.6999999881
17561  -31.328  -66.394  -16.909 0.6999999881
17582  -29.442  -66.808  -18.407 0.6999999881
17598  -25.851  -66.958  -19.672 0.6999999881
17601  -29.273  -66.429  -19.270 0.5000000000
17602  -29.926  -66.322  -18.947 0.6999999881
17618  -25.523  -66.805  -21.185 0.6000000238
17621  -27.624  -66.257  -20.822 0.6000000238
17642  -27.561  -66.166  -21.798 0.5000000000
17643  -28.185  -66.010  -21.406 0.6000000238
17654  -26.769  -66.426  -23.297 0.6000000238
17671  -26.418  -66.346  -24.791 0.6000000238
17672  -26.849  -66.069  -24.712 0.6999999881
18459  -35.385  -65.760  -16.373 0.6999999881
18460  -36.131  -64.770  -16.589 0.6999999881
18472  -32.473  -65.434  -16.893 0.6999999881
18474  -35.913  -65.527  -16.736 0.6999999881
18522  -31.106  -65.148  -20.422 0.5000000000
18540  -28.042  -65.754  -23.627 0.6999999881
18549  -25.868  -65.786  -24.696 0.6000000238
18552  -29.445  -65.253  -24.021 0.6000000238
18558  -28.451  -65.187  -24.986 0.6000000238
18560  -29.866  -65.048  -24.617 0.6000000238
19409  -36.584  -64.390  -17.151 0.5000000000
19418  -23.951  -64.420  -19.055 0.5000000000
19419  -24.477  -63.981  -18.927 0.5000000000
19446  -22.486  -64.791  -20.752 0.5000000000
19459  -24.267  -64.042  -22.219 0.6000000238
19467  -25.236  -64.868  -23.905 0.6000000238
19473  -26.861  -65.408  -24.760 0.6999999881
19474  -27.578  -64.839  -24.870 0.6000000238
19475  -28.310  -64.851  -25.072 0.6000000238
19478  -31.223  -64.159  -24.210 0.6000000238
20321  -32.899  -63.887  -18.019 0.6000000238
20337  -25.305  -63.127  -18.621 0.4000000060
20348  -25.129  -63.123  -19.346 0.4000000060
20352  -32.442  -63.490  -19.696 0.5000000000
20369  -24.479  -63.678  -21.464 0.6000000238
20370  -25.266  -63.603  -21.625 0.5000000000
20383  -31.848  -64.129  -22.214 0.5000000000
20394  -32.140  -62.834  -23.928 0.6999999881
20402  -29.733  -64.057  -25.093 0.6000000238
20404  -31.261  -62.944  -24.998 0.6999999881
21253  -35.580  -62.177  -15.992 0.5000000000
21300  -28.937  -63.041  -19.246 0.5000000000
21302  -32.662  -62.740  -19.918 0.6000000238
21307  -25.970  -63.270  -20.166 0.5000000000
21327  -32.176  -62.185  -24.169 0.6999999881
21334  -30.718  -62.576  -25.001 0.6999999881
22170  -32.955  -61.487  -19.501 0.6000000238
22184  -32.637  -61.489  -23.106 0.6999999881
22188  -30.296  -61.400  -24.251 0.5000000000
22194  -31.495  -61.309  -24.628 0.6000000238
23085  -29.846  -60.242  -23.262 0.4000000060
23093  -32.425  -60.533  -23.710 0.6000000238
23103  -30.536  -60.366  -24.175 0.5000000000
23105  -32.115  -60.989  -24.189 0.6000000238
23986  -33.982  -59.643  -17.033 0.6000000238
24009  -32.839  -59.496  -20.468 0.6000000238
24045  -30.897  -59.960  -24.175 0.5000000000
24046  -31.480  -59.775  -23.990 0.5000000000
24939  -31.836  -58.566  -23.266 0.4000000060
25772  -35.954  -56.856  -16.217 0.3000000119
25783  -35.109  -56.892  -16.749 0.4000000060
25816  -32.461  -57.912  -21.737 0.4000000060
25817  -32.822  -57.464  -20.842 0.5000000000
25832  -29.982  -58.578  -23.454 0.5000000000
25833  -30.898  -58.450  -23.528 0.5000000000
26658  -34.593  -56.328  -18.495 0.5000000000
27604  -35.238  -55.230  -18.466 0.5000000000
27618  -34.338  -55.365  -19.734 0.5000000000
28448  -35.924  -53.874  -18.907 0.3000000119
29332  -33.513  -53.015  -21.609 0.4000000060
29335  -36.107  -53.168  -21.898 0.4000000060
29340  -34.279  -53.167  -22.286 0.4000000060
29345  -35.414  -52.993  -23.577 0.5000000000
30123  -36.631  -52.613  -19.816 0.4000000060
30137  -36.582  -52.575  -21.646 0.4000000060
30146  -36.088  -52.790  -23.673 0.5000000000
30976  -34.528  -52.115  -23.350 0.5000000000
30978  -36.594  -52.370  -23.528 0.4000000060
30979  -37.124  -51.669  -22.972 0.4000000060
30989  -36.549  -51.321  -24.645 0.4000000060
31821  -37.422  -50.979  -23.431 0.4000000060
31827  -35.663  -51.349  -24.300 0.5000000000
32588  -38.309  -49.405  -23.017 0.3000000119
32609  -36.799  -49.381  -25.733 0.4000000060
33520  -36.409  -48.725  -25.293 0.4000000060
33521  -37.371  -48.882  -25.571 0.3000000119
107349  -27.715  -67.359  -18.247 0.6999999881
110186  -32.904  -60.159  -19.886 0.6000000238
111057  -25.261  -67.080  -24.868 0.6000000238
111083  -31.475  -64.347  -23.076 0.5000000000
111899  -35.955  -62.987  -16.167 0.5000000000
113309  -25.121  -63.280  -20.184 0.4000000060
116824  -32.559  -61.007  -23.681 0.6999999881
117196  -28.138  -66.309  -20.094 0.6999999881
117485  -25.371  -66.560  -24.788 0.6000000238
117912  -32.442  -59.893  -23.417 0.4000000060
118320  -32.655  -58.641  -21.736 0.5000000000
118654  -36.380  -49.529  -25.612 0.4000000060
119121  -29.755  -67.756  -16.725 0.6000000238
119178  -34.708  -62.018  -16.156 0.5000000000
119653  -30.484  -64.143  -25.051 0.6000000238
120349  -29.685  -65.768  -20.572 0.5000000000
121128  -27.824  -66.623  -19.538 0.6999999881
123086  -24.092  -64.453  -22.850 0.6000000238
123793  -32.923  -63.274  -18.427 0.6000000238
123877  -25.151  -67.058  -20.173 0.6999999881
123881  -34.358  -61.213  -16.409 0.5000000000
124178  -33.523  -64.614  -16.634 0.6000000238
125209  -26.140  -66.634  -22.054 0.6000000238
126687  -26.594  -63.812  -22.540 0.6000000238
128167  -30.534  -60.918  -24.330 0.6000000238
128727  -31.608  -64.581  -21.139 0.5000000000
129865  -26.459  -66.591  -22.746 0.6000000238
129896  -31.515  -68.778  -16.029 0.5000000000
