#!ascii label  , from subject sub-v1s12x0050113_ses-1 vox2ras=TkReg
1674
120725  -30.755  -55.158  -20.774 0.5000000000
27626  -29.736  -55.459  -21.274 0.6000000238
120583  -29.883  -54.615  -21.130 0.6000000238
30135  -31.765  -52.800  -21.406 0.6000000238
28471  -30.595  -53.948  -20.940 0.5000000000
119963  -29.105  -54.703  -21.282 0.6999999881
27625  -28.781  -55.571  -21.487 0.6999999881
29330  -30.049  -53.027  -21.598 0.6999999881
114822  -30.962  -53.153  -21.276 0.6999999881
30134  -30.832  -52.453  -21.796 0.6999999881
30144  -32.907  -51.931  -22.148 0.5000000000
121592  -31.782  -51.955  -22.009 0.6999999881
30136  -32.747  -52.490  -21.712 0.5000000000
21201  -27.383  -62.616  -12.765 0.5000000000
28469  -28.919  -54.014  -21.157 0.6999999881
29329  -29.320  -53.184  -21.345 0.6999999881
30133  -29.604  -52.405  -21.689 0.6999999881
30143  -30.669  -51.727  -22.174 0.6999999881
115452  -30.186  -52.179  -21.955 0.6999999881
30142  -29.913  -51.639  -22.004 0.6999999881
127751  -32.782  -50.983  -22.464 0.6000000238
26644  -29.681  -56.389  -18.110 0.6999999881
27603  -29.074  -55.933  -18.645 0.6999999881
28468  -28.626  -54.262  -20.894 0.6999999881
28459  -28.469  -54.384  -20.493 0.6999999881
21183  -26.979  -61.754  -11.859 0.6000000238
20264  -25.492  -63.574  -12.338 0.4000000060
29328  -29.004  -53.443  -21.043 0.6999999881
30973  -31.389  -51.184  -22.420 0.6999999881
31817  -32.002  -50.678  -22.549 0.6999999881
31816  -31.167  -50.422  -22.524 0.6999999881
31818  -33.430  -50.853  -22.318 0.6000000238
26636  -30.780  -56.476  -16.973 0.6999999881
26645  -30.263  -56.872  -17.545 0.6999999881
27588  -29.731  -55.578  -18.127 0.6999999881
27589  -30.274  -56.011  -17.537 0.6999999881
22969  -28.325  -60.934  -11.978 0.6000000238
110568  -29.227  -55.254  -18.638 0.6999999881
29312  -28.758  -53.820  -20.105 0.6999999881
27602  -28.601  -55.344  -19.325 0.6999999881
28446  -29.745  -54.772  -18.286 0.6999999881
28430  -30.460  -55.067  -17.598 0.6999999881
22064  -25.102  -61.793  -11.942 0.5000000000
21182  -26.096  -62.027  -11.820 0.5000000000
114859  -29.545  -51.979  -21.572 0.6999999881
30132  -29.299  -52.686  -21.279 0.6999999881
28447  -30.293  -54.117  -17.883 0.6999999881
115815  -25.347  -62.638  -12.099 0.4000000060
30972  -30.531  -51.011  -22.301 0.6999999881
30121  -29.044  -53.008  -20.900 0.6999999881
29306  -29.154  -53.925  -19.322 0.6999999881
29307  -29.646  -53.997  -18.545 0.6999999881
113186  -23.899  -63.385  -12.391 0.4000000060
30122  -29.277  -52.282  -20.984 0.6999999881
112806  -29.655  -53.309  -18.944 0.6999999881
29308  -30.193  -53.341  -18.233 0.6999999881
30971  -30.100  -50.881  -22.038 0.6999999881
30934  -30.332  -51.505  -19.950 0.6999999881
30111  -30.279  -52.081  -19.187 0.6999999881
110542  -31.784  -49.927  -22.586 0.6999999881
126327  -30.011  -51.215  -20.804 0.6999999881
32584  -33.237  -50.010  -22.137 0.6000000238
117462  -31.683  -49.232  -22.533 0.6999999881
32582  -30.984  -49.507  -22.457 0.6999999881
129014  -34.571  -47.726  -20.024 0.5000000000
33494  -34.589  -49.220  -20.927 0.5000000000
33497  -36.990  -48.191  -21.958 0.4000000060
33496  -36.401  -48.785  -21.400 0.5000000000
28420  -31.626  -54.688  -16.615 0.6999999881
23897  -28.102  -59.680  -11.548 0.6000000238
28452  -28.621  -54.498  -19.734 0.6999999881
22053  -26.474  -61.219  -11.665 0.5000000000
28431  -31.082  -54.239  -17.214 0.6999999881
31803  -30.068  -50.754  -21.755 0.6999999881
30933  -29.626  -51.880  -20.656 0.6999999881
31815  -30.504  -50.271  -22.265 0.6999999881
31787  -30.213  -50.488  -21.248 0.6999999881
34460  -32.622  -47.356  -21.355 0.6999999881
32583  -32.373  -49.535  -22.410 0.6999999881
125871  -33.265  -48.021  -21.174 0.6999999881
33492  -32.496  -48.182  -21.782 0.6999999881
34451  -33.523  -47.524  -20.687 0.6999999881
127834  -32.251  -57.444  -12.938 0.6999999881
25749  -32.427  -57.107  -13.460 0.6999999881
110804  -32.794  -56.355  -13.828 0.8000000119
26629  -32.563  -56.186  -14.776 0.8000000119
114206  -31.336  -58.456  -12.399 0.6000000238
25735  -31.915  -57.753  -12.544 0.6000000238
25736  -32.289  -56.948  -12.600 0.6000000238
124293  -32.683  -55.454  -15.253 0.8000000119
24835  -31.239  -57.765  -11.931 0.6000000238
25714  -30.415  -57.669  -11.644 0.6000000238
27577  -32.128  -55.109  -16.012 0.6999999881
113315  -29.315  -59.058  -11.634 0.6000000238
24834  -29.728  -58.270  -11.638 0.6000000238
110322  -28.590  -59.135  -11.587 0.6000000238
22948  -26.130  -60.668  -11.656 0.5000000000
23895  -26.229  -60.045  -11.699 0.6000000238
120195  -31.757  -54.022  -16.706 0.6999999881
29291  -30.799  -53.380  -17.588 0.6999999881
31814  -30.224  -50.287  -21.996 0.6999999881
30100  -30.195  -52.672  -18.652 0.6999999881
34459  -31.609  -47.374  -21.764 0.8000000119
34467  -31.633  -48.134  -22.140 0.6999999881
32570  -30.293  -49.939  -21.749 0.6999999881
30922  -30.769  -51.325  -18.946 0.6999999881
35392  -32.037  -46.638  -21.328 0.8000000119
33503  -30.679  -48.699  -22.073 0.6999999881
32559  -30.459  -49.338  -21.292 0.6999999881
34452  -35.559  -48.096  -19.972 0.5000000000
34461  -36.794  -48.166  -20.862 0.5000000000
34454  -37.200  -47.459  -20.420 0.5000000000
34462  -37.383  -47.614  -21.520 0.4000000060
122622  -32.184  -56.592  -12.153 0.6000000238
26616  -32.660  -56.471  -13.066 0.6999999881
27539  -33.386  -54.892  -13.514 0.8000000119
27554  -33.125  -55.506  -14.253 0.8999999762
26601  -31.785  -56.996  -11.942 0.6000000238
28399  -33.470  -54.645  -14.344 0.8000000119
28398  -33.176  -54.964  -14.933 0.8000000119
29280  -32.961  -53.965  -15.849 0.8000000119
25713  -29.627  -57.381  -11.592 0.6000000238
24833  -28.791  -58.466  -11.657 0.6000000238
28421  -32.283  -54.337  -16.242 0.8000000119
22968  -25.521  -60.399  -11.846 0.6000000238
23896  -27.109  -59.673  -11.620 0.6000000238
24832  -27.868  -58.821  -11.711 0.6000000238
29279  -32.353  -53.479  -16.463 0.6999999881
22967  -24.849  -60.917  -12.032 0.5000000000
30899  -31.641  -52.082  -17.236 0.6999999881
30079  -31.966  -52.667  -16.871 0.6999999881
22063  -24.174  -61.627  -12.448 0.5000000000
108986  -31.119  -51.947  -17.700 0.6999999881
30088  -30.655  -52.633  -17.943 0.6999999881
34466  -31.014  -47.929  -22.042 0.8000000119
32571  -30.407  -49.183  -21.808 0.6999999881
31788  -30.664  -49.966  -20.700 0.6999999881
109802  -30.861  -50.828  -19.601 0.6999999881
34465  -30.651  -47.846  -21.674 0.6999999881
33489  -36.002  -48.577  -20.485 0.5000000000
26577  -32.016  -56.224  -11.851 0.6999999881
28352  -32.608  -54.826  -12.094 0.6999999881
27517  -32.759  -55.428  -12.431 0.6999999881
27518  -33.128  -54.874  -12.687 0.8000000119
28389  -33.667  -54.265  -13.770 0.8000000119
26576  -31.253  -56.324  -11.562 0.6999999881
29245  -34.227  -53.070  -14.083 0.8000000119
127819  -30.194  -57.036  -11.525 0.6000000238
28410  -33.381  -54.310  -15.126 0.8000000119
25712  -29.028  -57.758  -11.692 0.6000000238
29267  -33.598  -53.543  -15.397 0.6999999881
23920  -26.319  -59.385  -11.901 0.6000000238
24831  -26.870  -58.803  -11.987 0.6000000238
30080  -32.833  -52.646  -16.428 0.8000000119
29281  -33.712  -52.664  -15.789 0.6999999881
23919  -25.594  -59.641  -12.048 0.6000000238
108321  -33.356  -51.908  -16.377 0.8000000119
22078  -23.410  -61.200  -12.970 0.4000000060
30912  -30.680  -51.954  -18.364 0.6999999881
30923  -31.207  -51.116  -18.076 0.6999999881
30900  -32.380  -51.802  -16.864 0.6999999881
21217  -22.479  -62.230  -13.153 0.4000000060
30913  -31.675  -51.405  -17.419 0.6999999881
34458  -30.862  -47.213  -21.589 0.8000000119
33491  -30.471  -48.491  -21.568 0.8000000119
31762  -31.289  -50.388  -18.888 0.6999999881
31775  -31.139  -50.123  -19.939 0.6999999881
35393  -32.899  -46.776  -20.831 0.8000000119
35382  -33.740  -46.892  -20.146 0.6999999881
35383  -34.533  -46.862  -19.615 0.5000000000
35386  -37.671  -46.575  -20.007 0.5000000000
34453  -36.337  -47.856  -20.018 0.5000000000
112266  -37.854  -47.005  -21.119 0.4000000060
28351  -31.957  -54.828  -11.660 0.6000000238
118680  -32.331  -54.247  -11.775 0.6999999881
28374  -33.503  -54.209  -13.037 0.8000000119
29244  -33.873  -53.643  -13.546 0.8000000119
123529  -30.376  -56.424  -11.508 0.6999999881
116993  -29.633  -56.622  -11.621 0.6999999881
30060  -34.209  -53.030  -14.963 0.8000000119
26574  -28.848  -56.959  -11.884 0.6000000238
110070  -28.099  -57.003  -12.314 0.6000000238
30070  -34.372  -52.225  -15.239 0.8000000119
30892  -34.089  -51.818  -15.860 0.8000000119
24848  -25.879  -58.794  -12.397 0.6000000238
107985  -26.651  -57.987  -12.641 0.6000000238
107343  -33.088  -51.090  -16.684 0.8999999762
32519  -32.209  -50.056  -17.499 0.8000000119
31741  -32.908  -50.185  -16.933 0.8000000119
22966  -24.072  -60.589  -12.500 0.5000000000
125971  -32.089  -49.188  -17.988 0.8000000119
112531  -31.747  -50.719  -17.615 0.6999999881
22989  -23.338  -60.222  -13.174 0.4000000060
36333  -31.557  -46.052  -21.014 0.8000000119
34457  -30.510  -47.261  -21.274 0.8000000119
33472  -30.806  -48.055  -20.325 0.8000000119
116443  -31.674  -49.622  -18.549 0.6999999881
35381  -32.399  -46.124  -20.770 0.8000000119
33486  -30.478  -48.346  -21.002 0.8000000119
32549  -31.447  -49.462  -19.349 0.6999999881
34450  -30.487  -47.561  -20.870 0.8000000119
36325  -32.874  -45.637  -20.154 0.8000000119
120683  -30.528  -46.872  -20.744 0.8000000119
35372  -35.015  -46.225  -19.252 0.6000000238
36326  -33.900  -46.048  -19.682 0.6000000238
35385  -36.682  -47.006  -19.616 0.5000000000
29200  -31.631  -54.081  -11.585 0.6000000238
29222  -33.545  -53.413  -12.743 0.6999999881
27492  -30.524  -55.552  -11.503 0.6000000238
30027  -33.586  -52.605  -12.582 0.6999999881
128783  -34.439  -51.926  -13.533 0.6999999881
26600  -29.115  -56.047  -11.871 0.6000000238
28349  -30.133  -54.630  -11.667 0.6000000238
124454  -31.374  -53.396  -11.578 0.6000000238
27516  -28.663  -55.257  -12.305 0.6000000238
30884  -34.773  -51.691  -14.754 0.8000000119
25733  -27.487  -57.452  -12.501 0.6000000238
26599  -28.344  -56.241  -12.336 0.6000000238
114221  -34.700  -51.830  -13.986 0.6999999881
30893  -34.547  -51.560  -15.382 0.8000000119
24847  -25.120  -58.514  -12.912 0.3000000119
32508  -33.489  -49.505  -16.685 0.8000000119
31742  -33.821  -50.455  -16.395 0.8000000119
32507  -32.763  -49.148  -17.272 0.8000000119
33442  -31.973  -48.163  -18.297 0.8000000119
35390  -30.647  -46.513  -21.102 0.8000000119
33473  -31.365  -48.565  -19.566 0.8000000119
31751  -31.666  -50.193  -18.048 0.6999999881
34445  -31.190  -47.697  -19.564 0.8000000119
115449  -30.593  -46.603  -20.170 0.8000000119
126458  -33.151  -46.295  -20.338 0.6999999881
36311  -35.652  -45.362  -19.131 0.6000000238
36327  -38.891  -45.434  -20.544 0.3000000119
30013  -32.416  -52.515  -11.718 0.6000000238
30026  -33.103  -52.216  -12.038 0.6999999881
110630  -33.922  -51.386  -12.610 0.6999999881
28397  -26.509  -54.458  -13.994 0.5000000000
29198  -29.774  -53.875  -11.909 0.6000000238
30872  -34.533  -51.392  -13.351 0.6999999881
25747  -26.878  -57.102  -13.020 0.5000000000
28372  -29.296  -54.531  -12.040 0.6000000238
31723  -35.076  -51.036  -14.145 0.6999999881
25745  -25.393  -57.618  -13.640 0.3000000119
31724  -35.370  -50.252  -14.641 0.8000000119
33409  -35.471  -48.897  -15.515 0.8000000119
125154  -34.660  -50.327  -15.795 0.8000000119
33423  -32.939  -48.144  -17.122 0.8999999762
113114  -33.983  -48.860  -16.502 0.8999999762
32509  -34.324  -49.625  -16.232 0.8000000119
33408  -34.830  -48.919  -16.123 0.8000000119
23917  -24.119  -59.666  -12.650 0.4000000060
33443  -32.419  -48.209  -17.643 0.8999999762
124849  -33.308  -48.748  -16.852 0.8999999762
36323  -31.112  -45.502  -20.725 0.8000000119
36332  -30.968  -46.057  -21.035 0.8000000119
33458  -31.624  -48.121  -18.969 0.8000000119
36324  -31.925  -45.448  -20.616 0.8000000119
36309  -33.476  -45.030  -19.543 0.6999999881
36310  -34.535  -45.280  -19.252 0.6000000238
127139  -37.055  -44.359  -19.342 0.6000000238
36313  -37.669  -45.702  -19.579 0.6000000238
30843  -31.782  -51.995  -11.650 0.6000000238
30854  -32.485  -51.705  -11.756 0.6000000238
30855  -33.229  -51.463  -12.077 0.6999999881
30011  -30.752  -52.945  -11.706 0.6000000238
31691  -33.512  -50.648  -12.179 0.6999999881
29220  -30.123  -53.276  -11.886 0.6000000238
31692  -34.331  -50.707  -12.781 0.8000000119
26615  -27.063  -55.950  -13.313 0.6000000238
28370  -27.947  -54.759  -12.842 0.5000000000
111746  -29.143  -53.862  -12.238 0.6000000238
31706  -34.843  -50.655  -13.401 0.6999999881
32489  -35.600  -49.495  -14.284 0.8000000119
26613  -25.805  -57.018  -13.867 0.4000000060
24861  -25.738  -58.051  -13.010 0.4000000060
127349  -35.194  -50.164  -15.297 0.8000000119
33424  -33.573  -48.114  -16.703 0.8000000119
33426  -35.298  -48.177  -15.975 0.8000000119
34416  -32.021  -47.359  -17.855 0.8999999762
34400  -33.133  -47.362  -16.865 0.8000000119
33425  -34.428  -48.175  -16.380 0.8000000119
34417  -32.539  -47.367  -17.303 0.8000000119
35371  -30.569  -46.175  -20.445 0.8000000119
35362  -31.159  -46.482  -18.890 0.8000000119
34431  -31.525  -47.316  -18.712 0.6999999881
37191  -30.738  -44.932  -20.264 0.8000000119
34430  -30.945  -46.873  -19.544 0.8000000119
37193  -32.406  -44.840  -20.032 0.8000000119
110760  -35.026  -44.684  -19.171 0.6999999881
37180  -35.733  -44.403  -19.213 0.6999999881
38785  -36.142  -42.866  -19.673 0.6000000238
38786  -36.995  -43.185  -19.565 0.6000000238
38787  -37.733  -42.983  -19.699 0.6000000238
127086  -30.066  -52.584  -12.020 0.6000000238
125065  -32.854  -50.192  -11.809 0.8000000119
30041  -26.792  -52.997  -13.906 0.5000000000
29218  -28.676  -53.465  -12.556 0.5000000000
32474  -34.793  -49.943  -12.973 0.8000000119
31707  -35.262  -50.122  -13.783 0.6999999881
28387  -27.263  -54.363  -13.399 0.5000000000
28371  -28.612  -54.286  -12.483 0.5000000000
32464  -34.881  -49.184  -12.769 0.8000000119
33380  -35.222  -48.519  -12.813 0.8000000119
32475  -35.396  -49.185  -13.438 0.8000000119
33398  -35.826  -48.899  -14.788 0.8000000119
125468  -36.174  -47.647  -14.433 0.8000000119
32498  -35.545  -49.591  -15.089 0.8000000119
112134  -35.925  -48.094  -15.233 0.8000000119
35332  -32.683  -46.645  -16.957 0.8000000119
34402  -34.855  -47.435  -16.294 0.8000000119
120471  -30.470  -44.736  -19.868 0.8000000119
36292  -31.697  -45.848  -17.622 0.8000000119
36302  -31.086  -45.704  -18.564 0.8999999762
37177  -31.766  -44.154  -20.027 0.8000000119
37179  -34.123  -44.268  -19.234 0.6999999881
37178  -32.922  -44.156  -19.509 0.6999999881
38008  -33.345  -43.334  -19.447 0.6999999881
38009  -34.510  -43.447  -19.338 0.6999999881
38784  -35.043  -42.820  -19.661 0.6999999881
107400  -31.748  -49.160  -11.743 0.8000000119
30853  -31.634  -51.193  -11.707 0.6000000238
31689  -31.916  -50.151  -11.731 0.6000000238
32461  -32.675  -49.481  -11.757 0.8000000119
32488  -27.043  -49.662  -14.485 0.6000000238
31704  -27.442  -50.242  -13.904 0.5000000000
129240  -29.943  -51.875  -12.148 0.6000000238
30852  -30.204  -51.090  -12.113 0.6000000238
32462  -33.474  -49.798  -12.044 0.8000000119
114369  -26.398  -48.845  -16.347 0.6000000238
127059  -26.879  -49.141  -14.851 0.6000000238
33384  -27.801  -48.641  -13.714 0.6000000238
31687  -28.620  -50.591  -12.998 0.5000000000
30024  -28.704  -52.114  -12.768 0.5000000000
36261  -26.492  -45.313  -15.794 0.5000000000
34382  -26.621  -47.031  -16.248 0.5000000000
34370  -27.166  -47.185  -14.451 0.6000000238
115819  -27.477  -47.954  -14.088 0.6000000238
30042  -27.424  -52.503  -13.558 0.5000000000
30850  -28.584  -51.339  -12.955 0.5000000000
34353  -35.414  -47.715  -12.746 0.8000000119
33386  -35.809  -48.128  -13.575 0.8000000119
122708  -26.704  -45.723  -15.083 0.5000000000
29243  -28.143  -52.859  -12.991 0.5000000000
37156  -25.697  -45.197  -17.773 0.4000000060
28388  -27.988  -53.848  -12.919 0.5000000000
35307  -36.127  -47.320  -13.754 0.6999999881
35335  -35.170  -46.548  -16.294 0.8000000119
35318  -36.068  -46.533  -15.878 0.8000000119
34384  -36.231  -47.151  -15.243 0.6999999881
114807  -32.287  -45.944  -17.056 0.8000000119
35333  -33.446  -46.561  -16.608 0.8000000119
35334  -34.296  -46.812  -16.440 0.8000000119
36278  -34.166  -46.092  -16.420 0.8000000119
37176  -30.872  -44.156  -20.217 0.8999999762
37175  -30.522  -44.158  -19.913 0.8999999762
36290  -30.820  -44.885  -18.641 0.8000000119
35349  -32.124  -46.617  -17.435 0.8000000119
36301  -30.576  -45.121  -19.404 1.0000000000
36291  -31.330  -45.069  -17.889 0.8000000119
116920  -32.280  -43.538  -19.728 0.8000000119
123943  -31.674  -48.437  -11.708 0.8000000119
33377  -32.489  -48.646  -11.682 0.8000000119
33370  -33.178  -47.933  -11.633 0.8000000119
113579  -27.738  -47.233  -13.736 0.6000000238
33376  -30.828  -48.614  -11.885 0.6000000238
32460  -30.931  -49.634  -11.867 0.6000000238
33378  -33.513  -48.905  -11.902 0.8000000119
34343  -34.138  -47.411  -11.803 0.8000000119
35306  -26.879  -46.401  -14.785 0.5000000000
33407  -26.895  -47.929  -14.888 0.6000000238
33385  -28.322  -48.572  -13.287 0.6000000238
32458  -29.532  -49.713  -12.485 0.6000000238
34351  -34.006  -48.203  -11.956 0.8000000119
34352  -34.712  -47.989  -12.325 0.8000000119
35288  -35.511  -46.840  -12.589 0.6999999881
111877  -29.262  -48.986  -12.614 0.6000000238
109369  -30.170  -50.122  -12.162 0.6000000238
37139  -26.158  -44.767  -16.688 0.4000000060
36253  -26.698  -45.009  -14.932 0.4000000060
36254  -27.124  -45.621  -14.304 0.4000000060
115646  -27.617  -45.890  -13.646 0.4000000060
35296  -36.095  -46.690  -13.339 0.6999999881
37121  -26.721  -44.112  -14.714 0.4000000060
37122  -27.069  -44.797  -14.253 0.4000000060
35284  -28.660  -46.485  -12.848 0.4000000060
35308  -36.379  -46.713  -14.356 0.6999999881
37940  -27.412  -43.429  -13.551 0.4000000060
37112  -28.206  -45.029  -12.909 0.5000000000
36263  -36.323  -45.660  -15.726 0.6999999881
128048  -26.977  -43.558  -14.155 0.3000000119
112720  -27.902  -44.164  -13.046 0.5000000000
37104  -28.667  -44.595  -12.499 0.5000000000
122322  -32.825  -46.030  -16.712 0.8000000119
36277  -33.372  -45.594  -16.519 0.8000000119
36279  -34.853  -45.551  -16.386 0.8000000119
36262  -35.780  -45.191  -16.264 0.8000000119
128249  -35.744  -45.918  -16.194 0.8000000119
38006  -30.631  -43.459  -19.932 0.8000000119
37168  -30.460  -44.297  -19.260 1.0000000000
37157  -30.976  -44.288  -18.183 0.8000000119
37140  -31.426  -44.065  -17.517 0.8000000119
36275  -31.945  -45.123  -17.177 0.8000000119
36276  -32.585  -45.382  -16.760 0.8000000119
37143  -32.930  -44.828  -16.582 0.8000000119
38005  -30.377  -43.518  -19.525 1.0000000000
37142  -32.515  -44.225  -16.699 0.8000000119
37997  -30.486  -43.593  -18.762 0.8000000119
37141  -31.933  -44.278  -17.054 0.8000000119
38782  -33.194  -42.590  -19.682 0.6999999881
38783  -34.046  -42.727  -19.588 0.6999999881
38798  -34.576  -42.163  -20.146 0.6999999881
38799  -35.504  -42.208  -20.202 0.6999999881
126583  -36.305  -42.186  -20.201 0.6999999881
114220  -37.849  -42.218  -20.082 0.6000000238
39566  -36.478  -41.155  -21.257 0.6999999881
39553  -35.029  -41.643  -20.768 0.6999999881
118278  -37.920  -41.584  -20.526 0.6000000238
39567  -37.480  -41.108  -21.049 0.6000000238
34342  -32.551  -47.206  -11.461 0.8000000119
34360  -28.109  -47.968  -13.488 0.5000000000
33375  -30.486  -47.784  -11.952 0.8000000119
34340  -30.722  -47.027  -11.752 0.8000000119
33368  -31.230  -47.832  -11.712 0.8000000119
117160  -33.350  -47.118  -11.492 0.8000000119
35294  -27.391  -46.477  -14.019 0.5000000000
34361  -28.427  -47.280  -13.175 0.6000000238
34349  -29.160  -47.303  -12.614 0.5000000000
35287  -34.766  -46.709  -11.913 0.6999999881
36245  -27.595  -45.063  -13.555 0.4000000060
127908  -28.150  -45.757  -13.135 0.5000000000
34350  -29.933  -47.220  -12.157 0.6999999881
125044  -29.779  -48.188  -12.320 0.6999999881
113045  -33.911  -46.461  -11.449 0.6999999881
35274  -35.267  -46.058  -12.106 0.6999999881
36246  -35.883  -45.968  -12.787 0.6999999881
35297  -36.360  -45.869  -13.664 0.6999999881
110462  -36.640  -44.999  -14.058 0.6999999881
37933  -28.544  -43.686  -12.412 0.5000000000
113659  -36.737  -44.935  -15.131 0.6999999881
38712  -27.447  -42.653  -13.407 0.4000000060
38704  -28.479  -42.659  -12.286 0.4000000060
37144  -35.014  -44.776  -16.414 0.8000000119
109536  -33.909  -44.776  -16.451 0.8000000119
112013  -33.583  -43.786  -16.495 0.8000000119
117204  -34.068  -43.117  -16.513 0.6999999881
37970  -31.074  -43.605  -17.918 0.8000000119
37973  -32.791  -43.641  -16.595 0.8000000119
38780  -30.831  -42.717  -20.132 0.8999999762
38007  -31.228  -43.455  -20.114 0.8999999762
38779  -30.465  -42.710  -19.696 0.8999999762
119223  -30.318  -43.037  -19.148 0.8000000119
38772  -30.389  -42.431  -19.125 0.8000000119
38763  -31.426  -42.591  -17.608 0.8000000119
38781  -32.145  -42.793  -19.877 0.8999999762
38796  -32.626  -42.065  -20.066 0.8999999762
39551  -33.160  -41.504  -20.516 0.8000000119
38801  -38.550  -42.741  -19.951 0.4000000060
38797  -33.639  -42.078  -20.021 0.8000000119
39552  -34.115  -41.582  -20.671 0.6999999881
39554  -35.951  -41.700  -20.769 0.6999999881
40347  -37.610  -39.985  -22.057 0.5000000000
35272  -32.084  -46.524  -11.309 0.6999999881
121388  -31.038  -45.805  -11.384 0.6999999881
36223  -33.312  -45.772  -11.055 0.6999999881
36219  -29.873  -44.757  -11.687 0.6000000238
36221  -31.681  -45.861  -11.187 0.6999999881
124929  -34.627  -46.050  -11.642 0.6999999881
108671  -35.586  -45.295  -12.245 0.6999999881
36240  -36.208  -45.009  -12.975 0.6999999881
37934  -29.129  -43.345  -11.783 0.5000000000
37113  -36.573  -44.141  -13.449 0.6999999881
37123  -36.901  -44.172  -14.449 0.6999999881
121213  -28.158  -40.923  -12.360 0.3000000119
38713  -28.052  -41.792  -12.616 0.3000000119
38705  -29.169  -42.506  -11.551 0.5000000000
123653  -35.707  -44.382  -16.325 0.6999999881
37950  -37.217  -43.470  -14.877 0.6999999881
37974  -34.709  -43.941  -16.464 0.6999999881
37129  -36.394  -44.722  -15.936 0.6999999881
122734  -35.645  -43.660  -16.388 0.6999999881
114671  -30.718  -42.944  -18.362 0.8000000119
37971  -31.647  -43.627  -17.279 0.8000000119
37972  -32.175  -43.627  -16.845 0.8000000119
122577  -32.468  -42.978  -16.736 0.8000000119
38743  -31.853  -43.054  -17.100 0.8000000119
39539  -30.417  -41.946  -19.712 0.8000000119
38795  -31.393  -42.041  -20.295 0.8000000119
39549  -31.091  -41.324  -20.367 0.8000000119
38794  -30.562  -42.010  -20.138 0.8999999762
39562  -32.712  -40.931  -20.912 0.8000000119
39563  -33.620  -41.034  -21.088 0.8000000119
39564  -34.531  -41.081  -21.237 0.6999999881
39565  -35.481  -41.128  -21.317 0.6999999881
41238  -33.758  -39.566  -21.836 0.6999999881
111576  -32.475  -45.881  -11.034 0.6999999881
110513  -31.316  -43.754  -10.795 0.6000000238
37086  -31.666  -44.530  -10.839 0.6000000238
37087  -32.574  -44.621  -10.715 0.6999999881
37088  -33.521  -44.860  -10.849 0.6999999881
36224  -34.147  -45.564  -11.274 0.6999999881
37916  -29.852  -43.880  -11.487 0.5000000000
36220  -30.518  -45.343  -11.496 0.6000000238
37919  -34.030  -44.018  -10.932 0.6999999881
37089  -34.468  -44.760  -11.275 0.6999999881
36225  -34.928  -45.411  -11.663 0.6999999881
37085  -30.699  -44.424  -11.210 0.6000000238
111236  -27.524  -41.904  -13.258 0.3000000119
38681  -29.786  -43.041  -11.266 0.5000000000
37918  -31.842  -43.072  -10.640 0.6000000238
39444  -29.371  -41.851  -11.207 0.4000000060
111216  -29.754  -42.351  -11.092 0.5000000000
122670  -30.962  -41.919  -10.701 0.6000000238
37959  -37.034  -43.398  -15.791 0.6999999881
37145  -36.387  -43.900  -16.131 0.6999999881
40221  -29.395  -40.166  -11.156 0.3000000119
38764  -32.114  -42.375  -17.058 0.8000000119
38744  -32.926  -42.211  -16.725 0.8000000119
38745  -33.624  -42.509  -16.597 0.6999999881
38746  -34.401  -42.415  -16.618 0.6999999881
38747  -35.398  -42.310  -16.643 0.6999999881
39517  -30.950  -42.162  -18.330 0.8000000119
39519  -32.430  -41.607  -17.156 0.8000000119
39548  -30.640  -41.355  -20.035 0.8000000119
39530  -30.577  -41.718  -19.094 0.8000000119
39518  -31.672  -41.857  -17.596 0.8000000119
111935  -31.194  -40.039  -19.360 0.8000000119
40310  -31.637  -40.455  -18.353 0.8000000119
41213  -31.812  -39.540  -18.609 0.8000000119
42087  -31.672  -38.303  -19.076 0.8000000119
40337  -37.035  -40.542  -21.677 0.6000000238
114129  -35.971  -40.442  -21.817 0.6999999881
107385  -33.022  -40.004  -21.627 0.8000000119
40336  -34.970  -40.476  -21.632 0.6000000238
42124  -33.732  -38.672  -22.071 0.6999999881
41251  -35.115  -39.302  -22.333 0.6000000238
108495  -32.226  -43.825  -10.644 0.6000000238
122425  -31.098  -43.075  -10.734 0.6000000238
112242  -34.834  -43.995  -11.428 0.6999999881
118656  -35.545  -43.990  -11.938 0.6999999881
113895  -32.823  -43.001  -10.684 0.6000000238
37921  -35.168  -43.259  -11.641 0.6999999881
37935  -35.861  -43.289  -12.193 0.6999999881
37106  -36.105  -44.068  -12.615 0.6999999881
39445  -30.148  -41.636  -10.816 0.4000000060
39447  -32.503  -41.595  -10.908 0.5000000000
38686  -34.668  -42.494  -11.481 0.6999999881
37936  -36.477  -43.314  -12.896 0.6999999881
39446  -31.685  -41.741  -10.727 0.5000000000
38707  -36.733  -42.484  -13.136 0.6999999881
37942  -36.997  -43.262  -13.848 0.6999999881
117863  -29.332  -41.072  -11.073 0.3000000119
40222  -30.263  -40.535  -10.825 0.3000000119
116332  -31.040  -41.185  -10.733 0.4000000060
115809  -35.063  -43.071  -16.515 0.6999999881
125922  -37.311  -42.800  -14.512 0.6999999881
120594  -30.020  -39.764  -11.002 0.3000000119
41135  -30.284  -39.185  -11.300 0.3000000119
38730  -37.098  -42.696  -16.102 0.6999999881
38731  -37.402  -42.118  -15.730 0.6999999881
125767  -36.353  -42.122  -16.538 0.6999999881
39503  -37.411  -41.457  -16.110 0.6999999881
39500  -34.712  -41.681  -16.813 0.6999999881
40283  -37.070  -40.317  -16.917 0.6999999881
40281  -35.101  -40.941  -17.097 0.6999999881
41202  -36.272  -39.961  -17.382 0.6999999881
40293  -31.258  -41.378  -18.330 0.8000000119
39499  -33.775  -41.846  -16.733 0.6999999881
40298  -35.496  -40.318  -17.323 0.6999999881
120465  -36.144  -39.281  -17.657 0.6999999881
108426  -30.531  -41.374  -19.635 0.8000000119
40294  -31.984  -41.084  -17.679 0.8000000119
126358  -32.712  -40.818  -17.362 0.8000000119
41200  -34.440  -39.470  -17.575 0.8000000119
42079  -35.292  -38.853  -17.924 0.6999999881
41198  -32.772  -39.207  -17.762 0.8000000119
41199  -33.529  -39.458  -17.561 0.8000000119
129905  -31.054  -40.481  -20.464 0.8000000119
41229  -31.115  -39.677  -20.520 0.8000000119
41212  -31.575  -39.094  -19.296 0.8000000119
108726  -32.310  -39.023  -18.240 0.8000000119
42077  -33.259  -38.620  -17.883 0.8000000119
40333  -31.589  -40.090  -21.111 0.8000000119
41223  -31.071  -39.253  -19.990 0.8000000119
121509  -31.954  -38.834  -18.737 0.8000000119
42088  -32.234  -38.192  -18.569 0.8000000119
116844  -32.877  -36.953  -18.598 0.8000000119
41236  -31.575  -39.401  -21.251 0.8000000119
42958  -31.656  -37.542  -18.939 0.8000000119
41237  -32.189  -39.701  -21.515 0.8000000119
41253  -37.265  -39.390  -22.641 0.5000000000
40345  -35.872  -39.688  -22.310 0.6000000238
111065  -32.069  -38.913  -21.590 0.8000000119
41252  -36.425  -39.262  -22.689 0.6000000238
127615  -35.775  -39.099  -22.639 0.6000000238
42125  -34.605  -38.607  -22.419 0.6000000238
123894  -35.366  -38.539  -22.748 0.6000000238
108494  -33.152  -43.936  -10.683 0.6999999881
128991  -33.629  -43.318  -10.863 0.6999999881
38684  -32.200  -42.327  -10.694 0.6000000238
38687  -35.479  -42.533  -11.873 0.6999999881
38706  -36.154  -42.540  -12.431 0.6999999881
39448  -33.318  -41.584  -11.171 0.5000000000
39450  -35.042  -41.798  -11.698 0.6999999881
40223  -31.323  -40.355  -10.968 0.4000000060
41136  -31.696  -39.507  -11.330 0.4000000060
40224  -32.253  -40.246  -11.241 0.5000000000
38714  -37.188  -42.309  -13.879 0.6999999881
113668  -30.982  -39.102  -11.362 0.3000000119
42013  -32.358  -38.841  -11.556 0.3000000119
40225  -33.066  -40.140  -11.418 0.5000000000
121040  -37.048  -40.962  -13.430 0.6999999881
39483  -37.489  -41.243  -14.551 0.6999999881
42010  -29.811  -38.651  -11.553 0.3000000119
42026  -31.861  -38.159  -11.676 0.3000000119
40264  -37.602  -40.666  -14.897 0.6999999881
129586  -31.369  -37.145  -11.913 0.3000000119
41193  -37.628  -40.196  -16.223 0.6999999881
40296  -33.528  -40.400  -17.282 0.8000000119
40297  -34.543  -40.240  -17.299 0.6999999881
40280  -34.102  -41.056  -16.989 0.6999999881
41201  -35.367  -39.685  -17.542 0.6999999881
42080  -36.517  -38.519  -17.817 0.6999999881
40309  -30.859  -40.961  -19.135 0.8000000119
40311  -32.276  -40.429  -17.728 0.8000000119
127251  -33.974  -39.878  -17.395 0.6999999881
40323  -30.712  -40.742  -19.875 0.8000000119
42947  -34.730  -38.088  -18.298 0.8000000119
116181  -30.920  -40.073  -20.101 0.8000000119
42089  -32.897  -37.844  -18.301 0.8000000119
42960  -33.495  -37.359  -18.465 0.8000000119
119547  -31.143  -38.978  -20.498 0.8000000119
41235  -31.251  -39.164  -20.910 0.8000000119
42094  -31.246  -38.416  -19.670 0.8000000119
42959  -32.203  -37.255  -18.653 0.8000000119
119461  -32.166  -36.363  -18.842 0.8000000119
43813  -32.990  -36.300  -18.881 0.8000000119
42111  -31.455  -38.528  -21.242 0.8000000119
42110  -31.097  -38.388  -20.775 0.8000000119
42957  -31.296  -37.801  -19.367 0.8000000119
115805  -31.057  -37.156  -19.363 0.8000000119
44641  -32.690  -35.709  -19.168 0.8000000119
42123  -32.746  -38.232  -21.840 0.8000000119
124198  -32.928  -42.169  -10.870 0.6000000238
39449  -34.192  -41.688  -11.415 0.6000000238
114786  -30.757  -39.728  -11.085 0.3000000119
116514  -31.945  -40.993  -10.944 0.5000000000
40227  -34.705  -41.051  -11.642 0.6000000238
128806  -35.370  -41.235  -11.900 0.6999999881
111765  -36.617  -40.970  -12.875 0.6999999881
113554  -33.870  -39.915  -11.580 0.6000000238
40244  -35.318  -40.456  -11.968 0.6999999881
40245  -35.972  -41.079  -12.324 0.6999999881
40256  -36.931  -40.161  -13.197 0.6999999881
42889  -31.151  -37.860  -11.693 0.3000000119
42027  -32.558  -37.998  -11.805 0.3000000119
40246  -36.196  -40.255  -12.535 0.6999999881
42899  -30.666  -37.208  -11.866 0.3000000119
43760  -33.452  -36.485  -12.408 0.3000000119
120213  -37.340  -39.817  -13.788 0.6999999881
40257  -37.401  -40.601  -13.983 0.6999999881
46239  -31.355  -34.014  -12.885 0.3000000119
45405  -31.798  -34.977  -12.624 0.3000000119
126495  -32.309  -35.835  -12.481 0.3000000119
44587  -33.035  -35.780  -12.578 0.3000000119
120453  -30.980  -33.313  -13.334 0.3000000119
124113  -37.584  -39.608  -16.622 0.6999999881
41203  -37.104  -39.301  -17.319 0.6999999881
119360  -35.165  -37.372  -18.551 0.8000000119
42961  -34.272  -37.366  -18.519 0.8000000119
43814  -33.759  -36.635  -18.764 0.8000000119
42100  -30.975  -38.389  -20.220 0.8000000119
42965  -30.875  -37.694  -19.819 0.8000000119
44639  -30.768  -35.672  -19.533 0.8000000119
108680  -31.387  -36.051  -19.203 0.8000000119
44640  -31.866  -35.609  -19.200 0.8000000119
43810  -30.321  -35.849  -19.863 0.8000000119
42112  -31.933  -38.186  -21.602 0.8000000119
42980  -32.111  -37.402  -21.796 0.6999999881
112421  -32.933  -37.438  -22.072 0.6000000238
122466  -34.490  -40.381  -11.659 0.6000000238
41156  -35.602  -39.546  -12.309 0.6000000238
112968  -33.333  -37.852  -11.981 0.4000000060
42030  -35.809  -38.673  -12.580 0.6000000238
41168  -36.412  -39.385  -12.807 0.6999999881
41169  -37.029  -39.249  -13.406 0.6999999881
43762  -35.456  -37.312  -12.706 0.4000000060
42047  -37.155  -38.479  -13.743 0.6999999881
41176  -37.491  -39.207  -14.109 0.6999999881
111363  -37.728  -40.054  -15.386 0.6999999881
45422  -33.907  -34.399  -13.350 0.3000000119
42919  -35.993  -37.107  -13.094 0.4000000060
42927  -37.817  -37.804  -14.972 0.6999999881
114319  -37.911  -39.450  -15.955 0.6999999881
42070  -37.902  -38.741  -16.615 0.6999999881
118605  -38.184  -37.809  -15.983 0.6999999881
42081  -37.433  -38.370  -17.411 0.6999999881
42950  -37.327  -37.027  -17.977 0.6999999881
42078  -34.138  -38.743  -17.863 0.8000000119
42946  -33.785  -38.022  -18.253 0.8000000119
43815  -34.744  -36.716  -18.793 0.8000000119
44652  -34.247  -35.179  -19.431 0.8000000119
43812  -31.525  -36.770  -18.994 0.8000000119
44650  -32.363  -35.027  -19.456 0.8000000119
120476  -30.714  -37.116  -21.028 0.8000000119
119697  -30.484  -36.786  -19.932 0.8000000119
44638  -30.185  -35.123  -19.879 0.8000000119
45456  -30.760  -35.055  -19.586 0.8000000119
117598  -34.195  -38.039  -22.379 0.6000000238
42979  -31.511  -37.785  -21.441 0.8000000119
43842  -33.490  -37.036  -22.421 0.6000000238
127470  -31.924  -36.354  -21.904 0.6999999881
41139  -34.728  -39.702  -11.842 0.6000000238
42029  -34.932  -38.860  -12.147 0.6000000238
43761  -34.327  -36.500  -12.526 0.3000000119
42046  -36.538  -38.542  -13.109 0.6000000238
44601  -34.268  -35.163  -13.020 0.3000000119
43775  -35.231  -36.513  -12.810 0.3000000119
44602  -35.253  -35.540  -13.230 0.3000000119
117958  -36.014  -36.319  -13.306 0.5000000000
122820  -37.447  -37.179  -14.542 0.6999999881
47043  -33.084  -32.943  -13.858 0.3000000119
44611  -37.236  -35.500  -14.785 0.4000000060
47054  -32.650  -32.329  -14.336 0.3000000119
43793  -38.106  -36.887  -16.366 0.6000000238
43802  -37.670  -36.321  -17.667 0.6000000238
43816  -36.239  -36.412  -18.694 0.8000000119
42963  -36.718  -36.959  -18.377 0.6999999881
44646  -37.472  -35.651  -18.105 0.6000000238
126113  -35.500  -36.780  -18.723 0.8000000119
44645  -36.813  -35.714  -18.659 0.6999999881
43817  -37.119  -36.374  -18.343 0.6999999881
44643  -34.474  -35.985  -19.109 0.8000000119
113091  -35.363  -36.153  -18.983 0.8000000119
44653  -35.201  -35.364  -19.289 0.6999999881
44644  -36.049  -35.612  -19.039 0.6999999881
120663  -36.563  -35.142  -18.908 0.6999999881
44642  -33.569  -35.823  -19.165 0.8000000119
45467  -35.049  -34.397  -19.570 0.6999999881
45457  -35.994  -34.834  -19.272 0.6999999881
44651  -33.287  -35.086  -19.478 0.8000000119
46307  -34.476  -33.647  -19.868 0.6999999881
46308  -35.325  -33.438  -19.693 0.6999999881
42969  -30.758  -37.545  -20.514 0.8000000119
43824  -30.445  -36.623  -20.633 0.8000000119
44649  -31.499  -35.006  -19.460 0.8000000119
45465  -32.933  -34.377  -19.785 0.8000000119
43819  -30.150  -35.889  -20.337 0.8000000119
45462  -30.144  -34.490  -19.974 0.8000000119
45464  -31.946  -34.393  -19.768 0.8000000119
42978  -31.059  -37.742  -21.107 0.8000000119
43823  -30.165  -35.836  -20.835 0.8000000119
45461  -29.568  -34.449  -20.293 0.8000000119
46303  -30.296  -33.806  -20.098 0.8000000119
115242  -31.178  -37.032  -21.470 0.8000000119
43833  -30.577  -36.448  -21.167 0.8000000119
43840  -30.993  -36.118  -21.627 0.6999999881
42991  -34.143  -37.377  -22.603 0.6000000238
43843  -34.105  -36.619  -22.832 0.6000000238
44683  -31.602  -35.577  -22.010 0.6999999881
43777  -37.012  -37.023  -13.933 0.5000000000
42921  -37.322  -37.770  -14.147 0.5000000000
44603  -36.163  -35.594  -13.671 0.4000000060
43785  -37.251  -36.372  -14.504 0.5000000000
43786  -37.831  -36.939  -15.336 0.6000000238
127655  -34.972  -33.552  -13.981 0.3000000119
110876  -37.649  -36.075  -15.320 0.5000000000
128458  -37.946  -36.452  -15.792 0.6000000238
47056  -34.344  -32.477  -14.446 0.3000000119
46274  -35.530  -33.401  -14.283 0.3000000119
44618  -37.549  -35.292  -15.481 0.6000000238
115442  -37.941  -35.919  -16.184 0.6000000238
47833  -32.244  -31.703  -14.745 0.3000000119
47835  -33.951  -31.778  -14.762 0.3000000119
125339  -36.355  -33.515  -14.591 0.3000000119
47834  -33.082  -31.731  -14.740 0.3000000119
44631  -37.832  -35.529  -17.161 0.6000000238
47847  -31.747  -31.114  -15.243 0.3000000119
109516  -37.143  -35.040  -18.504 0.6999999881
46295  -36.216  -33.884  -19.310 0.6999999881
47096  -32.008  -32.990  -20.395 0.8000000119
46306  -33.538  -33.662  -20.059 0.6999999881
47098  -34.254  -32.833  -20.176 0.6999999881
46305  -32.504  -33.704  -20.122 0.6999999881
46304  -31.427  -33.756  -20.096 0.8000000119
47095  -30.831  -33.003  -20.300 0.6999999881
45475  -29.257  -34.463  -20.564 0.8000000119
45474  -28.795  -33.738  -20.528 0.6999999881
46302  -29.339  -33.804  -20.281 0.8000000119
43852  -34.722  -36.313  -23.304 0.6000000238
43832  -30.342  -35.691  -21.272 0.6999999881
44681  -30.005  -35.058  -21.404 0.6999999881
128871  -29.425  -34.721  -21.193 0.6999999881
124660  -32.415  -35.066  -22.432 0.6999999881
44684  -33.379  -35.419  -22.663 0.6999999881
44682  -30.780  -35.347  -21.713 0.6999999881
47926  -31.604  -31.227  -23.223 0.5000000000
47143  -32.479  -31.829  -23.209 0.5000000000
44626  -37.720  -34.994  -16.294 0.6000000238
112488  -37.716  -34.716  -17.038 0.6000000238
45446  -37.569  -34.093  -16.462 0.6000000238
46287  -37.401  -33.489  -18.020 0.6000000238
45458  -36.734  -34.516  -18.892 0.6999999881
47088  -36.918  -33.178  -18.781 0.6999999881
119229  -29.982  -29.493  -16.244 0.3000000119
122171  -34.816  -33.138  -19.909 0.6999999881
47094  -29.454  -32.944  -20.298 0.6999999881
47097  -33.090  -32.952  -20.368 0.6999999881
47108  -33.567  -32.194  -20.539 0.6000000238
44657  -29.724  -35.165  -20.668 0.6999999881
45488  -29.207  -34.602  -20.938 0.6999999881
46301  -28.453  -33.094  -20.477 0.6999999881
47093  -28.482  -32.428  -20.469 0.6000000238
45500  -28.897  -34.108  -21.197 0.6999999881
44685  -34.137  -35.823  -22.978 0.6000000238
120001  -31.395  -34.833  -22.149 0.6999999881
118859  -31.068  -34.077  -22.256 0.6999999881
45503  -31.998  -34.202  -22.498 0.6999999881
46340  -32.621  -33.523  -22.716 0.6000000238
118100  -37.407  -33.349  -16.325 0.5000000000
47068  -37.152  -32.868  -15.884 0.4000000060
46283  -37.537  -33.438  -17.070 0.6000000238
47074  -37.369  -32.771  -16.734 0.5000000000
47078  -37.415  -32.909  -17.493 0.6000000238
115666  -36.915  -32.242  -18.710 0.6000000238
116278  -29.859  -28.844  -16.586 0.3000000119
49535  -30.741  -29.226  -16.401 0.3000000119
47087  -36.211  -32.912  -19.442 0.6999999881
127866  -34.813  -32.337  -20.141 0.6000000238
47881  -35.259  -32.651  -19.875 0.6000000238
129762  -30.858  -31.806  -20.738 0.6000000238
46316  -28.105  -33.103  -20.713 0.6999999881
47880  -30.354  -32.214  -20.508 0.6000000238
47106  -31.475  -32.201  -20.668 0.6000000238
47105  -27.815  -32.354  -20.760 0.6999999881
48724  -28.369  -31.248  -20.917 0.6000000238
124490  -30.096  -34.016  -21.962 0.6999999881
120039  -32.722  -34.274  -22.611 0.6999999881
124520  -34.279  -34.638  -22.732 0.5000000000
129699  -33.189  -33.998  -22.673 0.6000000238
45505  -33.826  -34.197  -22.671 0.6000000238
46338  -30.612  -33.296  -22.410 0.6000000238
46339  -31.670  -33.430  -22.593 0.5000000000
47133  -33.002  -32.671  -22.948 0.5000000000
46341  -33.428  -33.408  -22.708 0.5000000000
47927  -33.108  -31.099  -23.417 0.5000000000
128816  -36.752  -31.440  -16.345 0.4000000060
47073  -37.051  -32.019  -16.314 0.4000000060
119497  -36.532  -30.914  -16.406 0.4000000060
48698  -35.031  -30.612  -15.618 0.4000000060
117326  -37.263  -32.774  -18.130 0.6000000238
120824  -30.552  -28.417  -16.760 0.3000000119
50392  -31.398  -28.526  -16.648 0.3000000119
50393  -32.272  -28.581  -16.537 0.3000000119
47870  -36.148  -32.051  -19.557 0.6000000238
51228  -30.869  -27.070  -17.295 0.3000000119
122291  -35.292  -31.824  -20.064 0.6000000238
47894  -33.919  -31.462  -20.679 0.5000000000
47109  -34.432  -31.998  -20.357 0.6000000238
47892  -31.284  -31.426  -20.974 0.6000000238
115571  -32.192  -31.599  -20.980 0.6000000238
47891  -30.183  -31.338  -20.773 0.6000000238
47893  -33.074  -31.603  -20.873 0.6000000238
47890  -29.003  -31.138  -20.762 0.6000000238
48737  -30.888  -30.640  -21.217 0.6000000238
47128  -28.049  -32.729  -21.338 0.6999999881
48735  -28.935  -30.653  -21.235 0.6000000238
47130  -29.809  -32.805  -22.334 0.6999999881
47142  -31.480  -32.078  -22.968 0.5000000000
47132  -32.141  -32.719  -22.874 0.5000000000
124466  -32.373  -30.980  -23.403 0.5000000000
48699  -35.899  -30.707  -15.860 0.4000000060
47855  -36.947  -31.393  -16.960 0.4000000060
47077  -37.239  -32.177  -17.486 0.5000000000
49540  -35.524  -29.436  -16.368 0.4000000060
47858  -36.967  -31.398  -17.983 0.4000000060
47871  -36.660  -31.387  -18.972 0.5000000000
51214  -31.124  -27.806  -16.993 0.3000000119
51229  -31.736  -27.149  -17.190 0.3000000119
50394  -33.149  -28.628  -16.460 0.4000000060
47882  -36.093  -31.251  -19.718 0.4000000060
51230  -32.627  -27.218  -17.046 0.3000000119
121614  -33.598  -28.032  -16.647 0.4000000060
47895  -34.742  -31.297  -20.427 0.5000000000
48740  -34.269  -30.731  -20.781 0.5000000000
48739  -33.403  -30.895  -21.015 0.5000000000
48738  -31.923  -30.867  -21.226 0.6000000238
49577  -33.706  -30.004  -21.187 0.5000000000
48736  -29.758  -30.504  -21.209 0.6000000238
49575  -30.482  -29.800  -21.500 0.6000000238
47912  -28.491  -31.374  -21.772 0.6000000238
48751  -29.085  -30.303  -21.657 0.6000000238
113660  -29.383  -31.985  -22.308 0.5000000000
47131  -30.558  -32.402  -22.643 0.5000000000
47914  -30.504  -31.393  -22.816 0.5000000000
109268  -31.750  -30.400  -23.444 0.5000000000
109314  -32.723  -30.225  -23.577 0.5000000000
48706  -36.720  -30.605  -17.366 0.4000000060
48719  -36.590  -30.056  -18.228 0.4000000060
120515  -36.715  -30.802  -18.334 0.4000000060
49541  -36.269  -29.323  -16.971 0.4000000060
47883  -36.498  -30.630  -19.113 0.4000000060
51992  -31.488  -26.362  -17.406 0.3000000119
48741  -35.117  -30.615  -20.453 0.4000000060
48725  -36.003  -30.460  -19.982 0.5000000000
52932  -31.218  -25.558  -17.579 0.3000000119
119915  -34.450  -29.404  -21.096 0.4000000060
49576  -32.674  -29.502  -21.435 0.5000000000
50437  -33.605  -28.895  -21.397 0.4000000060
119269  -31.658  -29.915  -21.399 0.6000000238
49574  -29.628  -29.749  -21.687 0.6000000238
121207  -30.989  -29.101  -21.618 0.5000000000
120907  -31.840  -29.106  -21.545 0.5000000000
122939  -30.033  -30.518  -22.751 0.5000000000
112227  -29.004  -30.462  -22.135 0.6000000238
49585  -29.568  -29.378  -21.982 0.6000000238
123051  -30.213  -29.115  -21.745 0.6000000238
49590  -29.760  -29.212  -22.305 0.6000000238
47925  -30.852  -30.529  -23.180 0.5000000000
108034  -31.910  -29.687  -23.566 0.5000000000
48771  -33.658  -30.402  -23.529 0.5000000000
48768  -29.615  -29.877  -22.483 0.5000000000
54584  -29.709  -22.913  -18.451 0.3000000119
54586  -31.287  -23.392  -18.296 0.4000000060
55379  -31.890  -22.809  -18.462 0.4000000060
50445  -30.464  -28.300  -22.275 0.5000000000
56229  -29.940  -21.316  -19.217 0.4000000060
50459  -30.257  -28.604  -22.627 0.5000000000
51268  -31.533  -27.041  -22.341 0.5000000000
51269  -32.452  -27.018  -21.913 0.5000000000
51275  -30.628  -27.902  -22.927 0.5000000000
52035  -31.571  -26.479  -22.796 0.5000000000
48770  -30.944  -29.593  -23.354 0.5000000000
109198  -30.628  -28.586  -23.166 0.6000000238
49597  -34.307  -29.787  -23.633 0.5000000000
49595  -32.533  -29.231  -23.667 0.6000000238
50462  -33.181  -28.607  -23.781 0.5000000000
49596  -33.461  -29.543  -23.688 0.6000000238
50463  -34.221  -28.848  -23.835 0.4000000060
56230  -30.692  -21.801  -18.875 0.4000000060
54588  -33.130  -23.616  -18.183 0.4000000060
50454  -30.470  -28.213  -22.549 0.5000000000
110278  -31.508  -27.086  -23.343 0.5000000000
51281  -31.923  -27.548  -23.567 0.5000000000
51287  -32.116  -27.005  -23.618 0.5000000000
52985  -31.950  -26.193  -23.295 0.5000000000
49594  -31.526  -28.861  -23.511 0.5000000000
50461  -32.189  -28.294  -23.643 0.5000000000
50473  -34.729  -28.052  -24.081 0.4000000060
50472  -33.786  -27.926  -23.941 0.5000000000
56232  -32.522  -22.285  -18.628 0.4000000060
56242  -30.675  -20.865  -19.335 0.4000000060
52040  -31.459  -26.644  -23.069 0.5000000000
52028  -32.146  -26.338  -22.435 0.4000000060
51282  -32.767  -27.628  -23.769 0.4000000060
107237  -33.416  -27.068  -23.987 0.4000000060
51288  -34.370  -27.246  -24.180 0.5000000000
51289  -35.376  -27.440  -24.331 0.3000000119
52979  -32.365  -25.774  -23.255 0.4000000060
114704  -32.701  -26.887  -23.783 0.4000000060
52050  -35.031  -26.579  -24.428 0.5000000000
52988  -35.937  -25.986  -24.786 0.4000000060
107902  -33.488  -25.779  -24.034 0.4000000060
52052  -37.954  -26.972  -25.537 0.4000000060
52049  -33.921  -26.407  -24.185 0.4000000060
53819  -34.446  -24.579  -24.261 0.4000000060
52989  -37.147  -25.821  -25.717 0.4000000060
52059  -38.114  -26.293  -26.212 0.4000000060
52998  -38.863  -25.933  -26.893 0.4000000060
123169  -39.037  -26.064  -26.360 0.4000000060
53820  -35.597  -24.606  -24.753 0.4000000060
128615  -36.179  -25.286  -25.021 0.3000000119
53821  -36.841  -24.899  -25.725 0.4000000060
54633  -36.110  -24.044  -24.972 0.4000000060
107841  -34.958  -23.857  -24.434 0.4000000060
53831  -37.697  -24.651  -26.576 0.3000000119
52997  -38.192  -25.458  -26.766 0.4000000060
53833  -38.959  -25.303  -27.387 0.4000000060
110934  -39.111  -24.663  -27.570 0.5000000000
54634  -37.015  -24.202  -25.852 0.4000000060
54646  -37.850  -23.895  -26.614 0.4000000060
29318  -28.796  -53.700  -20.691 0.6999999881
27565  -31.963  -56.062  -15.787 0.6999999881
22949  -26.787  -60.539  -11.590 0.6000000238
27538  -33.030  -55.713  -13.130 0.6999999881
128775  -33.123  -53.278  -16.020 0.8000000119
29258  -33.865  -53.829  -14.467 0.8000000119
28350  -31.093  -54.739  -11.514 0.6000000238
29201  -32.258  -53.438  -11.671 0.6000000238
29221  -33.055  -53.047  -12.068 0.6999999881
30902  -34.370  -51.087  -15.853 0.8000000119
26621  -25.693  -56.294  -14.343 0.4000000060
36322  -30.701  -45.757  -20.660 0.8000000119
119773  -27.359  -51.675  -13.747 0.5000000000
115439  -35.814  -48.831  -14.059 0.8000000119
34403  -35.718  -47.355  -15.893 0.8000000119
33379  -34.450  -48.719  -12.331 0.8000000119
32459  -30.079  -49.212  -12.217 0.6000000238
35295  -27.990  -46.521  -13.410 0.5000000000
35286  -30.065  -46.519  -11.947 0.6000000238
116082  -33.196  -43.026  -16.550 0.6999999881
128569  -35.763  -44.611  -12.304 0.6999999881
38685  -33.704  -42.476  -11.088 0.6999999881
39468  -35.752  -41.825  -12.114 0.6999999881
126271  -37.049  -38.067  -17.764 0.6999999881
42949  -36.712  -37.660  -18.102 0.6999999881
42920  -36.655  -37.668  -13.459 0.6000000238
111484  -38.015  -37.763  -16.926 0.6999999881
119701  -37.875  -37.004  -17.288 0.6000000238
43776  -36.651  -36.303  -13.811 0.5000000000
46280  -37.277  -33.646  -15.638 0.4000000060
48705  -36.209  -30.090  -16.542 0.4000000060
52047  -32.294  -26.470  -23.563 0.4000000060
29319  -31.773  -53.649  -20.741 0.5000000000
29331  -32.647  -53.201  -21.067 0.5000000000
26685  -28.090  -56.914  -22.144 0.6999999881
30975  -33.567  -51.704  -22.543 0.5000000000
117321  -28.035  -62.012  -12.864 0.5000000000
113664  -32.575  -50.312  -22.458 0.6999999881
27575  -30.905  -55.698  -17.024 0.6999999881
28419  -31.131  -55.029  -17.021 0.6999999881
30110  -29.336  -52.681  -20.376 0.6999999881
117059  -29.738  -52.709  -19.449 0.6999999881
31774  -30.560  -50.701  -20.390 0.6999999881
120075  -29.863  -52.196  -19.938 0.6999999881
33506  -32.943  -49.162  -21.928 0.6999999881
33495  -35.538  -49.304  -21.093 0.5000000000
33487  -34.115  -48.374  -20.663 0.6000000238
35384  -35.533  -47.234  -19.497 0.5000000000
30089  -31.254  -52.669  -17.382 0.6999999881
23900  -30.133  -59.070  -11.834 0.6000000238
28409  -32.787  -54.702  -15.587 0.8000000119
29292  -31.512  -53.397  -17.020 0.6999999881
25734  -28.236  -57.804  -11.973 0.6000000238
24849  -27.435  -58.186  -12.150 0.6000000238
35391  -31.213  -46.607  -21.367 0.8000000119
27493  -31.569  -55.539  -11.597 0.6999999881
23918  -24.941  -59.234  -12.476 0.5000000000
35373  -36.077  -46.309  -19.197 0.5000000000
30044  -34.006  -52.892  -13.272 0.6999999881
26598  -27.534  -56.567  -12.797 0.6000000238
31733  -35.003  -50.932  -15.177 0.8000000119
36312  -36.500  -45.648  -19.187 0.6000000238
30856  -34.103  -52.091  -13.059 0.6999999881
35348  -31.588  -46.558  -18.112 0.8999999762
35361  -30.616  -46.018  -19.618 0.8000000119
37181  -36.604  -44.856  -19.202 0.6000000238
37194  -38.881  -44.635  -20.067 0.4000000060
27553  -26.131  -55.308  -14.205 0.3000000119
27515  -27.820  -55.654  -12.800 0.5000000000
26614  -26.432  -56.606  -13.566 0.5000000000
25746  -26.165  -57.406  -13.324 0.5000000000
25756  -25.249  -57.132  -14.327 0.4000000060
37192  -31.363  -44.814  -20.404 0.8000000119
30842  -30.836  -51.933  -11.783 0.6000000238
31690  -32.621  -50.887  -11.791 0.6000000238
32463  -34.224  -49.454  -12.388 0.8000000119
29219  -29.425  -53.169  -12.239 0.5000000000
26622  -26.411  -55.874  -13.807 0.4000000060
27536  -26.781  -55.183  -13.639 0.5000000000
27537  -27.392  -55.182  -13.221 0.5000000000
34401  -33.919  -47.410  -16.549 0.8000000119
38010  -35.509  -43.560  -19.375 0.6999999881
39555  -36.997  -41.772  -20.525 0.6000000238
39556  -38.783  -41.846  -20.359 0.4000000060
127652  -30.898  -51.185  -11.823 0.6000000238
30059  -26.828  -52.177  -14.047 0.5000000000
29242  -27.405  -53.388  -13.425 0.5000000000
30025  -29.373  -52.331  -12.381 0.5000000000
118761  -35.835  -47.346  -13.179 0.6999999881
113778  -30.946  -50.556  -11.838 0.6000000238
32472  -27.612  -49.423  -13.844 0.5000000000
31705  -28.103  -50.024  -13.416 0.6000000238
30871  -27.908  -50.968  -13.482 0.5000000000
32473  -28.215  -49.210  -13.352 0.6000000238
125587  -26.848  -51.512  -14.177 0.5000000000
30851  -29.294  -51.462  -12.515 0.5000000000
34383  -26.742  -47.114  -15.332 0.6000000238
30043  -28.038  -51.916  -13.273 0.5000000000
129887  -28.808  -49.709  -12.890 0.6000000238
31688  -29.362  -50.524  -12.552 0.5000000000
37128  -26.390  -44.451  -15.671 0.4000000060
35319  -36.397  -46.386  -15.252 0.6999999881
33374  -28.805  -48.171  -12.902 0.6000000238
112118  -28.666  -48.924  -12.983 0.6000000238
35285  -29.416  -46.466  -12.346 0.5000000000
36238  -28.879  -45.568  -12.534 0.5000000000
36255  -36.576  -45.780  -14.740 0.6999999881
37941  -27.916  -43.169  -12.905 0.4000000060
109451  -29.300  -44.952  -12.155 0.5000000000
35273  -32.952  -46.517  -11.245 0.6999999881
35271  -31.269  -46.432  -11.460 0.6999999881
116261  -36.859  -44.120  -15.418 0.6999999881
127658  -27.865  -42.437  -12.880 0.4000000060
111585  -31.265  -45.206  -11.173 0.6000000238
108338  -32.794  -45.285  -10.829 0.6999999881
36239  -29.780  -45.687  -11.936 0.6000000238
39467  -28.695  -41.633  -11.775 0.3000000119
38722  -37.364  -42.796  -15.318 0.6999999881
39550  -32.106  -41.421  -20.499 0.8999999762
114026  -33.144  -40.552  -21.315 0.8000000119
40334  -32.372  -40.347  -21.273 0.8000000119
40335  -33.948  -40.391  -21.545 0.6000000238
41240  -35.297  -39.958  -21.991 0.6000000238
41250  -34.356  -39.211  -22.120 0.6000000238
42113  -32.891  -39.215  -21.785 0.8000000119
37917  -30.522  -43.472  -11.034 0.6000000238
37920  -34.345  -43.249  -11.228 0.6999999881
38682  -30.491  -42.570  -10.839 0.5000000000
37975  -36.259  -42.982  -16.380 0.6999999881
39520  -33.218  -41.317  -16.978 0.8000000119
39501  -35.755  -41.535  -16.850 0.6999999881
40332  -31.248  -39.809  -20.913 0.8000000119
116287  -32.820  -40.883  -11.203 0.5000000000
39475  -36.901  -41.663  -13.301 0.6999999881
38723  -37.449  -42.046  -14.738 0.6999999881
42011  -30.653  -38.542  -11.515 0.3000000119
39502  -36.772  -41.308  -16.639 0.6999999881
39489  -37.547  -41.407  -15.327 0.6999999881
40284  -37.349  -40.821  -16.356 0.6999999881
40295  -32.825  -40.010  -17.550 0.8000000119
39469  -36.390  -41.761  -12.669 0.6999999881
41137  -32.523  -39.622  -11.424 0.5000000000
39476  -37.300  -41.478  -13.938 0.6999999881
42012  -31.439  -38.653  -11.519 0.3000000119
41138  -33.177  -39.364  -11.547 0.5000000000
42014  -33.249  -38.561  -11.729 0.4000000060
40271  -37.625  -40.787  -15.760 0.6999999881
43758  -31.141  -36.534  -12.088 0.3000000119
42902  -34.007  -37.310  -12.229 0.3000000119
44588  -33.825  -35.779  -12.658 0.3000000119
119323  -37.590  -39.931  -14.494 0.6999999881
44599  -32.610  -35.204  -12.699 0.3000000119
44600  -33.336  -34.978  -12.886 0.3000000119
43841  -32.757  -36.731  -22.192 0.6999999881
42903  -35.076  -37.910  -12.381 0.6000000238
42904  -35.976  -37.864  -12.838 0.6000000238
122824  -34.830  -37.099  -12.503 0.4000000060
42053  -37.651  -38.525  -14.540 0.6999999881
41185  -37.780  -39.303  -14.996 0.6999999881
42061  -37.987  -38.622  -15.518 0.6999999881
43799  -38.020  -36.320  -16.948 0.6000000238
45463  -30.971  -34.450  -19.764 0.8000000119
122886  -32.694  -35.910  -22.329 0.6000000238
115216  -33.445  -36.245  -22.574 0.6000000238
43774  -34.579  -35.872  -12.794 0.3000000119
124375  -36.483  -36.892  -13.508 0.5000000000
46272  -33.932  -33.056  -14.029 0.3000000119
45436  -37.237  -34.805  -14.959 0.5000000000
113021  -37.581  -34.892  -17.800 0.6000000238
45466  -33.923  -34.395  -19.734 0.6999999881
46261  -35.277  -34.003  -13.803 0.3000000119
47055  -33.503  -32.395  -14.378 0.3000000119
45435  -36.191  -34.197  -14.158 0.3000000119
47848  -32.690  -31.137  -15.193 0.3000000119
47849  -33.549  -31.152  -15.191 0.3000000119
45451  -37.569  -34.145  -17.452 0.6000000238
45459  -37.313  -34.318  -18.284 0.6000000238
45502  -30.481  -34.667  -21.833 0.6999999881
127683  -29.276  -33.971  -21.644 0.6999999881
47107  -32.587  -32.272  -20.673 0.6000000238
47129  -28.876  -32.811  -21.949 0.6999999881
44696  -34.086  -35.044  -22.903 0.5000000000
126361  -27.730  -32.041  -21.211 0.6000000238
48758  -28.695  -30.811  -21.612 0.6000000238
47852  -36.344  -31.497  -15.740 0.4000000060
49527  -34.070  -29.798  -15.874 0.4000000060
124058  -35.477  -31.104  -20.176 0.5000000000
118464  -32.692  -30.394  -21.269 0.5000000000
127403  -28.348  -32.178  -21.710 0.5000000000
51216  -32.856  -27.947  -16.746 0.4000000060
49578  -34.733  -30.026  -20.791 0.5000000000
48726  -36.402  -29.878  -19.192 0.4000000060
54585  -30.489  -23.198  -18.349 0.3000000119
51267  -30.961  -27.431  -22.719 0.5000000000
52987  -34.454  -25.603  -24.348 0.4000000060
53822  -39.175  -25.376  -27.058 0.4000000060
106929  -36.674  -23.489  -25.359 0.4000000060
53811  -39.320  -24.619  -25.951 0.3000000119
127401  -29.816  -61.328  -20.754 0.5000000000
24016  -29.241  -59.637  -21.979 0.5000000000
21273  -29.176  -62.377  -17.855 0.4000000060
21289  -29.398  -62.387  -18.721 0.5000000000
21301  -29.523  -62.360  -19.636 0.5000000000
22168  -29.850  -61.512  -19.996 0.5000000000
23071  -29.846  -60.599  -20.377 0.6000000238
24007  -29.459  -59.716  -20.881 0.6000000238
107747  -29.876  -61.582  -18.216 0.5000000000
22158  -29.576  -61.827  -17.471 0.5000000000
116454  -30.144  -60.767  -18.823 0.5000000000
111552  -29.648  -61.604  -16.859 0.5000000000
24002  -29.500  -58.819  -19.488 0.6000000238
115823  -29.852  -59.788  -19.818 0.6000000238
24001  -29.132  -58.908  -20.419 0.6000000238
128867  -28.175  -57.839  -20.694 0.6000000238
108330  -28.662  -58.089  -20.059 0.6000000238
25806  -27.845  -57.647  -21.265 0.6000000238
26676  -27.792  -56.541  -21.680 0.6000000238
25805  -27.633  -56.934  -20.947 0.6000000238
22142  -30.221  -61.030  -16.697 0.5000000000
23062  -30.281  -60.601  -18.072 0.5000000000
23993  -30.138  -59.683  -18.758 0.6000000238
124836  -29.795  -61.409  -16.249 0.5000000000
107968  -29.801  -58.657  -18.754 0.6000000238
110766  -28.899  -61.633  -14.997 0.5000000000
128139  -29.987  -61.201  -15.220 0.5000000000
24917  -29.264  -58.032  -19.154 0.6000000238
25797  -28.045  -56.650  -20.194 0.6000000238
27624  -28.080  -55.773  -21.400 0.6000000238
23057  -30.428  -60.432  -17.270 0.5000000000
123357  -30.262  -58.840  -17.972 0.5000000000
23030  -30.290  -61.010  -15.801 0.5000000000
23977  -30.993  -59.528  -16.203 0.5000000000
23045  -30.650  -60.343  -16.448 0.5000000000
23985  -30.621  -59.437  -17.108 0.5000000000
24911  -29.769  -57.999  -18.404 0.6000000238
22095  -29.579  -61.306  -14.675 0.5000000000
114658  -30.393  -60.784  -14.831 0.5000000000
22094  -28.807  -61.613  -14.261 0.5000000000
22080  -29.380  -61.255  -13.768 0.5000000000
26657  -29.144  -56.744  -18.741 0.6000000238
25790  -28.659  -57.249  -19.490 0.6000000238
27623  -27.745  -55.833  -21.182 0.6000000238
27607  -27.881  -55.576  -20.713 0.6000000238
23031  -30.860  -60.269  -15.548 0.5000000000
24890  -31.161  -58.066  -16.316 0.5000000000
123139  -30.699  -58.090  -16.934 0.6000000238
25770  -30.791  -57.350  -16.855 0.6000000238
23960  -31.086  -60.091  -14.635 0.5000000000
25781  -30.293  -57.833  -17.594 0.6000000238
22079  -28.721  -61.593  -13.354 0.5000000000
22065  -27.775  -61.449  -12.053 0.5000000000
26655  -28.065  -55.838  -20.091 0.6000000238
27608  -28.213  -55.082  -20.257 0.6000000238
23961  -31.455  -59.315  -14.417 0.5000000000
23968  -31.266  -59.477  -15.324 0.5000000000
128182  -31.414  -58.319  -15.771 0.5000000000
125107  -31.294  -57.385  -16.217 0.6000000238
22991  -30.600  -60.392  -13.789 0.5000000000
22067  -29.233  -61.153  -12.941 0.5000000000
22972  -30.282  -60.298  -12.831 0.6000000238
24872  -31.874  -58.497  -14.057 0.6000000238
24880  -31.563  -58.618  -15.136 0.5000000000
25764  -31.570  -57.807  -15.586 0.5000000000
26628  -31.646  -56.927  -15.747 0.6000000238
113319  -31.009  -59.759  -12.990 0.6000000238
23946  -31.476  -59.179  -13.527 0.6000000238
26637  -31.230  -56.794  -16.421 0.6000000238
22952  -29.276  -60.223  -11.974 0.5000000000
23922  -30.353  -59.718  -12.292 0.5000000000
23923  -30.850  -59.109  -12.328 0.6000000238
22054  -27.144  -61.111  -11.663 0.4000000060
24862  -31.776  -58.517  -13.074 0.6000000238
25748  -32.157  -57.869  -13.345 0.6000000238
25758  -32.207  -57.661  -14.172 0.6000000238
25757  -32.030  -57.356  -14.998 0.5000000000
129604  -32.154  -56.701  -15.161 0.6000000238
113716  -31.327  -56.157  -16.490 0.6000000238
26623  -32.404  -56.912  -14.394 0.6999999881
111385  -36.521  -43.859  -19.374 0.5000000000
40226  -33.773  -40.799  -11.433 0.5000000000
42948  -35.744  -37.987  -18.279 0.6000000238
42990  -33.553  -37.795  -22.195 0.5000000000
43000  -34.612  -36.996  -23.019 0.5000000000
117482  -39.294  -24.436  -27.184 0.4000000060
54635  -39.382  -23.690  -26.487 0.3000000119
55429  -39.469  -22.944  -25.536 0.3000000119
56282  -39.297  -21.593  -23.950 0.3000000119
21288  -28.617  -62.884  -18.401 0.4000000060
24025  -29.154  -59.080  -22.691 0.5000000000
24015  -28.802  -58.914  -21.393 0.6000000238
24923  -28.382  -58.291  -20.936 0.6000000238
24930  -28.171  -58.282  -21.790 0.5000000000
25814  -27.799  -57.711  -22.048 0.5000000000
22156  -27.901  -62.410  -16.897 0.4000000060
22141  -29.092  -61.797  -16.251 0.5000000000
21232  -28.222  -62.015  -14.821 0.5000000000
22117  -28.572  -61.851  -15.611 0.5000000000
21219  -27.698  -62.529  -13.485 0.4000000060
21200  -26.843  -62.465  -12.220 0.4000000060
37183  -38.270  -44.344  -19.658 0.4000000060
38012  -38.350  -43.540  -19.731 0.4000000060
38011  -37.512  -43.867  -19.494 0.4000000060
41155  -34.027  -39.098  -11.744 0.5000000000
42028  -34.106  -38.263  -12.032 0.4000000060
42992  -34.847  -37.761  -22.818 0.5000000000
43001  -35.222  -36.958  -23.398 0.5000000000
45444  -37.431  -34.467  -15.550 0.4000000060
55418  -39.707  -22.200  -25.956 0.3000000119
57110  -39.542  -20.134  -23.785 0.3000000119
21272  -28.215  -62.642  -17.582 0.4000000060
22950  -27.685  -60.543  -11.610 0.5000000000
22066  -28.540  -61.367  -12.553 0.5000000000
22971  -29.602  -60.602  -12.571 0.6000000238
21231  -28.194  -61.990  -13.860 0.4000000060
117626  -29.664  -60.586  -21.321 0.6000000238
22163  -29.869  -61.595  -19.142 0.5000000000
23056  -30.077  -61.201  -17.451 0.5000000000
22157  -28.878  -62.204  -16.992 0.5000000000
24889  -30.862  -58.729  -16.640 0.5000000000
24879  -31.269  -58.799  -15.940 0.5000000000
23009  -29.998  -60.955  -14.079 0.5000000000
23945  -31.210  -59.807  -13.859 0.5000000000
54636  -39.368  -22.834  -26.657 0.4000000060
22140  -28.215  -62.128  -16.308 0.4000000060
112508  -28.571  -58.297  -22.501 0.4000000060
25823  -28.377  -57.551  -22.433 0.4000000060
22116  -27.817  -62.237  -15.658 0.4000000060
30058  -26.249  -52.595  -14.489 0.4000000060
29257  -26.197  -53.608  -14.391 0.3000000119
29241  -26.816  -53.754  -13.789 0.4000000060
30883  -26.565  -50.952  -14.615 0.4000000060
117282  -26.372  -51.768  -14.570 0.4000000060
113604  -26.104  -48.605  -17.497 0.4000000060
31740  -26.169  -49.750  -16.043 0.4000000060
31732  -26.134  -50.533  -15.493 0.4000000060
31722  -26.609  -50.170  -14.915 0.4000000060
33457  -25.149  -48.604  -18.536 0.3000000119
33441  -26.211  -47.973  -17.673 0.3000000119
34414  -25.168  -47.613  -18.510 0.4000000060
33396  -26.717  -48.667  -15.287 0.4000000060
34415  -25.841  -47.461  -18.088 0.4000000060
123804  -26.445  -48.143  -16.992 0.5000000000
35347  -26.022  -46.700  -17.855 0.4000000060
35331  -26.471  -46.513  -16.929 0.4000000060
33422  -26.619  -47.878  -16.025 0.5000000000
36274  -26.355  -45.668  -16.772 0.4000000060
44610  -36.758  -35.612  -14.195 0.3000000119
129678  -36.330  -35.019  -14.031 0.3000000119
45425  -36.803  -34.868  -14.482 0.3000000119
46276  -36.978  -34.050  -14.816 0.3000000119
50434  -30.553  -28.530  -21.904 0.4000000060
47066  -35.774  -32.037  -15.026 0.3000000119
50435  -31.388  -28.427  -21.747 0.4000000060
49528  -34.787  -29.929  -15.883 0.3000000119
49538  -33.532  -29.353  -16.123 0.3000000119
51259  -33.018  -27.920  -21.637 0.4000000060
51258  -31.874  -27.730  -21.853 0.4000000060
52978  -31.865  -26.033  -23.031 0.4000000060
123551  -35.516  -30.127  -16.011 0.3000000119
50397  -35.874  -28.837  -16.819 0.3000000119
49539  -34.521  -29.278  -16.181 0.3000000119
50396  -35.158  -28.669  -16.534 0.3000000119
50406  -35.753  -28.228  -17.049 0.3000000119
49547  -36.444  -29.346  -17.786 0.3000000119
51218  -34.972  -27.916  -16.740 0.3000000119
51233  -35.585  -27.511  -17.403 0.3000000119
50423  -36.335  -28.821  -18.344 0.3000000119
49563  -36.448  -29.433  -18.539 0.3000000119
49566  -36.065  -29.627  -20.000 0.3000000119
51231  -33.629  -27.302  -16.907 0.3000000119
51217  -34.242  -27.761  -16.724 0.3000000119
51993  -32.379  -26.452  -17.317 0.3000000119
52934  -33.083  -25.763  -17.455 0.3000000119
49579  -35.378  -29.299  -20.658 0.3000000119
52933  -32.125  -25.661  -17.521 0.3000000119
53758  -31.832  -24.879  -17.739 0.3000000119
50438  -34.749  -28.677  -21.162 0.3000000119
50446  -34.127  -28.028  -21.443 0.3000000119
122591  -30.319  -22.528  -18.597 0.3000000119
122461  -31.046  -22.636  -18.541 0.3000000119
51270  -33.608  -27.230  -21.659 0.3000000119
52027  -32.037  -25.942  -22.840 0.3000000119
52986  -32.900  -25.655  -23.655 0.3000000119
50422  -36.175  -28.082  -17.968 0.3000000119
51232  -34.730  -27.129  -17.088 0.3000000119
50427  -36.311  -29.146  -19.220 0.3000000119
51994  -33.298  -26.542  -17.226 0.3000000119
111356  -34.123  -26.611  -17.211 0.3000000119
51996  -35.436  -26.848  -17.691 0.3000000119
50426  -36.184  -28.253  -19.230 0.3000000119
113539  -36.055  -28.921  -20.006 0.3000000119
50439  -35.655  -28.278  -20.523 0.3000000119
52935  -34.024  -25.919  -17.416 0.3000000119
53759  -32.804  -24.975  -17.667 0.3000000119
122938  -34.978  -27.967  -21.190 0.3000000119
50447  -34.601  -27.337  -21.382 0.3000000119
54587  -32.161  -23.527  -18.224 0.3000000119
56231  -31.678  -22.049  -18.727 0.3000000119
56244  -32.469  -21.564  -18.881 0.3000000119
52029  -33.187  -26.396  -22.001 0.3000000119
56243  -31.587  -21.192  -19.091 0.3000000119
52963  -32.889  -25.616  -22.582 0.3000000119
52971  -32.462  -25.555  -23.003 0.3000000119
120484  -33.109  -25.115  -23.291 0.3000000119
107084  -33.575  -25.124  -23.917 0.3000000119
52010  -35.589  -26.367  -18.335 0.3000000119
51247  -35.962  -27.247  -18.535 0.3000000119
52015  -35.833  -26.502  -19.323 0.3000000119
51253  -35.954  -27.363  -19.863 0.3000000119
53760  -33.892  -25.057  -17.649 0.3000000119
52009  -35.269  -25.746  -18.166 0.3000000119
110386  -35.617  -25.731  -18.895 0.3000000119
53774  -32.466  -24.234  -17.934 0.3000000119
53775  -33.444  -24.325  -17.889 0.3000000119
121390  -34.227  -24.402  -17.967 0.3000000119
51260  -35.391  -27.367  -20.837 0.3000000119
52020  -34.993  -26.589  -21.220 0.3000000119
55380  -32.794  -22.928  -18.405 0.3000000119
115673  -33.273  -22.418  -18.599 0.3000000119
52964  -34.262  -25.794  -21.811 0.3000000119
115114  -33.138  -21.920  -18.756 0.3000000119
57079  -32.621  -20.658  -19.261 0.3000000119
56245  -33.404  -21.331  -19.024 0.3000000119
111824  -33.971  -24.840  -22.437 0.3000000119
52972  -33.206  -24.874  -22.932 0.3000000119
53818  -33.771  -24.359  -23.684 0.3000000119
54590  -34.859  -24.180  -18.460 0.3000000119
52949  -35.530  -25.058  -19.363 0.3000000119
52021  -35.673  -26.556  -20.381 0.3000000119
109578  -34.074  -23.770  -18.216 0.3000000119
53781  -35.482  -24.364  -19.772 0.3000000119
110880  -35.703  -25.761  -19.856 0.3000000119
126182  -35.359  -25.749  -20.903 0.3000000119
55381  -33.837  -22.943  -18.505 0.3000000119
54589  -34.686  -23.331  -18.717 0.3000000119
57080  -33.758  -20.637  -19.425 0.3000000119
57081  -34.444  -20.708  -19.765 0.3000000119
53797  -34.575  -24.038  -22.096 0.3000000119
117266  -33.278  -19.904  -19.622 0.3000000119
53796  -33.812  -24.130  -22.780 0.3000000119
54613  -33.849  -23.669  -23.005 0.3000000119
122073  -33.607  -24.254  -23.174 0.3000000119
54632  -34.229  -23.835  -24.045 0.3000000119
53776  -35.338  -24.450  -19.038 0.3000000119
52956  -35.503  -25.015  -20.305 0.3000000119
55382  -34.566  -22.647  -18.891 0.3000000119
54595  -35.001  -22.926  -19.239 0.3000000119
54596  -35.253  -23.671  -19.299 0.3000000119
56233  -34.005  -22.047  -18.816 0.3000000119
108201  -34.872  -22.147  -19.488 0.3000000119
53788  -35.061  -24.801  -21.399 0.3000000119
57902  -33.766  -19.189  -20.069 0.3000000119
56246  -34.324  -21.320  -19.370 0.3000000119
56252  -34.915  -21.251  -20.138 0.3000000119
57887  -34.175  -20.016  -19.826 0.3000000119
57090  -34.697  -20.394  -20.305 0.3000000119
54621  -34.067  -23.567  -23.478 0.3000000119
54622  -34.567  -23.208  -24.118 0.3000000119
53789  -35.422  -24.343  -20.577 0.3000000119
55396  -35.263  -22.920  -19.908 0.3000000119
54602  -35.412  -23.683  -20.251 0.3000000119
55395  -35.170  -22.164  -20.490 0.3000000119
54601  -35.299  -22.992  -20.873 0.3000000119
53798  -35.222  -23.830  -21.200 0.3000000119
54609  -34.779  -23.145  -21.962 0.3000000119
57903  -34.514  -19.597  -20.495 0.3000000119
125752  -35.010  -20.772  -20.829 0.3000000119
54608  -34.224  -23.597  -22.603 0.3000000119
55415  -34.528  -22.617  -23.505 0.3000000119
55427  -36.217  -22.705  -24.760 0.3000000119
54623  -35.513  -23.265  -24.582 0.3000000119
58692  -34.308  -18.814  -20.715 0.3000000119
56258  -35.119  -21.437  -21.133 0.3000000119
55401  -35.058  -22.256  -21.529 0.3000000119
57096  -34.935  -20.122  -21.091 0.3000000119
55407  -34.688  -22.392  -22.569 0.3000000119
56279  -34.776  -21.914  -23.118 0.3000000119
54614  -34.257  -23.130  -22.892 0.3000000119
56280  -35.003  -21.893  -23.728 0.3000000119
56295  -35.740  -21.934  -24.262 0.3000000119
55416  -35.097  -22.540  -24.209 0.3000000119
117007  -36.934  -22.089  -25.008 0.3000000119
58710  -34.663  -18.337  -21.324 0.3000000119
57914  -34.954  -19.249  -21.394 0.3000000119
57097  -35.206  -20.089  -21.952 0.3000000119
57108  -35.221  -20.761  -22.513 0.3000000119
56265  -35.014  -21.525  -22.277 0.3000000119
57927  -35.461  -20.184  -22.642 0.3000000119
56266  -35.077  -21.313  -23.156 0.3000000119
57122  -36.118  -20.651  -23.751 0.3000000119
56281  -35.533  -21.283  -23.751 0.3000000119
56296  -36.392  -21.327  -24.342 0.3000000119
55428  -37.449  -22.916  -25.859 0.3000000119
56297  -37.464  -21.370  -25.212 0.3000000119
55437  -38.599  -23.261  -26.931 0.3000000119
54647  -38.817  -24.088  -27.389 0.3000000119
58711  -35.327  -18.459  -22.073 0.3000000119
57915  -35.453  -19.454  -22.351 0.3000000119
57121  -35.503  -20.684  -23.185 0.3000000119
55438  -39.113  -22.646  -26.880 0.3000000119
26678  -29.420  -56.320  -21.705 0.4000000060
32496  -26.580  -49.455  -15.311 0.4000000060
128029  -26.963  -50.406  -14.364 0.4000000060
112258  -26.607  -46.253  -15.813 0.4000000060
34399  -26.457  -47.396  -17.175 0.4000000060
50395  -34.169  -28.513  -16.456 0.3000000119
120607  -36.510  -29.853  -17.338 0.3000000119
50407  -36.205  -28.744  -17.457 0.3000000119
50436  -32.409  -28.598  -21.593 0.4000000060
53773  -31.541  -24.125  -18.002 0.3000000119
32518  -25.566  -49.050  -18.151 0.4000000060
31750  -25.318  -50.025  -17.984 0.4000000060
32505  -25.706  -50.324  -16.649 0.4000000060
127328  -26.391  -49.985  -15.423 0.4000000060
52030  -34.172  -26.674  -21.630 0.3000000119
51995  -34.898  -26.255  -17.585 0.3000000119
52943  -34.717  -25.439  -17.794 0.3000000119
57078  -31.504  -20.194  -19.506 0.3000000119
53761  -34.643  -24.792  -17.975 0.3000000119
52944  -35.212  -25.037  -18.466 0.3000000119
57901  -32.684  -19.155  -19.872 0.3000000119
57107  -35.130  -20.766  -21.643 0.3000000119
111630  -38.278  -22.178  -26.266 0.3000000119
57939  -35.960  -19.860  -23.156 0.3000000119
113971  -25.017  -49.456  -18.593 0.4000000060
36314  -38.309  -45.165  -19.788 0.4000000060
21218  -23.318  -62.058  -12.898 0.3000000119
21198  -23.918  -62.578  -12.567 0.3000000119
128463  -22.821  -61.659  -13.312 0.3000000119
120428  -24.611  -62.340  -12.262 0.3000000119
35346  -25.293  -46.761  -18.476 0.3000000119
36289  -26.074  -46.021  -17.573 0.3000000119
128110  -25.427  -51.932  -15.837 0.3000000119
30911  -25.231  -51.000  -17.269 0.3000000119
30890  -25.591  -51.280  -15.973 0.3000000119
32506  -25.896  -49.426  -17.156 0.3000000119
30069  -25.759  -52.045  -15.187 0.3000000119
30891  -26.055  -51.312  -15.112 0.3000000119
31749  -24.803  -50.817  -18.294 0.3000000119
35387  -38.404  -46.304  -20.846 0.3000000119
21199  -26.175  -62.941  -12.213 0.4000000060
22052  -25.679  -61.165  -11.737 0.5000000000
22118  -29.467  -61.478  -15.548 0.5000000000
22951  -28.543  -60.316  -11.760 0.5000000000
22970  -28.936  -60.789  -12.261 0.6000000238
22990  -29.878  -60.814  -13.324 0.5000000000
23067  -30.032  -60.759  -19.555 0.6000000238
23898  -28.916  -59.683  -11.675 0.6000000238
23899  -29.664  -59.669  -11.868 0.5000000000
23921  -29.871  -60.142  -12.244 0.5000000000
23944  -24.330  -58.851  -12.998 0.3000000119
23994  -30.413  -59.796  -17.851 0.5000000000
24024  -28.695  -58.795  -22.124 0.5000000000
25780  -29.734  -57.212  -18.190 0.6999999881
25791  -29.309  -57.439  -18.790 0.6000000238
25813  -27.615  -57.098  -21.606 0.6000000238
25822  -27.763  -57.175  -22.060 0.5000000000
26575  -29.810  -55.977  -11.602 0.6999999881
26602  -32.514  -56.146  -12.414 0.6000000238
26656  -28.521  -56.291  -19.351 0.6000000238
26663  -27.707  -56.215  -20.768 0.6000000238
26669  -27.621  -56.534  -21.265 0.6000000238
26677  -28.432  -56.345  -21.816 0.6999999881
26686  -28.903  -56.949  -22.248 0.4000000060
27491  -29.561  -55.318  -11.782 0.6000000238
27494  -32.298  -55.515  -11.946 0.6999999881
27576  -31.507  -55.449  -16.504 0.6999999881
27614  -28.073  -55.037  -20.920 0.6999999881
28373  -33.003  -54.029  -12.215 0.8000000119
28445  -29.115  -54.621  -18.933 0.6999999881
28460  -31.460  -54.457  -20.561 0.5000000000
28470  -29.501  -53.871  -21.228 0.6999999881
29199  -30.686  -53.842  -11.646 0.6000000238
30012  -31.562  -52.692  -11.592 0.6000000238
30045  -34.371  -52.383  -13.725 0.6999999881
30061  -34.488  -52.390  -14.475 0.8000000119
30099  -29.231  -53.291  -19.769 0.6999999881
30109  -28.983  -53.320  -20.451 0.6999999881
30870  -27.162  -50.962  -14.020 0.5000000000
30901  -33.772  -51.286  -16.271 0.8000000119
30914  -32.303  -50.874  -17.160 0.8000000119
30948  -29.727  -51.454  -21.351 0.6999999881
30959  -29.870  -51.378  -21.770 0.6999999881
30974  -32.415  -51.341  -22.350 0.6000000238
32497  -35.057  -49.607  -15.706 0.8000000119
32535  -24.397  -49.849  -18.605 0.4000000060
32536  -31.739  -48.857  -18.757 0.8000000119
32548  -30.949  -49.124  -20.367 0.8000000119
32581  -30.453  -49.628  -22.079 0.6999999881
33369  -32.122  -47.884  -11.614 0.8000000119
33397  -27.212  -48.776  -14.429 0.6000000238
33440  -25.693  -48.218  -18.181 0.4000000060
33488  -35.118  -48.648  -20.398 0.5000000000
33493  -33.596  -48.804  -21.283 0.6999999881
33504  -31.285  -48.663  -22.359 0.6999999881
33505  -32.067  -48.749  -22.352 0.6999999881
34341  -31.650  -47.165  -11.544 0.6999999881
35270  -30.546  -46.144  -11.644 0.6000000238
35374  -36.984  -46.154  -19.364 0.5000000000
36222  -32.062  -45.244  -10.891 0.6999999881
36288  -25.460  -46.009  -18.325 0.3000000119
36308  -30.513  -45.405  -20.110 0.8000000119
37090  -35.232  -44.683  -11.758 0.6999999881
37105  -29.198  -44.208  -11.969 0.5000000000
37111  -27.249  -44.184  -13.843 0.4000000060
37158  -31.525  -44.559  -17.500 0.8000000119
37182  -37.527  -44.832  -19.405 0.6000000238
38683  -31.384  -42.450  -10.676 0.6000000238
38742  -31.345  -43.162  -17.604 0.8000000119
38748  -37.021  -42.059  -16.296 0.6999999881
38800  -37.014  -42.498  -19.870 0.6000000238
40282  -36.121  -40.755  -17.123 0.6999999881
40329  -31.778  -40.736  -20.757 0.8000000119
40346  -36.689  -39.912  -22.227 0.6000000238
41214  -32.245  -39.768  -17.962 0.8000000119
41239  -34.579  -39.825  -21.892 0.6000000238
42076  -32.688  -38.570  -18.087 0.8000000119
42900  -31.941  -37.484  -11.862 0.3000000119
42962  -36.019  -37.213  -18.495 0.8000000119
43811  -30.877  -36.389  -19.449 0.8000000119
44648  -29.828  -35.155  -20.248 0.8000000119
44667  -29.736  -35.204  -21.049 0.6999999881
45421  -32.609  -34.523  -12.975 0.3000000119
45487  -28.659  -33.826  -20.771 0.6999999881
45501  -29.620  -34.494  -21.525 0.6999999881
45504  -33.280  -34.641  -22.687 0.6000000238
46260  -34.441  -33.748  -13.732 0.3000000119
46296  -37.002  -33.863  -18.733 0.6999999881
46325  -28.156  -33.284  -21.000 0.6999999881
46337  -28.666  -33.453  -21.510 0.6999999881
47057  -36.079  -32.823  -14.765 0.3000000119
47118  -27.564  -32.015  -20.955 0.6000000238
47878  -28.293  -31.756  -20.653 0.6000000238
47879  -29.228  -31.951  -20.486 0.6000000238
47889  -27.856  -31.671  -20.916 0.6000000238
47904  -27.980  -31.582  -21.143 0.6000000238
47913  -29.412  -30.977  -22.425 0.5000000000
48750  -28.424  -31.105  -21.189 0.6000000238
48759  -29.187  -29.918  -22.020 0.6000000238
48769  -30.269  -29.932  -23.003 0.5000000000
49593  -30.140  -29.229  -22.855 0.6000000238
50433  -29.957  -28.869  -21.958 0.6000000238
50453  -30.054  -28.732  -22.232 0.5000000000
50460  -31.209  -27.843  -23.338 0.5000000000
51280  -31.058  -27.298  -23.069 0.5000000000
51286  -31.812  -26.626  -23.382 0.5000000000
52048  -32.971  -26.302  -23.870 0.4000000060
52060  -38.568  -26.346  -25.959 0.4000000060
53832  -38.588  -24.728  -27.327 0.5000000000
54648  -39.131  -23.718  -27.240 0.4000000060
55417  -39.420  -22.293  -24.649 0.3000000119
108886  -28.098  -57.398  -20.460 0.6000000238
109689  -30.533  -58.556  -17.255 0.6000000238
109775  -37.454  -37.663  -17.612 0.6999999881
111055  -24.802  -60.049  -12.183 0.6000000238
111401  -32.429  -26.037  -23.526 0.4000000060
111433  -28.418  -54.946  -21.132 0.6999999881
112039  -37.077  -45.459  -19.282 0.6000000238
112205  -30.919  -57.063  -11.597 0.6000000238
114834  -31.014  -27.852  -22.170 0.4000000060
114938  -27.433  -62.083  -12.330 0.5000000000
114973  -28.847  -52.785  -12.570 0.5000000000
116367  -30.467  -47.846  -21.310 0.8000000119
116640  -35.982  -48.335  -14.411 0.8000000119
116999  -38.233  -45.862  -20.075 0.4000000060
118123  -29.522  -33.443  -22.031 0.6999999881
119554  -24.615  -63.074  -12.336 0.4000000060
120028  -32.361  -44.764  -16.817 0.8000000119
120287  -31.342  -32.788  -22.717 0.5000000000
121149  -27.701  -32.513  -20.926 0.6999999881
121551  -30.686  -47.245  -20.246 0.8000000119
122296  -35.267  -25.162  -24.630 0.4000000060
122378  -35.481  -30.010  -20.399 0.4000000060
122579  -31.537  -56.479  -16.123 0.6000000238
123401  -30.658  -58.418  -11.883 0.6000000238
123623  -31.318  -59.026  -12.839 0.6000000238
123679  -34.938  -47.341  -12.246 0.8000000119
123829  -31.882  -58.009  -14.793 0.5000000000
124244  -33.095  -44.247  -16.529 0.8000000119
126079  -33.590  -51.950  -12.462 0.6999999881
126815  -38.807  -43.980  -19.894 0.4000000060
127152  -25.248  -58.089  -13.269 0.4000000060
127167  -34.988  -44.067  -19.211 0.6999999881
127794  -32.673  -31.084  -21.117 0.5000000000
127930  -28.954  -50.978  -12.736 0.5000000000
128169  -34.043  -45.505  -16.429 0.8000000119
128214  -32.169  -35.718  -22.170 0.6999999881
128242  -29.475  -30.418  -22.459 0.5000000000
128533  -26.976  -56.557  -13.185 0.5000000000
128947  -36.730  -42.483  -16.341 0.6999999881
128983  -31.237  -35.490  -19.374 0.8000000119
129298  -27.975  -55.393  -21.141 0.6999999881
129304  -34.084  -50.113  -12.454 0.8000000119
129395  -30.099  -60.250  -19.227 0.5000000000
