#!ascii label  , from subject sub-v1s12x0050113_ses-1 vox2ras=TkReg
2084
33507  -36.553  -48.721  -22.669 0.5000000000
33514  -36.395  -48.702  -24.243 0.5000000000
128606  -36.934  -48.088  -22.739 0.4000000060
113573  -37.093  -47.332  -24.134 0.5000000000
34469  -37.316  -47.508  -22.880 0.5000000000
35395  -38.236  -46.571  -22.187 0.5000000000
49597  -34.307  -29.787  -23.633 0.5000000000
49598  -35.030  -29.271  -23.722 0.4000000060
50464  -35.767  -28.810  -23.824 0.4000000060
50474  -35.613  -28.171  -24.164 0.4000000060
51290  -36.345  -27.704  -24.466 0.5000000000
120064  -37.215  -27.930  -24.523 0.5000000000
107082  -36.175  -26.945  -24.686 0.5000000000
116098  -37.164  -27.323  -24.930 0.4000000060
52052  -37.954  -26.972  -25.537 0.4000000060
52051  -37.147  -26.635  -25.383 0.5000000000
52053  -38.423  -27.051  -24.869 0.4000000060
32602  -36.203  -50.264  -25.299 0.5000000000
32594  -36.079  -49.584  -24.949 0.4000000060
34474  -36.706  -47.744  -24.815 0.5000000000
34481  -36.798  -48.199  -25.451 0.5000000000
34482  -37.213  -47.368  -25.174 0.5000000000
35402  -37.799  -46.409  -24.481 0.5000000000
36339  -38.602  -45.981  -23.040 0.5000000000
36334  -38.896  -45.886  -21.744 0.5000000000
47928  -33.861  -31.127  -23.265 0.5000000000
48772  -34.397  -30.524  -23.370 0.5000000000
119100  -35.076  -30.009  -23.444 0.5000000000
50475  -36.500  -28.353  -24.124 0.6000000238
53799  -38.615  -24.215  -22.569 0.3000000119
51291  -37.852  -27.538  -24.856 0.4000000060
114023  -39.166  -25.620  -25.526 0.4000000060
52990  -38.876  -26.369  -25.180 0.3000000119
53806  -39.032  -24.673  -24.058 0.4000000060
35397  -37.497  -46.866  -23.895 0.5000000000
34475  -37.293  -46.982  -24.723 0.5000000000
35387  -38.404  -46.304  -20.846 0.5000000000
50465  -36.718  -29.015  -23.619 0.6000000238
54610  -38.383  -23.261  -22.237 0.3000000119
122685  -41.478  -60.896  -18.312 0.3000000119
23065  -42.029  -60.363  -18.765 0.3000000119
23069  -42.394  -60.560  -19.551 0.4000000060
23066  -42.705  -59.798  -19.214 0.4000000060
23076  -42.748  -60.729  -20.307 0.4000000060
23070  -43.100  -60.062  -19.956 0.4000000060
24012  -43.895  -59.673  -20.421 0.4000000060
22178  -43.207  -60.953  -21.033 0.4000000060
23078  -44.680  -59.586  -21.073 0.4000000060
24022  -45.393  -59.397  -21.584 0.4000000060
23989  -42.008  -59.235  -17.759 0.3000000119
24916  -42.598  -58.790  -18.224 0.4000000060
23999  -42.328  -59.540  -18.463 0.4000000060
24000  -43.031  -58.989  -18.887 0.4000000060
24005  -43.417  -59.362  -19.644 0.4000000060
24006  -43.976  -59.033  -19.976 0.4000000060
24013  -44.497  -59.030  -20.441 0.4000000060
24928  -44.760  -58.381  -20.521 0.4000000060
24937  -46.022  -58.408  -21.897 0.4000000060
24936  -45.584  -58.737  -21.476 0.4000000060
25766  -42.160  -56.918  -16.128 0.3000000119
25785  -42.603  -57.222  -16.892 0.3000000119
26650  -43.035  -56.490  -17.284 0.3000000119
24907  -42.975  -58.064  -18.098 0.4000000060
25795  -43.558  -57.345  -18.576 0.4000000060
118469  -43.409  -58.231  -18.807 0.4000000060
25803  -43.985  -57.817  -19.410 0.4000000060
118560  -44.500  -57.821  -20.114 0.4000000060
120658  -44.888  -57.828  -20.596 0.4000000060
26675  -44.892  -56.674  -20.794 0.4000000060
25812  -45.134  -57.419  -20.966 0.4000000060
120387  -45.454  -55.126  -22.225 0.4000000060
112172  -45.025  -55.187  -21.693 0.4000000060
26684  -45.362  -56.765  -21.447 0.4000000060
27566  -41.878  -55.533  -15.458 0.3000000119
25765  -41.585  -57.014  -15.306 0.3000000119
26641  -42.344  -56.047  -16.169 0.3000000119
26661  -43.435  -56.499  -18.064 0.3000000119
26662  -43.849  -56.465  -18.808 0.3000000119
25796  -44.009  -57.048  -19.205 0.4000000060
26674  -44.556  -56.535  -20.152 0.4000000060
27629  -44.522  -55.165  -20.883 0.4000000060
27622  -44.660  -56.006  -20.601 0.4000000060
25811  -44.727  -57.253  -20.388 0.4000000060
28473  -44.739  -54.383  -21.527 0.4000000060
29339  -45.057  -53.736  -22.107 0.4000000060
28412  -41.978  -54.605  -15.772 0.3000000119
27595  -42.764  -54.999  -16.941 0.3000000119
28437  -42.736  -54.279  -17.244 0.3000000119
112578  -43.352  -54.947  -18.210 0.4000000060
27606  -43.632  -55.720  -18.451 0.4000000060
27612  -43.715  -55.004  -18.913 0.4000000060
27613  -43.994  -55.728  -19.172 0.4000000060
123309  -43.680  -51.780  -20.197 0.3000000119
29316  -43.743  -53.025  -19.886 0.4000000060
113368  -43.984  -55.102  -19.521 0.4000000060
29327  -44.155  -53.141  -20.717 0.3000000119
28467  -44.314  -54.128  -20.792 0.4000000060
28458  -44.130  -54.716  -20.114 0.4000000060
125476  -44.493  -52.834  -21.388 0.4000000060
123343  -41.406  -52.379  -13.102 0.3000000119
109333  -41.332  -52.867  -13.822 0.3000000119
31693  -41.885  -51.073  -12.796 0.3000000119
28411  -41.595  -54.715  -14.861 0.3000000119
119612  -41.476  -53.346  -14.538 0.3000000119
113784  -41.692  -53.937  -15.211 0.3000000119
29269  -42.016  -53.750  -16.058 0.3000000119
29282  -42.050  -52.826  -16.319 0.3000000119
118207  -42.428  -53.595  -16.822 0.3000000119
29283  -42.437  -52.822  -17.162 0.3000000119
117438  -42.991  -52.608  -18.582 0.3000000119
29297  -42.715  -53.508  -17.614 0.3000000119
30105  -43.147  -52.095  -19.060 0.3000000119
28450  -43.466  -54.142  -18.726 0.3000000119
30116  -43.530  -52.285  -19.717 0.3000000119
128153  -43.399  -53.512  -18.898 0.4000000060
30952  -43.986  -51.695  -20.809 0.3000000119
30127  -44.253  -52.321  -21.090 0.4000000060
109378  -44.565  -51.085  -21.880 0.4000000060
30148  -45.231  -52.307  -22.419 0.4000000060
30873  -41.523  -51.422  -13.415 0.3000000119
30046  -41.360  -52.110  -13.870 0.3000000119
118959  -41.488  -50.674  -14.067 0.3000000119
30062  -41.483  -52.420  -14.698 0.3000000119
122772  -41.710  -52.384  -15.603 0.3000000119
31753  -42.028  -50.741  -17.555 0.3000000119
30904  -41.941  -51.417  -16.956 0.3000000119
30927  -42.852  -51.302  -19.010 0.3000000119
30104  -42.703  -51.901  -18.302 0.3000000119
30091  -42.398  -52.088  -17.484 0.3000000119
32550  -42.845  -49.764  -19.611 0.3000000119
30939  -43.351  -51.533  -19.666 0.3000000119
31793  -43.652  -51.029  -20.420 0.3000000119
31809  -43.844  -50.313  -21.084 0.3000000119
31810  -44.128  -51.025  -21.259 0.3000000119
31825  -44.429  -50.347  -21.849 0.3000000119
30982  -45.598  -51.602  -22.845 0.4000000060
31708  -41.757  -50.525  -13.267 0.3000000119
31709  -42.157  -49.798  -13.152 0.3000000119
108924  -41.482  -50.829  -15.018 0.3000000119
31725  -41.502  -49.978  -14.698 0.3000000119
33388  -43.249  -48.650  -13.527 0.3000000119
34362  -43.003  -47.945  -13.854 0.3000000119
31734  -41.502  -50.174  -15.658 0.3000000119
32499  -41.491  -49.252  -15.340 0.3000000119
33401  -43.754  -48.120  -13.886 0.3000000119
33459  -42.218  -48.580  -18.389 0.3000000119
32521  -41.978  -49.353  -17.858 0.3000000119
31743  -41.654  -50.341  -16.699 0.3000000119
32537  -42.390  -49.534  -18.720 0.3000000119
115398  -42.203  -50.182  -18.137 0.3000000119
128675  -42.876  -49.192  -19.856 0.3000000119
32562  -43.187  -49.375  -20.268 0.3000000119
32580  -44.099  -49.685  -21.572 0.3000000119
31826  -45.093  -50.786  -22.568 0.4000000060
32599  -45.658  -50.122  -23.350 0.4000000060
31831  -46.453  -50.729  -23.851 0.5000000000
32490  -41.637  -49.196  -14.388 0.3000000119
32476  -42.008  -49.136  -13.686 0.3000000119
33410  -41.598  -48.603  -14.805 0.3000000119
33400  -42.281  -47.871  -14.137 0.3000000119
32510  -41.510  -49.617  -16.165 0.3000000119
33444  -41.652  -48.379  -16.578 0.3000000119
35311  -43.905  -46.747  -14.620 0.3000000119
34375  -44.780  -47.077  -14.864 0.3000000119
33445  -41.853  -48.541  -17.467 0.3000000119
32520  -41.641  -49.321  -16.930 0.3000000119
35323  -44.651  -46.205  -15.030 0.3000000119
116838  -42.523  -48.150  -19.013 0.3000000119
115101  -45.487  -46.636  -15.393 0.3000000119
33501  -43.780  -48.183  -21.159 0.3000000119
33490  -43.330  -47.923  -20.419 0.3000000119
36268  -46.566  -45.150  -15.676 0.3000000119
32579  -43.610  -49.561  -20.929 0.3000000119
33502  -44.227  -48.314  -21.820 0.3000000119
118035  -44.417  -49.131  -22.094 0.3000000119
32592  -44.863  -49.770  -22.558 0.3000000119
119396  -45.969  -49.315  -23.886 0.4000000060
32600  -46.330  -50.018  -24.061 0.5000000000
33427  -41.584  -48.261  -15.563 0.3000000119
34372  -42.206  -47.331  -14.673 0.3000000119
114175  -43.209  -46.919  -14.488 0.3000000119
34418  -41.890  -47.708  -17.125 0.3000000119
34404  -41.792  -47.502  -16.197 0.3000000119
35320  -42.087  -46.593  -15.861 0.3000000119
35310  -43.219  -46.326  -14.780 0.3000000119
34432  -42.325  -47.720  -18.463 0.3000000119
36256  -43.869  -45.855  -14.972 0.3000000119
33475  -42.834  -48.066  -19.656 0.3000000119
36266  -44.640  -45.283  -15.305 0.3000000119
109959  -45.024  -44.417  -15.575 0.3000000119
129836  -46.239  -44.621  -15.564 0.3000000119
38751  -46.279  -41.874  -16.311 0.3000000119
38732  -45.820  -42.644  -15.973 0.3000000119
34464  -44.124  -47.544  -21.516 0.3000000119
33512  -44.690  -48.364  -22.450 0.3000000119
119397  -44.871  -48.986  -22.684 0.3000000119
119391  -45.343  -49.193  -23.214 0.3000000119
34405  -42.086  -46.843  -16.806 0.3000000119
111936  -42.489  -45.597  -15.933 0.3000000119
35376  -42.792  -46.730  -19.130 0.3000000119
35363  -42.559  -46.394  -18.287 0.3000000119
34419  -42.220  -47.108  -17.787 0.3000000119
36303  -42.701  -45.454  -17.919 0.3000000119
36280  -42.491  -45.299  -16.883 0.3000000119
37146  -42.858  -44.843  -16.323 0.3000000119
36264  -43.077  -45.089  -15.732 0.3000000119
34455  -43.568  -47.009  -20.473 0.3000000119
35388  -43.414  -46.327  -19.811 0.3000000119
35364  -42.993  -45.886  -18.893 0.3000000119
36304  -43.170  -45.044  -18.620 0.3000000119
37170  -43.388  -44.276  -18.297 0.3000000119
37988  -43.594  -43.569  -16.998 0.3000000119
125726  -43.582  -44.499  -15.945 0.3000000119
34456  -44.032  -46.872  -21.119 0.3000000119
38765  -44.676  -42.459  -17.771 0.3000000119
37989  -44.118  -42.973  -17.378 0.3000000119
38788  -45.527  -42.207  -19.114 0.3000000119
38766  -45.242  -42.038  -17.321 0.3000000119
37977  -45.131  -42.815  -16.341 0.3000000119
39541  -46.277  -41.682  -19.226 0.3000000119
38774  -45.258  -41.998  -18.169 0.3000000119
34473  -45.047  -47.672  -22.766 0.4000000060
39532  -46.589  -41.213  -18.536 0.3000000119
34479  -45.517  -47.697  -23.363 0.4000000060
128448  -48.241  -39.934  -19.168 0.3000000119
33518  -45.683  -48.480  -23.659 0.3000000119
123748  -48.739  -39.724  -19.643 0.3000000119
32607  -46.804  -49.454  -24.617 0.5000000000
32608  -47.704  -50.140  -25.247 0.5000000000
35389  -43.960  -46.305  -20.626 0.3000000119
36329  -43.984  -45.668  -20.209 0.3000000119
36316  -44.156  -44.954  -19.852 0.3000000119
37185  -44.268  -44.292  -19.520 0.3000000119
38014  -45.038  -42.967  -19.412 0.3000000119
35400  -45.036  -46.883  -22.445 0.4000000060
38789  -46.127  -42.286  -19.703 0.3000000119
38790  -46.801  -42.017  -19.925 0.3000000119
35405  -45.924  -46.953  -23.545 0.4000000060
34480  -46.049  -47.689  -23.979 0.5000000000
39542  -47.116  -41.209  -19.353 0.3000000119
39543  -47.841  -41.042  -19.791 0.4000000060
39560  -48.440  -41.371  -20.405 0.4000000060
33519  -46.311  -48.522  -24.293 0.5000000000
33526  -47.015  -48.463  -24.927 0.6000000238
40330  -48.296  -40.476  -19.776 0.3000000119
33527  -47.608  -49.228  -25.428 0.6000000238
32612  -48.292  -49.966  -25.970 0.6000000238
126618  -44.445  -46.216  -21.253 0.3000000119
36331  -45.160  -44.922  -20.951 0.3000000119
37199  -45.842  -44.709  -21.448 0.3000000119
35399  -44.506  -46.827  -21.770 0.3000000119
37195  -45.568  -44.200  -20.741 0.3000000119
110834  -46.004  -43.452  -20.538 0.3000000119
38024  -46.832  -43.359  -20.818 0.4000000060
35401  -45.783  -46.288  -22.853 0.4000000060
38805  -46.453  -42.748  -20.289 0.4000000060
38025  -48.188  -42.990  -21.035 0.4000000060
35416  -46.546  -46.950  -24.136 0.5000000000
38807  -48.264  -42.263  -20.694 0.4000000060
38811  -48.861  -42.673  -21.145 0.4000000060
38812  -49.376  -42.264  -21.264 0.4000000060
35417  -47.245  -46.962  -24.673 0.5000000000
34487  -47.261  -47.681  -25.028 0.6000000238
39559  -47.637  -41.731  -20.176 0.4000000060
38808  -48.835  -42.029  -20.903 0.4000000060
39561  -49.180  -41.483  -20.923 0.4000000060
39572  -50.377  -41.935  -21.783 0.4000000060
34497  -47.799  -48.192  -25.624 0.6000000238
40343  -49.611  -40.840  -21.117 0.3000000119
40344  -50.202  -41.105  -21.628 0.4000000060
33533  -48.373  -49.149  -26.254 0.6000000238
32613  -48.981  -50.341  -26.956 0.6999999881
35396  -45.128  -46.048  -21.903 0.3000000119
37200  -46.784  -44.575  -21.875 0.3000000119
36341  -46.635  -45.677  -22.976 0.3000000119
38027  -47.209  -43.850  -21.382 0.3000000119
37201  -47.814  -44.260  -21.859 0.4000000060
36348  -46.527  -46.313  -23.574 0.5000000000
38028  -48.050  -43.627  -21.417 0.4000000060
38029  -48.796  -43.365  -21.401 0.4000000060
112896  -48.006  -46.186  -24.108 0.5000000000
38030  -49.546  -43.072  -21.508 0.4000000060
128366  -47.573  -46.522  -24.444 0.5000000000
35432  -47.843  -47.268  -25.276 0.6000000238
38816  -50.540  -42.654  -21.966 0.4000000060
112254  -50.820  -42.150  -22.179 0.4000000060
34498  -48.532  -47.640  -25.945 0.6000000238
39578  -50.789  -41.329  -22.182 0.4000000060
39587  -51.880  -41.705  -23.083 0.4000000060
33534  -49.119  -49.041  -27.059 0.6999999881
32621  -49.610  -49.832  -28.330 0.6999999881
31847  -49.142  -50.265  -27.712 0.6999999881
36342  -47.478  -45.385  -22.905 0.4000000060
37206  -46.878  -45.127  -22.518 0.4000000060
37208  -48.549  -44.662  -22.350 0.4000000060
36344  -49.415  -44.965  -22.624 0.4000000060
36349  -47.324  -45.865  -23.543 0.4000000060
36350  -48.305  -45.626  -23.287 0.4000000060
37209  -49.386  -44.273  -22.139 0.4000000060
114400  -49.035  -46.088  -23.822 0.4000000060
37202  -48.677  -44.013  -21.764 0.4000000060
38032  -50.039  -43.744  -22.006 0.4000000060
37210  -50.849  -44.121  -22.367 0.4000000060
38033  -50.684  -43.351  -22.165 0.4000000060
114953  -51.372  -43.641  -22.484 0.4000000060
35433  -48.616  -47.019  -25.390 0.6000000238
38817  -51.185  -42.803  -22.387 0.4000000060
38824  -51.818  -42.565  -22.817 0.4000000060
34499  -49.544  -47.527  -26.320 0.6000000238
34505  -49.345  -48.175  -26.791 0.6999999881
33537  -49.965  -48.978  -27.789 0.6999999881
39588  -52.508  -41.559  -23.724 0.4000000060
33541  -50.492  -48.818  -28.692 0.6999999881
32620  -48.889  -50.065  -28.391 0.6999999881
36351  -49.317  -45.569  -23.184 0.4000000060
35418  -48.781  -46.535  -24.593 0.4000000060
112486  -50.119  -46.141  -23.709 0.4000000060
111259  -50.195  -44.573  -22.456 0.4000000060
129808  -49.598  -46.511  -24.312 0.5000000000
36345  -51.182  -44.970  -22.782 0.4000000060
113357  -50.326  -47.411  -26.201 0.6999999881
37211  -51.564  -44.304  -22.642 0.4000000060
116206  -50.630  -47.679  -26.974 0.6999999881
126378  -52.922  -43.860  -23.376 0.4000000060
34506  -50.506  -48.210  -27.585 0.6999999881
38833  -53.151  -42.398  -24.080 0.4000000060
38038  -53.110  -43.240  -23.694 0.4000000060
32623  -49.995  -49.352  -28.639 0.6999999881
126099  -48.809  -49.415  -28.765 0.6999999881
39595  -54.022  -41.667  -25.433 0.4000000060
40376  -54.100  -40.984  -25.784 0.4000000060
35419  -50.467  -46.781  -24.591 0.4000000060
35407  -51.224  -46.562  -24.177 0.4000000060
36352  -51.101  -45.803  -23.468 0.4000000060
112829  -50.220  -45.352  -22.987 0.4000000060
35434  -49.652  -46.944  -25.269 0.6999999881
35435  -50.870  -47.310  -25.517 0.5000000000
37215  -52.199  -44.817  -23.048 0.4000000060
37216  -53.132  -44.626  -23.431 0.4000000060
34507  -51.365  -47.643  -27.584 0.6999999881
37217  -54.288  -45.428  -24.151 0.4000000060
37224  -55.238  -45.313  -24.932 0.4000000060
34514  -51.117  -47.966  -28.570 0.6999999881
38039  -53.989  -44.299  -24.126 0.4000000060
38047  -53.926  -43.320  -24.602 0.4000000060
38834  -53.944  -42.442  -25.019 0.4000000060
38835  -54.755  -43.342  -25.679 0.4000000060
33545  -50.242  -48.846  -29.083 0.6999999881
33544  -49.275  -48.840  -29.061 0.6999999881
39602  -54.928  -41.904  -26.508 0.4000000060
40384  -55.362  -41.462  -27.720 0.4000000060
35421  -52.384  -47.019  -24.689 0.4000000060
35408  -52.019  -46.338  -23.900 0.4000000060
34501  -52.657  -47.707  -26.216 0.6000000238
34489  -52.577  -47.541  -25.589 0.5000000000
35422  -53.599  -47.086  -24.809 0.5000000000
35409  -52.932  -46.284  -23.971 0.4000000060
37197  -39.822  -44.215  -21.172 0.4000000060
37198  -40.197  -44.036  -22.065 0.5000000000
34508  -52.104  -47.450  -26.791 0.6000000238
35410  -54.134  -46.373  -24.416 0.4000000060
34515  -51.416  -47.377  -27.718 0.6000000238
36358  -55.687  -45.946  -25.482 0.4000000060
35447  -51.286  -47.320  -28.617 0.6000000238
37225  -55.510  -45.115  -25.673 0.4000000060
35451  -50.945  -46.786  -29.059 0.6999999881
38048  -54.916  -44.291  -25.214 0.4000000060
35450  -50.341  -46.476  -29.349 0.6999999881
38843  -55.346  -43.268  -26.680 0.4000000060
116545  -49.338  -46.984  -29.462 0.6999999881
118351  -55.492  -42.723  -27.066 0.4000000060
38850  -55.280  -42.605  -27.305 0.4000000060
39609  -55.195  -41.871  -27.830 0.4000000060
40392  -55.255  -40.743  -28.969 0.4000000060
34490  -53.339  -47.516  -25.458 0.5000000000
34509  -53.349  -47.611  -26.202 0.6000000238
34502  -53.601  -47.892  -26.009 0.5000000000
35438  -54.918  -47.466  -25.980 0.5000000000
38020  -39.050  -43.357  -20.041 0.3000000119
38021  -39.707  -43.344  -20.606 0.4000000060
38026  -40.373  -43.315  -21.374 0.5000000000
35442  -51.567  -47.122  -27.824 0.6000000238
35443  -52.176  -47.295  -26.847 0.6000000238
35423  -54.921  -47.178  -25.383 0.4000000060
119275  -51.025  -46.652  -28.472 0.6000000238
35424  -55.489  -46.683  -25.707 0.5000000000
36380  -49.671  -44.990  -28.826 0.6999999881
36381  -50.384  -45.968  -28.983 0.6000000238
36369  -55.626  -45.822  -25.899 0.4000000060
37245  -49.296  -44.427  -29.145 0.8000000119
37234  -55.145  -44.581  -26.149 0.4000000060
38057  -55.165  -43.622  -26.765 0.4000000060
123518  -55.403  -43.190  -27.160 0.4000000060
39608  -54.914  -42.410  -27.726 0.4000000060
40383  -54.219  -41.727  -27.842 0.4000000060
40389  -54.870  -41.211  -28.506 0.4000000060
119822  -54.014  -39.280  -28.974 0.4000000060
36366  -51.844  -46.717  -26.768 0.6000000238
35436  -53.192  -47.151  -26.590 0.6000000238
35437  -54.353  -47.446  -26.266 0.5000000000
38802  -39.342  -42.581  -20.319 0.4000000060
38803  -40.133  -42.552  -20.768 0.4000000060
36374  -50.194  -45.737  -27.807 0.6000000238
36375  -50.993  -46.513  -27.456 0.6000000238
36367  -53.800  -46.428  -26.245 0.5000000000
38810  -41.070  -42.164  -21.561 0.5000000000
37244  -49.103  -44.071  -28.512 0.6999999881
36368  -55.145  -46.605  -26.143 0.5000000000
39570  -41.405  -41.405  -21.694 0.5000000000
38067  -48.640  -43.234  -28.537 0.6999999881
37247  -48.822  -43.830  -28.974 0.6999999881
37232  -54.210  -45.454  -26.121 0.5000000000
39574  -42.212  -40.639  -22.824 0.6999999881
116546  -41.890  -40.814  -22.153 0.6000000238
38855  -48.100  -42.641  -28.766 0.6999999881
38066  -48.359  -42.662  -28.568 0.6999999881
37246  -48.494  -43.817  -29.055 0.6999999881
117685  -53.234  -44.400  -25.904 0.5000000000
41272  -43.042  -39.057  -24.582 0.6999999881
40358  -42.514  -40.337  -23.605 0.6999999881
38068  -48.075  -43.237  -29.000 0.6999999881
38056  -54.759  -44.494  -26.361 0.4000000060
38065  -47.287  -43.072  -28.655 0.6999999881
36382  -47.534  -44.090  -28.721 0.8000000119
113069  -53.840  -43.538  -26.545 0.4000000060
38063  -55.129  -43.698  -26.883 0.4000000060
38849  -54.872  -42.999  -27.363 0.4000000060
40388  -53.661  -40.831  -27.882 0.4000000060
41300  -53.839  -40.258  -28.324 0.4000000060
36365  -50.432  -45.726  -26.402 0.6000000238
124945  -51.440  -45.579  -25.753 0.6000000238
111436  -52.615  -46.275  -26.116 0.6000000238
39569  -39.434  -41.106  -20.776 0.4000000060
120445  -40.182  -41.176  -20.864 0.4000000060
40340  -40.798  -40.839  -21.206 0.6999999881
37241  -48.896  -44.449  -27.211 0.6999999881
36364  -49.398  -45.166  -26.703 0.6000000238
40341  -41.465  -40.425  -21.692 0.6999999881
38061  -48.346  -42.799  -27.658 0.6999999881
38062  -48.718  -43.606  -27.807 0.6999999881
36379  -49.416  -44.905  -27.839 0.6999999881
120359  -52.556  -45.198  -25.683 0.5000000000
40349  -42.010  -40.090  -22.253 0.6999999881
41258  -42.057  -39.349  -22.617 0.6999999881
39611  -48.000  -41.384  -28.269 0.6999999881
38854  -48.232  -42.099  -28.412 0.6999999881
38055  -52.340  -43.444  -25.686 0.4000000060
41265  -42.589  -39.304  -23.538 0.6999999881
39610  -47.375  -41.184  -28.511 0.6999999881
38853  -47.620  -42.041  -28.550 0.6999999881
40387  -47.193  -39.891  -28.187 0.6000000238
119867  -46.991  -40.532  -28.502 0.6000000238
121375  -46.073  -41.257  -28.349 0.6999999881
39601  -52.665  -42.052  -26.584 0.4000000060
43020  -42.794  -37.766  -24.813 0.6999999881
40386  -46.328  -40.011  -28.373 0.6000000238
38848  -53.547  -42.741  -26.856 0.4000000060
111900  -45.570  -39.639  -28.319 0.6000000238
40382  -52.642  -40.706  -27.080 0.4000000060
41293  -52.798  -39.891  -27.424 0.4000000060
42173  -52.999  -39.113  -27.802 0.4000000060
37231  -50.352  -45.067  -25.403 0.6000000238
39568  -38.464  -41.063  -20.849 0.6000000238
40339  -40.073  -40.478  -21.106 0.6999999881
38053  -47.552  -42.542  -26.577 0.6000000238
37240  -48.320  -43.943  -26.659 0.6999999881
37220  -48.017  -44.124  -25.579 0.6999999881
37230  -49.453  -44.965  -25.675 0.6000000238
38847  -48.075  -41.826  -27.753 0.6000000238
41243  -40.804  -39.978  -21.475 0.6999999881
112964  -47.526  -40.513  -27.594 0.6000000238
120120  -51.989  -44.144  -25.424 0.5000000000
42145  -42.058  -38.528  -23.145 0.6999999881
42131  -41.466  -38.848  -22.442 0.6999999881
110227  -47.691  -40.732  -28.233 0.6000000238
38046  -51.318  -43.430  -25.080 0.4000000060
42152  -42.623  -38.228  -24.065 0.6999999881
43019  -42.273  -37.462  -24.571 0.6999999881
38840  -51.581  -42.679  -25.409 0.4000000060
38841  -52.504  -42.710  -26.122 0.4000000060
42172  -46.370  -38.668  -28.280 0.6000000238
39600  -51.599  -41.911  -25.693 0.4000000060
40375  -51.884  -41.117  -26.252 0.4000000060
42158  -43.314  -37.884  -25.554 0.6999999881
42163  -43.738  -37.917  -26.669 0.6999999881
42170  -44.261  -37.992  -27.710 0.6999999881
41296  -44.673  -38.682  -27.997 0.6000000238
40381  -51.593  -40.143  -26.189 0.4000000060
41292  -51.965  -39.608  -26.651 0.4000000060
42166  -51.652  -38.866  -26.397 0.4000000060
42167  -52.197  -38.956  -26.987 0.4000000060
120246  -51.797  -38.228  -26.543 0.3000000119
40338  -38.007  -40.515  -21.463 0.5000000000
39597  -46.268  -41.460  -25.470 0.6000000238
38839  -46.739  -42.171  -25.731 0.6000000238
38054  -47.670  -43.444  -26.102 0.6000000238
37221  -48.785  -44.416  -25.115 0.6000000238
37222  -49.818  -44.403  -24.878 0.6000000238
120946  -39.053  -40.342  -21.310 0.6000000238
41242  -39.900  -39.622  -21.603 0.5000000000
40372  -46.692  -40.649  -26.335 0.6000000238
39598  -47.153  -41.276  -26.631 0.6000000238
38846  -47.527  -41.777  -26.898 0.6000000238
119762  -49.222  -43.736  -24.426 0.5000000000
37223  -51.051  -44.441  -25.127 0.4000000060
41256  -40.796  -39.202  -21.906 0.6999999881
38045  -50.284  -43.423  -24.612 0.5000000000
42130  -40.608  -38.517  -22.522 0.8000000119
41290  -46.608  -39.137  -26.729 0.6000000238
38831  -50.185  -42.428  -24.474 0.4000000060
38832  -50.855  -42.644  -24.916 0.4000000060
43007  -41.853  -37.812  -23.797 0.6999999881
41299  -46.763  -39.184  -28.109 0.6000000238
43036  -46.560  -38.039  -27.867 0.6000000238
39592  -50.711  -41.830  -25.014 0.4000000060
43028  -42.739  -37.047  -25.416 0.6999999881
42177  -45.981  -38.160  -28.449 0.6000000238
40373  -50.641  -40.411  -25.220 0.4000000060
40374  -51.184  -40.495  -25.714 0.4000000060
43878  -42.900  -36.434  -26.255 0.6999999881
43889  -43.459  -36.136  -26.941 0.6999999881
43041  -43.916  -37.082  -27.423 0.6999999881
43049  -45.027  -37.188  -28.734 0.6999999881
41283  -50.923  -39.815  -25.552 0.4000000060
43894  -44.004  -36.101  -28.303 0.6999999881
42160  -50.685  -38.939  -25.285 0.4000000060
120904  -50.766  -38.115  -25.305 0.3000000119
41284  -51.320  -39.269  -25.966 0.4000000060
43030  -50.617  -37.499  -24.969 0.4000000060
43037  -51.524  -37.652  -26.140 0.3000000119
38838  -46.097  -42.014  -24.799 0.6000000238
38829  -47.092  -43.104  -24.526 0.6000000238
38035  -47.727  -43.255  -24.140 0.6000000238
40348  -38.388  -39.983  -21.799 0.6000000238
41255  -39.275  -39.106  -22.215 0.6000000238
40379  -46.278  -39.948  -25.963 0.6000000238
40371  -45.817  -40.822  -25.190 0.6000000238
38036  -48.655  -43.171  -23.951 0.5000000000
122228  -40.072  -38.947  -22.123 0.6999999881
38823  -49.017  -42.401  -23.695 0.5000000000
113481  -49.553  -42.896  -24.098 0.4000000060
38830  -49.656  -42.184  -24.027 0.4000000060
42144  -41.264  -38.112  -23.093 0.6999999881
42143  -40.145  -37.948  -23.460 0.6999999881
42164  -46.644  -38.509  -27.378 0.6000000238
42159  -46.233  -38.369  -26.308 0.6000000238
39591  -50.022  -41.631  -24.385 0.5000000000
43006  -40.951  -37.590  -23.982 0.8000000119
39586  -49.327  -41.549  -23.742 0.4000000060
43018  -41.478  -37.268  -24.636 0.8000000119
43043  -46.206  -37.241  -28.037 0.6000000238
40365  -49.820  -40.828  -24.268 0.4000000060
43867  -41.863  -36.780  -25.341 0.6999999881
126560  -45.699  -36.767  -28.432 0.6999999881
43836  -48.393  -36.761  -21.492 0.5000000000
42984  -48.032  -37.606  -21.550 0.5000000000
42135  -48.904  -38.295  -22.986 0.5000000000
41269  -49.188  -39.723  -23.552 0.4000000060
41276  -49.769  -39.912  -24.252 0.4000000060
43877  -42.108  -36.248  -26.194 0.6999999881
43895  -44.638  -36.365  -28.917 0.6999999881
43828  -48.243  -35.911  -20.901 0.5000000000
42994  -48.719  -37.824  -22.531 0.5000000000
113479  -49.347  -38.147  -23.453 0.4000000060
42148  -49.178  -38.875  -23.400 0.4000000060
42156  -50.094  -39.065  -24.529 0.4000000060
44676  -48.577  -35.282  -21.070 0.4000000060
43837  -48.961  -36.249  -22.104 0.5000000000
43845  -48.993  -37.011  -22.454 0.4000000060
43856  -49.530  -36.885  -23.233 0.4000000060
43023  -50.170  -37.558  -24.303 0.4000000060
116141  -50.367  -38.264  -24.721 0.4000000060
44677  -49.059  -34.902  -21.605 0.4000000060
44695  -49.244  -35.532  -22.202 0.4000000060
119147  -49.403  -36.174  -22.736 0.4000000060
43857  -50.019  -36.823  -23.900 0.4000000060
39590  -45.737  -41.491  -24.477 0.6000000238
38828  -46.525  -42.573  -24.520 0.6000000238
41254  -38.285  -39.394  -22.375 0.5000000000
41282  -45.886  -39.191  -25.543 0.6000000238
110708  -45.534  -40.081  -24.841 0.6000000238
40364  -45.407  -40.830  -24.164 0.6000000238
39583  -46.196  -41.702  -23.297 0.5000000000
39584  -47.126  -41.992  -23.222 0.5000000000
38821  -47.149  -42.691  -23.816 0.5000000000
42128  -38.698  -38.703  -22.943 0.6000000238
42129  -39.655  -38.509  -22.740 0.6999999881
39576  -46.572  -41.202  -22.690 0.5000000000
120842  -47.982  -41.852  -23.193 0.5000000000
42142  -39.089  -38.199  -23.623 0.6000000238
43035  -46.389  -37.700  -27.163 0.6000000238
43029  -45.926  -37.511  -26.049 0.6000000238
39577  -47.656  -41.290  -22.857 0.5000000000
43005  -39.955  -37.522  -24.632 0.8000000119
42133  -47.838  -38.933  -22.033 0.5000000000
40354  -47.366  -40.559  -22.443 0.5000000000
40355  -48.448  -40.380  -22.992 0.5000000000
39585  -48.567  -41.267  -23.259 0.5000000000
118549  -40.622  -37.229  -24.909 0.8000000119
43896  -45.787  -36.211  -28.341 0.6000000238
43827  -46.806  -36.087  -20.142 0.5000000000
42971  -45.809  -37.375  -20.310 0.5000000000
42117  -47.375  -38.279  -21.338 0.5000000000
41262  -48.039  -39.716  -22.476 0.5000000000
41268  -48.706  -39.511  -23.055 0.4000000060
43866  -40.708  -36.591  -25.779 0.8000000119
43902  -45.229  -36.388  -28.852 0.6999999881
42972  -46.723  -36.998  -20.422 0.5000000000
42983  -47.498  -37.367  -20.979 0.5000000000
42134  -48.472  -38.419  -22.474 0.5000000000
42147  -48.560  -38.951  -22.740 0.5000000000
43887  -40.999  -35.229  -26.985 0.8000000119
44738  -43.715  -34.763  -28.224 0.6999999881
44743  -44.400  -35.001  -28.667 0.6999999881
44662  -46.521  -35.227  -19.893 0.5000000000
44663  -47.289  -35.398  -20.150 0.4000000060
44731  -43.279  -35.212  -27.529 0.6999999881
44664  -48.029  -35.173  -20.489 0.4000000060
38820  -45.959  -42.023  -23.986 0.5000000000
113939  -36.868  -38.755  -23.206 0.5000000000
42154  -45.575  -38.319  -25.060 0.6000000238
41275  -45.324  -39.309  -24.420 0.6000000238
39575  -45.820  -41.029  -22.870 0.5000000000
42127  -37.743  -38.822  -23.151 0.5000000000
40352  -45.525  -40.241  -22.400 0.5000000000
40353  -46.005  -40.672  -22.399 0.5000000000
42126  -36.100  -38.598  -23.049 0.5000000000
42141  -38.132  -38.314  -23.848 0.5000000000
43880  -45.594  -36.727  -25.722 0.6000000238
42115  -45.122  -38.693  -21.243 0.5000000000
41246  -46.155  -39.442  -21.468 0.5000000000
113445  -46.520  -40.525  -22.254 0.5000000000
43890  -46.067  -36.672  -27.052 0.6000000238
44724  -45.533  -35.964  -26.255 0.6000000238
43825  -44.772  -37.195  -20.687 0.5000000000
42101  -44.903  -37.972  -20.868 0.5000000000
42116  -46.339  -38.720  -21.039 0.5000000000
41261  -46.976  -39.842  -21.921 0.5000000000
43016  -38.874  -37.202  -25.294 0.6999999881
119956  -45.405  -35.405  -28.326 0.6000000238
42982  -46.550  -37.888  -20.686 0.5000000000
41247  -46.934  -39.100  -21.479 0.5000000000
43017  -39.704  -36.855  -25.618 0.6999999881
45550  -44.857  -34.901  -28.533 0.6999999881
43820  -45.807  -35.890  -19.943 0.5000000000
43875  -39.380  -35.767  -26.440 0.6999999881
45481  -46.360  -34.347  -19.784 0.4000000060
43876  -41.198  -36.152  -26.317 0.8000000119
44730  -42.249  -34.131  -27.868 0.6999999881
45482  -47.328  -34.626  -19.977 0.5000000000
124402  -47.013  -33.873  -19.736 0.5000000000
43886  -40.140  -35.410  -26.782 0.6999999881
43888  -42.335  -35.388  -27.027 0.8000000119
45483  -48.099  -34.426  -20.349 0.4000000060
45495  -48.585  -34.613  -20.898 0.5000000000
47908  -49.252  -31.327  -21.479 0.4000000060
129885  -49.411  -30.759  -22.016 0.5000000000
48755  -49.322  -30.012  -21.916 0.5000000000
119938  -49.874  -31.203  -23.095 0.5000000000
48765  -49.663  -30.508  -22.752 0.5000000000
49592  -49.544  -29.574  -22.720 0.5000000000
41266  -44.993  -39.486  -23.379 0.6000000238
40351  -45.086  -39.959  -22.754 0.5000000000
43022  -45.433  -37.394  -24.971 0.6000000238
41274  -45.092  -38.638  -23.946 0.6000000238
42146  -44.815  -38.788  -23.137 0.6000000238
41259  -44.865  -39.280  -22.548 0.5000000000
41260  -45.093  -39.658  -22.183 0.5000000000
41245  -45.423  -39.485  -21.718 0.5000000000
42139  -36.460  -37.949  -23.638 0.5000000000
42140  -37.261  -38.175  -23.838 0.5000000000
43869  -45.256  -36.738  -24.821 0.6000000238
43021  -45.021  -37.175  -24.000 0.6000000238
43835  -44.527  -36.778  -21.365 0.5000000000
41244  -44.890  -39.052  -21.822 0.5000000000
42138  -35.674  -37.799  -23.285 0.5000000000
43003  -37.622  -37.549  -24.515 0.6000000238
44733  -45.660  -35.667  -27.413 0.6000000238
42981  -44.645  -37.604  -21.180 0.5000000000
43015  -37.980  -36.942  -25.159 0.6999999881
121439  -45.121  -35.464  -25.643 0.6000000238
110050  -44.737  -36.298  -20.658 0.5000000000
43026  -38.241  -36.328  -25.620 0.6999999881
44732  -45.187  -35.161  -26.502 0.6000000238
44654  -45.653  -34.944  -19.934 0.6000000238
45480  -45.176  -34.543  -20.460 0.4000000060
45471  -45.649  -33.980  -19.979 0.5000000000
45555  -43.666  -34.013  -28.447 0.6999999881
45549  -44.454  -33.949  -28.135 0.6999999881
45548  -42.849  -33.719  -28.288 0.6999999881
48746  -47.653  -30.521  -20.013 0.4000000060
49581  -47.986  -29.703  -20.237 0.4000000060
45547  -42.087  -33.155  -28.239 0.6999999881
120184  -48.920  -30.821  -20.886 0.4000000060
45538  -40.295  -33.683  -27.114 0.6999999881
111980  -49.200  -30.612  -21.461 0.4000000060
43885  -39.123  -34.451  -26.890 0.6999999881
48776  -49.954  -30.718  -23.577 0.5000000000
109308  -44.850  -38.052  -23.454 0.5000000000
42132  -44.671  -38.384  -22.428 0.5000000000
43868  -45.037  -36.241  -24.286 0.6000000238
43855  -44.744  -36.495  -23.363 0.5000000000
42993  -44.523  -37.557  -21.920 0.5000000000
116395  -36.029  -36.884  -23.933 0.6000000238
43013  -36.616  -36.416  -24.341 0.6000000238
43879  -45.211  -36.097  -25.237 0.6000000238
43014  -37.254  -36.432  -24.784 0.6000000238
45533  -44.895  -34.596  -25.614 0.5000000000
112863  -44.855  -34.469  -24.751 0.5000000000
110367  -44.567  -35.938  -21.218 0.5000000000
44660  -44.762  -35.375  -20.809 0.5000000000
123445  -44.873  -34.364  -26.597 0.6000000238
44661  -45.088  -35.640  -20.230 0.5000000000
45479  -45.073  -33.697  -20.926 0.6000000238
46321  -45.407  -33.437  -20.456 0.5000000000
43865  -37.684  -35.838  -25.380 0.6999999881
46388  -43.952  -33.380  -28.349 0.6999999881
114472  -46.314  -30.859  -19.991 0.5000000000
48733  -46.749  -30.300  -19.867 0.4000000060
43027  -38.722  -36.114  -26.005 0.6999999881
45554  -42.876  -33.208  -28.430 0.6999999881
120952  -41.767  -32.882  -28.001 0.6999999881
47102  -45.951  -32.357  -19.943 0.5000000000
47887  -46.482  -31.762  -19.829 0.5000000000
120556  -47.039  -31.176  -19.809 0.4000000060
49572  -47.185  -29.652  -19.917 0.4000000060
43874  -38.514  -34.910  -26.422 0.6999999881
45539  -41.517  -33.420  -27.494 0.6999999881
50442  -48.010  -28.357  -20.542 0.4000000060
49582  -48.342  -29.064  -20.625 0.4000000060
44722  -38.125  -34.483  -26.037 0.6999999881
45531  -40.101  -33.629  -26.681 0.6999999881
130009  -48.589  -29.692  -20.713 0.4000000060
50449  -48.646  -28.445  -21.110 0.4000000060
44723  -38.579  -33.949  -26.448 0.6999999881
45537  -39.292  -33.632  -26.904 0.6999999881
49587  -48.962  -29.283  -21.299 0.4000000060
50450  -49.107  -28.517  -21.831 0.4000000060
123974  -49.246  -27.949  -22.322 0.4000000060
49602  -49.809  -29.945  -23.466 0.5000000000
50456  -49.445  -28.634  -22.669 0.5000000000
44705  -44.833  -35.558  -23.731 0.5000000000
116853  -44.637  -35.855  -22.883 0.5000000000
120900  -44.856  -34.826  -24.171 0.5000000000
119225  -44.821  -34.792  -23.511 0.5000000000
44694  -44.714  -35.066  -22.638 0.5000000000
44675  -44.660  -35.186  -21.633 0.5000000000
43854  -36.132  -35.980  -24.060 0.6000000238
43863  -36.846  -35.844  -24.345 0.6000000238
112318  -44.763  -33.583  -25.164 0.5000000000
113369  -44.542  -35.936  -22.002 0.5000000000
46332  -45.039  -33.382  -21.718 0.6000000238
46374  -44.291  -32.806  -26.689 0.6000000238
47167  -43.769  -32.535  -27.035 0.6999999881
47113  -45.559  -32.442  -20.426 0.5000000000
48732  -45.995  -29.932  -20.064 0.4000000060
43864  -37.368  -35.457  -24.822 0.6999999881
47170  -43.417  -32.529  -27.753 0.8000000119
47886  -45.928  -31.302  -20.147 0.5000000000
50431  -46.803  -28.841  -19.890 0.4000000060
119780  -47.599  -28.974  -20.173 0.4000000060
51263  -47.756  -27.635  -20.503 0.4000000060
43873  -38.008  -35.321  -25.942 0.6999999881
46359  -42.198  -33.229  -26.062 0.6000000238
51264  -48.335  -27.843  -20.930 0.4000000060
45525  -41.368  -33.719  -25.978 0.6999999881
46351  -42.344  -33.771  -24.953 0.6000000238
44713  -38.538  -34.425  -25.432 0.6999999881
45523  -39.247  -33.788  -26.120 0.6000000238
45524  -40.560  -34.125  -25.429 0.6999999881
44704  -41.212  -34.859  -24.029 0.6000000238
45516  -41.693  -34.347  -24.824 0.6000000238
51272  -48.809  -27.669  -21.642 0.4000000060
129549  -41.214  -35.279  -23.203 0.6000000238
45517  -42.160  -34.450  -23.851 0.6000000238
111865  -49.435  -27.875  -22.945 0.5000000000
44692  -41.126  -35.509  -22.516 0.6000000238
123114  -41.869  -35.118  -22.254 0.6000000238
109956  -49.597  -28.312  -23.487 0.5000000000
124847  -49.772  -28.750  -23.976 0.5000000000
45509  -44.825  -34.223  -22.158 0.6000000238
43853  -35.415  -36.137  -23.709 0.5000000000
45526  -44.900  -33.875  -24.169 0.5000000000
45518  -44.950  -34.003  -23.158 0.6000000238
46346  -45.100  -33.077  -22.730 0.6000000238
44699  -36.378  -35.697  -23.884 0.6000000238
44700  -37.032  -35.495  -24.039 0.6000000238
46361  -44.755  -32.580  -24.681 0.6000000238
46353  -45.033  -32.801  -23.749 0.6000000238
46320  -45.231  -32.488  -21.194 0.5000000000
47112  -45.364  -31.317  -20.997 0.5000000000
44687  -36.306  -35.450  -23.278 0.6000000238
46368  -44.500  -32.573  -25.640 0.6000000238
47155  -44.395  -31.701  -24.949 0.6000000238
124392  -45.138  -29.589  -20.252 0.5000000000
118786  -45.983  -28.665  -19.716 0.4000000060
49571  -46.355  -29.438  -19.886 0.4000000060
107002  -37.577  -35.208  -24.598 0.6999999881
44688  -37.074  -35.459  -22.875 0.6000000238
47161  -43.574  -32.300  -26.445 0.6999999881
47154  -43.949  -31.758  -25.418 0.6000000238
122662  -45.687  -31.628  -20.390 0.5000000000
47900  -45.439  -30.603  -20.678 0.5000000000
50430  -46.442  -28.055  -19.764 0.4000000060
50441  -47.267  -28.199  -20.110 0.4000000060
115743  -47.659  -26.945  -20.534 0.4000000060
46366  -42.528  -32.637  -26.679 0.6999999881
46360  -42.928  -32.471  -25.233 0.6999999881
46345  -43.125  -32.243  -23.049 0.6999999881
47899  -45.005  -30.253  -21.533 0.5000000000
120480  -45.024  -30.042  -20.734 0.5000000000
110889  -38.364  -35.533  -23.311 0.6000000238
118172  -42.732  -33.243  -23.783 0.6000000238
46331  -42.995  -32.885  -21.894 0.6999999881
52025  -48.238  -27.156  -21.032 0.4000000060
107141  -38.048  -35.035  -24.455 0.6999999881
44714  -39.803  -34.573  -24.715 0.6000000238
45508  -42.399  -34.407  -22.694 0.6000000238
121689  -42.791  -33.423  -22.651 0.6000000238
46319  -42.993  -33.044  -20.767 0.6000000238
52967  -48.225  -25.840  -21.903 0.4000000060
44702  -39.176  -35.302  -23.704 0.6000000238
44703  -40.493  -35.359  -23.411 0.6000000238
44674  -42.205  -34.748  -21.544 0.6000000238
111421  -42.521  -33.881  -20.181 0.6000000238
52974  -48.184  -25.601  -22.651 0.4000000060
45493  -41.636  -35.101  -20.893 0.6000000238
45470  -41.809  -34.291  -19.820 0.6000000238
52043  -49.013  -26.833  -23.511 0.5000000000
51277  -49.103  -27.204  -22.665 0.4000000060
51283  -49.359  -27.531  -23.734 0.5000000000
52055  -48.983  -27.074  -24.507 0.5000000000
110341  -44.851  -31.627  -24.197 0.6000000238
115408  -45.134  -31.792  -23.342 0.6000000238
120889  -45.163  -31.030  -21.965 0.5000000000
129062  -35.305  -35.140  -22.914 0.6000000238
116280  -44.572  -31.091  -24.274 0.6000000238
47138  -45.131  -30.852  -22.947 0.5000000000
44668  -36.609  -35.177  -22.213 0.6000000238
47935  -44.156  -31.159  -24.533 0.6000000238
115777  -43.621  -31.019  -23.370 0.6000000238
48764  -44.249  -30.218  -22.694 0.5000000000
48744  -43.777  -30.557  -20.470 0.5000000000
48745  -44.460  -30.214  -21.152 0.5000000000
48730  -44.390  -29.917  -20.232 0.5000000000
51262  -46.971  -27.285  -20.016 0.4000000060
112283  -43.653  -31.520  -24.886 0.6999999881
47137  -43.389  -31.421  -22.437 0.5000000000
48753  -44.380  -30.094  -21.959 0.5000000000
52960  -47.293  -25.685  -20.632 0.4000000060
44689  -38.004  -35.622  -22.561 0.6000000238
46299  -42.539  -32.824  -19.093 0.6000000238
52966  -47.625  -25.422  -21.294 0.4000000060
44690  -39.111  -35.839  -22.397 0.6000000238
44671  -39.445  -35.623  -21.497 0.6000000238
120024  -42.191  -33.590  -19.436 0.6000000238
52973  -47.752  -25.172  -22.103 0.4000000060
44712  -37.834  -34.918  -25.321 0.6999999881
44672  -40.171  -35.605  -21.329 0.6000000238
52037  -48.668  -26.263  -22.841 0.4000000060
44659  -40.857  -35.355  -20.880 0.6000000238
45477  -41.369  -34.835  -20.272 0.6000000238
52042  -48.657  -26.408  -24.005 0.5000000000
52981  -48.265  -25.748  -23.518 0.4000000060
52992  -48.158  -26.117  -24.676 0.5000000000
53001  -47.984  -26.775  -26.182 0.4000000060
47147  -44.905  -30.886  -23.746 0.6000000238
47921  -44.591  -30.512  -23.202 0.5000000000
49568  -43.880  -29.774  -19.381 0.5000000000
49569  -44.523  -29.346  -19.704 0.5000000000
115778  -44.672  -28.840  -19.442 0.5000000000
129040  -45.737  -28.060  -19.523 0.4000000060
129154  -37.051  -35.103  -21.815 0.6000000238
44669  -37.513  -35.348  -21.935 0.6000000238
47920  -44.091  -30.439  -23.402 0.6000000238
48729  -43.632  -30.450  -19.591 0.5000000000
51256  -45.887  -27.270  -19.534 0.4000000060
52018  -46.449  -26.436  -19.820 0.4000000060
129774  -43.383  -31.476  -20.179 0.5000000000
52023  -47.220  -26.409  -20.310 0.4000000060
44670  -38.517  -35.553  -21.754 0.6000000238
110915  -38.981  -35.035  -21.166 0.6000000238
46298  -41.793  -33.170  -18.821 0.6000000238
53808  -47.243  -24.590  -22.489 0.4000000060
45468  -39.963  -34.341  -20.141 0.6000000238
46297  -41.056  -33.293  -18.753 0.6000000238
112900  -47.807  -25.130  -23.040 0.4000000060
45476  -40.626  -34.785  -20.182 0.6000000238
129533  -40.522  -34.274  -19.730 0.6000000238
45469  -41.101  -34.390  -19.695 0.6000000238
52980  -47.780  -25.355  -24.094 0.4000000060
53836  -47.027  -25.707  -26.078 0.3000000119
52991  -47.614  -25.968  -25.424 0.4000000060
52999  -46.901  -26.403  -27.640 0.3000000119
122515  -43.991  -29.114  -18.907 0.5000000000
50425  -44.487  -28.298  -18.965 0.5000000000
119036  -45.029  -27.021  -19.036 0.5000000000
52017  -45.471  -26.172  -19.412 0.5000000000
113556  -43.419  -29.870  -18.545 0.6000000238
52953  -46.209  -25.605  -19.859 0.5000000000
45491  -38.096  -34.951  -21.412 0.6000000238
46328  -38.613  -34.168  -21.150 0.6000000238
47876  -43.168  -31.142  -18.823 0.6000000238
52959  -46.751  -25.241  -20.351 0.4000000060
53794  -47.163  -25.062  -20.832 0.4000000060
45492  -39.307  -34.259  -20.744 0.6000000238
47092  -42.877  -32.015  -18.852 0.6999999881
53801  -46.550  -24.115  -22.024 0.3000000119
46317  -39.493  -33.438  -20.291 0.6000000238
47874  -41.689  -31.627  -17.729 0.6000000238
53807  -46.644  -24.112  -23.014 0.3000000119
112305  -39.830  -33.127  -19.604 0.6000000238
47079  -41.120  -32.104  -17.881 0.6000000238
53813  -47.266  -24.667  -23.543 0.4000000060
47100  -40.366  -33.221  -19.073 0.6000000238
46310  -40.777  -33.839  -19.305 0.6000000238
47859  -40.054  -31.268  -17.815 0.6000000238
53824  -47.174  -25.038  -24.683 0.3000000119
53823  -46.562  -24.688  -25.202 0.3000000119
53835  -46.382  -25.288  -26.415 0.3000000119
53847  -46.193  -25.807  -27.641 0.3000000119
50424  -43.734  -28.422  -18.345 0.6000000238
119401  -44.316  -27.014  -18.601 0.5000000000
48722  -43.028  -30.704  -18.261 0.6000000238
49553  -43.322  -29.215  -18.030 0.6000000238
52952  -45.476  -25.173  -19.656 0.4000000060
52958  -46.107  -24.826  -20.145 0.4000000060
46327  -37.763  -33.975  -21.361 0.6000000238
47121  -38.583  -32.569  -21.234 0.6000000238
53793  -46.625  -24.647  -20.737 0.3000000119
46329  -38.927  -33.342  -20.970 0.6000000238
47122  -39.052  -32.573  -20.796 0.6000000238
47110  -39.401  -32.582  -20.056 0.6000000238
129113  -39.286  -31.962  -19.825 0.6000000238
47860  -40.876  -31.321  -17.561 0.6000000238
53812  -46.640  -24.284  -24.078 0.3000000119
47099  -39.754  -32.482  -19.132 0.6000000238
47872  -39.903  -31.871  -18.379 0.6000000238
54649  -45.768  -23.874  -25.840 0.3000000119
54659  -45.491  -24.102  -26.825 0.3000000119
53846  -45.632  -25.122  -27.688 0.3000000119
51236  -43.529  -27.730  -17.948 0.6000000238
119393  -43.795  -27.155  -18.236 0.6000000238
52013  -44.559  -26.260  -18.860 0.5000000000
52951  -44.724  -25.426  -19.226 0.4000000060
49552  -42.539  -29.288  -17.238 0.6000000238
50411  -43.143  -28.455  -17.579 0.6000000238
53784  -44.827  -24.600  -19.556 0.4000000060
53785  -45.456  -24.468  -19.967 0.4000000060
127876  -41.916  -29.590  -16.922 0.6000000238
53792  -45.808  -24.116  -20.642 0.4000000060
53800  -45.784  -23.659  -21.590 0.3000000119
47906  -38.761  -31.818  -21.163 0.6000000238
49551  -41.337  -29.767  -16.840 0.6000000238
48743  -39.048  -31.180  -20.218 0.6000000238
49550  -40.518  -29.921  -16.905 0.6000000238
54616  -45.823  -23.265  -23.082 0.3000000119
48707  -39.568  -30.535  -17.816 0.6000000238
54626  -46.201  -23.730  -23.523 0.3000000119
48728  -39.050  -30.758  -19.371 0.6000000238
110199  -39.459  -31.089  -18.459 0.6000000238
119481  -45.885  -23.103  -25.361 0.3000000119
55447  -45.479  -23.182  -27.000 0.3000000119
51235  -42.978  -27.664  -17.271 0.6000000238
51999  -43.354  -26.991  -17.727 0.5000000000
52947  -44.027  -25.531  -18.671 0.5000000000
53779  -44.156  -24.746  -19.034 0.4000000060
53791  -44.939  -23.835  -20.091 0.4000000060
51222  -42.277  -27.552  -16.750 0.6000000238
108154  -45.160  -23.422  -20.914 0.4000000060
107977  -45.546  -23.203  -22.258 0.3000000119
47896  -38.898  -31.262  -20.952 0.6000000238
49543  -40.761  -29.180  -16.636 0.6000000238
55404  -45.323  -22.635  -21.899 0.3000000119
121281  -38.817  -30.566  -20.990 0.6000000238
48742  -38.808  -30.286  -20.242 0.6000000238
49542  -39.962  -29.301  -16.782 0.6000000238
56284  -45.908  -22.024  -23.099 0.3000000119
49549  -39.770  -29.934  -17.244 0.6000000238
116964  -38.677  -29.424  -18.880 0.6000000238
49564  -39.089  -29.782  -17.894 0.6000000238
51998  -42.752  -26.865  -17.090 0.6000000238
52946  -43.406  -25.482  -18.017 0.4000000060
113149  -43.637  -24.856  -18.445 0.4000000060
53783  -44.309  -23.964  -19.415 0.4000000060
51983  -41.995  -26.726  -16.624 0.5000000000
55403  -44.925  -22.643  -21.051 0.4000000060
51221  -41.353  -27.482  -16.491 0.5000000000
51220  -40.456  -27.804  -16.449 0.5000000000
56268  -45.570  -21.971  -22.274 0.3000000119
49580  -38.752  -29.769  -20.988 0.6000000238
129462  -39.531  -28.744  -16.855 0.5000000000
49567  -38.620  -29.410  -20.105 0.6000000238
48727  -38.769  -30.038  -19.458 0.6000000238
50409  -39.003  -28.526  -17.297 0.6000000238
50428  -38.526  -28.670  -19.505 0.6000000238
123066  -38.592  -28.683  -18.665 0.6000000238
49548  -38.799  -29.007  -17.961 0.6000000238
113820  -38.488  -27.921  -19.853 0.5000000000
114202  -38.517  -28.056  -18.929 0.5000000000
53762  -42.518  -24.867  -16.988 0.4000000060
129729  -43.066  -24.479  -17.666 0.3000000119
54598  -43.989  -23.149  -19.233 0.4000000060
117320  -44.345  -22.905  -19.849 0.3000000119
52919  -41.685  -25.801  -16.556 0.5000000000
127478  -42.333  -25.418  -16.816 0.4000000060
55392  -44.188  -22.362  -19.500 0.3000000119
55397  -44.543  -22.416  -20.219 0.3000000119
54604  -44.631  -23.126  -20.385 0.3000000119
51981  -40.227  -26.529  -16.425 0.5000000000
56260  -44.828  -21.695  -20.639 0.3000000119
108926  -39.818  -27.306  -16.515 0.5000000000
56261  -45.251  -21.840  -21.466 0.3000000119
51219  -39.041  -27.143  -16.842 0.5000000000
57125  -46.666  -20.389  -23.714 0.3000000119
51234  -38.768  -27.746  -17.332 0.5000000000
51248  -38.522  -27.501  -18.230 0.5000000000
53745  -42.239  -24.083  -16.819 0.3000000119
118366  -42.721  -23.489  -17.310 0.3000000119
116648  -43.213  -23.574  -17.921 0.3000000119
54592  -43.489  -23.012  -18.374 0.3000000119
53744  -41.346  -24.245  -16.455 0.3000000119
113260  -41.909  -24.913  -16.591 0.4000000060
55391  -43.774  -22.293  -18.765 0.3000000119
56248  -44.040  -21.696  -19.114 0.3000000119
123349  -40.177  -25.142  -16.387 0.3000000119
56249  -44.400  -21.643  -19.797 0.3000000119
51980  -39.408  -26.475  -16.632 0.4000000060
56254  -45.253  -20.758  -21.118 0.3000000119
57111  -45.923  -20.543  -21.984 0.3000000119
51979  -38.832  -26.316  -17.003 0.5000000000
57931  -46.303  -19.664  -22.236 0.3000000119
108145  -38.618  -26.918  -17.489 0.5000000000
57932  -46.722  -19.704  -23.153 0.3000000119
51254  -38.482  -27.323  -19.199 0.4000000060
52011  -38.463  -26.651  -18.509 0.5000000000
54566  -42.195  -23.142  -16.789 0.3000000119
55366  -42.576  -22.792  -17.120 0.3000000119
54573  -43.034  -22.848  -17.627 0.3000000119
54564  -40.709  -23.601  -16.372 0.3000000119
55384  -43.341  -22.155  -17.948 0.3000000119
53743  -40.452  -24.389  -16.376 0.3000000119
57083  -44.630  -20.835  -20.152 0.3000000119
57091  -44.835  -20.161  -20.469 0.3000000119
53741  -39.009  -24.889  -16.818 0.3000000119
53742  -39.618  -24.548  -16.519 0.3000000119
57906  -45.176  -19.861  -20.917 0.3000000119
57917  -45.683  -19.860  -21.486 0.3000000119
123063  -38.508  -24.516  -17.482 0.3000000119
52915  -38.720  -25.475  -17.205 0.4000000060
114155  -45.921  -19.218  -21.688 0.3000000119
58726  -46.285  -18.906  -22.088 0.3000000119
51997  -38.551  -26.102  -17.684 0.4000000060
58727  -46.673  -18.946  -22.754 0.3000000119
114620  -38.387  -26.069  -19.140 0.4000000060
114619  -38.420  -25.916  -18.405 0.4000000060
58735  -47.049  -19.052  -23.625 0.3000000119
57951  -47.015  -19.249  -24.537 0.3000000119
55359  -41.635  -22.640  -16.545 0.3000000119
54565  -41.545  -23.439  -16.516 0.3000000119
55360  -42.223  -22.458  -16.803 0.3000000119
56221  -43.077  -21.358  -17.578 0.3000000119
56235  -43.622  -21.350  -18.384 0.3000000119
55358  -40.891  -22.215  -16.400 0.3000000119
57069  -43.626  -20.418  -18.383 0.3000000119
111715  -43.915  -20.009  -18.923 0.3000000119
111512  -44.384  -19.926  -19.693 0.3000000119
54562  -38.853  -23.133  -16.938 0.3000000119
126807  -39.370  -23.233  -16.624 0.3000000119
57905  -44.783  -19.431  -20.426 0.3000000119
58714  -45.901  -18.558  -21.588 0.3000000119
52945  -38.410  -25.349  -17.946 0.4000000060
59576  -46.490  -18.139  -22.267 0.3000000119
126169  -38.316  -25.559  -19.520 0.4000000060
114182  -47.022  -18.218  -23.273 0.3000000119
59588  -47.251  -17.400  -24.015 0.3000000119
109922  -47.193  -18.396  -24.289 0.3000000119
59599  -46.423  -17.218  -25.780 0.3000000119
57052  -42.135  -20.899  -16.843 0.3000000119
57062  -42.697  -20.569  -17.296 0.3000000119
57872  -43.203  -20.015  -17.764 0.3000000119
57063  -43.293  -20.732  -17.828 0.3000000119
57051  -41.493  -20.785  -16.641 0.3000000119
57878  -43.529  -19.617  -18.362 0.3000000119
55356  -39.237  -22.530  -16.718 0.3000000119
108935  -39.955  -21.903  -16.465 0.3000000119
57890  -43.869  -19.269  -19.064 0.3000000119
57891  -44.313  -18.952  -19.798 0.3000000119
124996  -45.323  -18.196  -21.026 0.3000000119
59541  -44.817  -17.757  -20.474 0.3000000119
59564  -45.354  -17.380  -20.949 0.3000000119
108425  -38.050  -23.866  -18.193 0.4000000060
58713  -45.912  -17.748  -21.511 0.3000000119
53777  -38.213  -24.699  -18.449 0.4000000060
122931  -46.342  -17.203  -22.050 0.3000000119
53782  -37.947  -24.156  -19.072 0.4000000060
53790  -38.049  -24.397  -19.924 0.4000000060
117944  -47.034  -17.029  -24.962 0.3000000119
60479  -46.687  -16.288  -25.396 0.3000000119
57871  -42.492  -19.530  -17.325 0.3000000119
58657  -43.135  -19.302  -17.838 0.3000000119
57856  -41.982  -20.213  -16.879 0.3000000119
58669  -43.372  -18.719  -18.360 0.3000000119
57050  -40.711  -20.508  -16.556 0.3000000119
58677  -44.326  -18.092  -19.886 0.3000000119
56210  -38.931  -21.560  -16.890 0.3000000119
60450  -45.706  -16.351  -21.330 0.3000000119
60461  -46.125  -16.451  -21.852 0.3000000119
60462  -46.570  -16.565  -22.550 0.3000000119
60469  -46.988  -16.575  -23.386 0.3000000119
60475  -47.128  -16.463  -24.338 0.3000000119
107983  -37.957  -23.745  -20.484 0.3000000119
106503  -46.095  -15.506  -26.314 0.3000000119
57870  -41.531  -19.453  -16.881 0.3000000119
58656  -42.777  -18.698  -17.681 0.3000000119
59515  -43.340  -17.704  -18.591 0.3000000119
58676  -43.815  -18.384  -19.202 0.3000000119
57049  -39.926  -20.112  -16.599 0.3000000119
118092  -40.752  -19.756  -16.646 0.3000000119
59523  -44.336  -17.310  -20.000 0.3000000119
60434  -44.841  -16.975  -20.470 0.3000000119
114361  -44.848  -16.210  -20.494 0.3000000119
60449  -45.357  -16.627  -20.900 0.3000000119
61241  -45.390  -15.922  -20.957 0.3000000119
61242  -45.819  -15.808  -21.594 0.3000000119
61256  -46.289  -15.850  -22.281 0.3000000119
61257  -46.694  -15.976  -22.931 0.3000000119
61265  -46.957  -15.715  -23.702 0.3000000119
62086  -46.769  -14.936  -23.617 0.3000000119
124937  -46.997  -15.787  -24.603 0.3000000119
126728  -46.758  -15.333  -25.245 0.3000000119
106821  -46.923  -14.542  -24.978 0.3000000119
116738  -46.465  -14.648  -25.843 0.3000000119
106516  -45.783  -14.491  -26.720 0.3000000119
129293  -41.276  -18.900  -16.919 0.3000000119
123627  -41.862  -18.522  -17.219 0.3000000119
59514  -42.785  -17.504  -17.929 0.3000000119
58668  -43.016  -18.120  -17.972 0.3000000119
57855  -40.041  -19.194  -16.666 0.3000000119
58655  -40.779  -18.463  -16.874 0.3000000119
59498  -41.256  -17.587  -17.177 0.3000000119
59499  -42.110  -17.507  -17.512 0.3000000119
60399  -42.997  -16.836  -18.361 0.3000000119
60417  -43.813  -16.247  -19.547 0.3000000119
57869  -39.131  -19.709  -16.829 0.3000000119
57068  -37.890  -20.049  -18.079 0.3000000119
120320  -45.933  -15.137  -21.975 0.3000000119
107064  -46.494  -14.367  -23.179 0.3000000119
106499  -46.855  -13.373  -24.110 0.3000000119
121921  -46.931  -13.764  -24.866 0.3000000119
107099  -40.774  -16.924  -17.194 0.3000000119
59482  -39.755  -18.308  -16.869 0.3000000119
59497  -40.320  -17.580  -16.982 0.3000000119
124254  -38.996  -18.229  -17.101 0.3000000119
58654  -39.087  -18.911  -16.944 0.3000000119
57868  -38.440  -19.412  -17.442 0.3000000119
47907  -44.759  -30.333  -22.442 0.5000000000
48752  -43.972  -30.338  -21.388 0.5000000000
44701  -37.578  -35.392  -23.712 0.6000000238
44729  -40.956  -34.229  -27.487 0.6999999881
22166  -41.015  -62.432  -17.853 0.3000000119
22162  -41.158  -61.035  -17.548 0.3000000119
123719  -41.665  -61.311  -19.115 0.3000000119
22173  -42.167  -61.168  -19.937 0.4000000060
107812  -43.767  -61.309  -21.778 0.4000000060
23089  -44.653  -60.998  -22.229 0.4000000060
23084  -45.032  -60.148  -21.846 0.4000000060
24033  -45.790  -59.873  -22.359 0.4000000060
24023  -46.038  -59.131  -22.077 0.4000000060
25821  -46.402  -57.759  -22.317 0.4000000060
24943  -46.734  -58.696  -22.705 0.4000000060
27631  -45.524  -55.917  -22.035 0.4000000060
30152  -46.039  -52.385  -23.085 0.4000000060
32478  -43.511  -49.399  -13.158 0.3000000119
33389  -44.071  -48.878  -13.625 0.3000000119
33403  -45.088  -47.961  -14.792 0.3000000119
30988  -46.611  -51.632  -23.635 0.5000000000
35324  -46.324  -46.734  -15.927 0.3000000119
116798  -46.073  -45.893  -15.654 0.3000000119
116760  -47.393  -51.207  -24.386 0.5000000000
31835  -47.078  -50.420  -24.523 0.5000000000
41230  -49.346  -39.433  -20.187 0.3000000119
114489  -49.515  -39.992  -20.849 0.3000000119
41248  -50.057  -40.071  -21.444 0.3000000119
119084  -48.653  -50.764  -25.896 0.6000000238
40356  -50.536  -40.531  -21.937 0.4000000060
120450  -51.379  -41.063  -22.748 0.4000000060
40362  -51.900  -40.677  -23.396 0.4000000060
39594  -53.203  -41.558  -24.501 0.4000000060
40368  -53.321  -40.768  -24.917 0.4000000060
115648  -54.209  -40.438  -26.036 0.4000000060
36335  -39.454  -45.119  -21.408 0.4000000060
37204  -39.843  -44.743  -22.249 0.5000000000
33543  -48.243  -48.637  -28.734 0.6999999881
126439  -55.442  -40.816  -27.864 0.4000000060
34513  -47.831  -47.799  -28.575 0.6999999881
40391  -55.643  -40.209  -29.134 0.4000000060
38814  -40.952  -42.832  -21.909 0.5000000000
38815  -41.407  -42.247  -22.291 0.5000000000
39581  -42.275  -41.182  -23.600 0.6000000238
39573  -41.906  -41.536  -22.739 0.6000000238
40363  -42.530  -40.899  -24.445 0.8000000119
119407  -48.271  -45.787  -28.893 0.8000000119
35448  -49.027  -46.123  -29.529 0.6999999881
124690  -47.477  -46.366  -28.403 0.6999999881
41305  -55.147  -40.114  -29.379 0.4000000060
36383  -48.395  -44.699  -29.128 0.8000000119
109159  -42.836  -40.018  -24.478 0.8000000119
116235  -46.546  -42.666  -28.391 0.8000000119
37243  -46.569  -43.956  -28.222 0.8000000119
119430  -53.118  -38.173  -28.103 0.4000000060
41273  -43.285  -38.873  -25.494 0.6999999881
126096  -45.559  -42.883  -27.815 0.8000000119
110237  -43.519  -38.630  -26.232 0.6999999881
41288  -43.962  -38.889  -27.103 0.6999999881
39605  -44.762  -41.124  -27.658 0.8000000119
41289  -44.593  -39.552  -27.801 0.6000000238
43891  -52.302  -36.517  -26.941 0.3000000119
44706  -49.742  -35.266  -22.925 0.4000000060
43871  -50.767  -36.007  -24.838 0.4000000060
43031  -51.099  -37.521  -25.591 0.4000000060
118061  -51.571  -36.765  -26.053 0.3000000119
120192  -49.466  -34.852  -22.286 0.4000000060
116393  -50.316  -36.044  -24.161 0.4000000060
43870  -50.470  -36.781  -24.574 0.4000000060
45496  -49.016  -34.031  -21.339 0.4000000060
47148  -50.040  -32.982  -23.074 0.4000000060
47922  -49.875  -32.033  -22.924 0.5000000000
120098  -48.484  -33.839  -20.644 0.5000000000
47901  -48.823  -31.469  -20.763 0.4000000060
47909  -49.513  -32.070  -21.939 0.5000000000
47149  -50.284  -32.451  -23.779 0.5000000000
47931  -50.146  -31.464  -23.808 0.5000000000
46314  -47.230  -33.126  -19.781 0.5000000000
47114  -47.396  -32.127  -19.854 0.5000000000
47115  -48.307  -31.871  -20.319 0.4000000060
49603  -50.118  -30.275  -24.229 0.5000000000
49606  -49.933  -29.421  -24.087 0.5000000000
121214  -49.624  -28.200  -24.329 0.5000000000
51292  -49.319  -27.699  -24.975 0.5000000000
44697  -34.815  -35.622  -23.288 0.5000000000
52054  -48.472  -26.855  -25.349 0.5000000000
53000  -47.590  -26.879  -27.291 0.4000000060
45506  -34.589  -34.173  -22.439 0.6000000238
44686  -35.262  -34.681  -22.424 0.6000000238
125405  -35.782  -35.118  -22.708 0.6000000238
45507  -35.984  -34.675  -21.950 0.6000000238
53007  -46.707  -26.308  -28.627 0.3000000119
46344  -36.389  -34.049  -21.611 0.6000000238
46326  -37.048  -34.221  -21.503 0.6000000238
45490  -37.347  -34.804  -21.573 0.6000000238
53858  -46.096  -25.999  -28.565 0.3000000119
121416  -45.534  -24.571  -28.817 0.3000000119
47120  -37.835  -32.783  -21.486 0.6000000238
47919  -38.536  -30.978  -21.520 0.6000000238
49586  -38.658  -30.036  -21.643 0.6000000238
117925  -38.695  -29.103  -20.962 0.6000000238
50440  -38.568  -28.565  -20.468 0.6000000238
115966  -38.694  -29.268  -21.593 0.6000000238
122117  -38.484  -27.138  -20.100 0.5000000000
116631  -38.383  -26.193  -20.106 0.4000000060
52957  -38.264  -25.235  -20.154 0.4000000060
113987  -38.207  -24.651  -20.841 0.4000000060
129456  -46.584  -13.723  -23.463 0.3000000119
106500  -46.928  -13.069  -24.869 0.3000000119
106859  -46.818  -12.433  -25.414 0.3000000119
106916  -46.270  -13.870  -26.346 0.3000000119
120057  -38.485  -18.616  -17.544 0.3000000119
127365  -37.697  -19.036  -18.896 0.3000000119
41287  -54.715  -40.430  -26.841 0.4000000060
128232  -50.130  -30.875  -24.066 0.5000000000
23083  -44.104  -60.420  -21.271 0.4000000060
129082  -42.132  -57.493  -16.424 0.3000000119
114075  -42.638  -57.809  -17.407 0.3000000119
25786  -43.073  -57.239  -17.714 0.3000000119
24922  -44.244  -58.448  -19.994 0.4000000060
128374  -42.986  -55.348  -17.243 0.3000000119
30140  -44.668  -52.274  -21.759 0.4000000060
29246  -41.291  -53.256  -13.084 0.3000000119
116023  -43.632  -53.630  -19.339 0.4000000060
30903  -41.692  -51.059  -15.986 0.3000000119
115794  -45.860  -50.969  -23.238 0.4000000060
120449  -45.304  -45.794  -15.357 0.3000000119
36265  -43.749  -45.142  -15.400 0.3000000119
123220  -43.810  -43.895  -16.417 0.3000000119
39521  -46.393  -41.314  -17.049 0.3000000119
40312  -47.285  -40.694  -18.464 0.3000000119
37169  -42.979  -44.733  -17.929 0.3000000119
37184  -43.714  -44.613  -19.112 0.3000000119
37998  -43.651  -43.541  -17.846 0.3000000119
38013  -44.528  -43.172  -18.933 0.3000000119
41224  -49.290  -39.077  -19.375 0.3000000119
36330  -44.557  -45.237  -20.540 0.3000000119
38023  -45.263  -43.577  -20.099 0.3000000119
121138  -48.568  -48.341  -26.312 0.6000000238
32617  -49.555  -49.777  -27.827 0.6999999881
36338  -46.023  -45.350  -22.201 0.3000000119
32622  -49.559  -49.526  -28.744 0.6999999881
116168  -48.148  -45.180  -22.722 0.4000000060
38037  -52.352  -43.223  -23.073 0.4000000060
34500  -51.528  -47.586  -26.542 0.6000000238
121558  -50.531  -48.023  -29.302 0.6999999881
36353  -52.061  -45.601  -23.407 0.4000000060
38842  -54.848  -42.571  -26.143 0.4000000060
34517  -49.802  -48.004  -29.370 0.6999999881
39603  -55.397  -42.109  -27.389 0.4000000060
40390  -55.304  -40.805  -28.428 0.4000000060
110279  -39.309  -44.047  -20.344 0.3000000119
35449  -49.687  -46.143  -29.646 0.6999999881
34516  -48.731  -47.869  -29.046 0.6999999881
37233  -55.229  -45.424  -26.172 0.5000000000
36385  -49.670  -45.318  -29.379 0.6999999881
36384  -49.079  -44.451  -29.309 0.6999999881
118857  -49.136  -45.307  -29.560 0.8000000119
116846  -53.015  -41.603  -27.091 0.4000000060
37229  -48.673  -44.639  -26.062 0.6999999881
39606  -47.905  -41.131  -27.739 0.6000000238
38852  -46.350  -42.010  -28.333 0.6999999881
41291  -46.940  -39.202  -27.776 0.6000000238
129853  -45.877  -40.627  -28.340 0.6999999881
40385  -45.162  -40.235  -28.116 0.8000000119
41297  -45.384  -39.035  -28.335 0.6000000238
43045  -52.620  -37.313  -27.537 0.4000000060
120250  -52.416  -38.178  -27.234 0.3000000119
38042  -47.029  -43.006  -25.400 0.6000000238
38043  -47.449  -43.630  -25.025 0.6000000238
38044  -48.217  -43.866  -24.607 0.6999999881
40380  -47.070  -39.826  -27.255 0.6000000238
43042  -44.446  -37.136  -28.412 0.6999999881
42171  -44.819  -37.921  -28.379 0.6999999881
40378  -44.132  -40.367  -27.290 0.8000000119
42176  -45.446  -37.949  -28.509 0.6999999881
116903  -50.399  -41.013  -24.842 0.3000000119
41277  -50.381  -39.740  -24.916 0.3000000119
38822  -48.045  -42.523  -23.532 0.5000000000
121564  -39.324  -37.778  -24.316 0.6999999881
40360  -49.235  -40.589  -23.645 0.4000000060
116014  -48.766  -35.774  -21.557 0.4000000060
43009  -49.198  -37.625  -23.082 0.4000000060
42155  -49.604  -39.182  -23.961 0.4000000060
116289  -47.610  -36.515  -20.680 0.5000000000
43010  -49.675  -37.572  -23.680 0.4000000060
42149  -49.769  -38.377  -24.023 0.4000000060
119029  -49.853  -36.077  -23.467 0.4000000060
40359  -45.359  -40.582  -23.188 0.5000000000
43004  -38.483  -37.757  -24.539 0.6999999881
42102  -45.550  -38.224  -20.729 0.5000000000
43002  -36.837  -37.260  -24.284 0.5000000000
45541  -45.076  -34.709  -27.619 0.6999999881
46322  -47.786  -33.816  -20.012 0.5000000000
44728  -39.930  -34.242  -27.200 0.6999999881
49588  -49.293  -29.202  -22.083 0.5000000000
43001  -35.222  -36.958  -23.398 0.5000000000
43008  -44.652  -37.405  -22.917 0.5000000000
47103  -46.620  -32.571  -19.754 0.5000000000
45540  -44.579  -33.668  -27.230 0.6999999881
120790  -47.766  -31.363  -20.020 0.4000000060
48747  -48.453  -30.323  -20.503 0.4000000060
46373  -42.213  -32.671  -27.727 0.8000000119
45532  -41.455  -33.281  -27.198 0.6000000238
44698  -35.576  -35.555  -23.413 0.5000000000
47162  -44.092  -32.154  -26.030 0.6000000238
47160  -42.911  -32.338  -27.076 0.6999999881
44691  -40.080  -35.760  -22.534 0.6000000238
45515  -34.798  -35.043  -22.905 0.5000000000
119080  -45.175  -32.090  -22.306 0.6000000238
49570  -45.387  -29.145  -19.840 0.4000000060
46367  -43.322  -32.180  -25.933 0.6999999881
46352  -43.347  -31.685  -24.115 0.6999999881
46318  -42.694  -33.977  -21.108 0.6000000238
43834  -39.902  -35.902  -21.889 0.6000000238
46311  -41.444  -33.798  -19.278 0.6000000238
50429  -45.228  -28.475  -19.478 0.4000000060
121395  -43.808  -30.551  -22.823 0.5000000000
121111  -43.729  -30.548  -22.000 0.5000000000
47123  -43.272  -31.819  -21.412 0.6000000238
53802  -47.126  -24.682  -21.463 0.4000000060
47101  -43.069  -32.207  -19.591 0.6999999881
47091  -42.200  -32.463  -18.483 0.6000000238
44658  -39.902  -35.097  -20.753 0.6000000238
51255  -45.163  -27.798  -19.241 0.4000000060
47885  -43.311  -31.341  -19.535 0.6999999881
125268  -43.427  -30.383  -18.922 0.6000000238
47111  -43.191  -32.142  -20.434 0.6000000238
47089  -40.551  -32.563  -18.399 0.6000000238
51250  -44.626  -27.583  -18.848 0.5000000000
127872  -42.121  -31.294  -17.729 0.6000000238
54617  -46.029  -23.642  -22.574 0.3000000119
47861  -41.711  -30.982  -17.482 0.6000000238
48709  -41.105  -30.498  -17.157 0.6000000238
48708  -40.297  -30.601  -17.366 0.6000000238
48711  -42.868  -30.061  -17.758 0.6000000238
48710  -42.026  -30.190  -17.209 0.6000000238
47884  -39.372  -31.596  -19.181 0.6000000238
54638  -46.185  -23.999  -24.511 0.3000000119
54637  -46.002  -23.608  -24.918 0.3000000119
52012  -43.770  -26.375  -18.281 0.6000000238
50401  -41.805  -28.169  -16.609 0.6000000238
122061  -45.248  -23.143  -21.585 0.4000000060
54625  -46.043  -23.392  -23.975 0.3000000119
55430  -45.980  -22.910  -24.470 0.3000000119
52937  -43.131  -26.198  -17.557 0.5000000000
54599  -44.448  -23.388  -19.800 0.4000000060
50399  -40.109  -28.507  -16.560 0.5000000000
123057  -42.833  -25.423  -17.333 0.4000000060
52936  -42.500  -26.071  -16.939 0.4000000060
53778  -43.656  -23.989  -18.633 0.4000000060
51982  -41.115  -26.584  -16.444 0.5000000000
57112  -46.401  -20.460  -22.810 0.3000000119
119244  -41.062  -25.055  -16.398 0.4000000060
52918  -40.686  -25.824  -16.405 0.4000000060
52917  -39.816  -25.816  -16.463 0.4000000060
111716  -44.129  -20.835  -19.177 0.3000000119
128293  -39.509  -25.216  -16.562 0.3000000119
52916  -39.144  -25.697  -16.752 0.3000000119
59594  -46.957  -17.798  -25.141 0.3000000119
55367  -42.693  -22.076  -17.210 0.3000000119
55357  -40.118  -22.871  -16.394 0.3000000119
58696  -45.331  -19.102  -21.105 0.3000000119
54572  -38.447  -23.483  -17.430 0.3000000119
52950  -38.323  -25.414  -18.797 0.4000000060
56212  -40.805  -21.334  -16.472 0.3000000119
58695  -44.792  -18.590  -20.470 0.3000000119
59577  -46.848  -17.350  -22.893 0.3000000119
106502  -45.939  -16.613  -26.447 0.3000000119
56211  -39.881  -20.984  -16.550 0.3000000119
59522  -43.846  -17.548  -19.418 0.3000000119
57061  -39.061  -20.546  -16.817 0.3000000119
106784  -46.700  -14.030  -25.540 0.3000000119
126447  -42.536  -18.061  -17.635 0.3000000119
60400  -43.517  -16.864  -19.065 0.3000000119
60418  -44.326  -16.572  -20.046 0.3000000119
57060  -38.507  -20.110  -17.279 0.3000000119
62065  -45.553  -14.423  -21.558 0.3000000119
62075  -46.467  -15.194  -22.853 0.3000000119
107838  -46.968  -15.106  -24.349 0.3000000119
106521  -46.647  -13.242  -25.770 0.3000000119
106505  -46.074  -13.099  -26.940 0.3000000119
116176  -42.549  -16.152  -18.062 0.3000000119
57877  -37.956  -19.066  -18.277 0.3000000119
57889  -37.662  -19.543  -18.948 0.3000000119
106908  -46.823  -12.471  -24.273 0.3000000119
24034  -46.497  -59.583  -22.904 0.4000000060
35446  -48.232  -46.872  -28.787 0.6999999881
114679  -50.371  -33.335  -23.763 0.4000000060
50448  -38.647  -28.498  -21.426 0.5000000000
46333  -48.975  -33.205  -21.090 0.4000000060
47139  -49.693  -32.797  -22.304 0.4000000060
49616  -50.508  -29.747  -27.634 0.3000000119
49615  -50.248  -29.498  -26.677 0.4000000060
49620  -50.610  -29.179  -28.177 0.3000000119
48779  -50.388  -31.017  -24.638 0.4000000060
115425  -50.369  -30.297  -24.974 0.4000000060
49607  -50.162  -29.624  -24.876 0.4000000060
50489  -50.116  -28.685  -27.997 0.3000000119
50482  -50.016  -29.054  -25.786 0.4000000060
117307  -49.860  -28.907  -26.903 0.3000000119
120346  -49.025  -32.233  -21.003 0.3000000119
51297  -49.195  -27.945  -26.347 0.3000000119
114159  -49.617  -28.341  -25.398 0.4000000060
52066  -48.556  -27.248  -27.805 0.3000000119
51296  -48.799  -27.646  -27.373 0.3000000119
52063  -48.818  -27.476  -25.954 0.4000000060
53009  -48.252  -27.071  -28.053 0.3000000119
52061  -48.067  -27.205  -27.995 0.3000000119
128347  -47.896  -27.219  -27.326 0.3000000119
53008  -47.514  -26.630  -28.282 0.3000000119
120073  -34.689  -32.420  -22.493 0.5000000000
46342  -34.728  -33.299  -22.308 0.5000000000
124853  -35.437  -32.061  -22.299 0.5000000000
115432  -36.205  -33.147  -21.699 0.5000000000
53016  -46.708  -26.228  -28.721 0.3000000119
107891  -36.133  -32.215  -21.969 0.5000000000
47136  -37.625  -31.935  -21.767 0.5000000000
48761  -36.434  -30.739  -22.573 0.5000000000
128289  -36.745  -30.104  -22.873 0.5000000000
48762  -37.466  -30.432  -22.511 0.4000000060
49600  -36.509  -29.663  -23.216 0.5000000000
48774  -35.863  -30.178  -22.995 0.5000000000
48763  -38.281  -30.305  -22.167 0.5000000000
48775  -37.399  -29.543  -23.079 0.4000000060
49591  -38.078  -29.752  -22.661 0.5000000000
50466  -37.629  -28.837  -23.523 0.4000000060
124830  -38.673  -28.810  -22.048 0.5000000000
49601  -38.244  -28.966  -23.017 0.4000000060
128313  -37.819  -27.990  -24.384 0.4000000060
50467  -38.567  -28.199  -23.101 0.5000000000
50477  -38.152  -28.234  -23.771 0.4000000060
107910  -38.655  -28.128  -22.304 0.4000000060
129401  -38.505  -27.559  -23.850 0.5000000000
128913  -38.193  -27.661  -24.380 0.3000000119
51276  -38.705  -27.489  -23.070 0.4000000060
52022  -38.562  -26.910  -21.133 0.4000000060
51271  -38.709  -27.267  -22.185 0.3000000119
52036  -38.759  -26.679  -22.912 0.3000000119
52031  -38.666  -26.484  -21.952 0.3000000119
125674  -38.897  -25.910  -23.840 0.3000000119
124558  -38.693  -25.794  -22.397 0.3000000119
52965  -38.471  -25.729  -21.187 0.3000000119
116550  -38.798  -25.083  -22.866 0.3000000119
112500  -38.479  -24.889  -21.853 0.3000000119
47145  -34.188  -31.756  -22.880 0.5000000000
48792  -51.603  -30.584  -28.920 0.3000000119
48783  -50.612  -30.708  -25.567 0.4000000060
47144  -33.407  -31.858  -23.111 0.4000000060
47915  -35.038  -31.469  -22.689 0.5000000000
48773  -35.063  -30.688  -23.072 0.4000000060
49599  -35.815  -29.477  -23.466 0.5000000000
116077  -48.234  -32.902  -20.295 0.4000000060
47905  -38.263  -31.844  -21.563 0.5000000000
46347  -49.743  -33.582  -22.524 0.4000000060
47936  -50.556  -31.967  -24.549 0.4000000060
113923  -49.888  -28.866  -24.698 0.4000000060
46343  -35.450  -33.872  -21.913 0.5000000000
47119  -37.032  -33.439  -21.503 0.5000000000
50455  -38.514  -29.405  -22.265 0.5000000000
126914  -38.631  -27.730  -21.588 0.4000000060
51261  -38.552  -27.797  -20.782 0.3000000119
118269  -51.152  -29.827  -28.433 0.3000000119
48788  -50.677  -30.345  -26.656 0.4000000060
49619  -49.979  -29.092  -27.662 0.3000000119
49610  -50.385  -29.903  -25.710 0.4000000060
47938  -50.810  -31.533  -25.356 0.4000000060
50481  -49.540  -28.463  -26.660 0.3000000119
50487  -49.624  -28.477  -27.618 0.3000000119
52062  -48.276  -27.354  -27.186 0.3000000119
121578  -34.095  -33.450  -22.569 0.5000000000
120712  -33.851  -32.634  -22.744 0.5000000000
127565  -34.314  -32.942  -22.514 0.5000000000
47134  -35.406  -32.837  -22.068 0.5000000000
47135  -36.959  -32.486  -21.686 0.5000000000
47917  -36.956  -31.484  -22.128 0.5000000000
47918  -37.932  -31.174  -22.009 0.5000000000
47916  -35.936  -31.454  -22.367 0.5000000000
48760  -35.657  -30.886  -22.712 0.5000000000
124083  -38.558  -28.704  -22.541 0.5000000000
52041  -38.750  -26.860  -23.979 0.3000000119
38837  -42.374  -42.160  -25.740 0.6999999881
38851  -45.010  -42.160  -27.618 0.6999999881
115924  -43.983  -41.945  -26.988 0.6999999881
39604  -43.624  -41.146  -26.764 0.6999999881
38844  -43.131  -41.965  -26.374 0.6999999881
39596  -42.824  -41.256  -26.031 0.6999999881
114654  -42.452  -41.454  -25.199 0.6999999881
40369  -42.805  -40.629  -25.366 0.6999999881
44716  -50.637  -35.300  -24.402 0.3000000119
44717  -51.051  -35.254  -25.062 0.3000000119
45527  -50.518  -34.607  -24.005 0.3000000119
45534  -51.315  -34.527  -25.336 0.3000000119
46362  -50.663  -33.877  -24.273 0.3000000119
45528  -50.868  -34.560  -24.672 0.3000000119
116114  -43.819  -39.733  -26.964 0.6999999881
40370  -43.277  -40.323  -26.355 0.6999999881
44707  -50.232  -35.310  -23.709 0.3000000119
46355  -50.369  -34.025  -23.716 0.3000000119
46363  -51.055  -33.799  -24.961 0.3000000119
111379  -51.507  -32.814  -25.909 0.3000000119
119047  -51.776  -33.286  -26.548 0.3000000119
41281  -43.434  -39.411  -26.300 0.6000000238
41280  -43.098  -39.737  -25.453 0.6999999881
45519  -49.764  -34.368  -22.723 0.3000000119
45520  -50.135  -34.559  -23.370 0.3000000119
47163  -51.040  -32.387  -25.239 0.3000000119
47939  -51.329  -31.981  -26.054 0.3000000119
47943  -50.986  -31.181  -26.257 0.3000000119
45510  -49.414  -34.190  -22.045 0.3000000119
47124  -49.356  -32.743  -21.619 0.3000000119
37242  -45.783  -44.324  -27.586 0.6999999881
36377  -46.467  -44.827  -27.973 0.6999999881
38060  -45.145  -43.760  -27.366 0.6999999881
38836  -41.723  -42.713  -25.299 0.6999999881
38059  -44.615  -43.121  -27.197 0.6999999881
123957  -43.512  -42.642  -26.626 0.6999999881
38827  -42.072  -42.078  -25.047 0.6999999881
38845  -44.168  -42.622  -27.021 0.6999999881
39589  -42.228  -41.688  -24.385 0.6999999881
43882  -51.296  -35.931  -25.509 0.3000000119
44725  -51.483  -35.193  -25.634 0.3000000119
46369  -51.569  -33.729  -25.772 0.3000000119
47168  -51.655  -32.525  -27.023 0.3000000119
47944  -51.374  -31.626  -27.034 0.3000000119
127886  -51.657  -31.971  -27.917 0.3000000119
118695  -51.089  -30.952  -27.163 0.3000000119
43881  -50.936  -36.747  -25.270 0.3000000119
47156  -50.753  -32.981  -24.528 0.3000000119
47157  -51.216  -33.130  -25.247 0.3000000119
29352  -49.334  -53.951  -24.808 0.4000000060
30157  -49.486  -53.297  -25.298 0.4000000060
30156  -48.480  -53.090  -24.386 0.4000000060
30154  -47.374  -53.311  -23.728 0.4000000060
30163  -49.637  -53.252  -25.978 0.4000000060
30999  -48.863  -51.474  -25.649 0.4000000060
30992  -47.995  -52.090  -24.464 0.4000000060
128053  -49.091  -52.638  -24.991 0.4000000060
31000  -49.352  -52.114  -26.146 0.5000000000
30994  -49.485  -52.716  -25.749 0.4000000060
30162  -49.162  -52.998  -26.355 0.4000000060
31836  -48.047  -50.913  -25.066 0.4000000060
30165  -49.461  -52.567  -26.303 0.5000000000
29357  -47.998  -53.438  -26.237 0.5000000000
31840  -49.093  -51.435  -26.539 0.5000000000
31004  -49.251  -51.869  -26.779 0.5000000000
30161  -48.014  -52.587  -26.620 0.5000000000
30160  -45.674  -52.708  -25.695 0.5000000000
31003  -48.647  -52.028  -26.995 0.5000000000
31843  -48.444  -51.356  -27.297 0.6000000238
110720  -46.862  -52.884  -26.091 0.5000000000
31842  -47.006  -51.085  -27.076 0.5000000000
30998  -46.418  -52.096  -26.180 0.5000000000
30997  -45.433  -51.399  -25.872 0.6000000238
128083  -45.552  -52.029  -25.763 0.5000000000
31838  -44.408  -49.930  -25.515 0.5000000000
31846  -48.635  -50.646  -27.705 0.6000000238
31001  -46.375  -51.378  -26.450 0.5000000000
31839  -44.854  -50.604  -25.713 0.6000000238
34484  -42.608  -47.442  -24.345 0.5000000000
32606  -43.696  -49.176  -24.794 0.5000000000
32610  -44.125  -49.257  -25.317 0.5000000000
34485  -43.418  -47.743  -24.896 0.5000000000
36360  -39.027  -45.501  -25.371 0.4000000060
31845  -47.641  -50.744  -27.560 0.6000000238
37218  -39.455  -45.010  -25.315 0.5000000000
32619  -47.474  -50.011  -27.914 0.6000000238
36361  -39.688  -45.519  -25.437 0.5000000000
32616  -46.567  -50.273  -27.196 0.6000000238
123570  -45.734  -49.843  -26.690 0.6000000238
36362  -40.621  -45.490  -25.523 0.5000000000
33535  -44.825  -48.565  -26.228 0.6000000238
31841  -45.082  -49.883  -26.116 0.5000000000
35415  -42.200  -46.502  -24.883 0.5000000000
33532  -44.285  -48.577  -25.684 0.5000000000
34495  -43.904  -47.876  -25.485 0.5000000000
34496  -44.359  -47.905  -26.040 0.5000000000
36359  -38.472  -45.889  -25.278 0.4000000060
122747  -39.517  -44.706  -24.934 0.5000000000
35411  -37.790  -46.540  -25.069 0.4000000060
37214  -40.184  -44.188  -24.406 0.5000000000
37226  -40.241  -44.962  -25.496 0.5000000000
33539  -46.795  -48.927  -27.870 0.6000000238
38050  -40.757  -44.330  -25.549 0.5000000000
32615  -46.138  -49.338  -27.219 0.6000000238
32614  -45.304  -49.221  -26.464 0.6000000238
33536  -45.493  -48.553  -26.787 0.6000000238
125805  -43.480  -47.227  -25.350 0.5000000000
35431  -43.849  -47.178  -25.849 0.5000000000
125346  -43.001  -46.385  -25.628 0.5000000000
37213  -39.459  -44.738  -24.252 0.4000000060
36355  -38.264  -45.834  -24.773 0.4000000060
118431  -40.818  -43.605  -24.369 0.5000000000
38041  -41.227  -43.197  -24.811 0.5000000000
38051  -41.311  -43.544  -25.531 0.5000000000
35445  -47.123  -47.254  -28.119 0.6000000238
34512  -47.286  -48.329  -28.277 0.6000000238
37227  -41.478  -44.308  -25.919 0.5000000000
115962  -41.073  -44.974  -25.829 0.5000000000
34511  -46.486  -47.970  -27.656 0.6000000238
119399  -45.225  -47.090  -26.805 0.6000000238
35440  -44.460  -47.180  -26.324 0.5000000000
35430  -41.757  -45.638  -25.592 0.5000000000
36363  -42.508  -45.562  -25.985 0.5000000000
110777  -40.725  -43.650  -23.522 0.5000000000
38052  -41.953  -43.004  -25.921 0.6000000238
37235  -41.819  -43.695  -26.016 0.5000000000
126139  -46.845  -46.386  -27.922 0.6000000238
34504  -45.718  -47.831  -27.070 0.6000000238
37236  -42.238  -44.294  -26.203 0.5000000000
37228  -41.914  -45.017  -26.091 0.5000000000
35441  -45.470  -46.198  -27.027 0.6000000238
115517  -44.645  -46.387  -26.579 0.5000000000
36371  -43.260  -45.696  -26.209 0.5000000000
36372  -44.071  -45.679  -26.464 0.5000000000
109415  -39.550  -44.954  -23.270 0.4000000060
38034  -41.315  -43.126  -23.859 0.4000000060
36347  -38.834  -45.390  -23.946 0.4000000060
117707  -42.726  -42.756  -26.257 0.6000000238
38058  -42.484  -43.537  -26.255 0.6000000238
109604  -43.094  -44.198  -26.394 0.5000000000
36370  -42.761  -44.973  -26.247 0.5000000000
37239  -44.936  -44.658  -27.072 0.6000000238
37237  -43.605  -44.926  -26.441 0.5000000000
37205  -40.130  -44.306  -23.188 0.5000000000
38819  -41.635  -42.410  -23.278 0.4000000060
39580  -42.041  -41.902  -23.651 0.5000000000
38818  -41.161  -43.007  -22.858 0.4000000060
38031  -40.637  -43.562  -22.457 0.4000000060
116101  -43.292  -43.394  -26.518 0.6000000238
117876  -44.124  -44.026  -26.735 0.5000000000
35429  -41.152  -46.056  -25.027 0.5000000000
36340  -39.264  -45.401  -22.592 0.4000000060
30153  -47.127  -52.590  -23.728 0.4000000060
31844  -49.135  -51.064  -27.207 0.6000000238
33540  -47.855  -49.334  -28.461 0.6000000238
36378  -47.271  -45.432  -28.425 0.6000000238
36376  -45.614  -45.250  -27.307 0.6000000238
117988  -46.301  -45.858  -27.597 0.6000000238
120199  -43.920  -43.174  -26.795 0.6000000238
38826  -41.793  -42.480  -24.342 0.5000000000
30164  -49.110  -52.358  -26.643 0.5000000000
31002  -47.493  -51.787  -26.844 0.5000000000
30159  -44.899  -52.077  -25.460 0.5000000000
116464  -45.809  -50.603  -26.428 0.6000000238
38040  -40.665  -43.848  -25.041 0.5000000000
33538  -46.097  -48.518  -27.310 0.6000000238
35439  -43.843  -46.453  -26.178 0.5000000000
35444  -46.148  -46.950  -27.414 0.6000000238
36373  -44.845  -45.545  -26.814 0.6000000238
37238  -44.310  -44.965  -26.678 0.5000000000
40361  -51.411  -40.296  -22.890 0.3000000119
41263  -50.670  -39.610  -22.006 0.3000000119
41264  -51.194  -39.597  -22.622 0.3000000119
41270  -51.619  -39.657  -23.221 0.3000000119
42150  -51.511  -38.675  -22.826 0.3000000119
127742  -51.878  -38.947  -23.535 0.3000000119
42151  -52.401  -38.741  -24.228 0.3000000119
40367  -52.614  -40.679  -24.138 0.3000000119
41278  -52.770  -39.841  -24.609 0.3000000119
42157  -52.992  -38.107  -24.823 0.3000000119
41279  -53.492  -40.094  -25.353 0.3000000119
41285  -53.098  -39.134  -25.116 0.3000000119
43055  -56.182  -38.451  -30.047 0.3000000119
41306  -55.804  -39.806  -29.900 0.3000000119
43054  -55.434  -38.078  -30.229 0.3000000119
110764  -53.595  -38.058  -29.058 0.3000000119
43051  -53.789  -37.337  -29.742 0.3000000119
108423  -54.296  -38.298  -29.835 0.3000000119
43046  -53.176  -37.275  -28.594 0.3000000119
127696  -50.354  -39.179  -21.400 0.3000000119
42137  -51.368  -38.204  -22.042 0.3000000119
29356  -46.551  -53.526  -25.841 0.4000000060
43011  -51.973  -37.653  -22.453 0.3000000119
117783  -52.614  -37.597  -23.943 0.3000000119
41286  -53.905  -39.634  -25.828 0.3000000119
41295  -54.967  -39.855  -27.319 0.3000000119
41307  -56.102  -39.767  -29.389 0.3000000119
42174  -56.246  -39.398  -28.624 0.3000000119
43048  -56.818  -38.502  -28.894 0.3000000119
43052  -56.702  -38.484  -29.374 0.3000000119
43906  -56.141  -37.540  -29.634 0.3000000119
43904  -54.043  -36.693  -30.105 0.3000000119
109490  -52.059  -38.038  -23.361 0.3000000119
27578  -36.434  -55.642  -16.521 0.4000000060
28433  -36.175  -54.506  -17.376 0.3000000119
128595  -36.838  -53.419  -17.774 0.3000000119
29309  -37.011  -52.938  -18.186 0.3000000119
32597  -42.084  -49.366  -23.171 0.4000000060
32598  -42.616  -49.785  -23.714 0.4000000060
126505  -42.267  -50.413  -23.409 0.4000000060
31830  -42.543  -51.207  -23.960 0.4000000060
34478  -41.946  -47.561  -23.722 0.4000000060
33524  -42.611  -48.364  -23.870 0.4000000060
33525  -43.304  -48.465  -24.481 0.4000000060
32605  -43.149  -49.498  -24.219 0.4000000060
125783  -43.771  -49.999  -24.909 0.4000000060
114697  -44.144  -50.671  -25.157 0.4000000060
31834  -43.053  -51.121  -24.393 0.4000000060
116695  -43.581  -50.896  -24.721 0.4000000060
117414  -37.851  -48.089  -25.472 0.3000000119
35414  -41.529  -46.799  -24.175 0.4000000060
34492  -38.054  -47.395  -25.452 0.3000000119
33530  -37.367  -47.960  -25.562 0.3000000119
30995  -43.887  -51.362  -24.903 0.4000000060
35428  -40.104  -45.996  -25.434 0.4000000060
30986  -42.033  -51.402  -23.369 0.4000000060
33517  -41.833  -48.286  -23.207 0.4000000060
119814  -42.858  -50.445  -24.059 0.4000000060
129833  -43.316  -50.430  -24.471 0.4000000060
23090  -45.524  -60.709  -22.739 0.3000000119
23091  -46.301  -60.398  -23.232 0.3000000119
117972  -47.351  -59.451  -23.544 0.3000000119
116216  -47.155  -57.837  -23.102 0.3000000119
25837  -47.670  -57.050  -23.653 0.3000000119
26700  -49.532  -57.055  -25.121 0.3000000119
26708  -49.048  -57.327  -26.112 0.3000000119
26707  -48.272  -57.275  -26.409 0.3000000119
27646  -49.548  -56.360  -25.208 0.3000000119
26704  -49.015  -56.696  -25.900 0.3000000119
26703  -47.804  -56.558  -26.298 0.3000000119
27640  -49.673  -55.546  -25.055 0.3000000119
27645  -48.882  -55.743  -25.651 0.3000000119
29353  -49.611  -53.963  -25.481 0.3000000119
28489  -48.778  -54.776  -25.721 0.3000000119
25831  -46.737  -56.983  -22.887 0.3000000119
29358  -49.243  -53.882  -25.945 0.3000000119
28484  -49.498  -54.736  -25.324 0.3000000119
24947  -47.670  -58.597  -23.558 0.3000000119
22167  -41.164  -61.716  -18.184 0.3000000119
23077  -43.417  -60.350  -20.597 0.4000000060
23998  -41.620  -60.128  -17.896 0.3000000119
24014  -45.081  -58.908  -20.973 0.4000000060
24906  -42.348  -58.480  -17.554 0.3000000119
24921  -43.697  -58.644  -19.448 0.4000000060
24929  -45.280  -58.193  -21.051 0.4000000060
25804  -44.366  -57.159  -19.773 0.4000000060
25830  -45.976  -56.880  -22.148 0.4000000060
25842  -49.347  -57.820  -25.595 0.3000000119
25846  -49.260  -57.828  -26.036 0.3000000119
25849  -47.911  -58.040  -26.600 0.3000000119
25850  -48.729  -57.923  -26.393 0.3000000119
26631  -41.914  -56.354  -15.603 0.3000000119
26638  -35.912  -56.036  -16.489 0.4000000060
26668  -44.216  -56.430  -19.499 0.4000000060
26691  -46.304  -56.116  -22.754 0.3000000119
26705  -49.347  -57.132  -25.559 0.3000000119
27580  -42.384  -55.233  -16.304 0.3000000119
27591  -35.911  -55.325  -16.862 0.4000000060
27596  -43.028  -54.917  -17.543 0.4000000060
27630  -44.969  -55.963  -21.247 0.4000000060
28390  -41.249  -54.094  -12.997 0.3000000119
28422  -36.650  -55.037  -16.744 0.4000000060
28423  -42.403  -54.414  -16.534 0.3000000119
28438  -43.012  -54.207  -17.990 0.3000000119
28457  -43.818  -54.395  -19.432 0.4000000060
28474  -45.248  -54.517  -22.156 0.4000000060
28483  -49.650  -54.752  -25.084 0.3000000119
29268  -41.720  -53.102  -15.423 0.3000000119
29293  -36.812  -53.856  -17.420 0.3000000119
29298  -43.079  -53.378  -18.422 0.3000000119
29311  -43.363  -52.930  -19.126 0.4000000060
29317  -43.940  -53.835  -20.047 0.4000000060
29338  -44.573  -53.527  -21.426 0.4000000060
30071  -41.844  -51.928  -16.195 0.3000000119
30081  -42.142  -52.218  -16.829 0.3000000119
30092  -42.696  -52.725  -17.946 0.3000000119
30126  -43.878  -52.369  -20.401 0.3000000119
30141  -44.891  -52.952  -21.962 0.4000000060
30857  -41.756  -51.744  -12.614 0.3000000119
30885  -41.426  -51.513  -14.383 0.3000000119
30894  -41.585  -51.677  -15.321 0.3000000119
30915  -42.319  -51.440  -17.716 0.3000000119
30926  -42.454  -51.011  -18.278 0.3000000119
30964  -44.405  -51.662  -21.492 0.4000000060
30981  -44.877  -51.616  -22.189 0.4000000060
30993  -48.959  -52.077  -25.320 0.4000000060
31694  -42.341  -50.507  -12.701 0.3000000119
31752  -41.821  -50.002  -17.466 0.3000000119
31763  -42.605  -50.435  -18.927 0.3000000119
31777  -43.128  -50.707  -19.657 0.3000000119
32465  -42.891  -49.910  -12.796 0.3000000119
32477  -42.672  -49.204  -13.278 0.3000000119
32591  -44.450  -49.742  -22.018 0.3000000119
32601  -36.081  -50.935  -24.883 0.5000000000
32611  -44.654  -49.236  -25.875 0.6000000238
32618  -49.948  -49.443  -28.382 0.6999999881
33387  -42.479  -48.516  -13.711 0.3000000119
33399  -41.859  -48.500  -14.179 0.3000000119
33402  -44.522  -48.392  -14.187 0.3000000119
33474  -42.615  -48.863  -19.359 0.3000000119
33513  -45.166  -48.407  -23.037 0.3000000119
33531  -43.837  -48.534  -25.099 0.5000000000
33542  -50.814  -48.340  -29.039 0.6999999881
34371  -41.764  -47.938  -14.723 0.3000000119
34373  -43.476  -47.453  -14.241 0.3000000119
34374  -44.241  -47.604  -14.377 0.3000000119
34385  -41.859  -47.380  -15.329 0.3000000119
34386  -42.209  -46.838  -15.135 0.3000000119
34446  -42.641  -47.496  -19.133 0.3000000119
34447  -43.066  -47.252  -19.796 0.3000000119
34463  -43.758  -47.491  -20.941 0.3000000119
34468  -36.777  -47.955  -23.633 0.5000000000
34472  -44.564  -47.599  -22.164 0.3000000119
34486  -46.684  -47.684  -24.542 0.5000000000
34488  -51.862  -47.555  -25.779 0.6000000238
34491  -54.315  -47.732  -25.823 0.5000000000
34494  -42.968  -47.033  -24.970 0.5000000000
34503  -44.989  -47.870  -26.538 0.6000000238
34510  -54.278  -47.799  -26.037 0.5000000000
34518  -50.937  -47.518  -29.160 0.6999999881
35309  -42.677  -46.809  -14.716 0.3000000119
35321  -42.562  -46.256  -15.243 0.3000000119
35322  -43.107  -45.650  -15.266 0.3000000119
35336  -42.250  -46.054  -16.529 0.3000000119
35350  -42.351  -46.172  -17.365 0.3000000119
35375  -42.463  -47.080  -18.579 0.3000000119
35394  -37.761  -47.141  -22.118 0.5000000000
35398  -38.006  -46.450  -23.521 0.5000000000
35404  -45.432  -47.068  -23.028 0.4000000060
35406  -47.161  -46.411  -24.134 0.5000000000
35420  -51.527  -47.214  -24.981 0.5000000000
35425  -37.691  -47.154  -25.422 0.3000000119
36267  -45.677  -45.013  -15.482 0.3000000119
36315  -43.549  -45.413  -19.440 0.3000000119
36328  -39.331  -44.714  -20.651 0.3000000119
36336  -44.810  -45.576  -21.193 0.3000000119
36337  -45.377  -45.315  -21.551 0.3000000119
36343  -48.760  -45.240  -22.792 0.4000000060
36346  -38.237  -45.981  -24.063 0.5000000000
36354  -53.144  -45.539  -23.604 0.4000000060
36356  -38.837  -45.149  -25.002 0.5000000000
36357  -55.310  -46.291  -25.026 0.4000000060
37130  -44.396  -44.017  -15.935 0.3000000119
37147  -43.249  -44.242  -16.651 0.3000000119
37159  -42.765  -44.819  -17.382 0.3000000119
37160  -43.123  -44.196  -17.412 0.3000000119
37171  -44.024  -43.767  -18.799 0.3000000119
37196  -46.355  -44.027  -21.149 0.3000000119
37203  -49.321  -43.712  -21.722 0.4000000060
37207  -47.600  -44.834  -22.408 0.4000000060
37212  -52.203  -43.962  -22.844 0.4000000060
37219  -40.078  -44.503  -25.178 0.5000000000
37976  -44.390  -43.276  -16.522 0.3000000119
37999  -44.213  -42.995  -18.240 0.3000000119
38022  -44.645  -43.688  -19.524 0.3000000119
38049  -55.279  -44.075  -26.119 0.4000000060
38064  -46.097  -43.455  -27.996 0.6999999881
38069  -48.365  -43.168  -28.827 0.6999999881
38749  -44.766  -42.554  -16.955 0.3000000119
38750  -45.475  -42.233  -16.598 0.3000000119
38773  -44.830  -42.583  -18.624 0.3000000119
38804  -45.690  -42.836  -19.913 0.3000000119
38806  -47.412  -42.637  -20.574 0.4000000060
38809  -40.667  -42.526  -21.270 0.5000000000
38813  -49.996  -42.484  -21.582 0.4000000060
38825  -52.440  -42.438  -23.377 0.4000000060
39504  -45.786  -41.736  -16.933 0.3000000119
39531  -45.786  -41.627  -17.618 0.3000000119
39540  -45.906  -41.614  -18.452 0.3000000119
39557  -39.769  -41.813  -20.620 0.4000000060
39558  -40.627  -41.762  -21.031 0.6999999881
39571  -49.800  -41.717  -21.380 0.4000000060
39579  -51.315  -41.943  -22.538 0.4000000060
39582  -45.665  -41.352  -23.609 0.5000000000
39593  -51.145  -42.225  -25.249 0.4000000060
39599  -51.022  -41.106  -25.465 0.4000000060
39607  -53.979  -42.319  -27.417 0.4000000060
40324  -47.745  -40.481  -19.153 0.3000000119
40331  -48.975  -40.467  -20.439 0.3000000119
40342  -46.000  -40.140  -21.923 0.5000000000
40350  -42.341  -39.920  -22.896 0.6999999881
40357  -50.979  -40.418  -22.426 0.3000000119
40366  -50.203  -40.365  -24.696 0.3000000119
40377  -54.888  -41.243  -26.736 0.4000000060
41216  -49.343  -39.151  -18.619 0.3000000119
41231  -49.916  -39.229  -20.810 0.3000000119
41241  -38.993  -39.667  -21.815 0.6000000238
41257  -41.504  -39.610  -21.969 0.6999999881
41267  -45.198  -40.107  -23.837 0.6000000238
41271  -52.175  -39.750  -23.849 0.3000000119
41294  -54.291  -39.418  -26.422 0.3000000119
41298  -46.315  -39.273  -28.341 0.6000000238
41301  -54.778  -40.551  -28.935 0.4000000060
41303  -56.085  -40.092  -28.917 0.3000000119
41304  -45.822  -38.583  -28.453 0.6000000238
42114  -44.735  -38.270  -21.483 0.5000000000
42118  -48.194  -38.099  -21.990 0.5000000000
42153  -43.055  -38.332  -24.848 0.6999999881
42161  -51.257  -38.362  -25.865 0.4000000060
42165  -46.701  -38.631  -28.044 0.6000000238
42175  -56.535  -39.287  -29.180 0.3000000119
42178  -55.049  -39.236  -29.974 0.4000000060
42179  -56.282  -39.183  -29.813 0.3000000119
42180  -55.006  -38.446  -30.279 0.3000000119
42181  -55.691  -38.975  -30.307 0.3000000119
42970  -45.147  -37.528  -20.489 0.5000000000
43034  -43.422  -37.023  -26.220 0.6999999881
43038  -52.035  -37.427  -26.696 0.3000000119
43044  -46.314  -38.068  -28.240 0.6000000238
43047  -56.011  -38.301  -28.139 0.3000000119
43050  -45.664  -37.385  -28.432 0.6999999881
43053  -54.554  -37.637  -30.154 0.3000000119
43826  -45.201  -36.692  -20.174 0.5000000000
43844  -44.530  -36.688  -22.395 0.5000000000
43901  -44.403  -35.644  -28.830 0.6999999881
44673  -41.443  -35.385  -21.590 0.6000000238
44693  -41.764  -35.046  -23.051 0.6000000238
44715  -44.960  -35.341  -24.753 0.6000000238
44739  -45.173  -35.607  -28.897 0.6999999881
44744  -44.796  -35.697  -29.040 0.6999999881
45478  -42.107  -34.601  -20.557 0.6000000238
45489  -36.728  -34.739  -21.711 0.6000000238
45494  -44.832  -34.432  -21.211 0.5000000000
45556  -44.256  -34.299  -28.465 0.6999999881
45557  -44.745  -35.179  -28.805 0.6999999881
46309  -40.135  -33.765  -19.617 0.6000000238
46312  -42.853  -33.052  -19.838 0.6000000238
46313  -45.716  -33.156  -20.051 0.5000000000
46330  -42.720  -34.007  -21.953 0.6000000238
46334  -49.400  -33.422  -21.809 0.3000000119
46354  -50.069  -33.795  -23.200 0.3000000119
46379  -42.366  -32.762  -28.220 0.8000000119
46380  -43.284  -32.790  -28.309 0.6999999881
46381  -44.049  -32.929  -27.826 0.6999999881
47090  -41.429  -32.668  -18.332 0.6000000238
47146  -43.883  -30.847  -24.099 0.6000000238
47165  -42.825  -32.419  -27.854 0.8000000119
47166  -43.256  -32.401  -27.289 0.8000000119
47873  -40.485  -31.863  -17.938 0.6000000238
47875  -42.483  -31.586  -18.148 0.6000000238
47897  -39.082  -31.878  -20.562 0.6000000238
47898  -43.546  -31.084  -20.984 0.5000000000
47929  -34.481  -31.104  -23.065 0.4000000060
47930  -44.376  -30.746  -23.872 0.6000000238
48720  -39.024  -30.296  -18.614 0.6000000238
48721  -42.421  -30.837  -17.729 0.6000000238
48731  -45.711  -30.338  -20.336 0.5000000000
48754  -49.005  -30.119  -21.069 0.4000000060
49544  -41.721  -28.994  -16.704 0.6000000238
50398  -39.399  -28.009  -16.761 0.5000000000
50400  -41.033  -28.377  -16.499 0.6000000238
50408  -38.620  -28.270  -18.028 0.5000000000
50410  -42.469  -28.368  -16.931 0.6000000238
50468  -49.693  -29.104  -23.393 0.5000000000
50476  -37.362  -28.412  -24.019 0.4000000060
51249  -44.069  -27.709  -18.501 0.5000000000
52016  -38.446  -26.679  -19.431 0.4000000060
52024  -47.941  -26.256  -21.006 0.4000000060
52032  -48.576  -26.693  -21.815 0.4000000060
53834  -45.829  -24.769  -26.595 0.3000000119
53857  -45.684  -25.279  -28.611 0.3000000119
53866  -45.913  -25.249  -29.100 0.3000000119
54563  -39.839  -23.753  -16.437 0.3000000119
54650  -46.096  -24.319  -25.551 0.3000000119
55419  -45.846  -22.764  -23.563 0.3000000119
56213  -41.841  -21.695  -16.643 0.3000000119
56220  -42.509  -21.306  -17.069 0.3000000119
56269  -45.989  -21.250  -22.560 0.3000000119
57082  -37.654  -20.374  -19.122 0.3000000119
59496  -39.352  -17.478  -17.137 0.3000000119
59565  -45.818  -16.962  -21.418 0.3000000119
60383  -42.449  -16.891  -17.827 0.3000000119
61214  -44.284  -15.790  -20.068 0.3000000119
106520  -46.895  -14.262  -24.054 0.3000000119
108153  -41.671  -49.846  -13.812 0.3000000119
108539  -41.449  -54.064  -14.418 0.3000000119
108664  -44.284  -44.652  -15.562 0.3000000119
108765  -42.645  -56.488  -16.659 0.3000000119
109062  -46.413  -24.220  -21.247 0.3000000119
109215  -47.959  -46.669  -24.802 0.5000000000
111235  -43.380  -50.138  -20.330 0.3000000119
111352  -38.183  -24.905  -19.328 0.4000000060
111365  -43.448  -48.797  -20.734 0.3000000119
111505  -43.222  -55.675  -17.652 0.3000000119
111908  -40.615  -35.711  -21.745 0.6000000238
111992  -35.053  -28.634  -23.939 0.4000000060
112073  -43.869  -48.961  -21.435 0.3000000119
114430  -44.321  -55.668  -19.976 0.4000000060
115164  -42.511  -49.060  -23.608 0.4000000060
115435  -51.767  -43.251  -22.693 0.4000000060
115495  -38.990  -23.927  -16.792 0.3000000119
116087  -44.683  -33.557  -26.153 0.6000000238
116304  -40.982  -22.943  -16.368 0.3000000119
116660  -45.224  -38.447  -28.402 0.6999999881
117507  -45.697  -57.685  -21.583 0.4000000060
117625  -43.936  -16.911  -19.637 0.3000000119
117735  -49.610  -31.314  -22.381 0.5000000000
118356  -50.221  -47.162  -29.535 0.6999999881
118639  -41.316  -20.133  -16.684 0.3000000119
118934  -42.044  -47.924  -17.858 0.3000000119
119021  -56.548  -37.711  -28.551 0.3000000119
119074  -47.639  -35.829  -20.442 0.5000000000
119093  -43.008  -48.712  -20.078 0.3000000119
119337  -41.517  -48.968  -16.126 0.3000000119
119433  -46.296  -33.365  -19.763 0.5000000000
119475  -48.606  -41.937  -23.416 0.5000000000
119477  -42.835  -55.760  -16.863 0.3000000119
119489  -46.819  -25.865  -20.136 0.4000000060
120251  -42.801  -47.366  -14.298 0.3000000119
120743  -51.056  -38.923  -22.273 0.3000000119
120788  -48.353  -31.068  -20.373 0.4000000060
121301  -42.811  -44.622  -16.903 0.3000000119
121345  -37.778  -46.897  -22.955 0.5000000000
121433  -46.536  -42.255  -23.687 0.5000000000
122389  -45.598  -21.266  -21.872 0.3000000119
122529  -39.913  -27.928  -16.508 0.5000000000
123307  -48.500  -37.471  -22.004 0.5000000000
124258  -50.187  -43.090  -21.791 0.4000000060
124446  -46.296  -41.328  -17.863 0.3000000119
124465  -44.803  -44.418  -20.198 0.3000000119
124740  -44.727  -35.322  -23.200 0.5000000000
125335  -47.561  -43.302  -21.037 0.4000000060
125415  -45.653  -38.949  -21.188 0.5000000000
125486  -40.597  -27.144  -16.432 0.5000000000
125937  -41.802  -32.152  -18.028 0.6000000238
126140  -46.033  -36.640  -20.062 0.5000000000
126155  -45.193  -37.905  -24.279 0.6000000238
126453  -43.620  -33.446  -28.425 0.6999999881
126932  -40.887  -19.155  -16.760 0.3000000119
127177  -45.103  -40.081  -23.239 0.5000000000
127295  -45.649  -58.274  -21.476 0.4000000060
127404  -48.304  -51.513  -24.915 0.4000000060
128107  -44.348  -45.796  -20.784 0.3000000119
128278  -52.689  -46.635  -24.296 0.5000000000
128297  -42.998  -58.514  -18.504 0.4000000060
128885  -39.327  -29.241  -17.266 0.6000000238
129490  -38.386  -33.341  -21.258 0.6000000238
