#!ascii label  , from subject sub-v1s12x0050113_ses-1 vox2ras=TkReg
1405
108281  -28.005  -82.078  -28.926 0.5000000000
107270  -26.915  -81.877  -30.298 0.6000000238
8208  -34.138  -78.338  -22.946 0.3000000119
5873  -25.450  -82.799  -30.120 0.5000000000
7013  -34.348  -80.400  -24.802 0.4000000060
6993  -35.114  -80.259  -24.096 0.4000000060
7593  -35.402  -79.740  -23.944 0.4000000060
8220  -34.745  -79.273  -23.490 0.3000000119
7002  -35.127  -80.143  -24.808 0.4000000060
129727  -27.886  -78.975  -29.993 0.5000000000
7647  -28.199  -79.747  -30.272 0.5000000000
6482  -27.745  -81.476  -30.015 0.5000000000
8292  -26.474  -78.982  -30.103 0.6000000238
127356  -26.104  -79.439  -30.292 0.5000000000
108361  -26.141  -81.752  -30.436 0.6000000238
9648  -34.548  -76.657  -22.566 0.3000000119
108359  -24.862  -80.666  -30.307 0.5000000000
7611  -32.512  -80.033  -25.521 0.5000000000
7011  -32.573  -80.979  -24.908 0.5000000000
8925  -34.691  -77.529  -23.119 0.3000000119
109616  -25.452  -79.673  -30.281 0.6000000238
6481  -25.472  -82.302  -30.380 0.5000000000
7620  -33.506  -79.448  -25.974 0.5000000000
118612  -34.431  -79.906  -25.419 0.4000000060
8233  -36.041  -79.314  -24.360 0.4000000060
8931  -35.688  -77.769  -23.752 0.3000000119
8255  -33.993  -78.749  -26.820 0.4000000060
7621  -35.339  -79.551  -25.681 0.4000000060
7613  -36.246  -79.386  -25.432 0.4000000060
8256  -34.950  -78.860  -26.670 0.4000000060
9703  -28.612  -76.065  -29.097 0.6999999881
8982  -28.323  -77.298  -29.215 0.6999999881
115818  -29.022  -78.175  -29.725 0.6999999881
6471  -29.022  -81.624  -28.767 0.5000000000
10410  -27.744  -75.299  -29.034 0.6999999881
9702  -27.507  -76.301  -29.127 0.6999999881
8981  -27.313  -77.355  -29.311 0.8000000119
8285  -27.058  -78.370  -29.696 0.5000000000
8284  -26.081  -78.025  -30.039 0.6999999881
7029  -29.831  -81.501  -27.948 0.5000000000
9701  -26.570  -76.422  -29.359 0.6999999881
7626  -30.576  -79.975  -27.718 0.4000000060
7618  -31.615  -79.739  -26.148 0.5000000000
10349  -34.838  -75.804  -22.243 0.3000000119
8979  -25.019  -77.029  -29.720 0.6000000238
7627  -31.190  -79.286  -27.181 0.5000000000
7619  -32.487  -79.245  -26.201 0.5000000000
9649  -35.312  -76.205  -22.958 0.3000000119
8283  -25.351  -77.897  -30.087 0.5000000000
8254  -32.944  -78.669  -26.797 0.5000000000
8278  -33.824  -77.737  -28.552 0.4000000060
8265  -33.463  -78.226  -27.694 0.4000000060
8258  -36.734  -78.848  -25.844 0.4000000060
8234  -36.753  -79.046  -24.721 0.4000000060
8222  -36.330  -78.649  -24.295 0.4000000060
8964  -35.284  -77.778  -28.269 0.3000000119
8267  -35.469  -78.318  -27.261 0.4000000060
119530  -27.942  -72.919  -27.258 0.5000000000
124496  -27.974  -73.253  -27.901 0.6000000238
11117  -29.132  -73.225  -27.759 0.6000000238
10404  -28.702  -74.176  -28.859 0.6000000238
10411  -29.179  -75.103  -29.169 0.6000000238
11100  -27.261  -73.630  -26.079 0.5000000000
11107  -27.456  -74.052  -26.756 0.5000000000
10379  -27.428  -75.238  -27.000 0.6000000238
11127  -27.856  -74.060  -28.265 0.6000000238
113430  -28.057  -74.418  -28.749 0.6999999881
7640  -28.933  -79.534  -30.141 0.6000000238
128689  -34.132  -73.457  -18.539 0.3000000119
9656  -27.454  -76.325  -24.761 0.6999999881
10368  -27.374  -75.075  -26.255 0.6000000238
122551  -27.464  -75.805  -26.430 0.6000000238
11115  -27.651  -73.771  -27.490 0.6000000238
10392  -27.402  -74.936  -28.040 0.6999999881
10402  -26.372  -75.746  -28.872 0.6999999881
8288  -30.253  -78.166  -29.546 0.6000000238
7642  -30.002  -79.265  -29.518 0.6000000238
7035  -30.131  -80.701  -28.312 0.5000000000
10354  -27.117  -75.526  -24.250 0.6999999881
8952  -27.406  -76.695  -25.318 0.6000000238
8959  -27.212  -76.812  -25.979 0.6000000238
9677  -26.938  -76.602  -26.717 0.6000000238
10391  -26.950  -75.667  -28.345 0.6999999881
10401  -25.349  -75.634  -28.881 0.6999999881
10338  -34.451  -75.407  -21.495 0.3000000119
8923  -27.517  -77.215  -23.023 0.6999999881
8930  -27.278  -77.566  -23.749 0.6000000238
8938  -26.766  -77.685  -24.440 0.6999999881
115667  -26.282  -76.724  -26.939 0.6000000238
9683  -25.654  -76.211  -27.625 0.6000000238
9700  -25.411  -76.353  -29.516 0.6999999881
8275  -30.535  -78.594  -29.081 0.5000000000
8277  -32.048  -77.697  -28.506 0.5000000000
8950  -26.150  -77.609  -25.131 0.6000000238
9666  -25.476  -77.297  -25.738 0.6000000238
10389  -24.753  -75.493  -28.331 0.6000000238
9692  -24.028  -75.648  -28.943 0.6000000238
8977  -23.508  -76.702  -29.200 0.6000000238
8972  -31.660  -77.229  -29.174 0.5000000000
10355  -36.041  -75.898  -23.323 0.3000000119
8929  -26.513  -78.068  -23.626 0.6999999881
8937  -25.820  -77.919  -24.248 0.6000000238
115296  -25.337  -76.780  -26.661 0.6000000238
9676  -24.113  -76.144  -26.675 0.5000000000
10378  -23.675  -75.247  -27.637 0.5000000000
8971  -22.936  -76.195  -28.743 0.5000000000
8281  -23.549  -77.816  -29.522 0.5000000000
124070  -32.921  -77.679  -28.480 0.5000000000
9696  -36.655  -76.731  -28.864 0.3000000119
124501  -36.443  -77.295  -28.080 0.3000000119
112953  -36.001  -77.787  -27.738 0.3000000119
8960  -37.124  -78.163  -26.253 0.4000000060
8259  -37.455  -78.553  -25.369 0.4000000060
8970  -22.089  -76.858  -28.770 0.5000000000
8988  -34.540  -77.088  -29.578 0.3000000119
8974  -34.585  -77.616  -28.798 0.3000000119
8268  -36.308  -78.292  -26.747 0.4000000060
11805  -27.347  -73.216  -25.693 0.5000000000
11806  -28.101  -73.177  -25.432 0.5000000000
11807  -28.433  -73.022  -26.236 0.5000000000
11815  -28.403  -72.899  -27.097 0.5000000000
11090  -26.058  -73.306  -24.509 0.5000000000
11801  -26.605  -73.021  -24.739 0.5000000000
11091  -26.774  -73.495  -25.172 0.5000000000
11813  -27.601  -73.113  -26.678 0.5000000000
10405  -29.554  -74.318  -28.889 0.6000000238
10353  -26.121  -74.161  -24.238 0.5000000000
10412  -30.181  -75.278  -29.269 0.6000000238
8983  -30.244  -77.324  -29.505 0.8000000119
12523  -34.845  -72.982  -17.586 0.3000000119
127630  -26.576  -75.044  -23.511 0.6000000238
10360  -26.570  -74.256  -24.956 0.6000000238
10413  -31.115  -75.282  -29.579 0.4000000060
12536  -35.259  -72.750  -18.327 0.3000000119
10348  -27.275  -76.225  -23.053 0.6999999881
8985  -31.355  -76.794  -29.456 0.5000000000
122713  -29.784  -78.032  -29.775 0.6000000238
11760  -34.758  -73.695  -20.029 0.3000000119
11043  -35.100  -74.033  -20.775 0.3000000119
8919  -27.283  -77.585  -21.709 0.6999999881
114384  -32.014  -76.516  -29.715 0.4000000060
11052  -35.464  -74.388  -21.526 0.3000000119
123323  -27.378  -77.576  -22.424 0.6000000238
8922  -27.077  -78.006  -22.918 0.6999999881
9653  -36.648  -76.529  -23.803 0.3000000119
8197  -26.680  -78.225  -21.754 0.6000000238
8218  -26.228  -78.309  -22.861 0.6999999881
8949  -24.952  -77.451  -24.855 0.6000000238
9664  -23.528  -76.295  -25.786 0.5000000000
121194  -22.805  -75.810  -25.863 0.5000000000
10399  -22.978  -75.137  -28.230 0.6000000238
8986  -32.858  -76.459  -29.998 0.4000000060
8973  -33.309  -77.243  -29.252 0.4000000060
126695  -36.245  -75.398  -30.261 0.3000000119
9711  -36.478  -76.085  -29.830 0.3000000119
9712  -37.069  -75.977  -29.364 0.3000000119
8966  -37.388  -77.373  -26.693 0.4000000060
9657  -37.174  -77.322  -24.259 0.3000000119
8928  -24.787  -77.804  -23.910 0.6000000238
8947  -22.946  -76.478  -25.140 0.5000000000
9674  -22.334  -75.366  -26.402 0.5000000000
10386  -21.417  -75.202  -27.312 0.5000000000
9690  -21.230  -75.625  -27.830 0.6000000238
8969  -21.197  -76.583  -28.453 0.5000000000
8987  -33.772  -76.784  -29.797 0.3000000119
9710  -35.142  -76.644  -30.029 0.3000000119
8935  -23.429  -77.277  -24.426 0.5000000000
9663  -22.236  -75.820  -25.741 0.5000000000
10375  -20.712  -75.131  -26.949 0.5000000000
9661  -20.562  -75.984  -26.141 0.5000000000
11792  -27.336  -72.759  -23.921 0.5000000000
11093  -29.813  -74.419  -24.475 0.5000000000
11102  -30.207  -74.644  -25.366 0.5000000000
11108  -29.365  -73.604  -26.640 0.5000000000
11064  -25.820  -74.020  -23.287 0.5000000000
11076  -28.054  -73.312  -24.315 0.5000000000
11109  -30.956  -74.621  -27.634 0.4000000060
107700  -30.564  -74.393  -28.460 0.4000000060
12510  -34.895  -73.177  -16.899 0.3000000119
12524  -36.039  -72.118  -17.174 0.3000000119
11050  -26.045  -74.341  -22.091 0.6000000238
10406  -30.532  -74.621  -29.018 0.4000000060
124445  -31.436  -74.857  -29.463 0.4000000060
10335  -26.557  -75.423  -21.570 0.6000000238
10336  -27.126  -76.250  -22.014 0.6000000238
12550  -35.613  -72.712  -19.117 0.3000000119
11753  -35.211  -73.204  -19.623 0.3000000119
8912  -27.169  -77.256  -20.987 0.6000000238
9706  -32.182  -75.688  -30.183 0.4000000060
115107  -26.764  -77.638  -20.290 0.6000000238
10414  -32.351  -74.934  -30.172 0.4000000060
9707  -32.846  -75.496  -30.392 0.4000000060
11065  -35.870  -74.770  -22.282 0.3000000119
8911  -26.846  -78.033  -20.990 0.6999999881
9708  -33.537  -76.026  -30.412 0.3000000119
10420  -34.839  -75.579  -30.491 0.3000000119
122534  -29.213  -73.767  -23.843 0.5000000000
11092  -29.102  -73.913  -24.341 0.5000000000
11077  -29.925  -74.258  -23.821 0.5000000000
10362  -31.192  -75.128  -24.877 0.4000000060
11790  -25.723  -72.892  -23.953 0.5000000000
10380  -31.022  -75.073  -25.780 0.4000000060
106942  -30.486  -74.603  -26.631 0.4000000060
12598  -25.659  -72.261  -23.397 0.6000000238
10393  -31.915  -74.892  -27.671 0.4000000060
108078  -31.895  -74.544  -28.847 0.4000000060
12537  -35.988  -72.168  -18.336 0.3000000119
9629  -26.831  -76.738  -20.385 0.6000000238
11138  -31.978  -74.642  -29.639 0.4000000060
121667  -31.781  -75.122  -29.919 0.4000000060
11139  -32.779  -74.547  -29.842 0.4000000060
11140  -33.584  -74.637  -30.168 0.4000000060
9713  -33.481  -75.205  -30.485 0.3000000119
11146  -34.820  -74.616  -30.266 0.3000000119
8187  -25.529  -78.549  -20.530 0.6000000238
115808  -28.733  -73.248  -23.578 0.5000000000
11793  -29.624  -73.723  -23.578 0.5000000000
11078  -30.882  -74.399  -23.644 0.4000000060
11094  -30.570  -74.752  -24.274 0.4000000060
12611  -26.517  -71.988  -23.459 0.5000000000
112944  -27.818  -72.314  -23.455 0.5000000000
10363  -32.114  -75.183  -24.646 0.4000000060
11063  -25.609  -73.264  -22.535 0.6000000238
12599  -25.944  -71.511  -23.065 0.6000000238
13388  -27.260  -71.173  -23.232 0.6000000238
10369  -31.827  -75.341  -25.591 0.4000000060
12597  -25.483  -72.401  -22.709 0.6000000238
10394  -32.771  -75.174  -27.202 0.4000000060
11120  -32.727  -74.692  -28.308 0.4000000060
11040  -26.220  -74.707  -21.040 0.6000000238
117634  -32.994  -74.466  -29.146 0.4000000060
11121  -33.628  -74.572  -28.497 0.4000000060
11132  -33.592  -74.403  -29.518 0.4000000060
11133  -34.506  -74.269  -28.976 0.4000000060
11761  -35.485  -73.431  -20.398 0.3000000119
12552  -37.106  -71.910  -19.785 0.3000000119
10308  -26.354  -76.137  -19.843 0.6000000238
107994  -35.131  -74.149  -29.722 0.4000000060
11777  -36.915  -73.848  -22.327 0.3000000119
11767  -35.821  -73.729  -21.167 0.3000000119
8898  -26.460  -77.961  -19.662 0.6000000238
119622  -25.635  -78.520  -19.830 0.6000000238
8163  -25.701  -78.336  -18.587 0.6999999881
10299  -25.846  -75.966  -18.264 0.6999999881
8164  -25.978  -78.335  -19.395 0.6000000238
8879  -25.906  -77.714  -18.127 0.6999999881
8837  -25.384  -77.240  -16.750 0.6999999881
8162  -24.891  -78.632  -18.227 0.6000000238
10284  -25.679  -75.669  -17.526 0.6999999881
10265  -25.582  -75.359  -16.589 0.6000000238
8146  -24.968  -78.315  -17.342 0.6999999881
9561  -25.188  -76.736  -16.205 0.6999999881
124674  -29.588  -73.267  -23.462 0.5000000000
11794  -30.354  -73.681  -23.477 0.5000000000
108834  -28.002  -71.549  -23.458 0.5000000000
13390  -29.441  -71.367  -24.051 0.5000000000
12613  -29.999  -72.773  -23.492 0.5000000000
11795  -31.327  -73.747  -23.439 0.5000000000
11079  -31.686  -74.380  -23.629 0.4000000060
11096  -32.296  -74.698  -23.943 0.4000000060
13383  -26.300  -71.244  -22.635 0.6000000238
13387  -26.560  -71.200  -22.990 0.6000000238
14207  -27.816  -70.531  -23.438 0.6000000238
13389  -28.412  -70.868  -23.870 0.6000000238
10365  -33.686  -75.132  -25.275 0.4000000060
11049  -26.005  -73.672  -21.501 0.6000000238
13384  -27.340  -70.751  -22.741 0.6000000238
14201  -28.088  -70.224  -23.181 0.6000000238
10383  -33.234  -75.364  -26.311 0.4000000060
10319  -26.209  -75.139  -20.080 0.6000000238
11759  -26.177  -73.294  -20.827 0.6000000238
12564  -26.222  -72.181  -21.293 0.6000000238
109645  -27.472  -71.305  -21.100 0.6000000238
13373  -27.726  -70.748  -21.854 0.6000000238
11122  -34.452  -74.739  -27.518 0.4000000060
11112  -36.468  -73.692  -27.618 0.4000000060
11031  -26.096  -74.592  -19.477 0.6000000238
128651  -26.349  -73.398  -20.167 0.6000000238
12565  -26.779  -72.278  -20.409 0.6000000238
13360  -28.363  -71.131  -20.977 0.6000000238
13361  -29.268  -70.995  -21.072 0.6000000238
127447  -35.129  -74.381  -28.072 0.4000000060
11135  -36.265  -73.741  -28.699 0.4000000060
128924  -26.276  -76.455  -19.290 0.6000000238
122361  -26.381  -73.474  -19.650 0.5000000000
13346  -28.052  -71.722  -20.244 0.6000000238
13347  -29.210  -71.700  -20.074 0.6000000238
127021  -30.277  -71.321  -20.364 0.6999999881
9616  -26.543  -77.154  -19.555 0.6999999881
9615  -26.037  -75.688  -19.143 0.6000000238
11741  -26.125  -73.985  -18.973 0.6000000238
12547  -26.845  -72.787  -19.403 0.6000000238
13362  -31.154  -71.212  -20.169 0.6000000238
14181  -31.715  -70.801  -20.340 0.6000000238
12533  -27.442  -72.681  -18.685 0.6000000238
12549  -29.521  -72.169  -19.115 0.6000000238
108251  -30.188  -71.855  -19.382 0.6000000238
13349  -31.620  -71.117  -19.497 0.6000000238
109137  -25.992  -74.292  -18.121 0.6000000238
116843  -26.322  -73.716  -18.201 0.6000000238
12534  -28.326  -72.571  -18.200 0.5000000000
13336  -30.125  -72.171  -18.454 0.6000000238
13337  -30.818  -71.742  -18.633 0.6000000238
11734  -26.672  -73.647  -17.255 0.5000000000
8836  -24.729  -77.369  -16.152 0.6999999881
9551  -25.245  -76.012  -15.970 0.6999999881
120930  -25.702  -74.883  -15.934 0.5000000000
11721  -26.408  -73.987  -16.409 0.6000000238
12519  -27.268  -73.258  -16.996 0.5000000000
12522  -29.105  -72.479  -17.353 0.5000000000
11722  -26.869  -73.432  -16.183 0.6000000238
14972  -15.851  -69.188  -18.678 0.6000000238
112404  -16.909  -69.846  -17.551 0.6000000238
14120  -15.922  -70.876  -16.772 0.6000000238
13391  -30.565  -72.209  -23.897 0.5000000000
12614  -31.613  -72.825  -23.759 0.5000000000
11081  -33.251  -73.751  -23.886 0.5000000000
11097  -33.532  -74.475  -24.358 0.4000000060
14202  -28.624  -69.911  -23.107 0.5000000000
14208  -28.339  -69.887  -23.908 0.5000000000
14209  -29.490  -69.464  -24.454 0.5000000000
11098  -34.277  -74.337  -24.705 0.4000000060
11808  -35.013  -73.991  -25.071 0.4000000060
15037  -29.024  -69.592  -23.814 0.5000000000
15038  -29.844  -69.446  -23.704 0.5000000000
10371  -34.093  -75.167  -26.398 0.4000000060
11104  -35.307  -74.456  -26.008 0.4000000060
11111  -35.965  -73.955  -26.615 0.4000000060
14195  -30.174  -70.274  -21.947 0.5000000000
14204  -30.495  -69.865  -22.718 0.5000000000
14203  -29.483  -69.781  -22.895 0.5000000000
117254  -35.261  -74.513  -27.086 0.4000000060
14180  -30.922  -70.813  -21.034 0.6000000238
14196  -31.034  -70.317  -21.842 0.6000000238
14197  -31.750  -70.454  -21.242 0.5000000000
14171  -32.943  -70.165  -19.796 0.4000000060
15016  -33.095  -69.941  -20.657 0.4000000060
15033  -34.149  -69.191  -21.361 0.4000000060
13329  -31.370  -71.401  -18.005 0.6000000238
14163  -32.030  -70.909  -18.551 0.6000000238
14997  -33.445  -69.789  -19.208 0.5000000000
125611  -33.480  -69.754  -20.017 0.4000000060
15018  -34.303  -69.074  -20.593 0.4000000060
15804  -34.719  -68.686  -20.139 0.4000000060
8859  -22.925  -77.599  -17.304 0.6999999881
13328  -30.660  -71.846  -17.704 0.6000000238
14980  -33.293  -69.796  -18.167 0.5000000000
14999  -34.628  -68.760  -19.171 0.4000000060
10983  -24.849  -75.654  -15.190 0.6000000238
12508  -28.186  -72.534  -16.097 0.5000000000
114986  -29.606  -72.231  -16.728 0.5000000000
14152  -32.566  -70.322  -17.783 0.5000000000
14981  -34.003  -69.303  -18.649 0.4000000060
15779  -35.090  -68.181  -18.674 0.4000000060
108894  -25.964  -74.286  -15.732 0.6000000238
14132  -30.618  -70.834  -16.306 0.5000000000
15791  -16.108  -68.669  -20.251 0.6999999881
14989  -16.357  -69.123  -19.450 0.6000000238
15010  -17.349  -69.174  -20.868 0.6999999881
113665  -17.704  -69.466  -18.714 0.6000000238
15025  -18.583  -69.271  -21.782 0.6000000238
14142  -17.657  -70.121  -17.334 0.6000000238
14974  -18.565  -69.491  -18.942 0.6000000238
15012  -19.145  -69.501  -20.878 0.6000000238
15026  -19.527  -69.582  -21.869 0.6000000238
15028  -21.124  -69.487  -22.122 0.6000000238
13311  -16.284  -71.700  -16.553 0.5000000000
124636  -19.156  -70.043  -17.576 0.6000000238
14960  -19.232  -69.693  -18.354 0.6000000238
14992  -19.598  -69.537  -19.999 0.6000000238
15013  -20.162  -69.632  -20.804 0.6000000238
12615  -32.743  -72.965  -23.983 0.5000000000
13312  -17.150  -71.658  -16.477 0.5000000000
14122  -17.776  -70.842  -16.703 0.5000000000
14993  -20.362  -69.716  -19.317 0.5000000000
14994  -21.185  -69.669  -20.191 0.5000000000
13396  -30.249  -70.970  -24.777 0.5000000000
12621  -33.681  -73.043  -24.121 0.5000000000
128906  -33.883  -73.773  -24.226 0.4000000060
112147  -18.822  -71.585  -16.256 0.5000000000
14144  -19.758  -70.404  -17.146 0.5000000000
14160  -21.185  -70.139  -18.426 0.5000000000
115482  -21.782  -69.756  -19.501 0.5000000000
14213  -30.327  -69.966  -25.372 0.5000000000
11802  -35.354  -73.102  -24.803 0.4000000060
12628  -36.091  -72.825  -25.263 0.4000000060
12630  -37.310  -72.139  -25.923 0.4000000060
12505  -18.348  -72.525  -16.181 0.5000000000
14125  -20.208  -70.949  -16.530 0.5000000000
14145  -20.694  -70.446  -17.381 0.6000000238
14146  -21.653  -70.584  -17.582 0.6000000238
107245  -36.313  -73.384  -25.850 0.4000000060
12480  -20.512  -72.451  -15.314 0.6000000238
13315  -20.801  -71.290  -16.154 0.6000000238
14126  -21.175  -70.865  -16.742 0.6999999881
15039  -30.819  -69.490  -23.555 0.4000000060
15040  -31.894  -69.558  -23.319 0.5000000000
10282  -20.232  -74.891  -17.362 0.6000000238
123571  -32.523  -69.814  -22.336 0.5000000000
15042  -33.897  -69.315  -22.191 0.4000000060
10283  -20.916  -75.447  -16.971 0.6000000238
15032  -33.318  -69.633  -21.618 0.4000000060
9577  -21.667  -76.064  -17.164 0.6000000238
9547  -22.166  -76.499  -15.389 0.6000000238
10249  -23.920  -75.515  -14.599 0.6000000238
120085  -24.203  -76.991  -15.524 0.6999999881
11703  -26.279  -73.499  -15.455 0.6000000238
109512  -26.088  -72.542  -14.896 0.6000000238
12507  -27.407  -72.820  -15.902 0.5000000000
12488  -28.634  -72.046  -15.675 0.5000000000
15808  -16.618  -68.336  -21.378 0.6999999881
15810  -17.833  -68.814  -21.904 0.6999999881
16712  -18.916  -68.306  -22.433 0.6000000238
15034  -19.206  -69.287  -22.523 0.6000000238
16713  -19.589  -68.209  -22.806 0.6000000238
15035  -20.611  -69.400  -22.836 0.6000000238
15036  -21.392  -69.157  -22.984 0.6999999881
15029  -21.842  -69.141  -22.058 0.6000000238
15014  -21.611  -69.421  -21.112 0.6000000238
125318  -31.738  -70.965  -25.733 0.5000000000
12620  -31.949  -71.932  -24.857 0.5000000000
13397  -33.179  -72.332  -24.609 0.5000000000
14995  -22.078  -69.552  -20.098 0.6000000238
15015  -22.408  -69.014  -20.911 0.5000000000
119724  -32.598  -71.576  -25.516 0.5000000000
12622  -34.904  -72.577  -24.594 0.5000000000
12623  -35.542  -72.360  -24.889 0.4000000060
14162  -22.784  -70.103  -18.192 0.6000000238
14161  -22.081  -70.296  -18.344 0.6000000238
111392  -23.195  -68.569  -20.262 0.5000000000
111483  -30.753  -69.458  -25.215 0.5000000000
11015  -19.639  -74.522  -16.766 0.6000000238
10998  -19.584  -74.269  -16.113 0.4000000060
11698  -19.489  -73.576  -15.683 0.6000000238
13316  -21.506  -71.335  -16.168 0.6000000238
14147  -22.454  -70.588  -17.534 0.6000000238
14978  -23.100  -69.474  -18.750 0.6000000238
15047  -31.137  -69.267  -24.419 0.4000000060
122601  -31.506  -69.266  -25.056 0.4000000060
10981  -20.553  -74.747  -15.220 0.5000000000
11699  -20.621  -73.917  -14.844 0.5000000000
126146  -20.895  -73.056  -14.812 0.6000000238
121360  -21.672  -71.800  -15.661 0.6999999881
13299  -23.063  -71.708  -15.578 0.6000000238
14127  -22.864  -70.996  -16.601 0.6000000238
14149  -23.883  -69.914  -16.927 0.6000000238
10255  -20.834  -75.440  -15.763 0.6000000238
11701  -22.307  -73.168  -14.626 0.6000000238
12482  -22.203  -72.253  -15.263 0.6000000238
13318  -23.972  -70.808  -15.827 0.6000000238
14129  -24.285  -70.234  -16.088 0.6000000238
14963  -25.227  -68.882  -17.034 0.6000000238
15041  -33.067  -69.499  -22.914 0.4000000060
10982  -21.173  -75.285  -14.882 0.5000000000
10969  -21.052  -74.528  -14.667 0.6000000238
12483  -23.026  -72.619  -14.894 0.6000000238
14108  -24.671  -70.798  -15.430 0.6000000238
14130  -25.109  -70.052  -15.668 0.6000000238
10256  -21.471  -75.959  -15.437 0.6000000238
10247  -22.005  -75.804  -14.622 0.6000000238
10971  -22.431  -75.137  -14.287 0.6000000238
12471  -23.820  -73.061  -14.635 0.6000000238
12484  -24.432  -72.351  -14.782 0.6000000238
11693  -25.147  -73.472  -14.708 0.6000000238
10974  -25.132  -74.168  -14.762 0.6000000238
12487  -27.813  -72.119  -15.421 0.5000000000
13302  -28.871  -71.469  -15.513 0.5000000000
17613  -16.193  -67.240  -20.104 0.6999999881
16698  -17.247  -68.201  -21.700 0.6999999881
18477  -15.932  -66.343  -18.495 0.6999999881
18496  -17.055  -66.313  -19.178 0.6999999881
17614  -16.957  -66.912  -20.513 0.6999999881
17636  -18.413  -66.737  -21.213 0.6999999881
16700  -19.138  -67.211  -21.992 0.6000000238
16714  -20.471  -68.038  -23.188 0.6000000238
16722  -21.442  -68.169  -23.450 0.5000000000
15838  -20.873  -68.786  -23.411 0.6999999881
109495  -22.119  -68.419  -23.504 0.5000000000
15824  -22.157  -68.752  -22.914 0.5000000000
112378  -23.040  -68.423  -21.316 0.5000000000
13402  -32.350  -70.627  -26.235 0.4000000060
13404  -33.990  -71.437  -25.750 0.5000000000
128495  -34.911  -71.402  -25.487 0.5000000000
13405  -35.747  -71.670  -25.218 0.5000000000
14221  -36.370  -71.083  -25.644 0.4000000060
15052  -31.706  -69.541  -25.588 0.4000000060
14218  -33.279  -70.826  -26.484 0.4000000060
15792  -23.465  -68.719  -19.271 0.6000000238
14962  -24.295  -69.192  -17.432 0.6000000238
14979  -23.834  -68.895  -18.341 0.6000000238
14940  -25.735  -69.399  -16.068 0.6000000238
15777  -24.826  -68.399  -18.051 0.6000000238
110527  -25.170  -71.684  -14.855 0.6000000238
14928  -25.882  -70.037  -15.374 0.6000000238
15746  -26.123  -68.718  -16.746 0.6000000238
12485  -25.190  -72.689  -14.725 0.6000000238
14941  -26.547  -69.118  -16.123 0.5000000000
13300  -27.286  -71.306  -15.035 0.6000000238
117610  -27.201  -70.428  -15.131 0.5000000000
14112  -28.610  -70.938  -15.297 0.5000000000
17550  -15.824  -66.447  -17.489 0.6999999881
18479  -17.452  -66.300  -18.668 0.6999999881
18497  -17.834  -66.244  -19.289 0.6999999881
108704  -17.882  -66.450  -20.476 0.6999999881
18516  -18.809  -65.851  -19.953 0.6000000238
17617  -19.191  -66.080  -21.138 0.6999999881
17637  -19.925  -66.238  -21.782 0.4000000060
17525  -16.317  -66.660  -16.743 0.6999999881
17552  -17.487  -66.389  -17.289 0.6999999881
18480  -18.194  -66.228  -18.786 0.6000000238
18499  -19.214  -65.855  -19.699 0.6000000238
17650  -21.160  -66.486  -22.722 0.5000000000
15728  -16.552  -68.444  -15.004 0.6999999881
16624  -16.355  -67.349  -15.710 0.6999999881
129138  -22.240  -66.846  -23.552 0.5000000000
126562  -17.122  -68.800  -14.776 0.6999999881
16723  -22.314  -67.736  -23.673 0.5000000000
14917  -17.583  -69.434  -14.631 0.6000000238
14082  -19.048  -70.931  -13.901 0.6000000238
13277  -19.641  -71.410  -13.258 0.6000000238
107026  -19.558  -71.199  -11.342 0.5000000000
109520  -19.518  -70.229  -11.236 0.5000000000
14219  -34.294  -70.951  -26.291 0.4000000060
14229  -35.927  -70.376  -26.264 0.4000000060
15747  -26.948  -68.617  -16.548 0.6000000238
18500  -20.013  -65.694  -20.043 0.5000000000
18528  -19.766  -65.559  -21.073 0.5000000000
17526  -17.117  -66.554  -16.592 0.6000000238
17553  -18.267  -66.331  -17.291 0.6000000238
18467  -18.608  -66.273  -18.149 0.6000000238
17595  -19.753  -66.092  -19.235 0.6000000238
18518  -20.218  -65.379  -20.716 0.5000000000
17638  -20.714  -65.963  -21.998 0.5000000000
17639  -21.365  -65.676  -22.216 0.5000000000
127922  -17.178  -68.236  -14.936 0.6999999881
17491  -17.979  -66.987  -15.287 0.6000000238
17528  -18.711  -66.401  -16.462 0.6000000238
17554  -19.134  -66.365  -17.352 0.6000000238
17555  -20.232  -66.619  -17.482 0.6000000238
126356  -22.485  -65.999  -23.327 0.5000000000
15729  -17.827  -68.555  -14.731 0.6999999881
127441  -18.140  -68.010  -14.750 0.6000000238
16614  -18.510  -67.478  -14.748 0.6000000238
17506  -19.136  -66.502  -15.628 0.6000000238
17529  -20.561  -66.586  -16.435 0.6000000238
14918  -18.532  -69.318  -14.522 0.6000000238
15730  -18.633  -68.399  -14.556 0.6000000238
15731  -19.298  -67.965  -14.316 0.6000000238
16615  -19.303  -67.066  -14.493 0.6000000238
14099  -19.281  -70.071  -14.194 0.6000000238
112412  -19.917  -69.858  -13.802 0.6000000238
15718  -20.013  -68.479  -13.921 0.6000000238
16608  -19.893  -67.498  -14.019 0.6000000238
14077  -20.197  -70.764  -12.489 0.5000000000
14065  -20.042  -70.713  -11.781 0.5000000000
14066  -20.315  -70.090  -12.112 0.5000000000
14904  -20.430  -68.908  -13.222 0.6000000238
15719  -20.344  -67.905  -13.344 0.6000000238
14228  -34.776  -70.384  -26.703 0.4000000060
14064  -17.703  -70.578  -10.798 0.5000000000
129978  -20.030  -70.062  -11.538 0.5000000000
14895  -20.244  -69.486  -11.512 0.6000000238
15713  -20.538  -68.323  -12.465 0.6000000238
14892  -17.959  -69.838  -10.823 0.5000000000
14875  -18.434  -69.161  -10.607 0.5000000000
14876  -19.300  -69.389  -10.825 0.4000000060
15690  -19.896  -68.868  -10.841 0.5000000000
15705  -20.436  -68.686  -11.538 0.6000000238
18501  -21.069  -65.571  -20.367 0.6000000238
18519  -21.701  -65.067  -20.891 0.5000000000
18530  -21.641  -65.145  -21.621 0.5000000000
17596  -20.754  -66.181  -19.495 0.6000000238
17597  -21.821  -66.091  -19.478 0.5000000000
109631  -22.054  -65.361  -22.463 0.5000000000
115669  -21.100  -66.770  -17.173 0.6999999881
17557  -21.966  -66.629  -17.393 0.6999999881
17507  -20.013  -66.476  -15.545 0.6000000238
117761  -20.941  -66.517  -15.597 0.6999999881
16616  -19.991  -66.849  -14.246 0.6000000238
109419  -21.283  -66.507  -14.912 0.6999999881
16609  -20.407  -67.156  -13.607 0.6000000238
17495  -21.233  -66.604  -14.039 0.6999999881
16603  -20.673  -67.480  -12.680 0.6000000238
17483  -20.883  -66.861  -13.273 0.6999999881
15686  -15.722  -68.078  -10.678 0.5000000000
15704  -17.350  -68.901  -10.590 0.5000000000
15689  -19.097  -68.573  -10.407 0.4000000060
111944  -19.703  -67.926  -10.363 0.6000000238
107778  -20.613  -67.891  -11.713 0.6000000238
15687  -16.589  -68.110  -10.496 0.5000000000
15688  -18.159  -68.287  -10.273 0.4000000060
16584  -18.881  -67.690  -10.028 0.5000000000
19445  -22.193  -64.848  -21.314 0.5000000000
18520  -22.090  -65.319  -20.228 0.5000000000
17578  -21.273  -66.513  -18.828 0.6000000238
18482  -22.639  -65.842  -18.813 0.5000000000
18483  -23.241  -65.023  -19.128 0.5000000000
17530  -21.465  -66.641  -16.465 0.6999999881
17531  -21.929  -66.594  -15.664 0.6999999881
109211  -22.016  -66.603  -14.717 0.6000000238
17473  -21.212  -67.081  -12.434 0.6999999881
17496  -22.231  -66.718  -13.818 0.6000000238
16596  -20.804  -67.432  -11.089 0.6000000238
17462  -21.349  -67.124  -11.509 0.6000000238
17447  -16.527  -66.669  -10.362 0.5000000000
126939  -18.687  -66.904  -9.902 0.4000000060
16585  -20.335  -67.303  -10.444 0.6000000238
18384  -17.145  -65.938  -10.388 0.4000000060
17448  -17.995  -66.394  -10.069 0.4000000060
17449  -18.987  -66.020  -10.039 0.5000000000
17450  -19.595  -66.988  -9.942 0.5000000000
18468  -22.726  -66.194  -17.942 0.6000000238
18469  -23.305  -65.534  -18.263 0.5000000000
17558  -22.831  -66.349  -17.081 0.6000000238
123331  -23.333  -65.911  -17.570 0.5000000000
122709  -22.626  -66.671  -15.281 0.6000000238
110606  -22.867  -66.804  -14.548 0.6000000238
17508  -23.414  -66.770  -15.275 0.5000000000
107954  -23.169  -66.865  -13.688 0.6000000238
17474  -22.023  -66.845  -12.038 0.6999999881
17485  -22.590  -66.763  -12.910 0.5000000000
126733  -21.138  -66.671  -10.609 0.6000000238
108360  -20.324  -66.621  -10.170 0.5000000000
18385  -18.047  -65.508  -10.347 0.4000000060
18386  -19.897  -66.169  -9.991 0.5000000000
23006  -14.547  -59.375  -15.443 0.4000000060
23966  -15.942  -58.994  -15.857 0.3000000119
23971  -15.645  -59.522  -16.232 0.4000000060
18454  -24.488  -65.809  -16.634 0.5000000000
22108  -14.352  -61.180  -15.719 0.3000000119
22134  -15.030  -60.567  -16.124 0.4000000060
17497  -23.752  -66.954  -14.428 0.5000000000
119344  -15.316  -62.360  -14.840 0.3000000119
22109  -15.331  -61.260  -15.881 0.4000000060
17486  -24.018  -66.823  -13.541 0.5000000000
21210  -15.772  -62.753  -13.997 0.3000000119
17475  -22.940  -66.602  -12.146 0.6000000238
17451  -22.027  -66.179  -10.770 0.6999999881
17464  -22.514  -66.429  -11.402 0.6000000238
19329  -19.838  -65.211  -10.223 0.5000000000
18387  -20.615  -65.919  -10.114 0.5000000000
19331  -21.631  -65.091  -10.429 0.4000000060
23956  -17.270  -59.036  -15.076 0.3000000119
23955  -16.276  -59.053  -15.199 0.3000000119
24882  -16.760  -58.928  -16.085 0.3000000119
23972  -16.396  -59.402  -16.324 0.3000000119
23039  -16.221  -60.136  -16.556 0.4000000060
17510  -25.009  -66.593  -14.941 0.5000000000
21241  -15.748  -61.796  -15.356 0.4000000060
125381  -16.442  -60.652  -16.328 0.4000000060
17498  -24.593  -66.801  -14.286 0.5000000000
21227  -16.205  -62.267  -14.619 0.4000000060
22087  -16.608  -61.726  -15.164 0.4000000060
125241  -23.589  -66.414  -12.271 0.5000000000
17487  -24.851  -66.456  -13.338 0.5000000000
21211  -16.677  -62.634  -13.775 0.4000000060
109169  -23.282  -66.196  -11.668 0.5000000000
18389  -22.149  -65.517  -10.624 0.5000000000
18407  -22.788  -65.809  -11.041 0.5000000000
19346  -18.482  -64.278  -10.976 0.3000000119
20243  -18.965  -63.616  -11.377 0.4000000060
19349  -21.323  -64.417  -10.661 0.4000000060
19350  -22.231  -64.759  -10.786 0.4000000060
23939  -17.821  -59.568  -13.996 0.3000000119
24874  -17.357  -58.752  -15.831 0.3000000119
24883  -17.656  -58.923  -16.422 0.4000000060
23973  -17.686  -59.589  -16.819 0.4000000060
19406  -25.307  -64.152  -17.490 0.4000000060
23040  -17.843  -60.130  -16.988 0.4000000060
19398  -25.633  -64.612  -16.633 0.4000000060
116593  -16.978  -61.323  -15.619 0.4000000060
22137  -17.886  -60.566  -16.462 0.4000000060
18443  -25.599  -65.957  -15.130 0.4000000060
22111  -17.672  -61.149  -15.704 0.4000000060
17477  -24.625  -66.122  -12.614 0.5000000000
21228  -17.077  -62.132  -14.413 0.4000000060
21192  -18.047  -62.785  -12.831 0.3000000119
18409  -24.113  -65.507  -11.927 0.5000000000
20244  -19.905  -63.564  -11.232 0.3000000119
24867  -18.149  -58.780  -15.309 0.3000000119
24876  -19.103  -58.237  -16.351 0.3000000119
24875  -18.259  -58.536  -16.042 0.3000000119
24885  -19.302  -58.315  -17.151 0.4000000060
24897  -19.131  -58.944  -17.387 0.4000000060
23990  -20.258  -59.121  -17.796 0.3000000119
23053  -19.010  -59.572  -17.424 0.4000000060
20319  -25.597  -63.209  -17.796 0.4000000060
21270  -26.214  -62.839  -17.635 0.4000000060
129360  -18.351  -60.304  -16.902 0.4000000060
19393  -25.964  -65.036  -15.702 0.4000000060
18435  -25.889  -65.813  -14.150 0.4000000060
22089  -18.301  -61.468  -15.012 0.3000000119
18420  -25.254  -65.776  -12.849 0.4000000060
21212  -17.563  -62.466  -13.602 0.3000000119
21229  -17.962  -61.912  -14.251 0.3000000119
21193  -18.930  -62.558  -12.699 0.3000000119
20246  -21.838  -63.858  -11.257 0.4000000060
107210  -20.089  -58.211  -15.051 0.3000000119
25760  -19.684  -57.777  -16.749 0.4000000060
25767  -19.871  -57.965  -17.388 0.4000000060
24898  -19.909  -58.619  -17.708 0.4000000060
21287  -27.445  -62.981  -18.275 0.4000000060
110014  -26.601  -62.743  -16.935 0.4000000060
23055  -20.244  -59.967  -17.505 0.4000000060
19399  -26.227  -64.102  -16.161 0.4000000060
22138  -18.945  -60.523  -16.622 0.4000000060
18444  -26.219  -65.255  -14.742 0.4000000060
19394  -26.509  -64.464  -15.233 0.4000000060
120945  -19.358  -60.902  -15.887 0.3000000119
129543  -26.312  -65.250  -13.934 0.4000000060
22090  -19.924  -61.458  -14.596 0.3000000119
110805  -25.080  -65.209  -12.460 0.5000000000
21213  -18.456  -62.257  -13.461 0.3000000119
21214  -19.901  -61.806  -13.727 0.3000000119
19363  -24.514  -65.042  -12.126 0.5000000000
20260  -21.428  -63.104  -11.885 0.3000000119
20247  -22.728  -64.176  -11.440 0.4000000060
26625  -20.745  -56.769  -15.905 0.3000000119
24909  -21.368  -58.037  -17.840 0.3000000119
23992  -20.942  -58.788  -17.723 0.3000000119
21271  -27.072  -62.624  -17.389 0.4000000060
23043  -20.288  -60.351  -16.979 0.3000000119
21250  -26.807  -62.865  -16.267 0.4000000060
21251  -27.332  -62.478  -16.459 0.3000000119
22139  -19.958  -60.697  -16.373 0.3000000119
19386  -26.651  -64.646  -14.283 0.4000000060
20303  -26.758  -63.511  -15.650 0.4000000060
22091  -20.726  -61.253  -14.921 0.3000000119
22075  -20.537  -61.586  -14.159 0.3000000119
19365  -26.047  -64.260  -12.664 0.4000000060
21194  -19.948  -62.350  -12.776 0.3000000119
21196  -22.005  -62.714  -12.638 0.3000000119
20261  -22.382  -63.387  -11.987 0.3000000119
20262  -23.276  -63.733  -12.097 0.3000000119
23975  -21.157  -59.498  -17.098 0.3000000119
107010  -21.991  -58.083  -17.353 0.3000000119
23044  -20.737  -60.047  -17.069 0.3000000119
20304  -27.210  -63.294  -14.823 0.4000000060
22116  -27.817  -62.237  -15.658 0.4000000060
22092  -21.431  -61.097  -14.597 0.3000000119
19376  -26.421  -64.684  -13.367 0.4000000060
20292  -27.037  -63.878  -13.882 0.4000000060
21215  -20.727  -61.960  -13.457 0.3000000119
21195  -21.035  -62.490  -12.637 0.3000000119
111554  -25.124  -64.479  -12.404 0.3000000119
21197  -23.024  -62.911  -12.645 0.3000000119
23008  -22.140  -60.159  -14.582 0.3000000119
22076  -21.212  -61.555  -14.047 0.3000000119
20278  -27.241  -63.229  -13.249 0.3000000119
129553  -27.806  -62.366  -14.256 0.3000000119
21216  -21.625  -62.116  -13.330 0.3000000119
20265  -26.300  -63.596  -12.553 0.3000000119
20263  -24.644  -63.780  -12.311 0.3000000119
23942  -23.015  -59.645  -13.727 0.3000000119
24859  -23.832  -58.528  -13.733 0.3000000119
112713  -22.761  -61.010  -13.627 0.3000000119
20266  -26.833  -63.162  -12.665 0.3000000119
22989  -23.338  -60.222  -13.174 0.3000000119
23943  -23.594  -59.293  -13.299 0.3000000119
20258  -19.432  -62.940  -11.945 0.3000000119
20259  -20.431  -62.932  -11.878 0.3000000119
8286  -28.688  -78.961  -30.121 0.6000000238
7641  -29.399  -79.878  -29.812 0.5000000000
7048  -28.023  -80.684  -30.249 0.5000000000
122293  -26.179  -80.102  -30.341 0.5000000000
7042  -29.143  -80.925  -29.413 0.5000000000
120634  -31.235  -80.751  -26.005 0.5000000000
9704  -29.774  -76.283  -29.239 0.6999999881
10409  -26.846  -75.774  -29.046 0.6999999881
8980  -26.408  -77.278  -29.647 0.6999999881
7023  -30.859  -80.340  -26.688 0.4000000060
9693  -24.995  -75.743  -29.156 0.6999999881
8264  -31.628  -78.454  -27.850 0.5000000000
10351  -36.306  -75.170  -22.983 0.3000000119
129459  -32.471  -78.228  -27.683 0.5000000000
111776  -34.029  -77.358  -29.218 0.3000000119
11129  -29.767  -73.883  -28.411 0.6000000238
11128  -28.966  -73.455  -28.440 0.6000000238
11118  -30.027  -73.955  -27.669 0.5000000000
111020  -27.107  -74.506  -25.614 0.6000000238
10403  -27.506  -75.237  -28.624 0.6999999881
11034  -34.070  -73.974  -19.610 0.3000000119
8958  -26.442  -77.199  -26.103 0.6000000238
9684  -26.609  -76.199  -27.584 0.6000000238
10390  -25.934  -75.743  -28.440 0.6999999881
8289  -30.934  -77.600  -29.182 0.5000000000
7634  -30.905  -78.987  -28.271 0.6000000238
7633  -30.350  -79.664  -28.756 0.5000000000
9682  -24.694  -75.997  -27.471 0.6000000238
122511  -24.541  -75.509  -28.745 0.6999999881
8948  -23.874  -76.940  -24.986 0.5000000000
10388  -23.083  -74.959  -27.885 0.5000000000
10356  -36.877  -75.698  -23.564 0.3000000119
8217  -25.562  -78.173  -23.408 0.6000000238
10376  -21.683  -75.117  -26.861 0.5000000000
9686  -37.061  -76.981  -27.780 0.3000000119
9705  -30.793  -76.347  -29.500 0.5000000000
10357  -37.762  -75.476  -23.675 0.3000000119
121703  -21.717  -75.372  -26.261 0.5000000000
10382  -32.338  -75.343  -26.446 0.4000000060
12551  -36.336  -72.260  -19.424 0.3000000119
12579  -25.736  -72.125  -22.043 0.6000000238
9601  -26.163  -76.854  -18.667 0.6999999881
11025  -25.815  -74.955  -18.439 0.6000000238
11733  -26.179  -74.157  -17.384 0.6000000238
13372  -26.850  -71.108  -21.947 0.6000000238
14212  -29.507  -70.055  -24.750 0.5000000000
11103  -34.565  -74.791  -25.641 0.4000000060
13374  -28.502  -70.633  -21.687 0.6000000238
14194  -29.107  -70.270  -22.057 0.5000000000
109382  -27.503  -72.298  -19.629 0.6000000238
15031  -32.514  -70.106  -21.444 0.4000000060
8834  -22.927  -77.409  -16.411 0.6000000238
10257  -24.147  -76.343  -15.069 0.6999999881
14959  -18.343  -69.723  -17.942 0.6000000238
12619  -31.061  -71.812  -24.545 0.4000000060
15046  -30.217  -69.267  -24.497 0.4000000060
14150  -31.087  -71.260  -17.090 0.4000000060
129351  -22.019  -76.436  -17.599 0.6000000238
14990  -17.789  -69.383  -19.840 0.6000000238
14159  -20.054  -69.925  -18.077 0.6000000238
13398  -34.776  -71.907  -24.903 0.5000000000
13314  -19.533  -71.445  -16.202 0.5000000000
14996  -22.746  -69.220  -19.705 0.6000000238
11697  -18.932  -73.056  -15.854 0.4000000060
112594  -23.952  -74.624  -14.496 0.5000000000
109089  -24.037  -71.491  -15.267 0.6000000238
11690  -22.498  -74.192  -14.343 0.5000000000
14081  -18.022  -71.093  -14.219 0.6000000238
17576  -19.488  -66.350  -18.319 0.5000000000
17505  -18.322  -66.589  -15.754 0.6000000238
119355  -19.618  -66.462  -16.457 0.6000000238
17556  -21.199  -66.766  -18.013 0.6000000238
14919  -19.479  -69.099  -14.264 0.6000000238
15703  -16.182  -69.025  -10.731 0.5000000000
18502  -22.548  -65.436  -19.543 0.5000000000
17484  -21.649  -66.794  -13.076 0.6000000238
16583  -17.887  -67.338  -10.047 0.5000000000
17463  -21.822  -66.687  -11.196 0.6000000238
23026  -14.346  -60.173  -15.780 0.3000000119
18453  -23.639  -66.126  -16.896 0.5000000000
19328  -18.787  -64.975  -10.419 0.3000000119
19397  -24.968  -65.043  -17.127 0.4000000060
18455  -25.304  -65.518  -16.189 0.4000000060
19347  -19.384  -64.281  -10.728 0.4000000060
19351  -23.840  -65.027  -11.676 0.5000000000
20306  -25.850  -63.628  -16.986 0.4000000060
24868  -19.181  -58.440  -15.390 0.3000000119
108546  -19.205  -61.288  -15.146 0.3000000119
19364  -25.729  -65.038  -12.754 0.4000000060
22114  -20.506  -60.874  -15.734 0.3000000119
19362  -24.134  -64.275  -12.130 0.4000000060
26633  -20.816  -56.045  -16.630 0.3000000119
22115  -21.043  -60.819  -15.531 0.3000000119
20277  -26.746  -63.873  -13.012 0.4000000060
22093  -22.114  -60.827  -14.302 0.3000000119
7588  -18.205  -80.110  -23.924 0.5000000000
7598  -18.386  -79.631  -24.747 0.5000000000
8241  -19.087  -78.358  -25.630 0.5000000000
8944  -19.372  -77.286  -26.040 0.4000000060
6972  -18.430  -80.389  -22.296 0.5000000000
6985  -18.871  -80.396  -23.113 0.5000000000
7589  -19.223  -80.010  -23.999 0.5000000000
8229  -19.819  -78.915  -25.114 0.5000000000
8242  -20.066  -78.170  -25.476 0.5000000000
8945  -20.306  -77.117  -25.810 0.4000000060
6986  -19.838  -80.414  -23.062 0.5000000000
8230  -20.539  -78.845  -24.772 0.5000000000
8946  -21.245  -76.903  -25.531 0.4000000060
6973  -19.436  -80.539  -22.205 0.5000000000
6987  -20.693  -80.226  -23.079 0.5000000000
107840  -20.121  -80.027  -23.695 0.5000000000
112374  -21.250  -79.796  -23.133 0.5000000000
7600  -20.812  -79.544  -23.882 0.5000000000
7601  -21.475  -79.297  -23.558 0.5000000000
8232  -22.318  -78.147  -24.039 0.5000000000
8934  -22.685  -77.295  -24.572 0.4000000060
6974  -20.441  -80.460  -22.258 0.5000000000
7590  -21.796  -79.352  -22.763 0.5000000000
8214  -22.608  -78.487  -23.085 0.5000000000
8926  -23.097  -77.758  -23.747 0.5000000000
113119  -20.472  -78.520  -21.044 0.5000000000
6965  -21.007  -80.152  -21.682 0.5000000000
7567  -21.374  -79.543  -21.393 0.5000000000
7578  -21.690  -79.650  -21.909 0.5000000000
7568  -22.163  -78.862  -21.476 0.5000000000
7579  -22.416  -78.887  -22.187 0.5000000000
8202  -23.047  -78.454  -21.778 0.5000000000
8215  -23.519  -78.095  -23.016 0.5000000000
8927  -23.885  -77.692  -23.716 0.5000000000
8194  -21.667  -78.833  -21.024 0.5000000000
123039  -21.787  -78.071  -20.550 0.5000000000
8908  -21.833  -77.420  -20.170 0.5000000000
8185  -23.226  -78.270  -20.158 0.5000000000
8909  -22.387  -77.936  -20.072 0.5000000000
123490  -23.615  -78.411  -21.461 0.5000000000
106994  -23.077  -78.320  -21.040 0.5000000000
8203  -23.848  -78.302  -22.200 0.5000000000
8195  -24.317  -78.448  -21.474 0.5000000000
123184  -23.095  -78.362  -22.435 0.5000000000
8216  -24.530  -78.112  -23.013 0.5000000000
108545  -21.783  -75.641  -18.978 0.5000000000
9600  -22.343  -76.930  -17.990 0.6000000238
8910  -22.792  -77.955  -19.439 0.5000000000
110608  -24.142  -78.532  -20.010 0.5000000000
8161  -23.823  -78.517  -18.369 0.5000000000
8186  -24.986  -78.691  -19.886 0.5000000000
8175  -24.474  -78.702  -19.145 0.5000000000
109435  -24.855  -78.390  -22.156 0.5000000000
8196  -25.252  -78.526  -21.361 0.5000000000
8204  -25.413  -78.330  -22.708 0.5000000000
11029  -20.669  -74.341  -19.389 0.5000000000
109187  -21.428  -75.559  -17.866 0.5000000000
8860  -23.503  -78.212  -17.592 0.6000000238
14954  -13.334  -69.773  -17.266 0.5000000000
14956  -15.173  -69.360  -17.897 0.6000000238
125229  -12.398  -68.145  -18.109 0.5000000000
14970  -14.401  -68.834  -18.501 0.5000000000
14971  -15.114  -68.926  -18.864 0.6000000238
15775  -14.776  -68.492  -19.315 0.6000000238
15773  -12.948  -67.564  -18.523 0.5000000000
15789  -14.515  -67.766  -19.467 0.6000000238
17573  -13.721  -66.357  -18.308 0.5000000000
15801  -15.909  -68.010  -20.382 0.6000000238
17590  -14.952  -66.945  -19.262 0.6000000238
17523  -14.024  -66.326  -17.358 0.5000000000
18463  -15.214  -66.342  -18.343 0.6000000238
17592  -16.622  -66.573  -19.671 0.6000000238
16632  -13.768  -66.755  -16.566 0.5000000000
17524  -14.974  -66.417  -17.386 0.5000000000
15727  -15.761  -68.679  -15.059 0.5000000000
14916  -16.551  -69.369  -14.741 0.6000000238
12460  -17.409  -72.687  -13.592 0.6000000238
13274  -16.736  -71.999  -14.117 0.5000000000
16623  -15.458  -67.441  -15.802 0.6000000238
129580  -15.577  -66.667  -16.867 0.5000000000
14097  -17.250  -70.292  -14.535 0.5000000000
12443  -19.122  -72.687  -12.585 0.6000000238
13276  -18.880  -71.873  -13.507 0.6000000238
13253  -19.920  -71.560  -12.021 0.6000000238
9654  -37.747  -76.565  -24.086 0.3000000119
10366  -39.462  -76.541  -24.330 0.3000000119
8954  -38.600  -77.705  -25.271 0.3000000119
10373  -40.611  -75.880  -24.507 0.3000000119
8962  -38.131  -77.149  -26.178 0.3000000119
8941  -38.065  -78.151  -24.838 0.3000000119
8940  -37.487  -78.092  -24.606 0.3000000119
8933  -21.829  -77.645  -24.844 0.4000000060
109358  -24.673  -78.583  -20.701 0.5000000000
14141  -15.579  -70.039  -17.087 0.5000000000
8243  -20.956  -77.985  -25.196 0.4000000060
8231  -21.436  -78.667  -24.318 0.5000000000
7577  -21.230  -80.093  -22.398 0.5000000000
109961  -21.046  -79.191  -20.955 0.5000000000
8917  -20.490  -77.545  -21.338 0.5000000000
8184  -22.395  -78.306  -20.774 0.5000000000
8174  -23.613  -78.403  -19.315 0.5000000000
9659  -38.897  -77.105  -24.552 0.3000000119
128804  -39.256  -76.388  -25.748 0.3000000119
10367  -40.073  -76.350  -24.512 0.3000000119
9668  -39.209  -77.353  -24.993 0.3000000119
9669  -39.692  -76.683  -25.176 0.3000000119
10372  -40.269  -76.076  -25.115 0.3000000119
21242  -27.599  -62.563  -14.901 0.3000000119
5869  -25.745  -82.853  -29.855 0.5000000000
5874  -26.076  -82.456  -30.221 0.6000000238
6476  -27.366  -82.083  -29.556 0.5000000000
6477  -28.561  -81.616  -29.143 0.5000000000
6480  -24.777  -81.805  -30.391 0.5000000000
7001  -34.554  -80.540  -24.282 0.4000000060
7012  -33.529  -80.418  -25.078 0.4000000060
7030  -30.308  -81.194  -27.264 0.4000000060
7034  -29.569  -81.220  -28.640 0.5000000000
7041  -28.416  -81.143  -29.757 0.5000000000
7045  -25.813  -80.754  -30.357 0.5000000000
7046  -26.722  -80.895  -30.422 0.5000000000
7047  -27.384  -81.076  -30.313 0.5000000000
7049  -28.745  -80.329  -30.059 0.5000000000
7599  -19.963  -79.492  -24.413 0.5000000000
7602  -35.670  -79.814  -24.478 0.4000000060
7603  -36.305  -79.480  -24.831 0.4000000060
7610  -31.810  -80.776  -25.457 0.5000000000
7612  -35.817  -79.802  -25.033 0.4000000060
7632  -29.818  -80.305  -29.148 0.5000000000
7644  -24.526  -79.605  -30.149 0.6000000238
7645  -26.718  -79.872  -30.293 0.5000000000
7646  -27.452  -80.324  -30.350 0.5000000000
8129  -24.417  -78.097  -16.671 0.6999999881
8145  -24.202  -78.464  -17.459 0.6999999881
8147  -25.468  -78.271  -17.875 0.6999999881
8176  -25.312  -78.624  -19.157 0.6000000238
8188  -26.255  -78.289  -20.250 0.6000000238
8193  -20.408  -79.274  -20.936 0.5000000000
8198  -27.083  -78.001  -22.246 0.6000000238
8205  -26.628  -78.235  -22.367 0.6999999881
8213  -21.937  -78.825  -23.554 0.5000000000
8221  -35.564  -78.901  -23.897 0.4000000060
8244  -36.943  -79.100  -25.100 0.4000000060
8245  -37.482  -78.586  -24.884 0.4000000060
8253  -31.970  -78.751  -26.840 0.5000000000
8257  -35.876  -78.971  -26.303 0.4000000060
8266  -34.517  -78.211  -27.762 0.4000000060
8274  -22.772  -77.263  -29.172 0.5000000000
8276  -31.242  -78.033  -28.714 0.5000000000
8282  -24.522  -77.855  -29.880 0.5000000000
8287  -29.474  -78.864  -29.916 0.6000000238
8291  -25.722  -78.746  -30.242 0.6000000238
8293  -27.314  -79.407  -30.118 0.5000000000
8818  -22.892  -77.015  -15.584 0.6000000238
8835  -23.586  -78.059  -16.824 0.6999999881
8861  -25.064  -77.880  -16.797 0.6999999881
8862  -25.517  -77.792  -17.354 0.6999999881
8878  -23.017  -77.827  -18.147 0.6000000238
8880  -26.248  -77.822  -18.954 0.6999999881
8895  -22.110  -77.148  -19.511 0.5000000000
8897  -23.131  -78.073  -18.827 0.5000000000
8924  -33.962  -77.389  -22.492 0.3000000119
8932  -36.686  -77.946  -24.292 0.4000000060
8936  -24.133  -77.393  -24.335 0.5000000000
8939  -27.419  -77.140  -24.568 0.6999999881
8942  -38.587  -77.774  -24.893 0.3000000119
8951  -27.028  -77.312  -25.273 0.6000000238
8953  -38.154  -78.261  -25.037 0.3000000119
8961  -37.894  -77.955  -25.734 0.4000000060
8965  -36.680  -77.604  -27.187 0.3000000119
8975  -35.261  -77.315  -29.223 0.3000000119
8976  -35.943  -77.365  -28.700 0.3000000119
8978  -24.245  -76.824  -29.459 0.6000000238
8984  -30.769  -77.279  -29.335 0.5000000000
9538  -23.462  -76.219  -14.757 0.6999999881
9548  -22.803  -76.432  -14.877 0.6000000238
9549  -23.539  -76.794  -15.242 0.6999999881
9550  -24.742  -76.552  -15.633 0.6999999881
9559  -21.809  -76.419  -16.194 0.6000000238
9560  -22.379  -76.882  -16.084 0.6000000238
9562  -25.486  -76.325  -16.749 0.6999999881
9578  -22.284  -76.827  -16.963 0.6000000238
9579  -25.789  -76.848  -17.587 0.6999999881
9599  -21.850  -76.000  -18.194 0.5000000000
9639  -27.002  -76.400  -21.173 0.6000000238
9646  -27.536  -76.989  -22.259 0.6999999881
9650  -27.498  -76.735  -23.879 0.6000000238
9651  -35.184  -76.932  -23.220 0.3000000119
9652  -35.847  -76.718  -23.519 0.3000000119
9658  -38.092  -77.604  -24.554 0.3000000119
9660  -39.515  -76.845  -24.760 0.3000000119
9662  -21.471  -75.856  -25.842 0.5000000000
9665  -24.520  -76.875  -25.780 0.5000000000
9667  -27.466  -76.170  -25.989 0.6000000238
9672  -20.109  -75.423  -26.784 0.5000000000
9673  -20.987  -75.303  -26.501 0.5000000000
9675  -23.134  -75.533  -26.580 0.5000000000
9678  -27.352  -76.198  -26.522 0.6000000238
9679  -38.891  -76.862  -25.680 0.3000000119
9685  -27.187  -75.908  -27.367 0.6000000238
9691  -22.093  -75.888  -28.257 0.5000000000
9694  -25.876  -75.945  -29.253 0.6999999881
9695  -35.921  -76.798  -29.584 0.3000000119
9699  -24.769  -76.192  -29.378 0.6999999881
9709  -34.320  -76.360  -30.226 0.3000000119
9714  -34.043  -75.613  -30.516 0.3000000119
10248  -22.947  -75.738  -14.422 0.6000000238
10258  -25.394  -75.348  -15.729 0.5000000000
10264  -21.288  -75.907  -16.284 0.6000000238
10298  -21.526  -75.318  -18.672 0.5000000000
10307  -21.540  -75.070  -19.490 0.5000000000
10320  -26.511  -75.728  -20.656 0.6000000238
10339  -35.140  -75.068  -21.908 0.3000000119
10347  -26.547  -75.228  -22.584 0.6000000238
10350  -35.576  -75.468  -22.633 0.3000000119
10361  -27.184  -75.332  -25.092 0.6000000238
10364  -32.927  -74.998  -24.515 0.4000000060
10370  -32.730  -75.381  -25.405 0.4000000060
10377  -22.650  -75.145  -27.193 0.5000000000
10381  -31.425  -75.116  -26.626 0.4000000060
10387  -22.332  -75.131  -27.497 0.5000000000
10395  -33.529  -75.057  -27.344 0.4000000060
10398  -22.036  -75.313  -27.759 0.6000000238
10400  -23.804  -75.154  -28.349 0.6999999881
10415  -32.959  -74.887  -30.270 0.4000000060
10416  -35.764  -75.986  -30.298 0.3000000119
10419  -34.131  -74.960  -30.456 0.3000000119
10970  -21.711  -74.828  -14.412 0.6000000238
10972  -23.203  -74.895  -14.281 0.6000000238
10973  -24.688  -74.796  -14.717 0.6000000238
10980  -19.982  -74.176  -15.447 0.5000000000
10984  -25.372  -74.725  -15.250 0.6000000238
10999  -20.125  -74.899  -16.181 0.5000000000
11000  -25.949  -74.584  -16.598 0.5000000000
11016  -20.988  -75.109  -18.099 0.6000000238
11017  -25.785  -74.805  -17.485 0.6000000238
11039  -26.208  -74.175  -20.454 0.6000000238
11042  -34.386  -74.316  -20.391 0.3000000119
11051  -34.751  -74.689  -21.143 0.3000000119
11066  -36.563  -74.476  -22.646 0.3000000119
11075  -25.712  -73.357  -23.992 0.5000000000
11080  -32.345  -73.850  -23.572 0.4000000060
11095  -31.481  -74.863  -24.049 0.4000000060
11099  -41.152  -75.473  -24.164 0.3000000119
11101  -29.129  -73.875  -25.320 0.5000000000
11110  -34.756  -74.814  -26.508 0.4000000060
11116  -28.280  -73.583  -28.366 0.6000000238
11119  -31.300  -74.551  -28.431 0.4000000060
11123  -35.785  -74.118  -27.858 0.4000000060
11130  -31.275  -74.622  -29.080 0.4000000060
11131  -32.425  -74.496  -29.260 0.4000000060
11141  -34.279  -74.347  -29.902 0.4000000060
11689  -21.493  -73.785  -14.538 0.6000000238
11691  -23.488  -74.007  -14.447 0.5000000000
11692  -24.429  -73.875  -14.569 0.5000000000
11700  -21.615  -72.891  -14.775 0.6000000238
11702  -23.032  -73.410  -14.555 0.5000000000
11704  -26.747  -72.930  -15.463 0.6000000238
11742  -26.473  -73.329  -19.115 0.6000000238
11744  -34.635  -73.159  -18.400 0.3000000119
11745  -35.060  -73.082  -18.928 0.3000000119
11751  -26.273  -73.808  -19.904 0.6000000238
11752  -34.517  -73.452  -19.170 0.3000000119
11762  -36.238  -73.137  -20.747 0.3000000119
11766  -25.759  -72.776  -21.887 0.6000000238
11791  -26.033  -72.700  -24.152 0.5000000000
11809  -35.713  -73.645  -25.491 0.4000000060
11814  -27.870  -72.850  -26.515 0.5000000000
11820  -28.397  -73.054  -27.809 0.6000000238
12444  -19.717  -71.931  -12.640 0.6000000238
12472  -24.611  -73.065  -14.645 0.6000000238
12479  -19.686  -72.702  -15.523 0.6000000238
12481  -21.310  -72.355  -15.222 0.6000000238
12486  -26.944  -72.218  -15.175 0.6000000238
12506  -19.199  -72.176  -15.897 0.5000000000
12509  -28.946  -72.371  -16.397 0.5000000000
12511  -35.408  -72.736  -16.987 0.3000000119
12520  -27.622  -72.866  -17.677 0.5000000000
12521  -28.336  -72.659  -17.067 0.5000000000
12532  -26.885  -73.177  -18.226 0.6000000238
12535  -29.294  -72.394  -18.324 0.6000000238
12548  -28.570  -72.248  -19.236 0.6000000238
12563  -26.064  -72.600  -21.377 0.6000000238
12566  -35.910  -72.866  -19.956 0.3000000119
12567  -36.695  -72.534  -20.281 0.3000000119
12612  -28.872  -72.370  -23.485 0.5000000000
12629  -36.585  -72.353  -25.496 0.4000000060
13267  -20.011  -71.321  -12.715 0.5000000000
13275  -17.721  -71.932  -13.942 0.6000000238
13287  -16.099  -71.287  -14.385 0.5000000000
13288  -16.984  -71.180  -14.363 0.5000000000
13297  -20.985  -71.769  -15.658 0.6999999881
13298  -22.254  -71.451  -16.018 0.6000000238
13301  -28.213  -71.463  -15.276 0.5000000000
13313  -18.007  -71.664  -16.369 0.5000000000
13317  -23.452  -71.094  -15.961 0.6000000238
13319  -29.451  -71.796  -15.977 0.5000000000
13320  -30.269  -71.728  -16.698 0.5000000000
13326  -22.028  -71.003  -16.840 0.6000000238
13327  -29.920  -72.281  -17.518 0.6000000238
13338  -31.393  -71.374  -18.817 0.6000000238
13348  -30.946  -71.502  -19.490 0.6000000238
13350  -36.769  -71.673  -18.864 0.3000000119
13358  -26.707  -71.659  -21.187 0.6000000238
13359  -27.272  -71.836  -20.497 0.6000000238
13395  -28.824  -70.260  -24.309 0.6000000238
13403  -33.111  -71.343  -25.969 0.4000000060
14083  -19.947  -70.687  -13.405 0.5000000000
14084  -20.364  -69.910  -13.068 0.6000000238
14098  -18.288  -70.216  -14.424 0.6000000238
14109  -25.578  -70.739  -15.143 0.6000000238
14110  -26.471  -70.598  -15.072 0.5000000000
14111  -27.938  -70.685  -15.143 0.5000000000
14113  -29.331  -70.866  -15.540 0.5000000000
14121  -16.866  -70.677  -16.828 0.5000000000
14123  -18.571  -70.916  -16.613 0.5000000000
14124  -19.332  -70.908  -16.588 0.5000000000
14128  -23.586  -70.583  -16.479 0.6000000238
14131  -29.987  -71.154  -15.996 0.5000000000
14143  -18.433  -70.308  -17.157 0.6000000238
14148  -23.168  -70.372  -17.319 0.6000000238
14151  -31.816  -70.796  -17.438 0.5000000000
14164  -32.792  -70.303  -18.839 0.6000000238
14170  -32.278  -70.635  -19.580 0.4000000060
14179  -29.975  -70.761  -21.290 0.6000000238
14182  -32.407  -70.374  -20.498 0.6000000238
14193  -28.176  -70.294  -22.478 0.5000000000
14220  -35.372  -70.960  -25.859 0.4000000060
14893  -18.802  -69.849  -10.894 0.5000000000
14894  -19.806  -69.613  -11.181 0.5000000000
14899  -20.492  -69.277  -12.343 0.6000000238
14903  -20.128  -69.303  -13.739 0.6000000238
14939  -24.721  -69.558  -16.484 0.6000000238
14955  -14.199  -69.471  -17.462 0.6000000238
14957  -16.135  -69.595  -17.783 0.5000000000
14958  -17.509  -69.646  -17.963 0.6000000238
14961  -23.472  -69.671  -17.833 0.6000000238
14969  -13.362  -68.718  -17.900 0.5000000000
14973  -16.810  -69.439  -18.490 0.6000000238
14975  -19.413  -69.578  -19.173 0.6000000238
14976  -21.286  -69.829  -19.265 0.5000000000
14977  -22.371  -69.797  -19.076 0.6000000238
14988  -15.563  -68.762  -19.478 0.6000000238
14991  -18.803  -69.427  -19.914 0.6000000238
14998  -34.082  -69.308  -19.780 0.4000000060
15009  -16.853  -69.144  -20.189 0.6000000238
15011  -18.212  -69.322  -20.822 0.6000000238
15017  -33.747  -69.486  -20.658 0.4000000060
15024  -17.778  -69.105  -21.437 0.6999999881
15027  -20.357  -69.651  -22.011 0.6000000238
15030  -31.613  -70.000  -22.365 0.6000000238
15045  -20.882  -69.108  -23.289 0.6999999881
15051  -29.934  -69.487  -25.007 0.5000000000
15691  -20.326  -68.063  -10.883 0.6000000238
15740  -15.129  -68.050  -15.372 0.5000000000
15741  -16.005  -67.938  -15.356 0.6999999881
15774  -13.901  -68.217  -18.971 0.5000000000
15788  -13.711  -67.526  -18.994 0.6000000238
15790  -15.330  -68.283  -19.876 0.6000000238
15802  -16.268  -68.373  -20.871 0.6999999881
15803  -16.637  -68.850  -20.963 0.6999999881
15809  -17.149  -68.848  -21.502 0.6999999881
15811  -22.938  -68.372  -22.441 0.5000000000
15821  -18.564  -68.887  -22.392 0.6000000238
15822  -19.229  -68.974  -22.898 0.6000000238
15823  -20.085  -69.060  -23.224 0.6000000238
15827  -34.637  -68.758  -22.162 0.4000000060
16582  -16.936  -67.350  -10.259 0.5000000000
16612  -16.810  -67.778  -15.258 0.6999999881
16613  -17.649  -67.703  -15.025 0.6000000238
16625  -17.182  -67.178  -15.530 0.6999999881
16633  -14.881  -66.857  -16.547 0.5000000000
16676  -15.460  -67.539  -19.755 0.6000000238
16684  -16.368  -67.723  -20.871 0.6999999881
16685  -16.870  -67.641  -21.256 0.6999999881
16699  -18.144  -67.962  -21.970 0.6000000238
16715  -21.034  -67.351  -23.158 0.5000000000
17465  -24.044  -66.061  -12.074 0.5000000000
17476  -23.435  -66.694  -12.866 0.5000000000
17488  -25.496  -66.044  -13.549 0.4000000060
17492  -18.768  -66.777  -15.051 0.6000000238
17493  -19.558  -66.642  -14.866 0.6000000238
17494  -20.460  -66.556  -14.678 0.6000000238
17499  -25.324  -66.398  -14.236 0.4000000060
17502  -15.891  -66.982  -16.259 0.5000000000
17503  -16.734  -66.840  -16.054 0.6999999881
17504  -17.529  -66.693  -15.894 0.6000000238
17509  -24.308  -66.793  -15.146 0.5000000000
17527  -17.896  -66.449  -16.503 0.6000000238
17532  -22.953  -66.567  -16.130 0.6000000238
17533  -23.944  -66.429  -15.999 0.5000000000
17549  -14.397  -66.209  -18.038 0.5000000000
17551  -16.697  -66.451  -17.356 0.6999999881
17574  -14.629  -66.513  -18.619 0.5000000000
17575  -15.453  -66.479  -18.916 0.6000000238
17577  -20.465  -66.506  -18.587 0.6000000238
17579  -21.979  -66.483  -18.449 0.6000000238
17589  -14.092  -66.968  -18.896 0.6000000238
17591  -15.812  -66.787  -19.478 0.6000000238
17593  -17.440  -66.344  -19.805 0.6999999881
17594  -18.221  -66.124  -19.866 0.6999999881
17615  -17.578  -67.268  -21.197 0.6999999881
17616  -18.663  -66.041  -20.460 0.6999999881
17648  -19.924  -67.295  -22.466 0.6000000238
17649  -20.520  -66.858  -22.571 0.4000000060
17651  -21.801  -66.188  -22.950 0.5000000000
17659  -21.648  -67.140  -23.361 0.5000000000
18388  -21.441  -65.758  -10.373 0.5000000000
18408  -23.539  -65.642  -11.536 0.5000000000
18419  -24.625  -65.639  -12.325 0.5000000000
18430  -25.883  -65.460  -13.397 0.4000000060
18442  -24.825  -66.265  -15.700 0.5000000000
18464  -16.315  -66.332  -18.015 0.6999999881
18465  -17.082  -66.327  -18.016 0.6999999881
18466  -17.840  -66.299  -18.054 0.6000000238
18478  -16.687  -66.327  -18.582 0.6999999881
18481  -18.926  -66.098  -18.979 0.6000000238
18495  -16.251  -66.387  -19.062 0.6000000238
18498  -18.546  -66.081  -19.441 0.6999999881
18517  -19.392  -65.641  -20.414 0.6000000238
18529  -20.392  -65.496  -21.337 0.5000000000
18531  -22.364  -64.797  -21.951 0.5000000000
19330  -20.887  -65.071  -10.246 0.4000000060
19345  -17.594  -64.359  -11.276 0.3000000119
19348  -20.371  -64.307  -10.616 0.4000000060
20245  -20.881  -63.629  -11.186 0.4000000060
20291  -14.805  -62.865  -14.250 0.3000000119
20293  -27.453  -62.977  -14.088 0.4000000060
20307  -26.368  -63.234  -16.558 0.4000000060
20320  -26.109  -63.040  -17.207 0.4000000060
21226  -14.535  -62.395  -15.031 0.3000000119
21230  -18.992  -61.684  -14.168 0.3000000119
21286  -26.363  -62.802  -18.165 0.4000000060
22077  -22.094  -61.564  -13.818 0.3000000119
22088  -17.424  -61.616  -15.016 0.4000000060
22110  -16.252  -61.183  -15.879 0.4000000060
22112  -18.557  -60.973  -15.815 0.4000000060
22113  -19.997  -61.093  -15.457 0.3000000119
22135  -15.790  -60.698  -16.283 0.4000000060
22136  -17.003  -60.843  -16.141 0.4000000060
22988  -22.620  -60.241  -13.935 0.3000000119
23007  -21.590  -60.468  -15.073 0.3000000119
23025  -13.687  -60.552  -15.442 0.3000000119
23027  -14.956  -59.753  -16.087 0.4000000060
23028  -20.663  -60.529  -16.356 0.3000000119
23038  -15.492  -60.172  -16.382 0.4000000060
23041  -18.833  -60.093  -17.235 0.4000000060
23042  -19.690  -60.287  -17.185 0.3000000119
23052  -18.335  -59.786  -17.180 0.4000000060
23054  -19.672  -59.850  -17.585 0.4000000060
23938  -16.870  -59.490  -14.329 0.3000000119
23957  -18.227  -59.211  -14.496 0.3000000119
23959  -23.110  -58.984  -14.043 0.3000000119
23965  -15.188  -59.143  -15.862 0.3000000119
23974  -18.380  -59.246  -17.034 0.4000000060
23982  -19.722  -59.320  -17.692 0.3000000119
23983  -20.213  -59.516  -17.717 0.4000000060
23984  -20.672  -59.440  -17.561 0.3000000119
23991  -20.544  -59.141  -17.719 0.3000000119
24866  -16.644  -58.908  -15.707 0.3000000119
24884  -18.588  -58.633  -16.773 0.4000000060
24886  -21.531  -58.759  -17.156 0.3000000119
24899  -21.399  -58.372  -17.633 0.3000000119
24908  -20.682  -58.540  -17.816 0.3000000119
25752  -20.615  -57.551  -15.192 0.3000000119
25777  -20.379  -57.866  -17.817 0.4000000060
108030  -31.008  -70.884  -25.360 0.5000000000
108165  -21.153  -78.280  -20.870 0.5000000000
108200  -19.860  -69.445  -22.665 0.6000000238
108362  -25.429  -81.479  -30.409 0.5000000000
108782  -26.906  -64.000  -14.767 0.4000000060
109026  -23.832  -78.437  -20.813 0.5000000000
109265  -17.046  -59.303  -16.453 0.3000000119
109596  -32.919  -74.415  -23.957 0.5000000000
109752  -20.547  -66.742  -13.948 0.6000000238
109968  -28.046  -81.693  -29.472 0.5000000000
110127  -28.059  -78.253  -29.571 0.5000000000
110230  -24.137  -66.473  -12.736 0.5000000000
110886  -27.436  -75.807  -25.513 0.6000000238
110950  -34.157  -72.457  -24.528 0.5000000000
111767  -25.906  -78.436  -22.059 0.5000000000
112129  -25.645  -73.894  -15.076 0.6000000238
112142  -17.000  -59.858  -16.701 0.4000000060
112176  -36.397  -77.238  -23.929 0.3000000119
112183  -20.957  -65.233  -21.073 0.5000000000
113466  -23.103  -65.056  -11.119 0.4000000060
113788  -26.434  -72.912  -20.295 0.6000000238
113916  -33.672  -71.861  -25.109 0.5000000000
114690  -22.098  -76.591  -25.209 0.5000000000
114964  -23.438  -64.452  -11.687 0.4000000060
115025  -21.772  -69.993  -18.929 0.5000000000
115415  -17.276  -66.726  -10.161 0.5000000000
115647  -15.206  -66.284  -17.902 0.5000000000
115728  -17.045  -60.361  -16.559 0.4000000060
115906  -28.992  -69.772  -24.322 0.5000000000
116007  -25.691  -71.736  -22.685 0.6000000238
116103  -25.711  -77.139  -29.849 0.6000000238
116275  -35.351  -69.877  -27.210 0.4000000060
116711  -19.176  -79.315  -24.906 0.5000000000
117255  -27.217  -62.759  -15.636 0.4000000060
117323  -18.764  -70.545  -10.931 0.5000000000
117669  -29.363  -77.268  -29.346 0.6999999881
117753  -34.930  -78.341  -23.492 0.3000000119
117899  -17.361  -67.987  -10.310 0.5000000000
118051  -20.110  -71.752  -15.800 0.5000000000
118069  -34.475  -79.347  -26.148 0.5000000000
119042  -33.856  -80.796  -24.394 0.4000000060
119443  -36.993  -78.522  -24.614 0.4000000060
119600  -20.150  -73.286  -15.173 0.6000000238
119904  -20.898  -69.620  -21.261 0.6000000238
120118  -21.014  -65.470  -21.581 0.5000000000
120416  -19.241  -62.114  -13.339 0.3000000119
120426  -26.260  -71.502  -14.914 0.6000000238
121438  -25.706  -73.214  -14.878 0.6000000238
121637  -32.468  -77.147  -29.251 0.4000000060
121671  -31.565  -75.922  -29.847 0.4000000060
121702  -22.945  -68.031  -23.975 0.5000000000
122196  -25.492  -72.946  -23.430 0.5000000000
122594  -26.078  -71.570  -21.989 0.6000000238
122620  -19.008  -73.934  -16.610 0.4000000060
122671  -19.054  -70.467  -16.973 0.5000000000
123275  -35.503  -72.518  -17.638 0.3000000119
123389  -19.570  -69.245  -22.909 0.6000000238
123509  -23.741  -77.545  -15.944 0.6999999881
123622  -22.246  -66.576  -16.551 0.6000000238
124019  -22.454  -68.736  -21.929 0.6000000238
124114  -36.151  -72.208  -25.196 0.4000000060
124208  -21.090  -58.984  -17.562 0.3000000119
124216  -28.393  -74.898  -29.105 0.6000000238
124224  -17.099  -69.330  -19.340 0.6000000238
124484  -23.681  -72.236  -14.958 0.6000000238
124515  -20.411  -74.600  -18.416 0.6000000238
124664  -25.967  -76.524  -29.616 0.6999999881
124673  -21.412  -68.820  -23.392 0.6999999881
124779  -27.776  -72.862  -16.731 0.5000000000
124915  -26.142  -78.426  -21.154 0.5000000000
125235  -13.929  -59.855  -15.294 0.4000000060
125334  -33.900  -73.721  -18.942 0.3000000119
125377  -27.393  -76.920  -21.593 0.6000000238
125478  -19.595  -74.375  -17.673 0.6000000238
125702  -15.689  -66.311  -18.065 0.6999999881
125929  -27.944  -72.464  -18.943 0.6000000238
127299  -16.308  -70.143  -17.145 0.6000000238
127428  -30.841  -73.121  -23.510 0.5000000000
127791  -34.186  -74.613  -30.208 0.3000000119
127827  -22.592  -65.307  -10.817 0.4000000060
127846  -34.514  -73.286  -24.429 0.4000000060
128109  -19.783  -69.717  -18.703 0.6000000238
129554  -20.948  -67.449  -11.897 0.6000000238
129855  -21.713  -68.777  -23.267 0.5000000000
