#!ascii label  , from subject sub-v1s12x0050113_ses-1 vox2ras=TkReg
2038
5723  -10.155  -82.416  -15.339 0.5000000000
4157  -10.607  -85.605  -11.785 0.5000000000
124394  -11.948  -85.731  -12.198 0.5000000000
4195  -11.989  -86.102  -13.090 0.5000000000
6906  -11.098  -80.735  -16.258 0.5000000000
6328  -10.355  -81.547  -16.011 0.5000000000
6891  -11.597  -80.633  -15.301 0.5000000000
6314  -11.382  -81.383  -14.989 0.5000000000
6892  -12.428  -79.992  -15.105 0.6000000238
5712  -10.847  -82.651  -14.702 0.5000000000
120146  -11.248  -86.695  -14.674 0.5000000000
4709  -10.840  -84.582  -12.583 0.5000000000
4214  -12.074  -85.687  -15.221 0.5000000000
5188  -12.336  -84.265  -12.108 0.6000000238
4196  -12.537  -85.608  -13.986 0.6000000238
5697  -13.186  -83.415  -12.516 0.6000000238
4178  -13.106  -85.209  -13.134 0.6000000238
4215  -12.717  -85.144  -15.163 0.6999999881
4692  -14.059  -83.936  -12.521 0.6999999881
4197  -13.313  -84.987  -14.117 0.6999999881
5209  -15.150  -83.399  -13.428 0.6999999881
4738  -14.278  -84.093  -15.104 0.6999999881
4216  -13.412  -84.526  -15.319 0.6999999881
7500  -11.818  -79.059  -16.612 0.5000000000
7485  -12.406  -79.100  -15.666 0.6000000238
8123  -12.686  -77.583  -15.911 0.6000000238
8113  -13.139  -78.272  -15.712 0.6000000238
5704  -12.155  -82.953  -13.691 0.5000000000
4227  -12.166  -85.157  -15.965 0.5000000000
4226  -11.661  -85.292  -16.771 0.5000000000
4779  -11.820  -83.797  -17.992 0.6999999881
4762  -12.559  -84.014  -16.951 0.6999999881
5246  -12.546  -83.553  -17.618 0.6999999881
5199  -12.250  -83.586  -12.747 0.6000000238
5705  -12.900  -82.926  -13.144 0.6999999881
5230  -13.378  -83.606  -16.969 0.6999999881
129642  -14.462  -82.695  -12.862 0.6999999881
5200  -15.363  -82.687  -13.342 0.6999999881
117849  -14.077  -83.070  -17.440 0.6999999881
5724  -16.401  -82.579  -14.682 0.6999999881
5219  -15.708  -83.292  -14.923 0.6999999881
126317  -14.535  -83.730  -15.763 0.6999999881
5748  -15.668  -82.643  -17.617 0.6999999881
112776  -16.729  -82.414  -15.583 0.6999999881
6329  -17.309  -81.881  -16.842 0.6999999881
5738  -16.511  -82.510  -16.618 0.6999999881
6342  -17.270  -81.660  -17.596 0.6999999881
8140  -11.581  -78.165  -17.211 0.5000000000
9557  -12.525  -76.300  -16.728 0.6000000238
9594  -13.019  -76.142  -18.100 0.6000000238
9558  -13.069  -76.479  -16.539 0.6000000238
114917  -13.523  -77.441  -17.960 0.6000000238
6893  -13.071  -79.795  -15.140 0.6000000238
8854  -13.540  -77.385  -16.958 0.6000000238
122673  -13.068  -80.899  -14.889 0.6000000238
5271  -11.908  -83.049  -18.789 0.6999999881
6301  -12.795  -81.800  -14.502 0.6999999881
108876  -12.946  -82.935  -18.193 0.6999999881
5785  -12.163  -82.329  -19.913 0.6999999881
109743  -12.806  -81.511  -20.862 0.6999999881
6315  -14.054  -81.202  -14.925 0.6999999881
5777  -12.814  -82.366  -19.422 0.6999999881
6391  -13.273  -80.995  -21.366 0.6999999881
111069  -13.924  -81.771  -14.156 0.6999999881
6883  -14.727  -80.894  -15.211 0.6999999881
123132  -13.331  -83.139  -17.657 0.6999999881
5262  -13.814  -82.768  -18.152 0.6999999881
5778  -13.811  -82.035  -19.697 0.6999999881
6380  -13.596  -81.530  -20.566 0.6999999881
6293  -15.410  -81.796  -13.569 0.6999999881
6896  -16.618  -80.474  -14.832 0.6999999881
5263  -14.692  -82.703  -17.965 0.6999999881
6381  -14.444  -81.440  -20.336 0.6999999881
6317  -17.523  -81.135  -15.070 0.6999999881
109501  -15.248  -82.381  -18.360 0.6999999881
5763  -14.474  -82.347  -18.820 0.6999999881
6330  -17.842  -81.292  -16.092 0.6999999881
5749  -16.636  -82.160  -17.622 0.6999999881
6369  -15.642  -81.428  -19.460 0.6999999881
6343  -17.865  -81.264  -17.037 0.6999999881
6370  -16.362  -81.109  -19.181 0.6999999881
6932  -17.826  -80.241  -18.270 0.6999999881
8853  -11.674  -76.262  -17.263 0.5000000000
10281  -12.148  -75.317  -17.940 0.6000000238
114041  -12.310  -75.343  -18.586 0.6000000238
112965  -11.739  -74.912  -18.684 0.5000000000
9622  -11.603  -75.716  -21.216 0.6000000238
8871  -10.692  -76.597  -18.039 0.5000000000
9593  -11.356  -75.579  -17.853 0.5000000000
8872  -12.589  -76.386  -19.419 0.6000000238
115479  -11.741  -75.828  -21.854 0.6000000238
8905  -13.039  -77.944  -20.228 0.6000000238
9633  -12.208  -76.527  -21.501 0.6000000238
7501  -13.511  -78.972  -16.002 0.6000000238
7488  -13.714  -79.916  -15.904 0.6999999881
8141  -13.895  -79.105  -17.804 0.6999999881
6908  -14.533  -80.397  -15.978 0.6999999881
7517  -14.437  -79.476  -17.352 0.6999999881
6959  -13.299  -80.370  -22.008 0.6999999881
112817  -16.226  -79.472  -16.043 0.6999999881
7503  -15.198  -79.537  -16.911 0.6999999881
6960  -14.170  -80.400  -21.558 0.6999999881
127094  -13.476  -79.371  -22.910 0.6999999881
8125  -16.129  -78.764  -16.710 0.6999999881
6951  -14.773  -80.748  -20.842 0.6999999881
7559  -13.781  -79.776  -22.305 0.6999999881
7572  -12.819  -79.186  -23.431 0.6999999881
8127  -17.883  -78.525  -16.312 0.6000000238
7560  -14.644  -79.486  -21.930 0.6999999881
7573  -14.264  -79.201  -22.733 0.6999999881
7583  -13.688  -78.907  -23.476 0.6999999881
8209  -12.874  -78.536  -24.214 0.6999999881
6910  -17.997  -80.424  -15.571 0.6999999881
6940  -15.927  -80.653  -19.863 0.6999999881
7552  -15.907  -79.307  -20.815 0.6000000238
118885  -15.844  -78.883  -21.921 0.6999999881
7574  -15.182  -78.926  -22.413 0.6999999881
7519  -18.324  -79.584  -17.712 0.6000000238
6931  -17.122  -80.763  -18.792 0.6999999881
6941  -16.655  -80.277  -19.528 0.6999999881
6953  -16.227  -79.771  -20.195 0.6000000238
7562  -16.275  -79.004  -21.313 0.6000000238
7531  -18.004  -79.426  -18.662 0.6000000238
6942  -17.384  -79.933  -19.135 0.6000000238
7544  -16.974  -79.547  -19.867 0.6000000238
7563  -17.159  -79.178  -20.976 0.5000000000
7576  -16.904  -79.276  -21.770 0.5000000000
7545  -17.689  -79.317  -19.510 0.6000000238
7555  -18.172  -78.986  -20.169 0.5000000000
7554  -17.411  -79.249  -20.234 0.5000000000
129548  -11.191  -74.881  -20.430 0.6000000238
11028  -9.883  -74.286  -19.725 0.6000000238
11045  -11.051  -74.720  -22.047 0.5000000000
12571  -10.850  -73.044  -21.625 0.6999999881
10296  -11.026  -74.901  -18.463 0.5000000000
109893  -9.336  -74.709  -18.891 0.6000000238
11035  -9.213  -73.954  -20.343 0.6000000238
9591  -9.631  -75.924  -18.262 0.6000000238
10295  -9.808  -75.248  -18.632 0.6000000238
11771  -11.653  -74.597  -22.379 0.4000000060
10294  -9.206  -75.356  -18.286 0.6000000238
10326  -12.319  -75.843  -22.174 0.5000000000
9634  -12.830  -76.706  -21.588 0.6000000238
8906  -13.650  -77.839  -20.078 0.6000000238
8158  -14.451  -78.646  -18.053 0.6999999881
8892  -14.197  -77.753  -19.566 0.6000000238
8159  -15.560  -78.308  -17.503 0.6999999881
8833  -17.539  -77.710  -16.684 0.6000000238
128776  -16.892  -76.627  -17.612 0.6000000238
7505  -18.308  -79.139  -16.396 0.6000000238
7575  -15.903  -78.894  -22.559 0.6000000238
7585  -15.362  -78.832  -23.276 0.6000000238
8211  -14.770  -78.634  -24.127 0.6999999881
8210  -13.908  -78.427  -24.178 0.6999999881
8225  -13.375  -78.158  -24.832 0.6999999881
7520  -18.505  -78.939  -17.168 0.6000000238
115775  -16.634  -79.333  -22.632 0.6000000238
8235  -13.001  -78.446  -25.490 0.6999999881
107964  -18.235  -78.794  -19.133 0.6000000238
6962  -17.832  -79.920  -21.560 0.4000000060
126901  -18.053  -80.280  -23.126 0.4000000060
7587  -17.254  -79.823  -23.583 0.5000000000
7586  -16.198  -79.169  -23.575 0.6000000238
8227  -15.185  -78.625  -24.997 0.6000000238
8236  -14.507  -78.335  -25.788 0.6000000238
7565  -19.043  -79.867  -20.834 0.5000000000
7564  -18.104  -79.592  -20.811 0.5000000000
7597  -17.514  -79.638  -24.649 0.4000000060
7596  -16.746  -79.437  -24.424 0.6000000238
12553  -9.315  -72.756  -20.963 0.6000000238
116241  -9.982  -73.333  -21.273 0.6000000238
12556  -12.244  -71.992  -21.184 0.6000000238
11021  -8.300  -74.109  -19.076 0.6000000238
11746  -8.331  -73.740  -19.771 0.5000000000
127122  -8.101  -72.371  -19.241 0.6000000238
12514  -8.088  -72.463  -17.912 0.6000000238
12572  -11.843  -72.758  -21.859 0.6000000238
10280  -9.309  -75.678  -17.751 0.6999999881
11728  -8.429  -74.044  -17.550 0.6000000238
12500  -9.027  -72.764  -16.524 0.6000000238
11055  -13.090  -74.203  -23.088 0.5000000000
127263  -12.765  -72.895  -22.331 0.6000000238
9556  -9.662  -76.405  -17.137 0.6000000238
11716  -9.022  -73.668  -16.702 0.6999999881
10342  -13.718  -75.089  -22.848 0.5000000000
10997  -9.765  -74.982  -16.271 0.6999999881
9635  -13.790  -76.255  -21.510 0.6000000238
10254  -10.263  -75.360  -15.583 0.6000000238
8893  -14.807  -77.555  -18.941 0.6000000238
9609  -14.303  -76.989  -20.107 0.6000000238
10303  -15.912  -75.638  -19.733 0.6000000238
9611  -16.267  -75.943  -18.928 0.6000000238
9575  -17.484  -76.618  -17.657 0.6000000238
9598  -18.581  -76.737  -18.712 0.6000000238
8915  -19.309  -78.039  -21.186 0.6000000238
8160  -18.602  -78.113  -18.715 0.6000000238
114893  -19.820  -78.764  -20.944 0.6000000238
7556  -19.059  -78.950  -20.628 0.6000000238
7607  -16.734  -78.993  -25.376 0.6000000238
8238  -15.852  -78.585  -25.495 0.6000000238
8237  -15.290  -78.211  -25.938 0.6000000238
8192  -19.855  -79.643  -20.931 0.5000000000
6964  -19.965  -80.244  -21.434 0.5000000000
6963  -18.871  -80.274  -21.418 0.5000000000
107215  -15.938  -78.226  -27.234 0.6000000238
7609  -18.498  -79.027  -25.381 0.4000000060
8239  -17.147  -78.209  -26.164 0.6000000238
116238  -16.233  -78.114  -26.232 0.6000000238
13343  -9.980  -70.929  -20.231 0.6000000238
14157  -9.780  -69.970  -18.939 0.5000000000
13344  -10.982  -70.884  -19.814 0.6000000238
13334  -11.586  -71.045  -18.635 0.5000000000
12539  -8.751  -72.314  -20.378 0.6000000238
14137  -8.645  -69.680  -17.966 0.6000000238
13355  -10.591  -71.396  -20.825 0.5000000000
13345  -11.938  -71.440  -19.494 0.5000000000
13357  -12.380  -71.756  -20.176 0.5000000000
13322  -8.292  -71.388  -17.672 0.5000000000
13333  -8.674  -70.948  -19.276 0.6000000238
13309  -8.601  -71.184  -16.625 0.5000000000
111291  -13.020  -72.308  -21.476 0.6000000238
10979  -10.345  -74.555  -15.599 0.6999999881
11695  -9.697  -73.231  -16.026 0.6000000238
11696  -10.429  -73.695  -15.588 0.6000000238
10343  -14.397  -74.704  -23.157 0.5000000000
107110  -10.602  -75.861  -14.811 0.5000000000
127223  -10.747  -75.053  -15.111 0.6999999881
10313  -14.877  -75.510  -21.196 0.5000000000
10315  -16.542  -75.277  -20.415 0.5000000000
10297  -17.110  -75.760  -18.790 0.6000000238
9636  -18.567  -76.788  -21.983 0.6000000238
9627  -18.558  -76.644  -20.675 0.5000000000
9637  -19.093  -77.260  -21.994 0.6000000238
110601  -18.895  -77.428  -21.457 0.6000000238
7566  -20.678  -79.813  -21.201 0.5000000000
8241  -19.087  -78.358  -25.630 0.5000000000
8240  -18.074  -78.219  -25.965 0.5000000000
8955  -17.157  -77.535  -26.970 0.6000000238
8261  -16.781  -78.018  -27.359 0.6000000238
14968  -9.298  -69.257  -18.187 0.6000000238
14158  -10.735  -70.415  -18.791 0.6000000238
14950  -8.851  -68.909  -17.468 0.6000000238
12526  -12.773  -72.118  -19.084 0.5000000000
14936  -8.600  -69.528  -17.089 0.6000000238
13294  -8.930  -70.787  -15.931 0.6999999881
12557  -13.829  -72.386  -20.925 0.6000000238
12478  -10.308  -72.753  -15.488 0.6000000238
12477  -9.550  -72.335  -15.885 0.6000000238
12573  -13.785  -72.454  -22.067 0.6000000238
10967  -11.097  -74.313  -15.080 0.6000000238
11685  -11.046  -73.253  -15.121 0.6000000238
11068  -13.962  -73.680  -23.586 0.5000000000
126898  -15.853  -75.000  -21.328 0.5000000000
9524  -10.945  -76.952  -13.495 0.5000000000
10246  -11.239  -75.320  -14.523 0.6000000238
109054  -17.277  -75.497  -19.985 0.5000000000
9643  -18.851  -76.454  -22.603 0.6000000238
10317  -18.031  -75.928  -21.319 0.5000000000
9645  -20.035  -76.960  -22.048 0.5000000000
8916  -19.760  -77.714  -21.585 0.5000000000
8956  -18.360  -76.738  -26.883 0.6000000238
110953  -17.748  -77.115  -27.001 0.6000000238
110574  -9.645  -67.852  -17.371 0.6000000238
126020  -10.811  -69.218  -17.822 0.5000000000
14138  -12.262  -70.541  -17.491 0.5000000000
15744  -9.756  -67.456  -16.796 0.6999999881
13324  -12.200  -71.291  -17.899 0.5000000000
14107  -9.885  -70.063  -15.291 0.6999999881
14924  -9.237  -69.281  -15.847 0.6000000238
12516  -13.384  -72.166  -17.550 0.5000000000
112851  -10.224  -70.971  -15.210 0.6000000238
12541  -13.691  -72.591  -19.168 0.5000000000
109390  -14.702  -72.619  -20.388 0.6000000238
108542  -12.195  -73.043  -14.570 0.6999999881
12574  -14.600  -72.405  -22.096 0.6000000238
11686  -11.835  -73.734  -14.775 0.6000000238
12606  -14.930  -72.767  -23.772 0.6000000238
10233  -12.697  -76.154  -13.743 0.6999999881
10952  -12.098  -75.302  -14.241 0.6999999881
11057  -15.265  -74.392  -23.514 0.5000000000
11070  -15.584  -73.648  -24.178 0.5000000000
10232  -11.592  -76.247  -13.792 0.6000000238
11047  -16.879  -74.888  -22.748 0.5000000000
9526  -12.257  -76.962  -13.105 0.5000000000
10344  -17.757  -75.269  -23.036 0.6000000238
10330  -16.680  -75.042  -21.534 0.5000000000
8786  -10.986  -77.825  -11.502 0.6000000238
10331  -17.440  -75.392  -21.929 0.5000000000
9644  -19.476  -76.731  -22.379 0.6000000238
8918  -21.224  -77.042  -20.728 0.5000000000
15758  -10.054  -66.984  -17.423 0.6999999881
15760  -11.524  -68.185  -17.961 0.5000000000
14953  -11.698  -69.410  -17.644 0.5000000000
15736  -11.033  -67.855  -15.602 0.8000000119
15745  -10.336  -67.037  -16.379 0.6999999881
14139  -13.183  -70.671  -17.135 0.5000000000
108543  -13.888  -71.583  -16.986 0.5000000000
14091  -11.669  -70.301  -14.872 0.6999999881
14911  -11.492  -69.435  -14.984 0.6999999881
15735  -10.100  -67.970  -15.860 0.8000000119
14090  -10.848  -70.652  -15.006 0.6999999881
113500  -14.222  -72.618  -17.440 0.5000000000
11688  -12.851  -72.795  -14.360 0.6999999881
13282  -11.743  -71.367  -14.693 0.6999999881
12542  -14.509  -72.871  -19.304 0.6000000238
12528  -14.292  -72.965  -18.371 0.5000000000
10954  -13.758  -74.661  -13.821 0.6000000238
11687  -12.623  -73.653  -14.433 0.6000000238
12576  -16.329  -72.348  -22.581 0.6000000238
10234  -13.708  -75.984  -13.655 0.6999999881
115469  -12.969  -75.150  -14.085 0.6999999881
11071  -16.754  -73.846  -24.218 0.6000000238
12607  -16.477  -72.721  -24.102 0.6000000238
10219  -13.413  -76.967  -13.026 0.6000000238
11072  -17.704  -74.057  -24.209 0.6000000238
10345  -18.592  -75.568  -23.133 0.6000000238
8778  -11.534  -77.430  -10.755 0.6000000238
10346  -19.327  -75.823  -23.008 0.6000000238
9638  -20.577  -76.470  -21.642 0.5000000000
16630  -11.666  -66.282  -16.707 0.6000000238
17520  -11.321  -65.950  -17.502 0.5000000000
15772  -11.825  -67.093  -18.237 0.5000000000
14140  -14.059  -70.413  -16.980 0.5000000000
14927  -11.789  -68.741  -15.133 0.8000000119
13310  -14.939  -70.980  -16.749 0.5000000000
14092  -12.725  -70.863  -14.633 0.6999999881
12543  -15.381  -72.914  -19.511 0.6000000238
129537  -11.975  -74.322  -8.657 0.6000000238
12456  -13.714  -72.912  -14.113 0.8000000119
10894  -12.629  -74.529  -8.529 0.6000000238
10934  -14.610  -75.596  -13.288 0.6999999881
108156  -14.478  -74.476  -13.510 0.8000000119
115608  -15.997  -72.429  -21.507 0.6000000238
10914  -11.831  -74.331  -10.378 0.6000000238
10220  -14.269  -76.577  -13.034 0.6000000238
12608  -17.412  -72.682  -24.001 0.6000000238
12610  -19.233  -73.063  -23.395 0.6000000238
10201  -12.781  -75.979  -10.443 0.6000000238
9507  -12.729  -77.315  -11.292 0.6000000238
128982  -13.411  -77.301  -12.120 0.6000000238
11060  -19.147  -74.652  -23.519 0.6000000238
11776  -20.302  -73.828  -22.407 0.6000000238
8779  -11.947  -77.572  -11.566 0.5000000000
10333  -20.709  -75.343  -21.740 0.5000000000
123777  -21.073  -75.899  -21.095 0.5000000000
10334  -21.162  -74.979  -20.823 0.5000000000
17521  -12.084  -65.868  -17.267 0.5000000000
16660  -12.351  -66.456  -18.335 0.5000000000
15737  -12.100  -67.935  -15.488 0.6000000238
16631  -12.725  -66.520  -16.586 0.5000000000
122872  -13.289  -70.284  -14.756 0.8000000119
15724  -12.842  -68.837  -15.165 0.6999999881
14093  -13.727  -70.857  -14.591 0.8000000119
12469  -14.069  -72.207  -14.254 0.8000000119
12529  -15.122  -73.186  -18.557 0.6000000238
124463  -15.527  -71.710  -16.638 0.5000000000
10862  -12.473  -74.239  -5.962 0.6000000238
12457  -14.613  -72.950  -13.813 0.8000000119
11729  -15.751  -73.356  -17.904 0.5000000000
10880  -13.902  -74.392  -7.200 0.6999999881
10893  -11.939  -74.546  -7.773 0.6000000238
10955  -15.116  -74.738  -13.133 0.8000000119
119911  -16.913  -72.434  -21.589 0.6000000238
12544  -16.303  -72.846  -19.677 0.6000000238
12530  -15.969  -73.180  -18.780 0.6000000238
10895  -13.679  -74.662  -8.337 0.6000000238
12577  -18.235  -72.549  -22.351 0.6000000238
117780  -17.310  -72.408  -22.497 0.6000000238
12545  -17.236  -72.793  -19.851 0.6000000238
10915  -13.182  -75.174  -10.100 0.6000000238
9509  -14.584  -76.702  -11.600 0.6000000238
10221  -14.984  -76.447  -12.375 0.5000000000
11765  -19.952  -73.224  -22.218 0.6000000238
9501  -13.236  -76.708  -10.809 0.6000000238
11048  -20.703  -74.377  -21.606 0.6000000238
11758  -20.547  -73.772  -21.376 0.6000000238
11038  -21.258  -74.649  -20.190 0.5000000000
9613  -21.758  -75.890  -19.569 0.5000000000
108526  -21.700  -76.662  -20.065 0.5000000000
8896  -22.537  -77.396  -18.790 0.5000000000
16621  -13.480  -67.367  -15.894 0.6000000238
14914  -14.506  -69.746  -14.834 0.6999999881
12371  -12.103  -72.572  -5.421 0.6000000238
11588  -12.058  -74.050  -5.422 0.6000000238
12470  -14.927  -72.096  -14.195 0.8000000119
12503  -16.616  -72.543  -16.576 0.5000000000
11601  -13.192  -73.950  -6.171 0.6000000238
12458  -15.507  -72.742  -13.777 0.8000000119
11718  -16.983  -73.099  -16.763 0.5000000000
10870  -13.193  -74.318  -6.579 0.6999999881
10935  -15.833  -74.927  -12.572 0.8000000119
12531  -16.843  -73.126  -18.935 0.6000000238
11731  -17.447  -73.410  -17.242 0.6000000238
10896  -14.608  -74.555  -7.843 0.8000000119
10222  -15.804  -75.849  -11.982 0.6999999881
12561  -18.498  -72.709  -21.315 0.6000000238
11747  -17.871  -73.174  -19.063 0.6000000238
114025  -14.476  -74.822  -8.775 0.6999999881
10193  -14.131  -75.702  -10.142 0.6999999881
10211  -15.416  -76.277  -11.299 0.6000000238
11756  -19.200  -73.151  -20.585 0.6000000238
112308  -18.810  -73.497  -18.843 0.6000000238
120954  -13.536  -76.066  -10.459 0.6000000238
11749  -19.467  -73.553  -19.699 0.5000000000
11030  -21.179  -74.590  -19.728 0.5000000000
15726  -14.839  -68.814  -15.089 0.6000000238
16622  -14.492  -67.443  -15.849 0.5000000000
13975  -11.289  -70.835  -5.392 0.6000000238
14915  -15.519  -69.566  -14.796 0.6999999881
13170  -11.475  -71.871  -4.958 0.6000000238
14094  -14.517  -70.670  -14.608 0.6999999881
119843  -15.698  -70.850  -14.516 0.6000000238
12372  -12.799  -72.713  -5.989 0.6000000238
13185  -11.817  -71.359  -5.916 0.6000000238
13273  -15.813  -72.012  -14.162 0.6000000238
12459  -16.420  -72.706  -13.717 0.6999999881
10871  -14.006  -73.946  -6.705 0.8000000119
115509  -16.088  -73.446  -13.394 0.6999999881
11678  -17.044  -73.417  -13.186 0.6000000238
10881  -14.609  -74.184  -7.241 0.8000000119
10924  -16.616  -75.155  -11.847 0.8000000119
10936  -17.500  -74.532  -11.875 0.6999999881
10909  -15.327  -74.880  -8.577 0.6999999881
10195  -15.742  -75.560  -9.537 0.6999999881
10196  -16.589  -75.450  -9.596 0.6000000238
10925  -17.345  -75.108  -10.920 0.8000000119
14808  -10.492  -69.674  -5.098 0.6000000238
13991  -11.464  -70.327  -6.445 0.6000000238
13186  -12.419  -71.784  -6.347 0.6999999881
11679  -18.175  -73.315  -12.839 0.6000000238
12384  -13.074  -72.184  -6.700 0.6999999881
12385  -13.732  -72.542  -6.851 0.6999999881
10937  -18.330  -73.952  -11.967 0.6999999881
10918  -18.594  -74.059  -10.663 0.6000000238
12386  -14.306  -73.199  -6.823 0.8000000119
12398  -15.701  -73.008  -7.696 0.6000000238
11622  -15.888  -73.868  -7.747 0.5000000000
10917  -18.097  -74.559  -10.283 0.6999999881
11639  -18.463  -73.837  -10.038 0.6999999881
12420  -19.185  -73.090  -10.891 0.6000000238
10882  -15.290  -74.306  -7.662 0.8000000119
11631  -17.033  -74.064  -8.697 0.6000000238
10911  -17.012  -74.796  -8.967 0.6000000238
15618  -9.731  -68.484  -5.476 0.6000000238
15619  -10.329  -69.105  -5.915 0.6000000238
14822  -11.341  -69.725  -7.131 0.6999999881
14821  -10.893  -69.496  -6.615 0.6000000238
13200  -12.034  -70.952  -6.728 0.6999999881
13201  -12.616  -71.159  -7.315 0.6999999881
13202  -13.441  -71.761  -7.470 0.6999999881
13212  -13.988  -71.575  -8.322 0.6000000238
11660  -18.884  -73.364  -12.037 0.6000000238
12397  -14.878  -72.326  -7.878 0.6000000238
12406  -16.215  -72.743  -8.618 0.6000000238
12429  -19.661  -72.323  -11.982 0.5000000000
121418  -18.319  -72.677  -9.997 0.6000000238
13236  -18.874  -72.494  -10.551 0.5000000000
13251  -18.667  -71.460  -10.762 0.5000000000
13234  -16.597  -71.795  -10.203 0.6000000238
118345  -17.469  -71.161  -10.651 0.5000000000
16519  -8.506  -67.571  -6.493 0.6000000238
15632  -9.832  -68.413  -6.436 0.6000000238
14837  -10.949  -69.182  -7.379 0.6999999881
15645  -9.931  -68.290  -7.330 0.6999999881
114089  -11.068  -69.000  -8.030 0.6999999881
14009  -11.910  -70.235  -7.403 0.6999999881
14010  -12.480  -70.351  -8.135 0.6000000238
13211  -13.125  -70.980  -8.216 0.5000000000
13220  -13.350  -70.863  -9.207 0.6999999881
128482  -13.070  -70.654  -9.865 0.6000000238
13213  -14.648  -71.846  -8.735 0.6000000238
13222  -14.895  -71.775  -9.484 0.6000000238
13232  -14.368  -71.154  -10.190 0.6000000238
12417  -16.419  -72.359  -9.556 0.6000000238
13249  -15.983  -71.127  -10.477 0.5000000000
14062  -15.652  -70.380  -10.634 0.5000000000
14891  -16.950  -69.827  -10.783 0.5000000000
18363  -6.625  -65.003  -7.143 0.6999999881
19301  -7.023  -64.464  -7.816 0.6999999881
16536  -8.541  -67.586  -7.409 0.6000000238
17430  -7.086  -66.270  -8.538 0.6999999881
129667  -7.332  -64.440  -8.504 0.6999999881
20207  -8.250  -63.592  -8.714 0.6999999881
20214  -8.506  -63.623  -9.575 0.6000000238
16520  -9.252  -67.957  -6.905 0.6999999881
16547  -7.770  -67.136  -8.075 0.6999999881
19320  -7.700  -64.313  -9.645 0.6999999881
16537  -9.297  -67.926  -7.785 0.6999999881
129289  -8.609  -67.625  -8.164 0.6999999881
18376  -7.355  -65.176  -9.841 0.6999999881
14852  -11.475  -69.297  -8.640 0.6999999881
14865  -11.614  -69.543  -9.676 0.6000000238
14035  -12.731  -70.415  -9.560 0.6000000238
118466  -12.651  -70.127  -11.068 0.6000000238
108184  -12.924  -69.361  -11.684 0.6000000238
13221  -14.096  -71.368  -9.435 0.6000000238
14046  -13.762  -70.599  -10.563 0.6000000238
14059  -13.012  -69.960  -11.339 0.6000000238
14061  -14.266  -70.482  -10.622 0.5000000000
14888  -13.698  -69.459  -11.240 0.6000000238
15701  -14.295  -68.579  -11.012 0.6000000238
13248  -15.051  -70.855  -10.449 0.5000000000
108739  -14.843  -70.127  -10.679 0.5000000000
15702  -15.185  -68.749  -10.810 0.5000000000
20174  -7.515  -63.463  -7.255 0.6999999881
20193  -7.736  -63.779  -8.152 0.6999999881
116321  -8.944  -63.642  -8.943 0.6000000238
20208  -9.912  -64.094  -8.892 0.6000000238
20216  -10.231  -63.867  -9.677 0.6000000238
121642  -9.895  -62.978  -10.875 0.4000000060
19326  -7.667  -64.681  -10.406 0.6000000238
19321  -8.116  -63.796  -10.227 0.5000000000
20224  -8.792  -63.336  -10.309 0.5000000000
21163  -9.761  -62.707  -11.532 0.4000000060
126409  -10.896  -62.413  -11.668 0.5000000000
15646  -10.534  -68.654  -7.755 0.6999999881
16549  -9.179  -67.911  -8.774 0.8000000119
122457  -7.838  -66.777  -10.329 0.6999999881
18401  -7.694  -65.141  -11.060 0.5000000000
115915  -8.189  -64.212  -12.051 0.4000000060
20254  -9.065  -63.058  -12.708 0.4000000060
21191  -10.328  -62.333  -12.748 0.4000000060
21209  -10.483  -62.531  -13.404 0.4000000060
15670  -10.004  -68.315  -9.167 0.8000000119
16562  -9.309  -68.175  -9.767 0.8000000119
16577  -8.258  -67.501  -10.375 0.8000000119
129551  -8.108  -67.298  -11.020 0.8000000119
17458  -7.939  -66.439  -12.194 0.6000000238
126751  -8.118  -64.857  -12.754 0.5000000000
20269  -8.735  -63.625  -13.046 0.4000000060
21190  -9.769  -62.859  -13.043 0.4000000060
15656  -10.696  -68.714  -8.676 0.6999999881
111188  -11.079  -69.076  -9.371 0.8000000119
15685  -10.272  -69.056  -10.897 0.6999999881
14885  -10.697  -69.264  -12.043 0.5000000000
18424  -8.379  -64.991  -13.673 0.5000000000
20285  -9.630  -63.901  -14.271 0.4000000060
21224  -10.750  -62.792  -14.057 0.4000000060
14874  -11.590  -69.794  -10.869 0.6000000238
14887  -12.183  -69.767  -11.649 0.5000000000
15698  -11.568  -69.199  -12.190 0.5000000000
16592  -12.592  -67.763  -11.766 0.6000000238
15700  -13.349  -68.409  -11.466 0.6000000238
16593  -13.370  -67.295  -11.188 0.6000000238
20194  -8.174  -63.205  -7.790 0.6000000238
20195  -8.777  -63.290  -7.233 0.5000000000
19313  -9.887  -64.136  -8.099 0.5000000000
19314  -10.756  -64.720  -8.210 0.4000000060
19322  -10.984  -64.535  -9.007 0.5000000000
20226  -10.497  -63.391  -10.420 0.5000000000
21164  -10.611  -62.785  -11.201 0.5000000000
21165  -11.444  -62.639  -11.373 0.5000000000
22046  -11.858  -61.628  -12.430 0.5000000000
22059  -13.166  -61.221  -12.689 0.5000000000
22057  -11.370  -61.639  -12.882 0.5000000000
22960  -13.409  -60.684  -13.336 0.5000000000
16590  -8.504  -67.979  -11.227 0.6999999881
16589  -8.118  -67.375  -11.807 0.6000000238
16601  -9.059  -67.625  -12.946 0.5000000000
17468  -8.320  -66.518  -13.070 0.5000000000
22073  -11.537  -61.624  -13.503 0.5000000000
23004  -12.896  -60.629  -14.163 0.5000000000
119467  -9.886  -68.591  -10.027 0.8000000119
15684  -9.327  -68.515  -10.858 0.6999999881
15697  -9.766  -68.858  -11.863 0.6000000238
17481  -9.143  -66.305  -14.030 0.5000000000
19381  -9.540  -64.786  -14.421 0.4000000060
19382  -10.341  -64.225  -14.403 0.5000000000
21225  -11.490  -62.427  -14.348 0.4000000060
22085  -12.447  -61.306  -14.588 0.5000000000
15711  -11.037  -68.734  -12.436 0.5000000000
125353  -10.966  -67.785  -12.587 0.5000000000
16607  -9.528  -67.003  -13.384 0.6000000238
18426  -10.576  -65.547  -14.018 0.5000000000
18434  -10.909  -64.741  -14.256 0.5000000000
19383  -11.223  -63.845  -14.349 0.5000000000
15712  -11.752  -68.352  -12.316 0.5000000000
17470  -11.416  -66.676  -12.461 0.5000000000
17482  -11.022  -66.122  -13.253 0.5000000000
18427  -11.558  -65.234  -13.591 0.5000000000
17459  -12.742  -66.856  -11.485 0.6000000238
17472  -13.147  -66.148  -11.817 0.6000000238
20176  -9.583  -63.747  -6.433 0.5000000000
19283  -10.529  -64.503  -6.459 0.5000000000
19303  -10.601  -64.669  -7.384 0.5000000000
19315  -11.781  -65.051  -8.202 0.4000000060
19323  -11.939  -64.639  -9.135 0.4000000060
20162  -10.495  -64.218  -5.338 0.5000000000
110562  -11.362  -65.067  -6.683 0.4000000060
20218  -12.224  -64.079  -9.854 0.5000000000
20227  -11.548  -63.360  -10.593 0.6000000238
21166  -13.081  -62.980  -10.893 0.5000000000
22047  -12.809  -61.736  -12.160 0.5000000000
22048  -13.794  -61.750  -11.986 0.4000000060
22961  -14.348  -60.617  -13.225 0.4000000060
22962  -15.361  -60.673  -13.069 0.4000000060
18344  -12.454  -65.050  -6.576 0.4000000060
121506  -12.743  -64.935  -7.710 0.4000000060
19316  -12.582  -64.791  -8.507 0.4000000060
19324  -12.870  -64.418  -9.139 0.5000000000
20228  -12.648  -63.532  -10.390 0.5000000000
21167  -14.156  -62.913  -10.615 0.5000000000
20219  -13.755  -64.084  -9.099 0.4000000060
20220  -14.426  -63.659  -9.154 0.4000000060
20230  -14.785  -63.237  -9.682 0.5000000000
21180  -14.538  -62.309  -11.192 0.4000000060
22049  -14.806  -61.731  -11.826 0.4000000060
22061  -15.057  -61.234  -12.475 0.4000000060
22963  -16.428  -60.686  -12.839 0.4000000060
20177  -13.158  -63.913  -6.382 0.4000000060
19286  -13.224  -64.390  -6.731 0.4000000060
19317  -13.492  -64.422  -8.230 0.4000000060
21138  -13.158  -62.766  -7.098 0.4000000060
21139  -13.991  -63.186  -7.352 0.4000000060
20209  -14.318  -63.779  -8.416 0.4000000060
118967  -15.042  -63.199  -8.723 0.4000000060
21157  -15.549  -62.746  -9.381 0.5000000000
21181  -15.739  -62.193  -10.916 0.5000000000
22062  -16.104  -61.272  -12.190 0.4000000060
21158  -16.088  -62.229  -9.221 0.4000000060
22040  -17.127  -61.525  -10.178 0.4000000060
118492  -18.055  -60.839  -11.400 0.4000000060
22946  -17.189  -61.176  -11.779 0.4000000060
22964  -17.574  -60.569  -12.570 0.4000000060
21996  -12.102  -62.353  -6.933 0.4000000060
22015  -12.666  -62.042  -7.735 0.3000000119
22030  -15.066  -61.957  -8.166 0.3000000119
21154  -15.625  -62.370  -8.656 0.4000000060
22934  -13.772  -60.387  -9.241 0.4000000060
22928  -14.254  -61.217  -8.504 0.3000000119
22936  -15.719  -61.129  -8.855 0.4000000060
23884  -16.966  -59.726  -10.033 0.5000000000
22941  -17.571  -60.860  -10.076 0.4000000060
22942  -18.069  -60.588  -10.650 0.4000000060
23893  -19.083  -59.873  -11.406 0.4000000060
23941  -19.938  -59.225  -13.085 0.3000000119
24813  -17.206  -59.157  -10.471 0.5000000000
24828  -17.488  -58.462  -10.897 0.5000000000
24829  -18.876  -59.203  -10.933 0.4000000060
23894  -19.548  -59.146  -11.422 0.4000000060
24846  -20.145  -58.986  -11.965 0.3000000119
22028  -12.316  -61.329  -8.366 0.4000000060
23874  -13.469  -59.654  -9.970 0.4000000060
23875  -14.540  -59.946  -9.640 0.4000000060
23883  -15.276  -59.536  -10.036 0.5000000000
23877  -16.325  -60.017  -9.744 0.5000000000
23882  -14.229  -59.222  -10.304 0.4000000060
24812  -16.060  -59.007  -10.521 0.5000000000
24827  -16.656  -58.462  -10.878 0.5000000000
25708  -17.727  -57.720  -11.351 0.4000000060
25710  -19.670  -57.933  -11.417 0.4000000060
24830  -20.367  -58.210  -11.731 0.3000000119
25730  -17.091  -57.057  -11.750 0.3000000119
26572  -18.010  -56.892  -11.808 0.3000000119
22933  -12.500  -60.079  -9.624 0.4000000060
24825  -14.450  -58.017  -11.171 0.3000000119
116689  -15.066  -57.612  -11.406 0.4000000060
26594  -19.860  -56.391  -11.910 0.3000000119
113499  -13.098  -58.334  -11.071 0.3000000119
25727  -14.392  -56.408  -11.946 0.3000000119
11036  -10.220  -74.247  -20.759 0.6000000238
124739  -9.317  -73.546  -20.875 0.5000000000
12418  -17.450  -72.516  -9.752 0.6000000238
118990  -17.164  -73.219  -9.006 0.6000000238
3570  -11.414  -86.265  -12.303 0.5000000000
4711  -13.002  -84.893  -12.317 0.6000000238
6300  -11.892  -81.825  -14.576 0.5000000000
4712  -13.737  -84.582  -12.923 0.6999999881
4746  -12.989  -84.200  -16.314 0.6999999881
4747  -13.811  -83.922  -16.057 0.6999999881
6304  -16.385  -81.415  -14.203 0.6999999881
5248  -15.508  -83.080  -16.688 0.6999999881
5737  -16.077  -82.967  -15.770 0.6999999881
8891  -13.520  -78.057  -19.611 0.5000000000
7504  -17.203  -78.984  -15.920 0.6999999881
6897  -17.404  -80.384  -15.124 0.6999999881
6368  -14.866  -81.800  -19.615 0.6999999881
129160  -18.438  -79.625  -16.896 0.6999999881
11044  -10.691  -74.558  -21.447 0.6000000238
6961  -14.995  -79.919  -21.242 0.6999999881
8143  -18.185  -77.830  -16.822 0.6000000238
7532  -18.481  -78.707  -18.102 0.6000000238
11014  -8.853  -74.869  -17.868 0.6999999881
8144  -18.529  -78.103  -17.432 0.6000000238
8212  -15.510  -78.864  -24.111 0.6000000238
127135  -14.773  -78.402  -25.442 0.6000000238
8183  -18.552  -78.335  -19.764 0.5000000000
7608  -17.711  -79.099  -25.452 0.5000000000
11727  -7.948  -73.430  -18.137 0.6000000238
10996  -9.130  -74.568  -16.946 0.6999999881
11774  -14.162  -73.081  -23.561 0.6000000238
9612  -18.310  -76.231  -19.430 0.5000000000
8894  -18.778  -77.470  -19.198 0.5000000000
8907  -18.822  -77.820  -20.504 0.5000000000
8250  -16.430  -77.850  -26.810 0.6000000238
8252  -17.635  -77.404  -26.687 0.6000000238
8944  -19.372  -77.286  -26.040 0.5000000000
111785  -11.414  -72.058  -14.751 0.6000000238
126654  -15.041  -72.873  -17.054 0.5000000000
10906  -12.096  -74.259  -9.488 0.6000000238
9499  -11.304  -76.879  -10.281 0.6000000238
109050  -19.764  -74.982  -22.965 0.6000000238
10907  -13.014  -74.627  -9.420 0.6000000238
122260  -15.320  -73.398  -13.537 0.8000000119
10908  -13.885  -74.948  -9.471 0.6000000238
11748  -18.710  -73.206  -19.656 0.6000000238
129055  -14.852  -76.471  -11.069 0.6000000238
11750  -20.095  -73.644  -20.536 0.6000000238
11659  -16.591  -74.222  -12.676 0.8000000119
11739  -18.081  -73.519  -17.990 0.6000000238
10212  -16.375  -75.779  -11.135 0.6000000238
10202  -15.084  -76.081  -10.436 0.6999999881
10910  -16.236  -75.018  -8.775 0.6000000238
12405  -15.369  -72.303  -8.571 0.6000000238
10912  -17.737  -74.177  -9.346 0.6999999881
12416  -15.658  -72.178  -9.324 0.6000000238
14063  -16.619  -70.617  -10.692 0.5000000000
14034  -12.221  -70.013  -10.062 0.5000000000
13233  -15.506  -71.643  -10.058 0.6000000238
14890  -15.423  -69.593  -10.739 0.5000000000
18343  -6.666  -65.997  -7.021 0.6999999881
17420  -7.071  -66.543  -7.572 0.6000000238
18374  -6.944  -65.209  -8.539 0.6999999881
16548  -8.209  -67.476  -8.849 0.8000000119
127848  -7.669  -66.211  -10.673 0.6000000238
113359  -8.911  -63.546  -8.129 0.6000000238
20225  -9.162  -62.941  -10.985 0.5000000000
19342  -7.939  -64.354  -11.142 0.5000000000
20287  -11.183  -63.140  -14.409 0.5000000000
19302  -9.706  -63.958  -7.310 0.5000000000
22982  -12.607  -60.975  -13.356 0.5000000000
125027  -9.063  -68.425  -11.765 0.6000000238
16602  -9.937  -67.771  -12.910 0.6000000238
18414  -11.867  -65.857  -12.678 0.5000000000
110848  -11.373  -64.838  -5.732 0.5000000000
21179  -13.435  -62.333  -11.423 0.5000000000
20229  -13.748  -63.571  -9.988 0.6000000238
21122  -12.752  -63.231  -6.233 0.4000000060
21123  -13.359  -63.434  -6.799 0.4000000060
20196  -14.023  -63.841  -7.626 0.4000000060
121155  -14.261  -61.927  -7.995 0.3000000119
21153  -15.117  -62.713  -8.176 0.4000000060
22039  -16.541  -62.006  -10.308 0.5000000000
22050  -16.688  -61.710  -11.101 0.4000000060
22033  -16.113  -61.718  -8.932 0.4000000060
22034  -17.044  -61.088  -9.674 0.4000000060
22965  -18.549  -60.411  -11.930 0.4000000060
23914  -18.303  -60.134  -12.968 0.4000000060
23876  -15.570  -60.374  -9.390 0.5000000000
24814  -18.095  -59.246  -10.630 0.5000000000
22940  -17.076  -60.471  -9.779 0.4000000060
23915  -19.090  -59.996  -12.404 0.4000000060
25709  -18.732  -57.776  -11.349 0.5000000000
118671  -18.417  -58.503  -10.980 0.4000000060
109269  -19.220  -58.522  -11.208 0.4000000060
24811  -14.864  -58.747  -10.649 0.5000000000
128710  -15.265  -58.268  -10.973 0.5000000000
24826  -15.891  -58.068  -11.177 0.4000000060
26573  -19.228  -57.111  -11.642 0.4000000060
25706  -15.698  -57.277  -11.616 0.4000000060
112977  -14.126  -57.185  -11.649 0.3000000119
25728  -15.252  -56.291  -12.197 0.3000000119
128059  -15.506  -56.774  -11.902 0.3000000119
5828  -14.093  -82.890  -26.241 0.5000000000
5829  -14.942  -83.029  -26.495 0.5000000000
109515  -17.068  -83.356  -25.431 0.5000000000
5330  -16.679  -83.148  -26.352 0.5000000000
5831  -18.270  -82.689  -25.938 0.5000000000
5842  -17.155  -82.719  -27.114 0.5000000000
5844  -19.123  -82.115  -26.227 0.6000000238
5838  -13.413  -82.372  -26.961 0.5000000000
5839  -14.340  -82.500  -27.136 0.5000000000
5840  -15.341  -82.512  -27.350 0.5000000000
119828  -16.935  -82.306  -27.904 0.5000000000
6431  -20.260  -81.779  -26.112 0.6000000238
5853  -18.066  -81.997  -27.900 0.6000000238
5843  -18.030  -82.444  -26.933 0.6000000238
5837  -12.458  -82.079  -26.806 0.4000000060
6967  -9.002  -80.675  -23.079 0.4000000060
6982  -9.419  -80.174  -23.801 0.4000000060
6419  -9.074  -80.948  -24.505 0.5000000000
125494  -10.059  -80.617  -25.512 0.5000000000
5815  -10.723  -82.108  -24.730 0.5000000000
6429  -10.651  -81.140  -26.026 0.5000000000
7004  -10.687  -80.335  -25.857 0.5000000000
5827  -11.953  -82.144  -26.012 0.5000000000
6438  -12.146  -81.502  -27.077 0.5000000000
6432  -21.025  -81.973  -26.125 0.6000000238
5331  -22.018  -83.555  -26.254 0.6000000238
6439  -12.974  -81.900  -27.418 0.5000000000
5849  -13.812  -82.077  -27.565 0.5000000000
7024  -13.540  -80.873  -27.717 0.5000000000
6441  -20.667  -81.674  -26.982 0.6000000238
6451  -15.236  -81.979  -27.889 0.5000000000
5852  -17.442  -81.979  -28.323 0.6000000238
128429  -18.785  -81.971  -27.258 0.6000000238
6442  -21.412  -82.297  -27.074 0.6000000238
6454  -20.128  -81.567  -28.094 0.6000000238
5855  -21.574  -82.653  -28.108 0.6000000238
5856  -22.517  -83.322  -27.883 0.6999999881
5854  -21.052  -81.851  -28.569 0.6000000238
107638  -22.030  -83.348  -28.378 0.6999999881
5793  -11.020  -82.021  -21.062 0.6000000238
6389  -11.335  -81.380  -21.529 0.6000000238
6957  -11.593  -80.804  -22.078 0.6000000238
6401  -9.621  -81.045  -22.370 0.5000000000
6968  -9.947  -80.457  -22.887 0.5000000000
7571  -11.385  -79.671  -23.415 0.6000000238
6995  -9.542  -79.938  -24.706 0.5000000000
7581  -10.257  -79.654  -24.141 0.5000000000
7595  -11.088  -79.038  -25.022 0.5000000000
7014  -11.482  -80.282  -26.278 0.5000000000
7606  -12.284  -79.028  -25.827 0.5000000000
7016  -12.990  -80.287  -27.286 0.5000000000
5835  -23.613  -83.419  -25.943 0.6999999881
5332  -22.695  -83.401  -26.453 0.6000000238
107873  -23.611  -82.581  -26.391 0.8000000119
7026  -15.160  -81.352  -28.061 0.5000000000
7031  -15.981  -81.152  -28.291 0.5000000000
6463  -17.426  -81.610  -28.707 0.6000000238
5846  -22.173  -83.361  -27.047 0.6999999881
5847  -22.976  -82.893  -27.036 0.6999999881
6453  -18.991  -81.661  -28.042 0.6000000238
113632  -23.277  -83.250  -28.550 0.6999999881
6465  -19.158  -81.447  -28.818 0.6000000238
6467  -20.984  -81.720  -29.130 0.6000000238
6474  -21.403  -81.738  -29.448 0.6999999881
109401  -23.148  -83.451  -29.063 0.6999999881
126116  -24.105  -83.243  -29.243 0.6000000238
5783  -10.621  -82.674  -20.635 0.5000000000
6379  -12.006  -81.823  -20.736 0.6000000238
6970  -11.834  -80.291  -22.608 0.6000000238
7582  -11.994  -79.016  -23.901 0.6000000238
8224  -12.543  -78.391  -24.946 0.6000000238
7615  -12.588  -79.659  -26.588 0.5000000000
8247  -13.772  -78.629  -26.112 0.6000000238
5836  -24.446  -82.510  -25.804 0.6999999881
7622  -13.830  -79.995  -27.391 0.5000000000
7623  -14.671  -79.584  -27.536 0.5000000000
5822  -24.584  -81.657  -25.972 0.5000000000
6421  -25.463  -81.410  -24.238 0.6000000238
7032  -16.772  -81.023  -28.700 0.5000000000
5848  -23.777  -81.899  -26.843 0.6000000238
7033  -17.615  -80.798  -29.006 0.5000000000
5857  -23.407  -82.667  -27.691 0.6999999881
6443  -24.227  -81.772  -27.549 0.6000000238
6472  -19.394  -81.129  -29.236 0.5000000000
5858  -24.097  -82.734  -28.528 0.6000000238
6457  -25.686  -82.108  -28.567 0.6000000238
7038  -20.462  -80.471  -29.653 0.5000000000
7039  -21.275  -80.822  -29.864 0.6000000238
112462  -24.308  -83.048  -29.818 0.5000000000
110990  -24.204  -81.236  -30.326 0.5000000000
5864  -26.818  -82.362  -29.299 0.5000000000
5775  -11.634  -82.734  -19.714 0.6000000238
5784  -11.445  -82.439  -20.324 0.6000000238
4787  -11.063  -84.056  -19.021 0.4000000060
8260  -15.015  -78.413  -27.046 0.5000000000
6420  -25.293  -81.250  -25.073 0.6000000238
7624  -15.559  -79.187  -27.728 0.5000000000
7005  -25.182  -80.911  -25.814 0.5000000000
7630  -17.791  -79.674  -28.761 0.5000000000
7018  -25.536  -80.716  -26.628 0.5000000000
111642  -25.943  -80.539  -25.669 0.5000000000
6997  -26.281  -80.575  -24.627 0.5000000000
114991  -18.464  -79.577  -28.918 0.5000000000
7027  -25.219  -81.234  -27.588 0.5000000000
6458  -26.257  -81.481  -28.026 0.5000000000
7636  -19.895  -80.053  -29.429 0.6000000238
124893  -21.322  -79.486  -29.626 0.6000000238
5863  -26.112  -82.571  -29.326 0.5000000000
6468  -26.617  -82.252  -28.717 0.6000000238
7638  -22.580  -79.788  -29.923 0.6000000238
108832  -23.931  -80.341  -30.141 0.5000000000
4761  -11.861  -84.383  -17.390 0.4000000060
8269  -17.244  -78.680  -28.145 0.5000000000
6998  -27.406  -80.537  -24.650 0.5000000000
8270  -18.123  -78.546  -28.405 0.5000000000
127093  -18.684  -78.201  -28.401 0.5000000000
7020  -27.620  -81.082  -26.931 0.5000000000
6999  -28.327  -80.971  -24.724 0.5000000000
124212  -29.076  -82.324  -24.069 0.5000000000
5811  -30.493  -83.263  -23.369 0.5000000000
6978  -32.105  -81.658  -22.533 0.5000000000
8272  -20.363  -78.341  -28.892 0.6000000238
8279  -21.227  -78.659  -29.223 0.6000000238
6459  -27.783  -81.844  -27.607 0.5000000000
108217  -23.065  -78.916  -29.688 0.6000000238
109377  -29.154  -81.986  -28.013 0.5000000000
7639  -24.006  -78.870  -29.939 0.5000000000
8290  -24.933  -78.727  -30.196 0.5000000000
9670  -18.857  -76.299  -27.055 0.5000000000
7008  -28.643  -81.579  -25.550 0.5000000000
6423  -29.739  -82.858  -24.580 0.5000000000
5824  -30.298  -83.230  -24.031 0.5000000000
5804  -31.342  -82.913  -23.309 0.5000000000
8967  -18.934  -76.789  -27.619 0.5000000000
9689  -20.230  -75.936  -27.842 0.6000000238
6444  -28.375  -81.964  -27.051 0.5000000000
6433  -29.461  -82.402  -25.611 0.5000000000
6425  -31.409  -82.763  -24.331 0.5000000000
6408  -32.808  -81.618  -23.233 0.5000000000
6980  -33.448  -80.845  -23.195 0.5000000000
8280  -22.688  -78.199  -29.371 0.5000000000
6460  -28.433  -82.137  -27.718 0.5000000000
117356  -29.663  -81.998  -27.257 0.5000000000
8957  -19.576  -76.235  -26.521 0.5000000000
6436  -31.976  -81.734  -24.953 0.5000000000
110617  -32.009  -82.322  -24.369 0.5000000000
6416  -32.631  -82.000  -23.856 0.5000000000
7592  -34.685  -80.161  -23.665 0.4000000060
7000  -33.205  -81.088  -24.499 0.4000000060
113437  -11.180  -77.326  -17.736 0.4000000060
123789  -11.598  -74.546  -6.926 0.5000000000
12342  -11.382  -72.924  -4.564 0.5000000000
11587  -11.451  -74.075  -5.148 0.5000000000
13974  -10.778  -70.441  -4.755 0.5000000000
13957  -10.972  -71.357  -4.415 0.5000000000
10868  -11.036  -74.300  -6.521 0.5000000000
18342  -6.498  -65.471  -6.427 0.5000000000
19281  -6.566  -64.496  -6.478 0.5000000000
20175  -8.164  -62.910  -6.947 0.5000000000
8262  -17.612  -77.628  -27.497 0.5000000000
6440  -19.709  -81.628  -27.087 0.6000000238
5851  -16.217  -82.131  -27.977 0.6000000238
6455  -21.050  -81.829  -27.742 0.6000000238
6464  -18.424  -81.242  -29.057 0.6000000238
5860  -21.639  -82.533  -28.887 0.6999999881
6969  -10.960  -80.352  -22.740 0.6000000238
7629  -16.122  -80.102  -28.333 0.5000000000
6473  -20.444  -81.165  -29.451 0.6000000238
5866  -22.814  -82.927  -29.532 0.6000000238
7043  -22.752  -81.427  -30.030 0.6000000238
5823  -25.122  -81.996  -25.008 0.6999999881
120431  -16.970  -79.868  -28.580 0.5000000000
7635  -19.125  -80.060  -29.254 0.5000000000
7637  -21.032  -80.075  -29.880 0.6000000238
7643  -23.060  -80.509  -30.028 0.6000000238
6479  -24.066  -82.096  -30.298 0.5000000000
107888  -27.910  -82.131  -28.230 0.5000000000
114949  -26.055  -80.812  -27.302 0.5000000000
110220  -27.490  -80.688  -26.152 0.5000000000
7631  -19.691  -79.145  -29.048 0.5000000000
129405  -23.984  -79.593  -30.010 0.5000000000
8263  -18.424  -77.556  -27.949 0.5000000000
116816  -21.085  -77.645  -28.860 0.5000000000
8968  -20.267  -77.134  -28.448 0.5000000000
6434  -30.265  -82.695  -25.263 0.5000000000
6446  -29.496  -82.327  -26.480 0.5000000000
7009  -30.645  -82.176  -25.775 0.5000000000
6417  -33.401  -81.296  -23.736 0.5000000000
7022  -30.740  -81.386  -26.281 0.4000000060
6418  -34.003  -80.904  -23.994 0.4000000060
5789  -26.909  -82.321  -19.704 0.5000000000
6384  -27.139  -82.161  -20.424 0.6000000238
6405  -27.402  -81.479  -21.842 0.6000000238
6393  -26.632  -81.816  -21.184 0.6000000238
6392  -25.810  -81.909  -21.677 0.4000000060
6406  -28.534  -82.009  -21.887 0.4000000060
6990  -28.065  -80.983  -23.183 0.4000000060
6977  -27.913  -81.329  -22.434 0.5000000000
6404  -26.418  -81.346  -22.260 0.6000000238
6976  -27.206  -80.958  -22.692 0.5000000000
6989  -27.018  -80.601  -23.639 0.4000000060
6403  -25.716  -81.733  -22.597 0.5000000000
6988  -25.970  -80.906  -23.713 0.5000000000
5800  -25.508  -82.255  -23.176 0.6000000238
124397  -25.072  -82.844  -25.297 0.6000000238
115665  -23.273  -84.146  -25.713 0.6000000238
5326  -21.991  -83.904  -25.505 0.6000000238
5325  -21.668  -83.273  -25.674 0.5000000000
5833  -20.660  -82.138  -25.287 0.5000000000
5832  -19.811  -82.157  -25.261 0.4000000060
5818  -18.844  -82.619  -25.183 0.5000000000
7591  -34.013  -80.180  -23.259 0.3000000119
5323  -16.124  -83.483  -25.446 0.4000000060
11719  -17.805  -73.176  -16.622 0.4000000060
11720  -18.437  -73.310  -16.363 0.4000000060
107979  -18.910  -73.850  -17.854 0.5000000000
16595  -14.921  -67.914  -10.849 0.5000000000
16579  -14.100  -66.958  -10.952 0.5000000000
17446  -15.590  -66.728  -10.629 0.5000000000
110932  -14.224  -66.467  -11.243 0.4000000060
18416  -13.684  -65.299  -12.395 0.4000000060
18406  -17.363  -65.078  -10.767 0.4000000060
18429  -13.049  -64.882  -12.984 0.4000000060
19357  -13.696  -64.559  -12.976 0.4000000060
18417  -14.554  -65.267  -12.027 0.4000000060
19372  -12.414  -64.511  -13.628 0.4000000060
19373  -13.251  -64.209  -13.513 0.4000000060
19360  -16.443  -64.191  -11.979 0.4000000060
20289  -12.740  -63.232  -14.563 0.4000000060
20273  -14.066  -63.278  -14.139 0.4000000060
20276  -17.169  -62.999  -12.979 0.4000000060
20301  -12.488  -62.607  -14.820 0.4000000060
20290  -13.973  -62.721  -14.796 0.4000000060
21237  -12.253  -62.078  -14.785 0.4000000060
21239  -13.853  -62.081  -15.384 0.4000000060
22984  -14.654  -60.058  -13.873 0.3000000119
110522  -14.112  -59.698  -14.693 0.4000000060
22987  -17.452  -60.021  -13.517 0.3000000119
22986  -16.645  -60.101  -13.610 0.3000000119
23936  -14.972  -59.511  -14.592 0.3000000119
23937  -15.926  -59.472  -14.468 0.3000000119
18405  -16.696  -65.387  -10.851 0.4000000060
19343  -15.910  -64.637  -11.838 0.4000000060
18418  -15.310  -65.264  -11.642 0.4000000060
18404  -15.433  -65.947  -11.042 0.4000000060
19359  -15.163  -64.608  -12.297 0.4000000060
19375  -14.902  -63.935  -12.953 0.4000000060
20241  -17.424  -63.819  -11.843 0.4000000060
20255  -15.841  -63.927  -12.562 0.4000000060
20274  -15.381  -63.353  -13.427 0.4000000060
111587  -14.642  -63.445  -13.616 0.4000000060
8843  -33.873  -76.919  -17.126 0.3000000119
9566  -33.742  -76.156  -16.667 0.3000000119
8863  -33.622  -77.612  -17.207 0.4000000060
109330  -32.813  -77.672  -16.609 0.3000000119
8841  -32.202  -76.854  -16.333 0.4000000060
7495  -31.746  -79.531  -15.642 0.3000000119
8820  -32.045  -77.793  -16.091 0.3000000119
8840  -31.326  -77.324  -16.133 0.4000000060
6902  -31.682  -80.425  -15.421 0.3000000119
8115  -31.222  -78.650  -15.521 0.3000000119
8819  -30.862  -78.002  -15.746 0.3000000119
125067  -31.280  -79.869  -15.243 0.3000000119
7493  -30.103  -79.459  -15.011 0.3000000119
8130  -29.755  -78.790  -15.678 0.3000000119
6308  -29.874  -80.656  -14.604 0.3000000119
6886  -29.063  -80.586  -14.737 0.3000000119
7506  -28.752  -79.873  -15.738 0.3000000119
6307  -29.291  -81.331  -14.661 0.3000000119
114546  -27.965  -81.344  -15.253 0.3000000119
6898  -27.656  -80.963  -15.722 0.3000000119
5236  -29.165  -83.595  -15.863 0.3000000119
5222  -28.530  -82.791  -15.396 0.3000000119
121282  -27.911  -82.026  -15.144 0.3000000119
6318  -26.704  -81.971  -15.862 0.3000000119
6331  -26.525  -81.765  -16.610 0.3000000119
5235  -28.151  -83.552  -15.895 0.4000000060
112033  -32.155  -76.095  -16.478 0.3000000119
7509  -33.161  -79.291  -17.001 0.4000000060
9563  -30.900  -76.831  -16.576 0.4000000060
7508  -32.517  -79.407  -16.333 0.3000000119
8838  -30.094  -77.985  -16.338 0.4000000060
6321  -31.377  -81.202  -15.179 0.3000000119
7507  -29.178  -79.262  -16.204 0.4000000060
7521  -28.755  -79.915  -16.644 0.4000000060
5223  -30.623  -82.852  -15.570 0.3000000119
6346  -27.928  -81.088  -17.686 0.4000000060
4752  -29.761  -84.333  -16.531 0.3000000119
114908  -31.079  -83.521  -16.321 0.4000000060
6358  -27.179  -81.714  -18.231 0.4000000060
5750  -25.785  -82.325  -17.758 0.3000000119
4754  -31.487  -84.046  -17.095 0.3000000119
10268  -33.316  -75.469  -16.543 0.3000000119
10267  -32.520  -75.556  -16.611 0.3000000119
11002  -33.639  -74.724  -16.585 0.3000000119
10266  -31.819  -75.700  -16.790 0.3000000119
9603  -31.122  -76.082  -17.651 0.3000000119
108273  -34.428  -80.089  -17.866 0.4000000060
120427  -30.396  -77.293  -16.829 0.3000000119
8881  -30.349  -77.266  -17.693 0.3000000119
6913  -32.535  -80.399  -16.128 0.3000000119
108889  -33.655  -80.037  -17.267 0.4000000060
8149  -29.999  -77.891  -17.175 0.4000000060
8166  -30.148  -78.043  -18.129 0.3000000119
7522  -29.315  -79.402  -17.269 0.4000000060
7533  -29.717  -79.407  -18.108 0.4000000060
5731  -31.779  -81.950  -15.643 0.3000000119
5742  -33.668  -82.254  -16.882 0.3000000119
6921  -28.946  -80.322  -17.642 0.4000000060
6933  -29.355  -80.676  -18.503 0.4000000060
5740  -31.625  -82.786  -16.101 0.3000000119
5240  -33.520  -83.245  -17.453 0.3000000119
6360  -28.995  -81.421  -18.984 0.4000000060
6372  -29.221  -81.785  -19.783 0.5000000000
5239  -32.537  -83.390  -17.131 0.3000000119
126875  -27.624  -82.153  -19.195 0.4000000060
108705  -27.802  -82.321  -20.026 0.4000000060
6385  -28.597  -82.213  -20.362 0.5000000000
4769  -31.582  -84.801  -17.930 0.3000000119
11019  -32.443  -74.694  -17.358 0.3000000119
11020  -33.098  -74.223  -17.085 0.3000000119
6924  -34.989  -80.922  -18.019 0.4000000060
128105  -30.414  -78.246  -18.884 0.4000000060
6944  -30.447  -80.539  -19.686 0.4000000060
6347  -34.367  -81.947  -17.289 0.4000000060
6943  -29.745  -81.064  -19.250 0.4000000060
6954  -29.984  -81.526  -20.030 0.5000000000
5795  -29.344  -82.669  -21.969 0.4000000060
5751  -34.429  -82.989  -17.575 0.3000000119
6386  -29.372  -82.070  -20.595 0.4000000060
5253  -35.004  -83.663  -18.068 0.3000000119
5801  -29.068  -82.593  -22.670 0.4000000060
6413  -28.790  -82.028  -23.339 0.4000000060
5251  -33.288  -84.284  -18.369 0.3000000119
5250  -32.259  -84.182  -17.745 0.3000000119
4257  -32.843  -85.528  -18.940 0.3000000119
111915  -31.292  -76.051  -18.371 0.3000000119
8899  -30.523  -77.541  -18.645 0.3000000119
8189  -31.133  -78.576  -20.053 0.3000000119
5752  -35.107  -82.460  -17.719 0.4000000060
6956  -31.021  -80.377  -20.414 0.5000000000
109252  -30.826  -82.375  -22.079 0.4000000060
5753  -35.780  -82.742  -17.877 0.4000000060
5802  -29.845  -83.132  -22.674 0.4000000060
4755  -35.237  -84.484  -17.135 0.3000000119
4773  -35.108  -84.225  -18.037 0.3000000119
4772  -34.509  -84.811  -18.114 0.3000000119
119631  -33.973  -85.025  -18.706 0.3000000119
4243  -32.866  -85.948  -18.850 0.3000000119
4244  -33.410  -85.476  -18.575 0.3000000119
8178  -31.170  -77.765  -19.820 0.3000000119
7558  -31.327  -79.472  -20.571 0.4000000060
126454  -31.184  -81.030  -21.087 0.4000000060
4741  -35.605  -84.505  -15.633 0.3000000119
4732  -36.096  -84.541  -14.707 0.3000000119
4232  -34.270  -84.939  -17.001 0.3000000119
4222  -34.834  -84.627  -16.070 0.3000000119
4209  -36.121  -84.717  -13.681 0.3000000119
4190  -35.001  -85.098  -13.285 0.3000000119
4208  -35.320  -84.680  -14.342 0.3000000119
4206  -33.233  -84.961  -14.463 0.3000000119
4221  -33.158  -84.899  -15.821 0.3000000119
8200  -32.277  -78.639  -21.502 0.3000000119
7570  -32.457  -79.725  -21.965 0.4000000060
4191  -35.683  -85.070  -12.666 0.3000000119
3565  -34.600  -85.270  -12.737 0.3000000119
10337  -33.754  -75.732  -21.090 0.3000000119
8920  -32.507  -77.664  -21.334 0.3000000119
8206  -32.833  -78.981  -22.129 0.3000000119
9642  -34.165  -76.146  -21.800 0.3000000119
8921  -33.250  -77.300  -21.822 0.3000000119
119003  -33.475  -77.946  -22.374 0.3000000119
17460  -13.563  -66.643  -11.303 0.5000000000
23005  -13.489  -60.168  -14.808 0.5000000000
22107  -13.445  -61.442  -15.359 0.4000000060
18402  -13.978  -65.973  -11.680 0.4000000060
115882  -25.435  -82.830  -24.743 0.6000000238
6412  -25.997  -81.243  -22.990 0.5000000000
108961  -28.561  -81.328  -23.996 0.4000000060
6407  -31.440  -82.397  -22.628 0.4000000060
6966  -31.909  -80.679  -21.690 0.4000000060
6979  -32.717  -80.791  -22.528 0.4000000060
7580  -33.280  -79.831  -22.648 0.3000000119
108638  -16.107  -67.368  -10.461 0.5000000000
18383  -16.220  -65.993  -10.670 0.4000000060
19344  -16.711  -64.700  -11.379 0.4000000060
8132  -32.643  -78.554  -16.526 0.3000000119
5729  -30.197  -82.275  -15.039 0.3000000119
5237  -30.169  -83.600  -15.971 0.3000000119
7523  -33.891  -79.248  -17.613 0.4000000060
124635  -28.703  -81.025  -18.200 0.4000000060
6923  -34.180  -80.945  -17.412 0.4000000060
6334  -33.714  -81.447  -16.918 0.3000000119
5741  -32.649  -82.354  -16.392 0.3000000119
7547  -30.446  -79.599  -19.269 0.4000000060
129067  -33.852  -84.676  -18.711 0.3000000119
6397  -30.540  -81.893  -21.353 0.4000000060
4771  -33.410  -85.035  -18.866 0.3000000119
7569  -31.836  -79.541  -21.255 0.4000000060
4774  -35.933  -83.889  -17.532 0.3000000119
4230  -32.825  -86.020  -17.698 0.3000000119
8191  -31.950  -77.973  -20.976 0.3000000119
3583  -34.064  -85.515  -13.095 0.3000000119
5821  -20.934  -82.575  -24.350 0.5000000000
5307  -21.467  -83.221  -23.756 0.5000000000
4825  -22.695  -84.687  -24.809 0.5000000000
110325  -25.235  -84.238  -25.600 0.5000000000
118422  -25.595  -82.853  -23.895 0.4000000060
10374  -19.987  -75.425  -27.128 0.4000000060
6383  -25.901  -82.197  -20.775 0.5000000000
5780  -25.454  -82.631  -19.384 0.3000000119
5249  -25.152  -83.346  -17.598 0.3000000119
5765  -26.316  -82.128  -18.348 0.4000000060
5220  -26.899  -82.893  -15.754 0.3000000119
5739  -26.028  -82.715  -16.551 0.3000000119
5255  -36.551  -83.239  -17.674 0.3000000119
5754  -37.092  -82.557  -18.082 0.3000000119
5767  -36.350  -82.222  -18.237 0.3000000119
8150  -34.210  -78.339  -17.881 0.3000000119
5256  -37.551  -82.939  -17.410 0.3000000119
5768  -37.058  -81.865  -18.633 0.3000000119
6349  -35.616  -81.762  -18.088 0.3000000119
6934  -35.327  -80.160  -18.529 0.3000000119
7535  -35.586  -79.156  -18.838 0.3000000119
117452  -36.051  -79.953  -19.113 0.3000000119
125974  -37.728  -82.069  -18.431 0.3000000119
6373  -37.133  -81.115  -19.189 0.3000000119
6935  -36.182  -80.697  -18.983 0.3000000119
6936  -36.871  -80.257  -19.443 0.3000000119
8167  -34.924  -78.572  -18.437 0.3000000119
8882  -34.906  -77.874  -18.352 0.3000000119
5769  -38.367  -81.742  -18.358 0.3000000119
111063  -35.444  -78.331  -18.763 0.3000000119
8168  -36.282  -78.481  -19.368 0.3000000119
5324  -17.901  -83.164  -25.170 0.3000000119
5794  -25.464  -82.536  -22.224 0.5000000000
5319  -25.486  -83.571  -25.245 0.4000000060
4831  -24.202  -84.096  -25.642 0.5000000000
5779  -24.988  -82.900  -18.824 0.3000000119
20257  -18.520  -63.132  -12.094 0.3000000119
20256  -16.822  -63.648  -12.363 0.3000000119
21240  -14.835  -61.893  -15.475 0.3000000119
5820  -20.265  -82.336  -24.567 0.4000000060
5308  -22.045  -83.844  -23.243 0.4000000060
2703  -26.051  -88.507  -24.692 0.4000000060
119148  -24.600  -87.073  -25.131 0.4000000060
3727  -24.965  -86.511  -25.726 0.4000000060
4832  -25.567  -85.057  -25.771 0.4000000060
4827  -26.054  -84.429  -25.307 0.4000000060
4293  -22.879  -85.125  -23.384 0.4000000060
4830  -23.474  -84.734  -25.406 0.4000000060
4299  -24.629  -84.878  -25.705 0.4000000060
2209  -27.278  -88.745  -22.556 0.3000000119
3188  -26.901  -88.151  -23.990 0.4000000060
4298  -26.647  -86.113  -24.960 0.4000000060
4822  -22.521  -84.625  -23.891 0.4000000060
2709  -25.044  -88.054  -25.382 0.4000000060
3713  -23.775  -86.078  -24.492 0.4000000060
2223  -26.930  -88.730  -23.336 0.3000000119
126847  -26.876  -87.466  -24.277 0.4000000060
3729  -26.260  -86.681  -25.371 0.4000000060
4296  -23.989  -85.508  -25.384 0.4000000060
4302  -26.189  -86.098  -25.553 0.4000000060
4828  -26.537  -85.167  -24.732 0.4000000060
2200  -27.508  -88.845  -21.827 0.3000000119
2683  -27.292  -88.180  -23.087 0.3000000119
3684  -26.878  -86.742  -23.145 0.3000000119
3183  -27.212  -87.701  -22.768 0.3000000119
4286  -26.163  -84.924  -22.704 0.3000000119
4800  -25.642  -84.316  -21.977 0.3000000119
4793  -25.169  -84.103  -20.928 0.3000000119
111518  -25.386  -82.571  -21.133 0.3000000119
5285  -25.259  -83.321  -21.532 0.3000000119
4811  -26.031  -84.232  -23.110 0.3000000119
116240  -25.852  -83.525  -23.613 0.3000000119
5309  -25.888  -83.572  -24.646 0.3000000119
2533  -33.411  -88.273  -7.731 0.3000000119
2507  -33.914  -88.040  -6.641 0.3000000119
4706  -39.060  -83.274  -12.576 0.3000000119
3468  -36.442  -86.622  -4.618 0.3000000119
3481  -36.775  -86.175  -5.121 0.3000000119
4616  -38.158  -85.143  -6.962 0.3000000119
4624  -38.649  -84.876  -7.496 0.3000000119
4638  -38.782  -84.470  -8.364 0.3000000119
5160  -39.009  -83.852  -9.167 0.3000000119
5180  -39.160  -83.066  -10.447 0.3000000119
5185  -39.294  -82.838  -11.461 0.3000000119
4074  -36.847  -85.840  -5.397 0.3000000119
4615  -37.538  -85.351  -6.430 0.3000000119
4623  -38.320  -84.855  -7.160 0.3000000119
4636  -37.889  -84.373  -7.711 0.3000000119
5170  -37.739  -83.427  -9.258 0.3000000119
4287  -26.520  -85.705  -22.930 0.3000000119
2508  -34.538  -87.865  -6.666 0.3000000119
3505  -37.780  -86.067  -6.778 0.3000000119
3011  -36.278  -87.230  -5.459 0.3000000119
126627  -35.425  -87.575  -5.330 0.3000000119
3490  -37.066  -86.641  -6.145 0.3000000119
3482  -36.990  -85.618  -5.852 0.3000000119
4622  -37.035  -84.765  -6.946 0.3000000119
2199  -27.164  -89.360  -22.022 0.3000000119
2684  -27.328  -88.351  -22.315 0.3000000119
2710  -25.657  -88.141  -25.202 0.4000000060
2999  -36.611  -86.784  -4.889 0.3000000119
3000  -36.996  -86.375  -5.421 0.3000000119
3010  -35.349  -87.678  -6.060 0.3000000119
3192  -26.414  -87.836  -24.831 0.4000000060
3198  -25.014  -87.329  -25.585 0.4000000060
3199  -25.790  -87.436  -25.392 0.4000000060
3491  -37.560  -86.078  -5.933 0.3000000119
3492  -37.611  -85.721  -6.345 0.3000000119
3539  -10.620  -86.044  -11.708 0.5000000000
3552  -10.874  -86.290  -11.824 0.5000000000
3564  -33.771  -85.579  -12.804 0.3000000119
3569  -10.720  -86.852  -12.357 0.5000000000
3604  -33.502  -85.498  -13.452 0.3000000119
3698  -24.239  -86.738  -24.438 0.4000000060
3699  -26.896  -86.789  -24.143 0.3000000119
3714  -24.383  -86.267  -25.294 0.4000000060
3715  -26.579  -87.049  -24.866 0.4000000060
3728  -25.634  -86.659  -25.653 0.4000000060
4073  -37.306  -85.752  -5.788 0.3000000119
4088  -37.639  -85.561  -6.432 0.3000000119
4094  -38.089  -85.318  -6.888 0.3000000119
4158  -11.324  -85.556  -11.843 0.5000000000
4159  -12.242  -85.137  -11.928 0.5000000000
4177  -12.530  -85.505  -12.661 0.5000000000
4207  -34.261  -84.875  -14.005 0.3000000119
4231  -33.441  -85.390  -17.334 0.3000000119
4245  -34.069  -85.254  -18.183 0.3000000119
4297  -26.198  -85.416  -25.479 0.4000000060
4300  -24.883  -85.680  -25.747 0.4000000060
4301  -25.624  -85.876  -25.794 0.4000000060
4637  -38.611  -84.569  -7.847 0.3000000119
4689  -11.923  -84.840  -11.841 0.6000000238
4690  -12.628  -84.519  -12.089 0.6000000238
4691  -13.370  -84.214  -12.279 0.6000000238
4704  -36.886  -84.697  -12.931 0.3000000119
4710  -11.658  -84.371  -12.280 0.6000000238
4713  -14.513  -83.939  -13.081 0.6999999881
4726  -14.126  -84.484  -14.067 0.6999999881
4727  -14.815  -83.944  -14.106 0.6999999881
4737  -12.707  -84.724  -15.915 0.6999999881
4745  -12.284  -84.596  -16.556 0.5000000000
4753  -30.752  -84.222  -16.813 0.3000000119
4763  -24.818  -83.923  -17.917 0.3000000119
4770  -32.665  -84.930  -18.764 0.3000000119
4783  -32.119  -85.559  -18.927 0.3000000119
4823  -26.285  -84.278  -24.303 0.3000000119
4824  -26.444  -85.036  -23.634 0.3000000119
4826  -23.181  -85.269  -24.476 0.4000000060
4829  -22.599  -84.345  -25.367 0.5000000000
5171  -38.795  -83.441  -9.543 0.3000000119
5172  -39.087  -83.375  -9.918 0.3000000119
5179  -38.953  -82.985  -10.282 0.3000000119
5186  -39.270  -83.014  -10.854 0.3000000119
5189  -12.953  -83.911  -12.135 0.6000000238
5190  -13.693  -83.643  -12.426 0.6000000238
5191  -14.507  -83.151  -12.811 0.6999999881
5198  -11.248  -83.913  -13.223 0.5000000000
5210  -15.775  -83.023  -13.960 0.6999999881
5218  -14.996  -83.730  -15.027 0.6999999881
5221  -27.588  -82.827  -15.556 0.3000000119
5231  -15.239  -83.442  -15.835 0.6999999881
5233  -26.398  -83.255  -16.273 0.3000000119
5234  -27.215  -83.475  -15.993 0.3000000119
5247  -14.891  -83.011  -17.301 0.6999999881
5252  -34.129  -84.003  -18.354 0.3000000119
5254  -35.739  -83.496  -17.800 0.3000000119
5260  -11.591  -83.621  -18.588 0.6999999881
5261  -12.192  -83.253  -18.304 0.6999999881
5264  -24.799  -83.379  -18.320 0.3000000119
5265  -25.213  -82.809  -18.036 0.3000000119
5270  -11.412  -83.251  -19.249 0.4000000060
5275  -11.044  -83.053  -19.960 0.5000000000
5291  -21.394  -83.321  -22.605 0.4000000060
5292  -25.549  -83.447  -22.563 0.3000000119
5317  -21.545  -83.218  -24.866 0.6000000238
5318  -22.026  -84.094  -24.561 0.5000000000
5327  -22.612  -83.968  -25.952 0.6000000238
5328  -24.733  -83.400  -25.570 0.6000000238
5329  -15.800  -83.132  -26.495 0.5000000000
5690  -39.090  -82.801  -10.986 0.3000000119
5706  -14.310  -82.358  -13.201 0.6999999881
5707  -14.976  -82.372  -13.117 0.6999999881
5708  -15.582  -82.164  -13.473 0.6999999881
5709  -16.048  -81.786  -13.786 0.6999999881
5713  -11.663  -82.513  -14.324 0.5000000000
5714  -13.401  -82.395  -13.621 0.6999999881
5715  -16.050  -82.329  -13.800 0.6999999881
5716  -16.642  -81.764  -14.280 0.6999999881
5717  -17.082  -81.429  -14.663 0.6999999881
5718  -28.863  -82.016  -14.920 0.3000000119
5719  -29.593  -82.001  -14.855 0.3000000119
5725  -17.047  -81.885  -14.949 0.6999999881
5726  -26.561  -82.573  -15.981 0.3000000119
5727  -27.115  -82.325  -15.565 0.3000000119
5728  -29.592  -82.763  -15.302 0.3000000119
5730  -30.976  -82.038  -15.114 0.3000000119
5755  -38.108  -82.311  -17.874 0.3000000119
5761  -12.541  -82.771  -18.783 0.6999999881
5762  -13.408  -82.540  -18.849 0.6999999881
5764  -15.978  -82.137  -18.343 0.6999999881
5766  -26.891  -82.213  -18.930 0.4000000060
5776  -12.053  -82.685  -19.261 0.6999999881
5781  -26.178  -82.352  -19.144 0.4000000060
5787  -25.403  -82.656  -20.212 0.3000000119
5788  -26.002  -82.350  -19.930 0.5000000000
5796  -30.134  -82.729  -21.972 0.4000000060
5803  -30.694  -82.948  -22.664 0.4000000060
5809  -20.144  -82.693  -23.615 0.4000000060
5810  -25.399  -82.125  -24.040 0.6000000238
5812  -31.080  -83.126  -23.931 0.5000000000
5825  -9.908  -81.291  -25.159 0.5000000000
5826  -11.026  -81.726  -25.714 0.5000000000
5830  -17.518  -82.999  -26.187 0.5000000000
5834  -21.211  -82.504  -25.385 0.5000000000
5841  -16.362  -82.699  -27.266 0.5000000000
5845  -21.558  -82.793  -26.241 0.6000000238
5850  -14.571  -82.151  -27.645 0.5000000000
5859  -16.935  -81.995  -28.423 0.6000000238
5861  -22.314  -83.282  -29.026 0.6999999881
5862  -25.109  -82.858  -29.178 0.5000000000
5865  -22.089  -82.468  -29.443 0.6999999881
5867  -23.626  -83.089  -29.644 0.5000000000
5868  -24.965  -83.066  -29.814 0.5000000000
5870  -26.500  -82.411  -29.851 0.5000000000
5871  -24.005  -82.751  -30.080 0.5000000000
5872  -24.732  -82.701  -30.216 0.5000000000
6292  -14.795  -81.899  -13.471 0.6999999881
6299  -11.256  -82.018  -14.777 0.5000000000
6302  -14.948  -81.367  -14.195 0.6999999881
6303  -15.849  -81.354  -14.050 0.6999999881
6305  -16.939  -81.050  -14.565 0.6999999881
6306  -28.552  -81.307  -14.898 0.3000000119
6316  -17.270  -81.909  -15.840 0.6999999881
6319  -27.349  -81.663  -15.526 0.3000000119
6320  -30.094  -81.591  -14.735 0.3000000119
6322  -32.226  -81.311  -15.764 0.3000000119
6332  -27.038  -81.339  -16.154 0.3000000119
6333  -33.044  -81.417  -16.406 0.3000000119
6344  -26.412  -81.838  -17.488 0.3000000119
6345  -27.023  -81.304  -17.135 0.3000000119
6348  -34.864  -81.595  -17.677 0.4000000060
6355  -15.380  -81.993  -18.931 0.6999999881
6356  -16.737  -81.580  -18.376 0.6999999881
6357  -17.588  -81.073  -17.931 0.6999999881
6359  -28.192  -81.639  -18.660 0.4000000060
6361  -36.316  -81.469  -18.650 0.3000000119
6362  -37.827  -81.566  -18.882 0.3000000119
6371  -28.434  -82.000  -19.526 0.4000000060
6382  -15.233  -81.108  -20.171 0.6999999881
6387  -30.040  -81.828  -20.750 0.4000000060
6390  -12.251  -81.193  -21.426 0.6999999881
6394  -27.867  -82.128  -20.932 0.5000000000
6395  -28.888  -82.294  -21.205 0.4000000060
6396  -29.676  -82.297  -21.352 0.4000000060
6398  -31.348  -81.677  -21.870 0.4000000060
6399  -8.476  -81.102  -23.226 0.4000000060
6400  -8.665  -81.328  -22.643 0.4000000060
6402  -10.640  -80.910  -22.191 0.6000000238
6411  -25.622  -81.562  -23.423 0.5000000000
6414  -29.566  -82.990  -23.553 0.5000000000
6415  -31.811  -82.658  -23.856 0.5000000000
6422  -28.973  -82.027  -24.781 0.5000000000
6424  -30.674  -82.986  -24.560 0.5000000000
6426  -32.657  -81.691  -24.379 0.4000000060
6427  -33.343  -81.386  -24.085 0.4000000060
6428  -9.458  -80.457  -25.028 0.5000000000
6430  -11.588  -81.604  -26.433 0.5000000000
6435  -31.219  -82.384  -24.989 0.5000000000
6437  -11.376  -80.993  -26.526 0.5000000000
6445  -28.876  -82.171  -26.390 0.5000000000
6447  -30.171  -81.999  -26.527 0.5000000000
6448  -12.811  -81.182  -27.545 0.5000000000
6449  -13.548  -81.542  -27.721 0.5000000000
6450  -14.339  -81.654  -27.855 0.5000000000
6452  -18.177  -81.631  -28.589 0.6000000238
6456  -24.791  -82.050  -28.301 0.6000000238
6461  -15.873  -81.730  -28.116 0.5000000000
6462  -16.601  -81.757  -28.439 0.5000000000
6466  -20.158  -81.458  -29.032 0.6000000238
6469  -27.352  -82.243  -28.798 0.5000000000
6470  -28.514  -81.970  -28.423 0.5000000000
6475  -22.013  -81.573  -29.826 0.6999999881
6478  -23.294  -82.346  -30.067 0.5000000000
6882  -12.098  -80.980  -14.790 0.5000000000
6884  -15.709  -80.898  -14.617 0.6999999881
6885  -16.362  -81.019  -14.373 0.6999999881
6890  -10.971  -81.208  -15.521 0.5000000000
6894  -13.823  -80.672  -15.510 0.6999999881
6895  -15.484  -80.448  -15.430 0.6999999881
6899  -28.404  -80.592  -15.271 0.3000000119
6900  -29.045  -79.953  -15.094 0.3000000119
6901  -30.743  -80.230  -14.892 0.3000000119
6909  -15.296  -80.020  -16.219 0.6999999881
6911  -18.335  -79.938  -16.185 0.6999999881
6912  -28.163  -80.380  -16.110 0.3000000119
6914  -33.355  -80.694  -16.804 0.4000000060
6919  -18.242  -80.412  -17.196 0.6999999881
6920  -27.614  -80.850  -16.628 0.3000000119
6922  -29.493  -80.002  -18.071 0.4000000060
6925  -35.659  -81.018  -18.484 0.3000000119
6950  -14.116  -81.093  -20.969 0.6999999881
6952  -15.486  -80.133  -20.583 0.6000000238
6955  -30.579  -81.227  -20.508 0.5000000000
6958  -12.495  -80.625  -22.047 0.6000000238
6971  -12.670  -79.866  -22.754 0.6000000238
6975  -26.477  -80.931  -23.032 0.5000000000
6981  -8.784  -80.730  -23.725 0.4000000060
6983  -10.369  -80.049  -23.413 0.5000000000
6984  -17.510  -79.958  -22.499 0.4000000060
6991  -34.040  -80.693  -23.676 0.5000000000
6992  -34.544  -80.542  -23.925 0.4000000060
6994  -9.049  -80.457  -24.404 0.5000000000
6996  -25.600  -80.778  -25.095 0.5000000000
7003  -9.935  -80.013  -25.310 0.5000000000
7006  -26.942  -80.450  -25.513 0.5000000000
7007  -27.886  -80.755  -25.474 0.5000000000
7010  -31.293  -81.587  -25.570 0.5000000000
7015  -12.146  -80.586  -26.897 0.5000000000
7017  -24.664  -81.200  -26.708 0.5000000000
7019  -26.619  -80.581  -26.563 0.5000000000
7021  -28.202  -81.297  -26.271 0.5000000000
7025  -14.348  -80.768  -27.876 0.5000000000
7028  -26.912  -81.094  -27.497 0.5000000000
7036  -18.397  -80.499  -29.171 0.5000000000
7037  -19.682  -80.736  -29.441 0.5000000000
7040  -22.201  -80.665  -30.012 0.6000000238
7044  -23.524  -81.320  -30.216 0.5000000000
7480  -29.579  -79.993  -14.786 0.3000000119
7486  -12.867  -79.191  -15.336 0.6000000238
7487  -13.151  -78.979  -15.463 0.6000000238
7489  -16.202  -80.007  -15.511 0.6999999881
7490  -17.101  -79.761  -15.339 0.6999999881
7491  -17.823  -79.574  -15.742 0.6000000238
7492  -29.536  -79.515  -15.174 0.3000000119
7494  -30.920  -79.354  -15.201 0.3000000119
7502  -14.299  -79.938  -16.760 0.6999999881
7516  -13.818  -79.214  -16.900 0.6000000238
7518  -14.857  -79.077  -17.468 0.6999999881
7524  -34.683  -79.256  -18.230 0.3000000119
7534  -30.141  -78.960  -18.632 0.4000000060
7536  -36.561  -79.425  -19.488 0.3000000119
7546  -29.968  -80.067  -18.777 0.4000000060
7553  -16.620  -79.292  -20.583 0.5000000000
7557  -30.877  -79.566  -19.877 0.4000000060
7561  -15.493  -79.189  -21.512 0.6999999881
7584  -14.562  -78.820  -23.356 0.6999999881
7594  -10.326  -79.507  -24.852 0.5000000000
7604  -10.598  -79.624  -25.367 0.5000000000
7605  -11.374  -79.487  -25.726 0.5000000000
7614  -11.947  -79.789  -26.298 0.5000000000
7616  -13.368  -79.403  -26.766 0.5000000000
7617  -14.176  -78.994  -26.896 0.6000000238
7625  -16.412  -78.916  -27.947 0.5000000000
7628  -15.276  -80.382  -28.058 0.5000000000
8112  -12.846  -78.348  -15.582 0.6000000238
8114  -30.491  -78.692  -15.473 0.3000000119
8116  -31.938  -78.633  -15.911 0.3000000119
8124  -13.423  -78.037  -16.254 0.6000000238
8126  -17.162  -78.268  -16.357 0.6000000238
8128  -18.362  -78.467  -16.736 0.6000000238
8131  -30.342  -78.153  -15.849 0.3000000119
8133  -33.375  -78.464  -17.181 0.4000000060
8142  -16.621  -77.838  -16.871 0.6999999881
8148  -29.603  -78.570  -16.667 0.4000000060
8157  -13.794  -78.541  -18.300 0.6999999881
8165  -29.745  -78.645  -17.667 0.4000000060
8177  -30.734  -77.995  -19.410 0.3000000119
8199  -31.653  -78.651  -20.815 0.3000000119
8201  -32.900  -78.168  -21.977 0.3000000119
8207  -33.407  -78.740  -22.507 0.3000000119
8219  -33.993  -79.377  -23.038 0.3000000119
8223  -11.891  -78.769  -25.226 0.5000000000
8226  -14.267  -78.274  -24.940 0.6000000238
8228  -16.044  -78.976  -24.671 0.6000000238
8246  -12.976  -78.966  -26.176 0.5000000000
8248  -14.541  -78.455  -26.424 0.5000000000
8249  -15.655  -78.042  -26.599 0.6000000238
8251  -16.898  -77.802  -26.720 0.6000000238
8271  -19.326  -77.818  -28.427 0.5000000000
8273  -21.933  -77.867  -29.111 0.5000000000
8772  -10.846  -77.261  -10.430 0.6000000238
8777  -10.620  -77.677  -10.827 0.6000000238
8817  -13.048  -77.600  -15.786 0.6000000238
8830  -12.100  -77.138  -16.560 0.6000000238
8831  -12.840  -76.915  -16.098 0.6000000238
8832  -13.168  -77.127  -16.152 0.6000000238
8839  -30.625  -77.542  -16.199 0.4000000060
8842  -33.138  -76.857  -16.643 0.3000000119
8855  -16.153  -77.520  -17.461 0.6999999881
8856  -16.996  -77.053  -17.145 0.6000000238
8857  -17.875  -77.189  -17.161 0.6000000238
8858  -18.356  -77.445  -17.411 0.6000000238
8873  -13.474  -78.023  -18.873 0.5000000000
8874  -14.120  -78.217  -18.877 0.6000000238
8875  -15.232  -77.800  -18.202 0.6999999881
8876  -16.290  -76.900  -17.773 0.6000000238
8877  -18.634  -77.475  -18.145 0.6000000238
8883  -35.675  -77.706  -18.789 0.3000000119
8890  -12.952  -77.769  -19.495 0.6000000238
8900  -30.979  -77.247  -19.254 0.3000000119
8904  -12.695  -77.467  -20.206 0.6000000238
8913  -31.522  -77.202  -19.868 0.3000000119
8943  -18.497  -77.316  -26.326 0.5000000000
8963  -18.275  -76.919  -27.207 0.6000000238
9500  -12.246  -76.812  -10.531 0.6000000238
9502  -14.214  -76.507  -10.892 0.6000000238
9508  -13.764  -77.049  -11.523 0.6000000238
9515  -11.706  -77.546  -12.336 0.5000000000
9516  -12.625  -77.392  -12.275 0.5000000000
9517  -14.150  -77.008  -12.320 0.6000000238
9525  -11.436  -77.094  -13.062 0.5000000000
9537  -10.588  -76.802  -14.156 0.5000000000
9564  -31.565  -76.459  -16.526 0.3000000119
9565  -32.810  -76.134  -16.471 0.3000000119
9567  -34.545  -76.576  -17.335 0.3000000119
9571  -9.564  -76.239  -17.932 0.6000000238
9572  -12.197  -75.742  -17.329 0.6000000238
9573  -12.788  -75.876  -17.157 0.6000000238
9574  -13.245  -76.386  -17.141 0.6000000238
9576  -18.236  -76.848  -17.840 0.6000000238
9580  -30.703  -76.632  -17.271 0.3000000119
9581  -31.201  -76.163  -16.920 0.3000000119
9592  -10.169  -76.005  -18.299 0.5000000000
9595  -15.705  -76.731  -18.485 0.6000000238
9596  -16.809  -76.199  -18.136 0.6000000238
9597  -17.849  -76.161  -18.478 0.6000000238
9602  -30.801  -76.674  -18.308 0.3000000119
9610  -15.151  -76.603  -19.371 0.6000000238
9614  -22.044  -76.443  -18.840 0.5000000000
9623  -12.300  -76.678  -20.631 0.6000000238
9624  -12.689  -77.255  -20.839 0.6000000238
9625  -13.417  -77.244  -20.740 0.6000000238
9626  -15.038  -75.947  -20.197 0.6000000238
9628  -21.451  -75.877  -20.375 0.5000000000
9640  -32.785  -76.841  -21.036 0.3000000119
9641  -33.474  -76.471  -21.414 0.3000000119
9647  -33.866  -76.776  -22.036 0.3000000119
9671  -19.406  -75.765  -26.984 0.5000000000
9680  -19.437  -76.010  -27.351 0.5000000000
9681  -20.652  -75.360  -27.366 0.4000000060
10194  -14.789  -75.372  -9.492 0.6999999881
10203  -16.064  -75.947  -10.399 0.6999999881
10204  -16.792  -75.582  -10.371 0.8000000119
10231  -10.965  -76.158  -14.144 0.6000000238
10263  -9.372  -75.437  -17.097 0.6000000238
10285  -31.882  -75.225  -17.383 0.3000000119
10286  -32.243  -75.149  -16.907 0.3000000119
10300  -31.538  -75.541  -17.931 0.3000000119
10301  -11.001  -74.508  -19.378 0.6000000238
10302  -11.914  -75.202  -19.677 0.6000000238
10304  -16.820  -75.539  -19.468 0.5000000000
10305  -17.598  -75.745  -19.328 0.5000000000
10306  -17.906  -75.808  -20.186 0.5000000000
10309  -31.743  -75.651  -18.744 0.3000000119
10312  -10.595  -74.455  -20.403 0.6000000238
10314  -15.667  -75.384  -20.503 0.6000000238
10316  -17.341  -75.407  -20.812 0.5000000000
10318  -21.528  -75.159  -20.058 0.5000000000
10324  -10.904  -74.835  -21.176 0.6000000238
10325  -11.252  -75.207  -21.760 0.6000000238
10327  -13.288  -75.802  -22.274 0.5000000000
10328  -14.198  -75.401  -22.260 0.5000000000
10329  -15.114  -74.903  -22.339 0.5000000000
10332  -18.188  -76.041  -22.477 0.5000000000
10340  -11.614  -75.272  -22.182 0.6000000238
10341  -13.035  -75.027  -22.787 0.5000000000
10352  -18.189  -74.716  -23.730 0.6000000238
10860  -11.210  -74.255  -5.654 0.5000000000
10861  -11.825  -74.239  -5.614 0.6000000238
10869  -11.761  -74.437  -6.196 0.6000000238
10878  -11.059  -74.178  -7.523 0.5000000000
10879  -12.983  -74.598  -7.399 0.6000000238
10897  -15.898  -74.516  -8.123 0.6999999881
10898  -16.468  -74.319  -8.358 0.6000000238
10916  -17.399  -75.122  -9.824 0.6000000238
10926  -18.247  -74.391  -11.154 0.6000000238
10953  -12.394  -74.452  -14.427 0.6000000238
10956  -15.636  -74.107  -13.203 0.8000000119
10968  -11.730  -74.607  -14.618 0.6000000238
11001  -32.834  -74.912  -16.755 0.3000000119
11013  -8.254  -74.144  -18.394 0.6999999881
11022  -8.746  -74.592  -18.652 0.6000000238
11023  -10.207  -74.636  -18.983 0.6000000238
11024  -21.160  -74.805  -19.022 0.5000000000
11027  -8.888  -74.276  -19.452 0.6000000238
11037  -20.826  -74.155  -20.310 0.5000000000
11046  -16.023  -74.720  -22.512 0.5000000000
11054  -12.274  -74.858  -22.597 0.4000000060
11056  -13.749  -74.399  -23.344 0.5000000000
11058  -16.252  -74.374  -23.715 0.6000000238
11059  -17.265  -74.552  -23.724 0.6000000238
11061  -19.966  -74.051  -23.206 0.6000000238
11062  -20.307  -74.687  -22.464 0.6000000238
11069  -14.527  -73.954  -23.883 0.5000000000
11073  -18.448  -74.012  -24.125 0.6000000238
11074  -19.173  -73.515  -23.764 0.6000000238
11088  -17.419  -73.419  -24.347 0.6000000238
11089  -17.964  -73.733  -24.295 0.6000000238
11575  -11.031  -73.686  -4.607 0.5000000000
11586  -10.671  -74.072  -4.994 0.5000000000
11611  -15.013  -73.661  -7.238 0.8000000119
11640  -18.827  -73.589  -10.591 0.6000000238
11649  -18.905  -73.658  -11.226 0.6000000238
11675  -13.030  -74.298  -14.216 0.6000000238
11676  -13.357  -73.646  -14.141 0.8000000119
11677  -14.857  -73.865  -13.499 0.8000000119
11715  -8.387  -73.123  -17.287 0.6000000238
11717  -9.737  -74.122  -16.162 0.6999999881
11730  -16.510  -73.330  -17.377 0.5000000000
11732  -18.258  -73.626  -17.045 0.6000000238
11737  -7.957  -73.584  -19.028 0.6000000238
11738  -17.188  -73.381  -18.109 0.6000000238
11740  -19.715  -74.037  -18.825 0.5000000000
11754  -8.650  -73.276  -20.456 0.5000000000
11755  -9.960  -74.015  -21.049 0.6000000238
11757  -19.934  -73.335  -21.293 0.6000000238
11763  -10.584  -74.031  -21.636 0.6000000238
11764  -11.387  -73.825  -22.175 0.5000000000
11772  -12.310  -73.912  -22.649 0.4000000060
11773  -13.343  -73.464  -23.076 0.6000000238
11775  -19.778  -73.358  -23.078 0.6000000238
11785  -14.762  -73.258  -23.948 0.6000000238
11786  -15.592  -72.911  -24.119 0.6000000238
11787  -16.445  -73.173  -24.342 0.6000000238
11788  -17.083  -72.921  -24.278 0.6000000238
11789  -18.253  -73.363  -24.235 0.6000000238
12357  -11.789  -73.595  -5.069 0.6000000238
12373  -13.449  -73.280  -6.304 0.6999999881
12396  -14.236  -72.346  -7.366 0.6999999881
12399  -16.466  -73.530  -8.260 0.6000000238
12407  -18.108  -73.258  -9.597 0.6999999881
12419  -18.729  -73.184  -10.226 0.6999999881
12428  -19.308  -72.919  -11.626 0.6000000238
12461  -18.312  -72.562  -13.372 0.6000000238
12465  -10.877  -72.342  -15.040 0.6000000238
12466  -11.577  -72.779  -14.786 0.6000000238
12467  -12.070  -72.305  -14.570 0.6999999881
12468  -13.350  -72.267  -14.329 0.8000000119
12499  -8.561  -72.152  -17.064 0.6000000238
12501  -14.842  -72.166  -16.777 0.5000000000
12502  -15.717  -72.588  -16.724 0.5000000000
12504  -17.458  -72.503  -16.427 0.5000000000
12515  -12.751  -72.014  -18.010 0.5000000000
12517  -14.979  -73.178  -17.677 0.5000000000
12518  -15.678  -73.165  -17.176 0.5000000000
12525  -7.951  -72.783  -18.800 0.6000000238
12527  -13.466  -72.528  -18.223 0.5000000000
12538  -7.961  -72.892  -19.787 0.5000000000
12540  -13.156  -72.209  -20.278 0.5000000000
12546  -18.178  -72.874  -20.182 0.6000000238
12554  -10.212  -72.311  -21.269 0.6000000238
12555  -11.217  -72.009  -21.366 0.6000000238
12558  -15.695  -72.630  -20.483 0.6000000238
12559  -16.618  -72.594  -20.622 0.6000000238
12560  -17.526  -72.615  -20.836 0.6000000238
12562  -19.403  -72.974  -21.531 0.6000000238
12575  -15.305  -72.388  -22.560 0.6000000238
12578  -19.146  -72.792  -22.269 0.6000000238
12590  -13.666  -72.870  -22.905 0.6000000238
12591  -14.468  -72.611  -23.007 0.6000000238
12592  -15.725  -72.498  -23.615 0.6000000238
12593  -16.828  -72.463  -23.462 0.6000000238
12594  -17.855  -72.554  -23.276 0.6000000238
12595  -18.805  -72.743  -23.080 0.6000000238
12596  -19.534  -72.954  -22.932 0.6000000238
12609  -18.429  -72.896  -23.843 0.6000000238
13156  -10.928  -72.289  -4.150 0.5000000000
13231  -13.490  -70.796  -10.124 0.6000000238
13235  -17.757  -71.884  -10.372 0.6000000238
13250  -16.818  -71.310  -10.512 0.5000000000
13252  -19.443  -72.235  -11.322 0.5000000000
13281  -10.858  -71.525  -14.974 0.6000000238
13283  -12.690  -71.858  -14.465 0.6999999881
13284  -13.484  -71.586  -14.449 0.8000000119
13285  -14.338  -71.450  -14.440 0.8000000119
13286  -15.241  -71.260  -14.444 0.6000000238
13295  -9.215  -71.495  -15.845 0.6000000238
13296  -10.066  -71.751  -15.378 0.6000000238
13323  -11.460  -70.529  -17.961 0.5000000000
13325  -12.891  -71.490  -17.399 0.5000000000
13332  -8.212  -71.770  -18.695 0.6000000238
13335  -12.262  -71.616  -18.555 0.5000000000
13341  -8.408  -71.921  -19.625 0.6000000238
13342  -9.115  -71.340  -20.068 0.6000000238
13354  -9.605  -71.762  -20.758 0.6000000238
13356  -11.586  -71.435  -20.583 0.5000000000
13956  -10.516  -70.979  -3.806 0.5000000000
13990  -10.890  -69.938  -5.744 0.6000000238
14024  -12.248  -69.879  -8.976 0.6000000238
14025  -12.794  -70.471  -8.807 0.6000000238
14044  -12.250  -70.095  -10.885 0.5000000000
14045  -12.783  -70.411  -10.398 0.6000000238
14060  -13.661  -70.171  -10.973 0.6000000238
14095  -15.281  -70.423  -14.626 0.6999999881
14096  -16.186  -70.423  -14.571 0.6000000238
14106  -9.099  -70.134  -15.781 0.6999999881
14118  -8.645  -70.239  -16.477 0.6000000238
14119  -8.807  -69.576  -16.324 0.6000000238
14136  -8.400  -70.362  -17.394 0.6000000238
14155  -8.428  -70.607  -18.357 0.5000000000
14156  -8.922  -70.039  -18.838 0.6000000238
14168  -9.411  -70.522  -19.581 0.5000000000
14169  -10.184  -70.459  -19.552 0.6000000238
14838  -11.479  -69.484  -7.776 0.6999999881
14864  -10.978  -69.329  -10.302 0.8000000119
14873  -10.950  -69.519  -11.276 0.6000000238
14886  -11.370  -69.575  -11.716 0.5000000000
14889  -14.594  -69.414  -10.865 0.5000000000
14910  -10.739  -69.671  -15.054 0.6999999881
14912  -12.487  -69.747  -14.935 0.8000000119
14913  -13.505  -69.635  -14.931 0.8000000119
14925  -9.928  -68.946  -15.407 0.8000000119
14926  -10.799  -68.722  -15.184 0.6999999881
14937  -8.871  -68.874  -16.681 0.6000000238
14938  -9.095  -68.156  -17.051 0.6000000238
14951  -9.323  -68.540  -17.504 0.6000000238
14952  -10.458  -68.114  -17.864 0.5000000000
15633  -10.421  -68.816  -6.919 0.6999999881
15655  -9.999  -68.236  -8.230 0.6999999881
15671  -10.493  -68.825  -9.701 0.8000000119
15699  -12.413  -68.889  -12.076 0.6000000238
15709  -9.401  -68.322  -12.459 0.6000000238
15710  -10.271  -68.593  -12.539 0.5000000000
15725  -13.866  -68.860  -15.146 0.6999999881
15734  -9.377  -68.352  -16.244 0.6000000238
15738  -13.174  -68.055  -15.458 0.6000000238
15739  -14.186  -68.103  -15.425 0.6000000238
15759  -10.812  -66.875  -17.898 0.6999999881
15761  -12.510  -69.122  -17.562 0.5000000000
16535  -7.747  -67.163  -7.067 0.6000000238
16560  -7.932  -67.191  -9.577 0.8000000119
16561  -8.584  -67.717  -9.611 0.8000000119
16576  -7.885  -66.695  -11.227 0.8000000119
16578  -8.755  -68.011  -10.363 0.8000000119
16580  -14.793  -67.170  -10.779 0.5000000000
16581  -15.412  -67.414  -10.654 0.5000000000
16591  -11.943  -67.203  -12.019 0.5000000000
16594  -14.116  -67.653  -10.986 0.6000000238
16600  -8.392  -67.228  -12.685 0.6000000238
16619  -11.305  -67.014  -16.128 0.6000000238
16620  -12.413  -67.194  -15.983 0.6000000238
16628  -10.196  -66.688  -17.054 0.6999999881
16629  -10.746  -66.379  -16.937 0.6999999881
16644  -10.692  -66.413  -17.499 0.6999999881
16645  -11.381  -66.169  -18.009 0.5000000000
16661  -13.267  -66.801  -18.586 0.5000000000
17436  -7.500  -66.480  -9.407 0.6999999881
17445  -7.419  -66.017  -10.006 0.6999999881
17457  -7.713  -65.902  -11.283 0.6000000238
17461  -14.798  -66.570  -10.973 0.4000000060
17469  -10.478  -66.928  -13.007 0.6000000238
17471  -12.274  -66.398  -12.025 0.5000000000
17480  -8.531  -66.055  -13.781 0.5000000000
17522  -12.956  -66.046  -17.364 0.5000000000
17547  -12.204  -65.834  -17.913 0.5000000000
17548  -13.276  -66.018  -17.924 0.5000000000
17572  -12.898  -66.143  -18.163 0.5000000000
18364  -6.766  -65.591  -7.801 0.6999999881
18382  -7.549  -65.545  -10.537 0.6000000238
18403  -14.718  -65.913  -11.412 0.4000000060
18413  -8.159  -65.708  -12.955 0.5000000000
18415  -12.749  -65.629  -12.454 0.5000000000
18425  -8.904  -65.434  -14.294 0.5000000000
18428  -12.349  -65.207  -13.033 0.4000000060
18433  -10.179  -65.010  -14.434 0.4000000060
19282  -6.857  -64.120  -7.084 0.6999999881
19284  -12.107  -65.087  -6.093 0.4000000060
19285  -12.745  -64.615  -6.231 0.4000000060
19304  -12.115  -65.226  -7.086 0.4000000060
19305  -12.825  -64.907  -6.929 0.4000000060
19306  -13.391  -64.445  -7.331 0.4000000060
19312  -7.768  -64.052  -8.915 0.6999999881
19327  -18.049  -64.808  -10.703 0.4000000060
19356  -8.399  -64.187  -12.933 0.4000000060
19358  -14.360  -64.591  -12.673 0.4000000060
19361  -16.982  -64.118  -11.759 0.4000000060
19369  -8.630  -64.116  -13.559 0.4000000060
19370  -8.913  -64.437  -14.149 0.4000000060
19371  -11.641  -64.415  -14.020 0.5000000000
19374  -14.049  -63.921  -13.401 0.4000000060
19384  -12.107  -63.804  -14.204 0.5000000000
19385  -12.783  -63.843  -13.997 0.4000000060
20163  -12.711  -63.989  -5.680 0.4000000060
20178  -13.623  -63.871  -6.963 0.4000000060
20197  -14.662  -63.272  -7.936 0.4000000060
20213  -8.068  -63.785  -9.424 0.5000000000
20215  -9.261  -63.560  -9.616 0.6000000238
20217  -11.241  -64.044  -9.800 0.5000000000
20239  -8.530  -63.479  -11.234 0.5000000000
20240  -9.020  -62.877  -11.845 0.4000000060
20242  -18.109  -63.740  -11.603 0.4000000060
20253  -8.623  -63.480  -12.307 0.4000000060
20270  -9.171  -63.544  -13.554 0.4000000060
20271  -10.048  -63.205  -13.704 0.4000000060
20272  -13.397  -63.581  -14.044 0.4000000060
20275  -16.285  -63.224  -13.183 0.4000000060
20286  -10.429  -63.489  -14.240 0.4000000060
20288  -11.907  -63.178  -14.556 0.5000000000
20300  -11.877  -62.669  -14.576 0.5000000000
20302  -13.207  -62.615  -14.999 0.4000000060
21140  -14.560  -62.585  -7.868 0.4000000060
21159  -16.581  -61.729  -9.570 0.4000000060
21168  -15.218  -62.731  -10.289 0.5000000000
21169  -16.078  -62.382  -9.905 0.5000000000
21175  -9.671  -62.633  -12.322 0.4000000060
21176  -10.424  -62.303  -11.999 0.5000000000
21177  -11.263  -62.097  -12.041 0.5000000000
21178  -12.282  -62.313  -11.626 0.5000000000
21238  -12.954  -62.090  -15.247 0.4000000060
22016  -13.723  -62.350  -7.660 0.3000000119
22029  -13.360  -61.590  -8.174 0.3000000119
22031  -15.589  -61.717  -8.589 0.4000000060
22045  -10.927  -62.002  -12.562 0.5000000000
22051  -17.591  -61.244  -10.803 0.4000000060
22058  -11.916  -61.255  -13.133 0.5000000000
22060  -14.085  -61.206  -12.602 0.4000000060
22072  -10.956  -62.023  -13.139 0.4000000060
22074  -12.148  -61.171  -13.841 0.5000000000
22083  -11.162  -62.181  -13.784 0.4000000060
22084  -11.774  -61.741  -14.227 0.4000000060
22086  -13.025  -60.878  -15.046 0.5000000000
22106  -12.806  -61.597  -15.126 0.4000000060
22926  -11.931  -60.661  -8.968 0.4000000060
22927  -13.022  -60.846  -8.796 0.4000000060
22929  -15.159  -61.330  -8.555 0.4000000060
22935  -14.870  -60.683  -8.963 0.5000000000
22937  -16.427  -60.957  -9.335 0.4000000060
22947  -18.515  -60.356  -11.140 0.4000000060
22983  -13.713  -60.146  -14.016 0.4000000060
22985  -15.654  -60.102  -13.753 0.4000000060
23885  -17.680  -60.020  -10.272 0.5000000000
23886  -18.435  -59.884  -10.749 0.4000000060
23916  -19.648  -59.566  -12.114 0.4000000060
23954  -15.389  -59.090  -15.298 0.3000000119
24810  -13.904  -58.507  -10.865 0.3000000119
24824  -13.483  -57.809  -11.348 0.3000000119
25707  -16.659  -57.678  -11.390 0.3000000119
25729  -16.159  -56.723  -11.971 0.3000000119
106981  -32.097  -82.329  -23.277 0.5000000000
107871  -18.903  -78.911  -28.761 0.5000000000
108077  -18.940  -76.243  -26.922 0.5000000000
108131  -13.964  -72.586  -19.974 0.6000000238
108163  -22.087  -79.030  -29.538 0.6000000238
108199  -11.317  -73.980  -8.744 0.6000000238
108598  -11.731  -85.686  -16.006 0.5000000000
108657  -12.662  -69.973  -17.335 0.5000000000
108827  -7.610  -66.960  -8.896 0.8000000119
108851  -27.187  -82.001  -28.139 0.5000000000
109114  -11.779  -79.872  -15.862 0.5000000000
109206  -16.046  -65.308  -11.234 0.4000000060
109240  -11.338  -65.064  -7.520 0.4000000060
109297  -8.647  -67.962  -12.221 0.6000000238
109627  -26.749  -85.922  -23.980 0.3000000119
110101  -28.504  -81.750  -22.661 0.4000000060
110171  -11.078  -79.135  -24.357 0.6000000238
110269  -15.038  -78.183  -26.386 0.5000000000
110283  -17.533  -73.907  -12.526 0.6999999881
110692  -11.779  -86.216  -14.359 0.5000000000
110809  -28.957  -82.310  -27.145 0.5000000000
110884  -10.046  -66.298  -13.740 0.5000000000
110958  -27.916  -80.734  -24.015 0.4000000060
110964  -18.890  -76.685  -26.578 0.5000000000
111001  -9.891  -68.663  -17.887 0.6000000238
111110  -7.548  -62.909  -6.419 0.5000000000
111184  -14.102  -73.704  -13.765 0.8000000119
111185  -30.023  -82.442  -25.966 0.5000000000
111315  -13.927  -70.250  -14.735 0.6999999881
111393  -21.909  -83.249  -27.634 0.6999999881
111620  -9.567  -63.296  -10.322 0.4000000060
111757  -12.877  -81.929  -20.171 0.6999999881
111789  -12.319  -75.063  -10.443 0.6000000238
112162  -10.207  -76.083  -15.510 0.6000000238
112956  -18.196  -80.700  -16.376 0.6999999881
112966  -13.923  -81.256  -27.836 0.5000000000
113121  -15.119  -72.474  -21.378 0.6000000238
113171  -13.197  -70.346  -10.779 0.6000000238
113266  -12.480  -74.630  -10.036 0.6000000238
113620  -17.682  -63.356  -12.286 0.3000000119
113627  -13.787  -78.271  -25.389 0.6999999881
113699  -7.123  -65.686  -9.260 0.6999999881
113703  -7.267  -64.789  -9.127 0.6999999881
113721  -18.727  -76.878  -19.627 0.5000000000
114166  -34.316  -84.530  -18.367 0.3000000119
114318  -12.588  -73.615  -5.688 0.6000000238
114413  -12.343  -74.572  -6.723 0.6000000238
114463  -20.037  -75.925  -22.468 0.6000000238
114508  -10.676  -81.850  -15.255 0.5000000000
115067  -27.111  -87.509  -23.566 0.4000000060
115103  -8.813  -66.829  -13.367 0.5000000000
115198  -11.160  -84.996  -11.832 0.5000000000
115246  -26.480  -82.179  -20.410 0.5000000000
115268  -14.179  -69.956  -10.910 0.5000000000
115522  -25.602  -82.499  -18.576 0.3000000119
115610  -30.630  -81.150  -14.803 0.3000000119
115615  -35.940  -87.276  -4.757 0.3000000119
115620  -9.521  -70.863  -15.503 0.6999999881
115699  -13.074  -63.995  -9.733 0.5000000000
115938  -29.260  -79.472  -15.550 0.3000000119
116336  -10.769  -63.661  -14.362 0.5000000000
116403  -13.468  -63.084  -14.562 0.4000000060
116572  -30.621  -78.809  -19.381 0.3000000119
116772  -21.699  -79.979  -29.994 0.6000000238
116974  -7.872  -65.227  -11.938 0.5000000000
117313  -16.149  -69.893  -10.757 0.5000000000
117317  -33.978  -84.633  -15.347 0.3000000119
117529  -11.980  -69.769  -8.160 0.6999999881
117742  -17.740  -72.951  -24.225 0.6000000238
117808  -38.539  -83.975  -8.551 0.3000000119
118110  -20.563  -79.492  -29.436 0.6000000238
118813  -14.992  -56.914  -11.811 0.3000000119
119240  -14.482  -83.431  -16.617 0.6999999881
120164  -13.900  -82.938  -12.661 0.6999999881
120186  -12.420  -61.273  -12.753 0.5000000000
120273  -11.880  -78.735  -24.619 0.6000000238
120454  -20.938  -74.317  -20.846 0.6000000238
121254  -26.036  -82.230  -16.960 0.3000000119
121536  -26.345  -82.239  -16.349 0.3000000119
121623  -12.202  -63.004  -11.025 0.5000000000
122308  -10.500  -69.674  -18.123 0.6000000238
122531  -18.978  -80.872  -29.357 0.5000000000
122809  -14.407  -72.419  -21.359 0.6000000238
122865  -10.159  -81.976  -15.627 0.5000000000
122878  -12.458  -82.421  -14.046 0.5000000000
122904  -36.294  -82.856  -17.921 0.3000000119
123227  -19.574  -76.635  -27.970 0.5000000000
123283  -11.394  -69.952  -17.706 0.5000000000
123395  -25.570  -82.759  -17.262 0.3000000119
123414  -14.917  -72.918  -7.290 0.8000000119
123634  -21.887  -83.192  -26.905 0.6000000238
123673  -14.807  -69.964  -17.053 0.5000000000
124139  -16.443  -73.356  -18.198 0.6000000238
124180  -31.478  -75.706  -17.299 0.3000000119
124265  -9.670  -65.607  -14.290 0.4000000060
124327  -15.336  -83.538  -14.269 0.6999999881
124380  -20.200  -73.954  -19.785 0.5000000000
124669  -25.523  -82.907  -23.078 0.5000000000
124904  -16.024  -81.683  -18.875 0.6999999881
124910  -14.309  -76.382  -20.736 0.6000000238
125156  -19.829  -58.570  -11.502 0.3000000119
125445  -9.001  -71.990  -16.363 0.5000000000
125738  -23.438  -79.661  -29.927 0.5000000000
125784  -33.030  -79.972  -16.739 0.3000000119
126003  -11.325  -61.794  -12.494 0.5000000000
126144  -22.558  -82.202  -29.846 0.6000000238
126154  -17.699  -72.494  -21.684 0.6000000238
126196  -34.806  -84.588  -15.048 0.3000000119
126382  -12.232  -78.190  -16.117 0.6000000238
126423  -25.662  -80.925  -24.490 0.6000000238
126538  -15.689  -61.656  -11.707 0.4000000060
126699  -28.281  -80.491  -17.053 0.4000000060
126762  -31.428  -78.023  -15.809 0.4000000060
126861  -17.346  -83.422  -24.847 0.3000000119
126941  -12.205  -79.422  -23.364 0.6999999881
127034  -31.448  -80.215  -20.989 0.4000000060
127044  -12.457  -72.444  -21.750 0.6000000238
127087  -12.045  -73.360  -22.297 0.6000000238
127125  -15.083  -72.537  -23.387 0.6000000238
127156  -17.477  -82.306  -27.711 0.6000000238
127668  -15.452  -79.581  -21.019 0.6999999881
127906  -22.658  -83.428  -28.551 0.6999999881
127989  -19.450  -59.638  -12.719 0.3000000119
128136  -16.267  -78.943  -21.982 0.6000000238
128143  -21.577  -77.263  -28.823 0.5000000000
128248  -18.622  -78.084  -18.082 0.6000000238
128777  -9.404  -63.805  -8.532 0.5000000000
128865  -28.492  -80.737  -17.653 0.4000000060
128961  -34.388  -79.801  -23.359 0.3000000119
128987  -12.408  -78.590  -25.341 0.6000000238
129288  -16.275  -73.048  -16.838 0.5000000000
129581  -15.317  -75.590  -12.690 0.8000000119
129753  -26.384  -88.805  -24.053 0.3000000119
129816  -30.034  -80.022  -14.681 0.3000000119
