#!ascii label  , from subject sub-v1s12x0050113_ses-1 vox2ras=TkReg
641
14002  -50.683  -70.575  -6.228 0.0000000000
113454  -50.913  -62.534  -13.337 0.0000000000
19250  -53.876  -65.096  -3.955 0.0000000000
17454  -51.084  -66.064  -9.774 0.0000000000
21152  -57.337  -62.199  -7.258 0.0000000000
16492  -48.357  -67.647  -4.590 0.0000000000
22900  -48.313  -60.659  -6.260 0.0000000000
27417  -43.266  -55.163  -4.910 0.0000000000
21067  -53.511  -62.880  -1.775 0.0000000000
19254  -56.492  -63.808  -3.841 0.0000000000
21953  -56.405  -61.713  -2.353 0.0000000000
19296  -48.769  -64.724  -6.796 0.0000000000
21148  -45.922  -62.030  -7.314 0.0000000000
29928  -44.301  -52.171  -3.472 0.0000000000
28287  -46.194  -54.846  -4.172 0.0000000000
14857  -47.509  -69.709  -8.749 0.0000000000
20233  -50.324  -63.319  -10.698 0.0000000000
19333  -45.975  -64.426  -10.644 0.0000000000
20280  -46.944  -63.474  -13.258 0.0000000000
14806  -53.277  -68.439  -5.504 0.0000000000
15664  -51.077  -68.318  -8.225 0.0000000000
18381  -55.079  -64.862  -8.935 0.0000000000
125420  -54.814  -61.690  -9.893 0.0000000000
126709  -51.530  -66.313  -6.045 0.0000000000
21119  -51.357  -62.937  -5.329 0.0000000000
22841  -50.479  -60.440  -3.479 0.0000000000
23820  -42.526  -59.362  -6.362 0.0000000000
24758  -45.526  -58.470  -6.514 0.0000000000
24736  -48.348  -58.205  -4.130 0.0000000000
25586  -50.518  -57.609  -2.257 0.0000000000
16567  -46.718  -67.151  -9.214 0.0000000000
23037  -53.886  -60.662  -15.450 0.0000000000
120938  -52.636  -63.934  -15.854 0.0000000000
17571  -50.517  -66.379  -17.860 0.0000000000
111036  -52.695  -61.059  -0.928 0.0000000000
20110  -55.144  -63.114  -0.963 0.0000000000
14842  -48.512  -70.212  -7.037 0.0000000000
21187  -50.680  -62.367  -11.617 0.0000000000
21184  -48.095  -62.782  -12.074 0.0000000000
21220  -49.092  -62.604  -13.243 0.0000000000
117331  -47.884  -64.575  -14.498 0.0000000000
20295  -50.278  -63.710  -14.466 0.0000000000
123645  -54.170  -66.866  -4.896 0.0000000000
17379  -55.276  -66.259  -4.574 0.0000000000
20172  -57.349  -63.043  -5.675 0.0000000000
111186  -56.790  -64.575  -6.745 0.0000000000
20211  -56.702  -63.533  -7.743 0.0000000000
20238  -55.187  -63.246  -9.310 0.0000000000
21162  -56.418  -62.098  -8.546 0.0000000000
15627  -51.351  -68.288  -5.155 0.0000000000
16513  -49.756  -67.431  -5.297 0.0000000000
20204  -48.869  -63.059  -7.235 0.0000000000
114252  -50.168  -63.792  -6.802 0.0000000000
21117  -50.025  -62.112  -5.914 0.0000000000
21099  -51.029  -61.922  -4.331 0.0000000000
22854  -49.636  -60.276  -4.338 0.0000000000
116377  -43.067  -57.110  -6.052 0.0000000000
24778  -44.408  -58.801  -7.052 0.0000000000
26504  -44.379  -56.484  -5.471 0.0000000000
27403  -47.721  -54.738  -3.203 0.0000000000
26492  -47.229  -56.906  -4.368 0.0000000000
26477  -48.508  -56.483  -3.484 0.0000000000
25601  -49.307  -57.762  -3.322 0.0000000000
16571  -51.608  -67.260  -9.190 0.0000000000
110106  -49.228  -67.611  -8.384 0.0000000000
17437  -48.490  -66.315  -9.134 0.0000000000
18411  -44.190  -65.367  -11.562 0.0000000000
107302  -52.369  -60.510  -14.501 0.0000000000
21248  -53.959  -62.103  -15.544 0.0000000000
19434  -51.371  -63.507  -18.756 0.0000000000
20144  -53.878  -64.161  -2.891 0.0000000000
18301  -55.095  -65.108  -3.773 0.0000000000
129418  -55.079  -63.585  -1.544 0.0000000000
21086  -56.460  -62.661  -2.832 0.0000000000
21978  -56.771  -61.844  -4.783 0.0000000000
17394  -48.642  -66.341  -5.682 0.0000000000
20187  -47.428  -63.761  -7.094 0.0000000000
22025  -47.233  -61.686  -7.441 0.0000000000
29113  -43.635  -53.524  -4.277 0.0000000000
124562  -44.928  -55.113  -4.662 0.0000000000
29115  -45.055  -53.304  -3.969 0.0000000000
29116  -46.681  -53.386  -3.318 0.0000000000
29093  -48.086  -53.338  -2.529 0.0000000000
18395  -50.694  -65.249  -10.068 0.0000000000
18393  -48.535  -65.245  -9.778 0.0000000000
20231  -47.986  -63.689  -10.716 0.0000000000
20248  -45.797  -63.581  -11.975 0.0000000000
19387  -45.337  -64.588  -13.969 0.0000000000
18447  -45.572  -65.613  -15.294 0.0000000000
17517  -47.317  -66.081  -15.871 0.0000000000
17569  -48.691  -66.981  -17.110 0.0000000000
13181  -52.273  -70.382  -5.774 0.0000000000
14018  -51.167  -69.911  -6.772 0.0000000000
14861  -53.295  -68.407  -7.895 0.0000000000
16573  -53.226  -67.034  -9.230 0.0000000000
17399  -56.422  -65.830  -5.833 0.0000000000
17435  -55.327  -66.027  -8.291 0.0000000000
111061  -53.162  -65.946  -9.553 0.0000000000
111198  -52.950  -64.223  -9.922 0.0000000000
20235  -52.406  -63.114  -10.205 0.0000000000
21189  -52.536  -61.834  -10.988 0.0000000000
115764  -51.956  -69.914  -4.850 0.0000000000
16516  -52.707  -67.405  -5.439 0.0000000000
18339  -53.185  -65.914  -5.247 0.0000000000
18360  -50.614  -65.467  -6.483 0.0000000000
19277  -52.002  -64.518  -5.828 0.0000000000
19266  -52.813  -64.099  -4.636 0.0000000000
21085  -52.424  -62.903  -3.266 0.0000000000
129773  -51.724  -61.592  -2.851 0.0000000000
22830  -51.619  -60.312  -1.905 0.0000000000
22897  -44.282  -60.671  -7.179 0.0000000000
22921  -45.986  -60.563  -7.411 0.0000000000
23825  -47.354  -59.586  -6.224 0.0000000000
26506  -45.845  -57.033  -5.164 0.0000000000
24734  -47.216  -57.998  -4.856 0.0000000000
23808  -48.522  -59.525  -5.048 0.0000000000
129758  -49.301  -59.069  -3.790 0.0000000000
23772  -50.139  -58.849  -2.979 0.0000000000
15651  -49.300  -68.810  -7.447 0.0000000000
15678  -46.713  -68.043  -9.346 0.0000000000
109991  -46.269  -65.745  -9.879 0.0000000000
16586  -44.931  -66.705  -10.719 0.0000000000
22044  -55.849  -60.925  -9.755 0.0000000000
22056  -54.051  -61.117  -11.120 0.0000000000
22069  -53.259  -61.678  -12.352 0.0000000000
21223  -53.903  -62.255  -13.900 0.0000000000
21233  -51.593  -63.100  -14.064 0.0000000000
19391  -50.857  -64.486  -14.969 0.0000000000
18461  -50.129  -66.147  -15.998 0.0000000000
22817  -52.277  -60.376  -1.042 0.0000000000
21933  -53.490  -61.527  -0.741 0.0000000000
14000  -48.771  -71.156  -6.468 0.0000000000
14833  -49.112  -70.224  -6.568 0.0000000000
21205  -50.320  -62.305  -12.526 0.0000000000
21204  -49.459  -62.403  -12.545 0.0000000000
112918  -49.965  -62.539  -13.329 0.0000000000
20283  -49.649  -63.068  -13.877 0.0000000000
20284  -50.575  -63.052  -13.969 0.0000000000
119979  -54.250  -65.575  -4.228 0.0000000000
17378  -54.768  -66.595  -4.635 0.0000000000
18320  -54.985  -65.770  -4.242 0.0000000000
21120  -57.387  -62.431  -6.186 0.0000000000
20191  -57.130  -63.565  -6.619 0.0000000000
20212  -57.009  -62.916  -7.515 0.0000000000
20223  -56.623  -62.795  -8.142 0.0000000000
21156  -56.991  -62.256  -7.784 0.0000000000
15611  -48.577  -68.506  -4.273 0.0000000000
15612  -49.383  -68.733  -4.451 0.0000000000
16494  -49.979  -68.250  -4.879 0.0000000000
16493  -49.152  -67.948  -4.805 0.0000000000
22011  -48.595  -61.395  -6.725 0.0000000000
21135  -49.564  -62.477  -6.765 0.0000000000
22012  -49.333  -61.732  -6.356 0.0000000000
21990  -49.685  -61.424  -5.379 0.0000000000
22873  -49.373  -60.659  -4.983 0.0000000000
28284  -42.643  -54.543  -4.531 0.0000000000
28283  -41.739  -54.747  -4.255 0.0000000000
27416  -42.269  -55.451  -4.771 0.0000000000
126334  -42.268  -56.196  -5.154 0.0000000000
26503  -43.476  -56.477  -5.602 0.0000000000
25628  -43.928  -57.121  -6.053 0.0000000000
27433  -43.862  -55.819  -5.173 0.0000000000
28276  -48.451  -54.753  -2.724 0.0000000000
27404  -48.324  -55.512  -3.192 0.0000000000
26466  -49.035  -55.955  -2.870 0.0000000000
27390  -48.950  -55.128  -2.577 0.0000000000
17440  -51.377  -66.685  -9.472 0.0000000000
16569  -49.918  -66.962  -8.879 0.0000000000
17439  -50.550  -66.506  -9.418 0.0000000000
129018  -52.655  -61.958  -16.901 0.0000000000
20334  -52.009  -63.283  -18.092 0.0000000000
20333  -51.399  -62.569  -18.569 0.0000000000
20127  -53.039  -63.071  -2.555 0.0000000000
20145  -54.518  -63.790  -2.269 0.0000000000
21068  -54.409  -63.335  -1.482 0.0000000000
21069  -56.024  -62.627  -0.951 0.0000000000
21070  -56.402  -62.440  -1.650 0.0000000000
21071  -56.538  -62.323  -2.315 0.0000000000
129970  -56.552  -62.349  -3.471 0.0000000000
21966  -56.116  -61.537  -3.348 0.0000000000
21150  -47.553  -62.455  -7.441 0.0000000000
21149  -46.643  -62.414  -7.388 0.0000000000
126269  -43.198  -52.975  -4.031 0.0000000000
29114  -44.154  -52.880  -3.987 0.0000000000
29133  -44.358  -53.750  -4.310 0.0000000000
109999  -45.004  -52.471  -3.525 0.0000000000
29117  -47.479  -53.820  -2.960 0.0000000000
14883  -46.941  -69.473  -10.600 0.0000000000
115929  -50.536  -64.280  -10.375 0.0000000000
117053  -50.039  -64.725  -10.227 0.0000000000
116656  -49.734  -63.974  -10.479 0.0000000000
20268  -47.453  -63.000  -12.711 0.0000000000
112767  -47.256  -63.157  -11.838 0.0000000000
20279  -45.940  -63.674  -12.956 0.0000000000
110378  -45.842  -64.199  -13.629 0.0000000000
18438  -45.908  -65.146  -14.690 0.0000000000
18440  -48.621  -65.006  -14.879 0.0000000000
18449  -47.620  -65.673  -15.325 0.0000000000
17518  -48.343  -66.132  -15.853 0.0000000000
121074  -48.000  -66.480  -16.521 0.0000000000
17519  -49.296  -66.177  -15.874 0.0000000000
13971  -53.063  -69.246  -5.686 0.0000000000
14005  -52.782  -69.882  -6.174 0.0000000000
15668  -53.450  -67.798  -8.430 0.0000000000
126160  -54.411  -67.280  -8.072 0.0000000000
118014  -55.801  -64.189  -3.452 0.0000000000
18321  -56.066  -65.413  -4.546 0.0000000000
18322  -56.680  -64.979  -4.977 0.0000000000
108085  -56.261  -65.162  -7.597 0.0000000000
17444  -55.229  -65.448  -8.679 0.0000000000
18380  -54.549  -65.529  -9.098 0.0000000000
18399  -54.144  -65.306  -9.356 0.0000000000
110214  -53.052  -65.071  -9.772 0.0000000000
20237  -54.313  -63.239  -9.672 0.0000000000
115705  -53.752  -62.297  -10.034 0.0000000000
21172  -52.839  -62.288  -10.393 0.0000000000
22041  -53.374  -61.655  -10.630 0.0000000000
16515  -51.690  -67.608  -5.492 0.0000000000
15628  -52.045  -68.349  -5.248 0.0000000000
17398  -52.708  -66.404  -5.534 0.0000000000
18358  -48.744  -65.593  -6.323 0.0000000000
17415  -49.307  -66.014  -6.189 0.0000000000
18359  -49.637  -65.304  -6.574 0.0000000000
20169  -50.869  -63.289  -6.132 0.0000000000
20190  -50.887  -64.072  -6.469 0.0000000000
20170  -51.601  -63.806  -5.817 0.0000000000
19265  -52.271  -64.088  -5.321 0.0000000000
20157  -52.120  -63.363  -4.812 0.0000000000
20142  -52.664  -63.534  -3.911 0.0000000000
21100  -51.547  -62.657  -4.535 0.0000000000
114721  -50.606  -61.162  -3.948 0.0000000000
21963  -51.353  -61.588  -3.445 0.0000000000
21949  -50.966  -60.923  -3.261 0.0000000000
21950  -51.518  -61.073  -2.582 0.0000000000
22829  -51.004  -60.329  -2.745 0.0000000000
22896  -43.595  -60.187  -7.028 0.0000000000
111848  -44.881  -58.437  -6.734 0.0000000000
23852  -45.273  -59.782  -7.352 0.0000000000
112495  -45.806  -59.147  -6.870 0.0000000000
22898  -46.778  -60.051  -6.989 0.0000000000
23824  -46.591  -59.321  -6.557 0.0000000000
27419  -45.601  -55.405  -4.582 0.0000000000
26490  -45.839  -56.269  -4.790 0.0000000000
25617  -47.884  -57.575  -4.240 0.0000000000
25616  -47.348  -57.641  -4.583 0.0000000000
24735  -47.749  -58.143  -4.544 0.0000000000
24747  -47.510  -58.504  -5.051 0.0000000000
23794  -48.252  -58.795  -4.635 0.0000000000
23795  -48.836  -59.291  -4.470 0.0000000000
23783  -48.878  -58.827  -4.025 0.0000000000
25585  -49.835  -57.242  -2.736 0.0000000000
24711  -50.003  -58.080  -2.898 0.0000000000
24712  -50.613  -58.418  -2.302 0.0000000000
23758  -51.158  -58.868  -1.763 0.0000000000
14858  -51.324  -68.768  -7.785 0.0000000000
112032  -49.939  -69.189  -7.156 0.0000000000
15652  -50.428  -68.625  -7.716 0.0000000000
16555  -47.825  -67.469  -8.577 0.0000000000
115072  -47.715  -68.146  -8.372 0.0000000000
15696  -46.500  -68.509  -10.267 0.0000000000
16588  -46.267  -67.594  -9.913 0.0000000000
18392  -47.592  -65.017  -9.896 0.0000000000
123567  -47.008  -65.542  -9.700 0.0000000000
106935  -46.593  -64.853  -10.179 0.0000000000
17466  -43.771  -66.131  -11.759 0.0000000000
17467  -44.278  -66.317  -11.261 0.0000000000
22037  -57.039  -61.249  -8.828 0.0000000000
22938  -57.139  -60.494  -9.520 0.0000000000
22070  -54.676  -61.083  -12.378 0.0000000000
121430  -53.865  -61.372  -12.029 0.0000000000
21208  -54.150  -61.750  -13.049 0.0000000000
20299  -53.528  -62.717  -15.579 0.0000000000
21235  -53.602  -62.723  -14.705 0.0000000000
20298  -53.122  -63.346  -15.236 0.0000000000
21234  -52.680  -63.122  -14.267 0.0000000000
20297  -52.256  -63.720  -14.847 0.0000000000
20296  -51.228  -63.714  -14.623 0.0000000000
19392  -51.787  -64.392  -15.284 0.0000000000
19416  -51.371  -65.219  -17.270 0.0000000000
18462  -50.917  -65.724  -16.388 0.0000000000
17546  -50.393  -66.338  -16.831 0.0000000000
21932  -52.675  -61.675  -1.465 0.0000000000
21047  -54.162  -62.536  -0.878 0.0000000000
21048  -55.333  -62.013  -0.803 0.0000000000
21952  -55.537  -60.918  -1.281 0.0000000000
30758  -44.850  -51.693  -3.038 0.0000000000
30743  -45.477  -51.141  -2.635 0.0000000000
14016  -47.906  -70.205  -7.853 0.0000000000
20252  -50.243  -62.743  -11.143 0.0000000000
20251  -49.464  -63.072  -10.982 0.0000000000
21186  -49.824  -62.517  -11.693 0.0000000000
21203  -48.741  -62.540  -12.556 0.0000000000
20281  -47.858  -63.352  -13.502 0.0000000000
19380  -47.462  -64.000  -13.982 0.0000000000
123952  -48.466  -64.088  -14.272 0.0000000000
20294  -49.415  -63.841  -14.347 0.0000000000
18441  -49.410  -64.711  -14.823 0.0000000000
16497  -54.295  -67.340  -5.023 0.0000000000
15617  -54.636  -67.454  -5.130 0.0000000000
16518  -55.174  -67.309  -5.241 0.0000000000
16499  -55.688  -66.860  -5.301 0.0000000000
20171  -57.213  -63.641  -5.210 0.0000000000
19279  -57.000  -64.402  -5.551 0.0000000000
19280  -57.176  -63.655  -5.957 0.0000000000
19311  -56.786  -64.087  -7.312 0.0000000000
19318  -56.029  -64.182  -8.414 0.0000000000
122786  -55.263  -63.935  -9.087 0.0000000000
20222  -55.927  -63.717  -8.620 0.0000000000
21160  -55.745  -62.781  -9.042 0.0000000000
21174  -55.288  -62.246  -9.474 0.0000000000
16514  -50.718  -67.726  -5.349 0.0000000000
17397  -51.199  -66.937  -5.841 0.0000000000
20189  -49.247  -63.900  -7.086 0.0000000000
19297  -49.635  -64.495  -6.852 0.0000000000
117352  -49.655  -63.223  -6.978 0.0000000000
21136  -50.218  -62.872  -6.425 0.0000000000
21118  -50.648  -62.554  -5.574 0.0000000000
111580  -50.962  -62.404  -4.903 0.0000000000
21991  -50.385  -61.874  -4.973 0.0000000000
21976  -50.022  -61.077  -4.562 0.0000000000
22855  -50.125  -60.577  -4.035 0.0000000000
126593  -42.401  -57.213  -5.834 0.0000000000
24756  -42.923  -58.600  -6.562 0.0000000000
23821  -43.238  -59.366  -6.840 0.0000000000
25639  -43.413  -57.863  -6.459 0.0000000000
25640  -44.336  -57.984  -6.524 0.0000000000
25641  -45.152  -57.927  -6.299 0.0000000000
27402  -46.986  -55.184  -3.855 0.0000000000
27421  -47.121  -55.979  -4.137 0.0000000000
122216  -47.599  -55.526  -3.636 0.0000000000
26476  -47.805  -56.226  -3.811 0.0000000000
25600  -48.570  -57.470  -3.725 0.0000000000
24723  -48.850  -58.227  -3.712 0.0000000000
25584  -49.194  -56.859  -3.180 0.0000000000
26468  -50.369  -56.776  -2.279 0.0000000000
16558  -51.189  -67.765  -8.692 0.0000000000
120941  -50.584  -68.098  -8.289 0.0000000000
16557  -50.295  -67.601  -8.563 0.0000000000
16556  -48.691  -66.985  -8.751 0.0000000000
17433  -47.581  -66.797  -8.919 0.0000000000
18412  -44.866  -64.772  -11.118 0.0000000000
22131  -53.207  -60.968  -15.834 0.0000000000
22132  -53.701  -61.310  -15.810 0.0000000000
22155  -52.986  -61.609  -16.446 0.0000000000
20305  -53.219  -63.028  -16.138 0.0000000000
114320  -52.042  -64.683  -15.960 0.0000000000
19417  -51.777  -64.365  -17.721 0.0000000000
112985  -51.259  -64.691  -18.434 0.0000000000
112543  -54.040  -64.766  -3.292 0.0000000000
112153  -54.515  -65.149  -3.712 0.0000000000
19251  -54.502  -64.443  -2.938 0.0000000000
19234  -55.137  -63.937  -2.393 0.0000000000
19253  -55.472  -63.830  -2.828 0.0000000000
19235  -55.706  -63.501  -2.222 0.0000000000
20146  -56.663  -63.010  -3.558 0.0000000000
21101  -56.907  -62.516  -4.325 0.0000000000
21102  -57.248  -62.290  -5.377 0.0000000000
21993  -57.342  -61.724  -6.158 0.0000000000
16512  -48.926  -67.129  -5.156 0.0000000000
18357  -47.991  -65.263  -6.363 0.0000000000
19295  -47.748  -64.530  -6.746 0.0000000000
20188  -48.339  -63.883  -7.135 0.0000000000
20203  -47.941  -63.154  -7.365 0.0000000000
22026  -48.081  -61.860  -7.332 0.0000000000
22010  -47.818  -61.100  -7.061 0.0000000000
29131  -42.915  -53.738  -4.284 0.0000000000
29132  -43.644  -54.334  -4.546 0.0000000000
27418  -44.196  -55.143  -4.778 0.0000000000
28285  -44.597  -54.508  -4.513 0.0000000000
29134  -45.064  -54.007  -4.291 0.0000000000
28273  -45.863  -53.914  -3.905 0.0000000000
116703  -45.842  -52.914  -3.477 0.0000000000
28274  -46.826  -54.316  -3.574 0.0000000000
28275  -48.245  -54.131  -2.571 0.0000000000
18396  -51.604  -65.569  -9.929 0.0000000000
18379  -50.230  -65.851  -9.742 0.0000000000
18394  -49.954  -65.260  -9.976 0.0000000000
19335  -48.265  -64.431  -10.191 0.0000000000
19334  -47.363  -64.247  -10.406 0.0000000000
19354  -45.864  -63.912  -11.179 0.0000000000
19377  -44.458  -64.616  -13.518 0.0000000000
112472  -46.903  -65.185  -14.803 0.0000000000
18448  -46.619  -65.627  -15.315 0.0000000000
17543  -45.978  -66.484  -16.558 0.0000000000
17567  -46.598  -66.879  -17.154 0.0000000000
17568  -47.630  -66.885  -17.204 0.0000000000
13196  -51.832  -70.731  -5.794 0.0000000000
14003  -51.660  -70.368  -6.390 0.0000000000
14020  -52.096  -69.831  -6.835 0.0000000000
14859  -51.995  -68.770  -7.870 0.0000000000
14847  -53.026  -69.046  -7.306 0.0000000000
15666  -52.219  -68.217  -8.454 0.0000000000
15681  -52.417  -67.668  -8.931 0.0000000000
112883  -52.099  -67.333  -9.225 0.0000000000
17441  -52.023  -66.839  -9.484 0.0000000000
17364  -55.460  -65.633  -4.335 0.0000000000
120489  -56.117  -66.289  -5.420 0.0000000000
18362  -56.644  -65.215  -6.277 0.0000000000
17419  -56.300  -65.852  -6.515 0.0000000000
17434  -54.796  -66.149  -8.703 0.0000000000
17442  -53.166  -66.481  -9.425 0.0000000000
17456  -52.551  -66.302  -9.606 0.0000000000
126277  -52.235  -65.807  -9.798 0.0000000000
19338  -52.297  -65.052  -9.947 0.0000000000
112406  -51.935  -63.952  -10.160 0.0000000000
111688  -53.916  -64.099  -9.681 0.0000000000
20236  -53.358  -63.200  -9.972 0.0000000000
125981  -51.652  -63.065  -10.435 0.0000000000
21171  -51.991  -62.429  -10.716 0.0000000000
21188  -51.671  -62.141  -11.472 0.0000000000
21206  -51.977  -62.044  -12.374 0.0000000000
13180  -51.841  -70.830  -5.307 0.0000000000
13167  -52.124  -70.384  -5.349 0.0000000000
124472  -52.578  -69.108  -5.371 0.0000000000
14803  -51.560  -69.773  -4.702 0.0000000000
14804  -52.026  -69.137  -5.037 0.0000000000
15615  -53.491  -67.975  -5.332 0.0000000000
16496  -53.603  -67.456  -5.193 0.0000000000
16517  -53.562  -66.565  -5.126 0.0000000000
18318  -53.738  -65.628  -4.721 0.0000000000
17395  -49.492  -66.663  -5.759 0.0000000000
17396  -50.335  -66.864  -5.814 0.0000000000
17417  -50.857  -66.243  -6.189 0.0000000000
19298  -50.379  -64.667  -6.687 0.0000000000
19299  -51.329  -64.769  -6.384 0.0000000000
18361  -51.429  -65.672  -6.257 0.0000000000
18338  -52.648  -65.620  -5.567 0.0000000000
18317  -53.334  -64.856  -4.591 0.0000000000
19249  -53.440  -64.293  -3.758 0.0000000000
20143  -53.132  -63.631  -3.095 0.0000000000
21084  -51.700  -62.391  -3.791 0.0000000000
21065  -51.993  -62.078  -3.023 0.0000000000
21951  -52.098  -61.634  -2.316 0.0000000000
21931  -52.122  -61.029  -1.677 0.0000000000
22919  -44.422  -60.019  -7.348 0.0000000000
22920  -44.997  -60.654  -7.416 0.0000000000
22023  -45.520  -61.393  -7.374 0.0000000000
22922  -46.950  -60.869  -7.304 0.0000000000
22899  -47.563  -60.347  -6.653 0.0000000000
26489  -44.867  -55.816  -4.987 0.0000000000
26505  -45.196  -56.553  -5.245 0.0000000000
24745  -45.936  -57.789  -5.751 0.0000000000
128112  -46.420  -56.846  -4.726 0.0000000000
25630  -46.677  -57.497  -4.933 0.0000000000
24746  -46.803  -58.188  -5.368 0.0000000000
23806  -47.094  -58.868  -5.764 0.0000000000
23807  -47.824  -59.171  -5.391 0.0000000000
22872  -48.756  -60.266  -5.391 0.0000000000
22853  -49.116  -59.885  -4.706 0.0000000000
23796  -49.334  -59.503  -4.088 0.0000000000
22840  -49.925  -59.954  -3.765 0.0000000000
24724  -49.423  -58.605  -3.482 0.0000000000
23785  -50.434  -59.635  -3.046 0.0000000000
23774  -51.095  -59.615  -2.175 0.0000000000
23759  -51.789  -59.511  -1.265 0.0000000000
14834  -50.047  -69.846  -6.630 0.0000000000
15650  -48.399  -69.320  -7.451 0.0000000000
15662  -47.753  -69.015  -8.066 0.0000000000
125991  -48.515  -68.385  -7.929 0.0000000000
15679  -47.182  -68.658  -8.819 0.0000000000
125592  -46.858  -68.838  -9.725 0.0000000000
18378  -48.785  -65.852  -9.478 0.0000000000
18377  -47.819  -65.850  -9.411 0.0000000000
17453  -46.208  -66.643  -9.762 0.0000000000
18390  -44.799  -65.697  -10.781 0.0000000000
17452  -45.517  -66.152  -10.227 0.0000000000
16587  -45.671  -67.156  -10.320 0.0000000000
21977  -56.323  -61.579  -4.339 0.0000000000
21992  -57.024  -61.556  -5.632 0.0000000000
22013  -57.494  -61.172  -6.726 0.0000000000
22032  -57.352  -61.560  -7.801 0.0000000000
21155  -56.922  -61.832  -8.249 0.0000000000
22036  -56.410  -61.363  -9.157 0.0000000000
22043  -55.291  -61.358  -9.827 0.0000000000
110975  -56.055  -60.310  -10.511 0.0000000000
22943  -55.358  -60.672  -10.514 0.0000000000
22042  -54.714  -61.078  -10.424 0.0000000000
22055  -53.220  -61.516  -11.415 0.0000000000
22068  -52.487  -61.756  -11.821 0.0000000000
21249  -54.226  -61.438  -15.399 0.0000000000
22081  -54.582  -61.655  -14.065 0.0000000000
125406  -53.440  -62.140  -13.156 0.0000000000
21221  -52.008  -62.512  -13.297 0.0000000000
19390  -50.053  -64.388  -14.799 0.0000000000
19395  -50.298  -65.086  -15.202 0.0000000000
18452  -50.464  -65.647  -15.651 0.0000000000
17545  -49.792  -66.587  -16.515 0.0000000000
13970  -52.425  -69.805  -5.310 0.0000000000
13986  -52.689  -69.997  -5.806 0.0000000000
14004  -52.280  -70.199  -6.289 0.0000000000
14019  -51.725  -69.887  -6.826 0.0000000000
14805  -52.662  -68.693  -5.352 0.0000000000
14843  -49.140  -69.527  -6.946 0.0000000000
14844  -50.816  -69.305  -7.245 0.0000000000
14845  -51.687  -69.431  -7.283 0.0000000000
14846  -52.356  -69.285  -7.358 0.0000000000
14860  -52.607  -68.664  -7.925 0.0000000000
14871  -47.205  -69.522  -9.634 0.0000000000
15613  -50.766  -68.638  -4.871 0.0000000000
15614  -51.477  -68.980  -4.889 0.0000000000
15616  -53.984  -67.830  -5.268 0.0000000000
15663  -49.716  -68.157  -8.022 0.0000000000
15665  -51.643  -68.274  -8.366 0.0000000000
15667  -52.821  -68.093  -8.497 0.0000000000
15669  -53.973  -67.443  -8.391 0.0000000000
15680  -51.875  -67.747  -8.851 0.0000000000
15682  -53.019  -67.534  -8.973 0.0000000000
15683  -53.600  -67.237  -8.862 0.0000000000
16495  -52.806  -68.221  -5.333 0.0000000000
16498  -55.216  -66.897  -4.867 0.0000000000
16559  -54.980  -66.747  -8.058 0.0000000000
16568  -47.217  -67.694  -8.788 0.0000000000
16570  -50.886  -67.122  -9.069 0.0000000000
16572  -52.628  -67.054  -9.350 0.0000000000
16574  -53.708  -66.626  -9.167 0.0000000000
16575  -54.268  -66.841  -8.665 0.0000000000
16598  -44.522  -67.233  -11.359 0.0000000000
16657  -47.160  -67.414  -17.850 0.0000000000
17377  -54.227  -66.196  -4.641 0.0000000000
17380  -55.783  -66.215  -4.851 0.0000000000
17416  -50.040  -66.111  -6.259 0.0000000000
17418  -52.101  -66.012  -5.969 0.0000000000
17429  -56.089  -65.737  -7.290 0.0000000000
17438  -49.486  -66.290  -9.333 0.0000000000
17443  -53.778  -65.917  -9.352 0.0000000000
17455  -51.834  -66.245  -9.708 0.0000000000
17479  -43.240  -66.448  -12.287 0.0000000000
17516  -46.286  -66.037  -15.932 0.0000000000
17544  -46.957  -66.460  -16.538 0.0000000000
18302  -55.615  -64.932  -3.915 0.0000000000
18303  -56.302  -64.646  -4.188 0.0000000000
18319  -54.601  -65.826  -4.318 0.0000000000
18337  -52.052  -65.228  -5.982 0.0000000000
18340  -56.361  -65.685  -5.232 0.0000000000
18341  -56.716  -65.157  -5.663 0.0000000000
18372  -56.476  -65.186  -6.978 0.0000000000
18391  -45.583  -65.122  -10.458 0.0000000000
18397  -52.810  -65.630  -9.705 0.0000000000
18398  -53.543  -65.368  -9.555 0.0000000000
18400  -54.593  -64.972  -9.214 0.0000000000
18439  -47.791  -65.164  -14.876 0.0000000000
18450  -48.578  -65.675  -15.352 0.0000000000
18476  -50.938  -65.736  -17.510 0.0000000000
19252  -54.918  -64.630  -3.179 0.0000000000
19267  -56.923  -64.185  -4.692 0.0000000000
19278  -52.657  -64.791  -5.355 0.0000000000
19300  -56.995  -64.174  -6.306 0.0000000000
19319  -56.444  -64.131  -7.917 0.0000000000
19325  -55.676  -64.794  -8.545 0.0000000000
19332  -45.450  -64.413  -10.943 0.0000000000
19336  -49.265  -64.716  -10.125 0.0000000000
19337  -51.362  -64.666  -10.197 0.0000000000
19339  -53.577  -64.769  -9.679 0.0000000000
19355  -46.562  -64.034  -10.756 0.0000000000
19379  -46.589  -64.073  -13.773 0.0000000000
19389  -47.143  -64.609  -14.386 0.0000000000
20128  -53.751  -63.484  -2.347 0.0000000000
20129  -55.760  -63.309  -1.475 0.0000000000
20130  -56.074  -63.412  -2.924 0.0000000000
20158  -57.274  -63.001  -4.986 0.0000000000
20192  -57.325  -63.060  -6.375 0.0000000000
20202  -47.201  -63.062  -7.351 0.0000000000
20205  -57.019  -63.537  -7.155 0.0000000000
20206  -57.280  -62.993  -6.947 0.0000000000
20210  -56.306  -63.589  -8.289 0.0000000000
20221  -55.666  -63.534  -8.898 0.0000000000
20232  -48.861  -63.806  -10.559 0.0000000000
20234  -51.115  -63.630  -10.463 0.0000000000
20267  -46.626  -63.331  -12.382 0.0000000000
20282  -48.752  -63.207  -13.722 0.0000000000
21046  -53.276  -62.236  -1.319 0.0000000000
21066  -52.685  -62.360  -2.260 0.0000000000
21133  -45.836  -62.726  -6.977 0.0000000000
21134  -48.861  -62.131  -7.123 0.0000000000
21137  -57.448  -61.869  -6.724 0.0000000000
21151  -48.266  -62.541  -7.354 0.0000000000
21161  -56.068  -62.281  -8.837 0.0000000000
21170  -51.053  -62.698  -10.877 0.0000000000
21173  -54.621  -62.378  -9.722 0.0000000000
21185  -48.980  -62.640  -11.783 0.0000000000
21202  -48.252  -62.704  -13.027 0.0000000000
21207  -52.691  -62.094  -12.770 0.0000000000
21222  -53.099  -62.608  -13.647 0.0000000000
21236  -54.285  -61.984  -14.809 0.0000000000
21269  -53.491  -62.156  -16.171 0.0000000000
21954  -56.489  -61.980  -2.977 0.0000000000
21967  -56.449  -61.912  -3.854 0.0000000000
21989  -48.994  -61.033  -5.820 0.0000000000
22024  -46.368  -61.487  -7.417 0.0000000000
22027  -57.554  -61.299  -7.265 0.0000000000
22035  -55.793  -61.845  -9.263 0.0000000000
22103  -52.392  -60.847  -15.230 0.0000000000
22104  -54.726  -61.143  -14.894 0.0000000000
22133  -54.237  -60.919  -15.404 0.0000000000
22861  -56.584  -61.372  -5.175 0.0000000000
22871  -48.068  -59.916  -5.827 0.0000000000
22879  -56.945  -61.020  -6.000 0.0000000000
22880  -57.245  -61.198  -6.232 0.0000000000
22944  -56.464  -60.582  -9.835 0.0000000000
23773  -50.668  -59.077  -2.436 0.0000000000
23784  -49.722  -59.280  -3.537 0.0000000000
23822  -44.605  -59.401  -7.275 0.0000000000
23823  -45.072  -58.977  -7.101 0.0000000000
23851  -43.964  -59.389  -7.211 0.0000000000
23853  -46.088  -59.756  -7.193 0.0000000000
24757  -43.702  -58.656  -6.858 0.0000000000
24759  -46.329  -58.582  -6.172 0.0000000000
25599  -48.030  -56.931  -3.995 0.0000000000
25626  -41.901  -57.783  -5.804 0.0000000000
25627  -42.617  -57.828  -6.249 0.0000000000
25629  -44.979  -57.220  -5.790 0.0000000000
26491  -46.598  -56.359  -4.494 0.0000000000
26502  -42.662  -56.593  -5.575 0.0000000000
27420  -46.400  -55.678  -4.378 0.0000000000
27432  -42.969  -55.898  -5.264 0.0000000000
28286  -45.381  -54.632  -4.394 0.0000000000
108264  -53.132  -65.351  -5.119 0.0000000000
108601  -56.126  -63.042  -8.640 0.0000000000
108888  -54.723  -64.025  -9.381 0.0000000000
109817  -55.267  -64.430  -3.250 0.0000000000
109982  -52.218  -69.526  -5.096 0.0000000000
110787  -51.226  -62.204  -12.458 0.0000000000
111624  -54.163  -61.570  -10.209 0.0000000000
112420  -56.981  -63.997  -6.844 0.0000000000
113049  -48.991  -66.559  -16.462 0.0000000000
113756  -54.222  -66.204  -9.048 0.0000000000
114191  -52.024  -66.773  -5.767 0.0000000000
114502  -57.031  -63.382  -4.414 0.0000000000
119557  -55.824  -65.470  -8.070 0.0000000000
120179  -52.971  -62.360  -16.718 0.0000000000
120931  -57.376  -62.525  -6.706 0.0000000000
121306  -56.244  -63.012  -2.091 0.0000000000
121383  -49.414  -65.556  -9.739 0.0000000000
123205  -52.103  -62.963  -4.070 0.0000000000
124298  -55.521  -64.196  -8.806 0.0000000000
124421  -48.323  -67.709  -8.360 0.0000000000
124722  -46.902  -66.280  -9.413 0.0000000000
126842  -56.221  -61.491  -1.585 0.0000000000
126852  -56.874  -64.729  -6.092 0.0000000000
127943  -50.498  -61.517  -4.458 0.0000000000
128321  -54.803  -67.125  -4.857 0.0000000000
