#!ascii label  , from subject sub-v1s12x0050113_ses-1 vox2ras=TkReg
337
124020  -30.525  -12.320  -23.790 0.0000000000
67670  -28.187  -7.372  -23.337 0.0000000000
77046  -24.731  4.769  -26.936 0.0000000000
119007  -26.714  0.772  -25.613 0.0000000000
70786  -30.499  -3.395  -24.619 0.0000000000
66917  -34.047  -8.199  -25.110 0.0000000000
78451  -23.810  6.579  -27.179 0.0000000000
72332  -29.157  -1.313  -24.552 0.0000000000
70783  -27.825  -3.290  -24.382 0.0000000000
66146  -29.384  -9.548  -23.513 0.0000000000
67677  -30.677  -7.553  -24.146 0.0000000000
65341  -31.985  -10.561  -24.548 0.0000000000
61237  -26.950  -15.567  -21.739 0.0000000000
64549  -28.151  -11.392  -22.859 0.0000000000
82354  -23.350  11.917  -27.524 0.0000000000
80802  -24.029  10.110  -29.605 0.0000000000
80774  -25.167  8.919  -28.745 0.0000000000
120294  -26.537  7.844  -27.030 0.0000000000
78437  -27.443  6.340  -25.533 0.0000000000
76288  -26.063  2.923  -26.548 0.0000000000
76252  -28.980  3.586  -24.189 0.0000000000
74717  -29.750  1.534  -23.993 0.0000000000
73175  -31.417  -0.729  -24.499 0.0000000000
71533  -33.123  -3.089  -26.363 0.0000000000
69253  -29.394  -5.328  -23.870 0.0000000000
120932  -32.539  -5.636  -25.826 0.0000000000
71510  -26.436  -2.631  -24.758 0.0000000000
70781  -26.094  -3.641  -24.744 0.0000000000
65335  -30.030  -10.766  -23.852 0.0000000000
65339  -30.543  -10.098  -24.110 0.0000000000
64561  -31.466  -11.213  -24.416 0.0000000000
57896  -27.203  -19.963  -20.812 0.0000000000
57913  -27.688  -19.364  -21.099 0.0000000000
108267  -28.315  -17.967  -21.695 0.0000000000
65328  -27.056  -10.542  -22.622 0.0000000000
122449  -26.787  -11.647  -22.423 0.0000000000
80788  -24.284  9.614  -29.230 0.0000000000
77781  -24.449  5.411  -27.021 0.0000000000
78465  -25.297  6.495  -27.547 0.0000000000
77783  -25.791  5.898  -27.197 0.0000000000
78454  -26.934  6.671  -26.202 0.0000000000
77748  -26.377  5.060  -26.578 0.0000000000
75500  -27.049  2.308  -25.714 0.0000000000
76270  -27.270  3.157  -25.709 0.0000000000
115267  -27.879  2.696  -25.238 0.0000000000
76253  -29.458  2.915  -23.948 0.0000000000
74716  -28.792  1.494  -24.500 0.0000000000
71512  -29.459  -2.044  -24.525 0.0000000000
73174  -30.448  -0.775  -24.480 0.0000000000
71514  -31.221  -2.561  -24.832 0.0000000000
72350  -32.683  -1.781  -25.570 0.0000000000
70794  -31.937  -3.606  -25.515 0.0000000000
116752  -27.600  -6.580  -23.475 0.0000000000
69251  -27.498  -5.575  -23.762 0.0000000000
68455  -28.583  -6.683  -23.512 0.0000000000
117081  -32.491  -7.799  -24.796 0.0000000000
67679  -32.040  -6.970  -24.864 0.0000000000
67687  -33.784  -6.846  -25.819 0.0000000000
69276  -33.875  -5.686  -26.399 0.0000000000
66925  -35.234  -7.177  -25.985 0.0000000000
60455  -28.404  -16.284  -22.306 0.0000000000
120645  -27.315  -14.796  -21.971 0.0000000000
112844  -28.885  -15.108  -22.702 0.0000000000
62070  -28.943  -14.388  -22.880 0.0000000000
73188  -26.232  -0.482  -25.568 0.0000000000
73941  -27.837  0.112  -24.780 0.0000000000
72348  -26.841  -1.074  -24.931 0.0000000000
71511  -28.676  -2.299  -24.486 0.0000000000
70785  -29.714  -3.296  -24.438 0.0000000000
66908  -28.790  -8.828  -23.303 0.0000000000
124194  -29.885  -7.716  -23.741 0.0000000000
66910  -30.206  -8.476  -23.881 0.0000000000
66153  -31.570  -9.189  -24.497 0.0000000000
122027  -32.978  -9.141  -24.661 0.0000000000
60444  -27.983  -17.156  -22.024 0.0000000000
66897  -27.132  -8.897  -22.802 0.0000000000
66135  -28.086  -10.019  -22.874 0.0000000000
65333  -28.555  -10.664  -23.121 0.0000000000
117459  -29.172  -11.936  -23.423 0.0000000000
83757  -23.722  12.920  -29.323 0.0000000000
81564  -22.516  10.154  -26.272 0.0000000000
82372  -23.574  11.067  -28.617 0.0000000000
81609  -24.368  10.734  -29.705 0.0000000000
81593  -25.230  10.707  -28.985 0.0000000000
114401  -26.245  10.034  -27.652 0.0000000000
124895  -24.579  7.569  -28.181 0.0000000000
79993  -25.583  8.288  -28.260 0.0000000000
80755  -26.580  9.359  -27.180 0.0000000000
79981  -27.662  8.897  -26.036 0.0000000000
109462  -28.399  7.692  -25.171 0.0000000000
78438  -28.370  6.846  -24.921 0.0000000000
77028  -25.194  3.979  -26.862 0.0000000000
77015  -26.608  4.320  -26.306 0.0000000000
77728  -28.278  5.213  -24.613 0.0000000000
77729  -29.398  5.304  -24.144 0.0000000000
76998  -29.644  4.321  -23.965 0.0000000000
117245  -31.397  2.019  -23.678 0.0000000000
116509  -29.849  -0.002  -24.454 0.0000000000
120361  -30.795  -0.034  -24.270 0.0000000000
70025  -27.067  -4.727  -24.106 0.0000000000
70037  -28.877  -4.641  -23.957 0.0000000000
118529  -30.179  -3.984  -24.455 0.0000000000
68463  -30.746  -6.569  -24.272 0.0000000000
69263  -30.909  -5.616  -24.561 0.0000000000
70046  -31.678  -4.171  -25.365 0.0000000000
70048  -32.857  -4.508  -26.290 0.0000000000
70057  -34.226  -4.408  -26.587 0.0000000000
63731  -27.600  -12.341  -22.569 0.0000000000
62929  -29.037  -13.540  -23.162 0.0000000000
62931  -30.324  -13.605  -23.447 0.0000000000
64556  -30.252  -11.559  -23.898 0.0000000000
64560  -30.714  -11.007  -24.256 0.0000000000
119320  -30.973  -11.762  -24.144 0.0000000000
63747  -31.747  -11.941  -24.187 0.0000000000
63739  -31.245  -12.460  -23.845 0.0000000000
106957  -27.925  -20.325  -20.425 0.0000000000
129116  -27.778  -19.807  -20.779 0.0000000000
57897  -28.351  -19.567  -20.746 0.0000000000
77782  -25.116  5.510  -27.161 0.0000000000
129888  -26.228  5.609  -26.822 0.0000000000
77764  -25.771  5.195  -26.994 0.0000000000
74731  -26.444  1.468  -25.998 0.0000000000
74732  -27.219  1.511  -25.405 0.0000000000
75481  -28.328  2.148  -24.781 0.0000000000
74715  -27.978  1.489  -24.923 0.0000000000
112607  -30.031  -2.753  -24.537 0.0000000000
71513  -30.424  -2.251  -24.601 0.0000000000
126739  -30.695  -2.890  -24.661 0.0000000000
71523  -31.882  -2.940  -25.386 0.0000000000
70787  -31.269  -3.395  -24.990 0.0000000000
67669  -27.260  -7.403  -23.212 0.0000000000
66916  -33.195  -8.424  -24.837 0.0000000000
67680  -33.459  -7.592  -25.265 0.0000000000
67681  -34.356  -7.423  -25.644 0.0000000000
122995  -35.796  -7.910  -25.500 0.0000000000
66918  -34.921  -8.023  -25.408 0.0000000000
61247  -28.514  -15.513  -22.481 0.0000000000
72347  -26.141  -0.985  -25.423 0.0000000000
114474  -27.288  -2.603  -24.586 0.0000000000
117775  -28.081  -2.628  -24.472 0.0000000000
115158  -29.360  -2.680  -24.467 0.0000000000
70784  -28.782  -3.137  -24.363 0.0000000000
123507  -29.565  -8.869  -23.601 0.0000000000
66147  -30.060  -9.368  -23.831 0.0000000000
65340  -31.232  -10.450  -24.423 0.0000000000
119187  -31.133  -9.786  -24.373 0.0000000000
114392  -31.651  -9.947  -24.498 0.0000000000
66915  -32.388  -8.777  -24.650 0.0000000000
111544  -32.378  -9.709  -24.604 0.0000000000
124786  -33.852  -10.002  -24.601 0.0000000000
65342  -32.975  -10.560  -24.536 0.0000000000
57088  -26.419  -20.344  -20.577 0.0000000000
56240  -26.336  -21.066  -20.149 0.0000000000
59555  -28.604  -17.320  -22.047 0.0000000000
66898  -27.980  -9.248  -22.928 0.0000000000
117398  -27.328  -11.237  -22.588 0.0000000000
65329  -27.772  -10.611  -22.752 0.0000000000
64554  -28.826  -11.402  -23.264 0.0000000000
109714  -28.585  -12.110  -23.116 0.0000000000
83092  -23.504  12.873  -28.084 0.0000000000
83112  -23.635  11.924  -28.965 0.0000000000
80773  -23.496  9.458  -27.768 0.0000000000
81579  -23.590  10.286  -28.233 0.0000000000
81592  -23.810  10.448  -29.340 0.0000000000
82386  -23.812  11.117  -29.673 0.0000000000
81608  -23.991  10.582  -29.867 0.0000000000
82387  -23.948  11.302  -29.860 0.0000000000
80789  -24.723  9.527  -29.333 0.0000000000
117423  -24.791  10.073  -29.595 0.0000000000
80790  -25.433  9.825  -28.764 0.0000000000
81594  -26.021  10.742  -28.092 0.0000000000
80775  -25.934  9.106  -28.172 0.0000000000
110463  -24.514  6.894  -27.835 0.0000000000
79221  -25.982  7.138  -27.598 0.0000000000
79220  -25.253  7.457  -28.077 0.0000000000
120740  -26.013  7.799  -27.885 0.0000000000
79994  -26.280  8.493  -27.616 0.0000000000
79980  -26.911  8.738  -26.727 0.0000000000
129919  -27.204  8.242  -26.310 0.0000000000
79187  -27.659  7.213  -25.580 0.0000000000
75515  -25.529  2.199  -26.625 0.0000000000
75514  -25.027  2.261  -26.735 0.0000000000
77029  -25.951  3.698  -26.707 0.0000000000
76269  -26.629  3.494  -26.225 0.0000000000
110553  -28.049  3.565  -25.009 0.0000000000
76996  -27.768  4.449  -25.082 0.0000000000
76997  -28.636  4.398  -24.405 0.0000000000
75483  -29.840  2.325  -23.781 0.0000000000
124309  -30.474  2.028  -23.674 0.0000000000
113635  -30.808  1.306  -23.801 0.0000000000
73172  -28.385  -0.724  -24.645 0.0000000000
118190  -28.864  0.039  -24.603 0.0000000000
73173  -29.447  -0.708  -24.548 0.0000000000
73944  -31.694  0.087  -24.239 0.0000000000
73176  -32.262  -0.518  -24.650 0.0000000000
71524  -32.562  -2.591  -25.810 0.0000000000
71535  -34.080  -3.062  -26.409 0.0000000000
70034  -26.250  -4.584  -24.452 0.0000000000
69252  -28.488  -5.391  -23.743 0.0000000000
70026  -27.960  -4.712  -23.938 0.0000000000
127041  -29.780  -4.614  -24.173 0.0000000000
67672  -29.974  -6.974  -23.833 0.0000000000
68465  -32.333  -6.263  -25.411 0.0000000000
68464  -31.552  -6.302  -24.800 0.0000000000
69264  -31.847  -5.589  -25.264 0.0000000000
118834  -31.396  -4.854  -25.066 0.0000000000
69270  -32.246  -4.891  -25.781 0.0000000000
124677  -33.184  -5.215  -26.300 0.0000000000
68480  -34.565  -5.732  -26.497 0.0000000000
69277  -34.087  -5.096  -26.577 0.0000000000
69278  -34.702  -5.147  -26.502 0.0000000000
62078  -29.755  -14.182  -23.214 0.0000000000
62930  -29.684  -13.407  -23.406 0.0000000000
110207  -30.540  -14.239  -23.263 0.0000000000
72329  -26.715  -1.776  -24.857 0.0000000000
70782  -26.972  -3.383  -24.504 0.0000000000
123260  -29.875  -10.044  -23.739 0.0000000000
64562  -32.308  -11.365  -24.439 0.0000000000
63748  -32.585  -12.126  -24.144 0.0000000000
56251  -27.097  -20.783  -20.366 0.0000000000
59554  -27.420  -17.904  -21.675 0.0000000000
58707  -27.598  -18.669  -21.453 0.0000000000
58708  -28.339  -18.828  -21.248 0.0000000000
113440  -26.456  -10.148  -22.748 0.0000000000
65327  -26.403  -10.932  -22.591 0.0000000000
120212  -22.907  11.143  -26.573 0.0000000000
80787  -23.861  9.763  -28.926 0.0000000000
80005  -23.955  8.857  -28.361 0.0000000000
111755  -24.595  8.881  -28.746 0.0000000000
80006  -24.322  8.081  -28.261 0.0000000000
78464  -24.496  6.086  -27.337 0.0000000000
78466  -26.015  6.509  -27.328 0.0000000000
79203  -26.484  6.971  -26.905 0.0000000000
78453  -26.375  6.224  -26.816 0.0000000000
78436  -26.759  5.792  -26.197 0.0000000000
75499  -26.215  2.212  -26.295 0.0000000000
117126  -26.647  2.848  -26.128 0.0000000000
118112  -28.605  2.850  -24.569 0.0000000000
75482  -29.087  2.210  -24.218 0.0000000000
72333  -30.011  -1.465  -24.538 0.0000000000
72334  -31.153  -1.652  -24.661 0.0000000000
128088  -31.681  -1.733  -24.877 0.0000000000
72335  -32.010  -1.382  -24.897 0.0000000000
72349  -31.878  -2.099  -25.164 0.0000000000
70795  -32.471  -3.356  -25.963 0.0000000000
119468  -28.225  -6.069  -23.606 0.0000000000
68456  -29.008  -6.028  -23.672 0.0000000000
67678  -31.567  -7.679  -24.510 0.0000000000
122813  -31.325  -6.993  -24.504 0.0000000000
67686  -32.873  -6.921  -25.411 0.0000000000
68471  -33.226  -6.130  -26.009 0.0000000000
68472  -34.197  -6.254  -26.270 0.0000000000
68473  -34.935  -6.387  -26.378 0.0000000000
68474  -35.496  -6.598  -26.132 0.0000000000
67689  -36.084  -7.376  -25.704 0.0000000000
61238  -27.820  -15.557  -22.160 0.0000000000
62069  -28.176  -14.736  -22.464 0.0000000000
62924  -28.149  -13.613  -22.655 0.0000000000
62071  -29.504  -14.996  -22.891 0.0000000000
73958  -25.783  -0.017  -26.172 0.0000000000
73959  -26.389  0.065  -25.687 0.0000000000
128838  -27.043  0.254  -25.172 0.0000000000
73171  -27.107  -0.426  -24.947 0.0000000000
112546  -27.679  -1.119  -24.712 0.0000000000
72330  -27.709  -1.859  -24.624 0.0000000000
72331  -28.526  -1.557  -24.569 0.0000000000
113128  -28.673  -7.994  -23.345 0.0000000000
67671  -29.150  -7.368  -23.533 0.0000000000
66909  -29.382  -8.201  -23.537 0.0000000000
66914  -31.075  -8.426  -24.320 0.0000000000
66152  -30.746  -9.226  -24.208 0.0000000000
122032  -31.802  -8.381  -24.547 0.0000000000
120765  -33.775  -9.078  -24.735 0.0000000000
117923  -34.543  -8.685  -24.935 0.0000000000
64563  -33.226  -11.550  -24.384 0.0000000000
60443  -27.462  -16.367  -21.917 0.0000000000
115329  -27.061  -17.153  -21.716 0.0000000000
59571  -28.628  -16.884  -22.244 0.0000000000
128286  -28.992  -17.062  -22.230 0.0000000000
66907  -27.837  -8.240  -23.082 0.0000000000
66145  -28.681  -9.791  -23.208 0.0000000000
66134  -27.285  -9.824  -22.718 0.0000000000
65334  -29.293  -10.452  -23.479 0.0000000000
126897  -29.033  -10.969  -23.368 0.0000000000
64555  -29.480  -11.323  -23.570 0.0000000000
63738  -29.781  -12.127  -23.636 0.0000000000
129636  -22.161  10.786  -25.955 0.0000000000
119174  -23.379  10.928  -27.530 0.0000000000
83127  -23.962  11.962  -29.906 0.0000000000
80803  -24.312  10.096  -29.716 0.0000000000
82374  -25.886  11.573  -28.348 0.0000000000
82355  -26.503  11.376  -27.683 0.0000000000
81580  -26.706  10.865  -27.277 0.0000000000
80007  -24.904  8.158  -28.504 0.0000000000
81566  -27.009  10.236  -26.814 0.0000000000
80756  -27.388  9.555  -26.416 0.0000000000
80757  -28.396  8.856  -25.667 0.0000000000
79204  -27.102  7.516  -26.267 0.0000000000
79967  -27.851  8.159  -25.650 0.0000000000
76286  -24.772  3.162  -26.671 0.0000000000
111614  -25.865  4.479  -26.842 0.0000000000
77749  -26.939  5.065  -25.954 0.0000000000
77016  -27.239  3.925  -25.681 0.0000000000
126332  -27.200  4.564  -25.688 0.0000000000
77727  -27.513  5.122  -25.284 0.0000000000
78423  -27.891  5.888  -24.958 0.0000000000
78424  -28.798  6.085  -24.455 0.0000000000
122570  -29.857  3.563  -23.835 0.0000000000
76999  -30.604  4.061  -23.777 0.0000000000
75485  -31.938  2.854  -23.751 0.0000000000
73942  -28.372  0.786  -24.690 0.0000000000
73943  -29.301  0.760  -24.408 0.0000000000
113817  -30.248  0.688  -24.128 0.0000000000
127098  -31.099  0.600  -23.995 0.0000000000
125333  -26.764  -4.086  -24.417 0.0000000000
70035  -27.491  -4.028  -24.247 0.0000000000
70036  -28.368  -3.957  -24.190 0.0000000000
116892  -29.306  -3.918  -24.246 0.0000000000
70039  -30.958  -4.085  -24.831 0.0000000000
115127  -29.345  -6.621  -23.662 0.0000000000
68462  -29.974  -6.044  -23.892 0.0000000000
69262  -30.150  -5.264  -24.166 0.0000000000
70038  -30.586  -4.719  -24.549 0.0000000000
70047  -32.357  -4.080  -25.931 0.0000000000
70055  -33.003  -3.842  -26.435 0.0000000000
70056  -33.547  -4.449  -26.574 0.0000000000
70803  -33.734  -3.632  -26.594 0.0000000000
63732  -28.517  -12.867  -23.029 0.0000000000
63737  -29.244  -12.706  -23.395 0.0000000000
121039  -30.058  -12.893  -23.597 0.0000000000
111739  -30.790  -13.014  -23.589 0.0000000000
66154  -33.187  -9.709  -24.619 0.0000000000
67688  -34.558  -6.796  -26.098 0.0000000000
75480  -27.710  2.058  -25.229 0.0000000000
77763  -25.317  4.769  -26.983 0.0000000000
119926  -27.489  0.827  -25.044 0.0000000000
128907  -27.285  5.629  -25.577 0.0000000000
