#!ascii label  , from subject sub-v1s12x0050113_ses-1 vox2ras=TkReg
883
56240  -26.336  -21.066  -20.149 0.4285714328
123366  -26.563  -19.682  -20.891 0.2857142985
57088  -26.419  -20.344  -20.577 0.4285714328
57896  -27.203  -19.963  -20.812 0.4285714328
57897  -28.351  -19.567  -20.746 0.4285714328
57895  -27.018  -19.263  -21.258 0.2857142985
57913  -27.688  -19.364  -21.099 0.4285714328
58708  -28.339  -18.828  -21.248 0.4285714328
115329  -27.061  -17.153  -21.716 0.4285714328
108267  -28.315  -17.967  -21.695 0.4285714328
60443  -27.462  -16.367  -21.917 0.4285714328
60455  -28.404  -16.284  -22.306 0.4285714328
120645  -27.315  -14.796  -21.971 0.5714285970
61238  -27.820  -15.557  -22.160 0.5714285970
61247  -28.514  -15.513  -22.481 0.4285714328
62071  -29.504  -14.996  -22.891 0.2857142985
62069  -28.176  -14.736  -22.464 0.7142857313
62070  -28.943  -14.388  -22.880 0.7142857313
62078  -29.755  -14.182  -23.214 0.7142857313
110207  -30.540  -14.239  -23.263 0.4285714328
111739  -30.790  -13.014  -23.589 0.5714285970
62929  -29.037  -13.540  -23.162 0.5714285970
121039  -30.058  -12.893  -23.597 0.5714285970
63738  -29.781  -12.127  -23.636 0.5714285970
124020  -30.525  -12.320  -23.790 0.5714285970
63737  -29.244  -12.706  -23.395 0.5714285970
63739  -31.245  -12.460  -23.845 0.4285714328
64560  -30.714  -11.007  -24.256 0.5714285970
64561  -31.466  -11.213  -24.416 0.5714285970
126897  -29.033  -10.969  -23.368 0.7142857313
65340  -31.232  -10.450  -24.423 0.7142857313
65341  -31.985  -10.561  -24.548 0.5714285970
65335  -30.030  -10.766  -23.852 0.5714285970
65329  -27.772  -10.611  -22.752 0.5714285970
123260  -29.875  -10.044  -23.739 0.8571428657
114392  -31.651  -9.947  -24.498 0.7142857313
111544  -32.378  -9.709  -24.604 0.5714285970
66146  -29.384  -9.548  -23.513 0.7142857313
66145  -28.681  -9.791  -23.208 0.5714285970
122032  -31.802  -8.381  -24.547 0.7142857313
122027  -32.978  -9.141  -24.661 0.5714285970
66147  -30.060  -9.368  -23.831 0.7142857313
66153  -31.570  -9.189  -24.497 0.7142857313
117081  -32.491  -7.799  -24.796 0.5714285970
66152  -30.746  -9.226  -24.208 0.7142857313
66916  -33.195  -8.424  -24.837 0.5714285970
66910  -30.206  -8.476  -23.881 0.5714285970
66914  -31.075  -8.426  -24.320 0.7142857313
67678  -31.567  -7.679  -24.510 0.7142857313
67686  -32.873  -6.921  -25.411 0.7142857313
67680  -33.459  -7.592  -25.265 0.7142857313
67677  -30.677  -7.553  -24.146 0.7142857313
122813  -31.325  -6.993  -24.504 0.7142857313
67679  -32.040  -6.970  -24.864 0.7142857313
120932  -32.539  -5.636  -25.826 0.7142857313
68471  -33.226  -6.130  -26.009 0.5714285970
68463  -30.746  -6.569  -24.272 0.7142857313
124194  -29.885  -7.716  -23.741 0.5714285970
124677  -33.184  -5.215  -26.300 0.5714285970
70048  -32.857  -4.508  -26.290 0.5714285970
69263  -30.909  -5.616  -24.561 0.8571428657
69270  -32.246  -4.891  -25.781 0.7142857313
70046  -31.678  -4.171  -25.365 0.7142857313
118834  -31.396  -4.854  -25.066 0.7142857313
126739  -30.695  -2.890  -24.661 0.8571428657
70794  -31.937  -3.606  -25.515 0.5714285970
70039  -30.958  -4.085  -24.831 0.8571428657
70038  -30.586  -4.719  -24.549 0.8571428657
72333  -30.011  -1.465  -24.538 0.8571428657
73174  -30.448  -0.775  -24.480 0.8571428657
116509  -29.849  -0.002  -24.454 0.8571428657
70786  -30.499  -3.395  -24.619 0.8571428657
73173  -29.447  -0.708  -24.548 0.8571428657
73172  -28.385  -0.724  -24.645 1.0000000000
71512  -29.459  -2.044  -24.525 0.8571428657
118190  -28.864  0.039  -24.603 1.0000000000
72332  -29.157  -1.313  -24.552 1.0000000000
74715  -27.978  1.489  -24.923 1.0000000000
75500  -27.049  2.308  -25.714 0.7142857313
73942  -28.372  0.786  -24.690 1.0000000000
128838  -27.043  0.254  -25.172 1.0000000000
74732  -27.219  1.511  -25.405 1.0000000000
77748  -26.377  5.060  -26.578 1.0000000000
111614  -25.865  4.479  -26.842 0.8571428657
77783  -25.791  5.898  -27.197 0.8571428657
129888  -26.228  5.609  -26.822 1.0000000000
79993  -25.583  8.288  -28.260 0.8571428657
79220  -25.253  7.457  -28.077 0.8571428657
79221  -25.982  7.138  -27.598 1.0000000000
117423  -24.791  10.073  -29.595 0.8571428657
80790  -25.433  9.825  -28.764 0.8571428657
80803  -24.312  10.096  -29.716 0.7142857313
80005  -23.955  8.857  -28.361 0.5714285970
81608  -23.991  10.582  -29.867 0.7142857313
82387  -23.948  11.302  -29.860 0.5714285970
119174  -23.379  10.928  -27.530 0.5714285970
80773  -23.496  9.458  -27.768 0.5714285970
83112  -23.635  11.924  -28.965 0.4285714328
83757  -23.722  12.920  -29.323 0.4285714328
82344  -22.731  12.310  -26.272 0.2857142985
83732  -22.413  12.764  -25.498 0.2857142985
128696  -22.906  13.140  -25.457 0.2857142985
64556  -30.252  -11.559  -23.898 0.5714285970
66915  -32.388  -8.777  -24.650 0.5714285970
70047  -32.357  -4.080  -25.931 0.5714285970
69264  -31.847  -5.589  -25.264 0.7142857313
70787  -31.269  -3.395  -24.990 0.8571428657
71514  -31.221  -2.561  -24.832 0.8571428657
72334  -31.153  -1.652  -24.661 0.8571428657
117126  -26.647  2.848  -26.128 0.8571428657
83715  -23.463  13.226  -23.755 0.1428571492
58685  -26.263  -19.012  -21.059 0.2857142985
58705  -26.296  -18.284  -21.264 0.2857142985
58706  -26.885  -18.541  -21.449 0.2857142985
59555  -28.604  -17.320  -22.047 0.4285714328
59554  -27.420  -17.904  -21.675 0.4285714328
128286  -28.992  -17.062  -22.230 0.4285714328
61237  -26.950  -15.567  -21.739 0.5714285970
120006  -27.527  -14.104  -22.243 0.2857142985
62924  -28.149  -13.613  -22.655 0.7142857313
62930  -29.684  -13.407  -23.406 0.4285714328
109714  -28.585  -12.110  -23.116 0.5714285970
63748  -32.585  -12.126  -24.144 0.4285714328
64554  -28.826  -11.402  -23.264 0.7142857313
119320  -30.973  -11.762  -24.144 0.7142857313
64562  -32.308  -11.365  -24.439 0.4285714328
65339  -30.543  -10.098  -24.110 0.7142857313
119187  -31.133  -9.786  -24.373 0.7142857313
66135  -28.086  -10.019  -22.874 0.5714285970
65334  -29.293  -10.452  -23.479 0.5714285970
120765  -33.775  -9.078  -24.735 0.5714285970
67687  -33.784  -6.846  -25.819 0.5714285970
68464  -31.552  -6.302  -24.800 0.7142857313
71523  -31.882  -2.940  -25.386 0.5714285970
70785  -29.714  -3.296  -24.438 1.0000000000
73943  -29.301  0.760  -24.408 1.0000000000
112546  -27.679  -1.119  -24.712 1.0000000000
76288  -26.063  2.923  -26.548 0.7142857313
76269  -26.629  3.494  -26.225 1.0000000000
76270  -27.270  3.157  -25.709 1.0000000000
77029  -25.951  3.698  -26.707 0.7142857313
77016  -27.239  3.925  -25.681 1.0000000000
78466  -26.015  6.509  -27.328 1.0000000000
78453  -26.375  6.224  -26.816 1.0000000000
80788  -24.284  9.614  -29.230 0.7142857313
82354  -23.350  11.917  -27.524 0.7142857313
80787  -23.861  9.763  -28.926 0.5714285970
81592  -23.810  10.448  -29.340 0.7142857313
82386  -23.812  11.117  -29.673 0.7142857313
81564  -22.516  10.154  -26.272 0.4285714328
83085  -23.178  13.019  -27.041 0.2857142985
83092  -23.504  12.873  -28.084 0.4285714328
83127  -23.962  11.962  -29.906 0.4285714328
83736  -22.964  13.126  -26.164 0.2857142985
63731  -27.600  -12.341  -22.569 0.4285714328
82372  -23.574  11.067  -28.617 0.7142857313
56251  -27.097  -20.783  -20.366 0.4285714328
57087  -25.905  -19.736  -20.628 0.2857142985
106957  -27.925  -20.325  -20.425 0.4285714328
129116  -27.778  -19.807  -20.779 0.4285714328
58707  -27.598  -18.669  -21.453 0.4285714328
60444  -27.983  -17.156  -22.024 0.4285714328
59571  -28.628  -16.884  -22.244 0.4285714328
112844  -28.885  -15.108  -22.702 0.4285714328
63732  -28.517  -12.867  -23.029 0.5714285970
117459  -29.172  -11.936  -23.423 0.5714285970
64555  -29.480  -11.323  -23.570 0.5714285970
63747  -31.747  -11.941  -24.187 0.4285714328
65333  -28.555  -10.664  -23.121 0.7142857313
64549  -28.151  -11.392  -22.859 0.7142857313
123507  -29.565  -8.869  -23.601 0.7142857313
68465  -32.333  -6.263  -25.411 0.7142857313
67672  -29.974  -6.974  -23.833 0.8571428657
112607  -30.031  -2.753  -24.537 0.8571428657
71513  -30.424  -2.251  -24.601 0.8571428657
118529  -30.179  -3.984  -24.455 0.8571428657
119007  -26.714  0.772  -25.613 1.0000000000
75499  -26.215  2.212  -26.295 0.8571428657
80774  -25.167  8.919  -28.745 0.8571428657
80789  -24.723  9.527  -29.333 0.8571428657
80802  -24.029  10.110  -29.605 0.5714285970
81579  -23.590  10.286  -28.233 0.5714285970
129636  -22.161  10.786  -25.955 0.4285714328
120212  -22.907  11.143  -26.573 0.4285714328
83076  -21.772  12.608  -24.779 0.2857142985
83723  -23.391  13.256  -24.864 0.1428571492
59553  -26.659  -17.808  -21.511 0.2857142985
111101  -22.849  15.847  -30.508 0.2857142985
86080  -23.062  17.334  -29.483 0.1428571492
127386  -22.917  14.057  -29.827 0.2857142985
84882  -22.783  15.304  -31.297 0.2857142985
84857  -23.386  15.473  -29.184 0.1428571492
86074  -23.263  17.629  -28.637 0.1428571492
84298  -23.834  14.347  -27.862 0.1428571492
120891  -23.273  13.766  -29.203 0.2857142985
115277  -23.849  14.910  -28.454 0.1428571492
84337  -23.083  14.337  -31.583 0.2857142985
84871  -22.666  14.889  -30.708 0.2857142985
84322  -27.082  14.511  -29.467 0.2857142985
83785  -24.674  14.016  -30.257 0.2857142985
85475  -23.980  16.953  -28.088 0.1428571492
83773  -23.237  13.540  -30.353 0.2857142985
83129  -24.793  12.696  -29.490 0.2857142985
84329  -23.068  13.915  -31.532 0.2857142985
84319  -22.769  14.104  -30.679 0.2857142985
83094  -27.517  12.250  -27.496 0.1428571492
83775  -25.292  13.647  -29.549 0.2857142985
83784  -23.792  13.643  -30.863 0.2857142985
83138  -23.773  13.252  -30.471 0.2857142985
83772  -22.983  13.763  -31.285 0.2857142985
82359  -30.044  11.377  -27.567 0.1428571492
83095  -28.362  12.384  -27.605 0.1428571492
83114  -26.336  12.468  -28.275 0.4285714328
83128  -24.015  12.371  -29.978 0.2857142985
80756  -27.388  9.555  -26.416 0.2857142985
82355  -26.503  11.376  -27.683 0.4285714328
82373  -25.041  11.373  -29.155 0.2857142985
80748  -29.173  9.087  -25.594 0.1428571492
81581  -27.552  11.020  -26.820 0.2857142985
82374  -25.886  11.573  -28.348 0.4285714328
80755  -26.580  9.359  -27.180 0.5714285970
81593  -25.230  10.707  -28.985 0.7142857313
79188  -29.301  7.689  -24.778 0.1428571492
80757  -28.396  8.856  -25.667 0.1428571492
81594  -26.021  10.742  -28.092 0.7142857313
81609  -24.368  10.734  -29.705 0.4285714328
79980  -26.911  8.738  -26.727 0.4285714328
78425  -29.756  6.272  -24.275 0.2857142985
78438  -28.370  6.846  -24.921 0.7142857313
80775  -25.934  9.106  -28.172 0.7142857313
79187  -27.659  7.213  -25.580 0.8571428657
77730  -30.452  4.991  -23.947 0.2857142985
120767  -30.311  5.750  -24.137 0.2857142985
129919  -27.204  8.242  -26.310 0.7142857313
124895  -24.579  7.569  -28.181 0.5714285970
120294  -26.537  7.844  -27.030 0.8571428657
76999  -30.604  4.061  -23.777 0.1428571492
78423  -27.891  5.888  -24.958 0.7142857313
76254  -31.565  3.767  -23.771 0.1428571492
72329  -26.715  -1.776  -24.857 0.5714285970
73171  -27.107  -0.426  -24.947 0.8571428657
73959  -26.389  0.065  -25.687 0.8571428657
73188  -26.232  -0.482  -25.568 0.4285714328
77015  -26.608  4.320  -26.306 0.8571428657
118112  -28.605  2.850  -24.569 0.8571428657
77749  -26.939  5.065  -25.954 0.8571428657
75484  -30.653  2.951  -23.618 0.2857142985
76997  -28.636  4.398  -24.405 0.8571428657
77727  -27.513  5.122  -25.284 0.8571428657
79203  -26.484  6.971  -26.905 0.8571428657
75485  -31.938  2.854  -23.751 0.4285714328
76998  -29.644  4.321  -23.965 0.7142857313
77728  -28.278  5.213  -24.613 0.7142857313
71510  -26.436  -2.631  -24.758 0.2857142985
72348  -26.841  -1.074  -24.931 0.5714285970
73941  -27.837  0.112  -24.780 0.8571428657
115267  -27.879  2.696  -25.238 0.8571428657
110553  -28.049  3.565  -25.009 0.8571428657
76996  -27.768  4.449  -25.082 0.8571428657
124309  -30.474  2.028  -23.674 0.4285714328
76253  -29.458  2.915  -23.948 0.8571428657
76252  -28.980  3.586  -24.189 0.8571428657
117245  -31.397  2.019  -23.678 0.4285714328
116752  -27.600  -6.580  -23.475 0.7142857313
69251  -27.498  -5.575  -23.762 0.4285714328
68455  -28.583  -6.683  -23.512 0.7142857313
70037  -28.877  -4.641  -23.957 0.8571428657
70026  -27.960  -4.712  -23.938 0.5714285970
70782  -26.972  -3.383  -24.504 0.5714285970
70781  -26.094  -3.641  -24.744 0.4285714328
116892  -29.306  -3.918  -24.246 0.8571428657
70783  -27.825  -3.290  -24.382 0.5714285970
115158  -29.360  -2.680  -24.467 0.8571428657
71511  -28.676  -2.299  -24.486 0.7142857313
114474  -27.288  -2.603  -24.586 0.5714285970
120361  -30.795  -0.034  -24.270 0.7142857313
74716  -28.792  1.494  -24.500 0.7142857313
75482  -29.087  2.210  -24.218 0.8571428657
73177  -32.906  -0.277  -24.932 0.2857142985
73944  -31.694  0.087  -24.239 0.4285714328
127098  -31.099  0.600  -23.995 0.5714285970
66908  -28.790  -8.828  -23.303 0.4285714328
67670  -28.187  -7.372  -23.337 0.4285714328
69262  -30.150  -5.264  -24.166 0.7142857313
69253  -29.394  -5.328  -23.870 0.7142857313
127041  -29.780  -4.614  -24.173 0.7142857313
128088  -31.681  -1.733  -24.877 0.7142857313
73176  -32.262  -0.518  -24.650 0.2857142985
73175  -31.417  -0.729  -24.499 0.5714285970
66898  -27.980  -9.248  -22.928 0.4285714328
66897  -27.132  -8.897  -22.802 0.5714285970
67671  -29.150  -7.368  -23.533 0.5714285970
68462  -29.974  -6.044  -23.892 0.7142857313
70795  -32.471  -3.356  -25.963 0.4285714328
72350  -32.683  -1.781  -25.570 0.4285714328
72335  -32.010  -1.382  -24.897 0.4285714328
117398  -27.328  -11.237  -22.588 0.5714285970
66917  -34.047  -8.199  -25.110 0.4285714328
69277  -34.087  -5.096  -26.577 0.4285714328
70057  -34.226  -4.408  -26.587 0.4285714328
70055  -33.003  -3.842  -26.435 0.4285714328
60456  -29.699  -16.206  -22.538 0.1428571492
68472  -34.197  -6.254  -26.270 0.4285714328
68480  -34.565  -5.732  -26.497 0.4285714328
61249  -29.899  -15.521  -22.809 0.1428571492
124639  -30.446  -15.268  -22.861 0.1428571492
62933  -32.021  -13.351  -23.485 0.2857142985
109965  -34.866  -11.115  -24.451 0.2857142985
66163  -37.059  -9.210  -24.923 0.2857142985
66156  -35.414  -9.657  -24.627 0.2857142985
64563  -33.226  -11.550  -24.384 0.4285714328
66926  -36.320  -8.549  -25.126 0.2857142985
66919  -35.387  -8.758  -24.981 0.2857142985
124786  -33.852  -10.002  -24.601 0.2857142985
127192  -36.438  -7.986  -25.396 0.2857142985
122995  -35.796  -7.910  -25.500 0.4285714328
109481  -30.410  -15.912  -22.617 0.1428571492
61248  -29.164  -15.768  -22.620 0.1428571492
61251  -31.627  -14.837  -22.863 0.2857142985
62079  -31.591  -14.131  -23.199 0.2857142985
63742  -33.774  -13.082  -23.875 0.2857142985
108575  -35.133  -11.964  -24.452 0.2857142985
64564  -34.156  -11.787  -24.411 0.2857142985
63749  -33.494  -12.343  -24.162 0.2857142985
61250  -30.995  -15.366  -22.751 0.1428571492
112920  -33.753  -14.147  -23.270 0.2857142985
62081  -33.008  -13.909  -23.210 0.2857142985
62072  -32.332  -14.317  -22.981 0.2857142985
61262  -30.888  -14.707  -23.050 0.2857142985
124717  -33.563  -13.618  -23.518 0.2857142985
109917  -29.809  -17.620  -21.612 0.1428571492
59557  -30.329  -17.012  -21.825 0.1428571492
108663  -26.894  -21.465  -19.905 0.2857142985
55389  -27.301  -22.013  -19.425 0.2857142985
127078  -26.374  -21.520  -19.826 0.2857142985
58709  -29.192  -18.316  -21.339 0.2857142985
57074  -27.801  -21.228  -19.818 0.1428571492
55388  -26.429  -22.045  -19.523 0.2857142985
55376  -26.029  -22.788  -19.143 0.1428571492
62073  -33.136  -14.517  -22.844 0.2857142985
62935  -34.267  -13.741  -23.731 0.2857142985
65343  -35.557  -10.453  -24.481 0.2857142985
117923  -34.543  -8.685  -24.935 0.4285714328
67689  -36.084  -7.376  -25.704 0.2857142985
68473  -34.935  -6.387  -26.378 0.4285714328
117775  -28.081  -2.628  -24.472 0.5714285970
71524  -32.562  -2.591  -25.810 0.4285714328
71525  -33.283  -2.354  -26.056 0.2857142985
73189  -32.822  -0.952  -25.288 0.2857142985
78465  -25.297  6.495  -27.547 0.7142857313
74717  -29.750  1.534  -23.993 0.7142857313
78436  -26.759  5.792  -26.197 0.8571428657
111755  -24.595  8.881  -28.746 0.4285714328
80006  -24.322  8.081  -28.261 0.5714285970
74718  -31.883  1.019  -23.913 0.2857142985
78437  -27.443  6.340  -25.533 0.8571428657
120740  -26.013  7.799  -27.885 0.8571428657
77729  -29.398  5.304  -24.144 0.5714285970
85476  -24.508  16.264  -27.464 0.1428571492
112660  -27.052  12.598  -27.851 0.2857142985
82357  -28.038  11.745  -27.091 0.1428571492
116652  -23.591  14.700  -31.451 0.2857142985
57073  -25.487  -20.522  -20.074 0.2857142985
57898  -29.170  -19.561  -20.458 0.1428571492
59556  -29.081  -17.536  -21.881 0.1428571492
60457  -30.136  -16.506  -22.315 0.1428571492
114870  -31.721  -16.275  -21.862 0.1428571492
61239  -32.593  -15.703  -22.033 0.1428571492
62932  -31.095  -13.691  -23.422 0.2857142985
62080  -32.354  -13.795  -23.276 0.2857142985
114127  -35.454  -12.878  -24.556 0.2857142985
63740  -31.977  -12.624  -23.820 0.2857142985
64565  -35.860  -11.213  -24.433 0.2857142985
66907  -27.837  -8.240  -23.082 0.5714285970
116808  -26.765  -6.839  -23.470 0.2857142985
114515  -36.799  -7.910  -25.316 0.2857142985
68475  -36.140  -6.825  -25.828 0.2857142985
119468  -28.225  -6.069  -23.606 0.7142857313
68456  -29.008  -6.028  -23.672 0.5714285970
70034  -26.250  -4.584  -24.452 0.4285714328
70025  -27.067  -4.727  -24.106 0.5714285970
68474  -35.496  -6.598  -26.132 0.4285714328
71522  -25.940  -1.722  -25.094 0.2857142985
68481  -35.120  -5.892  -26.435 0.2857142985
70036  -28.368  -3.957  -24.190 0.7142857313
72347  -26.141  -0.985  -25.423 0.2857142985
70049  -34.790  -4.327  -26.262 0.1428571492
71535  -34.080  -3.062  -26.409 0.4285714328
71533  -33.123  -3.089  -26.363 0.4285714328
71526  -33.878  -2.305  -26.112 0.1428571492
75481  -28.328  2.148  -24.781 0.8571428657
73945  -32.506  0.270  -24.453 0.2857142985
113635  -30.808  1.306  -23.801 0.5714285970
122570  -29.857  3.563  -23.835 0.7142857313
78454  -26.934  6.671  -26.202 0.8571428657
83745  -23.546  13.707  -27.467 0.2857142985
77731  -31.227  5.658  -24.266 0.1428571492
109462  -28.399  7.692  -25.171 0.5714285970
79177  -29.286  6.825  -24.527 0.1428571492
79969  -29.717  8.529  -25.212 0.1428571492
79981  -27.662  8.897  -26.036 0.5714285970
79189  -30.428  7.914  -24.911 0.1428571492
82356  -27.164  11.579  -27.268 0.2857142985
81567  -27.983  10.354  -26.414 0.2857142985
81568  -29.020  10.366  -26.386 0.1428571492
81583  -29.548  10.967  -26.904 0.1428571492
82358  -29.085  11.750  -27.351 0.1428571492
83776  -26.984  13.799  -28.749 0.2857142985
83777  -27.909  13.976  -29.108 0.2857142985
83759  -27.787  13.399  -28.498 0.1428571492
83116  -28.617  12.950  -28.321 0.1428571492
57076  -29.421  -20.192  -19.911 0.1428571492
124431  -36.400  -10.558  -24.505 0.2857142985
73190  -33.516  -0.424  -25.389 0.2857142985
83117  -29.480  12.554  -28.625 0.1428571492
84323  -28.084  14.461  -29.863 0.2857142985
57089  -28.695  -20.071  -20.292 0.1428571492
58686  -28.956  -19.027  -20.895 0.1428571492
123213  -29.075  -16.547  -22.423 0.1428571492
119049  -30.173  -14.846  -23.052 0.2857142985
62931  -30.324  -13.605  -23.447 0.4285714328
127612  -31.015  -14.219  -23.251 0.2857142985
123148  -31.433  -13.035  -23.589 0.2857142985
65342  -32.975  -10.560  -24.536 0.4285714328
66909  -29.382  -8.201  -23.537 0.4285714328
70056  -33.547  -4.449  -26.574 0.4285714328
115127  -29.345  -6.621  -23.662 0.7142857313
72331  -28.526  -1.557  -24.569 0.8571428657
80007  -24.904  8.158  -28.504 0.5714285970
82388  -24.434  11.716  -29.578 0.2857142985
83137  -23.807  13.057  -30.252 0.2857142985
72349  -31.878  -2.099  -25.164 0.4285714328
59572  -29.572  -16.919  -22.151 0.1428571492
63741  -32.805  -12.797  -23.778 0.2857142985
67681  -34.356  -7.423  -25.644 0.4285714328
72330  -27.709  -1.859  -24.624 0.5714285970
126332  -27.200  4.564  -25.688 0.8571428657
109945  -23.456  13.636  -28.331 0.2857142985
85499  -23.129  16.285  -29.700 0.1428571492
84872  -22.912  15.430  -29.975 0.2857142985
85486  -23.548  16.626  -28.919 0.1428571492
84307  -23.214  14.500  -29.126 0.2857142985
84891  -22.992  15.161  -31.681 0.2857142985
121693  -23.458  14.237  -28.520 0.1428571492
84328  -22.864  14.328  -31.479 0.2857142985
121065  -26.243  14.042  -29.133 0.2857142985
84338  -24.147  14.236  -30.930 0.2857142985
84852  -24.063  15.893  -28.310 0.1428571492
83130  -25.977  13.178  -28.823 0.2857142985
83113  -25.376  12.182  -28.905 0.2857142985
83783  -23.385  13.702  -31.033 0.2857142985
83093  -26.730  12.017  -27.734 0.2857142985
83115  -27.722  12.864  -27.903 0.1428571492
83774  -24.263  13.194  -30.175 0.2857142985
82375  -29.761  12.008  -28.038 0.1428571492
83096  -29.098  12.398  -27.913 0.1428571492
83758  -26.969  13.125  -28.253 0.1428571492
119478  -28.454  9.601  -25.987 0.1428571492
114401  -26.245  10.034  -27.652 0.5714285970
81580  -26.706  10.865  -27.277 0.4285714328
80749  -30.008  9.170  -25.688 0.1428571492
79968  -28.802  8.388  -25.254 0.1428571492
81582  -28.535  11.059  -26.760 0.2857142985
81566  -27.009  10.236  -26.814 0.4285714328
79994  -26.280  8.493  -27.616 0.7142857313
79967  -27.851  8.159  -25.650 0.5714285970
78424  -28.798  6.085  -24.455 0.5714285970
79204  -27.102  7.516  -26.267 0.7142857313
73958  -25.783  -0.017  -26.172 0.4285714328
75483  -29.840  2.325  -23.781 0.7142857313
67669  -27.260  -7.403  -23.212 0.5714285970
69252  -28.488  -5.391  -23.743 0.7142857313
70035  -27.491  -4.028  -24.247 0.5714285970
125333  -26.764  -4.086  -24.417 0.4285714328
70033  -25.469  -4.379  -24.744 0.2857142985
70784  -28.782  -3.137  -24.363 0.7142857313
113817  -30.248  0.688  -24.128 0.7142857313
113128  -28.673  -7.994  -23.345 0.5714285970
72351  -33.568  -1.421  -25.729 0.2857142985
66155  -34.601  -9.406  -24.689 0.2857142985
66918  -34.921  -8.023  -25.408 0.4285714328
69276  -33.875  -5.686  -26.399 0.4285714328
69278  -34.702  -5.147  -26.502 0.4285714328
70803  -33.734  -3.632  -26.594 0.4285714328
66925  -35.234  -7.177  -25.985 0.4285714328
62934  -32.924  -13.389  -23.497 0.2857142985
112119  -34.685  -10.268  -24.546 0.2857142985
66162  -36.090  -9.201  -24.831 0.2857142985
109664  -33.944  -10.903  -24.509 0.2857142985
60445  -30.782  -16.447  -22.143 0.1428571492
127449  -31.095  -15.926  -22.427 0.1428571492
63750  -34.446  -12.596  -24.309 0.2857142985
60458  -31.731  -15.521  -22.441 0.1428571492
111856  -28.923  -21.879  -19.041 0.1428571492
71534  -33.651  -2.899  -26.386 0.2857142985
84836  -24.344  15.147  -27.541 0.1428571492
56228  -28.687  -21.359  -19.429 0.1428571492
84287  -24.068  14.246  -27.061 0.1428571492
78464  -24.496  6.086  -27.337 0.5714285970
77046  -24.731  4.769  -26.936 0.4285714328
77781  -24.449  5.411  -27.021 0.4285714328
77782  -25.116  5.510  -27.161 0.5714285970
75514  -25.027  2.261  -26.735 0.4285714328
77028  -25.194  3.979  -26.862 0.4285714328
76286  -24.772  3.162  -26.671 0.4285714328
77764  -25.771  5.195  -26.994 0.5714285970
74731  -26.444  1.468  -25.998 0.5714285970
66158  -38.162  -9.695  -24.954 0.1428571492
66927  -37.015  -8.440  -25.109 0.1428571492
118166  -37.531  -8.362  -24.974 0.1428571492
62063  -26.434  -14.790  -21.664 0.2857142985
66157  -36.290  -9.859  -24.617 0.1428571492
65336  -39.280  -10.508  -24.243 0.1428571492
65345  -38.904  -10.265  -24.809 0.1428571492
66136  -39.084  -9.786  -23.720 0.1428571492
66159  -38.611  -9.377  -24.687 0.1428571492
64566  -37.326  -12.071  -24.710 0.1428571492
64567  -38.318  -11.389  -24.928 0.1428571492
124999  -37.117  -11.125  -24.594 0.1428571492
111871  -38.897  -10.934  -24.972 0.1428571492
63734  -38.829  -11.982  -23.028 0.1428571492
65337  -39.163  -11.049  -24.707 0.1428571492
64533  -37.455  -11.056  -20.488 0.1428571492
65330  -38.192  -10.613  -22.261 0.1428571492
123151  -37.534  -10.392  -20.856 0.1428571492
122544  -26.039  -15.531  -21.528 0.2857142985
62936  -35.030  -14.050  -24.083 0.1428571492
62943  -36.231  -14.208  -25.045 0.1428571492
116059  -36.030  -13.462  -24.779 0.1428571492
62941  -34.759  -13.330  -24.216 0.1428571492
63751  -36.504  -12.790  -24.685 0.1428571492
63753  -39.181  -12.377  -24.861 0.1428571492
119234  -37.857  -13.263  -25.038 0.1428571492
63744  -39.628  -12.605  -24.049 0.1428571492
63752  -38.391  -12.326  -24.972 0.1428571492
62937  -39.212  -12.682  -23.412 0.1428571492
106796  -37.646  -12.735  -21.510 0.1428571492
106519  -37.425  -12.632  -20.485 0.1428571492
64550  -37.898  -11.307  -21.955 0.1428571492
60442  -26.443  -16.400  -21.586 0.2857142985
61236  -25.640  -16.101  -21.412 0.2857142985
60441  -25.606  -16.865  -21.274 0.2857142985
62082  -34.526  -14.446  -23.463 0.1428571492
62084  -35.783  -15.000  -24.640 0.1428571492
62083  -35.614  -14.449  -24.670 0.1428571492
62947  -39.251  -13.701  -25.126 0.1428571492
62944  -37.278  -14.101  -25.222 0.1428571492
62938  -39.606  -13.421  -23.755 0.1428571492
62925  -38.366  -12.910  -22.490 0.1428571492
125568  -38.980  -13.427  -23.062 0.1428571492
64524  -37.523  -11.085  -19.533 0.1428571492
63718  -37.383  -11.833  -20.002 0.1428571492
61263  -34.721  -15.181  -23.034 0.1428571492
61267  -36.277  -15.404  -24.962 0.1428571492
61264  -35.899  -15.511  -24.033 0.1428571492
61272  -38.693  -15.796  -25.717 0.1428571492
62089  -36.095  -14.829  -25.058 0.1428571492
121876  -39.433  -15.261  -25.350 0.1428571492
62093  -37.810  -14.623  -25.461 0.1428571492
62091  -39.759  -14.198  -24.607 0.1428571492
106515  -37.753  -13.615  -21.712 0.1428571492
62926  -39.155  -14.277  -23.167 0.1428571492
106518  -37.436  -13.359  -19.929 0.1428571492
126153  -37.468  -13.424  -20.857 0.1428571492
128134  -34.840  -15.796  -22.575 0.1428571492
61252  -32.448  -15.023  -22.622 0.1428571492
59592  -36.987  -16.763  -24.733 0.1428571492
114406  -36.506  -16.871  -23.724 0.1428571492
61255  -35.365  -15.673  -23.198 0.1428571492
60474  -36.898  -16.023  -25.534 0.1428571492
60473  -36.445  -16.100  -24.389 0.1428571492
112024  -35.287  -14.881  -23.870 0.1428571492
106740  -39.747  -16.098  -25.301 0.1428571492
106494  -38.814  -16.985  -26.045 0.1428571492
121857  -40.022  -15.546  -24.647 0.1428571492
106495  -39.704  -14.893  -23.639 0.1428571492
62095  -39.808  -14.910  -24.882 0.1428571492
106498  -39.775  -14.169  -23.835 0.1428571492
59587  -37.022  -17.544  -23.960 0.1428571492
59585  -35.944  -17.114  -22.935 0.1428571492
59597  -37.823  -17.304  -26.094 0.1428571492
59593  -37.528  -17.556  -25.043 0.1428571492
121890  -39.397  -17.319  -26.032 0.1428571492
60478  -38.538  -17.390  -26.312 0.1428571492
106512  -38.383  -14.815  -22.384 0.1428571492
106726  -40.067  -15.460  -24.064 0.1428571492
112736  -37.318  -16.746  -25.677 0.1428571492
117989  -37.352  -15.921  -25.819 0.1428571492
62946  -38.362  -13.894  -25.231 0.1428571492
106523  -37.489  -12.605  -19.488 0.1428571492
64517  -37.894  -11.092  -18.841 0.1428571492
63743  -39.379  -11.904  -23.836 0.1428571492
63733  -38.055  -12.001  -22.164 0.1428571492
109167  -37.279  -10.130  -24.751 0.1428571492
66920  -38.185  -8.730  -24.777 0.1428571492
120461  -26.340  -17.189  -21.489 0.2857142985
106514  -37.536  -14.184  -21.048 0.1428571492
106529  -37.613  -11.833  -19.099 0.1428571492
65290  -38.271  -10.358  -18.737 0.1428571492
75515  -25.529  2.199  -26.625 0.4285714328
65289  -37.766  -10.365  -19.241 0.1428571492
119887  -37.550  -11.780  -21.156 0.1428571492
65301  -37.461  -10.374  -20.032 0.1428571492
65309  -37.559  -9.733  -20.655 0.1428571492
67684  -38.080  -8.136  -24.483 0.1428571492
67682  -36.565  -7.441  -25.453 0.1428571492
110463  -24.514  6.894  -27.835 0.4285714328
115877  -28.655  14.131  -30.440 0.1428571492
84332  -27.455  14.996  -30.332 0.1428571492
62074  -33.956  -14.821  -22.882 0.1428571492
61253  -33.318  -15.232  -22.399 0.1428571492
112381  -36.208  -12.014  -24.528 0.1428571492
69272  -35.640  -6.093  -26.095 0.1428571492
69271  -35.244  -5.274  -26.235 0.1428571492
118792  -37.851  -8.955  -25.003 0.1428571492
117697  -39.089  -9.814  -24.415 0.1428571492
64557  -39.136  -11.214  -23.578 0.1428571492
64558  -39.384  -11.272  -24.233 0.1428571492
65344  -38.287  -10.544  -24.953 0.1428571492
65331  -38.880  -10.512  -23.218 0.1428571492
66921  -38.578  -8.662  -24.207 0.1428571492
114238  -38.871  -9.086  -23.172 0.1428571492
65320  -38.611  -9.810  -22.726 0.1428571492
128815  -37.371  -12.776  -24.837 0.1428571492
64568  -39.029  -11.597  -24.957 0.1428571492
64551  -38.517  -11.267  -22.678 0.1428571492
64569  -39.355  -11.887  -24.482 0.1428571492
64542  -37.678  -10.852  -21.406 0.1428571492
62942  -35.502  -13.741  -24.611 0.1428571492
124590  -36.833  -13.450  -24.940 0.1428571492
63754  -39.480  -12.754  -24.476 0.1428571492
63745  -39.740  -13.206  -24.228 0.1428571492
61268  -36.891  -15.095  -25.424 0.1428571492
62094  -39.569  -14.311  -25.048 0.1428571492
112493  -38.812  -14.666  -25.450 0.1428571492
106511  -38.353  -13.922  -22.440 0.1428571492
61254  -34.169  -15.515  -22.402 0.1428571492
60460  -35.259  -16.515  -22.555 0.1428571492
60468  -35.938  -16.278  -23.424 0.1428571492
61271  -37.853  -15.411  -25.730 0.1428571492
106774  -39.242  -16.287  -25.664 0.1428571492
109107  -38.029  -16.361  -26.013 0.1428571492
60477  -37.607  -16.599  -25.947 0.1428571492
123199  -40.148  -16.355  -25.013 0.1428571492
106816  -39.009  -15.370  -22.919 0.1428571492
55374  -24.486  -22.244  -18.604 0.1428571492
55387  -25.743  -22.185  -19.319 0.1428571492
56227  -24.389  -21.364  -18.884 0.1428571492
55386  -25.137  -21.856  -19.147 0.1428571492
56239  -25.785  -21.502  -19.686 0.1428571492
56238  -25.052  -21.188  -19.496 0.1428571492
117766  -25.456  -19.039  -20.616 0.1428571492
57894  -24.780  -19.128  -20.177 0.1428571492
58683  -24.848  -18.306  -20.488 0.1428571492
58674  -24.222  -18.604  -19.937 0.1428571492
58682  -24.187  -17.957  -20.171 0.1428571492
59534  -25.232  -17.591  -20.907 0.1428571492
60430  -24.018  -16.586  -20.643 0.1428571492
60440  -24.842  -16.132  -21.179 0.1428571492
129962  -25.309  -15.558  -21.423 0.1428571492
62062  -25.435  -14.795  -21.533 0.2857142985
62068  -26.812  -14.081  -21.899 0.1428571492
62923  -27.122  -13.319  -22.229 0.2857142985
113440  -26.456  -10.148  -22.748 0.4285714328
118398  -26.032  0.662  -26.243 0.2857142985
74745  -25.194  1.475  -26.749 0.2857142985
74746  -25.719  1.416  -26.546 0.2857142985
119707  -22.890  5.067  -26.155 0.2857142985
77761  -23.378  5.319  -26.493 0.2857142985
78452  -23.905  5.720  -26.918 0.2857142985
78451  -23.810  6.579  -27.179 0.4285714328
62061  -24.540  -14.424  -21.537 0.1428571492
62915  -25.165  -14.024  -21.676 0.2857142985
62922  -26.362  -13.517  -21.936 0.1428571492
57883  -24.737  -19.826  -19.827 0.1428571492
61224  -23.918  -15.633  -20.983 0.1428571492
61235  -24.634  -15.225  -21.349 0.1428571492
62914  -24.420  -13.582  -21.789 0.2857142985
62921  -25.491  -13.299  -21.924 0.2857142985
114571  -26.340  -12.892  -22.112 0.2857142985
128190  -26.915  -12.697  -22.285 0.2857142985
122449  -26.787  -11.647  -22.423 0.4285714328
73187  -25.758  -0.398  -25.944 0.2857142985
73198  -25.209  0.497  -26.611 0.2857142985
73971  -25.351  0.819  -26.662 0.2857142985
115429  -25.068  1.029  -26.754 0.2857142985
74744  -24.954  1.643  -26.718 0.2857142985
76287  -25.382  3.030  -26.688 0.2857142985
77027  -24.399  4.086  -26.730 0.2857142985
76284  -23.511  3.612  -26.223 0.2857142985
77762  -24.062  4.934  -26.789 0.2857142985
73186  -25.408  -0.045  -26.371 0.2857142985
73197  -24.924  0.170  -26.531 0.2857142985
119343  -23.991  2.875  -26.405 0.2857142985
74730  -24.044  1.516  -26.189 0.2857142985
75513  -24.572  2.386  -26.552 0.2857142985
65328  -27.056  -10.542  -22.622 0.4285714328
66134  -27.285  -9.824  -22.718 0.4285714328
58684  -25.680  -18.319  -20.931 0.1428571492
59552  -25.964  -17.679  -21.252 0.1428571492
128078  -25.275  -19.661  -20.280 0.1428571492
76285  -24.135  3.390  -26.542 0.2857142985
62916  -25.960  -14.064  -21.700 0.1428571492
60431  -24.836  -16.924  -20.917 0.1428571492
57072  -24.551  -20.565  -19.421 0.1428571492
59533  -24.476  -17.453  -20.548 0.1428571492
59532  -23.736  -17.362  -20.146 0.1428571492
65327  -26.403  -10.932  -22.591 0.4285714328
125882  -23.595  4.398  -26.437 0.2857142985
75498  -23.489  2.210  -25.926 0.2857142985
66144  -26.406  -8.733  -22.988 0.2857142985
86110  -26.364  18.588  -33.945 0.1428571492
86102  -26.368  17.613  -32.963 0.1428571492
85510  -25.253  16.581  -31.711 0.1428571492
84331  -26.020  15.390  -30.417 0.1428571492
126440  -26.733  15.079  -30.062 0.1428571492
84883  -24.846  15.495  -30.984 0.1428571492
84892  -23.328  15.275  -31.618 0.1428571492
86098  -22.917  17.860  -31.737 0.1428571492
66906  -26.818  -8.118  -22.995 0.2857142985
67668  -26.365  -7.447  -23.384 0.2857142985
84894  -26.868  16.692  -32.318 0.1428571492
84884  -26.110  16.182  -31.221 0.1428571492
114844  -26.826  15.606  -30.881 0.1428571492
84321  -25.903  14.634  -29.730 0.1428571492
85519  -24.318  17.007  -32.171 0.1428571492
86099  -23.229  18.227  -32.411 0.1428571492
116369  -23.642  16.268  -31.781 0.1428571492
85509  -22.866  16.323  -31.065 0.1428571492
85498  -22.948  16.880  -30.279 0.1428571492
124569  -22.999  15.829  -31.479 0.1428571492
84330  -25.131  14.801  -30.404 0.1428571492
86101  -25.518  17.770  -32.727 0.1428571492
86109  -25.457  19.113  -33.637 0.1428571492
127210  -26.103  16.936  -32.036 0.1428571492
84893  -24.121  15.856  -31.604 0.1428571492
86756  -25.533  19.798  -33.684 0.1428571492
73957  -24.534  0.446  -26.363 0.1428571492
73969  -24.478  0.981  -26.425 0.1428571492
75511  -23.536  2.912  -26.070 0.1428571492
76251  -21.280  3.451  -24.986 0.1428571492
76267  -22.093  3.588  -25.517 0.1428571492
76268  -22.875  3.643  -25.829 0.1428571492
125609  -20.537  4.737  -24.692 0.1428571492
77012  -20.936  5.290  -25.114 0.1428571492
77746  -21.311  5.738  -25.483 0.2857142985
69250  -26.498  -5.366  -24.078 0.2857142985
69261  -25.659  -5.194  -24.425 0.1428571492
71521  -25.221  -1.745  -25.231 0.1428571492
108821  -24.979  -0.441  -26.213 0.1428571492
119321  -32.402  1.936  -24.020 0.1428571492
73956  -23.784  0.759  -25.980 0.1428571492
77014  -22.735  4.479  -25.941 0.1428571492
77760  -22.506  5.811  -26.143 0.1428571492
77747  -22.149  5.353  -25.824 0.1428571492
116318  -21.728  6.012  -25.755 0.2857142985
112945  -22.975  6.838  -26.542 0.2857142985
80747  -21.217  9.408  -25.676 0.2857142985
80746  -20.832  9.424  -25.466 0.2857142985
81561  -21.633  10.121  -25.820 0.2857142985
83071  -21.883  12.864  -23.843 0.1428571492
78435  -21.814  6.529  -25.913 0.2857142985
79202  -22.663  7.446  -26.506 0.2857142985
79978  -22.081  7.965  -26.221 0.2857142985
79966  -21.606  8.686  -25.835 0.2857142985
80753  -22.009  9.361  -25.978 0.2857142985
118114  -21.025  8.786  -25.491 0.2857142985
81565  -23.198  10.221  -27.098 0.2857142985
82343  -22.219  11.515  -25.941 0.1428571492
81559  -20.678  10.077  -25.345 0.2857142985
83733  -23.600  13.376  -25.851 0.1428571492
120382  -20.800  8.884  -25.351 0.1428571492
77745  -20.594  6.005  -25.176 0.2857142985
82340  -21.440  11.081  -25.625 0.1428571492
82339  -20.840  10.988  -25.170 0.2857142985
83081  -21.209  11.944  -24.946 0.1428571492
82336  -20.733  11.898  -24.311 0.1428571492
76994  -20.113  4.731  -24.316 0.2857142985
81552  -20.364  11.233  -24.229 0.1428571492
83070  -21.208  13.019  -22.657 0.1428571492
82331  -20.399  11.933  -23.665 0.1428571492
76964  -18.671  4.651  -21.754 0.1428571492
75486  -32.822  2.779  -24.378 0.1428571492
71509  -25.615  -2.674  -24.940 0.1428571492
72344  -24.168  -0.870  -25.631 0.1428571492
120220  -33.269  1.918  -24.637 0.1428571492
73955  -22.645  0.652  -25.376 0.1428571492
74714  -22.270  1.479  -25.336 0.1428571492
75496  -21.959  2.784  -25.361 0.1428571492
76995  -20.317  5.427  -24.742 0.2857142985
79201  -21.394  7.165  -25.695 0.1428571492
79965  -20.845  8.176  -25.323 0.1428571492
79977  -21.368  7.946  -25.674 0.1428571492
81549  -20.128  12.188  -23.060 0.1428571492
82332  -20.607  12.666  -23.148 0.1428571492
83082  -21.895  12.089  -25.525 0.1428571492
73946  -33.286  0.324  -24.934 0.1428571492
74719  -32.865  1.080  -24.434 0.1428571492
119727  -23.249  8.625  -27.238 0.2857142985
80754  -22.867  9.368  -26.696 0.2857142985
83722  -22.447  12.986  -24.773 0.1428571492
79219  -23.997  7.326  -27.874 0.2857142985
120280  -25.211  -3.555  -24.950 0.1428571492
72346  -25.527  -0.823  -25.801 0.1428571492
72352  -34.303  -1.600  -25.693 0.1428571492
79218  -23.394  7.335  -27.005 0.2857142985
115965  -23.214  6.096  -26.546 0.1428571492
73185  -24.595  -0.114  -26.229 0.1428571492
74729  -23.195  1.482  -25.762 0.1428571492
74728  -22.646  2.169  -25.581 0.1428571492
73183  -23.244  0.113  -25.596 0.1428571492
73184  -23.965  -0.012  -25.912 0.1428571492
75497  -22.847  2.908  -25.695 0.1428571492
76266  -21.352  4.375  -25.194 0.1428571492
113222  -22.168  4.232  -25.651 0.1428571492
72345  -24.896  -1.109  -25.696 0.1428571492
77013  -21.751  4.944  -25.565 0.1428571492
72328  -24.463  -1.792  -25.211 0.1428571492
126183  -21.049  6.635  -25.463 0.2857142985
78449  -22.036  7.181  -26.147 0.2857142985
78450  -22.484  6.461  -26.263 0.2857142985
80745  -20.745  9.458  -25.360 0.1428571492
81560  -20.967  10.125  -25.609 0.2857142985
79979  -22.900  7.960  -26.790 0.2857142985
117820  -23.655  7.959  -27.653 0.2857142985
116310  -22.414  8.617  -26.382 0.2857142985
82335  -20.557  10.972  -24.737 0.2857142985
84277  -24.242  13.955  -26.251 0.1428571492
83075  -21.162  12.574  -23.953 0.1428571492
62913  -23.465  -13.541  -21.622 0.1428571492
62920  -24.672  -12.739  -22.150 0.1428571492
63720  -22.699  -12.444  -21.491 0.1428571492
64536  -22.838  -11.545  -21.821 0.1428571492
117745  -23.219  -10.923  -22.293 0.1428571492
63728  -24.080  -12.193  -22.339 0.1428571492
65325  -23.868  -10.707  -22.787 0.1428571492
64546  -24.380  -11.482  -22.639 0.1428571492
63729  -25.552  -12.329  -22.252 0.1428571492
122628  -23.536  -9.830  -22.901 0.1428571492
65326  -24.888  -10.762  -23.005 0.1428571492
121196  -25.714  -10.426  -22.879 0.1428571492
65324  -23.139  -10.270  -22.466 0.1428571492
66131  -24.338  -9.954  -23.198 0.1428571492
126599  -25.877  -9.795  -22.984 0.1428571492
66143  -25.665  -9.094  -23.241 0.1428571492
126014  -25.944  -6.705  -23.813 0.1428571492
109258  -24.750  -12.067  -22.433 0.1428571492
63730  -26.534  -12.231  -22.279 0.1428571492
110616  -23.177  -12.920  -21.676 0.1428571492
63721  -23.360  -12.275  -22.002 0.1428571492
81554  -20.575  10.097  -25.162 0.1428571492
68454  -26.689  -6.161  -23.747 0.1428571492
66133  -26.459  -9.404  -22.849 0.1428571492
63722  -23.837  -12.893  -21.985 0.1428571492
64548  -25.999  -11.606  -22.423 0.1428571492
64545  -23.622  -11.539  -22.367 0.1428571492
64547  -25.188  -11.560  -22.625 0.1428571492
115450  -25.621  -11.052  -22.717 0.1428571492
66132  -25.198  -9.894  -23.229 0.1428571492
65323  -22.602  -9.890  -22.151 0.1428571492
62912  -22.561  -13.401  -21.183 0.1428571492
62085  -39.958  -14.644  -24.299 0.1428571492
62090  -39.595  -13.556  -24.632 0.1428571492
62939  -39.834  -13.824  -24.234 0.1428571492
63756  -38.862  -13.057  -25.069 0.1428571492
63757  -39.316  -13.051  -24.826 0.1428571492
66154  -33.187  -9.709  -24.619 0.4285714328
67688  -34.558  -6.796  -26.098 0.4285714328
73970  -24.917  0.742  -26.640 0.1428571492
74743  -24.681  1.459  -26.557 0.2857142985
75480  -27.710  2.058  -25.229 1.0000000000
75512  -24.122  2.206  -26.308 0.2857142985
77763  -25.317  4.769  -26.983 0.5714285970
83760  -28.486  13.475  -28.932 0.1428571492
83793  -23.323  13.957  -31.400 0.2857142985
84320  -22.874  14.709  -29.895 0.2857142985
85517  -23.089  16.741  -31.555 0.1428571492
85518  -23.321  16.187  -31.709 0.1428571492
86090  -22.854  17.396  -30.936 0.1428571492
106825  -37.608  -14.853  -21.157 0.1428571492
119926  -27.489  0.827  -25.044 1.0000000000
128907  -27.285  5.629  -25.577 0.8571428657
129814  -25.469  0.336  -26.490 0.2857142985
