#!ascii label  , from subject sub-v1s12x0050113_ses-1 vox2ras=TkReg
954
44058  27.376  -36.276  34.083 0.0000000000
59139  36.144  -17.757  21.854 0.0000000000
49794  29.233  -29.150  27.566 0.0000000000
37139  8.419  -44.405  42.493 0.0000000000
44917  20.459  -35.343  38.977 0.0000000000
54741  28.077  -23.416  26.555 0.0000000000
43033  13.275  -37.450  39.935 0.0000000000
38806  12.188  -42.642  41.233 0.0000000000
43983  16.980  -36.615  38.730 0.0000000000
59954  40.392  -17.352  22.448 0.0000000000
47133  26.955  -33.097  37.510 0.0000000000
107944  26.354  -31.195  34.542 0.0000000000
46418  30.454  -33.622  36.173 0.0000000000
63325  39.518  -13.833  21.253 0.0000000000
61698  43.237  -15.403  19.088 0.0000000000
59109  32.707  -17.998  24.398 0.0000000000
56594  36.156  -21.388  24.573 0.0000000000
55662  31.891  -22.987  25.021 0.0000000000
51494  33.084  -27.683  26.922 0.0000000000
108982  24.760  -39.545  37.982 0.0000000000
34537  7.435  -47.699  45.125 0.0000000000
33734  2.797  -48.457  45.661 0.0000000000
114723  0.184  -48.236  48.951 0.0000000000
44041  23.037  -36.573  34.888 0.0000000000
42181  20.272  -38.797  38.142 0.0000000000
49742  24.045  -30.059  30.982 0.0000000000
48871  30.347  -31.154  32.866 0.0000000000
64162  45.106  -12.403  17.724 0.0000000000
59956  38.709  -17.530  21.964 0.0000000000
58314  38.317  -19.524  23.384 0.0000000000
45726  27.680  -34.522  35.315 0.0000000000
46426  28.501  -33.594  34.798 0.0000000000
44964  29.192  -35.098  34.597 0.0000000000
61667  36.314  -15.769  22.368 0.0000000000
62475  38.347  -14.344  23.228 0.0000000000
61675  37.603  -15.549  21.376 0.0000000000
60835  39.534  -16.075  20.658 0.0000000000
125061  -0.318  -51.606  49.274 0.0000000000
57436  31.543  -20.478  24.348 0.0000000000
57420  30.249  -20.482  25.505 0.0000000000
51513  28.677  -26.989  26.473 0.0000000000
121669  30.546  -25.992  25.875 0.0000000000
128135  31.286  -28.909  27.359 0.0000000000
48929  32.253  -30.709  28.715 0.0000000000
38808  10.615  -43.037  41.556 0.0000000000
37115  11.859  -44.585  43.410 0.0000000000
107895  10.185  -45.481  43.501 0.0000000000
106205  9.746  -46.829  45.160 0.0000000000
35360  8.027  -46.168  43.477 0.0000000000
35329  4.347  -46.284  45.270 0.0000000000
33713  1.230  -48.756  46.752 0.0000000000
44013  21.338  -36.366  36.733 0.0000000000
42241  20.989  -37.975  35.555 0.0000000000
43101  19.784  -37.161  36.607 0.0000000000
42149  15.699  -38.108  40.109 0.0000000000
43015  17.744  -38.328  40.767 0.0000000000
49690  29.025  -30.415  36.181 0.0000000000
48839  27.976  -30.494  34.433 0.0000000000
56558  29.094  -21.207  27.160 0.0000000000
53842  27.126  -24.866  28.234 0.0000000000
118337  26.518  -27.837  27.891 0.0000000000
40467  14.471  -39.662  40.213 0.0000000000
39580  14.348  -41.300  41.784 0.0000000000
41304  12.706  -40.296  40.283 0.0000000000
40437  10.959  -40.491  41.679 0.0000000000
39563  9.887  -41.099  43.106 0.0000000000
126616  18.252  -35.467  38.089 0.0000000000
45700  16.482  -34.344  39.425 0.0000000000
43986  14.745  -36.328  39.060 0.0000000000
47928  24.425  -31.743  38.671 0.0000000000
48825  23.809  -31.529  35.082 0.0000000000
47964  25.864  -32.214  35.537 0.0000000000
47144  28.538  -32.048  35.413 0.0000000000
63334  43.015  -12.860  19.614 0.0000000000
63346  41.481  -14.538  19.608 0.0000000000
60833  41.400  -16.370  20.506 0.0000000000
59959  34.458  -17.617  22.595 0.0000000000
57446  36.180  -20.339  23.366 0.0000000000
57448  34.120  -20.214  23.445 0.0000000000
55670  34.032  -22.068  24.883 0.0000000000
53876  34.495  -24.846  26.247 0.0000000000
111557  29.983  -23.137  25.302 0.0000000000
53083  32.490  -25.095  25.699 0.0000000000
42236  26.004  -38.207  35.061 0.0000000000
43098  28.448  -37.384  36.134 0.0000000000
60781  35.363  -16.394  24.371 0.0000000000
37096  6.944  -44.386  43.980 0.0000000000
112812  5.623  -46.653  44.306 0.0000000000
33732  5.126  -48.236  45.353 0.0000000000
32823  4.236  -49.830  46.914 0.0000000000
31917  2.576  -50.537  47.195 0.0000000000
31920  -0.027  -50.356  47.768 0.0000000000
31898  -1.290  -50.270  48.691 0.0000000000
33684  -2.730  -48.530  49.818 0.0000000000
112154  24.840  -36.675  34.283 0.0000000000
42239  23.437  -38.343  34.966 0.0000000000
124111  22.473  -39.276  37.529 0.0000000000
43060  18.629  -37.555  37.876 0.0000000000
122702  25.968  -30.091  29.148 0.0000000000
48859  24.817  -31.302  33.009 0.0000000000
114742  26.987  -31.694  31.096 0.0000000000
48070  29.501  -31.656  29.605 0.0000000000
44006  30.303  -36.282  37.610 0.0000000000
64167  47.242  -12.499  16.040 0.0000000000
62517  44.233  -14.416  18.392 0.0000000000
62525  46.250  -14.353  17.247 0.0000000000
124514  37.409  -17.738  21.843 0.0000000000
59118  38.674  -18.748  23.097 0.0000000000
58324  37.046  -19.056  22.604 0.0000000000
111145  27.412  -35.640  34.241 0.0000000000
44965  28.579  -35.024  34.427 0.0000000000
44057  28.479  -36.313  34.553 0.0000000000
59140  35.903  -17.126  21.812 0.0000000000
61676  36.900  -15.712  21.796 0.0000000000
112907  36.982  -16.461  21.518 0.0000000000
59968  38.202  -16.970  21.451 0.0000000000
109885  -1.774  -51.494  50.208 0.0000000000
58290  30.840  -19.034  26.083 0.0000000000
58283  30.398  -19.535  26.560 0.0000000000
50642  29.016  -28.491  27.170 0.0000000000
50653  29.634  -28.089  26.856 0.0000000000
49793  30.082  -29.309  27.629 0.0000000000
49792  31.758  -29.325  27.717 0.0000000000
49776  30.376  -29.985  28.116 0.0000000000
37957  9.864  -43.694  41.953 0.0000000000
37138  10.232  -44.378  42.267 0.0000000000
37117  9.374  -44.581  42.416 0.0000000000
35359  8.888  -46.059  43.630 0.0000000000
36238  7.922  -45.034  42.651 0.0000000000
112348  21.149  -36.161  37.599 0.0000000000
107961  20.559  -36.436  36.773 0.0000000000
44941  19.824  -36.098  37.338 0.0000000000
41284  15.839  -38.981  41.818 0.0000000000
49705  22.610  -29.142  35.618 0.0000000000
49689  29.524  -30.153  36.461 0.0000000000
52306  26.739  -26.293  27.417 0.0000000000
52295  26.240  -26.341  28.348 0.0000000000
42165  13.530  -38.163  39.625 0.0000000000
41303  13.436  -39.638  39.932 0.0000000000
42152  12.681  -38.482  40.362 0.0000000000
41271  11.164  -39.730  42.140 0.0000000000
40419  10.677  -40.141  42.714 0.0000000000
39562  10.429  -40.832  42.293 0.0000000000
122097  17.840  -33.995  39.990 0.0000000000
44907  13.584  -35.956  40.620 0.0000000000
44906  14.237  -35.544  40.107 0.0000000000
43966  13.911  -36.549  39.608 0.0000000000
117766  14.228  -38.104  39.370 0.0000000000
47945  25.098  -32.251  37.183 0.0000000000
47135  25.751  -32.461  36.552 0.0000000000
46425  29.273  -33.691  34.956 0.0000000000
47153  28.102  -32.714  34.999 0.0000000000
46419  29.749  -33.227  35.582 0.0000000000
47132  29.798  -31.916  36.835 0.0000000000
46412  30.910  -33.243  36.896 0.0000000000
62489  38.909  -14.130  21.681 0.0000000000
63336  41.144  -13.064  20.801 0.0000000000
62499  40.205  -14.463  20.135 0.0000000000
59966  40.167  -17.007  21.586 0.0000000000
60834  40.419  -16.045  20.417 0.0000000000
59965  40.985  -17.065  21.882 0.0000000000
59945  33.687  -17.988  23.038 0.0000000000
58327  34.006  -19.071  22.729 0.0000000000
59119  33.000  -18.458  23.513 0.0000000000
56599  31.661  -21.298  24.499 0.0000000000
56598  32.625  -21.485  24.446 0.0000000000
55671  33.182  -22.160  24.813 0.0000000000
54752  34.425  -23.326  25.645 0.0000000000
54753  33.462  -23.580  25.471 0.0000000000
55639  28.099  -22.663  27.085 0.0000000000
118799  28.977  -21.781  26.453 0.0000000000
54758  28.770  -23.699  25.826 0.0000000000
52322  31.728  -26.701  26.244 0.0000000000
52334  31.297  -26.075  25.936 0.0000000000
52321  32.510  -26.503  26.298 0.0000000000
52319  34.378  -26.291  26.643 0.0000000000
41375  25.165  -39.083  36.684 0.0000000000
42200  26.724  -38.620  37.197 0.0000000000
59927  34.142  -17.241  25.323 0.0000000000
59934  34.036  -17.193  24.343 0.0000000000
60792  34.713  -16.855  23.023 0.0000000000
39581  13.519  -41.815  41.194 0.0000000000
38793  13.343  -42.810  42.442 0.0000000000
34536  8.374  -47.665  45.474 0.0000000000
34526  9.406  -47.796  46.627 0.0000000000
34519  8.164  -48.372  46.962 0.0000000000
33718  7.426  -48.564  46.804 0.0000000000
37083  6.308  -44.474  45.439 0.0000000000
36208  6.189  -45.508  44.082 0.0000000000
36194  5.837  -45.164  44.879 0.0000000000
34540  3.043  -47.773  45.506 0.0000000000
34539  4.399  -47.193  44.889 0.0000000000
33722  3.610  -48.530  45.514 0.0000000000
32830  5.219  -49.349  46.782 0.0000000000
32832  3.470  -49.410  46.100 0.0000000000
31916  3.633  -50.467  47.620 0.0000000000
32833  2.607  -49.531  46.141 0.0000000000
33702  0.814  -47.992  48.670 0.0000000000
32825  0.388  -49.758  47.416 0.0000000000
32817  -0.061  -49.638  47.933 0.0000000000
32818  -0.635  -49.940  48.225 0.0000000000
32808  -1.049  -49.381  48.861 0.0000000000
44028  24.298  -36.414  35.804 0.0000000000
44027  25.303  -36.158  35.860 0.0000000000
44040  23.963  -36.516  34.785 0.0000000000
42250  24.523  -37.592  34.231 0.0000000000
43139  23.391  -37.315  34.321 0.0000000000
42225  20.582  -38.113  36.229 0.0000000000
41362  22.020  -38.932  36.852 0.0000000000
41363  21.795  -39.145  37.686 0.0000000000
121788  17.478  -36.204  38.171 0.0000000000
43079  18.200  -36.501  37.816 0.0000000000
119397  17.557  -36.959  38.536 0.0000000000
42146  18.946  -38.913  40.369 0.0000000000
57433  35.704  -20.881  23.918 0.0000000000
57431  37.500  -20.830  24.148 0.0000000000
56593  37.022  -21.314  24.691 0.0000000000
50604  24.292  -28.672  30.314 0.0000000000
50613  25.308  -28.717  29.279 0.0000000000
49752  24.920  -29.960  29.879 0.0000000000
48824  25.300  -31.628  34.787 0.0000000000
48843  23.606  -31.159  34.095 0.0000000000
48841  25.939  -31.067  34.279 0.0000000000
48855  29.231  -30.748  33.509 0.0000000000
48874  27.654  -30.916  32.921 0.0000000000
48038  28.791  -31.350  32.075 0.0000000000
48063  28.296  -31.874  30.433 0.0000000000
48037  30.126  -31.559  31.956 0.0000000000
48060  31.375  -31.733  30.768 0.0000000000
44007  29.724  -36.627  37.134 0.0000000000
64161  45.983  -12.552  16.896 0.0000000000
62510  43.039  -14.292  18.969 0.0000000000
63344  43.374  -13.398  19.026 0.0000000000
61712  43.751  -14.896  18.665 0.0000000000
61710  45.490  -15.627  18.279 0.0000000000
61708  47.041  -16.116  17.946 0.0000000000
43950  13.045  -36.393  41.230 0.0000000000
43018  12.435  -37.914  41.217 0.0000000000
59955  39.575  -17.437  22.157 0.0000000000
59116  40.150  -18.246  23.738 0.0000000000
59117  39.439  -18.524  23.399 0.0000000000
46420  27.655  -33.799  35.701 0.0000000000
47145  27.125  -33.047  35.952 0.0000000000
45732  28.109  -34.036  34.831 0.0000000000
45736  28.930  -34.575  34.501 0.0000000000
45730  30.028  -34.596  35.437 0.0000000000
119550  38.486  -14.297  23.987 0.0000000000
62476  37.600  -14.777  22.866 0.0000000000
62482  38.221  -14.471  22.208 0.0000000000
62490  38.297  -14.854  21.291 0.0000000000
111927  39.658  -14.755  20.359 0.0000000000
60836  38.842  -16.046  20.792 0.0000000000
59967  39.180  -16.761  21.278 0.0000000000
30989  1.184  -51.695  49.258 0.0000000000
59101  32.683  -17.839  25.336 0.0000000000
59110  32.201  -18.663  24.106 0.0000000000
59103  31.587  -18.939  24.592 0.0000000000
58297  30.851  -20.172  24.826 0.0000000000
55673  31.098  -22.078  24.812 0.0000000000
53071  28.073  -25.565  26.327 0.0000000000
53070  28.972  -25.460  25.893 0.0000000000
127626  29.342  -26.785  26.324 0.0000000000
51511  30.407  -27.651  26.594 0.0000000000
50650  32.129  -27.977  26.900 0.0000000000
49791  32.585  -29.095  27.673 0.0000000000
48928  33.026  -30.405  28.655 0.0000000000
41319  24.765  -39.736  38.883 0.0000000000
38807  11.388  -42.751  41.294 0.0000000000
116885  11.964  -43.725  42.081 0.0000000000
37934  11.596  -44.224  42.548 0.0000000000
36220  10.986  -45.163  43.625 0.0000000000
36207  10.556  -45.722  44.197 0.0000000000
35343  8.466  -46.631  44.148 0.0000000000
34550  7.993  -47.182  44.645 0.0000000000
36196  4.527  -45.647  45.867 0.0000000000
35319  3.187  -46.396  46.422 0.0000000000
119812  2.209  -47.383  46.439 0.0000000000
33724  1.804  -48.684  46.123 0.0000000000
34522  1.463  -47.688  47.492 0.0000000000
34516  1.359  -47.456  48.468 0.0000000000
34500  0.922  -47.237  50.033 0.0000000000
107209  21.898  -36.478  36.256 0.0000000000
44042  22.249  -36.788  35.038 0.0000000000
44030  21.126  -36.634  35.913 0.0000000000
43100  20.259  -37.478  36.207 0.0000000000
43076  19.910  -37.825  36.729 0.0000000000
43031  16.269  -37.559  39.830 0.0000000000
43046  17.355  -37.365  39.243 0.0000000000
43016  17.213  -38.295  41.216 0.0000000000
55658  36.112  -22.328  25.802 0.0000000000
49743  23.231  -29.585  32.030 0.0000000000
48822  28.256  -30.827  35.156 0.0000000000
48840  27.100  -30.785  34.353 0.0000000000
49703  28.666  -30.528  35.492 0.0000000000
48821  29.535  -30.270  35.257 0.0000000000
115121  44.650  -11.896  18.597 0.0000000000
31887  -3.056  -51.203  50.118 0.0000000000
125555  28.976  -22.159  28.234 0.0000000000
54727  27.831  -23.217  27.511 0.0000000000
54728  27.583  -23.996  26.988 0.0000000000
53072  27.339  -25.859  26.768 0.0000000000
51514  27.888  -27.187  26.702 0.0000000000
50643  27.464  -28.363  27.494 0.0000000000
41285  15.070  -39.721  41.221 0.0000000000
40436  14.896  -40.348  41.925 0.0000000000
40451  14.469  -40.543  40.944 0.0000000000
40452  13.882  -41.165  40.829 0.0000000000
39593  12.152  -41.421  40.685 0.0000000000
42138  12.176  -38.862  40.973 0.0000000000
40453  11.982  -40.412  40.645 0.0000000000
39583  11.558  -41.936  40.898 0.0000000000
39584  10.767  -42.226  41.306 0.0000000000
38794  9.803  -42.679  41.869 0.0000000000
38783  9.137  -42.455  42.845 0.0000000000
44930  18.860  -35.104  38.415 0.0000000000
44919  18.829  -34.580  39.065 0.0000000000
45709  17.221  -34.929  38.508 0.0000000000
43999  16.050  -35.489  38.660 0.0000000000
45688  15.202  -34.531  40.019 0.0000000000
44920  15.136  -35.514  39.004 0.0000000000
43985  15.491  -36.180  38.821 0.0000000000
43032  15.421  -37.432  39.310 0.0000000000
41302  15.378  -38.925  40.655 0.0000000000
48791  22.892  -30.412  37.859 0.0000000000
48807  22.750  -30.586  36.867 0.0000000000
48806  23.432  -31.345  37.320 0.0000000000
47989  24.551  -31.915  35.728 0.0000000000
47987  26.142  -31.617  34.920 0.0000000000
47154  27.374  -32.428  35.246 0.0000000000
47986  26.877  -31.751  35.052 0.0000000000
47963  27.996  -31.200  35.099 0.0000000000
47962  28.469  -31.244  35.689 0.0000000000
47943  29.580  -31.162  37.168 0.0000000000
64145  41.944  -12.782  20.567 0.0000000000
63345  42.258  -13.958  19.426 0.0000000000
62511  42.381  -14.928  19.271 0.0000000000
61686  40.276  -15.205  20.008 0.0000000000
61685  41.144  -15.517  19.896 0.0000000000
59958  35.317  -17.586  22.075 0.0000000000
58325  36.198  -19.115  22.472 0.0000000000
119860  35.368  -19.083  22.439 0.0000000000
57447  35.144  -20.193  23.289 0.0000000000
57434  34.757  -20.815  23.975 0.0000000000
57449  33.154  -20.136  23.635 0.0000000000
57435  33.820  -20.805  24.035 0.0000000000
56580  34.845  -22.000  24.992 0.0000000000
55659  35.212  -22.649  25.588 0.0000000000
54739  35.606  -23.869  26.416 0.0000000000
57405  29.465  -20.540  26.884 0.0000000000
55663  30.132  -22.283  25.229 0.0000000000
110113  30.905  -23.066  25.077 0.0000000000
53891  30.313  -24.667  25.471 0.0000000000
53890  31.360  -24.679  25.452 0.0000000000
53889  32.190  -24.470  25.470 0.0000000000
125576  33.778  -24.894  25.993 0.0000000000
43116  26.584  -37.569  34.485 0.0000000000
43114  28.217  -37.128  35.034 0.0000000000
42218  27.252  -38.198  36.476 0.0000000000
42199  27.631  -38.308  37.511 0.0000000000
60791  35.345  -16.289  23.378 0.0000000000
118825  35.202  -16.570  22.694 0.0000000000
38775  8.518  -42.752  43.484 0.0000000000
37919  7.908  -43.114  43.961 0.0000000000
37937  7.466  -43.948  43.425 0.0000000000
37119  7.253  -44.928  43.166 0.0000000000
35344  6.823  -46.570  43.826 0.0000000000
126479  6.632  -47.597  44.801 0.0000000000
34554  5.007  -46.470  44.700 0.0000000000
34553  5.303  -47.193  44.563 0.0000000000
34529  6.726  -48.060  45.520 0.0000000000
33712  6.028  -48.893  46.610 0.0000000000
32822  6.075  -49.362  47.533 0.0000000000
107122  2.068  -50.940  47.832 0.0000000000
32834  1.800  -49.509  46.369 0.0000000000
31908  1.105  -50.976  47.758 0.0000000000
30999  0.698  -51.431  48.429 0.0000000000
31000  -0.114  -51.413  48.583 0.0000000000
127769  -1.313  -50.950  48.819 0.0000000000
31899  -2.052  -50.567  49.208 0.0000000000
33694  -1.410  -48.657  49.661 0.0000000000
32797  -2.368  -49.060  49.634 0.0000000000
31886  -2.934  -50.517  49.810 0.0000000000
44960  26.788  -35.611  34.564 0.0000000000
44952  26.119  -35.783  35.201 0.0000000000
44060  25.755  -36.556  33.915 0.0000000000
43117  25.862  -37.624  34.299 0.0000000000
119105  25.215  -38.439  35.212 0.0000000000
41376  24.406  -39.159  36.545 0.0000000000
42240  22.509  -38.249  35.080 0.0000000000
41377  22.954  -39.189  36.811 0.0000000000
41360  23.961  -39.408  37.338 0.0000000000
44942  18.849  -35.817  37.638 0.0000000000
43077  19.216  -37.470  37.203 0.0000000000
42182  19.572  -38.536  38.341 0.0000000000
43029  17.857  -38.009  39.828 0.0000000000
113843  19.349  -38.678  39.024 0.0000000000
41323  20.057  -39.021  39.047 0.0000000000
58315  37.489  -19.654  23.148 0.0000000000
50612  25.789  -28.112  28.696 0.0000000000
50627  26.633  -28.857  28.187 0.0000000000
48934  27.879  -30.249  28.565 0.0000000000
128393  22.507  -30.107  35.008 0.0000000000
48861  23.019  -30.492  33.400 0.0000000000
48877  24.157  -31.111  32.302 0.0000000000
48858  26.412  -30.845  33.779 0.0000000000
48875  26.160  -31.329  32.191 0.0000000000
48890  25.083  -31.193  31.170 0.0000000000
48901  26.123  -31.187  29.892 0.0000000000
48914  28.229  -31.081  29.028 0.0000000000
48933  28.841  -30.424  28.528 0.0000000000
110380  30.735  -31.375  29.240 0.0000000000
44026  28.928  -36.720  35.523 0.0000000000
44949  29.974  -35.600  35.844 0.0000000000
118847  30.483  -35.248  36.414 0.0000000000
44936  31.232  -35.171  37.581 0.0000000000
45715  31.575  -34.386  37.571 0.0000000000
64933  47.187  -11.701  15.861 0.0000000000
110601  44.170  -12.330  19.003 0.0000000000
63351  44.796  -13.350  17.881 0.0000000000
61711  44.392  -15.194  18.508 0.0000000000
62526  45.311  -14.206  17.708 0.0000000000
63359  45.596  -13.392  17.358 0.0000000000
63358  46.337  -13.491  16.897 0.0000000000
121383  47.499  -13.728  16.289 0.0000000000
59138  36.911  -17.771  21.815 0.0000000000
59127  37.437  -18.275  22.206 0.0000000000
59128  36.583  -18.428  22.148 0.0000000000
44966  28.066  -35.715  34.241 0.0000000000
127139  27.935  -36.261  34.200 0.0000000000
59970  36.559  -17.127  21.645 0.0000000000
59969  37.369  -17.170  21.575 0.0000000000
50641  29.831  -28.702  27.236 0.0000000000
49777  29.465  -29.853  28.054 0.0000000000
37958  8.937  -43.767  42.298 0.0000000000
36237  8.641  -45.036  42.609 0.0000000000
43998  20.447  -35.746  37.978 0.0000000000
111587  16.521  -38.528  41.984 0.0000000000
50552  22.938  -28.648  36.650 0.0000000000
42151  13.152  -38.784  39.842 0.0000000000
43034  12.839  -37.854  40.398 0.0000000000
43967  13.294  -36.712  40.368 0.0000000000
43049  13.829  -37.497  39.452 0.0000000000
47927  25.786  -32.536  37.795 0.0000000000
47134  26.354  -32.783  36.865 0.0000000000
46424  29.985  -33.986  35.445 0.0000000000
47142  30.224  -32.792  36.382 0.0000000000
63317  39.591  -13.467  22.153 0.0000000000
123297  40.238  -13.337  21.205 0.0000000000
63337  39.869  -14.045  20.611 0.0000000000
31897  2.927  -51.347  49.946 0.0000000000
59935  33.416  -17.712  23.862 0.0000000000
55672  32.233  -22.180  24.749 0.0000000000
55661  32.851  -22.895  25.146 0.0000000000
54754  32.530  -23.716  25.339 0.0000000000
55648  28.608  -22.668  26.281 0.0000000000
51509  32.331  -27.234  26.548 0.0000000000
113401  33.042  -26.959  26.562 0.0000000000
41359  25.419  -39.301  37.516 0.0000000000
41358  26.191  -39.089  37.793 0.0000000000
59928  33.356  -17.520  24.833 0.0000000000
38805  13.069  -42.501  41.566 0.0000000000
34527  8.681  -47.971  46.345 0.0000000000
34528  7.679  -48.166  46.073 0.0000000000
113311  3.759  -47.668  45.261 0.0000000000
32845  2.909  -49.001  45.752 0.0000000000
33723  2.323  -48.905  45.884 0.0000000000
33703  0.382  -48.890  48.046 0.0000000000
33704  -0.298  -49.086  48.520 0.0000000000
33693  -0.534  -48.443  49.327 0.0000000000
126475  23.089  -36.524  36.190 0.0000000000
44011  23.668  -36.746  36.752 0.0000000000
109368  23.420  -36.473  35.647 0.0000000000
44062  23.525  -36.868  34.427 0.0000000000
42203  20.417  -38.474  37.234 0.0000000000
42202  21.208  -38.692  37.005 0.0000000000
42180  21.045  -38.962  37.902 0.0000000000
41340  21.615  -39.301  38.390 0.0000000000
41341  20.960  -39.256  38.848 0.0000000000
119479  16.666  -35.966  38.407 0.0000000000
56578  36.543  -21.747  25.297 0.0000000000
50595  23.431  -28.830  31.530 0.0000000000
50594  23.895  -28.263  30.991 0.0000000000
49754  23.810  -29.126  30.838 0.0000000000
49762  24.806  -29.150  29.778 0.0000000000
49753  24.384  -29.607  30.323 0.0000000000
48842  24.801  -31.424  34.275 0.0000000000
48873  28.557  -30.958  32.781 0.0000000000
48872  29.419  -31.211  32.477 0.0000000000
119882  29.353  -31.602  31.646 0.0000000000
48036  30.838  -31.557  32.127 0.0000000000
64931  45.626  -11.603  17.357 0.0000000000
64930  46.145  -11.694  16.766 0.0000000000
43932  12.790  -36.078  42.211 0.0000000000
43951  12.580  -36.972  41.791 0.0000000000
44892  13.375  -35.571  41.633 0.0000000000
59125  39.077  -18.029  22.702 0.0000000000
45731  29.474  -34.437  34.874 0.0000000000
44958  29.779  -35.112  35.177 0.0000000000
61651  36.192  -15.688  23.226 0.0000000000
61650  37.036  -15.192  23.570 0.0000000000
61666  36.887  -15.309  22.588 0.0000000000
127581  37.265  -15.996  21.415 0.0000000000
62483  37.525  -15.045  21.944 0.0000000000
61674  38.252  -15.681  20.970 0.0000000000
30990  0.363  -51.681  49.216 0.0000000000
59094  32.112  -18.241  25.846 0.0000000000
59102  32.014  -18.305  24.884 0.0000000000
59095  31.450  -18.681  25.460 0.0000000000
58291  30.470  -19.714  25.722 0.0000000000
56581  30.801  -21.032  24.812 0.0000000000
56582  30.160  -21.354  25.297 0.0000000000
52323  28.786  -26.256  26.213 0.0000000000
50652  30.343  -28.342  26.950 0.0000000000
50651  31.175  -28.303  26.931 0.0000000000
51510  31.432  -27.465  26.535 0.0000000000
50639  31.949  -28.660  27.314 0.0000000000
49774  32.401  -29.852  28.153 0.0000000000
114956  32.813  -30.932  29.180 0.0000000000
107757  33.061  -31.121  29.888 0.0000000000
37977  11.354  -43.353  41.616 0.0000000000
37956  10.908  -43.913  41.936 0.0000000000
37116  10.186  -44.986  42.850 0.0000000000
37137  10.965  -44.589  42.703 0.0000000000
35358  9.756  -45.909  43.911 0.0000000000
36221  8.366  -45.561  43.014 0.0000000000
115052  7.614  -46.678  43.942 0.0000000000
34520  2.556  -46.755  46.884 0.0000000000
34530  2.716  -47.166  45.953 0.0000000000
34521  2.043  -47.181  47.228 0.0000000000
34508  1.198  -47.310  49.297 0.0000000000
43997  21.930  -36.529  38.476 0.0000000000
44012  22.128  -36.531  37.372 0.0000000000
106875  22.724  -36.617  36.633 0.0000000000
106315  21.808  -36.641  35.565 0.0000000000
119430  19.929  -36.677  36.741 0.0000000000
44031  20.415  -36.962  36.095 0.0000000000
42148  16.594  -38.066  40.734 0.0000000000
50574  22.858  -28.652  33.171 0.0000000000
49724  22.627  -29.441  33.699 0.0000000000
48805  28.611  -30.792  35.727 0.0000000000
49701  29.936  -30.150  35.927 0.0000000000
49702  29.121  -30.200  35.809 0.0000000000
54726  28.384  -22.632  27.964 0.0000000000
53860  27.300  -24.478  27.638 0.0000000000
53878  27.476  -24.933  26.775 0.0000000000
53049  27.002  -25.301  27.470 0.0000000000
51497  26.432  -27.019  27.762 0.0000000000
52325  27.342  -26.633  26.815 0.0000000000
51496  27.113  -27.337  27.186 0.0000000000
51495  27.859  -27.813  26.999 0.0000000000
40468  13.742  -40.527  40.292 0.0000000000
39592  12.980  -41.250  40.470 0.0000000000
40469  12.265  -40.895  40.530 0.0000000000
42999  12.048  -37.552  42.364 0.0000000000
42127  11.925  -38.459  41.990 0.0000000000
41287  11.516  -40.095  41.224 0.0000000000
40454  11.518  -40.954  40.830 0.0000000000
39571  10.793  -41.339  41.328 0.0000000000
39572  10.164  -41.767  41.870 0.0000000000
119659  9.659  -41.910  42.583 0.0000000000
45697  19.172  -34.320  39.814 0.0000000000
45686  17.031  -33.997  40.117 0.0000000000
45699  17.315  -34.346  39.141 0.0000000000
45710  16.558  -34.790  38.759 0.0000000000
44921  14.539  -35.780  39.405 0.0000000000
44905  14.832  -35.061  39.633 0.0000000000
109330  15.144  -36.796  38.938 0.0000000000
42150  14.795  -38.658  39.789 0.0000000000
42164  14.940  -37.950  39.399 0.0000000000
48790  23.559  -31.191  38.305 0.0000000000
47946  24.307  -31.861  37.722 0.0000000000
47965  25.156  -32.191  36.209 0.0000000000
47988  25.374  -31.987  35.369 0.0000000000
46427  27.837  -33.236  35.036 0.0000000000
47985  27.746  -31.843  35.170 0.0000000000
62474  38.905  -13.922  23.637 0.0000000000
64131  42.358  -12.289  21.188 0.0000000000
62498  40.692  -13.872  20.200 0.0000000000
108548  41.578  -13.490  19.933 0.0000000000
115144  39.767  -15.512  20.337 0.0000000000
61684  41.923  -15.988  20.082 0.0000000000
108981  34.899  -18.391  22.300 0.0000000000
58318  34.390  -19.614  22.926 0.0000000000
58306  31.868  -19.272  24.004 0.0000000000
57450  32.564  -19.305  23.610 0.0000000000
111297  32.160  -20.089  23.910 0.0000000000
56597  33.511  -21.468  24.455 0.0000000000
56596  34.390  -21.426  24.486 0.0000000000
126202  34.453  -22.557  25.290 0.0000000000
120980  34.035  -24.227  25.808 0.0000000000
54740  34.847  -24.072  26.144 0.0000000000
55664  29.343  -22.411  25.703 0.0000000000
56583  29.509  -21.593  25.830 0.0000000000
53086  29.966  -25.419  25.695 0.0000000000
53084  31.807  -25.453  25.727 0.0000000000
126753  31.974  -24.940  25.548 0.0000000000
53082  33.113  -24.492  25.651 0.0000000000
53066  33.227  -25.342  25.992 0.0000000000
42235  26.916  -37.957  35.422 0.0000000000
42179  26.948  -38.792  38.106 0.0000000000
60790  35.894  -16.013  24.002 0.0000000000
60808  34.970  -17.030  22.451 0.0000000000
40418  14.831  -40.768  42.861 0.0000000000
37933  12.229  -44.079  42.876 0.0000000000
124644  10.062  -47.014  45.829 0.0000000000
38774  8.909  -42.160  44.135 0.0000000000
37082  6.849  -44.049  44.991 0.0000000000
37920  7.388  -43.597  44.517 0.0000000000
35345  6.165  -46.296  43.988 0.0000000000
35361  6.837  -45.751  43.580 0.0000000000
34552  6.159  -47.111  44.240 0.0000000000
36195  5.114  -45.606  45.281 0.0000000000
33733  4.355  -47.989  45.172 0.0000000000
116069  4.961  -47.669  44.924 0.0000000000
34538  5.812  -47.778  44.962 0.0000000000
33731  5.955  -48.415  45.780 0.0000000000
33720  5.227  -48.795  46.035 0.0000000000
109133  5.148  -49.754  47.592 0.0000000000
122985  2.908  -50.862  47.970 0.0000000000
31919  0.717  -50.415  47.432 0.0000000000
31909  0.225  -51.033  47.889 0.0000000000
31910  -0.643  -50.864  48.271 0.0000000000
33682  -0.617  -47.932  50.232 0.0000000000
112413  -1.260  -47.969  50.429 0.0000000000
32810  -2.594  -49.842  49.401 0.0000000000
32798  -3.043  -49.514  49.584 0.0000000000
32799  -3.303  -49.332  49.401 0.0000000000
44959  27.316  -35.169  34.927 0.0000000000
127378  24.739  -36.269  34.933 0.0000000000
44039  25.457  -36.110  34.560 0.0000000000
44961  26.220  -35.970  34.129 0.0000000000
43136  26.205  -37.086  33.967 0.0000000000
43137  25.274  -37.208  34.041 0.0000000000
42251  23.769  -37.795  34.405 0.0000000000
42238  24.416  -38.318  34.876 0.0000000000
42221  24.804  -38.794  35.838 0.0000000000
42222  23.983  -38.819  35.716 0.0000000000
43119  21.220  -37.435  35.269 0.0000000000
43118  22.037  -37.400  34.848 0.0000000000
109302  21.630  -38.099  35.296 0.0000000000
42223  22.252  -38.674  35.939 0.0000000000
41361  23.151  -39.476  37.866 0.0000000000
41337  23.929  -39.644  38.466 0.0000000000
41338  23.149  -39.646  38.646 0.0000000000
43061  18.048  -36.964  38.003 0.0000000000
43078  18.602  -36.921  37.485 0.0000000000
43059  19.154  -38.045  37.834 0.0000000000
42183  18.899  -38.194  38.534 0.0000000000
43030  17.106  -37.821  40.170 0.0000000000
42163  18.674  -38.482  39.498 0.0000000000
42162  19.482  -39.002  39.698 0.0000000000
58316  36.641  -19.725  22.967 0.0000000000
51474  25.440  -27.012  29.195 0.0000000000
51475  25.224  -27.705  29.453 0.0000000000
49780  25.938  -29.268  28.837 0.0000000000
48935  26.793  -29.968  28.694 0.0000000000
49779  27.616  -29.343  28.055 0.0000000000
112011  23.475  -31.474  36.268 0.0000000000
48826  22.676  -30.633  35.746 0.0000000000
109128  22.952  -30.885  34.822 0.0000000000
109140  24.501  -31.312  33.691 0.0000000000
48860  23.856  -31.160  33.170 0.0000000000
48878  23.380  -30.464  32.550 0.0000000000
48857  27.320  -30.626  33.807 0.0000000000
48040  27.100  -31.366  32.001 0.0000000000
48052  26.327  -31.552  31.320 0.0000000000
48889  25.672  -31.385  31.467 0.0000000000
48053  25.646  -31.255  30.568 0.0000000000
48065  26.517  -31.550  30.467 0.0000000000
112665  29.071  -31.892  30.104 0.0000000000
48072  27.730  -31.590  29.641 0.0000000000
48071  28.644  -31.654  29.587 0.0000000000
48913  29.157  -31.134  29.058 0.0000000000
48912  30.020  -31.269  29.119 0.0000000000
48069  30.320  -31.684  29.708 0.0000000000
48059  32.174  -31.596  31.106 0.0000000000
44025  29.598  -36.337  36.121 0.0000000000
44024  30.178  -35.976  36.719 0.0000000000
44937  30.716  -35.568  37.232 0.0000000000
46411  31.439  -33.621  37.359 0.0000000000
118899  46.661  -12.140  16.371 0.0000000000
63364  47.668  -13.119  15.948 0.0000000000
64144  42.648  -12.524  20.342 0.0000000000
62518  43.678  -14.060  18.651 0.0000000000
63352  44.099  -13.353  18.552 0.0000000000
108150  44.511  -12.671  18.334 0.0000000000
109489  44.608  -14.060  18.054 0.0000000000
61719  45.785  -15.077  17.792 0.0000000000
62516  44.963  -14.922  18.172 0.0000000000
59957  37.903  -17.670  21.878 0.0000000000
59126  38.282  -18.206  22.434 0.0000000000
58323  37.868  -18.917  22.829 0.0000000000
45738  28.008  -34.938  34.524 0.0000000000
44056  28.758  -35.596  34.460 0.0000000000
60823  36.188  -16.392  21.837 0.0000000000
107483  37.711  -16.309  21.283 0.0000000000
30991  -0.947  -51.604  49.713 0.0000000000
58289  31.653  -18.718  26.465 0.0000000000
57411  29.934  -20.064  26.371 0.0000000000
50654  28.685  -27.772  26.810 0.0000000000
51512  29.462  -27.399  26.556 0.0000000000
50640  30.615  -28.834  27.278 0.0000000000
122134  30.924  -29.402  27.695 0.0000000000
49775  31.400  -30.154  28.247 0.0000000000
48930  31.429  -31.096  28.991 0.0000000000
111698  9.351  -45.418  43.075 0.0000000000
34514  2.704  -46.342  48.362 0.0000000000
127000  20.470  -36.107  37.398 0.0000000000
42137  16.200  -38.443  41.186 0.0000000000
49714  22.551  -29.245  34.599 0.0000000000
49680  29.456  -30.384  36.718 0.0000000000
53038  26.696  -25.511  28.420 0.0000000000
41324  13.932  -38.914  39.591 0.0000000000
115224  12.635  -39.308  40.235 0.0000000000
41270  11.292  -38.900  42.519 0.0000000000
44891  13.983  -35.147  41.044 0.0000000000
45689  14.642  -34.818  40.485 0.0000000000
43048  14.525  -37.240  39.139 0.0000000000
47152  28.901  -32.933  35.100 0.0000000000
47143  29.391  -32.378  35.894 0.0000000000
47131  30.577  -32.394  37.247 0.0000000000
62481  38.921  -13.962  22.692 0.0000000000
63316  39.996  -12.865  22.897 0.0000000000
60821  40.016  -16.554  20.937 0.0000000000
60820  40.778  -16.753  21.006 0.0000000000
60819  41.654  -16.973  21.273 0.0000000000
59130  34.158  -18.464  22.605 0.0000000000
58328  33.594  -18.658  22.911 0.0000000000
58319  33.475  -19.411  23.110 0.0000000000
125040  32.175  -20.856  24.215 0.0000000000
55660  33.741  -22.763  25.237 0.0000000000
55638  28.588  -21.961  27.344 0.0000000000
54757  29.226  -23.159  25.613 0.0000000000
106479  29.691  -23.876  25.462 0.0000000000
124175  30.748  -26.747  26.208 0.0000000000
53068  31.989  -26.107  26.036 0.0000000000
53067  32.568  -25.785  26.025 0.0000000000
52320  33.375  -26.216  26.374 0.0000000000
42220  25.595  -38.665  36.000 0.0000000000
42219  26.420  -38.471  36.184 0.0000000000
42201  25.921  -38.887  36.921 0.0000000000
60773  34.742  -16.795  24.843 0.0000000000
60782  34.665  -16.749  23.876 0.0000000000
59944  34.103  -17.321  23.401 0.0000000000
39570  13.830  -42.155  42.126 0.0000000000
39561  13.883  -42.402  42.931 0.0000000000
34535  9.350  -47.460  45.819 0.0000000000
33711  6.836  -48.891  47.126 0.0000000000
37097  6.413  -44.757  44.469 0.0000000000
37120  6.696  -45.093  43.779 0.0000000000
36209  5.595  -45.936  44.451 0.0000000000
35330  3.526  -46.900  45.446 0.0000000000
33721  4.532  -48.569  45.592 0.0000000000
32831  4.399  -49.141  46.111 0.0000000000
31926  3.127  -50.088  46.647 0.0000000000
31927  2.287  -50.090  46.547 0.0000000000
109905  0.981  -48.335  47.789 0.0000000000
33714  0.742  -49.139  47.285 0.0000000000
120091  24.516  -37.091  34.028 0.0000000000
44061  24.150  -36.876  34.258 0.0000000000
43138  23.970  -37.242  34.153 0.0000000000
42252  22.949  -37.695  34.550 0.0000000000
42224  21.399  -38.460  36.080 0.0000000000
41339  22.402  -39.466  38.357 0.0000000000
113883  17.609  -35.505  38.204 0.0000000000
44943  18.128  -35.992  37.842 0.0000000000
43045  18.098  -37.681  38.755 0.0000000000
42147  18.303  -38.534  40.311 0.0000000000
42134  18.410  -38.809  41.037 0.0000000000
57445  37.089  -20.345  23.485 0.0000000000
57432  36.625  -20.897  23.990 0.0000000000
51467  24.524  -27.786  30.518 0.0000000000
50603  24.813  -28.200  29.831 0.0000000000
49761  25.382  -29.647  29.397 0.0000000000
108255  25.447  -31.139  33.736 0.0000000000
48856  28.188  -30.603  33.681 0.0000000000
48039  28.062  -31.330  32.071 0.0000000000
48051  27.710  -31.696  31.236 0.0000000000
48050  28.556  -31.687  31.387 0.0000000000
111349  29.170  -31.849  30.813 0.0000000000
48049  29.976  -31.771  31.106 0.0000000000
48061  30.587  -31.792  30.489 0.0000000000
48048  30.739  -31.727  31.369 0.0000000000
43074  28.488  -37.682  37.334 0.0000000000
43097  29.105  -37.025  36.657 0.0000000000
43073  29.267  -37.245  37.696 0.0000000000
43991  29.812  -36.817  37.937 0.0000000000
43990  30.261  -36.640  38.481 0.0000000000
63365  46.902  -13.086  16.423 0.0000000000
111562  42.810  -13.492  19.328 0.0000000000
61709  46.182  -15.890  18.126 0.0000000000
61718  46.643  -15.355  17.500 0.0000000000
43017  12.888  -37.215  40.786 0.0000000000
45675  14.588  -34.594  41.450 0.0000000000
59943  40.583  -17.599  23.305 0.0000000000
59124  39.853  -17.828  22.996 0.0000000000
45737  28.535  -34.368  34.603 0.0000000000
46431  28.930  -34.106  34.610 0.0000000000
62500  39.162  -14.423  20.911 0.0000000000
61687  39.012  -15.288  20.639 0.0000000000
60822  38.408  -16.345  21.071 0.0000000000
58307  31.423  -19.676  24.397 0.0000000000
58296  31.004  -19.309  25.117 0.0000000000
126192  31.180  -20.753  24.554 0.0000000000
53877  28.217  -24.508  26.165 0.0000000000
53069  29.766  -26.251  26.044 0.0000000000
110859  29.962  -26.981  26.344 0.0000000000
50638  32.764  -28.416  27.296 0.0000000000
49790  33.262  -28.828  27.637 0.0000000000
49773  33.350  -29.539  28.124 0.0000000000
49760  33.843  -30.259  28.865 0.0000000000
124136  25.640  -39.518  38.479 0.0000000000
37954  12.597  -43.130  41.893 0.0000000000
37955  11.918  -43.191  41.529 0.0000000000
110577  9.340  -46.488  44.393 0.0000000000
35328  8.886  -47.040  44.970 0.0000000000
35318  3.908  -46.027  46.057 0.0000000000
34531  2.272  -48.027  45.856 0.0000000000
34532  1.729  -47.920  46.550 0.0000000000
34515  2.056  -46.890  48.253 0.0000000000
33680  0.654  -47.658  49.386 0.0000000000
44029  22.557  -36.532  35.667 0.0000000000
44043  21.492  -36.934  35.283 0.0000000000
44044  20.924  -37.032  35.535 0.0000000000
42242  20.676  -37.467  35.703 0.0000000000
43047  16.645  -37.110  39.338 0.0000000000
56579  35.687  -21.901  25.142 0.0000000000
50585  23.100  -28.742  32.351 0.0000000000
128075  23.598  -29.594  31.406 0.0000000000
48823  27.308  -31.063  34.760 0.0000000000
49704  28.118  -30.658  34.822 0.0000000000
49713  28.688  -30.345  35.032 0.0000000000
107891  28.606  -30.402  34.309 0.0000000000
48838  29.364  -30.433  34.475 0.0000000000
60846  43.705  -16.275  19.611 0.0000000000
30983  -2.593  -51.318  50.508 0.0000000000
55637  29.300  -21.513  28.010 0.0000000000
52324  27.966  -26.421  26.482 0.0000000000
124809  28.281  -28.277  27.166 0.0000000000
49795  28.373  -28.883  27.534 0.0000000000
41269  15.347  -39.623  42.111 0.0000000000
39582  12.567  -41.994  40.880 0.0000000000
41286  12.063  -39.725  40.753 0.0000000000
119762  11.694  -39.310  41.628 0.0000000000
127220  10.332  -42.449  41.568 0.0000000000
38795  9.287  -43.172  42.221 0.0000000000
37935  8.763  -43.098  42.681 0.0000000000
44929  19.655  -35.400  38.183 0.0000000000
44918  19.643  -34.840  39.231 0.0000000000
45708  18.033  -34.853  38.633 0.0000000000
45698  18.319  -34.255  39.459 0.0000000000
44931  16.895  -35.443  38.412 0.0000000000
45687  16.008  -34.179  40.253 0.0000000000
45701  15.668  -34.728  39.257 0.0000000000
43984  16.248  -36.373  38.735 0.0000000000
113587  15.904  -36.899  39.135 0.0000000000
49681  22.730  -29.460  37.321 0.0000000000
47966  24.322  -31.943  36.753 0.0000000000
47146  26.427  -32.491  35.680 0.0000000000
47944  29.078  -30.859  36.499 0.0000000000
47961  29.104  -31.487  36.285 0.0000000000
63335  42.334  -13.120  19.776 0.0000000000
61700  40.723  -14.698  19.837 0.0000000000
61699  41.895  -15.387  19.626 0.0000000000
60847  42.710  -15.967  19.775 0.0000000000
59129  35.736  -18.427  22.134 0.0000000000
58317  35.772  -19.699  22.848 0.0000000000
58326  34.617  -19.060  22.548 0.0000000000
127697  35.053  -19.554  22.771 0.0000000000
56595  35.274  -21.410  24.512 0.0000000000
109591  32.907  -20.823  24.082 0.0000000000
55647  35.802  -23.057  26.205 0.0000000000
54751  35.179  -23.402  25.995 0.0000000000
57412  29.643  -20.783  26.062 0.0000000000
56566  29.266  -21.145  26.489 0.0000000000
53892  29.288  -24.613  25.659 0.0000000000
53085  30.892  -25.397  25.648 0.0000000000
54756  30.655  -23.895  25.295 0.0000000000
54755  31.605  -23.818  25.262 0.0000000000
107320  34.021  -25.526  26.316 0.0000000000
43135  27.020  -36.981  34.047 0.0000000000
43134  27.761  -36.731  34.329 0.0000000000
43115  27.409  -37.384  34.728 0.0000000000
43099  27.709  -37.667  35.725 0.0000000000
43075  27.915  -37.856  36.652 0.0000000000
61652  35.707  -16.146  22.569 0.0000000000
60807  35.470  -16.756  22.139 0.0000000000
39560  14.372  -41.693  43.032 0.0000000000
37932  12.880  -43.533  42.850 0.0000000000
37936  8.132  -43.554  42.866 0.0000000000
37118  7.767  -44.385  42.777 0.0000000000
36222  7.598  -45.585  43.178 0.0000000000
124926  7.343  -46.174  43.516 0.0000000000
34551  7.091  -47.203  44.348 0.0000000000
33719  6.788  -48.516  46.331 0.0000000000
107023  2.712  -51.220  48.824 0.0000000000
30998  1.646  -51.411  48.545 0.0000000000
31918  1.583  -50.369  47.016 0.0000000000
32824  1.026  -49.738  46.911 0.0000000000
31001  -0.832  -51.334  48.959 0.0000000000
30992  -1.561  -51.244  49.387 0.0000000000
30993  -2.287  -51.103  49.787 0.0000000000
33681  0.153  -47.675  49.950 0.0000000000
32809  -1.891  -49.672  49.121 0.0000000000
33683  -1.988  -48.226  50.200 0.0000000000
108347  -3.282  -50.305  49.586 0.0000000000
44967  26.875  -35.969  33.980 0.0000000000
44059  26.587  -36.491  33.923 0.0000000000
42237  25.221  -37.962  34.467 0.0000000000
117347  24.757  -39.352  37.219 0.0000000000
43140  22.815  -36.999  34.548 0.0000000000
107212  23.135  -38.784  35.798 0.0000000000
125147  23.695  -39.136  36.441 0.0000000000
44014  19.184  -36.642  37.121 0.0000000000
44015  18.593  -36.391  37.559 0.0000000000
42204  19.694  -38.248  37.520 0.0000000000
121520  20.572  -39.409  39.510 0.0000000000
57444  37.950  -20.258  23.680 0.0000000000
56577  37.337  -21.513  25.470 0.0000000000
52284  25.941  -26.362  29.162 0.0000000000
51485  25.919  -27.122  28.434 0.0000000000
49778  28.571  -29.651  28.039 0.0000000000
49691  22.588  -29.670  36.456 0.0000000000
48844  22.738  -30.313  34.253 0.0000000000
49734  22.833  -29.561  32.822 0.0000000000
48892  23.736  -30.355  31.753 0.0000000000
107121  25.840  -31.148  33.026 0.0000000000
106548  26.746  -30.942  32.998 0.0000000000
48876  25.163  -31.295  32.084 0.0000000000
48891  24.407  -30.899  31.407 0.0000000000
48902  24.796  -30.570  30.504 0.0000000000
48917  25.533  -30.579  29.729 0.0000000000
48916  26.403  -30.745  29.343 0.0000000000
48064  27.324  -31.764  30.411 0.0000000000
48073  26.854  -31.398  29.744 0.0000000000
48915  27.285  -30.916  29.113 0.0000000000
48932  29.739  -30.583  28.562 0.0000000000
48931  30.615  -30.785  28.707 0.0000000000
48900  31.924  -31.612  30.295 0.0000000000
48910  32.214  -31.328  29.558 0.0000000000
44038  29.354  -35.877  35.040 0.0000000000
44957  30.220  -35.007  35.753 0.0000000000
45725  30.494  -34.463  36.121 0.0000000000
44926  30.926  -35.848  38.147 0.0000000000
45716  30.989  -34.804  36.926 0.0000000000
45724  31.080  -34.022  36.788 0.0000000000
63343  43.637  -12.644  19.313 0.0000000000
62524  47.124  -14.858  16.935 0.0000000000
62532  46.981  -14.014  16.701 0.0000000000
48062  29.774  -31.836  30.272 0.0000000000
48899  32.500  -31.461  30.328 0.0000000000
48909  33.329  -30.770  29.221 0.0000000000
48911  31.251  -31.640  29.815 0.0000000000
119914  13.037  -38.152  39.940 0.0000000000
