#!ascii label  , from subject sub-v1s12x0050113_ses-1 vox2ras=TkReg
2234
30966  1.562  -51.463  52.057 0.1111110002
30973  0.746  -51.683  51.640 0.1111110002
106621  -0.050  -51.636  52.254 0.2222220004
30974  -0.964  -51.643  51.857 0.4444440007
31864  5.178  -50.617  52.260 0.1111110002
109204  3.530  -50.916  52.778 0.1111110002
31877  2.376  -51.433  51.493 0.1111110002
31875  4.555  -50.884  51.723 0.1111110002
31876  3.218  -51.186  51.848 0.1111110002
32790  6.645  -49.896  51.656 0.2222220004
32796  6.046  -50.283  51.063 0.2222220004
112652  3.928  -51.002  52.032 0.1111110002
30981  0.742  -51.794  50.649 0.3333329856
107009  -0.119  -51.767  51.213 0.4444440007
106909  -1.842  -51.602  51.236 0.4444440007
30969  -1.986  -51.948  51.795 0.4444440007
30970  -2.600  -51.948  51.115 0.2222220004
30972  1.554  -51.674  51.070 0.1111110002
122990  6.191  -50.121  50.225 0.2222220004
31874  5.290  -50.649  51.369 0.2222220004
31883  4.545  -50.878  50.837 0.2222220004
31885  3.089  -51.343  50.916 0.1111110002
111236  6.889  -49.769  50.044 0.2222220004
31882  5.334  -50.545  50.324 0.2222220004
118900  3.857  -51.085  51.294 0.2222220004
109172  -0.068  -51.779  50.070 0.4444440007
33692  7.227  -49.299  48.669 0.2222220004
109885  -1.774  -51.494  50.208 0.4444440007
30090  -2.926  -52.347  50.609 0.2222220004
30095  -3.393  -52.273  49.892 0.3333329856
29213  -3.793  -52.875  49.123 0.2222220004
30979  2.272  -51.595  50.508 0.1111110002
30980  1.459  -51.772  50.131 0.4444440007
108769  6.335  -49.870  49.443 0.2222220004
32807  4.985  -50.447  49.247 0.2222220004
31895  4.413  -50.824  49.905 0.2222220004
31897  2.927  -51.347  49.946 0.2222220004
30989  1.184  -51.695  49.258 0.4444440007
33710  7.632  -48.773  47.505 0.2222220004
33701  7.004  -49.156  47.949 0.2222220004
31907  3.579  -50.842  48.577 0.3333329856
107023  2.712  -51.220  48.824 0.3333329856
125061  -0.318  -51.606  49.274 0.5555559993
34519  8.164  -48.372  46.962 0.2222220004
32815  5.700  -49.748  48.185 0.2222220004
109133  5.148  -49.754  47.592 0.3333329856
31001  -0.832  -51.334  48.959 0.5555559993
34528  7.679  -48.166  46.073 0.4444440007
30983  -2.593  -51.318  50.508 0.4444440007
31887  -3.056  -51.203  50.118 0.4444440007
34535  9.350  -47.460  45.819 0.2222220004
30985  -3.684  -51.708  49.584 0.4444440007
28314  -3.130  -53.907  48.714 0.1111110002
30988  2.062  -51.606  49.518 0.4444440007
31906  4.351  -50.501  48.453 0.3333329856
30998  1.646  -51.411  48.545 0.5555559993
31000  -0.114  -51.413  48.583 0.5555559993
32822  6.075  -49.362  47.533 0.3333329856
124842  4.494  -50.134  47.790 0.3333329856
31917  2.576  -50.537  47.195 0.5555559993
31918  1.583  -50.369  47.016 0.5555559993
127769  -1.313  -50.950  48.819 0.6666669846
30992  -1.561  -51.244  49.387 0.5555559993
33711  6.836  -48.891  47.126 0.3333329856
32830  5.219  -49.349  46.782 0.3333329856
32823  4.236  -49.830  46.914 0.5555559993
32833  2.607  -49.531  46.141 0.6666669846
31898  -1.290  -50.270  48.691 0.6666669846
31886  -2.934  -50.517  49.810 0.6666669846
34537  7.435  -47.699  45.125 0.4444440007
31899  -2.052  -50.567  49.208 0.7777780294
108347  -3.282  -50.305  49.586 0.5555559993
29217  -3.936  -52.917  48.600 0.1111110002
110577  9.340  -46.488  44.393 0.6666669846
35328  8.886  -47.040  44.970 0.3333329856
30994  -4.203  -51.716  49.262 0.2222220004
30104  -4.297  -52.334  48.250 0.2222220004
31908  1.105  -50.976  47.758 0.5555559993
31909  0.225  -51.033  47.889 0.5555559993
31919  0.717  -50.415  47.432 0.5555559993
31920  -0.027  -50.356  47.768 0.5555559993
33731  5.955  -48.415  45.780 0.5555559993
33720  5.227  -48.795  46.035 0.6666669846
33722  3.610  -48.530  45.514 0.6666669846
32834  1.800  -49.509  46.369 0.5555559993
32825  0.388  -49.758  47.416 0.7777780294
32818  -0.635  -49.940  48.225 0.7777780294
34529  6.726  -48.060  45.520 0.5555559993
116069  4.961  -47.669  44.924 0.7777780294
33733  4.355  -47.989  45.172 0.8888890147
32810  -2.594  -49.842  49.401 0.6666669846
35358  9.756  -45.909  43.911 0.6666669846
34550  7.993  -47.182  44.645 0.7777780294
126479  6.632  -47.597  44.801 0.7777780294
30995  -4.607  -51.245  49.006 0.2222220004
113311  3.759  -47.668  45.261 0.8888890147
33734  2.797  -48.457  45.661 0.7777780294
33724  1.804  -48.684  46.123 0.8888890147
112812  5.623  -46.653  44.306 0.8888890147
34539  4.399  -47.193  44.889 0.8888890147
34530  2.716  -47.166  45.953 0.8888890147
34532  1.729  -47.920  46.550 0.8888890147
35343  8.466  -46.631  44.148 0.6666669846
124926  7.343  -46.174  43.516 0.7777780294
34552  6.159  -47.111  44.240 0.8888890147
34540  3.043  -47.773  45.506 0.8888890147
36220  10.986  -45.163  43.625 0.6666669846
35359  8.888  -46.059  43.630 0.6666669846
36221  8.366  -45.561  43.014 0.7777780294
34554  5.007  -46.470  44.700 0.8888890147
35329  4.347  -46.284  45.270 0.8888890147
35318  3.908  -46.027  46.057 0.7777780294
36222  7.598  -45.585  43.178 0.7777780294
35345  6.165  -46.296  43.988 0.8888890147
35330  3.526  -46.900  45.446 0.8888890147
37137  10.965  -44.589  42.703 0.7777780294
37117  9.374  -44.581  42.416 0.7777780294
37932  12.880  -43.533  42.850 0.7777780294
116885  11.964  -43.725  42.081 0.7777780294
36195  5.114  -45.606  45.281 0.8888890147
36196  4.527  -45.647  45.867 0.6666669846
37120  6.696  -45.093  43.779 0.8888890147
36208  6.189  -45.508  44.082 0.8888890147
36183  5.737  -44.886  45.874 0.7777780294
37139  8.419  -44.405  42.493 0.7777780294
37118  7.767  -44.385  42.777 0.8888890147
38780  14.114  -42.291  43.707 0.5555559993
39561  13.883  -42.402  42.931 0.5555559993
38793  13.343  -42.810  42.442 0.7777780294
37954  12.597  -43.130  41.893 0.7777780294
38807  11.388  -42.751  41.294 0.7777780294
37138  10.232  -44.378  42.267 0.7777780294
38805  13.069  -42.501  41.566 0.7777780294
38806  12.188  -42.642  41.233 0.7777780294
108845  17.423  -38.819  44.827 0.3333329856
42098  17.869  -38.901  44.175 0.4444440007
37937  7.466  -43.948  43.425 0.8888890147
37096  6.944  -44.386  43.980 0.8888890147
37097  6.413  -44.757  44.469 0.8888890147
111482  14.822  -40.981  43.850 0.4444440007
39549  14.533  -41.673  44.002 0.3333329856
37957  9.864  -43.694  41.953 0.7777780294
37936  8.132  -43.554  42.866 0.8888890147
37920  7.388  -43.597  44.517 0.8888890147
38808  10.615  -43.037  41.556 0.8888890147
40418  14.831  -40.768  42.861 0.6666669846
39560  14.372  -41.693  43.032 0.6666669846
39580  14.348  -41.300  41.784 0.7777780294
39581  13.519  -41.815  41.194 0.7777780294
39582  12.567  -41.994  40.880 0.7777780294
40452  13.882  -41.165  40.829 0.7777780294
41229  16.247  -39.235  45.542 0.2222220004
106483  16.859  -38.831  45.230 0.3333329856
42113  18.678  -39.198  42.940 0.4444440007
40400  15.297  -40.332  44.603 0.3333329856
126542  15.558  -39.721  44.156 0.4444440007
37907  7.897  -42.901  45.149 0.7777780294
37908  7.397  -43.402  45.634 0.7777780294
37083  6.308  -44.474  45.439 0.6666669846
42124  18.119  -38.878  42.490 0.5555559993
40417  15.175  -40.189  43.676 0.5555559993
41253  15.641  -39.477  43.501 0.5555559993
38795  9.287  -43.172  42.221 0.8888890147
37935  8.763  -43.098  42.681 0.8888890147
37919  7.908  -43.114  43.961 0.7777780294
42123  18.724  -39.122  41.932 0.5555559993
41254  15.224  -39.916  42.833 0.6666669846
39584  10.767  -42.226  41.306 0.8888890147
127220  10.332  -42.449  41.568 0.8888890147
119659  9.659  -41.910  42.583 0.8888890147
39592  12.980  -41.250  40.470 0.7777780294
40469  12.265  -40.895  40.530 0.8888890147
39583  11.558  -41.936  40.898 0.7777780294
39571  10.793  -41.339  41.328 0.8888890147
40436  14.896  -40.348  41.925 0.7777780294
40468  13.742  -40.527  40.292 0.7777780294
41304  12.706  -40.296  40.283 0.7777780294
128278  16.888  -38.726  44.571 0.3333329856
113972  16.617  -38.799  44.023 0.5555559993
42100  16.390  -38.983  44.726 0.4444440007
42114  18.021  -38.864  43.239 0.4444440007
42099  17.212  -38.683  44.043 0.5555559993
42101  16.035  -39.158  44.090 0.4444440007
38774  8.909  -42.160  44.135 0.7777780294
42125  17.546  -38.685  42.534 0.5555559993
42116  16.846  -38.617  43.335 0.5555559993
42117  16.237  -38.931  43.407 0.5555559993
39563  9.887  -41.099  43.106 0.8888890147
37906  8.444  -42.540  44.667 0.7777780294
108485  17.010  -38.491  42.499 0.5555559993
42126  16.412  -38.714  42.655 0.5555559993
41268  15.774  -39.225  42.755 0.5555559993
39562  10.429  -40.832  42.293 0.8888890147
42133  19.090  -39.190  41.096 0.5555559993
42134  18.410  -38.809  41.037 0.6666669846
43015  17.744  -38.328  40.767 0.6666669846
43016  17.213  -38.295  41.216 0.6666669846
42136  16.842  -38.349  41.628 0.7777780294
41284  15.839  -38.981  41.818 0.7777780294
41269  15.347  -39.623  42.111 0.7777780294
40453  11.982  -40.412  40.645 0.8888890147
40437  10.959  -40.491  41.679 0.8888890147
39572  10.164  -41.767  41.870 0.8888890147
123822  20.065  -39.334  39.770 0.6666669846
42163  18.674  -38.482  39.498 0.6666669846
42147  18.303  -38.534  40.311 0.6666669846
43030  17.106  -37.821  40.170 0.6666669846
42137  16.200  -38.443  41.186 0.7777780294
41302  15.378  -38.925  40.655 0.7777780294
40467  14.471  -39.662  40.213 0.7777780294
41303  13.436  -39.638  39.932 0.7777780294
108982  24.760  -39.545  37.982 0.5555559993
41337  23.929  -39.644  38.466 0.5555559993
41361  23.151  -39.476  37.866 0.7777780294
41339  22.402  -39.466  38.357 0.6666669846
41340  21.615  -39.301  38.390 0.6666669846
42181  20.272  -38.797  38.142 0.6666669846
113843  19.349  -38.678  39.024 0.6666669846
43029  17.857  -38.009  39.828 0.7777780294
41363  21.795  -39.145  37.686 0.7777780294
42182  19.572  -38.536  38.341 0.7777780294
39551  9.564  -41.034  44.374 0.8888890147
40419  10.677  -40.141  42.714 0.8888890147
120134  10.277  -40.448  43.190 0.8888890147
42148  16.594  -38.066  40.734 0.6666669846
41287  11.516  -40.095  41.224 0.8888890147
41271  11.164  -39.730  42.140 0.8888890147
41358  26.191  -39.089  37.793 0.5555559993
41359  25.419  -39.301  37.516 0.5555559993
43032  15.421  -37.432  39.310 0.7777780294
42164  14.940  -37.950  39.399 0.7777780294
41324  13.932  -38.914  39.591 0.7777780294
42152  12.681  -38.482  40.362 0.8888890147
42138  12.176  -38.862  40.973 0.8888890147
41360  23.961  -39.408  37.338 0.8888890147
41362  22.020  -38.932  36.852 0.8888890147
43060  18.629  -37.555  37.876 0.7777780294
43046  17.355  -37.365  39.243 0.8888890147
43047  16.645  -37.110  39.338 0.8888890147
43049  13.829  -37.497  39.452 0.8888890147
43033  13.275  -37.450  39.935 0.8888890147
42223  22.252  -38.674  35.939 0.8888890147
42202  21.208  -38.692  37.005 0.8888890147
42203  20.417  -38.474  37.234 0.8888890147
43059  19.154  -38.045  37.834 0.8888890147
43061  18.048  -36.964  38.003 0.8888890147
42224  21.399  -38.460  36.080 0.8888890147
42225  20.582  -38.113  36.229 0.8888890147
43076  19.910  -37.825  36.729 0.8888890147
117627  9.972  -39.892  44.653 0.8888890147
41256  10.741  -39.350  43.053 0.8888890147
40402  10.315  -39.804  43.781 0.8888890147
42127  11.925  -38.459  41.990 0.8888890147
41270  11.292  -38.900  42.519 0.8888890147
43031  16.269  -37.559  39.830 0.8888890147
43018  12.435  -37.914  41.217 0.8888890147
42200  26.724  -38.620  37.197 0.8888890147
42201  25.921  -38.887  36.921 0.8888890147
41375  25.165  -39.083  36.684 0.8888890147
125147  23.695  -39.136  36.441 0.8888890147
121788  17.478  -36.204  38.171 0.8888890147
43983  16.980  -36.615  38.730 0.8888890147
43985  15.491  -36.180  38.821 0.8888890147
43986  14.745  -36.328  39.060 0.7777780294
43966  13.911  -36.549  39.608 0.8888890147
42220  25.595  -38.665  36.000 0.8888890147
42222  23.983  -38.819  35.716 0.8888890147
42240  22.509  -38.249  35.080 0.8888890147
43101  19.784  -37.161  36.607 0.7777780294
44015  18.593  -36.391  37.559 0.8888890147
43079  18.200  -36.501  37.816 0.8888890147
42241  20.989  -37.975  35.555 0.7777780294
43100  20.259  -37.478  36.207 0.8888890147
41240  10.653  -38.358  44.408 0.7777780294
41231  10.317  -39.168  44.868 0.4444440007
41255  10.840  -38.517  43.400 0.8888890147
41241  10.501  -39.013  43.910 0.7777780294
42118  11.445  -38.046  42.903 0.7777780294
43040  28.960  -37.859  39.345 0.4444440007
43057  28.786  -37.755  38.365 0.5555559993
42178  27.630  -38.548  38.500 0.5555559993
42999  12.048  -37.552  42.364 0.8888890147
42198  28.193  -38.154  38.133 0.5555559993
44907  13.584  -35.956  40.620 0.7777780294
43950  13.045  -36.393  41.230 0.7777780294
43951  12.580  -36.972  41.791 0.7777780294
43074  28.488  -37.682  37.334 0.7777780294
42218  27.252  -38.198  36.476 0.8888890147
42219  26.420  -38.471  36.184 0.8888890147
43999  16.050  -35.489  38.660 0.8888890147
44920  15.136  -35.514  39.004 0.7777780294
44905  14.832  -35.061  39.633 0.7777780294
44906  14.237  -35.544  40.107 0.7777780294
43967  13.294  -36.712  40.368 0.7777780294
43116  26.584  -37.569  34.485 0.8888890147
42238  24.416  -38.318  34.876 0.8888890147
42252  22.949  -37.695  34.550 0.7777780294
43119  21.220  -37.435  35.269 0.7777780294
44030  21.126  -36.634  35.913 0.7777780294
119430  19.929  -36.677  36.741 0.7777780294
44014  19.184  -36.642  37.121 0.7777780294
126616  18.252  -35.467  38.089 0.7777780294
113883  17.609  -35.505  38.204 0.7777780294
45709  17.221  -34.929  38.508 0.8888890147
42242  20.676  -37.467  35.703 0.7777780294
42102  11.118  -37.758  43.861 0.5555559993
43039  30.136  -37.057  39.398 0.2222220004
126161  29.551  -37.483  39.399 0.3333329856
42979  11.670  -37.216  43.332 0.5555559993
43056  29.543  -37.289  38.673 0.2222220004
43932  12.790  -36.078  42.211 0.4444440007
43933  12.226  -36.652  42.781 0.6666669846
43991  29.812  -36.817  37.937 0.6666669846
44891  13.983  -35.147  41.044 0.6666669846
43098  28.448  -37.384  36.134 0.7777780294
45700  16.482  -34.344  39.425 0.7777780294
45688  15.202  -34.531  40.019 0.7777780294
43115  27.409  -37.384  34.728 0.8888890147
43136  26.205  -37.086  33.967 0.8888890147
44061  24.150  -36.876  34.258 0.7777780294
44041  23.037  -36.573  34.888 0.7777780294
106315  21.808  -36.641  35.565 0.7777780294
44013  21.338  -36.366  36.733 0.7777780294
127000  20.470  -36.107  37.398 0.7777780294
44942  18.849  -35.817  37.638 0.7777780294
44930  18.860  -35.104  38.415 0.7777780294
44857  19.452  -33.637  44.136 0.3333329856
45641  17.760  -33.560  44.325 0.2222220004
107674  16.059  -33.562  45.277 0.1111110002
45634  15.010  -33.611  45.328 0.1111110002
44838  13.936  -33.942  45.835 0.1111110002
43900  12.388  -35.347  45.027 0.2222220004
43931  21.447  -34.564  42.609 0.1111110002
44865  20.764  -34.203  43.114 0.3333329856
45651  18.618  -33.583  43.812 0.3333329856
109167  17.015  -33.548  43.989 0.2222220004
45654  15.577  -33.685  43.731 0.2222220004
45644  14.759  -33.777  44.290 0.1111110002
44869  13.045  -34.934  43.512 0.2222220004
43910  12.403  -35.522  44.093 0.2222220004
42962  11.472  -36.997  44.316 0.3333329856
43973  31.344  -36.138  39.596 0.2222220004
43990  30.261  -36.640  38.481 0.2222220004
43930  22.152  -34.916  42.086 0.1111110002
44877  20.016  -34.132  42.781 0.3333329856
45660  18.559  -33.656  42.956 0.2222220004
45652  17.656  -33.575  43.410 0.2222220004
107723  16.521  -33.624  43.269 0.2222220004
45655  14.678  -34.078  43.353 0.2222220004
44858  13.847  -34.333  43.894 0.2222220004
44913  31.456  -35.694  38.861 0.3333329856
44926  30.926  -35.848  38.147 0.4444440007
43028  23.172  -36.496  40.583 0.1111110002
43948  22.031  -35.326  41.262 0.2222220004
43949  21.402  -34.798  41.740 0.2222220004
44890  19.907  -34.429  41.067 0.3333329856
106535  18.364  -33.691  42.062 0.2222220004
106785  17.408  -33.627  41.955 0.2222220004
45673  16.385  -33.825  42.142 0.2222220004
45663  15.536  -33.984  42.791 0.2222220004
44868  13.841  -34.595  42.977 0.3333329856
44880  13.219  -35.269  42.608 0.4444440007
43920  12.572  -35.788  43.170 0.3333329856
44006  30.303  -36.282  37.610 0.5555559993
44007  29.724  -36.627  37.134 0.6666669846
107126  25.306  -37.061  37.776 0.5555559993
43995  23.623  -37.213  38.139 0.4444440007
43980  22.620  -36.886  39.191 0.4444440007
43981  21.894  -36.263  39.471 0.4444440007
43965  21.203  -35.131  40.753 0.4444440007
44904  19.879  -34.591  40.250 0.5555559993
45685  18.667  -33.971  40.366 0.4444440007
45672  17.885  -33.776  40.989 0.4444440007
107045  16.754  -33.850  41.116 0.3333329856
45674  15.404  -34.248  41.831 0.5555559993
45675  14.588  -34.594  41.450 0.5555559993
44024  30.178  -35.976  36.719 0.6666669846
44009  25.597  -36.485  36.994 0.7777780294
44010  24.269  -37.090  37.591 0.6666669846
107989  23.076  -36.936  37.476 0.6666669846
43997  21.930  -36.529  38.476 0.5555559993
43982  21.204  -35.629  39.763 0.6666669846
44918  19.643  -34.840  39.231 0.6666669846
45697  19.172  -34.320  39.814 0.5555559993
122097  17.840  -33.995  39.990 0.5555559993
45686  17.031  -33.997  40.117 0.4444440007
120885  15.957  -34.098  41.247 0.4444440007
118847  30.483  -35.248  36.414 0.7777780294
44949  29.974  -35.600  35.844 0.7777780294
44026  28.928  -36.720  35.523 0.8888890147
43134  27.761  -36.731  34.329 0.8888890147
44059  26.587  -36.491  33.923 0.8888890147
44039  25.457  -36.110  34.560 0.7777780294
44028  24.298  -36.414  35.804 0.7777780294
106875  22.724  -36.617  36.633 0.7777780294
44012  22.128  -36.531  37.372 0.6666669846
112348  21.149  -36.161  37.599 0.6666669846
43998  20.447  -35.746  37.978 0.7777780294
44919  18.829  -34.580  39.065 0.5555559993
44038  29.354  -35.877  35.040 0.8888890147
44056  28.758  -35.596  34.460 0.8888890147
127139  27.935  -36.261  34.200 0.8888890147
116973  31.976  -35.470  39.430 0.1111110002
122196  31.966  -35.073  38.806 0.3333329856
44936  31.232  -35.171  37.581 0.4444440007
44937  30.716  -35.568  37.232 0.4444440007
45716  30.989  -34.804  36.926 0.5555559993
44961  26.220  -35.970  34.129 0.7777780294
44952  26.119  -35.783  35.201 0.7777780294
45730  30.028  -34.596  35.437 0.8888890147
44964  29.192  -35.098  34.597 0.8888890147
44966  28.066  -35.715  34.241 0.8888890147
111145  27.412  -35.640  34.241 0.8888890147
44959  27.316  -35.169  34.927 0.7777780294
45696  32.557  -34.586  39.206 0.2222220004
46403  32.528  -33.815  38.756 0.4444440007
45705  32.115  -34.418  38.386 0.4444440007
44925  31.613  -35.127  38.187 0.4444440007
43992  26.967  -36.478  38.447 0.3333329856
46404  31.932  -33.513  38.136 0.4444440007
45715  31.575  -34.386  37.571 0.4444440007
44928  27.209  -36.017  37.865 0.5555559993
44939  27.003  -35.821  37.003 0.6666669846
44950  27.355  -35.154  36.249 0.5555559993
45724  31.080  -34.022  36.788 0.6666669846
45725  30.494  -34.463  36.121 0.6666669846
109874  27.684  -34.400  36.900 0.6666669846
46418  30.454  -33.622  36.173 0.6666669846
45736  28.930  -34.575  34.501 0.8888890147
44965  28.579  -35.024  34.427 0.8888890147
45726  27.680  -34.522  35.315 0.7777780294
46420  27.655  -33.799  35.701 1.0000000000
46425  29.273  -33.691  34.956 0.8888890147
46426  28.501  -33.594  34.798 1.0000000000
46431  28.930  -34.106  34.610 1.0000000000
45732  28.109  -34.036  34.831 1.0000000000
44901  27.250  -34.487  41.096 0.2222220004
46397  32.342  -32.959  38.977 0.2222220004
120009  27.460  -34.652  40.237 0.3333329856
44916  27.645  -35.478  39.674 0.3333329856
44915  27.733  -34.695  39.288 0.4444440007
43975  27.312  -36.231  39.153 0.3333329856
44927  27.616  -35.564  38.606 0.3333329856
45707  27.842  -34.590  38.275 0.4444440007
44938  27.540  -35.288  37.535 0.5555559993
46411  31.439  -33.621  37.359 0.5555559993
47145  27.125  -33.047  35.952 1.0000000000
46412  30.910  -33.243  36.896 0.7777780294
46424  29.985  -33.986  35.445 0.8888890147
46427  27.837  -33.236  35.036 1.0000000000
46419  29.749  -33.227  35.582 1.0000000000
47152  28.901  -32.933  35.100 1.0000000000
47153  28.102  -32.714  34.999 1.0000000000
45669  27.445  -33.742  42.684 0.1111110002
121098  27.341  -34.459  42.268 0.2222220004
45670  27.263  -34.252  41.810 0.2222220004
44888  27.386  -34.765  41.740 0.2222220004
118859  27.041  -34.120  40.525 0.3333329856
46398  26.919  -33.760  39.752 0.4444440007
45706  27.556  -34.092  39.008 0.4444440007
46405  27.260  -33.732  38.817 0.6666669846
46406  27.218  -33.466  38.258 0.6666669846
47120  31.626  -32.427  38.534 0.3333329856
47114  31.878  -32.001  39.423 0.3333329856
45717  27.735  -33.882  38.121 0.6666669846
46413  27.394  -33.611  37.071 0.6666669846
47133  26.955  -33.097  37.510 0.6666669846
47121  30.841  -31.954  38.145 0.5555559993
47130  31.304  -32.861  37.657 0.6666669846
47134  26.354  -32.783  36.865 1.0000000000
47131  30.577  -32.394  37.247 0.8888890147
47135  25.751  -32.461  36.552 1.0000000000
47142  30.224  -32.792  36.382 1.0000000000
47146  26.427  -32.491  35.680 1.0000000000
47143  29.391  -32.378  35.894 1.0000000000
47144  28.538  -32.048  35.413 1.0000000000
47154  27.374  -32.428  35.246 1.0000000000
46384  27.338  -33.200  42.315 0.1111110002
45682  27.264  -33.811  42.023 0.2222220004
46390  27.078  -33.537  41.648 0.2222220004
46391  26.778  -33.499  40.889 0.3333329856
47123  26.640  -33.039  38.651 0.6666669846
47124  26.381  -32.807  38.199 0.6666669846
47924  31.210  -31.532  38.929 0.2222220004
47927  25.786  -32.536  37.795 1.0000000000
47905  31.004  -30.993  39.082 0.2222220004
47925  30.534  -31.117  38.415 0.6666669846
47926  29.966  -31.011  37.838 0.7777780294
47942  30.174  -31.524  37.672 0.8888890147
47943  29.580  -31.162  37.168 1.0000000000
47965  25.156  -32.191  36.209 1.0000000000
47132  29.798  -31.916  36.835 1.0000000000
47961  29.104  -31.487  36.285 1.0000000000
47962  28.469  -31.244  35.689 1.0000000000
47985  27.746  -31.843  35.170 1.0000000000
47986  26.877  -31.751  35.052 1.0000000000
47964  25.864  -32.214  35.537 1.0000000000
47090  27.279  -32.533  42.916 0.1111110002
47097  27.126  -32.645  42.269 0.2222220004
47873  26.732  -32.205  42.195 0.2222220004
114315  26.419  -32.028  41.745 0.1111110002
47098  26.785  -32.471  41.839 0.3333329856
47108  26.730  -32.859  41.209 0.2222220004
112474  26.163  -32.048  40.912 0.2222220004
47888  26.172  -32.424  40.170 0.2222220004
47122  26.730  -33.342  39.129 0.6666669846
47116  26.354  -32.803  39.571 0.6666669846
107484  25.952  -32.333  39.831 0.5555559993
47906  26.213  -32.644  39.276 0.5555559993
47907  25.950  -32.367  39.526 0.5555559993
117471  26.044  -32.575  38.767 0.6666669846
48771  30.810  -30.593  38.657 0.3333329856
48772  30.267  -30.575  38.055 0.5555559993
47945  25.098  -32.251  37.183 1.0000000000
48789  29.761  -30.586  37.321 0.6666669846
49680  29.456  -30.384  36.718 0.6666669846
47946  24.307  -31.861  37.722 1.0000000000
47944  29.078  -30.859  36.499 0.7777780294
49690  29.025  -30.415  36.181 0.8888890147
48805  28.611  -30.792  35.727 1.0000000000
48822  28.256  -30.827  35.156 1.0000000000
47963  27.996  -31.200  35.099 1.0000000000
47966  24.322  -31.943  36.753 1.0000000000
47987  26.142  -31.617  34.920 1.0000000000
47988  25.374  -31.987  35.369 1.0000000000
47989  24.551  -31.915  35.728 1.0000000000
48806  23.432  -31.345  37.320 1.0000000000
112011  23.475  -31.474  36.268 1.0000000000
47889  25.811  -31.961  40.335 0.3333329856
106764  25.407  -32.223  38.911 0.7777780294
49678  30.455  -29.935  37.393 0.5555559993
115874  25.048  -32.210  38.058 1.0000000000
47928  24.425  -31.743  38.671 0.8888890147
49668  30.660  -30.038  38.209 0.4444440007
49669  30.114  -30.174  37.684 0.5555559993
49679  29.800  -30.057  37.117 0.5555559993
49689  29.524  -30.153  36.461 0.6666669846
49703  28.666  -30.528  35.492 0.8888890147
48823  27.308  -31.063  34.760 1.0000000000
107944  26.354  -31.195  34.542 1.0000000000
48824  25.300  -31.628  34.787 1.0000000000
48825  23.809  -31.529  35.082 1.0000000000
47908  25.428  -31.914  39.805 0.4444440007
48760  24.895  -31.336  40.568 0.4444440007
48773  24.610  -31.541  39.614 0.4444440007
48790  23.559  -31.191  38.305 0.8888890147
49688  30.169  -29.969  36.688 0.5555559993
48803  31.612  -30.285  36.217 0.2222220004
48804  30.754  -30.152  36.055 0.3333329856
49701  29.936  -30.150  35.927 0.5555559993
49702  29.121  -30.200  35.809 0.6666669846
48820  30.475  -30.381  35.270 0.3333329856
48821  29.535  -30.270  35.257 0.4444440007
49713  28.688  -30.345  35.032 0.7777780294
49704  28.118  -30.658  34.822 1.0000000000
48854  31.026  -30.979  33.470 0.3333329856
109160  31.062  -30.719  34.404 0.3333329856
122740  30.142  -30.497  34.659 0.3333329856
48838  29.364  -30.433  34.475 0.4444440007
107891  28.606  -30.402  34.309 0.7777780294
48839  27.976  -30.494  34.433 1.0000000000
48840  27.100  -30.785  34.353 1.0000000000
48841  25.939  -31.067  34.279 1.0000000000
48842  24.801  -31.424  34.275 1.0000000000
108609  30.227  -30.731  33.885 0.3333329856
48855  29.231  -30.748  33.509 0.4444440007
48856  28.188  -30.603  33.681 0.8888890147
48857  27.320  -30.626  33.807 1.0000000000
48858  26.412  -30.845  33.779 1.0000000000
108255  25.447  -31.139  33.736 1.0000000000
48843  23.606  -31.159  34.095 1.0000000000
109128  22.952  -30.885  34.822 1.0000000000
48826  22.676  -30.633  35.746 0.8888890147
48871  30.347  -31.154  32.866 0.3333329856
48874  27.654  -30.916  32.921 1.0000000000
107121  25.840  -31.148  33.026 1.0000000000
109140  24.501  -31.312  33.691 1.0000000000
48844  22.738  -30.313  34.253 1.0000000000
128393  22.507  -30.107  35.008 0.8888890147
48037  30.126  -31.559  31.956 0.7777780294
48038  28.791  -31.350  32.075 1.0000000000
48039  28.062  -31.330  32.071 0.8888890147
48875  26.160  -31.329  32.191 1.0000000000
48877  24.157  -31.111  32.302 1.0000000000
48878  23.380  -30.464  32.550 1.0000000000
49734  22.833  -29.561  32.822 1.0000000000
119882  29.353  -31.602  31.646 0.8888890147
48051  27.710  -31.696  31.236 1.0000000000
48052  26.327  -31.552  31.320 1.0000000000
48876  25.163  -31.295  32.084 1.0000000000
49743  23.231  -29.585  32.030 1.0000000000
48774  23.760  -31.011  39.242 0.5555559993
48791  22.892  -30.412  37.859 0.7777780294
48851  33.407  -30.761  33.448 0.2222220004
48836  32.757  -30.789  34.026 0.2222220004
48837  32.068  -30.729  34.645 0.2222220004
48819  31.397  -30.484  35.345 0.2222220004
48807  22.750  -30.586  36.867 0.8888890147
48852  32.713  -30.940  33.261 0.3333329856
49691  22.588  -29.670  36.456 0.8888890147
48868  33.223  -30.963  32.566 0.2222220004
48869  32.354  -31.207  32.649 0.3333329856
48853  31.922  -30.968  33.586 0.3333329856
48888  32.756  -31.337  31.797 0.3333329856
48870  31.446  -31.327  32.635 0.3333329856
49724  22.627  -29.441  33.699 1.0000000000
49714  22.551  -29.245  34.599 0.8888890147
48035  32.058  -31.513  31.993 0.4444440007
48047  31.457  -31.639  31.683 0.4444440007
48036  30.838  -31.557  32.127 0.6666669846
48060  31.375  -31.733  30.768 0.6666669846
48048  30.739  -31.727  31.369 0.7777780294
111349  29.170  -31.849  30.813 1.0000000000
48065  26.517  -31.550  30.467 1.0000000000
48890  25.083  -31.193  31.170 1.0000000000
48891  24.407  -30.899  31.407 1.0000000000
128075  23.598  -29.594  31.406 1.0000000000
48049  29.976  -31.771  31.106 1.0000000000
112665  29.071  -31.892  30.104 1.0000000000
48064  27.324  -31.764  30.411 1.0000000000
48053  25.646  -31.255  30.568 1.0000000000
48902  24.796  -30.570  30.504 1.0000000000
49742  24.045  -30.059  30.982 1.0000000000
50532  23.526  -28.489  38.547 0.5555559993
49670  22.968  -29.322  38.260 0.7777780294
122459  33.913  -30.700  32.932 0.1111110002
49681  22.730  -29.460  37.321 0.8888890147
109555  33.959  -30.777  32.285 0.2222220004
50552  22.938  -28.648  36.650 0.7777780294
49705  22.610  -29.142  35.618 0.8888890147
50560  23.073  -28.295  34.914 0.8888890147
48059  32.174  -31.596  31.106 0.6666669846
51421  23.377  -27.873  33.492 0.8888890147
50568  22.878  -28.465  34.045 0.8888890147
48899  32.500  -31.461  30.328 0.4444440007
48061  30.587  -31.792  30.489 0.8888890147
50594  23.895  -28.263  30.991 1.0000000000
50595  23.431  -28.830  31.530 1.0000000000
51440  23.313  -28.115  32.743 1.0000000000
48900  31.924  -31.612  30.295 0.6666669846
48070  29.501  -31.656  29.605 0.8888890147
48071  28.644  -31.654  29.587 1.0000000000
48072  27.730  -31.590  29.641 1.0000000000
48901  26.123  -31.187  29.892 1.0000000000
49752  24.920  -29.960  29.879 1.0000000000
49754  23.810  -29.126  30.838 1.0000000000
48913  29.157  -31.134  29.058 1.0000000000
48914  28.229  -31.081  29.028 1.0000000000
48915  27.285  -30.916  29.113 1.0000000000
48916  26.403  -30.745  29.343 1.0000000000
122702  25.968  -30.091  29.148 1.0000000000
50544  23.202  -28.490  37.627 0.7777780294
48867  34.574  -30.514  32.625 0.1111110002
117187  23.509  -27.918  35.824 0.7777780294
48887  33.631  -30.965  31.532 0.2222220004
51420  24.210  -27.232  33.745 0.7777780294
51405  23.567  -27.728  34.316 0.8888890147
51455  24.388  -27.476  31.294 0.7777780294
50584  23.685  -27.956  31.951 0.7777780294
51439  23.886  -27.492  32.854 0.6666669846
106261  32.983  -31.308  30.864 0.2222220004
49762  24.806  -29.150  29.778 1.0000000000
48910  32.214  -31.328  29.558 0.4444440007
48930  31.429  -31.096  28.991 0.5555559993
110380  30.735  -31.375  29.240 0.7777780294
49780  25.938  -29.268  28.837 1.0000000000
49761  25.382  -29.647  29.397 1.0000000000
48912  30.020  -31.269  29.119 0.8888890147
48933  28.841  -30.424  28.528 0.8888890147
48934  27.879  -30.249  28.565 1.0000000000
116567  23.948  -27.809  37.903 0.4444440007
50543  23.720  -27.864  36.934 0.5555559993
51374  24.551  -27.312  36.287 0.3333329856
48849  35.276  -30.188  33.109 0.1111110002
51389  24.482  -27.272  35.350 0.3333329856
51390  23.804  -27.679  34.999 0.6666669846
48886  34.545  -30.625  31.760 0.1111110002
51404  24.346  -27.244  34.557 0.3333329856
119057  34.414  -30.729  30.914 0.2222220004
51438  25.265  -26.682  32.569 0.4444440007
106583  24.580  -27.024  33.013 0.3333329856
125780  24.773  -27.027  34.165 0.3333329856
108529  33.693  -30.955  30.509 0.3333329856
51466  25.051  -27.109  30.201 0.7777780294
126025  24.897  -27.079  30.849 0.5555559993
107757  33.061  -31.121  29.888 0.3333329856
48929  32.253  -30.709  28.715 0.3333329856
50613  25.308  -28.717  29.279 1.0000000000
48931  30.615  -30.785  28.707 0.8888890147
48932  29.739  -30.583  28.562 0.8888890147
48935  26.793  -29.968  28.694 1.0000000000
50612  25.789  -28.112  28.696 1.0000000000
49733  36.094  -29.846  32.566 0.1111110002
48866  35.293  -30.271  32.114 0.1111110002
52212  26.556  -26.648  34.635 0.2222220004
52213  26.030  -26.660  34.007 0.3333329856
51403  25.357  -26.901  34.676 0.3333329856
48885  35.157  -30.378  31.160 0.1111110002
123216  26.722  -26.490  33.888 0.3333329856
52228  26.268  -26.435  33.126 0.3333329856
51419  25.213  -26.820  33.634 0.3333329856
48908  33.796  -30.764  29.657 0.3333329856
110704  25.554  -26.584  31.009 0.5555559993
51465  25.823  -26.400  30.542 0.5555559993
49775  31.400  -30.154  28.247 0.7777780294
49777  29.465  -29.853  28.054 0.8888890147
49778  28.571  -29.651  28.039 1.0000000000
49779  27.616  -29.343  28.055 1.0000000000
51475  25.224  -27.705  29.453 0.7777780294
49793  30.082  -29.309  27.629 0.8888890147
49794  29.233  -29.150  27.566 0.8888890147
50643  27.464  -28.363  27.494 1.0000000000
118337  26.518  -27.837  27.891 1.0000000000
51437  26.128  -26.330  31.941 0.4444440007
115887  25.380  -26.831  29.867 0.7777780294
51453  26.314  -26.193  31.216 0.4444440007
110976  0.759  -51.802  49.854 0.4444440007
30982  -1.004  -51.696  50.709 0.4444440007
123897  -1.380  -51.762  52.111 0.4444440007
30975  -2.409  -51.706  51.071 0.4444440007
30976  -2.971  -51.742  50.527 0.4444440007
127003  5.713  -50.198  49.634 0.2222220004
32805  7.038  -49.539  49.301 0.2222220004
31884  3.739  -51.079  50.407 0.2222220004
30990  0.363  -51.681  49.216 0.5555559993
32814  6.454  -49.586  48.555 0.2222220004
33691  7.803  -49.144  49.255 0.2222220004
30091  -3.238  -51.888  50.121 0.4444440007
30098  -3.878  -52.265  49.381 0.2222220004
30101  -4.309  -52.153  48.931 0.2222220004
29209  -3.482  -52.876  49.598 0.2222220004
115758  -3.221  -53.882  49.190 0.2222220004
29212  -3.375  -53.485  49.366 0.2222220004
32806  5.699  -49.959  48.916 0.2222220004
31896  3.592  -51.003  49.485 0.2222220004
121555  4.205  -50.778  49.128 0.2222220004
33718  7.426  -48.564  46.804 0.2222220004
32816  5.063  -50.065  48.375 0.3333329856
107122  2.068  -50.940  47.832 0.5555559993
122985  2.908  -50.862  47.970 0.4444440007
30991  -0.947  -51.604  49.713 0.5555559993
30993  -2.287  -51.103  49.787 0.5555559993
30984  -3.289  -51.433  49.871 0.5555559993
34536  8.374  -47.665  45.474 0.3333329856
34527  8.681  -47.971  46.345 0.3333329856
30986  -4.147  -51.135  49.358 0.4444440007
29223  -3.441  -53.434  48.324 0.1111110002
30999  0.698  -51.431  48.429 0.5555559993
31916  3.633  -50.467  47.620 0.4444440007
31910  -0.643  -50.864  48.271 0.5555559993
33712  6.028  -48.893  46.610 0.3333329856
31926  3.127  -50.088  46.647 0.5555559993
31927  2.287  -50.090  46.547 0.5555559993
33719  6.788  -48.516  46.331 0.4444440007
32832  3.470  -49.410  46.100 0.6666669846
32831  4.399  -49.141  46.111 0.6666669846
32845  2.909  -49.001  45.752 0.7777780294
33723  2.323  -48.905  45.884 0.7777780294
31888  -3.506  -50.579  49.502 0.5555559993
29224  -3.768  -52.952  47.929 0.1111110002
35342  10.154  -46.245  44.673 0.5555559993
109515  -4.638  -51.708  48.549 0.2222220004
32824  1.026  -49.738  46.911 0.6666669846
33721  4.532  -48.569  45.592 0.7777780294
33732  5.126  -48.236  45.353 0.6666669846
33714  0.742  -49.139  47.285 0.7777780294
32798  -3.043  -49.514  49.584 0.4444440007
34538  5.812  -47.778  44.962 0.7777780294
34553  5.303  -47.193  44.563 0.7777780294
31889  -3.996  -50.479  49.380 0.5555559993
107895  10.185  -45.481  43.501 0.6666669846
36207  10.556  -45.722  44.197 0.4444440007
111698  9.351  -45.418  43.075 0.6666669846
115052  7.614  -46.678  43.942 0.7777780294
34551  7.091  -47.203  44.348 0.6666669846
35344  6.823  -46.570  43.826 0.7777780294
34531  2.272  -48.027  45.856 0.8888890147
33713  1.230  -48.756  46.752 0.7777780294
35360  8.027  -46.168  43.477 0.7777780294
35361  6.837  -45.751  43.580 0.8888890147
37116  10.186  -44.986  42.850 0.6666669846
36194  5.837  -45.164  44.879 0.7777780294
36209  5.595  -45.936  44.451 0.8888890147
37119  7.253  -44.928  43.166 0.8888890147
37934  11.596  -44.224  42.548 0.7777780294
36238  7.922  -45.034  42.651 0.7777780294
36237  8.641  -45.036  42.609 0.7777780294
37977  11.354  -43.353  41.616 0.7777780294
37955  11.918  -43.191  41.529 0.7777780294
37956  10.908  -43.913  41.936 0.7777780294
37958  8.937  -43.767  42.298 0.8888890147
39570  13.830  -42.155  42.126 0.6666669846
39593  12.152  -41.421  40.685 0.7777780294
37082  6.849  -44.049  44.991 0.8888890147
38794  9.803  -42.679  41.869 0.8888890147
38775  8.518  -42.752  43.484 0.8888890147
40451  14.469  -40.543  40.944 0.7777780294
41239  15.813  -39.510  44.770 0.3333329856
37071  6.358  -44.349  46.488 0.6666669846
38783  9.137  -42.455  42.845 0.8888890147
40454  11.518  -40.954  40.830 0.8888890147
41285  15.070  -39.721  41.221 0.7777780294
42115  17.409  -38.716  43.290 0.5555559993
38764  8.746  -42.125  45.274 0.5555559993
38773  9.164  -41.637  44.816 0.6666669846
112922  17.256  -38.502  41.944 0.5555559993
38782  9.402  -41.691  43.656 0.8888890147
42135  17.810  -38.634  41.734 0.6666669846
111587  16.521  -38.528  41.984 0.5555559993
42146  18.946  -38.913  40.369 0.5555559993
41286  12.063  -39.725  40.753 0.8888890147
42162  19.482  -39.002  39.698 0.6666669846
41323  20.057  -39.021  39.047 0.6666669846
42149  15.699  -38.108  40.109 0.7777780294
42150  14.795  -38.658  39.789 0.7777780294
42151  13.152  -38.784  39.842 0.7777780294
115224  12.635  -39.308  40.235 0.8888890147
124111  22.473  -39.276  37.529 0.8888890147
41377  22.954  -39.189  36.811 0.8888890147
41338  23.149  -39.646  38.646 0.6666669846
41341  20.960  -39.256  38.848 0.6666669846
42180  21.045  -38.962  37.902 0.7777780294
42183  18.899  -38.194  38.534 0.6666669846
43045  18.098  -37.681  38.755 0.6666669846
42204  19.694  -38.248  37.520 0.8888890147
39550  9.917  -40.427  44.001 0.8888890147
39538  9.388  -41.053  45.467 0.5555559993
119762  11.694  -39.310  41.628 0.8888890147
113587  15.904  -36.899  39.135 0.8888890147
117766  14.228  -38.104  39.370 0.8888890147
42165  13.530  -38.163  39.625 0.7777780294
43034  12.839  -37.854  40.398 0.8888890147
117347  24.757  -39.352  37.219 0.8888890147
41376  24.406  -39.159  36.545 0.8888890147
119397  17.557  -36.959  38.536 0.8888890147
109330  15.144  -36.796  38.938 0.8888890147
43048  14.525  -37.240  39.139 0.8888890147
107212  23.135  -38.784  35.798 0.8888890147
43077  19.216  -37.470  37.203 0.8888890147
43078  18.602  -36.921  37.485 0.8888890147
42179  26.948  -38.792  38.106 0.7777780294
43984  16.248  -36.373  38.735 0.8888890147
43017  12.888  -37.215  40.786 0.7777780294
42199  27.631  -38.308  37.511 0.7777780294
42221  24.804  -38.794  35.838 0.8888890147
119479  16.666  -35.966  38.407 0.8888890147
44921  14.539  -35.780  39.405 0.7777780294
42236  26.004  -38.207  35.061 0.8888890147
119105  25.215  -38.439  35.212 0.8888890147
42239  23.437  -38.343  34.966 0.8888890147
43118  22.037  -37.400  34.848 0.7777780294
109302  21.630  -38.099  35.296 0.7777780294
44031  20.415  -36.962  36.095 0.7777780294
44943  18.128  -35.992  37.842 0.7777780294
44892  13.375  -35.571  41.633 0.6666669846
43075  27.915  -37.856  36.652 0.8888890147
42235  26.916  -37.957  35.422 0.8888890147
44931  16.895  -35.443  38.412 0.7777780294
45710  16.558  -34.790  38.759 0.7777780294
45701  15.668  -34.728  39.257 0.7777780294
45689  14.642  -34.818  40.485 0.5555559993
43099  27.709  -37.667  35.725 0.7777780294
43117  25.862  -37.624  34.299 0.8888890147
42237  25.221  -37.962  34.467 0.8888890147
42251  23.769  -37.795  34.405 0.8888890147
42250  24.523  -37.592  34.231 0.8888890147
43139  23.391  -37.315  34.321 0.7777780294
43138  23.970  -37.242  34.153 0.7777780294
44042  22.249  -36.788  35.038 0.7777780294
44043  21.492  -36.934  35.283 0.7777780294
44044  20.924  -37.032  35.535 0.7777780294
107961  20.559  -36.436  36.773 0.7777780294
44941  19.824  -36.098  37.338 0.7777780294
43921  11.955  -36.361  43.727 0.3333329856
43073  29.267  -37.245  37.696 0.6666669846
43097  29.105  -37.025  36.657 0.6666669846
44879  13.864  -34.836  42.018 0.5555559993
43114  28.217  -37.128  35.034 0.8888890147
45687  16.008  -34.179  40.253 0.6666669846
113280  15.272  -34.381  40.867 0.5555559993
43135  27.020  -36.981  34.047 0.8888890147
44060  25.755  -36.556  33.915 0.7777780294
43137  25.274  -37.208  34.041 0.7777780294
44040  23.963  -36.516  34.785 0.7777780294
112154  24.840  -36.675  34.283 0.7777780294
120091  24.516  -37.091  34.028 0.7777780294
44062  23.525  -36.868  34.427 0.7777780294
43140  22.815  -36.999  34.548 0.7777780294
107209  21.898  -36.478  36.256 0.7777780294
44929  19.655  -35.400  38.183 0.7777780294
45708  18.033  -34.853  38.633 0.6666669846
45699  17.315  -34.346  39.141 0.5555559993
44856  20.124  -33.705  44.322 0.2222220004
45640  18.648  -33.565  44.700 0.2222220004
120239  17.718  -33.560  45.186 0.1111110002
45643  15.744  -33.569  44.590 0.1111110002
45642  16.784  -33.570  44.749 0.1111110002
44848  13.909  -34.101  44.852 0.1111110002
44849  13.095  -34.599  45.395 0.1111110002
44859  13.014  -34.704  44.449 0.1111110002
43919  21.434  -34.355  43.407 0.1111110002
43918  22.161  -34.737  42.911 0.1111110002
44855  20.749  -33.925  43.902 0.2222220004
44866  20.090  -33.896  43.593 0.3333329856
44867  19.375  -33.764  43.278 0.3333329856
45661  17.845  -33.617  42.640 0.2222220004
45653  16.322  -33.545  44.078 0.2222220004
43911  11.856  -36.175  44.683 0.2222220004
43014  22.794  -35.454  41.678 0.1111110002
44876  20.690  -34.436  42.279 0.3333329856
120253  20.618  -34.625  41.422 0.3333329856
44878  19.269  -33.901  42.405 0.2222220004
45662  17.165  -33.583  42.704 0.2222220004
45664  14.627  -34.375  42.419 0.2222220004
43963  22.585  -36.334  40.053 0.3333329856
43044  23.094  -36.953  39.811 0.3333329856
43964  21.937  -35.767  40.371 0.2222220004
44889  20.455  -34.745  40.706 0.5555559993
45671  19.114  -33.962  41.354 0.3333329856
117725  19.926  -34.312  41.914 0.3333329856
44025  29.598  -36.337  36.121 0.6666669846
117232  24.747  -36.668  36.848 0.5555559993
127503  23.676  -37.050  37.535 0.7777780294
43058  23.889  -37.391  38.765 0.4444440007
43979  23.246  -37.254  38.851 0.4444440007
43996  22.744  -36.970  38.277 0.5555559993
44903  20.510  -35.033  39.972 0.6666669846
45684  19.394  -34.231  40.591 0.4444440007
44027  25.303  -36.158  35.860 0.7777780294
44011  23.668  -36.746  36.752 0.7777780294
44917  20.459  -35.343  38.977 0.6666669846
109318  21.181  -35.960  38.732 0.6666669846
45698  18.319  -34.255  39.459 0.5555559993
44957  30.220  -35.007  35.753 0.7777780294
44057  28.479  -36.313  34.553 0.8888890147
44058  27.376  -36.276  34.083 0.8888890147
44967  26.875  -35.969  33.980 0.7777780294
127378  24.739  -36.269  34.933 0.7777780294
109368  23.420  -36.473  35.647 0.7777780294
44029  22.557  -36.532  35.667 0.7777780294
126475  23.089  -36.524  36.190 0.7777780294
44008  26.378  -36.473  37.625 0.4444440007
44940  26.250  -36.057  36.499 0.7777780294
44958  29.779  -35.112  35.177 0.8888890147
44951  26.827  -35.552  35.772 0.7777780294
44960  26.788  -35.611  34.564 0.7777780294
45731  29.474  -34.437  34.874 0.8888890147
45738  28.008  -34.938  34.524 0.8888890147
43993  26.150  -37.084  38.422 0.4444440007
45737  28.535  -34.368  34.603 1.0000000000
127438  27.301  -34.241  39.790 0.4444440007
46380  27.593  -33.103  43.175 0.1111110002
47115  26.560  -33.090  40.131 0.4444440007
47107  27.013  -33.016  41.658 0.2222220004
47872  26.899  -32.254  42.659 0.2222220004
47887  26.388  -32.298  41.170 0.3333329856
47109  26.301  -32.566  40.347 0.4444440007
106548  26.746  -30.942  32.998 1.0000000000
48859  24.817  -31.302  33.009 1.0000000000
48872  29.419  -31.211  32.477 0.6666669846
48873  28.557  -30.958  32.781 0.7777780294
48860  23.856  -31.160  33.170 1.0000000000
48861  23.019  -30.492  33.400 1.0000000000
48050  28.556  -31.687  31.387 1.0000000000
48040  27.100  -31.366  32.001 1.0000000000
48889  25.672  -31.385  31.467 1.0000000000
114742  26.987  -31.694  31.096 1.0000000000
48892  23.736  -30.355  31.753 1.0000000000
48775  23.218  -30.251  38.761 0.7777780294
50574  22.858  -28.652  33.171 0.8888890147
48063  28.296  -31.874  30.433 1.0000000000
50585  23.100  -28.742  32.351 1.0000000000
48073  26.854  -31.398  29.744 1.0000000000
48917  25.533  -30.579  29.729 1.0000000000
49753  24.384  -29.607  30.323 1.0000000000
48069  30.320  -31.684  29.708 0.7777780294
50604  24.292  -28.672  30.314 1.0000000000
51467  24.524  -27.786  30.518 1.0000000000
107084  24.440  -27.161  32.184 0.5555559993
50603  24.813  -28.200  29.831 1.0000000000
123894  34.916  -30.418  30.440 0.3333329856
51454  25.070  -26.791  31.582 0.4444440007
49776  30.376  -29.985  28.116 0.8888890147
50627  26.633  -28.857  28.187 1.0000000000
51402  26.054  -26.789  35.289 0.2222220004
52227  27.325  -26.365  33.360 0.2222220004
49795  28.373  -28.883  27.534 1.0000000000
51474  25.440  -27.012  29.195 0.7777780294
52243  27.213  -26.174  32.482 0.4444440007
117805  -3.716  -51.108  49.496 0.4444440007
32799  -3.303  -49.332  49.401 0.4444440007
32809  -1.891  -49.672  49.121 0.5555559993
33685  -2.877  -48.067  49.880 0.2222220004
114489  -3.446  -48.746  49.345 0.2222220004
33684  -2.730  -48.530  49.818 0.2222220004
32797  -2.368  -49.060  49.634 0.3333329856
32808  -1.049  -49.381  48.861 0.6666669846
32817  -0.061  -49.638  47.933 0.6666669846
33694  -1.410  -48.657  49.661 0.3333329856
114723  0.184  -48.236  48.951 0.6666669846
109905  0.981  -48.335  47.789 0.6666669846
33702  0.814  -47.992  48.670 0.6666669846
34522  1.463  -47.688  47.492 0.7777780294
33683  -1.988  -48.226  50.200 0.2222220004
33682  -0.617  -47.932  50.232 0.3333329856
119812  2.209  -47.383  46.439 0.7777780294
34508  1.198  -47.310  49.297 0.6666669846
34507  1.904  -46.855  49.200 0.5555559993
34520  2.556  -46.755  46.884 0.6666669846
34515  2.056  -46.890  48.253 0.4444440007
120084  2.452  -46.601  47.718 0.5555559993
34506  2.654  -46.405  49.130 0.3333329856
34514  2.704  -46.342  48.362 0.5555559993
35310  3.125  -46.180  47.651 0.4444440007
35309  3.835  -45.845  47.110 0.4444440007
35300  3.493  -45.994  48.839 0.3333329856
36170  4.563  -45.507  47.751 0.3333329856
114830  3.939  -45.832  48.068 0.3333329856
36184  5.139  -45.198  46.326 0.4444440007
36185  4.491  -45.494  46.733 0.4444440007
35299  5.331  -45.197  48.314 0.2222220004
35286  4.616  -45.635  48.845 0.1111110002
36155  6.042  -44.688  47.955 0.2222220004
36169  5.243  -45.129  47.344 0.3333329856
36168  5.856  -44.760  46.926 0.2222220004
37070  6.912  -43.894  46.092 0.4444440007
37057  6.674  -44.153  48.049 0.1111110002
37055  7.319  -43.314  47.440 0.1111110002
37056  6.935  -43.861  47.211 0.1111110002
119739  6.407  -44.359  47.376 0.2222220004
37069  7.393  -43.307  46.675 0.3333329856
116242  24.147  -39.809  39.253 0.2222220004
41320  23.492  -39.802  39.240 0.5555559993
37896  8.239  -42.453  46.538 0.2222220004
120108  7.871  -42.832  46.194 0.3333329856
38753  8.588  -42.129  46.255 0.3333329856
111903  8.362  -42.474  45.722 0.5555559993
120803  25.188  -40.058  40.120 0.3333329856
40479  24.643  -39.940  39.694 0.2222220004
41319  24.765  -39.736  38.883 0.4444440007
38763  8.992  -41.669  45.877 0.3333329856
43887  21.822  -34.036  45.945 0.1111110002
43876  21.010  -33.580  46.338 0.1111110002
44845  20.798  -33.638  45.585 0.1111110002
44846  20.573  -33.701  44.822 0.1111110002
43909  21.366  -34.106  44.171 0.1111110002
39524  9.322  -41.144  46.485 0.2222220004
39537  9.670  -40.398  45.026 0.5555559993
124136  25.640  -39.518  38.479 0.4444440007
39509  9.770  -40.573  47.044 0.2222220004
39510  9.357  -41.213  47.424 0.2222220004
39523  9.655  -40.443  46.061 0.3333329856
41219  10.432  -39.114  46.083 0.3333329856
111415  26.824  -36.132  41.956 0.1111110002
43946  26.346  -36.693  41.725 0.2222220004
43011  25.128  -37.252  41.496 0.1111110002
43025  24.889  -37.557  40.556 0.2222220004
43010  25.994  -37.163  41.147 0.2222220004
111854  27.141  -36.043  41.106 0.2222220004
43024  26.256  -37.247  40.019 0.2222220004
43041  25.269  -37.530  39.665 0.2222220004
43977  25.970  -37.340  39.127 0.2222220004
43962  27.135  -36.371  40.085 0.2222220004
43976  26.688  -36.901  39.147 0.2222220004
43026  24.340  -37.471  40.028 0.3333329856
43043  23.654  -37.340  39.449 0.3333329856
43042  24.484  -37.476  39.123 0.3333329856
43978  25.294  -37.372  38.709 0.2222220004
44902  27.479  -35.320  40.819 0.2222220004
51514  27.888  -27.187  26.702 0.7777780294
52325  27.342  -26.633  26.815 0.7777780294
52324  27.966  -26.421  26.482 0.7777780294
48752  24.401  -30.470  40.864 0.3333329856
48761  23.982  -30.619  40.185 0.3333329856
48762  23.522  -30.145  39.496 0.4444440007
53842  27.126  -24.866  28.234 0.7777780294
52306  26.739  -26.293  27.417 0.6666669846
51497  26.432  -27.019  27.762 0.6666669846
55639  28.099  -22.663  27.085 0.6666669846
54727  27.831  -23.217  27.511 0.6666669846
53860  27.300  -24.478  27.638 0.7777780294
56566  29.266  -21.145  26.489 0.7777780294
53878  27.476  -24.933  26.775 0.7777780294
53072  27.339  -25.859  26.768 0.7777780294
56583  29.509  -21.593  25.830 0.7777780294
49657  23.710  -29.444  39.955 0.3333329856
49658  23.367  -29.311  39.117 0.4444440007
55629  29.924  -22.200  28.724 0.3333329856
55630  29.147  -22.857  28.683 0.4444440007
53841  27.720  -24.271  28.624 0.4444440007
52295  26.240  -26.341  28.348 0.5555559993
51485  25.919  -27.122  28.434 0.7777780294
56556  30.297  -20.479  28.109 0.4444440007
56550  30.136  -21.221  28.432 0.5555559993
54712  28.296  -23.430  28.518 0.5555559993
53859  27.596  -23.792  27.883 0.6666669846
56557  29.649  -20.755  27.693 0.5555559993
55638  28.588  -21.961  27.344 0.6666669846
58291  30.470  -19.714  25.722 0.7777780294
57405  29.465  -20.540  26.884 0.7777780294
58307  31.423  -19.676  24.397 0.7777780294
54699  31.984  -23.418  29.551 0.1111110002
112177  26.507  -25.900  29.854 0.4444440007
54711  31.018  -22.816  29.158 0.2222220004
53839  30.141  -23.239  29.149 0.3333329856
53827  29.341  -24.486  29.611 0.2222220004
53828  28.365  -24.714  29.489 0.3333329856
52272  26.052  -26.244  30.055 0.5555559993
58260  35.129  -19.354  30.045 0.1111110002
57395  33.711  -19.943  29.324 0.1111110002
57397  31.989  -20.398  28.667 0.5555559993
55628  30.975  -21.824  28.912 0.3333329856
111722  28.568  -24.072  29.167 0.4444440007
53037  27.444  -25.007  29.022 0.5555559993
52284  25.941  -26.362  29.162 0.5555559993
58270  34.823  -18.878  29.317 0.1111110002
58272  33.394  -19.432  28.657 0.2222220004
58273  32.580  -19.537  28.322 0.4444440007
59074  34.555  -18.439  28.455 0.1111110002
59083  33.050  -18.393  27.129 0.3333329856
57402  31.736  -19.563  28.006 0.6666669846
58282  31.080  -19.315  27.183 0.6666669846
59094  32.112  -18.241  25.846 0.7777780294
58290  30.840  -19.034  26.083 0.7777780294
58283  30.398  -19.535  26.560 0.7777780294
59103  31.587  -18.939  24.592 0.7777780294
58296  31.004  -19.309  25.117 0.7777780294
51361  24.724  -27.337  37.188 0.2222220004
54700  31.084  -23.775  29.365 0.1111110002
53826  30.350  -24.232  29.471 0.2222220004
53022  29.302  -25.159  30.118 0.2222220004
52282  27.556  -25.534  30.140 0.3333329856
51388  25.349  -26.961  35.701 0.2222220004
106265  31.075  -24.890  29.594 0.1111110002
52271  27.216  -25.695  30.598 0.2222220004
128273  31.083  -24.365  29.440 0.1111110002
53021  30.273  -25.080  29.867 0.2222220004
51464  28.665  -25.707  30.921 0.2222220004
51452  26.848  -25.860  30.994 0.3333329856
52257  27.101  -25.987  31.678 0.3333329856
52281  30.378  -25.697  30.306 0.1111110002
52270  29.344  -25.622  30.622 0.1111110002
52256  28.031  -25.764  31.220 0.2222220004
52242  28.249  -25.961  31.953 0.3333329856
122042  27.607  -25.835  31.458 0.3333329856
51463  29.939  -25.973  31.024 0.1111110002
34521  2.043  -47.181  47.228 0.7777780294
35319  3.187  -46.396  46.422 0.6666669846
41321  22.716  -39.740  39.194 0.4444440007
41230  10.650  -38.328  45.516 0.3333329856
43994  24.487  -37.330  38.342 0.2222220004
33704  -0.298  -49.086  48.520 0.6666669846
40387  9.997  -39.784  45.570 0.5555559993
33693  -0.534  -48.443  49.327 0.4444440007
33703  0.382  -48.890  48.046 0.6666669846
112413  -1.260  -47.969  50.429 0.2222220004
34516  1.359  -47.456  48.468 0.6666669846
51496  27.113  -27.337  27.186 0.7777780294
53071  28.073  -25.565  26.327 0.7777780294
53049  27.002  -25.301  27.470 0.7777780294
53038  26.696  -25.511  28.420 0.6666669846
54726  28.384  -22.632  27.964 0.5555559993
54728  27.583  -23.996  26.988 0.6666669846
118799  28.977  -21.781  26.453 0.7777780294
56558  29.094  -21.207  27.160 0.7777780294
55663  30.132  -22.283  25.229 0.7777780294
56582  30.160  -21.354  25.297 0.7777780294
57412  29.643  -20.783  26.062 0.7777780294
50520  23.880  -28.593  39.440 0.3333329856
53840  29.289  -23.676  29.187 0.4444440007
52283  26.538  -25.831  29.202 0.3333329856
57398  31.024  -20.877  28.600 0.4444440007
55637  29.300  -21.513  28.010 0.5555559993
125555  28.976  -22.159  28.234 0.5555559993
57420  30.249  -20.482  25.505 0.7777780294
57411  29.934  -20.064  26.371 0.7777780294
55620  31.820  -22.357  29.351 0.2222220004
53023  28.128  -25.244  29.883 0.3333329856
53024  27.140  -25.421  29.344 0.4444440007
58261  34.428  -19.683  29.676 0.1111110002
58271  34.124  -19.206  28.961 0.1111110002
57389  33.408  -20.651  29.517 0.5555559993
57396  32.975  -20.200  28.981 0.4444440007
56549  32.742  -21.143  29.399 0.5555559993
55627  31.841  -21.439  29.105 0.5555559993
58279  33.821  -18.827  28.353 0.2222220004
57403  30.941  -19.975  28.093 0.5555559993
58280  33.184  -18.917  27.916 0.2222220004
58281  32.236  -18.950  27.414 0.5555559993
57404  30.102  -19.951  27.346 0.6666669846
59095  31.450  -18.681  25.460 0.7777780294
58289  31.653  -18.718  26.465 0.7777780294
59102  32.014  -18.305  24.884 0.7777780294
29208  -3.065  -53.463  49.879 0.1111110002
30094  -3.155  -52.833  50.071 0.1111110002
27360  -2.757  -54.290  49.176 0.1111110002
31911  -4.879  -50.987  48.389 0.1111110002
31900  -4.457  -50.465  49.211 0.2222220004
32800  -3.769  -49.663  49.262 0.2222220004
32801  -4.177  -49.741  49.207 0.3333329856
117078  6.607  -49.734  52.630 0.1111110002
32782  7.189  -49.538  52.084 0.1111110002
33669  8.697  -48.677  51.736 0.1111110002
33664  7.824  -49.109  51.986 0.1111110002
33670  7.965  -49.071  51.123 0.1111110002
33679  8.080  -49.060  50.208 0.1111110002
32794  7.430  -49.507  50.583 0.1111110002
32789  7.323  -49.552  51.380 0.1111110002
34500  0.922  -47.237  50.033 0.4444440007
32795  6.768  -49.893  50.829 0.1111110002
33680  0.654  -47.658  49.386 0.6666669846
124096  8.590  -48.808  50.834 0.1111110002
33668  9.284  -48.473  50.929 0.1111110002
111257  1.410  -46.839  50.677 0.2222220004
33690  8.492  -48.867  49.571 0.1111110002
33699  8.498  -48.768  48.830 0.1111110002
119848  10.766  -47.748  50.782 0.1111110002
34483  10.074  -47.961  51.004 0.1111110002
34495  10.445  -47.834  50.183 0.1111110002
34496  9.679  -48.197  50.055 0.1111110002
120133  2.116  -46.666  50.554 0.1111110002
34504  10.844  -47.671  49.470 0.1111110002
110890  10.200  -47.895  49.547 0.1111110002
106665  10.380  -47.811  48.860 0.1111110002
34513  9.182  -48.385  48.565 0.1111110002
34512  9.826  -47.977  48.309 0.1111110002
34518  8.990  -48.113  47.181 0.1111110002
107934  12.405  -46.744  48.851 0.1111110002
35284  11.697  -47.266  49.380 0.1111110002
35297  12.388  -46.464  47.906 0.1111110002
106988  11.120  -47.174  47.964 0.1111110002
35306  11.594  -46.804  47.516 0.1111110002
124184  9.864  -47.811  47.368 0.1111110002
36181  11.450  -46.583  46.661 0.1111110002
35308  10.039  -47.388  46.507 0.1111110002
35317  10.690  -46.849  46.232 0.1111110002
124644  10.062  -47.014  45.829 0.2222220004
35327  10.497  -46.542  45.419 0.1111110002
106205  9.746  -46.829  45.160 0.2222220004
35282  13.078  -46.413  49.234 0.1111110002
41217  15.949  -39.770  46.165 0.2222220004
36153  13.546  -45.843  48.710 0.1111110002
36152  13.633  -45.464  48.055 0.1111110002
110087  13.109  -45.900  47.952 0.1111110002
40415  21.201  -40.852  43.247 0.2222220004
37068  12.988  -45.233  46.547 0.1111110002
36166  12.703  -45.886  47.186 0.1111110002
40435  20.705  -40.507  42.536 0.3333329856
36167  12.075  -46.349  47.095 0.1111110002
41267  19.393  -39.679  42.522 0.4444440007
36193  11.768  -45.546  45.248 0.2222220004
36182  11.264  -46.243  45.788 0.1111110002
37095  11.789  -45.015  44.380 0.3333329856
36206  11.228  -45.511  44.474 0.4444440007
40371  15.770  -40.400  46.583 0.2222220004
38739  15.292  -42.428  47.739 0.1111110002
38725  15.194  -42.964  48.206 0.1111110002
39521  15.392  -40.925  46.171 0.2222220004
39507  15.409  -41.794  47.244 0.2222220004
37867  14.859  -43.711  48.237 0.1111110002
127180  15.616  -40.332  45.956 0.2222220004
37894  14.511  -43.471  46.834 0.1111110002
37041  14.336  -44.454  47.814 0.1111110002
37042  14.095  -45.068  48.511 0.1111110002
40414  22.143  -41.188  43.301 0.1111110002
127555  15.680  -39.945  45.423 0.2222220004
40386  15.291  -40.695  45.442 0.2222220004
39536  14.969  -41.435  45.683 0.2222220004
39508  14.907  -42.548  46.838 0.1111110002
108942  13.865  -45.023  47.786 0.1111110002
38761  14.726  -42.245  45.919 0.1111110002
38751  14.358  -43.055  46.078 0.1111110002
106943  13.608  -44.647  46.577 0.1111110002
37067  13.169  -44.658  45.746 0.1111110002
123064  21.159  -40.511  41.856 0.3333329856
108831  20.071  -40.016  42.278 0.3333329856
37081  12.456  -44.900  45.081 0.2222220004
39558  23.767  -41.429  43.474 0.1111110002
124683  24.603  -41.265  43.179 0.1111110002
40413  23.103  -41.277  42.956 0.1111110002
40433  22.524  -41.035  42.551 0.1111110002
40434  21.706  -40.840  42.408 0.2222220004
40401  14.831  -41.296  44.782 0.2222220004
127888  14.650  -41.985  45.230 0.1111110002
121422  13.924  -43.433  45.499 0.1111110002
37905  13.485  -44.006  45.265 0.2222220004
121322  12.974  -44.437  44.978 0.2222220004
38772  13.877  -42.838  44.271 0.3333329856
112769  13.681  -43.443  44.771 0.4444440007
37918  13.141  -44.024  44.478 0.2222220004
41282  20.487  -40.164  41.737 0.4444440007
37917  13.349  -43.512  43.892 0.5555559993
37114  12.697  -44.083  43.630 0.6666669846
41283  19.659  -39.692  41.585 0.4444440007
41301  19.702  -39.439  40.513 0.4444440007
40432  23.300  -40.913  42.091 0.1111110002
40412  23.991  -41.108  42.645 0.1111110002
123719  22.462  -40.830  41.955 0.2222220004
38781  13.598  -42.920  43.359 0.4444440007
40450  22.937  -40.620  41.301 0.2222220004
110123  21.926  -40.548  41.374 0.4444440007
40466  21.671  -40.080  40.542 0.4444440007
114114  20.374  -39.871  40.949 0.4444440007
41300  20.491  -39.640  40.152 0.4444440007
39557  25.090  -41.472  43.800 0.1111110002
39556  26.032  -41.265  43.738 0.1111110002
107876  24.176  -40.833  41.937 0.1111110002
124380  20.977  -39.903  40.508 0.4444440007
121520  20.572  -39.409  39.510 0.5555559993
122527  26.884  -41.086  44.070 0.1111110002
106353  26.172  -40.913  42.963 0.1111110002
40431  24.942  -40.879  42.290 0.1111110002
40449  23.859  -40.619  41.295 0.1111110002
40464  23.473  -40.319  40.576 0.1111110002
41299  22.198  -39.864  39.860 0.4444440007
41322  21.252  -39.683  39.781 0.5555559993
114744  28.413  -40.679  44.617 0.1111110002
40382  27.843  -41.113  45.155 0.1111110002
40373  10.147  -39.858  46.599 0.2222220004
40396  27.653  -40.906  44.340 0.1111110002
40410  26.778  -40.833  43.279 0.1111110002
40430  25.905  -40.750  42.310 0.1111110002
107553  25.605  -40.545  41.544 0.1111110002
40448  24.754  -40.600  41.388 0.1111110002
43901  11.831  -36.005  45.641 0.1111110002
40463  24.461  -40.286  40.526 0.1111110002
40481  23.068  -40.011  39.894 0.3333329856
115634  30.566  -38.837  43.941 0.1111110002
41236  29.645  -39.865  44.564 0.1111110002
41226  29.128  -40.382  44.958 0.1111110002
40372  10.558  -39.207  47.135 0.2222220004
40359  10.322  -40.026  47.549 0.2222220004
42092  30.133  -39.339  44.197 0.1111110002
41237  28.929  -40.125  44.210 0.1111110002
42109  30.137  -38.563  42.573 0.1111110002
42110  29.978  -39.027  43.393 0.1111110002
41248  29.488  -39.649  43.821 0.1111110002
40395  28.196  -40.442  43.786 0.1111110002
42063  11.096  -37.553  46.072 0.1111110002
41218  10.765  -38.369  46.643 0.2222220004
43009  30.771  -37.579  41.668 0.1111110002
42121  29.466  -39.052  42.644 0.1111110002
41264  28.750  -39.526  42.658 0.1111110002
121074  27.821  -40.427  43.321 0.1111110002
40409  27.452  -40.395  42.857 0.1111110002
122755  11.461  -36.715  46.214 0.1111110002
42130  30.155  -38.129  41.774 0.1111110002
42131  29.544  -38.634  41.942 0.1111110002
41278  28.438  -39.249  41.874 0.1111110002
40428  27.253  -40.106  42.010 0.1111110002
40447  26.487  -40.301  41.614 0.1111110002
42948  11.407  -36.848  45.315 0.1111110002
42082  11.007  -37.617  44.919 0.1111110002
43961  31.156  -36.594  40.292 0.1111110002
43944  30.894  -37.066  40.985 0.1111110002
109488  30.223  -37.665  40.982 0.1111110002
127504  29.200  -38.174  40.538 0.1111110002
41280  27.145  -39.804  41.323 0.1111110002
124948  25.365  -40.306  40.773 0.1111110002
43022  30.455  -37.147  40.255 0.1111110002
42159  28.848  -38.224  40.145 0.1111110002
41298  26.008  -39.887  40.161 0.1111110002
43974  30.764  -36.664  39.726 0.1111110002
40480  23.888  -40.005  39.879 0.2222220004
42132  28.931  -38.757  41.483 0.1111110002
41295  28.265  -38.952  41.137 0.1111110002
119817  28.839  -38.509  40.777 0.1111110002
41279  27.761  -39.533  41.553 0.1111110002
42160  28.303  -38.460  39.671 0.2222220004
42145  27.753  -38.892  39.980 0.1111110002
41317  27.014  -39.345  39.851 0.1111110002
41297  26.702  -39.805  40.768 0.1111110002
44914  30.799  -36.343  39.050 0.1111110002
41335  27.005  -39.037  38.928 0.1111110002
49687  30.950  -29.926  36.888 0.1111110002
48818  32.260  -30.548  35.561 0.1111110002
48835  32.984  -30.643  34.941 0.1111110002
49792  31.758  -29.325  27.717 0.6666669846
122134  30.924  -29.402  27.695 0.7777780294
51510  31.432  -27.465  26.535 0.6666669846
50652  30.343  -28.342  26.950 0.7777780294
50641  29.831  -28.702  27.236 0.7777780294
52322  31.728  -26.701  26.244 0.6666669846
51511  30.407  -27.651  26.594 0.6666669846
50653  29.634  -28.089  26.856 0.6666669846
51495  27.859  -27.813  26.999 0.6666669846
121669  30.546  -25.992  25.875 0.6666669846
53069  29.766  -26.251  26.044 0.6666669846
127626  29.342  -26.785  26.324 0.6666669846
51513  28.677  -26.989  26.473 0.6666669846
52323  28.786  -26.256  26.213 0.6666669846
53084  31.807  -25.453  25.727 0.6666669846
53086  29.966  -25.419  25.695 0.6666669846
53877  28.217  -24.508  26.165 0.6666669846
53070  28.972  -25.460  25.893 0.6666669846
54738  36.357  -23.552  26.733 0.5555559993
53875  35.422  -24.780  26.556 0.5555559993
125576  33.778  -24.894  25.993 0.6666669846
55648  28.608  -22.668  26.281 0.6666669846
55647  35.802  -23.057  26.205 0.5555559993
120980  34.035  -24.227  25.808 0.6666669846
53082  33.113  -24.492  25.651 0.6666669846
126753  31.974  -24.940  25.548 0.6666669846
54756  30.655  -23.895  25.295 0.6666669846
54758  28.770  -23.699  25.826 0.6666669846
54741  28.077  -23.416  26.555 0.5555559993
54752  34.425  -23.326  25.645 0.5555559993
54753  33.462  -23.580  25.471 0.6666669846
54754  32.530  -23.716  25.339 0.6666669846
54755  31.605  -23.818  25.262 0.6666669846
55658  36.112  -22.328  25.802 0.5555559993
55659  35.212  -22.649  25.588 0.5555559993
126202  34.453  -22.557  25.290 0.5555559993
110113  30.905  -23.066  25.077 0.6666669846
55664  29.343  -22.411  25.703 0.6666669846
55660  33.741  -22.763  25.237 0.6666669846
55661  32.851  -22.895  25.146 0.6666669846
55673  31.098  -22.078  24.812 0.6666669846
55672  32.233  -22.180  24.749 0.6666669846
56542  32.420  -21.927  29.515 0.1111110002
56577  37.337  -21.513  25.470 0.4444440007
56593  37.022  -21.314  24.691 0.4444440007
56578  36.543  -21.747  25.297 0.5555559993
56594  36.156  -21.388  24.573 0.5555559993
56580  34.845  -22.000  24.992 0.6666669846
56581  30.801  -21.032  24.812 0.6666669846
56579  35.687  -21.901  25.142 0.5555559993
55671  33.182  -22.160  24.813 0.6666669846
56598  32.625  -21.485  24.446 0.6666669846
57436  31.543  -20.478  24.348 0.6666669846
56599  31.661  -21.298  24.499 0.6666669846
56592  37.839  -21.154  24.879 0.3333329856
57434  34.757  -20.815  23.975 0.6666669846
57435  33.820  -20.805  24.035 0.6666669846
125040  32.175  -20.856  24.215 0.6666669846
56597  33.511  -21.468  24.455 0.6666669846
57418  39.397  -20.709  25.456 0.3333329856
57429  39.131  -20.459  24.671 0.3333329856
57430  38.332  -20.676  24.372 0.3333329856
58306  31.868  -19.272  24.004 0.6666669846
58304  39.505  -19.784  24.317 0.3333329856
57431  37.500  -20.830  24.148 0.4444440007
57446  36.180  -20.339  23.366 0.6666669846
57449  33.154  -20.136  23.635 0.6666669846
111297  32.160  -20.089  23.910 0.6666669846
58317  35.772  -19.699  22.848 0.6666669846
57447  35.144  -20.193  23.289 0.6666669846
57448  34.120  -20.214  23.445 0.6666669846
59084  32.381  -18.437  26.650 0.5555559993
59101  32.683  -17.839  25.336 0.6666669846
59935  33.416  -17.712  23.862 0.5555559993
59109  32.707  -17.998  24.398 0.6666669846
59129  35.736  -18.427  22.134 0.6666669846
59130  34.158  -18.464  22.605 0.6666669846
59108  40.492  -18.697  24.403 0.2222220004
58313  39.107  -19.315  23.679 0.4444440007
58314  38.317  -19.524  23.384 0.5555559993
58324  37.046  -19.056  22.604 0.6666669846
119860  35.368  -19.083  22.439 0.6666669846
58328  33.594  -18.658  22.911 0.6666669846
57450  32.564  -19.305  23.610 0.6666669846
58305  38.759  -20.060  23.969 0.3333329856
58316  36.641  -19.725  22.967 0.6666669846
58318  34.390  -19.614  22.926 0.6666669846
59119  33.000  -18.458  23.513 0.6666669846
58319  33.475  -19.411  23.110 0.6666669846
59934  34.036  -17.193  24.343 0.5555559993
60782  34.665  -16.749  23.876 0.4444440007
60779  42.558  -16.602  24.240 0.2222220004
59933  41.510  -17.601  24.370 0.2222220004
59107  41.136  -18.342  24.774 0.2222220004
59958  35.317  -17.586  22.075 0.6666669846
60808  34.970  -17.030  22.451 0.5555559993
60792  34.713  -16.855  23.023 0.5555559993
59115  40.828  -17.927  24.074 0.2222220004
59117  39.439  -18.524  23.399 0.4444440007
59118  38.674  -18.748  23.097 0.5555559993
59128  36.583  -18.428  22.148 0.6666669846
59139  36.144  -17.757  21.854 0.6666669846
59140  35.903  -17.126  21.812 0.6666669846
59953  41.112  -17.148  22.805 0.2222220004
59943  40.583  -17.599  23.305 0.3333329856
59124  39.853  -17.828  22.996 0.4444440007
59125  39.077  -18.029  22.702 0.5555559993
124514  37.409  -17.738  21.843 0.5555559993
60791  35.345  -16.289  23.378 0.5555559993
61649  43.549  -15.663  24.140 0.1111110002
60778  43.078  -16.037  24.598 0.1111110002
118825  35.202  -16.570  22.694 0.5555559993
61647  44.986  -15.335  23.222 0.1111110002
60787  42.965  -16.183  23.825 0.1111110002
60789  41.796  -16.963  23.172 0.1111110002
59942  41.259  -17.298  23.632 0.2222220004
59970  36.559  -17.127  21.645 0.5555559993
61663  45.342  -15.870  22.523 0.2222220004
61664  44.379  -16.186  22.706 0.1111110002
106484  42.952  -16.546  23.231 0.1111110002
59955  39.575  -17.437  22.157 0.5555559993
59956  38.709  -17.530  21.964 0.5555559993
59957  37.903  -17.670  21.878 0.5555559993
112907  36.982  -16.461  21.518 0.5555559993
61673  46.548  -15.902  21.709 0.2222220004
125151  45.791  -16.208  21.849 0.2222220004
109360  43.373  -16.841  22.458 0.2222220004
60806  41.767  -17.121  22.260 0.2222220004
59965  40.985  -17.065  21.882 0.4444440007
59966  40.167  -17.007  21.586 0.5555559993
59967  39.180  -16.761  21.278 0.5555559993
59968  38.202  -16.970  21.451 0.5555559993
107483  37.711  -16.309  21.283 0.5555559993
60821  40.016  -16.554  20.937 0.5555559993
61651  36.192  -15.688  23.226 0.4444440007
60823  36.188  -16.392  21.837 0.5555559993
109940  47.164  -15.527  21.538 0.1111110002
60816  44.778  -16.814  21.112 0.2222220004
123341  43.365  -17.022  21.344 0.2222220004
60818  42.536  -17.155  21.779 0.3333329856
60819  41.654  -16.973  21.273 0.5555559993
60836  38.842  -16.046  20.792 0.5555559993
60822  38.408  -16.345  21.071 0.5555559993
61675  37.603  -15.549  21.376 0.4444440007
126050  49.193  -13.855  20.375 0.1111110002
61682  48.301  -15.383  20.456 0.1111110002
60815  47.002  -16.176  20.926 0.1111110002
108020  45.462  -16.787  20.459 0.2222220004
60832  43.450  -16.721  20.417 0.3333329856
107285  42.431  -16.715  20.662 0.4444440007
60834  40.419  -16.045  20.417 0.5555559993
60835  39.534  -16.075  20.658 0.5555559993
61674  38.252  -15.681  20.970 0.4444440007
61696  48.302  -16.018  19.743 0.1111110002
60831  46.394  -16.635  20.293 0.2222220004
60847  42.710  -15.967  19.775 0.4444440007
61694  49.378  -15.370  19.145 0.1111110002
62475  38.347  -14.344  23.228 0.3333329856
62476  37.600  -14.777  22.866 0.3333329856
62482  38.221  -14.471  22.208 0.4444440007
62483  37.525  -15.045  21.944 0.4444440007
61666  36.887  -15.309  22.588 0.4444440007
62500  39.162  -14.423  20.911 0.4444440007
62490  38.297  -14.854  21.291 0.4444440007
61676  36.900  -15.712  21.796 0.4444440007
111927  39.658  -14.755  20.359 0.5555559993
61684  41.923  -15.988  20.082 0.5555559993
61686  40.276  -15.205  20.008 0.5555559993
115144  39.767  -15.512  20.337 0.5555559993
63357  50.917  -13.592  17.876 0.1111110002
62514  50.342  -14.422  18.387 0.1111110002
61707  48.964  -15.939  18.347 0.1111110002
60854  48.182  -16.261  18.876 0.2222220004
60844  45.889  -16.677  19.589 0.2222220004
60845  44.428  -16.451  19.456 0.3333329856
60846  43.705  -16.275  19.611 0.5555559993
63350  50.614  -13.173  18.727 0.1111110002
62507  49.996  -13.813  19.235 0.1111110002
62481  38.921  -13.962  22.692 0.3333329856
63325  39.518  -13.833  21.253 0.4444440007
62489  38.909  -14.130  21.681 0.4444440007
108548  41.578  -13.490  19.933 0.4444440007
62498  40.692  -13.872  20.200 0.5555559993
62511  42.381  -14.928  19.271 0.5555559993
61700  40.723  -14.698  19.837 0.5555559993
62499  40.205  -14.463  20.135 0.5555559993
61705  50.125  -15.123  17.795 0.1111110002
124546  47.025  -16.582  19.029 0.2222220004
60857  45.631  -16.338  18.836 0.2222220004
61697  44.142  -15.813  18.923 0.4444440007
61698  43.237  -15.403  19.088 0.5555559993
63362  51.613  -13.035  16.680 0.1111110002
62523  50.580  -14.545  17.475 0.1111110002
61715  49.481  -15.534  17.597 0.2222220004
61716  48.584  -15.746  17.384 0.2222220004
61708  47.041  -16.116  17.946 0.2222220004
61709  46.182  -15.890  18.126 0.3333329856
60858  44.907  -15.758  18.599 0.4444440007
61712  43.751  -14.896  18.665 0.5555559993
125688  51.686  -13.205  15.961 0.2222220004
62529  50.603  -14.548  16.634 0.2222220004
61721  50.032  -15.151  17.043 0.2222220004
61717  47.598  -15.594  17.259 0.2222220004
63378  51.241  -13.455  14.682 0.4444440007
63370  51.288  -13.742  15.494 0.3333329856
62528  51.184  -13.883  16.268 0.3333329856
62535  50.566  -14.324  15.860 0.4444440007
63345  42.258  -13.958  19.426 0.4444440007
62518  43.678  -14.060  18.651 0.4444440007
62510  43.039  -14.292  18.969 0.4444440007
61710  45.490  -15.627  18.279 0.4444440007
62517  44.233  -14.416  18.392 0.4444440007
61722  49.184  -15.289  16.803 0.3333329856
61723  48.266  -15.233  16.738 0.3333329856
125628  47.675  -15.085  16.809 0.3333329856
61718  46.643  -15.355  17.500 0.3333329856
61719  45.785  -15.077  17.792 0.3333329856
62516  44.963  -14.922  18.172 0.4444440007
63371  50.474  -13.893  15.167 0.4444440007
62530  49.847  -14.843  16.274 0.3333329856
62531  48.830  -14.665  16.119 0.3333329856
62525  46.250  -14.353  17.247 0.3333329856
63379  50.406  -13.414  14.616 0.4444440007
63351  44.796  -13.350  17.881 0.4444440007
63352  44.099  -13.353  18.552 0.4444440007
63358  46.337  -13.491  16.897 0.4444440007
62526  45.311  -14.206  17.708 0.4444440007
109489  44.608  -14.060  18.054 0.4444440007
127421  48.925  -13.927  15.593 0.4444440007
63363  48.178  -13.869  15.943 0.4444440007
121383  47.499  -13.728  16.289 0.4444440007
64177  49.845  -12.859  14.346 0.4444440007
63372  49.518  -13.491  15.053 0.4444440007
64183  50.225  -12.224  13.553 0.4444440007
65694  45.411  -10.293  19.240 0.1111110002
65697  45.387  -10.667  18.559 0.2222220004
64920  44.895  -11.027  18.962 0.3333329856
64931  45.626  -11.603  17.357 0.2222220004
64162  45.106  -12.403  17.724 0.4444440007
115121  44.650  -11.896  18.597 0.4444440007
64161  45.983  -12.552  16.896 0.4444440007
108150  44.511  -12.671  18.334 0.4444440007
110601  44.170  -12.330  19.003 0.4444440007
63359  45.596  -13.392  17.358 0.4444440007
63373  48.463  -13.109  15.446 0.4444440007
63365  46.902  -13.086  16.423 0.4444440007
65716  49.457  -10.514  13.473 0.3333329856
64939  49.415  -11.395  13.745 0.4444440007
118017  49.258  -12.066  14.212 0.4444440007
64178  48.956  -12.605  14.830 0.4444440007
63364  47.668  -13.119  15.948 0.4444440007
65693  45.945  -9.575  19.418 0.1111110002
66453  46.175  -9.983  17.575 0.1111110002
65700  46.594  -10.190  16.617 0.2222220004
65706  46.575  -11.253  16.417 0.2222220004
64930  46.145  -11.694  16.766 0.3333329856
65710  47.444  -10.906  15.513 0.2222220004
65705  46.939  -10.835  16.015 0.2222220004
65709  47.989  -10.904  14.952 0.2222220004
64933  47.187  -11.701  15.861 0.3333329856
64167  47.242  -12.499  16.040 0.4444440007
127969  49.981  -10.710  12.977 0.3333329856
125001  48.944  -10.773  13.995 0.2222220004
123932  48.298  -12.315  15.179 0.4444440007
63374  47.768  -12.420  15.610 0.4444440007
110116  46.361  -9.264  18.946 0.1111110002
66450  46.508  -9.252  18.223 0.1111110002
65696  45.872  -9.942  18.537 0.1111110002
66452  46.816  -9.129  17.291 0.1111110002
66459  47.204  -10.096  15.914 0.2222220004
66462  48.247  -9.480  15.055 0.2222220004
118283  47.752  -10.112  15.293 0.2222220004
128081  48.219  -10.206  14.772 0.2222220004
67174  47.243  -8.356  19.768 0.1111110002
66442  46.553  -8.934  19.624 0.1111110002
66449  46.955  -8.604  18.898 0.1111110002
115491  47.065  -8.667  18.092 0.1111110002
67195  48.212  -7.873  17.174 0.1111110002
67200  47.530  -8.638  16.744 0.1111110002
67198  48.826  -7.734  15.887 0.1111110002
67199  48.211  -8.203  16.288 0.1111110002
66456  47.110  -9.417  16.449 0.1111110002
67202  48.980  -8.156  15.100 0.1111110002
67203  48.416  -8.619  15.461 0.1111110002
66455  47.709  -9.186  15.830 0.1111110002
67205  49.182  -8.644  14.232 0.1111110002
65712  48.756  -9.832  14.231 0.2222220004
64160  52.014  -11.942  17.239 0.1111110002
64929  52.219  -11.438  18.199 0.1111110002
64165  52.809  -11.667  16.544 0.1111110002
107494  52.136  -12.898  15.261 0.3333329856
32804  7.465  -49.442  49.880 0.1111110002
33709  8.527  -48.546  47.882 0.1111110002
33700  7.784  -48.956  48.344 0.1111110002
34526  9.406  -47.796  46.627 0.1111110002
37115  11.859  -44.585  43.410 0.5555559993
37933  12.229  -44.079  42.876 0.6666669846
38771  14.405  -42.159  44.543 0.2222220004
106434  21.864  -39.556  39.084 0.4444440007
41336  26.438  -39.230  38.515 0.2222220004
42177  28.274  -38.276  38.890 0.2222220004
50642  29.016  -28.491  27.170 0.6666669846
124809  28.281  -28.277  27.166 0.7777780294
106266  10.925  -45.968  44.965 0.2222220004
50640  30.615  -28.834  27.278 0.7777780294
33681  0.153  -47.675  49.950 0.4444440007
34499  1.671  -46.849  49.958 0.4444440007
40462  26.054  -40.238  40.950 0.1111110002
40478  25.425  -39.796  39.433 0.2222220004
50654  28.685  -27.772  26.810 0.6666669846
58297  30.851  -20.172  24.826 0.6666669846
59093  32.876  -18.007  26.280 0.6666669846
51451  29.217  -25.942  31.369 0.1111110002
41318  26.275  -39.527  39.225 0.1111110002
111557  29.983  -23.137  25.302 0.6666669846
59110  32.201  -18.663  24.106 0.6666669846
33678  8.909  -48.723  50.164 0.1111110002
34501  0.633  -47.170  50.780 0.2222220004
34497  9.107  -48.552  49.388 0.1111110002
35285  11.055  -47.433  48.678 0.1111110002
34505  9.732  -48.132  49.130 0.1111110002
106389  9.292  -48.185  47.861 0.1111110002
120971  12.914  -46.289  48.524 0.1111110002
35298  11.704  -46.967  48.378 0.1111110002
34511  10.524  -47.610  48.047 0.1111110002
35307  10.754  -47.175  47.184 0.1111110002
36165  13.383  -45.343  47.373 0.1111110002
112708  13.434  -44.991  46.925 0.1111110002
36180  12.126  -45.884  46.310 0.1111110002
109460  12.522  -45.263  45.768 0.1111110002
107890  15.584  -41.103  46.893 0.2222220004
125977  15.725  -41.214  47.538 0.2222220004
38740  14.895  -43.155  47.556 0.1111110002
39522  15.167  -41.676  46.463 0.2222220004
37880  14.592  -43.816  47.473 0.1111110002
37881  14.156  -44.192  47.000 0.1111110002
37895  13.901  -43.929  46.136 0.1111110002
41281  21.077  -40.204  41.169 0.4444440007
37094  12.523  -44.543  44.318 0.3333329856
38762  14.231  -42.740  45.199 0.3333329856
40465  22.564  -40.265  40.586 0.1111110002
40411  25.463  -41.086  43.039 0.1111110002
40381  28.602  -40.844  45.396 0.1111110002
112032  27.470  -40.705  43.596 0.1111110002
40429  26.680  -40.583  42.491 0.1111110002
41249  28.805  -39.881  43.461 0.1111110002
42991  30.724  -37.942  42.432 0.1111110002
41263  29.326  -39.471  43.178 0.1111110002
41250  28.155  -40.075  43.074 0.1111110002
42045  11.246  -37.651  47.199 0.1111110002
42143  29.506  -38.242  41.083 0.1111110002
41265  27.960  -39.813  42.331 0.1111110002
43023  29.588  -37.715  40.153 0.1111110002
42144  28.250  -38.695  40.397 0.1111110002
41296  27.556  -39.289  40.706 0.1111110002
42161  27.660  -38.745  39.309 0.1111110002
128135  31.286  -28.909  27.359 0.7777780294
50651  31.175  -28.303  26.931 0.6666669846
124175  30.748  -26.747  26.208 0.6666669846
110859  29.962  -26.981  26.344 0.6666669846
51512  29.462  -27.399  26.556 0.6666669846
52334  31.297  -26.075  25.936 0.6666669846
53068  31.989  -26.107  26.036 0.6666669846
53890  31.360  -24.679  25.452 0.6666669846
53891  30.313  -24.667  25.471 0.6666669846
53085  30.892  -25.397  25.648 0.6666669846
106479  29.691  -23.876  25.462 0.6666669846
53892  29.288  -24.613  25.659 0.6666669846
53858  36.675  -24.337  27.112 0.5555559993
54739  35.606  -23.869  26.416 0.5555559993
54740  34.847  -24.072  26.144 0.6666669846
53876  34.495  -24.846  26.247 0.6666669846
54757  29.226  -23.159  25.613 0.6666669846
54751  35.179  -23.402  25.995 0.5555559993
53083  32.490  -25.095  25.699 0.6666669846
53889  32.190  -24.470  25.470 0.6666669846
55662  31.891  -22.987  25.021 0.6666669846
55670  34.032  -22.068  24.883 0.6666669846
56595  35.274  -21.410  24.512 0.6666669846
56596  34.390  -21.426  24.486 0.6666669846
126192  31.180  -20.753  24.554 0.6666669846
57432  36.625  -20.897  23.990 0.5555559993
57433  35.704  -20.881  23.918 0.5555559993
109591  32.907  -20.823  24.082 0.6666669846
57444  37.950  -20.258  23.680 0.4444440007
57445  37.089  -20.345  23.485 0.4444440007
127697  35.053  -19.554  22.771 0.6666669846
59092  33.668  -17.841  26.745 0.4444440007
59928  33.356  -17.520  24.833 0.6666669846
58325  36.198  -19.115  22.472 0.6666669846
108981  34.899  -18.391  22.300 0.6666669846
58327  34.006  -19.071  22.729 0.6666669846
58326  34.617  -19.060  22.548 0.6666669846
59945  33.687  -17.988  23.038 0.5555559993
59959  34.458  -17.617  22.595 0.6666669846
59116  40.150  -18.246  23.738 0.3333329856
58303  40.203  -19.486  24.672 0.2222220004
58312  39.810  -19.011  24.048 0.3333329856
58323  37.868  -18.917  22.829 0.6666669846
58315  37.489  -19.654  23.148 0.5555559993
59944  34.103  -17.321  23.401 0.5555559993
59941  41.911  -16.973  23.947 0.2222220004
59932  42.173  -17.211  24.678 0.2222220004
59126  38.282  -18.206  22.434 0.5555559993
59138  36.911  -17.771  21.815 0.5555559993
59127  37.437  -18.275  22.206 0.6666669846
60807  35.470  -16.756  22.139 0.5555559993
59954  40.392  -17.352  22.448 0.5555559993
59969  37.369  -17.170  21.575 0.5555559993
61635  44.188  -15.097  24.485 0.1111110002
61648  44.208  -15.502  23.643 0.1111110002
61636  43.696  -15.506  25.024 0.1111110002
61665  43.511  -16.103  23.357 0.1111110002
61652  35.707  -16.146  22.569 0.5555559993
60788  42.457  -16.708  23.528 0.1111110002
60805  42.478  -16.935  22.758 0.2222220004
60804  45.000  -16.483  21.888 0.2222220004
127581  37.265  -15.996  21.415 0.5555559993
108892  46.147  -16.501  21.133 0.2222220004
106550  44.188  -16.822  21.771 0.2222220004
61667  36.314  -15.769  22.368 0.4444440007
61672  47.687  -15.474  21.040 0.1111110002
107014  44.434  -16.794  20.226 0.2222220004
60817  44.063  -16.905  20.996 0.2222220004
124844  45.451  -16.636  21.301 0.2222220004
60820  40.778  -16.753  21.006 0.5555559993
60833  41.400  -16.370  20.506 0.5555559993
62497  48.808  -14.564  20.445 0.1111110002
62508  49.435  -14.462  19.762 0.1111110002
61683  47.701  -16.103  20.333 0.1111110002
60830  47.078  -16.471  20.114 0.1111110002
61685  41.144  -15.517  19.896 0.5555559993
61687  39.012  -15.288  20.639 0.5555559993
62509  48.889  -15.327  19.842 0.1111110002
61695  48.811  -15.889  19.222 0.1111110002
60843  46.659  -16.594  19.456 0.2222220004
107716  45.103  -16.649  19.573 0.2222220004
61706  49.758  -15.292  18.390 0.1111110002
62515  49.846  -14.737  19.015 0.1111110002
61699  41.895  -15.387  19.626 0.5555559993
60855  47.373  -16.410  18.628 0.2222220004
60842  47.493  -16.431  19.452 0.1111110002
126184  46.180  -16.552  19.124 0.2222220004
124765  44.828  -16.310  19.034 0.4444440007
63337  39.869  -14.045  20.611 0.3333329856
63346  41.481  -14.538  19.608 0.5555559993
60861  47.967  -16.202  17.982 0.2222220004
60856  46.583  -16.421  18.710 0.2222220004
63356  51.410  -12.963  17.410 0.1111110002
64166  52.230  -12.312  16.243 0.1111110002
62522  51.101  -13.854  17.055 0.1111110002
61711  44.392  -15.194  18.508 0.4444440007
62524  47.124  -14.858  16.935 0.3333329856
62536  49.709  -14.273  15.633 0.4444440007
63344  43.374  -13.398  19.026 0.4444440007
61724  47.780  -14.530  16.465 0.3333329856
62532  46.981  -14.014  16.701 0.4444440007
65702  45.656  -10.721  17.855 0.1111110002
64925  45.181  -11.380  18.167 0.3333329856
65701  46.060  -10.888  17.053 0.2222220004
64940  48.898  -11.352  14.226 0.4444440007
64936  48.502  -11.698  14.718 0.4444440007
66431  46.096  -9.240  20.199 0.1111110002
118899  46.661  -12.140  16.371 0.3333329856
64937  47.844  -11.681  15.286 0.4444440007
65713  48.503  -10.791  14.450 0.2222220004
67196  47.577  -8.334  17.626 0.1111110002
67206  48.681  -8.944  14.789 0.1111110002
64159  52.776  -11.428  17.513 0.1111110002
30087  -2.298  -52.407  51.405 0.1111110002
33671  -0.016  -47.458  50.877 0.1111110002
42026  11.627  -38.272  49.371 0.1111110002
41183  11.230  -38.775  48.703 0.1111110002
40358  10.743  -39.396  48.118 0.1111110002
40347  10.498  -40.210  48.413 0.1111110002
42034  11.455  -37.863  48.422 0.1111110002
126057  18.333  -39.124  44.584 0.3333329856
42097  18.588  -39.250  43.959 0.3333329856
41252  19.328  -39.730  43.417 0.3333329856
34486  2.050  -46.611  51.244 0.1111110002
110118  11.392  -39.873  50.408 0.1111110002
40346  11.062  -39.626  49.076 0.1111110002
39484  11.096  -40.146  49.697 0.1111110002
39496  10.183  -40.818  48.620 0.1111110002
38741  9.564  -41.253  48.238 0.1111110002
39485  10.561  -40.848  49.503 0.1111110002
128180  10.352  -40.855  49.026 0.1111110002
38742  8.877  -41.755  47.761 0.1111110002
38743  8.406  -42.191  47.171 0.1111110002
37884  7.800  -42.749  47.247 0.1111110002
127155  8.462  -42.087  47.743 0.1111110002
49757  36.249  -29.406  29.709 0.3333329856
49758  35.477  -29.602  29.163 0.3333329856
127388  34.525  -29.081  28.141 0.3333329856
49790  33.262  -28.828  27.637 0.4444440007
49791  32.585  -29.095  27.673 0.5555559993
50624  35.793  -28.379  28.133 0.3333329856
49771  35.497  -29.019  28.464 0.3333329856
51492  36.160  -27.590  27.808 0.2222220004
51493  34.399  -27.545  27.187 0.4444440007
50636  34.321  -28.149  27.480 0.5555559993
50638  32.764  -28.416  27.296 0.5555559993
50639  31.949  -28.660  27.314 0.5555559993
51494  33.084  -27.683  26.922 0.5555559993
50650  32.129  -27.977  26.900 0.5555559993
52302  36.921  -26.047  27.579 0.2222220004
128030  36.469  -26.194  27.404 0.3333329856
52304  35.667  -26.945  27.326 0.3333329856
113401  33.042  -26.959  26.562 0.5555559993
53047  36.400  -25.730  27.248 0.2222220004
53048  36.015  -26.258  27.216 0.4444440007
52319  34.378  -26.291  26.643 0.5555559993
52320  33.375  -26.216  26.374 0.5555559993
52321  32.510  -26.503  26.298 0.5555559993
53046  37.006  -25.170  27.453 0.2222220004
53857  37.326  -24.268  27.532 0.3333329856
116109  36.245  -25.029  26.953 0.4444440007
53066  33.227  -25.342  25.992 0.5555559993
53874  36.077  -24.338  26.737 0.4444440007
54724  37.486  -23.527  27.632 0.2222220004
54725  36.997  -23.580  27.224 0.2222220004
55645  36.985  -22.411  26.801 0.4444440007
56555  37.543  -21.884  26.928 0.4444440007
55646  36.483  -22.682  26.460 0.4444440007
110115  37.596  -21.561  26.165 0.3333329856
56564  38.177  -21.335  26.503 0.2222220004
56563  39.565  -20.854  26.358 0.1111110002
56576  38.061  -21.261  25.677 0.2222220004
57416  40.880  -20.222  26.033 0.1111110002
57417  40.177  -20.492  25.744 0.2222220004
58294  41.203  -19.596  25.695 0.1111110002
58302  40.845  -19.148  25.064 0.1111110002
59924  42.449  -17.494  25.469 0.1111110002
59927  34.142  -17.241  25.323 0.4444440007
60773  34.742  -16.795  24.843 0.3333329856
60790  35.894  -16.013  24.002 0.2222220004
30963  -1.265  -51.986  52.628 0.2222220004
49774  32.401  -29.852  28.153 0.5555559993
29203  -2.490  -53.015  51.034 0.1111110002
29205  -2.760  -53.263  50.442 0.1111110002
38752  8.883  -41.713  46.851 0.1111110002
111065  9.971  -40.722  47.913 0.1111110002
41266  20.023  -40.104  42.971 0.3333329856
41202  10.961  -38.534  47.714 0.1111110002
51509  32.331  -27.234  26.548 0.5555559993
55636  36.805  -22.984  26.944 0.4444440007
107320  34.021  -25.526  26.316 0.5555559993
56565  36.918  -21.963  26.169 0.4444440007
57419  38.620  -20.938  25.135 0.2222220004
56575  38.792  -21.057  25.951 0.2222220004
57428  39.866  -20.180  25.011 0.1111110002
59918  33.483  -17.588  25.814 0.4444440007
58295  40.592  -19.934  25.317 0.1111110002
59925  41.824  -17.983  25.082 0.1111110002
61650  37.036  -15.192  23.570 0.2222220004
53067  32.568  -25.785  26.025 0.5555559993
53065  34.898  -25.575  26.566 0.5555559993
53064  35.724  -25.629  26.880 0.5555559993
108840  0.448  -46.954  51.545 0.1111110002
41165  11.479  -38.904  49.478 0.1111110002
39495  10.641  -40.446  49.057 0.1111110002
49772  34.239  -29.515  28.353 0.3333329856
50626  34.026  -28.852  27.852 0.4444440007
49773  33.350  -29.539  28.124 0.3333329856
48928  33.026  -30.405  28.655 0.4444440007
50625  34.897  -28.653  27.988 0.3333329856
50635  35.162  -27.761  27.533 0.3333329856
108191  33.847  -27.751  27.138 0.5555559993
50637  33.555  -28.278  27.372 0.5555559993
52293  37.322  -26.636  27.958 0.2222220004
53036  37.733  -25.772  27.932 0.2222220004
52303  36.527  -26.736  27.592 0.2222220004
52318  35.260  -26.291  26.918 0.5555559993
52305  34.796  -26.992  27.043 0.3333329856
51508  33.864  -27.088  26.778 0.5555559993
53838  37.700  -24.874  27.809 0.2222220004
55635  37.308  -22.766  27.351 0.2222220004
123979  38.826  -21.111  26.701 0.1111110002
35267  16.857  -46.530  50.600 0.1111110002
40397  21.809  -41.251  44.751 0.1111110002
40398  21.057  -40.839  44.712 0.1111110002
41214  20.352  -39.997  46.476 0.1111110002
39432  17.519  -42.123  52.846 0.1111110002
119409  20.724  -40.700  43.946 0.1111110002
40399  20.224  -40.294  44.717 0.2222220004
42060  18.865  -39.311  45.802 0.2222220004
42044  18.248  -39.034  47.229 0.1111110002
107187  18.178  -39.170  48.872 0.1111110002
41146  17.564  -39.784  50.112 0.1111110002
40304  17.113  -40.552  51.195 0.1111110002
41251  20.045  -40.188  43.776 0.2222220004
41238  19.382  -39.769  44.334 0.2222220004
42080  18.124  -39.050  45.260 0.2222220004
41199  17.514  -39.134  47.635 0.1111110002
42079  18.775  -39.323  44.882 0.2222220004
36093  16.535  -45.787  52.480 0.1111110002
36092  16.993  -45.185  52.298 0.1111110002
36990  17.083  -44.325  52.525 0.1111110002
115792  16.931  -42.043  52.711 0.1111110002
40344  16.504  -40.351  48.772 0.1111110002
39465  16.574  -41.061  50.538 0.1111110002
109547  17.436  -38.987  46.541 0.1111110002
41200  16.809  -39.387  47.254 0.1111110002
40356  16.398  -39.957  47.894 0.1111110002
41216  16.546  -39.291  46.413 0.1111110002
36991  15.826  -44.538  52.506 0.1111110002
36980  16.238  -45.034  52.692 0.1111110002
36083  16.339  -45.532  52.630 0.1111110002
37804  16.547  -44.155  52.720 0.1111110002
36978  16.899  -44.062  52.715 0.1111110002
37814  16.589  -43.358  52.761 0.1111110002
38663  16.561  -42.681  52.537 0.1111110002
38682  16.075  -42.343  51.203 0.1111110002
39450  16.402  -41.709  51.102 0.1111110002
39482  16.281  -41.310  49.737 0.1111110002
37826  15.625  -43.846  51.850 0.1111110002
124772  15.787  -43.052  51.467 0.1111110002
38700  15.753  -42.827  50.475 0.1111110002
38710  15.705  -42.600  49.535 0.1111110002
39466  16.072  -41.936  50.257 0.1111110002
117380  15.858  -41.553  48.629 0.1111110002
40345  15.991  -40.885  48.192 0.1111110002
43027  23.635  -37.104  40.360 0.2222220004
110348  27.332  -34.908  42.457 0.1111110002
43945  27.306  -35.450  41.805 0.1111110002
49751  34.919  -30.207  29.738 0.2222220004
124505  34.344  -30.421  29.457 0.2222220004
49759  34.647  -29.916  28.986 0.2222220004
52294  36.994  -27.401  28.105 0.1111110002
50623  36.654  -28.180  28.414 0.1111110002
50611  36.217  -28.913  28.877 0.2222220004
47875  25.544  -31.439  41.344 0.1111110002
48751  24.787  -30.676  41.334 0.2222220004
49648  24.146  -29.623  40.666 0.2222220004
50531  24.292  -27.916  38.802 0.2222220004
42081  17.446  -38.898  45.620 0.2222220004
42062  16.874  -38.930  45.895 0.1111110002
114956  32.813  -30.932  29.180 0.2222220004
49760  33.843  -30.259  28.865 0.2222220004
44875  27.222  -34.936  43.177 0.1111110002
43928  27.047  -35.432  42.603 0.1111110002
40416  20.516  -40.537  43.287 0.2222220004
40357  15.917  -40.542  47.359 0.1111110002
41201  16.194  -39.845  46.958 0.1111110002
108326  21.504  -41.075  44.006 0.1111110002
40385  20.727  -40.575  45.340 0.1111110002
41215  19.609  -39.694  46.202 0.1111110002
41227  20.214  -40.107  45.673 0.2222220004
41198  19.882  -39.649  47.053 0.1111110002
38646  17.429  -42.707  52.787 0.1111110002
126692  16.994  -41.486  52.368 0.1111110002
41228  19.491  -39.743  45.271 0.2222220004
42061  18.268  -39.082  46.265 0.1111110002
42032  18.921  -39.108  47.876 0.1111110002
42033  18.214  -39.072  48.153 0.1111110002
41164  17.795  -39.446  49.412 0.1111110002
41181  17.484  -39.385  48.572 0.1111110002
41147  17.025  -39.870  49.356 0.1111110002
40316  17.015  -40.284  50.279 0.1111110002
39449  16.775  -41.236  51.594 0.1111110002
40293  17.324  -40.849  52.130 0.1111110002
127949  17.833  -38.983  45.923 0.1111110002
107178  16.956  -39.445  48.001 0.1111110002
36979  16.666  -44.861  52.586 0.1111110002
35252  16.782  -46.155  52.114 0.1111110002
37006  17.390  -44.577  51.985 0.1111110002
127644  17.166  -45.451  51.894 0.1111110002
37802  17.224  -43.535  52.694 0.1111110002
37803  16.967  -43.441  52.866 0.1111110002
38681  16.520  -42.001  51.984 0.1111110002
38647  16.998  -42.734  52.933 0.1111110002
41182  16.839  -39.755  48.531 0.1111110002
40330  16.593  -40.652  49.615 0.1111110002
126073  16.119  -43.792  52.581 0.1111110002
38664  16.053  -43.196  52.345 0.1111110002
126882  16.150  -42.639  51.967 0.1111110002
40331  16.162  -41.074  49.046 0.1111110002
37839  15.474  -43.614  50.748 0.1111110002
39483  15.924  -41.793  49.298 0.1111110002
38724  15.584  -42.329  48.607 0.1111110002
47904  31.699  -31.170  39.654 0.1111110002
48759  31.389  -30.668  39.249 0.1111110002
49656  31.137  -30.238  38.838 0.1111110002
49677  31.118  -29.860  37.744 0.2222220004
57388  34.103  -20.609  29.938 0.1111110002
60781  35.363  -16.394  24.371 0.2222220004
62464  37.872  -14.737  23.984 0.1111110002
63317  39.591  -13.467  22.153 0.2222220004
124507  40.243  -12.916  22.113 0.2222220004
64133  40.875  -12.679  21.731 0.2222220004
123297  40.238  -13.337  21.205 0.2222220004
63336  41.144  -13.064  20.801 0.3333329856
64132  41.656  -12.482  21.439 0.2222220004
64145  41.944  -12.782  20.567 0.2222220004
63335  42.334  -13.120  19.776 0.2222220004
64131  42.358  -12.289  21.188 0.1111110002
64130  42.992  -12.035  20.886 0.1111110002
63334  43.015  -12.860  19.614 0.2222220004
64172  52.733  -11.962  15.770 0.2222220004
64891  43.678  -10.913  21.807 0.1111110002
63343  43.637  -12.644  19.313 0.2222220004
120294  52.016  -12.887  14.150 0.2222220004
110735  52.861  -12.153  14.916 0.2222220004
64181  52.719  -12.254  13.582 0.3333329856
64182  51.500  -12.473  13.291 0.3333329856
64945  52.046  -11.961  12.585 0.3333329856
64913  44.171  -11.299  20.265 0.1111110002
64176  50.896  -13.054  13.966 0.3333329856
116463  52.817  -11.831  12.668 0.2222220004
64150  44.404  -11.537  19.430 0.3333329856
64946  50.949  -11.805  12.747 0.3333329856
64947  50.025  -11.305  13.144 0.3333329856
64953  51.491  -11.255  12.142 0.2222220004
118427  50.531  -10.950  12.570 0.2222220004
65726  50.920  -10.350  12.082 0.1111110002
66465  49.840  -9.268  12.899 0.1111110002
65715  50.025  -10.102  12.780 0.1111110002
67218  50.609  -8.621  12.171 0.1111110002
66476  50.417  -9.444  12.357 0.1111110002
67217  51.473  -8.851  11.501 0.1111110002
68033  52.418  -8.247  10.710 0.1111110002
67226  52.236  -8.901  11.007 0.1111110002
66475  51.228  -9.601  11.745 0.1111110002
68027  50.499  -7.669  12.409 0.1111110002
119092  50.035  -8.760  12.731 0.1111110002
68035  50.951  -7.337  11.730 0.1111110002
68026  51.003  -8.121  11.772 0.1111110002
68034  51.699  -8.056  11.214 0.1111110002
111562  42.810  -13.492  19.328 0.3333329856
64142  43.876  -11.947  19.771 0.3333329856
63316  39.996  -12.865  22.897 0.2222220004
64122  41.386  -12.192  22.299 0.2222220004
64144  42.648  -12.524  20.342 0.2222220004
64143  43.294  -12.263  20.074 0.2222220004
64905  43.318  -11.520  21.370 0.1111110002
64914  43.596  -11.727  20.577 0.1111110002
31848  0.611  -51.132  54.499 0.1111110002
30958  0.504  -51.641  54.752 0.1111110002
31858  0.364  -51.260  53.767 0.1111110002
107638  0.920  -51.210  53.239 0.1111110002
31868  0.142  -51.368  53.076 0.1111110002
30960  0.207  -51.663  54.143 0.1111110002
30079  -0.152  -52.136  53.829 0.1111110002
29192  0.097  -52.744  53.940 0.1111110002
30080  -0.345  -52.622  53.346 0.1111110002
31859  -0.042  -51.502  53.437 0.1111110002
30084  -1.005  -52.562  52.831 0.1111110002
30968  -0.549  -51.609  52.784 0.1111110002
30086  -1.657  -52.481  52.158 0.1111110002
47860  26.738  -31.983  43.097 0.1111110002
51372  26.321  -26.835  36.768 0.1111110002
52181  27.562  -26.604  37.338 0.1111110002
52182  27.056  -26.753  36.865 0.1111110002
51360  25.633  -26.957  37.401 0.1111110002
51387  26.164  -26.841  35.989 0.1111110002
52241  29.022  -26.229  32.700 0.1111110002
112253  27.427  -26.527  34.130 0.1111110002
59907  34.456  -17.654  27.122 0.1111110002
59917  34.298  -17.407  26.258 0.1111110002
59916  35.091  -17.238  26.670 0.1111110002
59926  34.911  -16.972  25.786 0.1111110002
60763  35.698  -16.750  26.226 0.1111110002
64174  53.344  -12.317  14.483 0.1111110002
117080  53.758  -12.618  14.043 0.1111110002
121110  53.256  -12.226  13.693 0.1111110002
47859  27.040  -32.068  43.443 0.1111110002
47861  26.525  -31.911  42.581 0.1111110002
51373  25.452  -26.963  36.569 0.1111110002
107185  28.034  -26.194  32.809 0.1111110002
64175  53.111  -12.244  14.216 0.1111110002
30957  0.796  -51.279  55.110 0.1111110002
31842  0.570  -51.356  54.623 0.1111110002
30076  0.206  -52.190  54.422 0.1111110002
31849  0.297  -51.411  54.038 0.1111110002
31850  -0.111  -51.700  53.687 0.1111110002
30083  -0.632  -52.058  53.273 0.1111110002
30962  -0.553  -51.695  53.095 0.1111110002
52191  26.965  -26.810  36.180 0.1111110002
52190  27.785  -26.605  36.450 0.1111110002
51358  27.398  -26.667  38.086 0.1111110002
52201  26.806  -26.749  35.429 0.1111110002
127010  53.134  -12.096  15.064 0.1111110002
108108  54.029  -12.501  13.116 0.1111110002
32811  -4.596  -49.713  49.104 0.1111110002
125029  -1.813  -47.243  50.893 0.1111110002
33674  -2.248  -47.293  50.553 0.1111110002
33675  -2.931  -47.260  50.041 0.1111110002
111648  -2.245  -47.775  50.457 0.1111110002
49639  24.679  -29.759  41.686 0.1111110002
50496  24.922  -28.844  41.904 0.1111110002
48743  25.142  -30.637  41.987 0.1111110002
50510  24.607  -28.952  41.078 0.1111110002
49750  35.608  -29.941  30.323 0.1111110002
111992  24.857  -28.168  40.522 0.1111110002
49749  36.471  -29.590  30.655 0.1111110002
50602  36.977  -29.034  29.976 0.1111110002
128125  36.611  -28.970  29.413 0.1111110002
49647  24.428  -29.853  41.195 0.1111110002
50511  24.241  -28.743  40.260 0.1111110002
50610  36.946  -28.577  29.160 0.1111110002
55634  37.786  -22.202  27.672 0.1111110002
63413  49.455  -13.841  10.927 0.1111110002
63432  49.990  -13.374  10.530 0.1111110002
63433  49.392  -13.053  10.666 0.1111110002
64949  53.837  -11.908  11.764 0.1111110002
64950  53.405  -11.733  12.083 0.1111110002
64223  53.615  -12.323  10.209 0.1111110002
64969  53.610  -11.385  11.280 0.1111110002
65723  53.231  -11.144  11.508 0.1111110002
64234  53.171  -12.282  9.939 0.1111110002
63444  51.890  -12.960  10.131 0.1111110002
63431  50.875  -13.371  10.344 0.1111110002
63414  48.708  -13.372  11.144 0.1111110002
62596  48.033  -13.587  11.659 0.1111110002
63443  52.825  -12.955  10.118 0.1111110002
64236  51.603  -12.144  9.861 0.1111110002
64224  51.072  -12.615  10.132 0.1111110002
113626  50.250  -12.682  10.324 0.1111110002
64943  53.319  -12.036  12.933 0.1111110002
64951  53.099  -11.648  12.275 0.1111110002
64222  53.821  -12.012  10.504 0.1111110002
64987  53.732  -11.229  10.402 0.1111110002
65724  52.816  -10.945  11.565 0.1111110002
64952  52.470  -11.436  12.027 0.1111110002
63396  47.213  -13.716  12.209 0.1111110002
65740  53.494  -10.680  10.763 0.1111110002
65741  53.073  -10.399  11.056 0.1111110002
64235  52.463  -12.249  9.830 0.1111110002
64237  50.820  -12.075  10.058 0.1111110002
64994  53.389  -11.573  9.758 0.1111110002
64996  52.201  -11.524  9.495 0.1111110002
64233  53.661  -11.606  10.048 0.1111110002
115512  53.574  -10.915  9.665 0.1111110002
65758  53.620  -10.339  9.901 0.1111110002
63442  53.350  -12.879  10.244 0.1111110002
63430  52.529  -13.726  10.299 0.1111110002
111616  48.172  -12.977  11.354 0.1111110002
64995  52.915  -11.674  9.594 0.1111110002
65725  51.963  -10.548  11.625 0.1111110002
65742  52.595  -10.239  11.279 0.1111110002
29216  -3.561  -53.471  48.928 0.2222220004
37054  13.819  -44.783  47.233 0.1111110002
40370  20.842  -40.450  46.050 0.1111110002
42122  29.003  -39.002  42.132 0.1111110002
44874  27.381  -34.374  42.888 0.1111110002
45683  27.058  -33.975  41.342 0.2222220004
48062  29.774  -31.836  30.272 0.8888890147
48898  34.375  -30.644  30.108 0.3333329856
48909  33.329  -30.770  29.221 0.3333329856
48911  31.251  -31.640  29.815 0.6666669846
107434  26.681  -36.718  40.984 0.2222220004
119500  -0.198  -51.842  53.624 0.1111110002
119914  13.037  -38.152  39.940 0.7777780294
120805  25.513  -37.481  40.537 0.2222220004
124933  34.916  -29.346  28.447 0.3333329856
126495  23.118  -37.187  39.305 0.4444440007
127747  27.350  -34.112  42.342 0.2222220004
