#!ascii label  , from subject sub-v1s12x0050113_ses-1 vox2ras=TkReg
836
74130  36.775  0.803  19.711 0.0000000000
77068  38.381  4.686  9.912 0.0000000000
79201  45.085  8.280  10.539 0.0000000000
117991  40.801  -0.793  3.213 0.0000000000
73471  34.300  0.066  14.208 0.0000000000
76305  48.656  4.286  15.332 0.0000000000
117205  42.559  1.693  6.006 0.0000000000
80590  35.431  9.827  9.547 0.0000000000
75587  42.966  2.846  15.038 0.0000000000
76312  37.295  3.744  15.487 0.0000000000
73493  37.640  -0.338  11.163 0.0000000000
79161  40.111  7.156  13.328 0.0000000000
111486  39.309  8.684  6.549 0.0000000000
108164  43.327  6.856  9.320 0.0000000000
77851  42.815  6.509  3.734 0.0000000000
80557  36.352  9.733  12.151 0.0000000000
75550  39.526  2.596  17.312 0.0000000000
115955  36.806  2.922  17.476 0.0000000000
73475  35.842  -0.332  12.736 0.0000000000
78485  44.763  6.336  14.050 0.0000000000
78477  42.334  6.159  15.107 0.0000000000
79191  42.335  7.664  11.686 0.0000000000
80572  39.983  9.046  9.894 0.0000000000
80585  41.775  9.439  8.209 0.0000000000
77780  40.445  5.362  12.219 0.0000000000
77777  43.551  5.030  11.952 0.0000000000
78533  40.650  6.345  10.181 0.0000000000
74216  42.288  0.273  3.559 0.0000000000
76391  43.365  3.670  4.776 0.0000000000
74891  41.633  1.798  3.437 0.0000000000
76399  40.279  3.875  4.365 0.0000000000
74206  40.123  0.583  5.076 0.0000000000
72812  38.670  -1.003  7.474 0.0000000000
123373  33.464  1.219  19.783 0.0000000000
75555  34.285  2.986  17.515 0.0000000000
78494  47.661  6.179  12.660 0.0000000000
74187  39.946  1.150  8.794 0.0000000000
76371  39.930  3.619  7.918 0.0000000000
73523  41.621  -0.336  7.312 0.0000000000
72830  41.889  -1.347  4.747 0.0000000000
75520  45.010  2.869  18.649 0.0000000000
75533  41.803  3.142  18.390 0.0000000000
76324  40.110  3.468  14.970 0.0000000000
126389  37.869  5.011  12.052 0.0000000000
75588  34.788  2.964  14.006 0.0000000000
75594  36.013  2.992  12.010 0.0000000000
75607  37.520  2.258  10.293 0.0000000000
72798  39.983  -1.281  9.685 0.0000000000
73445  33.112  -1.171  21.382 0.0000000000
78470  40.306  6.150  16.423 0.0000000000
116130  37.517  7.478  14.170 0.0000000000
80565  38.223  9.294  10.914 0.0000000000
80613  37.613  9.511  7.917 0.0000000000
78571  36.808  5.871  7.264 0.0000000000
120956  45.140  2.817  14.628 0.0000000000
77052  46.787  5.067  11.357 0.0000000000
78539  46.898  7.452  9.397 0.0000000000
77826  41.434  5.853  6.704 0.0000000000
79231  43.748  7.579  6.497 0.0000000000
80606  44.501  9.275  6.354 0.0000000000
127459  41.066  7.685  4.620 0.0000000000
77092  38.386  4.232  5.982 0.0000000000
80549  35.354  9.457  13.403 0.0000000000
79831  35.847  8.692  13.773 0.0000000000
74800  38.088  1.640  18.856 0.0000000000
74801  37.258  1.697  18.752 0.0000000000
79172  45.299  7.354  11.864 0.0000000000
78513  43.437  7.018  12.882 0.0000000000
124878  43.851  8.006  11.024 0.0000000000
79859  42.562  8.509  10.346 0.0000000000
126547  43.495  9.088  8.939 0.0000000000
117073  39.290  5.723  10.857 0.0000000000
116147  40.781  5.693  11.521 0.0000000000
77808  39.276  5.741  10.133 0.0000000000
123633  40.938  -0.519  2.906 0.0000000000
112380  42.019  1.669  3.310 0.0000000000
74217  41.320  0.442  3.291 0.0000000000
117800  40.763  1.348  4.100 0.0000000000
73546  40.464  -0.226  4.358 0.0000000000
72832  39.641  -1.175  6.177 0.0000000000
72117  39.930  -2.243  4.336 0.0000000000
74806  32.402  1.668  18.376 0.0000000000
126145  47.071  5.725  14.831 0.0000000000
77764  48.356  5.210  14.108 0.0000000000
73519  41.040  -0.641  8.448 0.0000000000
74185  41.168  0.053  8.249 0.0000000000
112202  41.355  -0.996  7.896 0.0000000000
72108  41.602  -2.011  5.437 0.0000000000
71305  41.602  -2.901  3.237 0.0000000000
72120  41.551  -2.234  3.046 0.0000000000
75569  38.789  2.781  16.771 0.0000000000
75568  39.632  2.780  16.526 0.0000000000
76325  38.678  3.917  14.734 0.0000000000
77014  39.125  4.262  14.137 0.0000000000
77027  37.703  4.614  13.327 0.0000000000
75583  33.573  2.445  15.807 0.0000000000
75582  34.226  2.994  15.586 0.0000000000
75589  34.369  2.364  14.358 0.0000000000
73481  37.066  -0.650  11.756 0.0000000000
74824  35.688  1.630  12.118 0.0000000000
74832  36.819  1.503  11.032 0.0000000000
116005  36.996  2.157  10.727 0.0000000000
74173  37.955  0.847  10.391 0.0000000000
74171  39.298  -0.032  9.858 0.0000000000
73504  38.982  -0.710  10.419 0.0000000000
70428  40.190  -4.253  9.763 0.0000000000
114694  40.978  6.594  14.252 0.0000000000
119213  40.794  6.165  15.658 0.0000000000
107177  39.757  6.600  14.691 0.0000000000
78480  39.272  6.525  15.271 0.0000000000
79148  39.275  7.160  13.664 0.0000000000
79838  37.616  8.646  12.253 0.0000000000
79837  39.099  8.123  12.041 0.0000000000
80611  39.452  9.668  7.497 0.0000000000
106366  38.830  10.073  8.654 0.0000000000
79886  38.226  9.162  7.430 0.0000000000
78561  36.869  6.788  7.525 0.0000000000
79242  38.199  7.461  6.789 0.0000000000
75564  43.665  2.539  16.403 0.0000000000
75546  44.957  2.658  17.154 0.0000000000
115804  44.254  2.673  15.063 0.0000000000
77804  43.586  5.874  10.779 0.0000000000
77054  44.766  4.808  11.707 0.0000000000
77803  44.762  5.694  10.539 0.0000000000
77801  47.117  6.203  10.438 0.0000000000
78541  44.718  6.838  9.239 0.0000000000
75628  41.743  2.365  6.808 0.0000000000
77082  40.969  4.114  6.992 0.0000000000
76385  41.746  3.955  6.408 0.0000000000
77858  43.008  5.067  3.733 0.0000000000
78575  43.663  6.244  4.848 0.0000000000
78574  44.062  6.816  4.267 0.0000000000
79238  44.851  8.464  6.426 0.0000000000
79907  43.551  8.067  4.500 0.0000000000
79901  42.544  8.767  4.971 0.0000000000
111465  41.598  6.919  3.913 0.0000000000
75643  39.418  2.604  5.452 0.0000000000
77099  39.677  4.295  4.878 0.0000000000
75644  38.828  2.504  5.965 0.0000000000
76387  37.709  3.117  6.534 0.0000000000
75543  48.548  3.245  17.586 0.0000000000
81352  35.253  10.648  11.884 0.0000000000
121559  36.128  10.646  10.936 0.0000000000
116454  40.050  2.785  19.445 0.0000000000
122038  39.414  2.240  19.467 0.0000000000
75551  38.681  2.505  17.545 0.0000000000
76300  36.861  3.508  16.220 0.0000000000
74153  34.643  0.498  13.668 0.0000000000
78476  43.198  6.178  14.887 0.0000000000
78498  42.263  6.962  13.056 0.0000000000
79192  41.401  7.743  11.719 0.0000000000
106338  39.724  8.306  11.412 0.0000000000
79860  41.482  8.463  10.552 0.0000000000
80598  40.888  9.544  8.209 0.0000000000
80610  40.395  9.601  7.037 0.0000000000
76334  41.978  3.974  13.945 0.0000000000
76333  42.790  3.772  13.778 0.0000000000
125568  42.185  4.968  12.479 0.0000000000
77794  41.807  5.659  11.528 0.0000000000
78542  42.008  6.843  9.382 0.0000000000
112631  42.691  1.029  4.806 0.0000000000
116771  42.924  3.015  5.630 0.0000000000
74875  43.120  2.344  4.752 0.0000000000
76403  42.769  3.684  3.634 0.0000000000
77111  41.930  4.539  3.198 0.0000000000
77861  41.312  5.479  3.553 0.0000000000
76398  40.877  3.414  3.810 0.0000000000
74885  40.332  1.866  4.634 0.0000000000
122701  39.338  0.394  6.052 0.0000000000
72087  39.045  -1.163  7.413 0.0000000000
74132  35.066  1.022  20.006 0.0000000000
74803  35.561  2.058  18.902 0.0000000000
74804  34.137  2.173  18.875 0.0000000000
75557  32.841  2.163  17.109 0.0000000000
74146  33.172  0.765  15.334 0.0000000000
107907  45.817  5.803  15.051 0.0000000000
78484  46.119  6.306  13.700 0.0000000000
79171  46.737  7.260  11.392 0.0000000000
75614  38.915  3.023  8.874 0.0000000000
76363  39.196  3.975  8.575 0.0000000000
74853  40.208  1.877  8.280 0.0000000000
74861  40.978  1.632  7.737 0.0000000000
74193  41.951  0.834  6.825 0.0000000000
119014  41.582  -1.046  7.020 0.0000000000
73531  41.829  -0.447  6.429 0.0000000000
74205  42.481  0.517  5.329 0.0000000000
73545  42.333  -0.267  3.826 0.0000000000
72851  41.825  -1.035  3.251 0.0000000000
72121  40.740  -2.418  2.537 0.0000000000
72122  40.182  -2.627  3.372 0.0000000000
76289  43.199  3.238  18.692 0.0000000000
75565  42.438  2.661  17.092 0.0000000000
106911  40.935  2.992  18.203 0.0000000000
75566  41.052  2.663  16.706 0.0000000000
76308  41.417  3.147  15.195 0.0000000000
77024  40.599  4.501  13.524 0.0000000000
77042  39.077  5.044  12.834 0.0000000000
77797  38.143  5.121  11.379 0.0000000000
75554  35.209  3.117  17.717 0.0000000000
126473  36.070  3.589  16.122 0.0000000000
117992  35.902  3.796  14.873 0.0000000000
74821  34.745  1.781  13.384 0.0000000000
76337  35.465  3.401  13.643 0.0000000000
76336  36.170  3.932  13.217 0.0000000000
77056  36.835  4.154  11.923 0.0000000000
76349  37.167  3.960  11.161 0.0000000000
76356  37.951  3.893  9.947 0.0000000000
74845  38.674  1.513  9.596 0.0000000000
73511  40.078  -0.486  9.493 0.0000000000
72797  40.485  -1.522  9.238 0.0000000000
113893  39.590  -1.927  10.220 0.0000000000
72061  40.210  -2.657  9.504 0.0000000000
74126  34.730  0.344  20.491 0.0000000000
74127  32.746  0.307  20.377 0.0000000000
73452  31.692  -0.495  20.652 0.0000000000
107447  40.710  6.262  17.961 0.0000000000
78465  39.242  6.576  17.538 0.0000000000
79839  36.843  8.938  12.591 0.0000000000
80556  37.114  9.368  11.756 0.0000000000
81366  37.146  10.412  9.985 0.0000000000
80573  39.084  9.399  9.977 0.0000000000
81374  37.644  10.306  9.307 0.0000000000
115392  36.408  9.548  8.673 0.0000000000
76306  47.725  3.536  15.231 0.0000000000
76331  44.560  3.413  13.628 0.0000000000
76330  46.313  3.549  13.508 0.0000000000
125105  47.795  4.667  13.117 0.0000000000
77776  47.746  5.802  11.808 0.0000000000
78521  47.515  7.129  10.940 0.0000000000
79856  46.964  8.324  9.545 0.0000000000
77075  39.699  5.535  8.497 0.0000000000
78551  40.677  6.616  8.387 0.0000000000
119996  41.566  7.085  7.713 0.0000000000
77091  42.041  5.082  6.056 0.0000000000
78568  42.174  6.599  6.444 0.0000000000
79221  43.862  7.695  7.473 0.0000000000
79220  45.188  8.016  7.642 0.0000000000
79228  46.165  8.875  8.082 0.0000000000
79881  45.397  9.276  7.933 0.0000000000
111189  43.342  9.491  7.575 0.0000000000
80620  41.721  9.427  6.030 0.0000000000
124969  40.036  8.117  5.610 0.0000000000
77852  40.634  5.408  4.088 0.0000000000
77843  39.493  5.779  5.252 0.0000000000
78578  39.013  6.456  5.786 0.0000000000
126422  37.908  5.148  6.365 0.0000000000
72110  36.568  -2.061  5.306 0.0000000000
79821  35.663  8.195  14.685 0.0000000000
79152  36.293  7.714  14.814 0.0000000000
74123  37.301  0.429  20.487 0.0000000000
74792  37.574  1.094  19.490 0.0000000000
74793  36.861  1.338  19.164 0.0000000000
79189  44.508  7.726  11.400 0.0000000000
79858  43.758  8.428  10.436 0.0000000000
106504  44.845  8.731  9.665 0.0000000000
77809  38.598  5.289  10.565 0.0000000000
77814  38.837  5.280  9.806 0.0000000000
73559  41.086  -0.965  2.829 0.0000000000
74223  41.482  0.009  3.156 0.0000000000
73554  40.929  -0.023  3.272 0.0000000000
74211  40.768  0.614  3.910 0.0000000000
72843  40.386  -1.270  4.069 0.0000000000
72844  39.908  -1.474  5.154 0.0000000000
77006  48.980  4.136  16.843 0.0000000000
77010  48.691  4.636  15.431 0.0000000000
77756  48.519  5.105  14.821 0.0000000000
77012  48.587  4.767  14.555 0.0000000000
72805  40.892  -1.428  8.618 0.0000000000
72804  41.204  -1.693  8.063 0.0000000000
107566  41.578  -3.730  3.453 0.0000000000
70474  41.637  -4.345  2.685 0.0000000000
111921  41.538  -3.483  2.588 0.0000000000
121370  35.562  8.469  8.683 0.0000000000
76311  38.297  3.567  15.435 0.0000000000
76298  38.937  3.111  16.035 0.0000000000
77015  38.158  4.399  14.079 0.0000000000
76326  37.716  4.090  14.756 0.0000000000
74819  33.422  1.594  15.297 0.0000000000
75590  33.965  2.381  15.050 0.0000000000
74149  34.256  0.964  14.137 0.0000000000
74165  36.625  0.783  11.428 0.0000000000
74164  37.385  0.605  10.899 0.0000000000
122765  38.316  0.010  10.495 0.0000000000
73492  38.339  -0.862  10.941 0.0000000000
79160  40.821  7.060  13.226 0.0000000000
78488  40.358  6.584  14.492 0.0000000000
79178  39.435  7.583  12.793 0.0000000000
80623  38.995  9.265  7.132 0.0000000000
80612  38.511  9.694  7.709 0.0000000000
79895  38.444  8.461  7.016 0.0000000000
128313  37.921  7.931  7.202 0.0000000000
75577  43.412  2.610  15.557 0.0000000000
106947  44.125  2.564  15.775 0.0000000000
75586  43.656  2.873  14.725 0.0000000000
78530  44.069  6.310  10.059 0.0000000000
78529  45.371  6.236  9.819 0.0000000000
76376  41.363  3.170  6.916 0.0000000000
118931  41.942  3.029  6.481 0.0000000000
77850  43.428  6.154  3.921 0.0000000000
78583  43.496  7.030  3.934 0.0000000000
79255  43.917  7.565  4.333 0.0000000000
79256  43.161  7.674  4.253 0.0000000000
79257  42.458  7.872  4.294 0.0000000000
78584  42.490  7.194  3.900 0.0000000000
74879  39.243  1.895  5.768 0.0000000000
118930  39.057  3.143  5.643 0.0000000000
74870  38.683  1.657  6.303 0.0000000000
75637  38.186  2.375  6.390 0.0000000000
80558  35.486  10.098  12.530 0.0000000000
80566  35.885  10.452  11.673 0.0000000000
81360  35.443  10.734  11.261 0.0000000000
75514  39.578  2.227  20.205 0.0000000000
74790  39.013  1.685  19.868 0.0000000000
75536  37.656  2.101  18.329 0.0000000000
75535  38.457  2.193  18.273 0.0000000000
75552  37.656  2.553  17.664 0.0000000000
125128  38.044  2.824  17.039 0.0000000000
75570  37.258  3.121  16.956 0.0000000000
77766  44.738  6.012  14.835 0.0000000000
116782  43.841  5.902  15.298 0.0000000000
124826  43.983  6.147  14.648 0.0000000000
79174  42.815  7.370  12.327 0.0000000000
106986  43.011  6.664  13.599 0.0000000000
79175  41.785  7.400  12.382 0.0000000000
79847  41.181  8.166  11.168 0.0000000000
79846  41.959  8.062  11.085 0.0000000000
122239  42.598  8.871  9.410 0.0000000000
116356  41.584  9.164  9.060 0.0000000000
80597  41.569  9.585  7.477 0.0000000000
111549  41.507  4.418  13.441 0.0000000000
77040  41.910  4.730  12.829 0.0000000000
111625  41.021  4.893  12.878 0.0000000000
77806  41.128  6.109  10.875 0.0000000000
77805  42.137  6.088  10.911 0.0000000000
78532  41.539  6.454  10.195 0.0000000000
117371  42.593  0.862  3.972 0.0000000000
74883  42.791  1.646  4.180 0.0000000000
106934  42.384  2.086  3.601 0.0000000000
75658  41.967  2.580  3.272 0.0000000000
76404  42.092  3.638  3.252 0.0000000000
114592  41.556  3.263  3.405 0.0000000000
76405  41.451  4.007  3.406 0.0000000000
75659  41.299  2.609  3.595 0.0000000000
74877  40.360  1.167  4.635 0.0000000000
74878  39.746  1.321  5.404 0.0000000000
73539  39.358  -0.415  6.540 0.0000000000
72109  39.631  -2.037  5.616 0.0000000000
72099  39.414  -1.685  6.725 0.0000000000
74788  34.196  1.130  19.964 0.0000000000
74795  34.551  1.630  19.463 0.0000000000
74796  33.746  1.674  19.348 0.0000000000
113826  32.363  1.702  17.440 0.0000000000
74814  32.605  1.620  16.596 0.0000000000
74816  32.811  1.204  15.838 0.0000000000
74147  32.737  0.335  15.712 0.0000000000
77769  47.319  6.062  13.478 0.0000000000
121464  46.675  5.954  14.257 0.0000000000
78495  46.810  6.551  12.883 0.0000000000
78511  46.109  6.975  12.350 0.0000000000
78510  47.314  6.651  11.899 0.0000000000
74854  39.456  2.100  8.767 0.0000000000
74194  41.574  0.330  7.510 0.0000000000
74852  41.179  0.761  7.971 0.0000000000
74860  41.589  1.116  7.336 0.0000000000
74200  41.901  0.212  6.740 0.0000000000
72098  41.468  -1.960  6.688 0.0000000000
115689  41.414  -2.801  6.005 0.0000000000
72819  41.718  -1.201  5.966 0.0000000000
73537  42.059  -0.627  5.351 0.0000000000
73530  42.187  0.045  5.857 0.0000000000
73536  42.359  -0.132  4.813 0.0000000000
72829  42.200  -0.788  4.230 0.0000000000
72128  41.298  -2.593  2.451 0.0000000000
72852  41.455  -1.498  3.003 0.0000000000
72129  41.076  -2.799  2.119 0.0000000000
72859  41.092  -1.829  2.678 0.0000000000
71306  40.798  -3.230  2.089 0.0000000000
76290  42.448  3.279  18.709 0.0000000000
75532  42.612  2.928  17.938 0.0000000000
108894  40.115  2.827  18.583 0.0000000000
75522  40.642  3.115  18.922 0.0000000000
75549  40.194  2.684  17.794 0.0000000000
125235  40.059  3.154  15.551 0.0000000000
75580  40.384  2.822  16.131 0.0000000000
76309  40.684  3.151  15.417 0.0000000000
75579  41.209  2.796  15.884 0.0000000000
76323  40.865  3.527  14.733 0.0000000000
77013  40.162  4.053  14.268 0.0000000000
77026  38.639  4.655  13.436 0.0000000000
77782  38.570  5.265  12.100 0.0000000000
75538  34.781  2.614  18.414 0.0000000000
75537  35.810  2.610  18.316 0.0000000000
120313  34.807  3.321  15.308 0.0000000000
76315  34.747  3.371  16.048 0.0000000000
76314  35.474  3.572  15.541 0.0000000000
76327  35.231  3.459  14.594 0.0000000000
73476  35.202  0.127  13.208 0.0000000000
74152  34.918  1.001  13.152 0.0000000000
74157  35.570  0.706  12.504 0.0000000000
118634  35.929  2.279  11.863 0.0000000000
75595  35.564  2.454  12.442 0.0000000000
76343  35.720  3.231  12.785 0.0000000000
77045  36.654  4.208  12.623 0.0000000000
76342  36.308  3.690  12.344 0.0000000000
75599  37.038  3.057  10.740 0.0000000000
76357  37.683  3.069  10.085 0.0000000000
127440  37.491  3.737  10.506 0.0000000000
75615  38.763  2.254  9.264 0.0000000000
125615  39.555  -0.769  9.963 0.0000000000
113016  40.602  -0.930  9.101 0.0000000000
71245  39.495  -3.134  10.595 0.0000000000
71253  40.341  -3.406  9.321 0.0000000000
73448  35.415  -0.570  21.087 0.0000000000
73444  33.992  -1.217  21.456 0.0000000000
73449  34.367  -0.442  20.982 0.0000000000
73450  33.408  -0.399  20.914 0.0000000000
73451  32.535  -0.443  20.838 0.0000000000
78463  41.053  5.992  17.178 0.0000000000
78460  40.260  6.552  18.257 0.0000000000
78464  40.087  6.325  17.517 0.0000000000
107305  39.654  6.729  18.185 0.0000000000
122214  39.565  6.326  16.895 0.0000000000
78490  38.499  6.720  15.020 0.0000000000
79164  37.076  7.920  13.781 0.0000000000
79849  37.891  9.023  11.494 0.0000000000
113814  37.445  9.829  10.753 0.0000000000
80575  36.711  10.359  10.592 0.0000000000
79862  39.470  8.809  10.665 0.0000000000
120098  38.077  10.053  8.178 0.0000000000
80600  38.181  10.206  8.677 0.0000000000
80601  37.418  10.140  8.665 0.0000000000
80602  36.615  10.014  8.921 0.0000000000
80614  36.853  9.548  8.420 0.0000000000
79882  36.286  8.986  8.460 0.0000000000
79888  36.887  8.720  8.030 0.0000000000
75562  45.576  2.733  16.272 0.0000000000
75545  46.035  2.713  17.145 0.0000000000
75575  46.182  2.952  15.159 0.0000000000
75561  47.092  3.007  16.270 0.0000000000
77022  43.368  4.150  13.152 0.0000000000
76332  43.677  3.597  13.666 0.0000000000
77038  44.048  4.486  12.440 0.0000000000
77053  45.932  4.745  11.436 0.0000000000
77020  45.621  3.828  12.933 0.0000000000
77036  46.535  4.521  11.975 0.0000000000
123003  47.258  4.020  13.447 0.0000000000
77019  46.862  4.205  12.806 0.0000000000
77035  47.601  5.007  12.297 0.0000000000
77051  47.293  5.223  11.647 0.0000000000
78520  47.543  6.917  10.781 0.0000000000
79207  47.238  7.987  9.643 0.0000000000
79186  47.270  7.647  10.253 0.0000000000
79217  46.885  8.444  9.122 0.0000000000
110762  39.268  4.949  8.691 0.0000000000
77076  39.674  4.652  8.123 0.0000000000
77827  40.732  5.158  7.178 0.0000000000
123583  40.130  5.384  7.823 0.0000000000
78560  40.779  6.209  7.551 0.0000000000
119690  41.442  6.996  8.654 0.0000000000
78559  41.555  6.666  7.057 0.0000000000
128215  43.196  3.336  5.279 0.0000000000
77090  42.410  4.182  5.848 0.0000000000
77098  42.874  4.816  5.373 0.0000000000
79249  44.004  6.928  5.079 0.0000000000
78567  42.949  6.454  5.686 0.0000000000
79240  43.214  7.054  6.010 0.0000000000
79222  42.660  7.468  7.343 0.0000000000
79230  44.887  8.133  6.740 0.0000000000
79892  44.529  8.783  5.887 0.0000000000
79229  45.515  8.733  7.346 0.0000000000
79885  45.160  9.054  6.740 0.0000000000
79880  46.364  8.890  8.395 0.0000000000
80595  45.061  9.366  7.040 0.0000000000
110026  44.478  9.459  7.431 0.0000000000
80607  44.017  9.543  6.819 0.0000000000
79250  41.259  8.208  4.824 0.0000000000
80629  42.351  9.182  5.456 0.0000000000
79902  41.608  8.891  5.262 0.0000000000
79893  40.790  9.166  5.905 0.0000000000
79903  40.697  8.526  5.417 0.0000000000
77105  40.850  4.284  3.762 0.0000000000
77106  40.368  4.652  4.255 0.0000000000
77100  39.029  4.837  5.417 0.0000000000
77844  38.778  5.559  5.737 0.0000000000
77836  38.204  5.783  6.295 0.0000000000
110002  38.324  5.005  6.033 0.0000000000
75638  37.510  2.349  6.772 0.0000000000
72821  38.298  -0.465  6.593 0.0000000000
72822  37.625  -1.691  6.237 0.0000000000
80548  36.111  9.269  13.004 0.0000000000
74791  38.370  1.345  19.578 0.0000000000
122000  36.800  2.441  18.152 0.0000000000
78512  44.689  7.037  12.680 0.0000000000
78497  44.117  6.670  13.420 0.0000000000
79173  43.953  7.345  12.150 0.0000000000
79190  43.337  7.647  11.611 0.0000000000
79845  42.918  8.032  11.043 0.0000000000
80584  42.702  9.266  8.471 0.0000000000
77795  39.825  5.663  11.491 0.0000000000
77807  40.059  6.081  10.722 0.0000000000
78544  39.925  6.218  9.755 0.0000000000
74222  41.924  0.145  3.224 0.0000000000
74889  42.246  1.041  3.482 0.0000000000
74890  41.765  0.836  3.288 0.0000000000
74884  41.000  1.911  3.862 0.0000000000
106624  41.263  1.146  3.554 0.0000000000
73538  39.884  -0.030  5.625 0.0000000000
72831  39.954  -0.688  5.416 0.0000000000
74133  32.833  0.993  19.843 0.0000000000
74797  32.953  1.539  19.221 0.0000000000
77749  47.563  5.232  16.019 0.0000000000
77757  47.887  5.414  15.142 0.0000000000
77765  47.828  5.570  14.240 0.0000000000
77768  48.005  5.627  13.348 0.0000000000
73510  40.631  -0.226  8.844 0.0000000000
74186  40.623  0.496  8.553 0.0000000000
73518  41.408  -0.303  7.933 0.0000000000
123586  41.527  -2.698  5.052 0.0000000000
71298  41.518  -3.140  4.292 0.0000000000
72115  41.692  -2.205  4.122 0.0000000000
72842  41.872  -1.454  3.630 0.0000000000
71312  41.360  -3.286  2.187 0.0000000000
76285  41.872  3.421  19.296 0.0000000000
75581  39.693  3.018  15.911 0.0000000000
76310  39.312  3.409  15.320 0.0000000000
120245  39.472  3.794  14.679 0.0000000000
75572  33.967  3.002  16.518 0.0000000000
73482  36.354  0.062  11.977 0.0000000000
74156  36.037  0.928  11.847 0.0000000000
74833  36.228  1.597  11.560 0.0000000000
75600  36.452  2.464  11.305 0.0000000000
74840  37.439  1.468  10.552 0.0000000000
74172  38.610  0.750  9.962 0.0000000000
71244  39.847  -3.429  10.030 0.0000000000
69628  40.581  -5.226  9.482 0.0000000000
78487  41.694  6.444  14.481 0.0000000000
78478  41.501  6.155  15.366 0.0000000000
111155  40.896  6.373  14.923 0.0000000000
78479  40.107  6.364  15.378 0.0000000000
78471  39.444  6.336  16.116 0.0000000000
78489  39.176  6.786  14.430 0.0000000000
79149  38.337  7.168  14.133 0.0000000000
79163  37.839  7.713  13.514 0.0000000000
79179  38.311  8.011  12.697 0.0000000000
121234  38.332  8.475  11.969 0.0000000000
80599  39.433  9.880  8.223 0.0000000000
80586  39.479  9.725  9.081 0.0000000000
117365  38.717  9.975  8.146 0.0000000000
79223  36.873  7.727  7.799 0.0000000000
79887  37.609  8.440  7.515 0.0000000000
79233  37.497  7.448  7.319 0.0000000000
78570  37.585  6.471  6.880 0.0000000000
75547  44.040  2.654  17.186 0.0000000000
75530  44.467  2.779  17.950 0.0000000000
75563  44.520  2.609  16.393 0.0000000000
77792  44.179  5.358  11.271 0.0000000000
77791  45.393  5.177  11.000 0.0000000000
77790  46.519  5.329  10.869 0.0000000000
77802  46.010  5.707  10.323 0.0000000000
78528  46.605  6.509  9.780 0.0000000000
78540  46.028  6.927  9.142 0.0000000000
76377  40.662  3.363  7.414 0.0000000000
77083  40.286  4.383  7.546 0.0000000000
121954  41.314  4.841  6.637 0.0000000000
77104  43.280  4.428  4.190 0.0000000000
77842  43.448  5.462  4.773 0.0000000000
77841  43.680  6.101  4.306 0.0000000000
79239  44.277  7.579  5.531 0.0000000000
125345  44.689  7.965  6.034 0.0000000000
79248  44.158  7.534  4.864 0.0000000000
126969  44.271  8.459  5.374 0.0000000000
80627  43.956  8.720  5.299 0.0000000000
80618  43.859  9.189  5.768 0.0000000000
79900  43.388  8.546  4.859 0.0000000000
79258  42.048  8.378  4.594 0.0000000000
109437  41.679  7.676  4.289 0.0000000000
76393  39.677  3.382  5.056 0.0000000000
76394  39.001  3.872  5.500 0.0000000000
76386  38.442  3.307  6.096 0.0000000000
76293  48.873  3.802  16.804 0.0000000000
80559  34.760  10.123  13.135 0.0000000000
81368  35.632  10.630  10.593 0.0000000000
80576  35.745  10.413  9.984 0.0000000000
75523  39.561  2.517  18.938 0.0000000000
75524  38.908  1.992  19.012 0.0000000000
75534  39.375  2.475  18.211 0.0000000000
76299  37.919  3.260  16.292 0.0000000000
72754  34.821  -0.357  13.732 0.0000000000
112570  35.464  -0.761  13.379 0.0000000000
107466  36.539  -0.865  12.432 0.0000000000
72776  37.762  -1.164  11.541 0.0000000000
77760  42.958  5.900  15.667 0.0000000000
78486  43.584  6.370  14.155 0.0000000000
113592  42.646  6.409  14.340 0.0000000000
125966  42.182  6.616  13.801 0.0000000000
78499  41.399  6.767  13.619 0.0000000000
79159  41.372  7.124  12.947 0.0000000000
79176  40.662  7.474  12.501 0.0000000000
79177  39.891  7.797  12.027 0.0000000000
79193  40.558  7.953  11.584 0.0000000000
79861  40.479  8.507  10.760 0.0000000000
120856  40.955  8.809  9.870 0.0000000000
79873  40.491  9.375  9.114 0.0000000000
108198  40.061  9.676  8.459 0.0000000000
114907  40.136  9.734  7.751 0.0000000000
80622  39.970  9.316  6.616 0.0000000000
123856  42.336  3.526  14.329 0.0000000000
76321  43.069  3.253  14.371 0.0000000000
77023  42.398  4.302  13.307 0.0000000000
77039  42.841  4.674  12.610 0.0000000000
77779  41.520  5.243  12.258 0.0000000000
77778  42.474  5.222  12.087 0.0000000000
77793  42.926  5.590  11.377 0.0000000000
78531  42.745  6.362  10.248 0.0000000000
75636  42.405  2.452  6.203 0.0000000000
75635  42.907  2.335  5.532 0.0000000000
75642  43.263  2.932  5.121 0.0000000000
119432  43.274  3.039  4.442 0.0000000000
75648  42.996  2.530  4.006 0.0000000000
76402  43.231  3.695  4.096 0.0000000000
77109  43.028  4.257  3.793 0.0000000000
77110  42.503  4.382  3.452 0.0000000000
117571  42.358  5.016  3.347 0.0000000000
78588  41.932  6.250  3.500 0.0000000000
77112  41.392  4.774  3.402 0.0000000000
118776  40.296  3.192  4.467 0.0000000000
75649  40.633  2.611  4.188 0.0000000000
119456  39.746  2.065  5.248 0.0000000000
73540  39.049  0.151  6.579 0.0000000000
72811  39.088  -0.587  7.175 0.0000000000
72820  39.385  -0.987  6.973 0.0000000000
74131  35.921  0.882  19.866 0.0000000000
74794  36.156  1.427  19.305 0.0000000000
112274  35.349  1.533  19.438 0.0000000000
125288  34.864  2.055  19.049 0.0000000000
75539  33.752  2.558  18.118 0.0000000000
74805  33.276  2.050  18.644 0.0000000000
75540  32.925  2.232  17.815 0.0000000000
75556  33.449  2.607  17.259 0.0000000000
124755  33.072  1.875  15.985 0.0000000000
74150  33.711  0.652  14.734 0.0000000000
77759  44.662  5.724  15.599 0.0000000000
122286  45.593  6.099  14.375 0.0000000000
78496  45.439  6.677  13.195 0.0000000000
79188  45.946  7.742  10.983 0.0000000000
118138  38.532  3.934  9.290 0.0000000000
77067  38.848  4.797  9.219 0.0000000000
75622  39.661  2.847  8.332 0.0000000000
75621  40.430  2.593  7.819 0.0000000000
121623  40.626  1.148  8.271 0.0000000000
118939  41.532  1.788  7.193 0.0000000000
74869  42.028  1.585  6.678 0.0000000000
74868  42.302  1.164  6.338 0.0000000000
72810  41.392  -1.569  7.517 0.0000000000
74199  42.260  0.664  6.204 0.0000000000
111792  42.565  1.126  5.729 0.0000000000
74210  42.521  0.373  4.330 0.0000000000
72841  42.104  -0.898  3.589 0.0000000000
73553  42.019  -0.353  3.292 0.0000000000
72858  41.284  -0.989  2.950 0.0000000000
72853  40.838  -1.508  2.844 0.0000000000
72116  40.436  -2.020  3.332 0.0000000000
71307  40.238  -3.171  2.925 0.0000000000
76288  44.101  3.132  18.693 0.0000000000
75531  43.580  2.878  17.957 0.0000000000
113824  42.841  2.537  16.363 0.0000000000
75578  42.525  2.682  15.637 0.0000000000
76278  40.944  3.229  19.673 0.0000000000
75521  41.245  3.245  18.857 0.0000000000
75567  40.287  2.646  16.985 0.0000000000
108248  40.846  2.730  17.453 0.0000000000
75548  41.667  2.787  17.473 0.0000000000
108793  41.927  2.636  16.379 0.0000000000
117614  41.853  2.811  15.600 0.0000000000
76307  42.249  3.091  14.961 0.0000000000
76322  41.659  3.536  14.544 0.0000000000
76335  41.144  4.038  14.105 0.0000000000
77025  39.612  4.584  13.522 0.0000000000
77041  40.060  5.010  12.892 0.0000000000
77781  39.474  5.381  12.175 0.0000000000
77796  38.942  5.498  11.422 0.0000000000
74802  36.408  1.929  18.763 0.0000000000
75553  36.083  3.059  17.670 0.0000000000
76295  34.830  3.330  16.913 0.0000000000
76294  35.564  3.325  17.144 0.0000000000
75571  36.298  3.347  16.888 0.0000000000
76313  36.356  3.743  15.481 0.0000000000
107975  36.675  4.067  14.663 0.0000000000
118331  34.564  1.202  13.650 0.0000000000
75593  34.645  2.332  13.769 0.0000000000
74825  35.203  1.708  12.759 0.0000000000
75592  35.120  2.602  13.230 0.0000000000
114704  35.957  3.883  14.134 0.0000000000
126379  36.550  4.213  13.855 0.0000000000
77028  36.890  4.404  13.247 0.0000000000
77044  37.325  4.593  12.482 0.0000000000
76350  36.572  3.445  11.553 0.0000000000
77055  37.482  4.589  11.598 0.0000000000
77062  37.833  4.530  10.708 0.0000000000
76364  38.269  3.085  9.486 0.0000000000
74844  39.266  1.560  9.189 0.0000000000
74177  39.332  0.853  9.448 0.0000000000
74176  40.058  0.292  9.229 0.0000000000
72789  38.804  -1.292  10.754 0.0000000000
72788  39.342  -1.311  10.336 0.0000000000
72787  40.114  -1.980  9.616 0.0000000000
72069  40.572  -2.069  9.080 0.0000000000
74124  36.466  0.288  20.427 0.0000000000
74125  35.636  0.294  20.469 0.0000000000
109531  33.673  0.496  20.379 0.0000000000
73446  32.269  -1.170  21.294 0.0000000000
108288  31.239  0.089  19.796 0.0000000000
78466  38.474  6.817  17.489 0.0000000000
78472  38.864  6.496  16.784 0.0000000000
78473  37.960  6.722  16.612 0.0000000000
79820  36.385  8.081  14.149 0.0000000000
79830  36.606  8.529  13.394 0.0000000000
79829  37.382  8.313  13.058 0.0000000000
81359  36.599  10.124  11.296 0.0000000000
81367  36.360  10.489  10.164 0.0000000000
80589  36.172  10.225  9.485 0.0000000000
79848  38.779  8.716  11.318 0.0000000000
80574  38.274  9.665  10.256 0.0000000000
80587  38.454  10.037  9.364 0.0000000000
80588  37.773  10.152  9.894 0.0000000000
81375  36.915  10.345  9.423 0.0000000000
80603  35.913  9.517  8.924 0.0000000000
109696  45.371  2.665  17.904 0.0000000000
75560  48.195  3.239  16.805 0.0000000000
76297  48.485  3.673  16.061 0.0000000000
109463  48.287  4.130  14.589 0.0000000000
76320  43.872  3.194  14.132 0.0000000000
75585  44.446  2.964  14.304 0.0000000000
115590  45.314  3.175  13.815 0.0000000000
77037  45.279  4.341  12.198 0.0000000000
76319  45.965  3.060  14.190 0.0000000000
76318  47.132  3.565  14.232 0.0000000000
76317  48.079  4.397  13.880 0.0000000000
77018  48.330  5.053  13.639 0.0000000000
77034  48.062  5.281  12.935 0.0000000000
127244  47.727  6.198  12.046 0.0000000000
77789  47.458  5.845  11.122 0.0000000000
78509  47.542  6.480  11.440 0.0000000000
79187  47.147  7.625  10.469 0.0000000000
79857  46.111  8.601  9.608 0.0000000000
77813  39.363  5.586  9.282 0.0000000000
78552  40.009  6.197  8.901 0.0000000000
123943  40.186  6.053  8.238 0.0000000000
78543  40.810  6.608  9.359 0.0000000000
78550  42.598  7.321  8.345 0.0000000000
76384  42.444  3.368  6.024 0.0000000000
77835  42.837  5.721  5.469 0.0000000000
119960  42.211  5.994  6.107 0.0000000000
79232  42.316  7.193  6.821 0.0000000000
79211  44.177  7.396  8.430 0.0000000000
79210  45.506  7.515  8.492 0.0000000000
79219  45.933  8.353  8.067 0.0000000000
79218  46.566  8.599  8.612 0.0000000000
79869  46.651  8.666  9.077 0.0000000000
79870  45.889  9.015  8.806 0.0000000000
79871  44.603  9.114  8.853 0.0000000000
80583  44.034  9.340  8.193 0.0000000000
80596  42.350  9.511  7.713 0.0000000000
80619  42.869  9.422  5.893 0.0000000000
80608  42.574  9.617  6.791 0.0000000000
80609  41.282  9.601  6.805 0.0000000000
80621  40.823  9.460  6.457 0.0000000000
79894  40.047  8.709  6.013 0.0000000000
79241  39.454  8.046  6.080 0.0000000000
110889  41.080  6.214  3.904 0.0000000000
78576  40.870  7.028  4.441 0.0000000000
77853  39.882  5.158  4.734 0.0000000000
78585  40.317  6.045  4.595 0.0000000000
78577  39.970  6.724  5.139 0.0000000000
79252  39.609  7.396  5.623 0.0000000000
113229  38.906  7.325  6.194 0.0000000000
78569  38.357  6.684  6.402 0.0000000000
77837  37.392  5.332  6.726 0.0000000000
118988  37.895  3.803  6.377 0.0000000000
76388  37.231  3.785  6.767 0.0000000000
115428  39.570  -2.819  5.004 0.0000000000
72062  39.738  -2.592  10.081 0.0000000000
72857  41.589  -0.470  3.128 0.0000000000
73494  37.012  0.084  11.434 0.0000000000
74813  33.219  2.317  16.533 0.0000000000
74818  33.971  1.645  14.566 0.0000000000
74822  34.398  1.736  13.967 0.0000000000
74839  38.056  1.496  10.083 0.0000000000
74876  42.851  1.683  5.208 0.0000000000
75576  44.927  2.673  15.538 0.0000000000
75606  38.123  2.274  9.766 0.0000000000
75629  41.137  2.448  7.332 0.0000000000
75650  40.029  2.628  4.878 0.0000000000
75656  43.085  3.162  3.905 0.0000000000
75657  42.552  2.949  3.561 0.0000000000
76284  42.764  3.470  19.416 0.0000000000
76301  35.468  3.474  16.443 0.0000000000
76304  48.852  4.264  16.105 0.0000000000
76328  34.532  2.950  14.804 0.0000000000
76392  43.008  3.824  5.412 0.0000000000
77016  37.244  4.379  13.997 0.0000000000
77021  44.451  3.973  13.006 0.0000000000
77043  38.160  4.949  12.719 0.0000000000
77093  37.740  4.542  6.441 0.0000000000
77097  43.374  4.573  4.766 0.0000000000
77762  41.240  5.967  16.200 0.0000000000
77775  47.936  5.750  12.486 0.0000000000
77859  42.579  5.738  3.548 0.0000000000
77860  41.887  5.308  3.273 0.0000000000
78500  40.586  6.799  13.791 0.0000000000
78501  39.872  6.797  14.025 0.0000000000
78527  47.392  7.186  10.044 0.0000000000
79162  38.623  7.524  13.355 0.0000000000
79199  47.247  7.975  10.097 0.0000000000
79200  46.609  8.173  10.190 0.0000000000
79208  46.939  8.202  8.927 0.0000000000
79209  46.511  7.836  8.695 0.0000000000
79247  44.442  8.103  5.562 0.0000000000
79251  40.497  7.683  5.093 0.0000000000
79855  47.178  8.125  9.752 0.0000000000
79863  38.762  9.151  10.638 0.0000000000
79872  41.813  8.720  9.868 0.0000000000
79884  45.745  9.061  7.614 0.0000000000
79899  44.118  8.170  4.859 0.0000000000
79908  42.855  8.250  4.545 0.0000000000
80628  43.164  9.036  5.330 0.0000000000
107542  43.182  2.640  17.174 0.0000000000
111488  43.394  5.356  4.232 0.0000000000
116868  43.608  9.471  6.274 0.0000000000
118154  40.887  4.928  3.707 0.0000000000
118839  43.616  8.789  9.641 0.0000000000
120826  36.248  8.060  8.253 0.0000000000
120858  40.812  9.621  7.388 0.0000000000
121248  38.867  7.995  6.517 0.0000000000
122905  41.461  -2.889  2.598 0.0000000000
123814  42.837  5.973  10.867 0.0000000000
