#!ascii label  , from subject sub-v1s12x0050113_ses-1 vox2ras=TkReg
1307
108769  6.335  -49.870  49.443 0.0000000000
53036  37.733  -25.772  27.932 0.0000000000
40433  22.524  -41.035  42.551 0.0000000000
42942  31.767  -38.169  45.370 0.0000000000
41268  15.774  -39.225  42.755 0.0000000000
124752  13.818  -46.110  50.340 0.0000000000
61648  44.208  -15.502  23.643 0.0000000000
58233  43.641  -19.506  31.577 0.0000000000
48771  30.810  -30.593  38.657 0.0000000000
63373  48.463  -13.109  15.446 0.0000000000
41196  21.202  -40.295  47.185 0.0000000000
34495  10.445  -47.834  50.183 0.0000000000
111183  43.511  -17.561  27.318 0.0000000000
57417  40.177  -20.492  25.744 0.0000000000
50583  39.015  -29.005  32.119 0.0000000000
52237  41.693  -26.114  32.451 0.0000000000
48886  34.545  -30.625  31.760 0.0000000000
126161  29.551  -37.483  39.399 0.0000000000
112032  27.470  -40.705  43.596 0.0000000000
41199  17.514  -39.134  47.635 0.0000000000
38682  16.075  -42.343  51.203 0.0000000000
39508  14.907  -42.548  46.838 0.0000000000
36193  11.768  -45.546  45.248 0.0000000000
42113  18.678  -39.198  42.940 0.0000000000
114495  48.134  -13.497  23.479 0.0000000000
62436  46.974  -14.161  27.817 0.0000000000
55615  40.037  -22.528  29.792 0.0000000000
49664  34.856  -30.031  38.166 0.0000000000
44885  33.511  -34.680  41.168 0.0000000000
124546  47.025  -16.582  19.029 0.0000000000
63350  50.614  -13.173  18.727 0.0000000000
64935  53.163  -11.752  16.299 0.0000000000
111495  20.523  -39.576  50.102 0.0000000000
33679  8.080  -49.060  50.208 0.0000000000
34459  9.755  -47.855  53.490 0.0000000000
33665  7.463  -49.184  52.777 0.0000000000
59108  40.492  -18.697  24.403 0.0000000000
108794  39.222  -29.162  35.073 0.0000000000
50567  40.922  -28.774  34.600 0.0000000000
31867  1.431  -51.169  52.982 0.0000000000
49759  34.647  -29.916  28.986 0.0000000000
40480  23.888  -40.005  39.879 0.0000000000
40462  26.054  -40.238  40.950 0.0000000000
40411  25.463  -41.086  43.039 0.0000000000
42100  16.390  -38.983  44.726 0.0000000000
40371  15.770  -40.400  46.583 0.0000000000
40401  14.831  -41.296  44.782 0.0000000000
108485  17.010  -38.491  42.499 0.0000000000
42080  18.124  -39.050  45.260 0.0000000000
37827  15.182  -44.342  51.005 0.0000000000
119552  45.660  -14.704  23.654 0.0000000000
63290  47.046  -13.514  25.838 0.0000000000
62453  45.100  -14.490  25.579 0.0000000000
59070  43.540  -18.371  28.725 0.0000000000
59885  45.159  -17.119  29.952 0.0000000000
54738  36.357  -23.552  26.733 0.0000000000
55634  37.786  -22.202  27.672 0.0000000000
53836  38.757  -24.201  28.629 0.0000000000
48804  30.754  -30.152  36.055 0.0000000000
48818  32.260  -30.548  35.561 0.0000000000
49666  32.079  -29.943  38.820 0.0000000000
42991  30.724  -37.942  42.432 0.0000000000
43961  31.156  -36.594  40.292 0.0000000000
109196  32.614  -36.582  43.665 0.0000000000
60817  44.063  -16.905  20.996 0.0000000000
124765  44.828  -16.310  19.034 0.0000000000
108892  46.147  -16.501  21.133 0.0000000000
61661  47.609  -14.864  21.707 0.0000000000
64181  52.719  -12.254  13.582 0.0000000000
107494  52.136  -12.898  15.261 0.0000000000
64160  52.014  -11.942  17.239 0.0000000000
62529  50.603  -14.548  16.634 0.0000000000
40397  21.809  -41.251  44.751 0.0000000000
110975  24.106  -41.821  45.312 0.0000000000
40353  23.244  -41.025  48.168 0.0000000000
35270  11.996  -47.287  50.410 0.0000000000
35244  13.792  -46.859  52.594 0.0000000000
35234  12.105  -47.464  53.769 0.0000000000
60805  42.478  -16.935  22.758 0.0000000000
60768  43.353  -16.170  25.493 0.0000000000
59932  42.173  -17.211  24.678 0.0000000000
59091  41.823  -19.212  26.233 0.0000000000
58269  41.496  -20.013  28.598 0.0000000000
51473  38.268  -27.679  29.564 0.0000000000
53009  39.762  -25.937  29.909 0.0000000000
121009  40.355  -27.692  32.193 0.0000000000
47131  30.577  -32.394  37.247 0.0000000000
43883  33.617  -36.514  46.339 0.0000000000
31895  4.413  -50.824  49.905 0.0000000000
32783  5.706  -50.083  52.830 0.0000000000
109204  3.530  -50.916  52.778 0.0000000000
52304  35.667  -26.945  27.326 0.0000000000
50611  36.217  -28.913  28.877 0.0000000000
49740  36.665  -29.663  31.663 0.0000000000
49699  36.868  -29.601  35.240 0.0000000000
42178  27.630  -38.548  38.500 0.0000000000
41295  28.265  -38.952  41.137 0.0000000000
41236  29.645  -39.865  44.564 0.0000000000
39516  26.352  -41.886  45.955 0.0000000000
117857  28.775  -40.958  46.064 0.0000000000
123007  18.145  -39.459  50.038 0.0000000000
40293  17.324  -40.849  52.130 0.0000000000
40330  16.593  -40.652  49.615 0.0000000000
38724  15.584  -42.329  48.607 0.0000000000
37041  14.336  -44.454  47.814 0.0000000000
38772  13.877  -42.838  44.271 0.0000000000
37067  13.169  -44.658  45.746 0.0000000000
110087  13.109  -45.900  47.952 0.0000000000
106988  11.120  -47.174  47.964 0.0000000000
106389  9.292  -48.185  47.861 0.0000000000
33701  7.004  -49.156  47.949 0.0000000000
40466  21.671  -40.080  40.542 0.0000000000
41301  19.702  -39.439  40.513 0.0000000000
40435  20.705  -40.507  42.536 0.0000000000
40399  20.224  -40.294  44.717 0.0000000000
108902  19.529  -39.364  47.655 0.0000000000
62434  49.757  -14.311  28.072 0.0000000000
61607  44.844  -15.621  27.345 0.0000000000
56592  37.839  -21.154  24.879 0.0000000000
57401  39.697  -20.850  27.763 0.0000000000
57379  41.533  -20.870  30.505 0.0000000000
53798  41.367  -24.239  31.015 0.0000000000
55597  42.494  -22.499  31.813 0.0000000000
48869  32.354  -31.207  32.649 0.0000000000
121068  35.294  -30.215  35.471 0.0000000000
114894  36.561  -29.371  37.361 0.0000000000
45705  32.115  -34.418  38.386 0.0000000000
47113  32.692  -32.495  39.730 0.0000000000
45637  34.236  -35.148  44.256 0.0000000000
47088  34.511  -32.449  42.400 0.0000000000
48741  33.060  -31.018  41.026 0.0000000000
49637  34.063  -29.795  41.520 0.0000000000
50509  35.985  -28.821  40.566 0.0000000000
61723  48.266  -15.233  16.738 0.0000000000
61694  49.378  -15.370  19.145 0.0000000000
63332  49.431  -13.112  20.725 0.0000000000
41133  21.139  -39.829  51.600 0.0000000000
32804  7.465  -49.442  49.880 0.0000000000
33670  7.965  -49.071  51.123 0.0000000000
32789  7.323  -49.552  51.380 0.0000000000
49697  38.853  -29.037  35.910 0.0000000000
50549  40.360  -28.555  36.336 0.0000000000
107009  -0.119  -51.767  51.213 0.0000000000
40449  23.859  -40.619  41.295 0.0000000000
40448  24.754  -40.600  41.388 0.0000000000
40412  23.991  -41.108  42.645 0.0000000000
42101  16.035  -39.158  44.090 0.0000000000
40400  15.297  -40.332  44.603 0.0000000000
40417  15.175  -40.189  43.676 0.0000000000
42136  16.842  -38.349  41.628 0.0000000000
42126  16.412  -38.714  42.655 0.0000000000
113972  16.617  -38.799  44.023 0.0000000000
108535  14.758  -44.904  50.408 0.0000000000
36109  14.647  -45.630  51.665 0.0000000000
61647  44.986  -15.335  23.222 0.0000000000
124574  45.356  -14.504  24.376 0.0000000000
61635  44.188  -15.097  24.485 0.0000000000
114902  43.677  -18.767  30.380 0.0000000000
59054  44.356  -18.200  30.584 0.0000000000
53858  36.675  -24.337  27.112 0.0000000000
54724  37.486  -23.527  27.632 0.0000000000
53035  38.346  -25.006  28.211 0.0000000000
48789  29.761  -30.586  37.321 0.0000000000
49678  30.455  -29.935  37.393 0.0000000000
49677  31.118  -29.860  37.744 0.0000000000
49656  31.137  -30.238  38.838 0.0000000000
42090  31.119  -38.376  44.240 0.0000000000
42972  31.372  -37.603  42.958 0.0000000000
42956  32.253  -37.188  44.269 0.0000000000
106550  44.188  -16.822  21.771 0.0000000000
60816  44.778  -16.814  21.112 0.0000000000
60804  45.000  -16.483  21.888 0.0000000000
108820  46.122  -15.555  22.394 0.0000000000
64176  50.896  -13.054  13.966 0.0000000000
63371  50.474  -13.893  15.167 0.0000000000
62528  51.184  -13.883  16.268 0.0000000000
62536  49.709  -14.273  15.633 0.0000000000
40369  21.476  -40.725  46.563 0.0000000000
39520  22.762  -41.407  46.559 0.0000000000
127229  22.470  -40.696  48.052 0.0000000000
34494  11.198  -47.594  50.206 0.0000000000
35256  12.270  -47.311  51.518 0.0000000000
34482  10.757  -47.761  51.486 0.0000000000
34449  9.515  -47.801  54.564 0.0000000000
34448  11.068  -47.655  54.730 0.0000000000
59953  41.112  -17.148  22.805 0.0000000000
59941  41.911  -16.973  23.947 0.0000000000
59942  41.259  -17.298  23.632 0.0000000000
58303  40.203  -19.486  24.672 0.0000000000
58302  40.845  -19.148  25.064 0.0000000000
113982  41.373  -19.878  26.301 0.0000000000
58287  42.241  -19.254  27.114 0.0000000000
57409  41.144  -20.287  26.929 0.0000000000
50600  38.264  -28.387  30.544 0.0000000000
51458  39.430  -27.485  30.927 0.0000000000
50590  39.957  -28.075  32.127 0.0000000000
60819  41.654  -16.973  21.273 0.0000000000
118900  3.857  -51.085  51.294 0.0000000000
31885  3.089  -51.343  50.916 0.0000000000
51493  34.399  -27.545  27.187 0.0000000000
51492  36.160  -27.590  27.808 0.0000000000
50625  34.897  -28.653  27.988 0.0000000000
123894  34.916  -30.418  30.440 0.0000000000
49750  35.608  -29.941  30.323 0.0000000000
49733  36.094  -29.846  32.566 0.0000000000
49722  36.686  -29.648  33.349 0.0000000000
49723  35.948  -29.900  33.653 0.0000000000
41358  26.191  -39.089  37.793 0.0000000000
40428  27.253  -40.106  42.010 0.0000000000
41280  27.145  -39.804  41.323 0.0000000000
41265  27.960  -39.813  42.331 0.0000000000
41263  29.326  -39.471  43.178 0.0000000000
41237  28.929  -40.125  44.210 0.0000000000
106877  25.135  -42.050  46.849 0.0000000000
39517  25.493  -41.945  46.042 0.0000000000
39503  26.554  -42.237  47.413 0.0000000000
39491  28.471  -41.774  47.981 0.0000000000
40364  30.255  -40.446  46.975 0.0000000000
107187  18.178  -39.170  48.872 0.0000000000
41146  17.564  -39.784  50.112 0.0000000000
41182  16.839  -39.755  48.531 0.0000000000
39522  15.167  -41.676  46.463 0.0000000000
39494  15.630  -41.696  47.999 0.0000000000
38739  15.292  -42.428  47.739 0.0000000000
37867  14.859  -43.711  48.237 0.0000000000
37880  14.592  -43.816  47.473 0.0000000000
39561  13.883  -42.402  42.931 0.0000000000
37095  11.789  -45.015  44.380 0.0000000000
121322  12.974  -44.437  44.978 0.0000000000
109460  12.522  -45.263  45.768 0.0000000000
37068  12.988  -45.233  46.547 0.0000000000
36180  12.126  -45.884  46.310 0.0000000000
35297  12.388  -46.464  47.906 0.0000000000
36181  11.450  -46.583  46.661 0.0000000000
33710  7.632  -48.773  47.505 0.0000000000
41321  22.716  -39.740  39.194 0.0000000000
41341  20.960  -39.256  38.848 0.0000000000
42123  18.724  -39.122  41.932 0.0000000000
42133  19.090  -39.190  41.096 0.0000000000
41282  20.487  -40.164  41.737 0.0000000000
41266  20.023  -40.104  42.971 0.0000000000
41251  20.045  -40.188  43.776 0.0000000000
41252  19.328  -39.730  43.417 0.0000000000
127949  17.833  -38.983  45.923 0.0000000000
42060  18.865  -39.311  45.802 0.0000000000
42044  18.248  -39.034  47.229 0.0000000000
41180  18.826  -39.071  48.731 0.0000000000
39449  16.775  -41.236  51.594 0.0000000000
32764  5.275  -49.765  54.475 0.0000000000
33652  6.490  -49.178  54.359 0.0000000000
63296  49.167  -12.651  24.834 0.0000000000
62442  47.150  -13.701  27.044 0.0000000000
63282  48.014  -13.253  27.024 0.0000000000
63275  47.975  -13.679  27.837 0.0000000000
62425  48.423  -14.452  29.129 0.0000000000
60759  43.658  -16.483  26.374 0.0000000000
61617  44.026  -15.567  26.025 0.0000000000
60749  44.554  -16.345  27.676 0.0000000000
60741  46.277  -15.824  29.555 0.0000000000
55625  38.839  -22.405  28.865 0.0000000000
56548  38.407  -21.486  27.494 0.0000000000
56539  39.987  -21.124  29.299 0.0000000000
56538  40.717  -20.961  29.939 0.0000000000
56530  41.069  -21.700  30.361 0.0000000000
52251  40.705  -26.259  31.439 0.0000000000
53008  40.362  -25.376  30.192 0.0000000000
52987  41.830  -25.337  32.218 0.0000000000
48870  31.446  -31.327  32.635 0.0000000000
48801  33.255  -30.473  36.687 0.0000000000
48817  33.594  -30.550  35.394 0.0000000000
48784  35.265  -30.121  36.767 0.0000000000
106456  36.091  -29.752  36.684 0.0000000000
49675  35.611  -29.788  37.543 0.0000000000
43057  28.786  -37.755  38.365 0.0000000000
43056  29.543  -37.289  38.673 0.0000000000
44887  32.328  -35.813  41.048 0.0000000000
116973  31.976  -35.470  39.430 0.0000000000
45681  33.003  -34.408  40.000 0.0000000000
46403  32.528  -33.815  38.756 0.0000000000
46389  33.435  -33.667  40.247 0.0000000000
109320  33.929  -35.673  45.013 0.0000000000
108300  34.124  -31.521  42.549 0.0000000000
47858  33.452  -31.249  41.420 0.0000000000
48730  33.718  -30.870  41.642 0.0000000000
49645  33.061  -30.440  40.795 0.0000000000
49620  34.237  -30.256  42.625 0.0000000000
126184  46.180  -16.552  19.124 0.0000000000
60861  47.967  -16.202  17.982 0.0000000000
61707  48.964  -15.939  18.347 0.0000000000
61695  48.811  -15.889  19.222 0.0000000000
62479  47.552  -14.432  22.321 0.0000000000
122596  48.473  -13.970  21.512 0.0000000000
63314  48.551  -13.391  22.691 0.0000000000
63313  49.339  -12.662  22.549 0.0000000000
127010  53.134  -12.096  15.064 0.0000000000
63349  51.347  -12.324  18.211 0.0000000000
64154  51.630  -11.578  18.987 0.0000000000
64149  51.023  -11.697  19.687 0.0000000000
114442  21.389  -39.910  48.930 0.0000000000
40329  22.131  -40.108  49.303 0.0000000000
41142  22.134  -39.961  50.217 0.0000000000
34496  9.679  -48.197  50.055 0.0000000000
121431  10.212  -47.905  51.825 0.0000000000
33669  8.697  -48.677  51.736 0.0000000000
34460  8.992  -48.129  53.550 0.0000000000
111687  8.751  -47.985  54.255 0.0000000000
58313  39.107  -19.315  23.679 0.0000000000
58304  39.505  -19.784  24.317 0.0000000000
49720  38.735  -29.409  33.467 0.0000000000
50573  40.039  -28.904  33.124 0.0000000000
49696  40.094  -28.998  34.854 0.0000000000
50548  41.255  -28.386  36.065 0.0000000000
30972  1.554  -51.674  51.070 0.0000000000
30981  0.742  -51.794  50.649 0.0000000000
31868  0.142  -51.368  53.076 0.0000000000
50626  34.026  -28.852  27.852 0.0000000000
108529  33.693  -30.955  30.509 0.0000000000
40478  25.425  -39.796  39.433 0.0000000000
120803  25.188  -40.058  40.120 0.0000000000
107553  25.605  -40.545  41.544 0.0000000000
40410  26.778  -40.833  43.279 0.0000000000
42062  16.874  -38.930  45.895 0.0000000000
41201  16.194  -39.845  46.958 0.0000000000
41217  15.949  -39.770  46.165 0.0000000000
40386  15.291  -40.695  45.442 0.0000000000
127888  14.650  -41.985  45.230 0.0000000000
35327  10.497  -46.542  45.419 0.0000000000
35342  10.154  -46.245  44.673 0.0000000000
112922  17.256  -38.502  41.944 0.0000000000
42114  18.021  -38.864  43.239 0.0000000000
42097  18.588  -39.250  43.959 0.0000000000
42098  17.869  -38.901  44.175 0.0000000000
108845  17.423  -38.819  44.827 0.0000000000
37839  15.474  -43.614  50.748 0.0000000000
63315  47.226  -14.222  23.037 0.0000000000
63297  47.531  -13.449  24.642 0.0000000000
62460  46.826  -13.793  24.532 0.0000000000
62452  45.783  -14.129  25.693 0.0000000000
127791  46.394  -14.110  26.965 0.0000000000
59078  43.364  -18.094  27.862 0.0000000000
59902  44.277  -17.055  28.083 0.0000000000
59060  44.449  -17.769  29.766 0.0000000000
59879  45.678  -17.144  30.868 0.0000000000
56565  36.918  -21.963  26.169 0.0000000000
55645  36.985  -22.411  26.801 0.0000000000
54723  37.833  -22.963  27.955 0.0000000000
54709  39.216  -23.376  29.102 0.0000000000
52986  42.318  -25.510  32.769 0.0000000000
122740  30.142  -30.497  34.659 0.0000000000
109160  31.062  -30.719  34.404 0.0000000000
48803  31.612  -30.285  36.217 0.0000000000
48787  32.591  -30.280  37.330 0.0000000000
48769  33.498  -30.223  38.450 0.0000000000
109488  30.223  -37.665  40.982 0.0000000000
43022  30.455  -37.147  40.255 0.0000000000
43009  30.771  -37.579  41.668 0.0000000000
108419  32.012  -36.374  41.757 0.0000000000
44873  33.069  -35.627  42.244 0.0000000000
60832  43.450  -16.721  20.417 0.0000000000
61697  44.142  -15.813  18.923 0.0000000000
107014  44.434  -16.794  20.226 0.0000000000
108020  45.462  -16.787  20.459 0.0000000000
60831  46.394  -16.635  20.293 0.0000000000
61683  47.701  -16.103  20.333 0.0000000000
109940  47.164  -15.527  21.538 0.0000000000
61662  46.907  -15.019  22.211 0.0000000000
64182  51.500  -12.473  13.291 0.0000000000
120294  52.016  -12.887  14.150 0.0000000000
64172  52.733  -11.962  15.770 0.0000000000
64165  52.809  -11.667  16.544 0.0000000000
64166  52.230  -12.312  16.243 0.0000000000
63356  51.410  -12.963  17.410 0.0000000000
63357  50.917  -13.592  17.876 0.0000000000
112509  22.186  -41.367  44.125 0.0000000000
39547  23.659  -41.658  44.448 0.0000000000
39534  23.340  -41.709  45.282 0.0000000000
39505  24.254  -41.846  46.980 0.0000000000
39493  24.758  -41.782  48.556 0.0000000000
35268  13.280  -46.551  50.043 0.0000000000
35254  13.778  -46.565  51.612 0.0000000000
35255  13.198  -46.931  51.583 0.0000000000
35245  12.889  -47.194  52.520 0.0000000000
34458  10.663  -47.674  53.490 0.0000000000
108125  11.993  -47.709  54.787 0.0000000000
106484  42.952  -16.546  23.231 0.0000000000
61649  43.549  -15.663  24.140 0.0000000000
60787  42.965  -16.183  23.825 0.0000000000
60769  42.769  -16.722  25.046 0.0000000000
59924  42.449  -17.494  25.469 0.0000000000
59107  41.136  -18.342  24.774 0.0000000000
59099  42.132  -18.323  25.845 0.0000000000
59089  43.074  -18.004  27.038 0.0000000000
59079  42.774  -18.667  27.475 0.0000000000
58267  43.093  -18.987  29.163 0.0000000000
58257  42.530  -19.516  29.832 0.0000000000
112219  38.068  -26.633  28.325 0.0000000000
52292  38.615  -25.911  28.441 0.0000000000
52278  39.315  -26.513  29.715 0.0000000000
52252  40.125  -26.850  31.197 0.0000000000
118704  41.256  -26.920  32.490 0.0000000000
112969  40.757  -28.561  33.385 0.0000000000
51427  41.447  -27.594  33.024 0.0000000000
52222  42.571  -26.835  33.455 0.0000000000
47925  30.534  -31.117  38.415 0.0000000000
42925  32.615  -37.697  46.358 0.0000000000
61684  41.923  -15.988  20.082 0.0000000000
107285  42.431  -16.715  20.662 0.0000000000
60818  42.536  -17.155  21.779 0.0000000000
64940  48.898  -11.352  14.226 0.0000000000
123932  48.298  -12.315  15.179 0.0000000000
32807  4.985  -50.447  49.247 0.0000000000
32796  6.046  -50.283  51.063 0.0000000000
31874  5.290  -50.649  51.369 0.0000000000
32784  4.971  -50.439  53.069 0.0000000000
32776  4.003  -50.370  54.114 0.0000000000
31866  2.430  -51.133  52.587 0.0000000000
116109  36.245  -25.029  26.953 0.0000000000
53065  34.898  -25.575  26.566 0.0000000000
128030  36.469  -26.194  27.404 0.0000000000
52294  36.994  -27.401  28.105 0.0000000000
50609  37.584  -28.400  29.715 0.0000000000
50601  37.621  -28.863  30.468 0.0000000000
49758  35.477  -29.602  29.163 0.0000000000
49749  36.471  -29.590  30.655 0.0000000000
49739  37.751  -29.375  31.631 0.0000000000
49721  37.962  -29.506  33.263 0.0000000000
107058  38.154  -29.338  35.215 0.0000000000
49684  38.087  -29.132  36.231 0.0000000000
42177  28.274  -38.276  38.890 0.0000000000
41317  27.014  -39.345  39.851 0.0000000000
42145  27.753  -38.892  39.980 0.0000000000
119817  28.839  -38.509  40.777 0.0000000000
42131  29.544  -38.634  41.942 0.0000000000
42110  29.978  -39.027  43.393 0.0000000000
42091  30.732  -38.962  44.606 0.0000000000
39546  24.600  -41.711  44.552 0.0000000000
39544  26.333  -41.515  44.613 0.0000000000
39530  27.099  -41.361  44.863 0.0000000000
39502  27.373  -42.073  47.274 0.0000000000
40367  28.101  -41.256  45.935 0.0000000000
114744  28.413  -40.679  44.617 0.0000000000
41226  29.128  -40.382  44.958 0.0000000000
41224  30.527  -39.710  45.700 0.0000000000
42057  31.184  -39.260  46.087 0.0000000000
41135  18.632  -39.777  51.496 0.0000000000
108098  18.043  -39.700  50.774 0.0000000000
40304  17.113  -40.552  51.195 0.0000000000
39482  16.281  -41.310  49.737 0.0000000000
40345  15.991  -40.885  48.192 0.0000000000
117380  15.858  -41.553  48.629 0.0000000000
38710  15.705  -42.600  49.535 0.0000000000
37854  15.429  -43.413  49.785 0.0000000000
37855  14.970  -43.940  49.157 0.0000000000
37029  14.057  -45.479  49.230 0.0000000000
40418  14.831  -40.768  42.861 0.0000000000
38771  14.405  -42.159  44.543 0.0000000000
38762  14.231  -42.740  45.199 0.0000000000
37917  13.349  -43.512  43.892 0.0000000000
112769  13.681  -43.443  44.771 0.0000000000
37895  13.901  -43.929  46.136 0.0000000000
37881  14.156  -44.192  47.000 0.0000000000
36152  13.633  -45.464  48.055 0.0000000000
36153  13.546  -45.843  48.710 0.0000000000
107934  12.405  -46.744  48.851 0.0000000000
35284  11.697  -47.266  49.380 0.0000000000
34504  10.844  -47.671  49.470 0.0000000000
35308  10.039  -47.388  46.507 0.0000000000
124184  9.864  -47.811  47.368 0.0000000000
34505  9.732  -48.132  49.130 0.0000000000
33699  8.498  -48.768  48.830 0.0000000000
33691  7.803  -49.144  49.255 0.0000000000
32814  6.454  -49.586  48.555 0.0000000000
32806  5.699  -49.959  48.916 0.0000000000
31906  4.351  -50.501  48.453 0.0000000000
41320  23.492  -39.802  39.240 0.0000000000
40481  23.068  -40.011  39.894 0.0000000000
110123  21.926  -40.548  41.374 0.0000000000
41300  20.491  -39.640  40.152 0.0000000000
41281  21.077  -40.204  41.169 0.0000000000
40434  21.706  -40.840  42.408 0.0000000000
108326  21.504  -41.075  44.006 0.0000000000
40398  21.057  -40.839  44.712 0.0000000000
40370  20.842  -40.450  46.050 0.0000000000
42079  18.775  -39.323  44.882 0.0000000000
41215  19.609  -39.694  46.202 0.0000000000
41179  20.245  -39.609  47.851 0.0000000000
107746  19.655  -39.281  48.538 0.0000000000
108656  19.826  -39.447  50.253 0.0000000000
117078  6.607  -49.734  52.630 0.0000000000
33651  7.317  -48.612  54.669 0.0000000000
63288  48.973  -12.746  25.896 0.0000000000
61625  44.363  -14.947  25.361 0.0000000000
61615  45.136  -14.945  26.983 0.0000000000
61605  46.374  -14.803  28.240 0.0000000000
60742  45.491  -16.042  28.793 0.0000000000
61599  45.903  -15.461  28.588 0.0000000000
61597  47.917  -14.825  29.618 0.0000000000
57430  38.332  -20.676  24.372 0.0000000000
57418  39.397  -20.709  25.456 0.0000000000
56564  38.177  -21.335  26.503 0.0000000000
123979  38.826  -21.111  26.701 0.0000000000
57410  40.389  -20.584  26.555 0.0000000000
57393  41.032  -20.390  27.993 0.0000000000
58258  41.678  -19.979  29.405 0.0000000000
58234  42.870  -19.989  31.242 0.0000000000
53018  39.780  -25.212  29.368 0.0000000000
53813  40.317  -24.444  29.728 0.0000000000
54682  41.153  -23.391  30.488 0.0000000000
53786  42.276  -24.620  32.411 0.0000000000
54672  41.710  -23.413  31.172 0.0000000000
55606  41.524  -22.547  30.733 0.0000000000
56520  42.408  -21.700  31.381 0.0000000000
57365  42.792  -20.880  31.532 0.0000000000
48899  32.500  -31.461  30.328 0.0000000000
109555  33.959  -30.777  32.285 0.0000000000
48836  32.757  -30.789  34.026 0.0000000000
109783  33.603  -30.622  34.234 0.0000000000
48833  35.228  -30.202  34.019 0.0000000000
49700  36.022  -29.944  35.181 0.0000000000
49685  36.793  -29.465  36.551 0.0000000000
50541  38.035  -28.637  37.579 0.0000000000
44914  30.799  -36.343  39.050 0.0000000000
46404  31.932  -33.513  38.136 0.0000000000
47120  31.626  -32.427  38.534 0.0000000000
47924  31.210  -31.532  38.929 0.0000000000
43905  32.899  -36.496  44.422 0.0000000000
108617  33.672  -35.566  43.588 0.0000000000
44862  33.676  -35.298  42.747 0.0000000000
45647  34.700  -34.120  42.952 0.0000000000
45668  34.010  -34.248  41.615 0.0000000000
47104  33.734  -32.942  40.735 0.0000000000
47106  32.346  -31.591  40.161 0.0000000000
48759  31.389  -30.668  39.249 0.0000000000
49646  32.408  -30.407  40.129 0.0000000000
111069  32.979  -30.133  40.243 0.0000000000
48757  34.384  -29.878  39.438 0.0000000000
50475  34.616  -29.421  42.856 0.0000000000
49636  34.795  -29.450  41.063 0.0000000000
114053  35.183  -29.619  39.314 0.0000000000
50518  36.519  -28.705  39.738 0.0000000000
63364  47.668  -13.119  15.948 0.0000000000
62531  48.830  -14.665  16.119 0.0000000000
61722  49.184  -15.289  16.803 0.0000000000
61705  50.125  -15.123  17.795 0.0000000000
62507  49.996  -13.813  19.235 0.0000000000
61682  48.301  -15.383  20.456 0.0000000000
126050  49.193  -13.855  20.375 0.0000000000
62496  49.666  -13.427  19.989 0.0000000000
64141  49.932  -12.233  21.107 0.0000000000
125717  19.794  -39.839  52.118 0.0000000000
41134  20.330  -39.804  51.926 0.0000000000
111236  6.889  -49.769  50.044 0.0000000000
32794  7.430  -49.507  50.583 0.0000000000
32795  6.768  -49.893  50.829 0.0000000000
121505  38.622  -28.893  36.548 0.0000000000
50550  39.389  -28.699  36.620 0.0000000000
40432  23.300  -40.913  42.091 0.0000000000
107876  24.176  -40.833  41.937 0.0000000000
41253  15.641  -39.477  43.501 0.0000000000
41254  15.224  -39.916  42.833 0.0000000000
42117  16.237  -38.931  43.407 0.0000000000
36138  14.242  -45.539  50.025 0.0000000000
36125  14.461  -45.489  50.820 0.0000000000
127094  14.137  -45.796  50.555 0.0000000000
62473  44.835  -14.896  24.011 0.0000000000
58247  43.142  -19.313  30.691 0.0000000000
59045  43.956  -18.834  31.149 0.0000000000
53046  37.006  -25.170  27.453 0.0000000000
53838  37.700  -24.874  27.809 0.0000000000
48772  30.267  -30.575  38.055 0.0000000000
49669  30.114  -30.174  37.684 0.0000000000
49668  30.660  -30.038  38.209 0.0000000000
111303  31.572  -37.766  43.816 0.0000000000
42957  31.773  -37.857  44.718 0.0000000000
61664  44.379  -16.186  22.706 0.0000000000
61663  45.342  -15.870  22.523 0.0000000000
63379  50.406  -13.414  14.616 0.0000000000
63372  49.518  -13.491  15.053 0.0000000000
127421  48.925  -13.927  15.593 0.0000000000
40368  22.164  -41.014  46.815 0.0000000000
40355  21.852  -40.597  47.485 0.0000000000
34481  11.400  -47.574  51.048 0.0000000000
119848  10.766  -47.748  50.782 0.0000000000
59943  40.583  -17.599  23.305 0.0000000000
58295  40.592  -19.934  25.317 0.0000000000
57416  40.880  -20.222  26.033 0.0000000000
50592  38.656  -28.705  31.395 0.0000000000
50591  39.389  -28.245  31.660 0.0000000000
50582  39.688  -28.657  32.423 0.0000000000
31897  2.927  -51.347  49.946 0.0000000000
51508  33.864  -27.088  26.778 0.0000000000
108191  33.847  -27.751  27.138 0.0000000000
50636  34.321  -28.149  27.480 0.0000000000
119057  34.414  -30.729  30.914 0.0000000000
48885  35.157  -30.378  31.160 0.0000000000
48866  35.293  -30.271  32.114 0.0000000000
48849  35.276  -30.188  33.109 0.0000000000
40409  27.452  -40.395  42.857 0.0000000000
121074  27.821  -40.427  43.321 0.0000000000
41250  28.155  -40.075  43.074 0.0000000000
40395  28.196  -40.442  43.786 0.0000000000
39504  25.696  -42.184  47.536 0.0000000000
41181  17.484  -39.385  48.572 0.0000000000
107178  16.956  -39.445  48.001 0.0000000000
39507  15.409  -41.794  47.244 0.0000000000
38740  14.895  -43.155  47.556 0.0000000000
37894  14.511  -43.471  46.834 0.0000000000
37081  12.456  -44.900  45.081 0.0000000000
36167  12.075  -46.349  47.095 0.0000000000
36182  11.264  -46.243  45.788 0.0000000000
41267  19.393  -39.679  42.522 0.0000000000
109547  17.436  -38.987  46.541 0.0000000000
42033  18.214  -39.072  48.153 0.0000000000
39450  16.402  -41.709  51.102 0.0000000000
33654  5.048  -49.476  55.368 0.0000000000
33653  5.821  -49.058  55.070 0.0000000000
63307  48.643  -13.021  24.071 0.0000000000
63308  48.148  -13.225  24.350 0.0000000000
109545  47.931  -14.085  28.487 0.0000000000
59913  43.364  -17.297  26.681 0.0000000000
60750  43.930  -16.910  27.244 0.0000000000
55616  39.454  -22.494  29.373 0.0000000000
56540  39.323  -21.713  29.072 0.0000000000
111775  39.758  -21.874  29.557 0.0000000000
56531  40.303  -21.737  29.931 0.0000000000
52999  41.298  -25.651  31.713 0.0000000000
48871  30.347  -31.154  32.866 0.0000000000
109300  34.182  -30.301  37.898 0.0000000000
48800  34.244  -30.381  36.921 0.0000000000
48785  34.868  -30.174  37.448 0.0000000000
43040  28.960  -37.859  39.345 0.0000000000
44886  33.011  -35.352  41.476 0.0000000000
44900  32.494  -35.204  39.969 0.0000000000
108225  32.884  -35.043  40.670 0.0000000000
122648  33.409  -34.348  40.550 0.0000000000
47844  34.679  -31.414  43.865 0.0000000000
47857  33.826  -31.066  42.163 0.0000000000
48729  34.114  -30.608  42.389 0.0000000000
49630  33.960  -30.455  41.940 0.0000000000
48719  34.363  -30.368  43.143 0.0000000000
60856  46.583  -16.421  18.710 0.0000000000
60855  47.373  -16.410  18.628 0.0000000000
61708  47.041  -16.116  17.946 0.0000000000
60854  48.182  -16.261  18.876 0.0000000000
124650  47.892  -13.921  22.688 0.0000000000
62478  48.112  -14.060  21.967 0.0000000000
64171  53.078  -11.778  15.752 0.0000000000
64170  53.320  -12.125  15.627 0.0000000000
64164  53.422  -12.102  16.467 0.0000000000
64155  50.894  -12.206  19.021 0.0000000000
63331  50.284  -12.644  19.605 0.0000000000
41160  20.912  -39.695  49.542 0.0000000000
123252  21.570  -39.874  49.679 0.0000000000
41143  21.256  -39.749  50.455 0.0000000000
33678  8.909  -48.723  50.164 0.0000000000
33668  9.284  -48.473  50.929 0.0000000000
124096  8.590  -48.808  50.834 0.0000000000
33664  7.824  -49.109  51.986 0.0000000000
33663  8.360  -48.685  52.852 0.0000000000
33657  8.436  -48.416  53.736 0.0000000000
58305  38.759  -20.060  23.969 0.0000000000
49710  38.893  -29.325  34.319 0.0000000000
49709  39.626  -29.178  34.359 0.0000000000
110976  0.759  -51.802  49.854 0.0000000000
106621  -0.050  -51.636  52.254 0.0000000000
30968  -0.549  -51.609  52.784 0.0000000000
116242  24.147  -39.809  39.253 0.0000000000
40479  24.643  -39.940  39.694 0.0000000000
40463  24.461  -40.286  40.526 0.0000000000
40431  24.942  -40.879  42.290 0.0000000000
40430  25.905  -40.750  42.310 0.0000000000
106353  26.172  -40.913  42.963 0.0000000000
41229  16.247  -39.235  45.542 0.0000000000
39536  14.969  -41.435  45.683 0.0000000000
42125  17.546  -38.685  42.534 0.0000000000
42115  17.409  -38.716  43.290 0.0000000000
128278  16.888  -38.726  44.571 0.0000000000
106483  16.859  -38.831  45.230 0.0000000000
62472  46.561  -14.241  23.753 0.0000000000
108962  45.537  -14.241  25.014 0.0000000000
62443  46.473  -13.826  26.230 0.0000000000
62444  45.608  -14.391  26.428 0.0000000000
59896  43.903  -17.697  28.423 0.0000000000
59069  44.035  -17.928  29.094 0.0000000000
59886  44.922  -17.577  30.460 0.0000000000
55647  35.802  -23.057  26.205 0.0000000000
55646  36.483  -22.682  26.460 0.0000000000
55636  36.805  -22.984  26.944 0.0000000000
53837  37.984  -24.017  28.043 0.0000000000
54710  38.447  -23.196  28.509 0.0000000000
48838  29.364  -30.433  34.475 0.0000000000
48820  30.475  -30.381  35.270 0.0000000000
49676  31.881  -29.916  38.009 0.0000000000
48788  31.772  -30.113  37.100 0.0000000000
48770  32.730  -30.139  38.196 0.0000000000
49665  32.846  -30.105  38.906 0.0000000000
42130  30.155  -38.129  41.774 0.0000000000
43915  31.979  -37.090  43.385 0.0000000000
43927  31.822  -36.895  42.505 0.0000000000
43914  32.396  -36.573  43.009 0.0000000000
43926  32.487  -36.230  42.408 0.0000000000
44853  32.964  -35.946  43.090 0.0000000000
60846  43.705  -16.275  19.611 0.0000000000
124844  45.451  -16.636  21.301 0.0000000000
60815  47.002  -16.176  20.926 0.0000000000
61673  46.548  -15.902  21.709 0.0000000000
124193  45.667  -15.206  22.933 0.0000000000
62480  46.330  -14.782  22.969 0.0000000000
63378  51.241  -13.455  14.682 0.0000000000
125688  51.686  -13.205  15.961 0.0000000000
62522  51.101  -13.854  17.055 0.0000000000
62523  50.580  -14.545  17.475 0.0000000000
39548  22.667  -41.549  44.782 0.0000000000
39506  23.404  -41.507  47.195 0.0000000000
106667  24.071  -41.605  47.896 0.0000000000
35283  12.558  -46.894  49.748 0.0000000000
35269  12.836  -46.978  50.655 0.0000000000
35246  12.123  -47.428  52.673 0.0000000000
123489  12.642  -47.396  53.343 0.0000000000
34470  9.990  -47.860  52.567 0.0000000000
34469  10.730  -47.752  52.366 0.0000000000
60788  42.457  -16.708  23.528 0.0000000000
60779  42.558  -16.602  24.240 0.0000000000
59116  40.150  -18.246  23.738 0.0000000000
59115  40.828  -17.927  24.074 0.0000000000
59100  41.493  -18.790  25.442 0.0000000000
59090  42.470  -18.545  26.659 0.0000000000
58278  41.803  -19.817  27.700 0.0000000000
58277  42.469  -19.253  27.845 0.0000000000
58268  42.313  -19.497  28.687 0.0000000000
51483  38.090  -27.299  28.717 0.0000000000
52279  38.720  -26.767  29.067 0.0000000000
51472  38.998  -27.121  30.070 0.0000000000
51444  39.991  -27.552  31.669 0.0000000000
51443  40.622  -27.019  31.939 0.0000000000
51428  40.850  -27.618  32.552 0.0000000000
122846  40.333  -28.967  33.953 0.0000000000
106330  41.096  -28.679  33.958 0.0000000000
50565  42.419  -28.041  34.200 0.0000000000
51413  42.110  -27.566  33.517 0.0000000000
51412  42.760  -27.452  33.890 0.0000000000
47942  30.174  -31.524  37.672 0.0000000000
47121  30.841  -31.954  38.145 0.0000000000
60806  41.767  -17.121  22.260 0.0000000000
109360  43.373  -16.841  22.458 0.0000000000
64936  48.502  -11.698  14.718 0.0000000000
31882  5.334  -50.545  50.324 0.0000000000
112652  3.928  -51.002  52.032 0.0000000000
31875  4.555  -50.884  51.723 0.0000000000
31865  4.422  -50.808  52.538 0.0000000000
32775  4.734  -50.152  53.851 0.0000000000
31855  4.227  -50.627  53.329 0.0000000000
30966  1.562  -51.463  52.057 0.0000000000
31877  2.376  -51.433  51.493 0.0000000000
53875  35.422  -24.780  26.556 0.0000000000
52319  34.378  -26.291  26.643 0.0000000000
52318  35.260  -26.291  26.918 0.0000000000
53048  36.015  -26.258  27.216 0.0000000000
52303  36.527  -26.736  27.592 0.0000000000
50624  35.793  -28.379  28.133 0.0000000000
50623  36.654  -28.180  28.414 0.0000000000
50610  36.946  -28.577  29.160 0.0000000000
50602  36.977  -29.034  29.976 0.0000000000
49772  34.239  -29.515  28.353 0.0000000000
127388  34.525  -29.081  28.141 0.0000000000
49748  37.287  -29.370  31.003 0.0000000000
112741  37.291  -29.521  31.825 0.0000000000
49731  37.747  -29.492  32.395 0.0000000000
110529  37.328  -29.556  33.078 0.0000000000
107708  37.392  -29.513  34.700 0.0000000000
107969  37.323  -29.545  33.833 0.0000000000
126703  37.430  -29.470  35.287 0.0000000000
42198  28.193  -38.154  38.133 0.0000000000
41298  26.008  -39.887  40.161 0.0000000000
41318  26.275  -39.527  39.225 0.0000000000
41297  26.702  -39.805  40.768 0.0000000000
41279  27.761  -39.533  41.553 0.0000000000
41296  27.556  -39.289  40.706 0.0000000000
42144  28.250  -38.695  40.397 0.0000000000
42132  28.931  -38.757  41.483 0.0000000000
41248  29.488  -39.649  43.821 0.0000000000
42121  29.466  -39.052  42.644 0.0000000000
42092  30.133  -39.339  44.197 0.0000000000
115634  30.566  -38.837  43.941 0.0000000000
128002  24.336  -41.552  43.890 0.0000000000
39532  25.881  -41.789  45.282 0.0000000000
39531  26.588  -41.669  45.287 0.0000000000
40352  28.899  -41.346  47.347 0.0000000000
39501  28.134  -41.767  47.255 0.0000000000
40366  28.500  -41.336  46.623 0.0000000000
40381  28.602  -40.844  45.396 0.0000000000
40380  29.303  -40.592  45.735 0.0000000000
41212  29.977  -40.218  46.146 0.0000000000
41145  18.866  -39.427  50.398 0.0000000000
41147  17.025  -39.870  49.356 0.0000000000
40316  17.015  -40.284  50.279 0.0000000000
39465  16.574  -41.061  50.538 0.0000000000
40356  16.398  -39.957  47.894 0.0000000000
40357  15.917  -40.542  47.359 0.0000000000
39483  15.924  -41.793  49.298 0.0000000000
38711  15.315  -43.173  48.906 0.0000000000
106655  14.608  -44.413  48.608 0.0000000000
37028  14.577  -44.806  49.408 0.0000000000
37042  14.095  -45.068  48.511 0.0000000000
38780  14.114  -42.291  43.707 0.0000000000
37932  12.880  -43.533  42.850 0.0000000000
37114  12.697  -44.083  43.630 0.0000000000
37918  13.141  -44.024  44.478 0.0000000000
37905  13.485  -44.006  45.265 0.0000000000
121422  13.924  -43.433  45.499 0.0000000000
106943  13.608  -44.647  46.577 0.0000000000
36165  13.383  -45.343  47.373 0.0000000000
35282  13.078  -46.413  49.234 0.0000000000
120971  12.914  -46.289  48.524 0.0000000000
35306  11.594  -46.804  47.516 0.0000000000
35298  11.704  -46.967  48.378 0.0000000000
35285  11.055  -47.433  48.678 0.0000000000
124644  10.062  -47.014  45.829 0.0000000000
35317  10.690  -46.849  46.232 0.0000000000
34518  8.990  -48.113  47.181 0.0000000000
34512  9.826  -47.977  48.309 0.0000000000
34513  9.182  -48.385  48.565 0.0000000000
33700  7.784  -48.956  48.344 0.0000000000
33692  7.227  -49.299  48.669 0.0000000000
32815  5.700  -49.748  48.185 0.0000000000
109133  5.148  -49.754  47.592 0.0000000000
32816  5.063  -50.065  48.375 0.0000000000
124842  4.494  -50.134  47.790 0.0000000000
41299  22.198  -39.864  39.860 0.0000000000
40465  22.564  -40.265  40.586 0.0000000000
123822  20.065  -39.334  39.770 0.0000000000
121520  20.572  -39.409  39.510 0.0000000000
123064  21.159  -40.511  41.856 0.0000000000
40415  21.201  -40.852  43.247 0.0000000000
119409  20.724  -40.700  43.946 0.0000000000
40385  20.727  -40.575  45.340 0.0000000000
41227  20.214  -40.107  45.673 0.0000000000
126057  18.333  -39.124  44.584 0.0000000000
42043  19.031  -39.257  46.877 0.0000000000
41198  19.882  -39.649  47.053 0.0000000000
41163  18.530  -39.231  49.483 0.0000000000
41162  19.322  -39.224  49.464 0.0000000000
124426  19.591  -39.656  51.338 0.0000000000
40292  17.996  -40.653  52.622 0.0000000000
36096  14.337  -46.277  52.064 0.0000000000
32791  5.923  -50.251  51.965 0.0000000000
32773  6.228  -49.703  53.548 0.0000000000
120333  6.609  -48.687  55.194 0.0000000000
33641  7.035  -48.065  55.858 0.0000000000
34451  7.924  -47.926  55.526 0.0000000000
34444  7.630  -47.859  56.639 0.0000000000
63298  47.288  -13.447  25.249 0.0000000000
109725  48.152  -13.024  25.181 0.0000000000
63289  47.926  -13.080  26.075 0.0000000000
63274  48.984  -13.436  27.746 0.0000000000
61636  43.696  -15.506  25.024 0.0000000000
61616  44.578  -15.390  26.682 0.0000000000
61606  45.532  -15.202  27.759 0.0000000000
59895  44.567  -17.246  29.002 0.0000000000
59894  44.880  -16.516  28.487 0.0000000000
108161  45.379  -16.525  29.358 0.0000000000
61591  47.423  -15.379  30.071 0.0000000000
61598  46.821  -15.078  29.162 0.0000000000
57431  37.500  -20.830  24.148 0.0000000000
57429  39.131  -20.459  24.671 0.0000000000
57419  38.620  -20.938  25.135 0.0000000000
56555  37.543  -21.884  26.928 0.0000000000
110115  37.596  -21.561  26.165 0.0000000000
112497  39.090  -21.139  27.911 0.0000000000
56554  39.240  -21.010  27.216 0.0000000000
56563  39.565  -20.854  26.358 0.0000000000
112984  39.892  -20.801  27.045 0.0000000000
57400  40.416  -20.615  27.424 0.0000000000
57394  40.189  -20.692  28.386 0.0000000000
121184  41.289  -20.448  29.851 0.0000000000
58249  41.882  -20.121  30.243 0.0000000000
57378  42.194  -20.395  30.927 0.0000000000
52291  39.298  -25.935  29.080 0.0000000000
53799  40.812  -24.786  30.600 0.0000000000
53812  40.861  -24.060  30.287 0.0000000000
54664  42.697  -23.177  32.427 0.0000000000
54671  42.193  -23.311  31.799 0.0000000000
125087  41.994  -22.807  31.317 0.0000000000
55598  42.057  -22.257  31.182 0.0000000000
48035  32.058  -31.513  31.993 0.0000000000
48888  32.756  -31.337  31.797 0.0000000000
48868  33.223  -30.963  32.566 0.0000000000
48837  32.068  -30.729  34.645 0.0000000000
48816  34.485  -30.420  35.299 0.0000000000
122939  33.791  -30.555  34.871 0.0000000000
48834  34.496  -30.422  34.474 0.0000000000
48850  34.392  -30.486  33.570 0.0000000000
48815  35.260  -30.221  34.812 0.0000000000
49674  37.453  -29.116  36.894 0.0000000000
50542  37.188  -28.879  37.830 0.0000000000
43974  30.764  -36.664  39.726 0.0000000000
43973  31.344  -36.138  39.596 0.0000000000
122196  31.966  -35.073  38.806 0.0000000000
44913  31.456  -35.694  38.861 0.0000000000
44925  31.613  -35.127  38.187 0.0000000000
45715  31.575  -34.386  37.571 0.0000000000
46397  32.342  -32.959  38.977 0.0000000000
47114  31.878  -32.001  39.423 0.0000000000
43894  32.898  -37.008  45.918 0.0000000000
111273  32.626  -36.990  45.046 0.0000000000
44852  33.538  -35.884  44.396 0.0000000000
45648  34.234  -34.877  43.269 0.0000000000
47087  34.895  -32.734  43.136 0.0000000000
46371  34.955  -33.570  43.639 0.0000000000
46378  34.833  -33.314  42.799 0.0000000000
46379  34.499  -33.588  42.080 0.0000000000
46383  34.097  -33.483  41.339 0.0000000000
47095  34.143  -32.645  41.534 0.0000000000
47870  32.883  -31.390  40.818 0.0000000000
47871  32.444  -31.086  40.372 0.0000000000
48758  31.996  -30.721  39.955 0.0000000000
48750  32.757  -30.783  40.559 0.0000000000
49638  33.667  -30.314  41.472 0.0000000000
49644  33.458  -29.998  40.931 0.0000000000
109052  33.880  -29.917  40.174 0.0000000000
122683  34.202  -29.737  40.781 0.0000000000
50456  34.901  -29.174  43.548 0.0000000000
50493  35.484  -28.944  41.354 0.0000000000
49642  35.358  -29.234  40.598 0.0000000000
49652  35.649  -29.217  39.889 0.0000000000
49662  36.068  -29.259  38.907 0.0000000000
63374  47.768  -12.420  15.610 0.0000000000
60858  44.907  -15.758  18.599 0.0000000000
61724  47.780  -14.530  16.465 0.0000000000
63363  48.178  -13.869  15.943 0.0000000000
61715  49.481  -15.534  17.597 0.0000000000
61706  49.758  -15.292  18.390 0.0000000000
62514  50.342  -14.422  18.387 0.0000000000
62515  49.846  -14.737  19.015 0.0000000000
61672  47.687  -15.474  21.040 0.0000000000
63333  48.825  -13.736  21.064 0.0000000000
62497  48.808  -14.564  20.445 0.0000000000
111153  49.899  -12.633  20.356 0.0000000000
64129  50.188  -11.903  22.191 0.0000000000
116463  52.817  -11.831  12.668 0.0000000000
64175  53.111  -12.244  14.216 0.0000000000
64159  52.776  -11.428  17.513 0.0000000000
32782  7.189  -49.538  52.084 0.0000000000
50559  39.751  -28.901  35.715 0.0000000000
40464  23.473  -40.319  40.576 0.0000000000
124683  24.603  -41.265  43.179 0.0000000000
41239  15.813  -39.510  44.770 0.0000000000
126542  15.558  -39.721  44.156 0.0000000000
111587  16.521  -38.528  41.984 0.0000000000
42116  16.846  -38.617  43.335 0.0000000000
37008  14.897  -44.991  51.315 0.0000000000
36095  14.992  -45.858  52.480 0.0000000000
62461  44.844  -14.625  24.797 0.0000000000
59061  43.772  -18.457  29.638 0.0000000000
54725  36.997  -23.580  27.224 0.0000000000
53857  37.326  -24.268  27.532 0.0000000000
49679  29.800  -30.057  37.117 0.0000000000
49688  30.169  -29.969  36.688 0.0000000000
49687  30.950  -29.926  36.888 0.0000000000
49667  31.388  -29.959  38.520 0.0000000000
42973  30.795  -38.313  43.345 0.0000000000
125151  45.791  -16.208  21.849 0.0000000000
63370  51.288  -13.742  15.494 0.0000000000
62535  50.566  -14.324  15.860 0.0000000000
62530  49.847  -14.843  16.274 0.0000000000
40384  21.434  -40.950  45.559 0.0000000000
112209  22.146  -41.345  45.373 0.0000000000
40383  22.122  -41.182  46.092 0.0000000000
40354  22.638  -41.067  47.382 0.0000000000
34468  11.439  -47.600  51.987 0.0000000000
121509  10.290  -47.704  54.336 0.0000000000
60789  41.796  -16.963  23.172 0.0000000000
59933  41.510  -17.601  24.370 0.0000000000
58294  41.203  -19.596  25.695 0.0000000000
58288  41.692  -19.746  26.820 0.0000000000
51459  38.770  -27.752  30.441 0.0000000000
50599  38.918  -28.125  30.995 0.0000000000
50566  41.679  -28.498  34.384 0.0000000000
31896  3.592  -51.003  49.485 0.0000000000
31883  4.545  -50.878  50.837 0.0000000000
31884  3.739  -51.079  50.407 0.0000000000
31876  3.218  -51.186  51.848 0.0000000000
52305  34.796  -26.992  27.043 0.0000000000
50635  35.162  -27.761  27.533 0.0000000000
124505  34.344  -30.421  29.457 0.0000000000
49751  34.919  -30.207  29.738 0.0000000000
49741  35.901  -29.951  31.426 0.0000000000
49732  36.956  -29.605  32.489 0.0000000000
110234  36.572  -29.696  34.355 0.0000000000
42179  26.948  -38.792  38.106 0.0000000000
40447  26.487  -40.301  41.614 0.0000000000
41278  28.438  -39.249  41.874 0.0000000000
41264  28.750  -39.526  42.658 0.0000000000
41249  28.805  -39.881  43.461 0.0000000000
39518  24.581  -41.908  46.108 0.0000000000
39533  25.008  -41.849  45.304 0.0000000000
106878  26.006  -42.134  46.740 0.0000000000
108019  26.880  -42.014  46.612 0.0000000000
40340  29.262  -41.400  48.148 0.0000000000
40365  29.354  -40.848  46.618 0.0000000000
41164  17.795  -39.446  49.412 0.0000000000
40344  16.504  -40.351  48.772 0.0000000000
107890  15.584  -41.103  46.893 0.0000000000
125977  15.725  -41.214  47.538 0.0000000000
38725  15.194  -42.964  48.206 0.0000000000
38781  13.598  -42.920  43.359 0.0000000000
37115  11.859  -44.585  43.410 0.0000000000
37094  12.523  -44.543  44.318 0.0000000000
112708  13.434  -44.991  46.925 0.0000000000
36166  12.703  -45.886  47.186 0.0000000000
33709  8.527  -48.546  47.882 0.0000000000
33718  7.426  -48.564  46.804 0.0000000000
106434  21.864  -39.556  39.084 0.0000000000
41322  21.252  -39.683  39.781 0.0000000000
41283  19.659  -39.692  41.585 0.0000000000
108831  20.071  -40.016  42.278 0.0000000000
40416  20.516  -40.537  43.287 0.0000000000
41238  19.382  -39.769  44.334 0.0000000000
42061  18.268  -39.082  46.265 0.0000000000
42032  18.921  -39.108  47.876 0.0000000000
32774  5.458  -49.954  53.638 0.0000000000
32763  5.905  -49.637  54.228 0.0000000000
33642  6.283  -48.486  56.040 0.0000000000
63283  47.300  -13.456  26.427 0.0000000000
62435  48.929  -14.041  28.624 0.0000000000
62424  49.064  -14.681  29.180 0.0000000000
60758  44.262  -16.054  26.882 0.0000000000
60726  46.200  -16.496  30.426 0.0000000000
55626  38.254  -22.243  28.252 0.0000000000
56547  38.841  -21.617  28.405 0.0000000000
56546  39.490  -21.144  28.504 0.0000000000
52263  40.261  -26.124  30.710 0.0000000000
53000  40.744  -25.530  31.030 0.0000000000
113363  41.154  -25.005  31.252 0.0000000000
53787  41.638  -24.823  31.733 0.0000000000
55587  43.112  -22.433  32.620 0.0000000000
48047  31.457  -31.639  31.683 0.0000000000
118059  33.043  -30.558  35.838 0.0000000000
113263  33.883  -30.495  36.033 0.0000000000
48799  34.842  -30.318  36.074 0.0000000000
49686  35.695  -30.037  36.013 0.0000000000
106552  36.067  -29.440  38.056 0.0000000000
43960  31.878  -35.896  40.252 0.0000000000
45696  32.557  -34.586  39.206 0.0000000000
46396  32.947  -33.539  39.501 0.0000000000
107913  33.264  -32.957  40.081 0.0000000000
44842  33.973  -35.774  45.886 0.0000000000
45630  34.471  -35.143  45.306 0.0000000000
47089  33.854  -31.706  41.882 0.0000000000
49631  33.457  -30.692  41.188 0.0000000000
49629  34.102  -29.960  42.351 0.0000000000
60857  45.631  -16.338  18.836 0.0000000000
61717  47.598  -15.594  17.259 0.0000000000
61716  48.584  -15.746  17.384 0.0000000000
61671  48.233  -14.574  21.153 0.0000000000
63324  48.741  -13.433  21.881 0.0000000000
63323  49.343  -12.798  21.571 0.0000000000
110735  52.861  -12.153  14.916 0.0000000000
64174  53.344  -12.317  14.483 0.0000000000
64929  52.219  -11.438  18.199 0.0000000000
64924  52.511  -11.247  18.967 0.0000000000
41178  21.148  -39.976  47.957 0.0000000000
40343  21.944  -40.293  48.423 0.0000000000
41132  21.969  -39.920  51.253 0.0000000000
34483  10.074  -47.961  51.004 0.0000000000
34484  9.582  -48.194  51.778 0.0000000000
34471  9.231  -48.253  52.644 0.0000000000
34450  8.772  -47.823  55.155 0.0000000000
59117  39.439  -18.524  23.399 0.0000000000
58312  39.810  -19.011  24.048 0.0000000000
57428  39.866  -20.180  25.011 0.0000000000
49729  39.301  -29.222  32.868 0.0000000000
49719  39.518  -29.220  33.650 0.0000000000
50558  40.654  -28.740  35.455 0.0000000000
50557  41.517  -28.550  35.172 0.0000000000
30979  2.272  -51.595  50.508 0.0000000000
30980  1.459  -51.772  50.131 0.0000000000
30973  0.746  -51.683  51.640 0.0000000000
30967  0.747  -51.467  52.567 0.0000000000
107638  0.920  -51.210  53.239 0.0000000000
48908  33.796  -30.764  29.657 0.0000000000
124948  25.365  -40.306  40.773 0.0000000000
40429  26.680  -40.583  42.491 0.0000000000
41200  16.809  -39.387  47.254 0.0000000000
41216  16.546  -39.291  46.413 0.0000000000
127555  15.680  -39.945  45.423 0.0000000000
127180  15.616  -40.332  45.956 0.0000000000
39521  15.392  -40.925  46.171 0.0000000000
38761  14.726  -42.245  45.919 0.0000000000
36206  11.228  -45.511  44.474 0.0000000000
106266  10.925  -45.968  44.965 0.0000000000
42135  17.810  -38.634  41.734 0.0000000000
42124  18.119  -38.878  42.490 0.0000000000
42099  17.212  -38.683  44.043 0.0000000000
42081  17.446  -38.898  45.620 0.0000000000
62459  47.380  -13.746  23.953 0.0000000000
110833  46.029  -14.197  24.425 0.0000000000
62451  46.387  -13.848  25.273 0.0000000000
59903  43.783  -17.465  27.786 0.0000000000
55658  36.112  -22.328  25.802 0.0000000000
55635  37.308  -22.766  27.351 0.0000000000
54696  39.791  -23.129  29.536 0.0000000000
52236  42.258  -26.229  33.009 0.0000000000
108609  30.227  -30.731  33.885 0.0000000000
48854  31.026  -30.979  33.470 0.0000000000
48819  31.397  -30.484  35.345 0.0000000000
48802  32.430  -30.410  36.442 0.0000000000
48786  33.422  -30.359  37.582 0.0000000000
48768  34.194  -30.108  38.711 0.0000000000
43023  29.588  -37.715  40.153 0.0000000000
43944  30.894  -37.066  40.985 0.0000000000
42990  31.218  -37.439  42.237 0.0000000000
43008  31.388  -37.006  41.677 0.0000000000
43943  31.612  -36.494  40.986 0.0000000000
43942  32.577  -35.881  41.797 0.0000000000
60845  44.428  -16.451  19.456 0.0000000000
107716  45.103  -16.649  19.573 0.0000000000
60844  45.889  -16.677  19.589 0.0000000000
60843  46.659  -16.594  19.456 0.0000000000
60830  47.078  -16.471  20.114 0.0000000000
60842  47.493  -16.431  19.452 0.0000000000
63362  51.613  -13.035  16.680 0.0000000000
40414  22.143  -41.188  43.301 0.0000000000
40413  23.103  -41.277  42.956 0.0000000000
39559  22.903  -41.473  43.839 0.0000000000
39535  22.757  -41.555  45.703 0.0000000000
39519  23.579  -41.752  46.163 0.0000000000
107528  24.864  -41.984  47.670 0.0000000000
40342  22.683  -40.522  48.804 0.0000000000
40327  23.804  -40.886  49.775 0.0000000000
39481  24.017  -41.210  48.840 0.0000000000
41269  15.347  -39.623  42.111 0.0000000000
109335  13.526  -46.600  50.847 0.0000000000
35233  13.297  -47.386  53.465 0.0000000000
34457  11.412  -47.590  53.033 0.0000000000
121764  11.474  -47.530  54.032 0.0000000000
61665  43.511  -16.103  23.357 0.0000000000
60778  43.078  -16.037  24.598 0.0000000000
59923  43.069  -16.981  25.891 0.0000000000
59925  41.824  -17.983  25.082 0.0000000000
59914  42.762  -17.763  26.279 0.0000000000
59071  42.953  -18.839  28.286 0.0000000000
58256  43.238  -19.011  29.929 0.0000000000
52264  39.650  -26.670  30.454 0.0000000000
52250  41.128  -26.388  31.992 0.0000000000
50581  40.407  -28.289  32.664 0.0000000000
50580  41.044  -28.147  33.012 0.0000000000
50572  41.540  -28.239  33.626 0.0000000000
52223  41.853  -26.859  33.002 0.0000000000
47926  29.966  -31.011  37.838 0.0000000000
42926  31.991  -38.147  46.031 0.0000000000
42941  32.286  -37.622  45.463 0.0000000000
60847  42.710  -15.967  19.775 0.0000000000
123341  43.365  -17.022  21.344 0.0000000000
64178  48.956  -12.605  14.830 0.0000000000
127003  5.713  -50.198  49.634 0.0000000000
122990  6.191  -50.121  50.225 0.0000000000
31864  5.178  -50.617  52.260 0.0000000000
127561  3.569  -50.681  53.608 0.0000000000
32766  3.692  -49.971  54.907 0.0000000000
54739  35.606  -23.869  26.416 0.0000000000
53874  36.077  -24.338  26.737 0.0000000000
53047  36.400  -25.730  27.248 0.0000000000
53064  35.724  -25.629  26.880 0.0000000000
52302  36.921  -26.047  27.579 0.0000000000
52293  37.322  -26.636  27.958 0.0000000000
115374  37.623  -27.204  28.335 0.0000000000
51484  37.497  -27.880  28.784 0.0000000000
50593  38.017  -29.072  31.134 0.0000000000
49771  35.497  -29.019  28.464 0.0000000000
49757  36.249  -29.406  29.709 0.0000000000
128125  36.611  -28.970  29.413 0.0000000000
49738  38.321  -29.258  31.865 0.0000000000
49730  38.537  -29.383  32.647 0.0000000000
49711  38.072  -29.457  34.145 0.0000000000
50540  38.711  -28.667  37.132 0.0000000000
124136  25.640  -39.518  38.479 0.0000000000
41336  26.438  -39.230  38.515 0.0000000000
41335  27.005  -39.037  38.928 0.0000000000
42161  27.660  -38.745  39.309 0.0000000000
42160  28.303  -38.460  39.671 0.0000000000
42159  28.848  -38.224  40.145 0.0000000000
127504  29.200  -38.174  40.538 0.0000000000
42143  29.506  -38.242  41.083 0.0000000000
42109  30.137  -38.563  42.573 0.0000000000
42074  31.314  -38.537  44.984 0.0000000000
39558  23.767  -41.429  43.474 0.0000000000
39557  25.090  -41.472  43.800 0.0000000000
39545  25.480  -41.642  44.540 0.0000000000
39556  26.032  -41.265  43.738 0.0000000000
122527  26.884  -41.086  44.070 0.0000000000
40396  27.653  -40.906  44.340 0.0000000000
116785  27.715  -41.736  46.571 0.0000000000
39515  27.238  -41.637  45.759 0.0000000000
40382  27.843  -41.113  45.155 0.0000000000
41225  29.801  -40.034  45.338 0.0000000000
41235  30.329  -39.542  44.939 0.0000000000
42075  30.920  -39.105  45.335 0.0000000000
111733  31.533  -38.698  45.685 0.0000000000
41127  19.231  -39.987  52.378 0.0000000000
40303  17.789  -40.143  51.695 0.0000000000
40315  17.491  -40.074  50.810 0.0000000000
40331  16.162  -41.074  49.046 0.0000000000
39466  16.072  -41.936  50.257 0.0000000000
38700  15.753  -42.827  50.475 0.0000000000
37840  15.065  -44.169  50.063 0.0000000000
111482  14.822  -40.981  43.850 0.0000000000
39549  14.533  -41.673  44.002 0.0000000000
38751  14.358  -43.055  46.078 0.0000000000
108942  13.865  -45.023  47.786 0.0000000000
36139  13.694  -46.022  49.579 0.0000000000
110890  10.200  -47.895  49.547 0.0000000000
35307  10.754  -47.175  47.184 0.0000000000
34511  10.524  -47.610  48.047 0.0000000000
106665  10.380  -47.811  48.860 0.0000000000
34497  9.107  -48.552  49.388 0.0000000000
33690  8.492  -48.867  49.571 0.0000000000
32805  7.038  -49.539  49.301 0.0000000000
121555  4.205  -50.778  49.128 0.0000000000
31907  3.579  -50.842  48.577 0.0000000000
40450  22.937  -40.620  41.301 0.0000000000
123719  22.462  -40.830  41.955 0.0000000000
124380  20.977  -39.903  40.508 0.0000000000
114114  20.374  -39.871  40.949 0.0000000000
41213  20.904  -40.262  46.691 0.0000000000
41228  19.491  -39.743  45.271 0.0000000000
41214  20.352  -39.997  46.476 0.0000000000
41197  20.624  -39.950  47.202 0.0000000000
110274  20.585  -39.635  48.707 0.0000000000
41161  20.144  -39.434  49.427 0.0000000000
114909  14.050  -46.043  51.120 0.0000000000
32790  6.645  -49.896  51.656 0.0000000000
33659  6.977  -49.177  53.574 0.0000000000
33658  7.788  -48.728  53.654 0.0000000000
33650  8.172  -48.231  54.484 0.0000000000
62445  44.741  -14.893  26.193 0.0000000000
62437  45.949  -14.567  27.366 0.0000000000
60748  45.191  -15.881  28.083 0.0000000000
62426  47.378  -14.516  28.761 0.0000000000
56577  37.337  -21.513  25.470 0.0000000000
56576  38.061  -21.261  25.677 0.0000000000
56575  38.792  -21.057  25.951 0.0000000000
57386  40.839  -20.454  29.113 0.0000000000
58248  42.449  -19.829  30.648 0.0000000000
53034  39.081  -25.127  28.747 0.0000000000
53823  39.500  -24.366  29.152 0.0000000000
125308  39.877  -23.762  29.441 0.0000000000
54695  40.394  -23.416  29.907 0.0000000000
53797  41.888  -24.039  31.771 0.0000000000
114110  42.387  -23.817  32.278 0.0000000000
55607  40.720  -22.547  30.211 0.0000000000
56521  41.790  -21.683  30.862 0.0000000000
57366  42.125  -21.076  31.045 0.0000000000
56502  42.933  -21.688  32.107 0.0000000000
106261  32.983  -31.308  30.864 0.0000000000
48887  33.631  -30.965  31.532 0.0000000000
48853  31.922  -30.968  33.586 0.0000000000
48852  32.713  -30.940  33.261 0.0000000000
48835  32.984  -30.643  34.941 0.0000000000
48851  33.407  -30.761  33.448 0.0000000000
122459  33.913  -30.700  32.932 0.0000000000
48867  34.574  -30.514  32.625 0.0000000000
49712  35.822  -29.992  34.415 0.0000000000
110796  36.477  -29.695  35.932 0.0000000000
49698  37.330  -29.422  35.918 0.0000000000
50551  38.161  -28.870  36.862 0.0000000000
43039  30.136  -37.057  39.398 0.0000000000
43990  30.261  -36.640  38.481 0.0000000000
44926  30.926  -35.848  38.147 0.0000000000
47130  31.304  -32.861  37.657 0.0000000000
47905  31.004  -30.993  39.082 0.0000000000
128159  32.238  -37.422  44.865 0.0000000000
43893  33.364  -36.347  45.280 0.0000000000
126996  33.081  -36.041  43.851 0.0000000000
44872  33.607  -34.986  41.940 0.0000000000
45636  34.844  -34.264  44.650 0.0000000000
46367  35.159  -33.353  44.458 0.0000000000
121112  34.670  -34.433  43.723 0.0000000000
45659  34.188  -34.577  42.415 0.0000000000
45680  33.800  -33.920  40.894 0.0000000000
47105  32.977  -32.184  40.514 0.0000000000
47096  33.389  -31.956  41.210 0.0000000000
47904  31.699  -31.170  39.654 0.0000000000
49655  31.757  -30.224  39.343 0.0000000000
49654  32.464  -30.108  39.544 0.0000000000
49653  33.462  -30.068  39.374 0.0000000000
49619  34.473  -29.895  43.255 0.0000000000
50494  34.743  -29.287  42.008 0.0000000000
50474  35.202  -28.817  42.720 0.0000000000
49643  34.799  -29.604  40.170 0.0000000000
107981  34.784  -29.873  38.852 0.0000000000
49663  35.430  -29.673  38.477 0.0000000000
111914  36.567  -29.126  38.139 0.0000000000
50517  37.366  -28.309  39.322 0.0000000000
50529  36.884  -28.753  38.721 0.0000000000
61721  50.032  -15.151  17.043 0.0000000000
61696  48.302  -16.018  19.743 0.0000000000
62509  48.889  -15.327  19.842 0.0000000000
62508  49.435  -14.462  19.762 0.0000000000
64140  50.528  -11.844  20.471 0.0000000000
64128  50.727  -11.579  21.436 0.0000000000
37054  13.819  -44.783  47.233 0.0000000000
42122  29.003  -39.002  42.132 0.0000000000
48898  34.375  -30.644  30.108 0.0000000000
124933  34.916  -29.346  28.447 0.0000000000
126212  32.422  -35.537  40.454 0.0000000000
126261  35.285  -28.850  42.012 0.0000000000
