#!ascii label  , from subject sub-v1s12x0050113_ses-1 vox2ras=TkReg
975
85444  40.235  16.358  12.069 0.0000000000
87212  43.424  20.122  14.974 0.0000000000
81275  46.196  10.419  20.295 0.0000000000
84743  36.548  16.032  17.025 0.0000000000
82747  38.374  12.248  18.306 0.0000000000
87867  43.509  20.872  11.989 0.0000000000
115269  39.169  22.773  18.252 0.0000000000
91758  45.220  27.503  19.678 0.0000000000
77699  47.419  5.824  22.508 0.0000000000
77744  43.887  5.565  17.733 0.0000000000
86057  45.698  17.136  10.210 0.0000000000
107117  43.884  12.390  15.567 0.0000000000
113278  45.536  15.127  15.836 0.0000000000
82716  46.919  12.678  21.477 0.0000000000
111515  40.379  28.710  12.542 0.0000000000
90502  46.138  24.115  15.128 0.0000000000
123480  40.627  8.385  19.802 0.0000000000
84762  38.683  16.181  15.018 0.0000000000
83437  37.910  14.024  17.809 0.0000000000
84096  39.775  14.272  16.299 0.0000000000
86676  41.560  17.489  10.427 0.0000000000
86050  37.729  17.544  10.813 0.0000000000
91128  41.983  25.809  20.892 0.0000000000
76970  48.475  4.122  22.822 0.0000000000
76996  48.738  3.713  19.652 0.0000000000
75517  47.860  2.620  19.069 0.0000000000
93980  41.916  30.924  8.947 0.0000000000
86645  44.595  18.613  12.889 0.0000000000
84765  45.975  14.798  12.311 0.0000000000
86034  42.623  17.352  14.554 0.0000000000
84031  41.058  14.016  21.098 0.0000000000
84038  43.801  14.645  20.139 0.0000000000
107291  44.107  12.248  22.185 0.0000000000
81262  46.619  10.738  23.989 0.0000000000
89798  44.517  23.083  17.889 0.0000000000
91793  46.014  26.044  17.428 0.0000000000
88470  46.162  21.521  15.866 0.0000000000
108014  46.493  20.708  13.021 0.0000000000
124446  45.388  11.648  17.240 0.0000000000
81298  42.224  10.937  18.807 0.0000000000
81278  43.301  10.229  20.055 0.0000000000
116141  36.502  11.113  19.141 0.0000000000
110991  36.829  8.871  18.442 0.0000000000
109690  44.362  25.436  12.427 0.0000000000
89840  42.223  23.180  13.321 0.0000000000
121871  41.265  21.410  17.046 0.0000000000
86016  41.484  18.002  16.526 0.0000000000
108338  38.020  26.451  17.802 0.0000000000
119732  39.817  26.487  16.981 0.0000000000
90479  42.115  24.822  18.536 0.0000000000
79778  46.677  8.779  21.831 0.0000000000
106415  43.861  7.766  21.696 0.0000000000
77722  45.407  5.413  20.290 0.0000000000
77741  47.173  5.099  16.955 0.0000000000
84789  43.040  15.792  10.531 0.0000000000
84112  42.101  14.457  14.071 0.0000000000
83473  45.655  13.812  12.092 0.0000000000
82792  46.845  13.266  14.476 0.0000000000
82762  47.465  12.642  17.607 0.0000000000
85394  43.425  16.168  17.497 0.0000000000
84045  46.510  14.395  19.049 0.0000000000
82721  48.219  12.040  19.961 0.0000000000
116297  48.022  10.093  22.062 0.0000000000
79076  47.783  7.509  24.183 0.0000000000
93961  38.928  30.202  9.696 0.0000000000
93446  43.655  30.184  12.023 0.0000000000
123099  44.899  27.888  15.303 0.0000000000
118232  45.271  27.065  13.332 0.0000000000
89854  45.878  23.435  12.104 0.0000000000
87269  45.106  19.330  10.049 0.0000000000
82779  41.642  12.655  16.698 0.0000000000
121668  39.518  10.034  19.144 0.0000000000
79133  38.306  7.372  18.098 0.0000000000
78453  42.225  6.423  19.544 0.0000000000
84769  39.700  16.237  13.675 0.0000000000
84752  39.258  15.595  15.263 0.0000000000
84760  40.024  15.608  14.512 0.0000000000
85460  40.086  17.072  10.467 0.0000000000
86678  39.478  17.536  10.490 0.0000000000
85445  39.445  16.634  11.829 0.0000000000
85438  38.069  16.890  13.028 0.0000000000
110856  47.748  3.278  23.047 0.0000000000
75500  48.832  2.809  21.168 0.0000000000
75510  47.044  2.518  20.657 0.0000000000
79802  35.247  8.097  16.407 0.0000000000
87222  43.817  19.628  14.361 0.0000000000
86041  43.564  17.363  13.194 0.0000000000
86639  42.545  18.361  14.481 0.0000000000
83379  41.997  12.835  22.230 0.0000000000
83389  42.474  13.151  21.499 0.0000000000
108898  43.947  21.770  16.734 0.0000000000
89137  45.536  22.160  17.351 0.0000000000
87832  44.899  20.923  15.432 0.0000000000
87843  45.531  20.677  14.654 0.0000000000
82046  46.175  11.272  18.913 0.0000000000
82047  44.833  11.120  19.054 0.0000000000
81276  45.143  10.369  20.327 0.0000000000
84731  35.805  15.777  17.527 0.0000000000
84091  36.326  15.067  17.922 0.0000000000
83436  38.622  13.546  17.574 0.0000000000
82749  36.987  12.766  18.794 0.0000000000
82065  37.952  11.633  18.662 0.0000000000
81302  36.956  10.121  18.899 0.0000000000
122643  38.202  11.006  18.726 0.0000000000
89855  44.007  23.736  12.443 0.0000000000
89856  42.938  23.888  12.916 0.0000000000
88493  42.454  22.149  13.220 0.0000000000
85423  36.409  16.901  15.641 0.0000000000
85412  35.330  16.765  16.584 0.0000000000
88452  40.620  21.773  17.399 0.0000000000
87816  40.562  20.393  17.108 0.0000000000
88443  39.170  20.895  17.889 0.0000000000
107643  40.054  24.539  19.022 0.0000000000
121543  41.946  25.426  19.244 0.0000000000
116298  40.499  23.921  18.313 0.0000000000
122876  41.523  23.167  17.696 0.0000000000
110989  47.038  7.602  22.462 0.0000000000
78425  45.506  6.566  21.974 0.0000000000
78424  46.443  6.279  22.186 0.0000000000
77002  49.025  3.970  17.796 0.0000000000
77000  47.906  4.574  18.364 0.0000000000
77748  48.501  4.920  15.610 0.0000000000
85458  44.324  16.112  9.781 0.0000000000
84134  44.244  14.689  10.846 0.0000000000
84139  45.396  15.101  10.643 0.0000000000
84757  45.186  15.272  14.169 0.0000000000
84119  46.969  14.097  13.146 0.0000000000
84103  46.991  14.135  14.776 0.0000000000
82783  46.967  13.137  15.981 0.0000000000
84094  47.056  14.136  16.541 0.0000000000
110641  41.471  17.551  17.400 0.0000000000
86004  41.930  17.285  16.751 0.0000000000
85377  42.520  16.463  18.500 0.0000000000
83396  45.107  14.148  20.287 0.0000000000
84047  45.157  14.977  19.450 0.0000000000
83394  46.496  13.624  20.448 0.0000000000
83393  47.704  13.078  19.940 0.0000000000
108536  47.634  12.617  21.102 0.0000000000
114829  48.036  10.218  21.276 0.0000000000
82025  47.855  11.407  22.068 0.0000000000
80444  46.666  9.803  25.068 0.0000000000
80464  47.458  9.150  23.959 0.0000000000
93463  39.804  29.530  11.270 0.0000000000
93952  41.307  30.430  10.711 0.0000000000
93447  42.073  29.623  12.145 0.0000000000
92386  43.567  28.128  18.443 0.0000000000
91794  41.944  26.855  16.717 0.0000000000
127817  43.664  27.881  17.637 0.0000000000
108475  45.997  24.814  15.816 0.0000000000
109935  45.323  27.494  16.008 0.0000000000
118992  45.573  26.842  15.183 0.0000000000
126420  45.149  27.900  14.134 0.0000000000
91167  45.632  25.387  13.579 0.0000000000
90532  45.624  24.787  12.819 0.0000000000
89839  46.290  23.402  13.410 0.0000000000
86652  46.121  19.288  11.548 0.0000000000
87267  46.202  19.883  10.631 0.0000000000
86684  45.709  18.250  9.803 0.0000000000
86066  43.407  17.365  9.917 0.0000000000
83449  43.198  13.123  14.933 0.0000000000
83451  41.448  13.667  15.664 0.0000000000
82778  42.469  12.759  16.145 0.0000000000
81293  41.911  10.290  19.441 0.0000000000
81299  41.402  10.839  18.802 0.0000000000
80503  40.453  9.204  19.672 0.0000000000
79792  38.977  8.436  19.024 0.0000000000
79130  39.701  7.666  19.083 0.0000000000
77724  43.703  6.222  20.431 0.0000000000
109197  43.024  6.918  20.935 0.0000000000
77731  42.998  5.998  19.285 0.0000000000
106605  37.750  16.130  15.984 0.0000000000
84730  36.994  15.344  17.332 0.0000000000
84741  38.246  15.500  16.367 0.0000000000
84097  38.879  14.780  16.573 0.0000000000
83435  39.401  13.150  17.313 0.0000000000
87256  42.609  19.135  11.433 0.0000000000
85430  37.434  16.833  14.554 0.0000000000
77698  48.186  5.400  22.899 0.0000000000
76985  47.644  4.486  21.505 0.0000000000
76984  48.621  3.664  21.417 0.0000000000
76280  49.153  3.054  19.635 0.0000000000
86048  45.665  17.735  11.042 0.0000000000
85440  45.624  15.777  11.114 0.0000000000
85442  44.358  16.830  12.532 0.0000000000
85427  44.357  15.818  13.694 0.0000000000
84758  44.102  15.755  14.734 0.0000000000
84691  41.608  15.349  19.978 0.0000000000
109422  42.567  15.742  19.456 0.0000000000
84039  42.703  14.461  20.358 0.0000000000
83388  44.160  13.069  21.269 0.0000000000
82718  45.114  12.887  21.447 0.0000000000
82027  46.502  11.698  22.675 0.0000000000
82028  45.593  11.702  22.818 0.0000000000
81247  45.985  10.780  24.576 0.0000000000
113582  46.337  9.763  25.699 0.0000000000
92961  39.559  28.270  13.052 0.0000000000
91140  45.142  25.464  19.176 0.0000000000
112478  45.948  26.250  18.921 0.0000000000
128322  45.895  24.411  18.154 0.0000000000
89807  46.257  22.973  17.067 0.0000000000
89814  46.368  23.137  15.799 0.0000000000
89838  46.509  22.536  13.456 0.0000000000
87842  46.497  20.916  14.054 0.0000000000
87230  46.075  19.884  13.012 0.0000000000
82097  44.908  11.794  16.706 0.0000000000
82764  43.191  11.969  17.033 0.0000000000
110484  44.162  11.367  18.249 0.0000000000
81297  42.944  10.701  19.304 0.0000000000
80495  41.855  9.037  20.425 0.0000000000
77759  44.662  5.724  15.599 0.0000000000
109843  43.383  5.625  17.127 0.0000000000
82048  35.089  12.067  19.385 0.0000000000
83425  36.484  13.623  18.716 0.0000000000
124282  35.721  12.296  19.321 0.0000000000
81304  35.241  10.526  18.886 0.0000000000
80509  35.247  9.824  18.534 0.0000000000
79797  36.065  8.549  18.050 0.0000000000
108969  36.098  7.997  17.488 0.0000000000
91830  42.977  26.225  12.222 0.0000000000
91182  42.373  25.444  12.597 0.0000000000
87821  42.993  21.253  16.185 0.0000000000
87214  41.776  19.379  15.722 0.0000000000
87202  41.374  19.744  16.284 0.0000000000
86617  40.476  18.914  17.424 0.0000000000
85998  40.531  17.667  18.457 0.0000000000
122147  40.674  16.504  19.445 0.0000000000
126171  39.862  15.567  20.472 0.0000000000
91785  39.146  26.525  17.781 0.0000000000
91772  41.605  27.370  18.453 0.0000000000
92362  44.258  28.400  20.079 0.0000000000
91141  44.072  25.557  19.175 0.0000000000
90482  43.604  23.794  18.015 0.0000000000
89128  42.813  22.241  17.151 0.0000000000
80490  46.672  9.963  20.821 0.0000000000
80482  44.910  9.004  21.514 0.0000000000
79779  45.677  8.491  22.010 0.0000000000
78439  44.577  6.675  21.620 0.0000000000
125913  45.040  5.452  19.342 0.0000000000
77727  46.530  4.896  19.839 0.0000000000
77728  45.940  5.166  19.140 0.0000000000
106841  45.156  5.468  16.794 0.0000000000
115503  41.738  16.117  11.408 0.0000000000
84767  41.208  15.478  13.339 0.0000000000
84774  42.408  15.442  11.933 0.0000000000
84121  43.661  13.980  12.848 0.0000000000
123593  44.603  13.119  13.538 0.0000000000
84126  46.153  14.301  11.953 0.0000000000
82798  46.185  13.024  13.261 0.0000000000
112055  45.608  12.599  14.513 0.0000000000
82775  46.238  12.421  15.938 0.0000000000
82080  47.208  12.004  17.552 0.0000000000
82045  47.280  11.453  18.842 0.0000000000
124200  42.339  17.301  15.436 0.0000000000
85408  43.139  16.259  16.225 0.0000000000
84739  45.084  15.434  16.884 0.0000000000
84707  43.835  15.833  18.776 0.0000000000
84705  45.386  15.291  18.706 0.0000000000
84727  46.117  14.984  18.040 0.0000000000
83423  47.121  13.781  18.548 0.0000000000
82745  47.795  12.458  18.491 0.0000000000
81288  47.711  11.234  19.507 0.0000000000
81267  47.900  10.442  20.667 0.0000000000
79777  47.410  9.035  21.810 0.0000000000
79087  47.701  8.173  22.738 0.0000000000
81260  47.710  10.419  22.802 0.0000000000
80463  47.775  9.192  23.087 0.0000000000
78411  47.901  7.356  23.255 0.0000000000
78410  48.395  5.654  23.402 0.0000000000
93969  40.277  30.777  9.153 0.0000000000
93958  42.866  30.951  10.193 0.0000000000
93458  44.345  29.917  11.655 0.0000000000
126332  44.766  27.977  16.928 0.0000000000
92948  42.654  28.094  14.064 0.0000000000
92958  43.934  29.192  13.120 0.0000000000
92956  44.651  28.800  13.137 0.0000000000
92443  44.770  28.124  12.440 0.0000000000
91181  44.918  26.074  12.512 0.0000000000
89861  45.162  23.522  11.954 0.0000000000
88501  44.712  22.002  11.753 0.0000000000
89178  46.473  21.834  11.955 0.0000000000
88507  45.976  21.566  11.250 0.0000000000
87876  44.023  20.314  11.313 0.0000000000
87271  43.168  18.633  10.665 0.0000000000
109407  42.007  16.805  10.267 0.0000000000
84104  40.998  14.277  15.278 0.0000000000
83452  40.614  13.927  16.004 0.0000000000
82768  39.604  12.464  17.635 0.0000000000
82766  41.821  12.063  17.370 0.0000000000
82086  40.491  11.723  17.962 0.0000000000
119771  39.377  11.354  18.358 0.0000000000
79793  38.525  9.340  19.030 0.0000000000
79796  37.520  8.465  18.476 0.0000000000
79116  43.244  8.319  21.380 0.0000000000
79786  42.485  8.647  20.880 0.0000000000
79128  41.200  7.356  19.818 0.0000000000
77746  41.997  5.823  17.310 0.0000000000
79132  40.078  6.982  18.820 0.0000000000
75529  45.901  2.623  18.535 0.0000000000
75544  47.277  2.767  17.427 0.0000000000
85435  40.019  16.323  12.834 0.0000000000
84768  40.455  15.854  13.591 0.0000000000
85452  40.122  16.663  11.182 0.0000000000
85436  39.351  16.485  12.844 0.0000000000
75502  47.324  2.628  21.507 0.0000000000
86638  43.258  18.764  13.977 0.0000000000
87223  42.882  19.302  14.651 0.0000000000
88459  44.196  21.246  16.045 0.0000000000
125050  43.977  20.733  15.324 0.0000000000
87844  44.388  20.395  14.782 0.0000000000
81290  45.671  10.822  19.673 0.0000000000
126596  36.433  15.557  17.451 0.0000000000
82769  38.831  12.750  17.838 0.0000000000
82748  37.695  12.339  18.607 0.0000000000
117158  37.482  10.964  18.922 0.0000000000
82064  38.649  11.505  18.437 0.0000000000
89179  44.252  22.684  12.224 0.0000000000
89180  43.205  22.965  12.868 0.0000000000
88503  42.969  21.448  12.643 0.0000000000
85410  36.937  16.387  16.249 0.0000000000
85411  36.125  16.618  16.428 0.0000000000
84744  35.812  16.351  17.019 0.0000000000
89119  39.938  22.244  17.727 0.0000000000
88453  39.860  21.358  17.571 0.0000000000
106970  39.152  21.806  17.941 0.0000000000
89793  39.562  23.716  18.508 0.0000000000
89118  40.129  23.105  17.992 0.0000000000
89792  40.888  23.332  17.907 0.0000000000
108430  47.175  6.736  22.513 0.0000000000
77713  46.758  5.338  21.852 0.0000000000
77003  48.770  4.352  17.002 0.0000000000
84792  45.258  16.349  9.755 0.0000000000
84787  44.966  15.338  10.185 0.0000000000
84786  45.381  15.741  10.251 0.0000000000
84748  46.102  14.715  14.706 0.0000000000
112486  46.404  14.629  15.574 0.0000000000
84102  47.153  13.912  15.496 0.0000000000
84095  46.822  14.349  15.981 0.0000000000
85997  41.282  17.322  18.206 0.0000000000
85396  41.967  16.926  18.052 0.0000000000
85378  41.770  16.730  18.617 0.0000000000
83386  45.873  13.389  20.937 0.0000000000
83395  45.766  13.925  20.328 0.0000000000
83385  46.546  13.206  21.031 0.0000000000
82723  47.248  13.163  20.665 0.0000000000
82715  47.608  12.115  21.683 0.0000000000
80429  46.727  9.221  25.550 0.0000000000
92974  39.608  28.709  12.393 0.0000000000
92983  39.253  29.018  11.861 0.0000000000
93449  40.098  29.174  11.932 0.0000000000
93448  41.041  29.359  12.048 0.0000000000
92973  41.393  28.855  12.681 0.0000000000
92375  44.394  28.460  19.355 0.0000000000
92374  45.078  28.099  19.096 0.0000000000
91160  45.761  25.804  15.463 0.0000000000
108364  45.816  25.085  14.648 0.0000000000
91818  45.618  26.103  14.386 0.0000000000
90514  45.947  24.308  13.743 0.0000000000
121514  45.908  17.938  10.332 0.0000000000
86672  46.006  18.446  10.186 0.0000000000
86065  45.774  17.765  9.891 0.0000000000
86076  45.036  17.222  9.356 0.0000000000
82787  43.872  12.694  14.973 0.0000000000
82788  43.171  12.758  15.553 0.0000000000
80502  41.359  9.502  19.884 0.0000000000
79791  39.928  8.435  19.440 0.0000000000
77730  43.647  5.879  19.536 0.0000000000
77736  43.566  5.696  18.610 0.0000000000
85421  37.999  16.413  15.198 0.0000000000
84753  38.490  15.868  15.664 0.0000000000
84106  39.505  14.935  15.841 0.0000000000
83444  39.218  13.931  16.960 0.0000000000
86662  42.123  18.273  10.924 0.0000000000
87257  41.599  18.845  11.641 0.0000000000
86663  41.005  18.074  10.878 0.0000000000
86070  38.569  17.570  10.585 0.0000000000
86665  38.939  18.116  10.525 0.0000000000
124885  38.279  16.603  14.246 0.0000000000
116432  37.559  16.975  13.680 0.0000000000
77697  48.496  4.879  23.159 0.0000000000
76971  48.413  4.136  22.239 0.0000000000
76242  48.669  3.421  22.126 0.0000000000
123132  48.699  2.692  20.549 0.0000000000
76273  49.157  2.944  20.428 0.0000000000
75526  48.968  2.989  19.020 0.0000000000
75542  48.910  3.497  18.211 0.0000000000
75527  48.593  2.977  18.386 0.0000000000
93981  40.865  30.753  8.734 0.0000000000
93505  39.792  29.636  8.137 0.0000000000
86654  45.049  18.155  12.024 0.0000000000
86049  44.993  17.201  11.797 0.0000000000
86655  44.270  17.691  12.637 0.0000000000
86033  43.055  17.094  13.687 0.0000000000
85434  43.784  16.573  13.287 0.0000000000
85428  43.338  16.435  14.341 0.0000000000
85419  43.397  16.144  15.261 0.0000000000
84040  41.703  14.572  20.417 0.0000000000
84690  42.389  15.116  19.985 0.0000000000
83399  41.892  13.945  20.780 0.0000000000
82719  43.005  12.631  21.909 0.0000000000
108937  43.279  13.375  21.070 0.0000000000
82711  45.279  12.259  22.144 0.0000000000
82029  44.574  11.706  22.926 0.0000000000
82020  44.956  11.393  23.743 0.0000000000
82013  45.227  11.154  24.565 0.0000000000
81228  46.122  10.309  25.275 0.0000000000
81229  45.430  10.827  25.382 0.0000000000
117678  44.720  23.852  18.187 0.0000000000
90476  45.345  24.529  18.497 0.0000000000
89790  45.481  23.443  17.986 0.0000000000
88458  45.859  21.807  16.753 0.0000000000
89136  46.065  22.273  17.163 0.0000000000
89146  46.361  22.157  16.271 0.0000000000
88469  46.624  21.645  15.258 0.0000000000
88482  46.367  21.123  14.881 0.0000000000
87231  45.228  19.498  13.313 0.0000000000
87856  45.837  20.250  13.794 0.0000000000
86644  45.507  19.084  12.507 0.0000000000
86653  45.798  18.749  11.658 0.0000000000
82082  44.531  11.595  17.444 0.0000000000
81292  43.944  10.734  19.585 0.0000000000
82059  43.774  11.078  18.927 0.0000000000
81279  42.554  10.114  19.882 0.0000000000
80494  42.671  9.518  20.472 0.0000000000
82729  34.618  12.577  19.417 0.0000000000
83406  35.292  12.802  19.359 0.0000000000
84090  37.267  14.601  17.749 0.0000000000
84069  37.231  13.881  18.278 0.0000000000
82066  37.189  11.807  18.970 0.0000000000
107281  36.384  12.085  19.201 0.0000000000
82067  35.719  11.622  19.282 0.0000000000
107774  35.674  10.953  19.132 0.0000000000
81303  35.964  10.311  18.910 0.0000000000
125425  36.890  9.454  18.686 0.0000000000
80508  36.167  9.418  18.566 0.0000000000
79798  36.804  8.056  17.938 0.0000000000
91829  44.118  26.448  12.294 0.0000000000
107384  43.346  25.503  12.469 0.0000000000
90535  42.661  24.716  12.818 0.0000000000
90515  42.021  24.070  13.283 0.0000000000
89841  41.244  23.453  13.487 0.0000000000
106373  41.951  21.132  16.562 0.0000000000
87834  42.088  20.410  15.897 0.0000000000
87822  41.468  20.422  16.435 0.0000000000
87197  40.428  19.754  17.223 0.0000000000
86005  40.779  18.052  17.760 0.0000000000
85991  39.405  17.515  19.380 0.0000000000
85364  39.823  16.062  20.098 0.0000000000
91786  37.694  26.422  17.042 0.0000000000
91773  40.668  27.030  18.534 0.0000000000
92377  42.582  28.140  19.333 0.0000000000
92376  43.580  28.459  19.406 0.0000000000
91142  42.950  25.534  19.121 0.0000000000
91135  43.902  26.427  19.852 0.0000000000
90478  43.226  24.762  18.529 0.0000000000
89129  42.054  22.581  17.379 0.0000000000
88451  42.046  21.855  17.010 0.0000000000
88460  42.905  21.777  16.766 0.0000000000
80480  47.119  9.543  21.283 0.0000000000
80481  46.137  9.299  21.410 0.0000000000
79106  45.062  7.251  22.151 0.0000000000
77715  45.250  5.966  21.316 0.0000000000
77723  44.493  6.049  20.829 0.0000000000
76992  48.286  4.032  20.562 0.0000000000
76993  47.131  4.588  20.567 0.0000000000
76997  47.808  4.397  19.502 0.0000000000
77733  46.728  5.033  18.075 0.0000000000
77742  45.857  5.304  17.378 0.0000000000
77750  46.274  5.363  16.452 0.0000000000
107002  45.478  5.541  15.971 0.0000000000
77758  46.684  5.533  15.574 0.0000000000
121260  42.499  15.801  11.076 0.0000000000
84127  45.061  14.283  11.202 0.0000000000
111298  44.002  14.465  11.452 0.0000000000
84128  44.359  14.099  12.114 0.0000000000
83467  44.566  13.541  12.816 0.0000000000
84773  45.760  15.289  11.588 0.0000000000
84111  47.050  13.847  13.743 0.0000000000
83464  46.889  13.813  13.131 0.0000000000
82793  46.407  12.873  13.996 0.0000000000
82785  46.356  12.789  14.856 0.0000000000
82784  46.759  12.975  15.430 0.0000000000
82773  47.145  12.952  16.718 0.0000000000
82774  46.813  12.734  16.327 0.0000000000
82079  47.606  12.059  18.095 0.0000000000
86633  41.721  18.431  15.795 0.0000000000
124860  41.911  17.612  15.955 0.0000000000
111124  42.540  16.678  17.007 0.0000000000
84740  44.044  15.775  16.676 0.0000000000
84729  44.327  15.749  17.552 0.0000000000
84689  43.280  15.223  19.765 0.0000000000
84697  43.598  15.670  19.214 0.0000000000
84048  44.293  15.233  19.504 0.0000000000
84046  45.844  14.708  19.323 0.0000000000
84695  45.488  15.123  19.107 0.0000000000
84728  45.078  15.480  18.020 0.0000000000
84067  46.617  14.419  18.325 0.0000000000
83404  47.570  13.247  19.130 0.0000000000
81287  48.133  11.603  19.641 0.0000000000
81273  48.083  10.988  20.121 0.0000000000
81274  47.622  10.708  20.152 0.0000000000
81265  48.148  10.805  21.620 0.0000000000
80478  47.793  9.544  21.726 0.0000000000
79772  47.681  8.849  22.197 0.0000000000
80475  47.834  9.358  22.349 0.0000000000
82018  46.913  11.245  23.206 0.0000000000
82017  47.520  11.123  22.764 0.0000000000
81261  47.244  10.610  23.467 0.0000000000
79758  47.775  8.354  23.434 0.0000000000
93486  38.182  29.944  9.795 0.0000000000
93488  36.706  30.160  9.268 0.0000000000
93487  37.502  30.003  9.552 0.0000000000
109785  39.731  30.478  9.602 0.0000000000
93460  42.872  30.388  11.587 0.0000000000
109395  42.397  30.737  10.779 0.0000000000
93946  43.666  30.467  11.315 0.0000000000
93445  44.145  30.163  11.766 0.0000000000
91781  45.971  26.653  18.264 0.0000000000
92383  45.538  27.527  18.064 0.0000000000
92393  45.716  27.108  17.205 0.0000000000
119140  44.835  27.875  16.085 0.0000000000
123467  44.527  28.029  15.159 0.0000000000
92947  43.725  28.502  13.979 0.0000000000
114254  43.032  28.836  13.348 0.0000000000
92946  44.359  28.398  14.282 0.0000000000
92435  45.163  27.762  13.513 0.0000000000
92944  44.928  28.347  13.655 0.0000000000
92436  44.908  28.347  12.981 0.0000000000
92970  44.598  29.139  12.289 0.0000000000
92442  45.072  27.522  12.914 0.0000000000
91828  44.820  27.086  12.518 0.0000000000
91827  45.168  26.620  12.868 0.0000000000
108194  45.447  24.208  12.383 0.0000000000
89860  45.780  22.971  11.715 0.0000000000
89168  46.644  21.674  13.627 0.0000000000
113453  46.518  22.249  12.632 0.0000000000
88500  46.472  21.020  12.144 0.0000000000
87268  45.744  19.503  10.250 0.0000000000
87875  46.103  20.797  10.917 0.0000000000
87880  45.354  20.074  10.472 0.0000000000
110783  44.838  20.534  10.821 0.0000000000
87881  44.527  19.815  10.629 0.0000000000
87255  43.589  19.485  11.051 0.0000000000
87270  44.173  19.006  10.305 0.0000000000
121441  43.584  16.333  9.933 0.0000000000
86078  43.023  16.763  10.037 0.0000000000
85459  42.859  16.309  10.214 0.0000000000
84782  42.037  16.467  10.601 0.0000000000
84123  42.121  14.997  13.075 0.0000000000
123318  41.548  14.984  13.881 0.0000000000
83441  41.799  13.154  16.053 0.0000000000
83442  41.050  13.262  16.336 0.0000000000
83434  40.051  12.820  17.224 0.0000000000
82780  40.744  12.802  16.956 0.0000000000
82084  42.643  11.767  17.550 0.0000000000
82061  41.875  11.457  18.133 0.0000000000
81300  40.520  10.717  18.776 0.0000000000
82062  40.933  11.353  18.309 0.0000000000
82063  40.140  11.289  18.344 0.0000000000
117230  39.626  10.617  18.777 0.0000000000
117334  38.816  10.797  18.707 0.0000000000
80506  38.981  10.061  19.078 0.0000000000
79795  38.237  8.059  18.557 0.0000000000
79134  37.606  7.750  18.061 0.0000000000
110126  37.148  7.508  17.516 0.0000000000
78467  37.738  7.161  17.474 0.0000000000
112462  44.073  8.419  21.648 0.0000000000
80483  43.869  9.064  21.263 0.0000000000
78449  42.328  6.899  20.324 0.0000000000
79125  42.529  7.764  20.967 0.0000000000
79126  41.865  7.512  20.380 0.0000000000
78454  41.364  6.736  19.415 0.0000000000
77760  42.958  5.900  15.667 0.0000000000
125968  42.700  5.722  17.382 0.0000000000
77761  42.078  5.921  15.932 0.0000000000
84761  39.184  16.182  14.426 0.0000000000
84751  39.932  15.113  15.248 0.0000000000
86068  41.127  17.080  10.220 0.0000000000
86677  40.437  17.423  10.432 0.0000000000
86069  40.156  17.198  10.407 0.0000000000
85453  39.325  17.129  10.779 0.0000000000
85446  38.551  17.101  11.187 0.0000000000
85447  37.823  17.171  11.772 0.0000000000
85437  38.679  16.768  12.329 0.0000000000
85429  38.886  16.521  13.457 0.0000000000
76226  48.293  3.586  23.088 0.0000000000
76243  48.343  3.046  22.339 0.0000000000
75509  48.096  2.539  21.003 0.0000000000
116702  47.919  2.520  20.151 0.0000000000
87232  44.208  19.138  13.647 0.0000000000
86646  43.690  18.207  13.303 0.0000000000
86647  42.959  17.845  13.749 0.0000000000
83390  41.642  13.411  21.562 0.0000000000
123589  44.691  22.120  17.324 0.0000000000
89127  45.164  22.604  17.691 0.0000000000
112943  45.012  21.701  16.854 0.0000000000
88471  45.384  21.382  16.142 0.0000000000
88483  45.809  21.103  15.473 0.0000000000
87221  44.855  19.957  14.093 0.0000000000
82058  45.444  11.452  18.050 0.0000000000
81291  44.745  10.715  19.795 0.0000000000
81277  44.187  10.302  20.247 0.0000000000
127908  37.145  13.375  18.523 0.0000000000
83424  37.896  13.158  18.287 0.0000000000
90534  43.658  24.659  12.531 0.0000000000
86027  35.801  17.315  14.938 0.0000000000
85424  35.594  17.122  15.832 0.0000000000
85397  35.132  16.330  17.255 0.0000000000
106899  41.353  22.035  17.282 0.0000000000
87823  41.102  20.742  16.821 0.0000000000
111423  40.522  21.020  17.210 0.0000000000
87817  39.919  20.403  17.506 0.0000000000
90471  40.232  24.931  19.872 0.0000000000
91136  42.272  25.975  20.165 0.0000000000
91137  41.025  25.176  19.488 0.0000000000
109497  41.103  24.714  18.719 0.0000000000
89791  41.528  23.959  18.057 0.0000000000
90483  42.529  24.167  18.090 0.0000000000
89130  40.900  22.599  17.597 0.0000000000
124588  46.939  8.292  22.234 0.0000000000
79774  46.293  8.000  22.355 0.0000000000
79105  46.080  7.162  22.363 0.0000000000
78438  45.936  5.914  21.718 0.0000000000
77714  45.936  5.344  21.189 0.0000000000
76999  48.683  4.064  18.629 0.0000000000
113472  48.657  4.325  17.774 0.0000000000
77740  48.311  4.772  16.470 0.0000000000
77749  47.563  5.232  16.019 0.0000000000
106642  43.674  15.826  10.105 0.0000000000
84135  43.304  15.116  11.177 0.0000000000
84781  43.919  15.197  10.426 0.0000000000
84140  44.892  14.849  10.513 0.0000000000
84133  45.585  14.647  11.107 0.0000000000
84766  45.493  15.175  13.154 0.0000000000
123045  46.081  14.726  13.107 0.0000000000
84756  46.325  14.540  13.462 0.0000000000
120811  46.931  14.149  13.903 0.0000000000
119416  47.061  13.689  14.485 0.0000000000
83448  47.015  13.420  15.288 0.0000000000
83440  47.158  13.542  16.287 0.0000000000
83432  47.273  13.340  17.196 0.0000000000
107118  42.646  16.586  17.881 0.0000000000
85376  43.289  16.180  18.366 0.0000000000
84037  44.731  14.629  19.966 0.0000000000
84036  45.512  14.459  19.830 0.0000000000
84035  46.323  14.142  19.754 0.0000000000
83405  46.938  13.897  19.306 0.0000000000
111885  47.093  13.626  19.915 0.0000000000
82722  48.011  12.518  20.402 0.0000000000
82030  48.208  10.872  20.827 0.0000000000
82031  48.145  11.527  21.306 0.0000000000
123656  47.955  10.816  22.297 0.0000000000
81245  47.041  9.974  24.256 0.0000000000
80443  47.082  9.188  24.833 0.0000000000
79742  47.433  8.406  24.538 0.0000000000
93465  38.028  29.336  11.163 0.0000000000
93464  38.918  29.405  11.193 0.0000000000
93475  39.553  29.970  10.412 0.0000000000
93462  40.713  29.746  11.367 0.0000000000
93461  41.746  30.105  11.466 0.0000000000
120370  42.942  29.850  12.253 0.0000000000
91783  41.769  27.034  17.523 0.0000000000
91795  41.008  26.592  16.617 0.0000000000
91782  42.746  27.415  17.374 0.0000000000
91157  45.966  25.445  16.564 0.0000000000
91807  45.750  26.505  16.304 0.0000000000
92407  45.205  27.656  14.880 0.0000000000
92945  44.807  28.161  14.444 0.0000000000
92425  45.382  27.129  14.116 0.0000000000
91820  45.444  26.330  13.455 0.0000000000
91180  45.350  25.706  12.843 0.0000000000
109421  45.999  23.940  12.680 0.0000000000
87241  46.193  19.901  12.329 0.0000000000
87874  46.325  20.554  11.412 0.0000000000
86660  46.172  19.150  10.730 0.0000000000
86671  45.985  19.004  10.123 0.0000000000
87275  45.530  18.757  9.822 0.0000000000
86673  44.797  18.517  9.679 0.0000000000
86686  44.468  17.669  9.539 0.0000000000
86077  44.151  16.830  9.628 0.0000000000
83460  42.826  13.703  14.386 0.0000000000
83461  41.876  14.070  14.940 0.0000000000
83450  42.392  13.341  15.398 0.0000000000
81294  40.935  10.114  19.319 0.0000000000
81295  40.066  10.024  19.207 0.0000000000
80504  39.467  9.344  19.288 0.0000000000
109825  38.930  7.605  18.608 0.0000000000
78448  43.877  6.569  21.148 0.0000000000
79124  43.244  7.548  21.359 0.0000000000
78452  42.954  6.368  20.049 0.0000000000
84742  37.418  15.754  16.706 0.0000000000
84098  37.898  15.002  17.102 0.0000000000
84107  38.910  15.359  15.983 0.0000000000
84089  38.416  14.310  17.260 0.0000000000
87243  43.051  20.026  11.748 0.0000000000
87868  42.563  20.582  12.449 0.0000000000
87245  41.109  19.475  12.319 0.0000000000
86664  39.937  18.064  10.699 0.0000000000
86042  37.097  17.279  12.576 0.0000000000
85431  36.636  17.099  14.752 0.0000000000
85422  37.211  16.642  15.431 0.0000000000
90464  40.627  25.124  20.799 0.0000000000
90472  39.529  24.485  19.613 0.0000000000
89794  39.080  24.109  19.115 0.0000000000
77712  47.750  4.890  22.390 0.0000000000
76262  49.010  3.110  21.269 0.0000000000
76991  48.924  3.372  20.533 0.0000000000
76998  48.946  3.473  18.972 0.0000000000
121442  48.997  3.814  17.443 0.0000000000
85450  45.524  16.070  10.496 0.0000000000
86058  45.560  16.647  10.928 0.0000000000
85441  45.261  16.268  11.688 0.0000000000
116544  44.951  15.874  12.571 0.0000000000
84749  44.876  15.361  15.212 0.0000000000
84698  41.565  16.059  19.480 0.0000000000
85369  42.209  16.316  19.012 0.0000000000
83398  42.524  13.656  20.905 0.0000000000
123433  43.309  14.003  20.576 0.0000000000
83397  44.241  13.934  20.568 0.0000000000
83387  45.079  13.564  20.786 0.0000000000
82717  46.014  12.804  21.527 0.0000000000
82709  46.926  12.140  22.074 0.0000000000
82710  46.229  12.247  22.108 0.0000000000
82019  45.994  11.213  23.646 0.0000000000
81246  46.498  10.334  24.641 0.0000000000
112067  45.586  26.412  19.384 0.0000000000
91771  45.701  27.283  18.988 0.0000000000
90475  45.783  25.415  18.879 0.0000000000
89126  45.825  22.719  17.592 0.0000000000
107521  45.956  23.406  17.706 0.0000000000
91151  46.128  24.942  17.587 0.0000000000
126762  46.125  24.573  16.791 0.0000000000
90494  46.224  23.902  16.385 0.0000000000
89825  46.312  23.372  14.561 0.0000000000
89813  46.603  22.432  15.166 0.0000000000
88481  46.671  21.292  14.401 0.0000000000
87854  46.424  20.701  13.527 0.0000000000
124215  46.242  20.745  14.172 0.0000000000
87855  46.309  20.556  13.582 0.0000000000
87229  46.360  20.345  13.049 0.0000000000
87242  45.965  19.474  12.214 0.0000000000
82776  44.501  12.096  15.989 0.0000000000
82777  43.363  12.296  16.286 0.0000000000
82098  43.964  11.835  16.825 0.0000000000
82083  43.551  11.635  17.583 0.0000000000
82060  43.008  11.295  18.371 0.0000000000
117485  41.176  8.694  20.118 0.0000000000
107034  44.231  5.540  16.968 0.0000000000
77752  43.736  5.645  16.209 0.0000000000
82049  34.293  11.933  19.322 0.0000000000
84070  36.616  14.342  18.300 0.0000000000
82750  36.085  12.871  19.147 0.0000000000
113853  34.903  11.212  19.163 0.0000000000
81305  34.444  10.375  18.610 0.0000000000
79799  35.399  8.351  17.329 0.0000000000
88494  42.099  21.172  13.093 0.0000000000
123314  41.600  21.745  13.416 0.0000000000
87833  43.151  20.652  15.570 0.0000000000
87213  42.524  19.831  15.275 0.0000000000
86622  41.340  18.873  16.345 0.0000000000
87203  40.940  20.061  16.740 0.0000000000
86623  40.908  19.294  16.825 0.0000000000
86616  41.047  18.443  17.034 0.0000000000
84692  40.607  15.632  20.091 0.0000000000
84041  40.782  14.772  20.600 0.0000000000
124898  40.032  26.634  17.920 0.0000000000
91784  40.797  26.745  17.692 0.0000000000
92387  42.621  27.728  18.417 0.0000000000
92361  44.762  28.175  19.828 0.0000000000
91759  44.587  27.701  20.219 0.0000000000
91134  44.886  26.527  19.761 0.0000000000
90477  44.375  24.643  18.591 0.0000000000
89799  42.421  23.408  17.706 0.0000000000
106464  43.364  22.812  17.527 0.0000000000
127864  44.351  22.530  17.550 0.0000000000
89138  43.710  22.201  17.182 0.0000000000
124736  47.061  10.446  20.329 0.0000000000
80491  45.599  9.853  20.906 0.0000000000
79107  44.701  8.009  22.069 0.0000000000
79775  45.505  7.760  22.284 0.0000000000
79115  44.366  7.353  21.856 0.0000000000
77729  44.401  5.715  19.920 0.0000000000
77735  44.358  5.578  18.994 0.0000000000
123848  46.630  4.868  21.180 0.0000000000
77721  46.242  4.988  20.626 0.0000000000
109876  46.957  4.820  18.966 0.0000000000
77734  45.265  5.377  18.388 0.0000000000
77743  44.764  5.476  17.590 0.0000000000
85443  40.896  16.286  11.763 0.0000000000
84776  40.742  16.050  12.716 0.0000000000
84775  41.522  15.740  12.401 0.0000000000
84129  43.199  14.620  12.306 0.0000000000
84122  42.898  14.230  13.400 0.0000000000
83468  43.663  13.574  13.550 0.0000000000
83459  43.871  13.093  14.270 0.0000000000
82794  44.668  12.694  14.423 0.0000000000
84780  45.697  15.048  11.059 0.0000000000
107578  45.941  14.383  11.609 0.0000000000
83472  46.287  13.955  11.926 0.0000000000
83471  46.731  13.938  12.576 0.0000000000
83465  46.593  13.682  12.694 0.0000000000
83466  45.647  13.225  12.938 0.0000000000
83458  45.495  12.809  13.716 0.0000000000
82786  44.669  12.393  15.122 0.0000000000
114484  45.503  12.333  15.398 0.0000000000
114311  45.411  12.008  16.112 0.0000000000
82096  45.854  11.859  16.655 0.0000000000
82095  46.658  12.173  16.800 0.0000000000
82081  46.283  11.719  17.370 0.0000000000
82057  46.752  11.597  18.126 0.0000000000
81289  46.914  10.897  19.648 0.0000000000
86632  42.166  18.896  15.136 0.0000000000
116634  42.104  17.954  15.198 0.0000000000
85409  42.363  16.932  16.103 0.0000000000
85420  42.793  16.699  15.311 0.0000000000
84750  43.973  15.770  15.700 0.0000000000
118269  44.657  15.499  16.070 0.0000000000
85368  43.045  16.078  18.909 0.0000000000
84696  44.907  15.399  19.127 0.0000000000
84706  44.600  15.603  18.719 0.0000000000
85375  44.095  15.850  18.243 0.0000000000
121022  45.839  15.158  17.343 0.0000000000
84738  46.122  14.932  16.477 0.0000000000
84726  46.536  14.651  17.027 0.0000000000
83433  47.104  13.868  17.759 0.0000000000
118631  47.382  13.342  17.869 0.0000000000
83422  47.586  13.092  18.297 0.0000000000
82044  47.802  11.791  18.817 0.0000000000
80489  47.461  10.169  20.730 0.0000000000
80479  47.656  9.863  21.219 0.0000000000
79773  47.424  8.257  22.412 0.0000000000
79104  47.631  7.394  22.756 0.0000000000
82026  47.240  11.653  22.415 0.0000000000
109678  47.505  9.855  23.420 0.0000000000
79757  47.803  8.860  22.742 0.0000000000
78423  48.021  6.420  22.989 0.0000000000
77687  48.543  5.043  23.699 0.0000000000
76958  48.441  4.351  23.534 0.0000000000
93968  41.341  30.967  9.312 0.0000000000
93960  40.647  30.584  9.944 0.0000000000
93959  41.881  30.981  10.029 0.0000000000
121902  42.216  31.001  9.562 0.0000000000
93459  43.995  30.340  11.161 0.0000000000
92981  44.440  29.510  11.598 0.0000000000
92437  40.898  27.692  13.861 0.0000000000
92960  40.661  28.215  13.200 0.0000000000
92373  45.364  27.828  18.603 0.0000000000
92395  44.287  28.015  17.298 0.0000000000
92394  45.194  27.772  17.068 0.0000000000
92959  41.810  28.338  13.448 0.0000000000
92972  42.453  29.177  12.763 0.0000000000
92971  43.438  29.550  12.639 0.0000000000
123791  44.582  28.523  13.760 0.0000000000
93436  44.375  29.275  12.746 0.0000000000
93437  44.102  29.774  12.404 0.0000000000
126308  44.394  29.748  12.147 0.0000000000
92446  44.565  28.715  11.797 0.0000000000
92444  44.459  27.617  11.983 0.0000000000
90533  45.145  25.129  12.461 0.0000000000
111345  44.708  24.490  12.305 0.0000000000
115920  46.299  23.132  12.540 0.0000000000
89853  46.231  22.660  11.845 0.0000000000
88506  46.292  21.354  11.449 0.0000000000
89183  46.193  21.999  11.540 0.0000000000
89184  45.903  22.331  11.506 0.0000000000
88508  45.444  21.796  11.366 0.0000000000
88509  44.566  21.205  11.422 0.0000000000
86674  43.793  18.170  9.967 0.0000000000
86675  42.721  17.783  10.309 0.0000000000
107665  40.977  16.931  10.305 0.0000000000
85451  40.955  16.628  10.800 0.0000000000
84759  40.881  15.254  14.169 0.0000000000
84114  40.564  14.889  14.904 0.0000000000
84105  40.233  14.558  15.606 0.0000000000
83443  40.123  13.454  16.722 0.0000000000
82746  39.118  12.021  18.058 0.0000000000
82765  42.517  12.271  16.853 0.0000000000
82085  41.107  11.841  17.725 0.0000000000
115200  41.150  12.324  17.243 0.0000000000
82767  40.425  12.256  17.518 0.0000000000
82087  39.860  11.851  17.963 0.0000000000
81301  38.063  10.219  18.966 0.0000000000
80507  37.558  9.328  18.805 0.0000000000
108614  38.157  8.729  18.812 0.0000000000
80492  44.529  9.747  20.849 0.0000000000
79785  43.126  9.082  21.018 0.0000000000
79787  41.812  8.248  20.529 0.0000000000
79790  41.155  7.978  20.106 0.0000000000
77745  43.090  5.710  17.906 0.0000000000
77738  42.284  5.870  18.012 0.0000000000
78458  41.768  6.211  18.776 0.0000000000
77754  41.805  5.845  16.648 0.0000000000
78459  41.425  6.073  18.018 0.0000000000
78455  40.855  6.511  18.704 0.0000000000
79129  40.662  7.103  19.315 0.0000000000
127436  40.223  7.381  19.210 0.0000000000
120917  39.453  7.181  18.589 0.0000000000
78461  38.960  6.971  18.158 0.0000000000
75518  46.789  2.516  19.762 0.0000000000
122778  46.565  2.548  19.020 0.0000000000
123628  46.235  2.627  17.872 0.0000000000
75501  48.279  2.734  21.729 0.0000000000
75516  48.822  2.763  19.824 0.0000000000
75528  46.903  2.588  18.340 0.0000000000
76995  49.090  3.247  19.833 0.0000000000
77004  48.050  4.710  17.405 0.0000000000
77007  48.752  4.437  16.169 0.0000000000
77737  42.649  5.915  18.694 0.0000000000
77751  44.611  5.558  16.319 0.0000000000
77753  42.666  5.741  16.605 0.0000000000
78440  43.786  7.112  21.501 0.0000000000
78450  41.745  6.964  19.968 0.0000000000
80493  43.600  9.678  20.662 0.0000000000
80501  42.044  9.697  20.047 0.0000000000
82035  48.222  11.655  20.449 0.0000000000
82056  47.467  11.797  18.240 0.0000000000
82728  48.027  12.383  19.443 0.0000000000
82763  47.053  12.506  17.028 0.0000000000
83456  46.928  13.574  13.680 0.0000000000
83457  46.777  13.500  13.235 0.0000000000
83477  45.877  14.266  11.552 0.0000000000
84068  46.025  14.900  18.811 0.0000000000
84087  47.190  13.875  17.050 0.0000000000
84088  46.801  14.330  17.485 0.0000000000
84113  41.328  14.646  14.550 0.0000000000
84120  46.591  14.197  12.620 0.0000000000
84685  39.935  15.069  20.856 0.0000000000
84788  44.504  15.484  10.092 0.0000000000
84793  44.979  15.869  9.815 0.0000000000
85395  42.070  16.978  17.460 0.0000000000
85457  45.490  16.578  9.917 0.0000000000
85464  45.325  16.913  9.559 0.0000000000
85465  44.922  16.529  9.511 0.0000000000
86059  39.362  17.429  10.507 0.0000000000
86067  42.259  17.142  10.146 0.0000000000
86075  45.453  17.546  9.607 0.0000000000
86661  46.009  18.558  10.859 0.0000000000
86679  38.635  17.769  10.433 0.0000000000
86685  45.268  17.983  9.493 0.0000000000
87254  46.277  19.832  11.481 0.0000000000
87866  46.354  20.366  12.307 0.0000000000
87879  45.853  20.235  10.572 0.0000000000
88492  46.607  21.000  13.678 0.0000000000
88502  43.905  21.705  12.176 0.0000000000
88512  45.552  20.920  10.877 0.0000000000
89156  46.731  21.960  14.433 0.0000000000
89185  45.297  22.614  11.646 0.0000000000
89824  46.470  22.739  14.213 0.0000000000
90489  46.122  23.938  17.411 0.0000000000
91129  41.119  25.386  20.189 0.0000000000
91145  46.047  25.571  18.377 0.0000000000
92384  45.035  28.089  17.974 0.0000000000
92385  44.407  28.259  18.355 0.0000000000
92426  43.944  28.074  14.946 0.0000000000
92957  44.316  28.827  13.503 0.0000000000
93474  40.388  30.046  10.754 0.0000000000
93476  38.529  29.692  10.432 0.0000000000
93496  40.111  30.342  8.494 0.0000000000
93951  43.491  30.622  10.694 0.0000000000
106343  43.361  22.175  12.698 0.0000000000
107410  44.277  15.606  19.067 0.0000000000
107469  37.139  29.378  11.078 0.0000000000
108439  46.567  21.373  12.859 0.0000000000
108858  44.352  5.526  18.252 0.0000000000
114588  45.554  17.200  9.762 0.0000000000
114769  40.486  7.752  19.566 0.0000000000
117159  48.057  12.156  21.053 0.0000000000
121453  47.782  9.771  22.705 0.0000000000
121579  48.772  2.958  21.738 0.0000000000
121743  48.354  4.653  22.768 0.0000000000
123385  35.003  15.819  17.764 0.0000000000
123574  43.071  30.721  11.049 0.0000000000
124500  47.890  2.741  18.142 0.0000000000
126081  37.876  14.493  17.481 0.0000000000
126397  42.427  7.289  20.672 0.0000000000
126913  44.621  12.880  13.988 0.0000000000
