#!ascii label  , from subject sub-v1s12x0050113_ses-1 vox2ras=TkReg
577
40290  19.524  -40.618  53.032 0.0000000000
119633  38.747  -28.389  37.731 0.0000000000
52952  46.693  -26.458  35.139 0.0000000000
47063  38.050  -32.508  46.645 0.0000000000
39492  25.413  -42.095  48.222 0.0000000000
37811  23.719  -43.348  52.344 0.0000000000
52175  43.863  -26.782  37.384 0.0000000000
51266  43.403  -27.326  41.234 0.0000000000
44814  35.046  -35.475  47.233 0.0000000000
40326  30.331  -41.238  49.261 0.0000000000
59866  48.067  -17.259  31.649 0.0000000000
55563  44.317  -22.767  34.601 0.0000000000
47834  34.547  -30.563  43.765 0.0000000000
52085  38.108  -27.079  43.792 0.0000000000
40314  22.753  -40.221  50.902 0.0000000000
39427  21.879  -41.311  53.054 0.0000000000
50537  41.013  -28.104  36.934 0.0000000000
126291  43.372  -26.125  39.628 0.0000000000
52148  40.788  -26.656  39.998 0.0000000000
41192  36.026  -39.140  47.577 0.0000000000
38674  27.201  -43.212  51.150 0.0000000000
122515  27.824  -42.052  48.597 0.0000000000
37835  29.915  -43.746  50.382 0.0000000000
59043  45.709  -17.947  32.123 0.0000000000
58231  47.679  -19.302  32.277 0.0000000000
58196  45.963  -19.420  33.835 0.0000000000
52958  44.372  -26.284  34.462 0.0000000000
53774  43.601  -24.239  33.857 0.0000000000
53757  46.232  -24.598  34.932 0.0000000000
53784  46.392  -23.903  33.650 0.0000000000
52221  46.550  -26.293  33.825 0.0000000000
46351  36.440  -33.794  47.496 0.0000000000
47071  35.580  -32.415  45.405 0.0000000000
48696  36.367  -30.610  46.311 0.0000000000
50455  35.662  -28.599  43.720 0.0000000000
49572  37.845  -29.060  45.908 0.0000000000
50435  39.998  -28.387  44.679 0.0000000000
47826  39.135  -30.768  44.871 0.0000000000
39462  24.950  -41.716  50.736 0.0000000000
50564  43.097  -27.586  34.350 0.0000000000
52184  45.902  -27.169  36.559 0.0000000000
51333  45.286  -27.758  38.161 0.0000000000
110862  44.630  -28.845  39.553 0.0000000000
125488  33.513  -38.868  48.411 0.0000000000
122170  35.388  -38.067  48.428 0.0000000000
42912  36.729  -36.773  47.716 0.0000000000
44829  37.864  -35.220  46.235 0.0000000000
46370  38.303  -34.067  44.284 0.0000000000
41195  30.979  -39.929  47.423 0.0000000000
40323  32.973  -40.811  49.442 0.0000000000
59052  48.809  -17.901  30.282 0.0000000000
57328  44.048  -20.852  33.382 0.0000000000
117279  46.448  -21.672  34.171 0.0000000000
54669  45.511  -23.611  32.227 0.0000000000
51289  38.433  -27.436  40.389 0.0000000000
52097  40.855  -26.415  42.840 0.0000000000
49628  41.553  -28.886  42.768 0.0000000000
40279  19.754  -40.990  53.258 0.0000000000
40289  20.931  -40.245  52.631 0.0000000000
38644  21.223  -41.559  52.948 0.0000000000
50538  40.144  -28.264  37.190 0.0000000000
51335  41.421  -27.206  38.409 0.0000000000
51337  39.719  -27.672  38.718 0.0000000000
38673  28.260  -43.429  50.902 0.0000000000
59044  44.796  -18.363  31.604 0.0000000000
58212  45.902  -18.749  33.315 0.0000000000
58213  44.975  -19.201  33.264 0.0000000000
52204  46.147  -26.442  35.421 0.0000000000
52974  44.649  -25.311  34.601 0.0000000000
52956  46.469  -25.616  35.087 0.0000000000
53756  46.584  -25.179  34.629 0.0000000000
47057  37.361  -32.695  47.106 0.0000000000
47814  36.264  -31.830  46.966 0.0000000000
47813  36.914  -31.665  47.045 0.0000000000
49574  36.851  -29.566  46.089 0.0000000000
118279  38.177  -30.756  46.294 0.0000000000
48693  38.554  -30.171  45.792 0.0000000000
116204  38.526  -31.739  45.855 0.0000000000
40312  24.191  -41.183  50.609 0.0000000000
39437  24.600  -42.170  51.825 0.0000000000
38654  25.589  -43.090  51.744 0.0000000000
50547  42.074  -28.142  35.733 0.0000000000
50556  42.348  -28.292  34.907 0.0000000000
51380  42.939  -27.908  35.443 0.0000000000
51379  43.780  -27.597  35.263 0.0000000000
52185  44.875  -26.946  36.713 0.0000000000
123351  45.364  -27.033  37.414 0.0000000000
52174  44.643  -26.722  37.830 0.0000000000
52131  43.521  -26.621  40.741 0.0000000000
51311  44.484  -27.598  39.733 0.0000000000
50489  43.904  -27.916  40.708 0.0000000000
49641  43.769  -29.456  40.527 0.0000000000
49634  43.505  -29.069  41.018 0.0000000000
42024  33.741  -39.381  48.834 0.0000000000
42031  34.125  -38.534  48.450 0.0000000000
41156  34.984  -39.308  48.776 0.0000000000
42041  36.340  -38.348  47.543 0.0000000000
43882  37.273  -36.402  46.561 0.0000000000
39475  29.685  -41.825  49.648 0.0000000000
40351  29.708  -40.917  47.545 0.0000000000
40338  30.810  -40.700  48.781 0.0000000000
41176  32.141  -39.906  48.744 0.0000000000
40324  32.102  -41.063  49.509 0.0000000000
59878  46.624  -16.839  31.339 0.0000000000
59041  48.626  -17.520  31.112 0.0000000000
57363  46.933  -20.318  32.461 0.0000000000
54648  43.689  -23.356  33.775 0.0000000000
54664  42.697  -23.177  32.427 0.0000000000
55586  43.776  -22.428  33.568 0.0000000000
56501  43.559  -21.659  32.952 0.0000000000
56479  44.137  -21.562  33.827 0.0000000000
57312  45.269  -20.948  34.763 0.0000000000
55549  45.575  -22.246  35.045 0.0000000000
53785  46.055  -24.785  33.089 0.0000000000
112440  45.972  -24.028  32.786 0.0000000000
44832  34.271  -35.986  46.849 0.0000000000
44831  34.638  -35.280  46.322 0.0000000000
118159  35.071  -31.918  44.662 0.0000000000
47079  35.030  -32.508  43.923 0.0000000000
51231  37.112  -27.758  44.161 0.0000000000
108353  35.800  -28.549  42.074 0.0000000000
113690  37.353  -27.531  42.212 0.0000000000
51290  37.697  -27.718  40.647 0.0000000000
52117  38.074  -27.095  42.104 0.0000000000
112148  39.651  -26.562  41.617 0.0000000000
52099  39.190  -26.621  43.195 0.0000000000
48717  40.142  -29.882  43.882 0.0000000000
49617  41.144  -28.170  43.423 0.0000000000
48727  40.536  -30.090  43.060 0.0000000000
122376  41.555  -30.100  41.830 0.0000000000
40301  22.503  -40.356  51.949 0.0000000000
38642  22.387  -41.816  52.849 0.0000000000
119910  22.842  -43.423  52.435 0.0000000000
38658  22.245  -42.478  52.732 0.0000000000
51351  42.718  -27.228  37.159 0.0000000000
52176  43.206  -26.629  38.027 0.0000000000
51334  42.352  -26.864  38.197 0.0000000000
52146  42.759  -26.014  39.939 0.0000000000
52133  42.223  -25.977  40.811 0.0000000000
39478  26.531  -42.311  49.403 0.0000000000
112425  27.033  -42.376  48.713 0.0000000000
39459  28.208  -42.476  50.057 0.0000000000
39458  29.267  -42.529  50.121 0.0000000000
39457  30.211  -42.450  50.123 0.0000000000
39456  31.065  -42.353  49.997 0.0000000000
37834  30.772  -43.538  50.072 0.0000000000
59849  47.019  -17.667  32.588 0.0000000000
122539  47.934  -18.528  32.153 0.0000000000
59024  47.294  -18.206  33.053 0.0000000000
124960  46.817  -19.538  33.401 0.0000000000
57341  46.766  -20.387  33.390 0.0000000000
52976  42.989  -25.912  33.459 0.0000000000
115254  43.650  -25.120  33.963 0.0000000000
53773  44.301  -24.511  34.456 0.0000000000
53758  45.279  -24.218  35.030 0.0000000000
54630  46.082  -22.996  34.721 0.0000000000
109427  46.336  -24.065  34.493 0.0000000000
53772  46.573  -24.870  34.080 0.0000000000
45605  35.902  -34.421  47.528 0.0000000000
46359  35.561  -33.954  46.585 0.0000000000
46358  35.895  -33.262  46.999 0.0000000000
47828  35.986  -31.918  46.229 0.0000000000
48702  35.356  -30.518  45.073 0.0000000000
49605  34.945  -29.627  44.124 0.0000000000
49590  36.073  -29.484  45.276 0.0000000000
50422  37.041  -28.682  45.326 0.0000000000
118275  38.148  -27.616  44.915 0.0000000000
52071  39.191  -27.139  44.315 0.0000000000
114161  39.281  -28.499  45.027 0.0000000000
48707  39.661  -29.920  44.655 0.0000000000
47842  39.462  -30.663  43.984 0.0000000000
40341  23.347  -40.768  49.074 0.0000000000
39480  24.708  -41.525  49.679 0.0000000000
39479  25.678  -41.985  50.073 0.0000000000
38675  26.130  -42.822  51.291 0.0000000000
37821  26.329  -43.439  51.509 0.0000000000
51411  43.499  -26.864  34.085 0.0000000000
52205  45.141  -26.591  35.386 0.0000000000
52194  46.474  -26.949  35.761 0.0000000000
52183  46.426  -27.406  36.186 0.0000000000
124775  45.968  -28.235  37.063 0.0000000000
50524  45.334  -28.866  38.075 0.0000000000
117887  44.446  -27.028  39.238 0.0000000000
50515  44.724  -28.307  39.324 0.0000000000
121282  32.330  -38.253  46.693 0.0000000000
42915  32.896  -37.934  47.174 0.0000000000
43856  34.429  -37.184  47.802 0.0000000000
43855  35.076  -36.818  48.083 0.0000000000
42042  35.912  -38.903  48.093 0.0000000000
42902  36.294  -37.119  48.090 0.0000000000
44799  35.946  -35.834  47.926 0.0000000000
44797  36.906  -35.508  47.585 0.0000000000
44811  37.598  -35.091  46.805 0.0000000000
46357  38.305  -34.013  46.231 0.0000000000
46362  38.487  -33.500  45.694 0.0000000000
45635  38.279  -34.798  45.202 0.0000000000
41194  31.833  -39.524  47.871 0.0000000000
41175  32.978  -39.948  49.132 0.0000000000
121291  33.678  -40.865  49.363 0.0000000000
39454  32.479  -42.130  49.516 0.0000000000
39489  33.610  -41.954  49.129 0.0000000000
60733  49.207  -16.491  29.836 0.0000000000
57364  43.432  -20.242  31.958 0.0000000000
57342  44.415  -20.001  33.429 0.0000000000
57311  46.023  -20.904  34.366 0.0000000000
110119  46.567  -21.813  33.367 0.0000000000
55561  46.420  -22.564  34.276 0.0000000000
55585  46.413  -22.565  33.025 0.0000000000
55596  45.807  -22.791  32.240 0.0000000000
45636  34.844  -34.264  44.650 0.0000000000
50517  37.366  -28.309  39.322 0.0000000000
51338  38.909  -27.797  38.856 0.0000000000
52149  39.966  -26.930  40.011 0.0000000000
114859  40.452  -26.279  41.400 0.0000000000
52113  41.931  -26.336  42.215 0.0000000000
118080  40.292  -27.318  44.060 0.0000000000
51228  41.299  -27.280  43.280 0.0000000000
50471  42.373  -27.703  42.271 0.0000000000
121359  42.495  -29.351  41.561 0.0000000000
47074  38.612  -32.491  44.544 0.0000000000
122664  38.642  -32.021  43.866 0.0000000000
41126  20.026  -40.145  52.665 0.0000000000
116349  20.343  -40.744  53.113 0.0000000000
50539  39.355  -28.347  37.471 0.0000000000
50525  39.945  -27.909  37.959 0.0000000000
50526  39.179  -28.042  38.160 0.0000000000
58232  44.425  -18.996  32.117 0.0000000000
52955  46.729  -25.981  34.788 0.0000000000
52203  46.814  -26.620  35.007 0.0000000000
47064  37.651  -31.932  46.805 0.0000000000
47819  37.575  -31.184  46.719 0.0000000000
47818  38.163  -31.659  46.429 0.0000000000
125243  38.410  -31.251  46.102 0.0000000000
119013  38.386  -32.319  46.188 0.0000000000
38656  24.016  -42.542  52.236 0.0000000000
106598  23.975  -41.817  52.075 0.0000000000
37810  24.464  -43.392  52.192 0.0000000000
123079  42.617  -27.711  36.220 0.0000000000
51350  43.630  -27.367  36.191 0.0000000000
51265  43.822  -27.235  40.627 0.0000000000
50490  43.497  -28.336  41.179 0.0000000000
41157  34.416  -39.791  49.023 0.0000000000
42023  34.469  -39.119  48.788 0.0000000000
41174  34.924  -40.062  48.821 0.0000000000
123876  29.608  -41.410  48.884 0.0000000000
40339  29.994  -40.956  48.430 0.0000000000
40325  31.222  -41.121  49.527 0.0000000000
60714  47.433  -17.135  31.909 0.0000000000
60725  47.491  -16.424  31.291 0.0000000000
125974  47.944  -16.780  31.636 0.0000000000
60724  48.370  -16.631  31.219 0.0000000000
123561  44.321  -22.029  34.419 0.0000000000
55562  44.809  -22.116  35.044 0.0000000000
52985  45.317  -25.173  32.292 0.0000000000
47845  34.146  -30.986  43.061 0.0000000000
51230  37.749  -27.374  44.122 0.0000000000
51247  37.395  -27.432  43.239 0.0000000000
123111  37.754  -27.208  42.642 0.0000000000
52100  38.278  -26.917  43.067 0.0000000000
124129  38.777  -26.763  42.532 0.0000000000
52084  38.810  -26.882  43.835 0.0000000000
110132  39.904  -30.400  43.328 0.0000000000
48739  40.689  -30.290  42.072 0.0000000000
125463  21.527  -40.536  52.781 0.0000000000
40302  21.746  -40.163  52.277 0.0000000000
40288  22.082  -40.764  52.808 0.0000000000
40287  22.909  -40.951  52.442 0.0000000000
39439  22.459  -41.298  52.815 0.0000000000
38643  21.779  -41.760  52.973 0.0000000000
50549  40.360  -28.555  36.336 0.0000000000
51365  41.867  -27.839  36.619 0.0000000000
51352  41.679  -27.518  37.525 0.0000000000
51312  41.128  -26.908  39.229 0.0000000000
52161  42.080  -26.547  39.121 0.0000000000
52147  41.706  -26.297  39.999 0.0000000000
39460  26.751  -42.663  50.826 0.0000000000
109136  27.193  -42.511  50.136 0.0000000000
38696  27.766  -42.869  50.735 0.0000000000
38672  29.103  -43.634  50.618 0.0000000000
38695  28.755  -43.083  50.503 0.0000000000
38694  29.677  -43.135  50.337 0.0000000000
38693  30.517  -43.049  50.151 0.0000000000
59880  45.227  -17.731  31.236 0.0000000000
59867  46.283  -17.394  31.826 0.0000000000
125685  46.376  -17.762  32.401 0.0000000000
59850  46.371  -18.072  32.986 0.0000000000
58195  46.711  -18.786  33.346 0.0000000000
57325  46.327  -20.206  33.953 0.0000000000
52975  43.815  -25.915  34.056 0.0000000000
108705  45.706  -25.105  35.050 0.0000000000
117405  45.953  -23.731  34.935 0.0000000000
52972  46.699  -25.701  34.352 0.0000000000
52973  46.399  -25.550  33.575 0.0000000000
52233  45.831  -26.168  33.049 0.0000000000
46345  36.075  -34.044  47.603 0.0000000000
46353  35.803  -33.946  47.252 0.0000000000
46352  35.995  -33.584  47.437 0.0000000000
47821  36.247  -31.345  46.659 0.0000000000
115135  36.208  -32.015  46.862 0.0000000000
113416  35.971  -30.962  45.852 0.0000000000
47829  35.447  -31.424  45.287 0.0000000000
49591  35.417  -29.789  44.836 0.0000000000
48701  35.986  -30.146  45.557 0.0000000000
49573  37.307  -29.640  46.250 0.0000000000
49589  36.674  -29.253  45.648 0.0000000000
50412  37.204  -29.065  45.886 0.0000000000
51204  37.690  -28.039  45.154 0.0000000000
50421  37.698  -28.499  45.519 0.0000000000
51203  38.207  -27.929  45.162 0.0000000000
118204  38.402  -28.498  45.387 0.0000000000
47827  38.682  -30.911  45.625 0.0000000000
48700  39.112  -30.031  45.287 0.0000000000
47832  38.903  -31.470  44.339 0.0000000000
40328  22.943  -40.361  49.807 0.0000000000
40342  22.683  -40.522  48.804 0.0000000000
39461  25.762  -42.249  50.942 0.0000000000
50565  42.419  -28.041  34.200 0.0000000000
51412  42.760  -27.452  33.890 0.0000000000
51364  44.484  -27.155  35.746 0.0000000000
51378  44.484  -27.102  35.243 0.0000000000
52195  45.510  -26.908  35.841 0.0000000000
52173  45.399  -27.329  37.786 0.0000000000
51349  45.743  -27.813  37.392 0.0000000000
50523  45.577  -28.299  37.753 0.0000000000
52160  43.120  -26.298  38.965 0.0000000000
52159  43.915  -26.485  38.408 0.0000000000
52145  43.911  -26.348  39.337 0.0000000000
50505  44.392  -28.302  40.117 0.0000000000
50514  44.918  -28.911  38.868 0.0000000000
49651  44.644  -29.428  39.229 0.0000000000
108093  32.346  -38.751  47.380 0.0000000000
42906  33.337  -38.358  47.950 0.0000000000
42904  34.794  -37.721  48.329 0.0000000000
42905  34.094  -37.858  48.014 0.0000000000
41193  35.730  -39.489  48.056 0.0000000000
42913  36.564  -37.529  47.712 0.0000000000
43854  35.772  -36.560  48.160 0.0000000000
108695  36.400  -36.373  47.942 0.0000000000
44798  36.490  -35.698  47.782 0.0000000000
43853  36.836  -36.085  47.662 0.0000000000
44830  37.466  -35.741  46.733 0.0000000000
45609  37.739  -34.331  46.776 0.0000000000
45620  38.012  -34.698  46.399 0.0000000000
45628  38.238  -34.732  45.872 0.0000000000
44841  38.006  -35.281  45.589 0.0000000000
108037  27.132  -42.280  48.015 0.0000000000
127006  27.780  -42.010  47.819 0.0000000000
40364  30.255  -40.446  46.975 0.0000000000
41211  30.754  -39.848  46.517 0.0000000000
41210  31.506  -39.364  46.933 0.0000000000
41159  32.393  -40.433  49.262 0.0000000000
41158  33.720  -40.223  49.258 0.0000000000
39455  31.836  -42.232  49.782 0.0000000000
59877  48.967  -17.004  30.526 0.0000000000
59066  48.196  -18.170  29.323 0.0000000000
58210  47.777  -18.537  32.767 0.0000000000
53775  42.920  -24.872  33.238 0.0000000000
53786  42.276  -24.620  32.411 0.0000000000
56502  42.933  -21.688  32.107 0.0000000000
57344  43.394  -20.939  32.427 0.0000000000
57343  43.825  -20.333  32.738 0.0000000000
56467  45.810  -21.587  34.729 0.0000000000
106574  46.511  -20.869  33.968 0.0000000000
54646  46.425  -23.268  34.265 0.0000000000
54662  46.186  -23.339  32.888 0.0000000000
46363  35.364  -33.492  45.428 0.0000000000
45629  34.955  -34.484  45.856 0.0000000000
50438  35.288  -29.035  44.213 0.0000000000
50492  36.357  -28.412  41.340 0.0000000000
50507  37.136  -28.102  40.141 0.0000000000
51316  37.878  -27.832  39.837 0.0000000000
50516  38.122  -27.975  39.036 0.0000000000
51315  38.658  -27.614  39.613 0.0000000000
51314  39.451  -27.427  39.440 0.0000000000
51288  39.180  -27.125  40.159 0.0000000000
52115  40.316  -26.234  42.316 0.0000000000
52114  41.189  -26.011  42.030 0.0000000000
126710  41.398  -26.308  42.517 0.0000000000
51213  39.615  -27.672  44.564 0.0000000000
52070  39.870  -27.069  44.152 0.0000000000
50434  40.265  -27.809  44.326 0.0000000000
50472  41.795  -27.954  42.773 0.0000000000
49627  42.273  -28.630  42.058 0.0000000000
48738  41.898  -29.467  42.041 0.0000000000
48747  41.634  -30.389  40.959 0.0000000000
113240  38.405  -34.312  44.876 0.0000000000
46366  38.521  -33.529  44.944 0.0000000000
40278  21.278  -40.894  53.151 0.0000000000
121470  21.380  -41.318  53.045 0.0000000000
39428  20.619  -41.134  53.129 0.0000000000
51353  40.781  -27.755  37.756 0.0000000000
51336  40.555  -27.486  38.578 0.0000000000
51313  40.279  -27.234  39.332 0.0000000000
125211  27.900  -43.716  51.125 0.0000000000
37819  28.597  -43.922  50.891 0.0000000000
59025  45.358  -18.542  32.581 0.0000000000
52957  45.321  -26.035  35.058 0.0000000000
114324  36.764  -33.175  47.352 0.0000000000
107734  36.270  -33.134  47.352 0.0000000000
47058  36.556  -32.508  47.195 0.0000000000
47820  36.445  -31.055  46.784 0.0000000000
48688  36.935  -30.845  46.844 0.0000000000
48694  37.445  -30.380  46.552 0.0000000000
117551  38.025  -29.851  46.170 0.0000000000
106925  38.793  -31.676  45.140 0.0000000000
40313  23.478  -40.665  50.652 0.0000000000
122719  23.795  -41.020  51.287 0.0000000000
39446  24.300  -41.581  51.433 0.0000000000
107111  24.988  -42.018  51.353 0.0000000000
38676  25.320  -42.485  51.556 0.0000000000
38655  24.892  -42.822  52.013 0.0000000000
50557  41.517  -28.550  35.172 0.0000000000
50555  43.087  -27.892  34.791 0.0000000000
122986  44.985  -26.952  38.067 0.0000000000
107651  43.517  -26.145  40.127 0.0000000000
123900  44.019  -26.878  40.059 0.0000000000
51287  44.166  -27.565  40.284 0.0000000000
112778  44.332  -29.148  40.057 0.0000000000
50506  43.943  -28.739  40.648 0.0000000000
49635  43.082  -29.660  41.049 0.0000000000
42030  34.909  -38.559  48.645 0.0000000000
42923  36.881  -37.057  47.131 0.0000000000
43866  37.103  -36.295  47.296 0.0000000000
39490  28.825  -41.745  48.903 0.0000000000
39491  28.471  -41.774  47.981 0.0000000000
40340  29.262  -41.400  48.148 0.0000000000
40350  30.520  -40.544  47.873 0.0000000000
41177  31.289  -40.141  48.313 0.0000000000
40337  31.650  -40.521  49.082 0.0000000000
128219  47.279  -19.669  33.008 0.0000000000
125110  42.963  -23.887  32.984 0.0000000000
54663  43.274  -23.077  33.024 0.0000000000
55587  43.112  -22.433  32.620 0.0000000000
128415  44.403  -21.038  34.086 0.0000000000
56478  44.665  -21.334  34.681 0.0000000000
56468  45.156  -21.582  35.050 0.0000000000
53795  45.392  -24.402  32.290 0.0000000000
43883  33.617  -36.514  46.339 0.0000000000
47075  35.307  -32.747  44.756 0.0000000000
47080  34.513  -31.890  43.185 0.0000000000
50454  36.396  -28.262  44.349 0.0000000000
111166  36.447  -27.987  43.480 0.0000000000
51248  36.570  -27.993  42.373 0.0000000000
50508  36.603  -28.433  40.543 0.0000000000
51269  37.542  -27.599  41.438 0.0000000000
51268  38.252  -27.284  41.202 0.0000000000
52136  38.987  -26.922  40.941 0.0000000000
52116  38.858  -26.833  41.796 0.0000000000
113554  39.487  -26.501  42.466 0.0000000000
52098  40.016  -26.444  43.099 0.0000000000
49603  40.177  -29.103  44.408 0.0000000000
49602  40.526  -28.312  44.081 0.0000000000
49618  40.768  -29.147  43.481 0.0000000000
48726  41.244  -29.743  42.623 0.0000000000
41132  21.969  -39.920  51.253 0.0000000000
39438  23.190  -41.713  52.465 0.0000000000
38657  23.061  -42.549  52.525 0.0000000000
50548  41.255  -28.386  36.065 0.0000000000
52132  43.016  -26.011  40.796 0.0000000000
52112  43.070  -26.535  41.287 0.0000000000
40335  35.330  -40.225  48.214 0.0000000000
107826  26.275  -42.268  48.323 0.0000000000
39477  27.462  -42.317  49.367 0.0000000000
39476  28.203  -42.051  49.341 0.0000000000
117716  28.818  -42.043  49.673 0.0000000000
39474  30.729  -41.766  49.848 0.0000000000
38692  31.288  -42.859  49.924 0.0000000000
37848  31.509  -43.284  49.761 0.0000000000
59023  47.719  -17.911  32.367 0.0000000000
58211  47.470  -18.980  33.141 0.0000000000
56499  46.609  -21.162  32.941 0.0000000000
54647  44.366  -23.696  34.616 0.0000000000
54631  45.215  -23.067  35.127 0.0000000000
52984  45.764  -25.530  32.859 0.0000000000
44813  35.651  -35.265  47.596 0.0000000000
45621  35.190  -34.796  46.690 0.0000000000
45612  35.587  -34.643  47.225 0.0000000000
47066  35.874  -32.962  46.245 0.0000000000
47059  36.135  -32.682  47.093 0.0000000000
47065  36.040  -32.527  46.836 0.0000000000
47833  34.878  -30.970  44.545 0.0000000000
48708  34.875  -30.210  44.331 0.0000000000
48718  34.592  -30.122  43.728 0.0000000000
49604  35.597  -29.252  44.695 0.0000000000
49575  36.475  -29.855  45.945 0.0000000000
50423  36.267  -28.972  45.100 0.0000000000
50437  35.905  -28.765  44.567 0.0000000000
51216  37.098  -28.182  44.810 0.0000000000
51215  37.742  -27.643  44.699 0.0000000000
52072  38.367  -27.270  44.431 0.0000000000
51214  38.704  -27.553  44.736 0.0000000000
126486  38.857  -27.992  44.974 0.0000000000
49588  38.692  -29.314  45.512 0.0000000000
49587  39.602  -29.183  45.027 0.0000000000
40327  23.804  -40.886  49.775 0.0000000000
39493  24.758  -41.782  48.556 0.0000000000
112061  25.570  -41.984  49.056 0.0000000000
111035  26.400  -42.369  50.320 0.0000000000
52206  44.449  -26.833  34.769 0.0000000000
51394  43.768  -27.418  34.721 0.0000000000
52193  46.764  -27.049  35.527 0.0000000000
51363  46.268  -27.843  36.667 0.0000000000
52172  45.853  -27.463  36.992 0.0000000000
52158  44.467  -26.740  38.599 0.0000000000
52157  44.903  -27.218  38.483 0.0000000000
51310  44.804  -27.712  38.934 0.0000000000
113773  45.099  -28.337  38.525 0.0000000000
42925  32.615  -37.697  46.358 0.0000000000
43869  33.252  -37.210  46.804 0.0000000000
42914  33.705  -37.567  47.492 0.0000000000
43868  34.020  -36.807  47.179 0.0000000000
43867  34.691  -36.355  47.585 0.0000000000
44800  35.328  -36.023  47.852 0.0000000000
41173  35.420  -39.469  48.435 0.0000000000
116828  35.461  -38.733  48.419 0.0000000000
42029  36.054  -38.038  48.170 0.0000000000
42903  35.586  -37.366  48.286 0.0000000000
112942  36.113  -35.129  47.724 0.0000000000
45603  36.633  -35.040  47.635 0.0000000000
44812  37.209  -35.629  47.302 0.0000000000
45610  37.202  -34.866  47.309 0.0000000000
45611  36.760  -34.410  47.502 0.0000000000
46350  37.218  -33.818  47.229 0.0000000000
46349  37.930  -33.407  46.767 0.0000000000
107660  38.384  -33.069  46.236 0.0000000000
113366  38.438  -34.179  45.477 0.0000000000
45646  38.173  -34.757  44.512 0.0000000000
44851  37.990  -35.304  44.879 0.0000000000
39503  26.554  -42.237  47.413 0.0000000000
39501  28.134  -41.767  47.255 0.0000000000
42056  31.815  -38.754  46.460 0.0000000000
125887  32.832  -39.229  48.368 0.0000000000
40322  34.301  -40.525  49.143 0.0000000000
39473  31.603  -41.705  49.780 0.0000000000
39472  32.402  -41.598  49.573 0.0000000000
108406  32.958  -42.153  49.337 0.0000000000
39471  33.178  -41.525  49.396 0.0000000000
40291  18.748  -40.592  52.870 0.0000000000
59891  48.963  -17.225  29.540 0.0000000000
58214  44.084  -19.688  32.516 0.0000000000
58197  45.105  -19.790  33.979 0.0000000000
57327  44.753  -20.519  34.253 0.0000000000
57326  45.570  -20.225  34.350 0.0000000000
56477  46.601  -21.158  33.648 0.0000000000
55548  46.128  -22.225  34.599 0.0000000000
54661  46.476  -23.000  33.663 0.0000000000
55584  46.563  -22.324  33.745 0.0000000000
56500  46.233  -21.970  32.470 0.0000000000
55604  45.460  -22.077  31.510 0.0000000000
50528  37.672  -28.465  38.468 0.0000000000
50527  38.441  -28.222  38.303 0.0000000000
52135  39.790  -26.754  40.771 0.0000000000
124156  40.453  -26.563  40.607 0.0000000000
52134  41.247  -26.082  40.927 0.0000000000
113074  41.865  -25.986  41.546 0.0000000000
113709  42.529  -26.192  41.492 0.0000000000
51267  42.671  -26.950  41.917 0.0000000000
52082  40.380  -26.828  43.593 0.0000000000
50453  40.705  -27.604  43.836 0.0000000000
51229  40.759  -27.133  43.651 0.0000000000
52081  40.992  -26.809  43.313 0.0000000000
51246  41.992  -27.073  42.642 0.0000000000
50491  42.950  -27.974  41.765 0.0000000000
107463  42.997  -28.880  41.451 0.0000000000
48737  42.266  -29.918  41.380 0.0000000000
47070  38.559  -32.625  45.529 0.0000000000
122424  38.412  -33.322  44.192 0.0000000000
36985  26.358  -44.118  51.512 0.0000000000
45604  36.267  -34.470  47.631 0.0000000000
48695  36.746  -30.268  46.441 0.0000000000
50436  36.521  -28.583  44.862 0.0000000000
50473  35.906  -28.354  42.851 0.0000000000
50536  45.781  -28.718  37.257 0.0000000000
51270  36.931  -27.878  41.625 0.0000000000
51291  36.999  -27.965  40.922 0.0000000000
52083  39.613  -26.787  43.762 0.0000000000
52096  41.453  -26.647  42.847 0.0000000000
