#!ascii label  , from subject sub-v1s12x0050113_ses-1 vox2ras=TkReg
1460
107626  42.202  -24.238  28.731 0.0000000000
39542  32.867  -41.249  44.229 0.0000000000
37092  19.164  -44.485  44.029 0.0000000000
33717  15.103  -48.511  46.536 0.0000000000
36133  27.619  -45.575  49.978 0.0000000000
124424  23.710  -43.366  40.664 0.0000000000
120246  40.582  -31.496  30.144 0.0000000000
59901  47.258  -17.731  27.715 0.0000000000
47919  41.668  -31.103  38.657 0.0000000000
44022  34.069  -36.806  37.000 0.0000000000
40534  27.815  -40.057  34.742 0.0000000000
122003  20.499  -42.056  50.080 0.0000000000
37893  16.452  -44.197  45.730 0.0000000000
37838  17.919  -43.594  50.642 0.0000000000
107649  22.670  -46.407  47.965 0.0000000000
123288  45.356  -29.699  37.426 0.0000000000
41174  34.924  -40.062  48.821 0.0000000000
42072  36.802  -37.689  45.031 0.0000000000
116516  37.171  -35.237  42.340 0.0000000000
106950  34.430  -39.140  39.819 0.0000000000
41372  31.161  -38.933  36.099 0.0000000000
40477  29.769  -40.744  38.900 0.0000000000
38053  19.439  -43.841  37.169 0.0000000000
38885  22.358  -41.904  34.851 0.0000000000
109121  44.482  -20.811  28.724 0.0000000000
58301  44.729  -19.791  24.390 0.0000000000
38055  16.268  -43.541  37.423 0.0000000000
35412  14.266  -46.357  39.845 0.0000000000
37047  31.195  -44.433  47.315 0.0000000000
37948  28.664  -43.485  42.439 0.0000000000
107732  25.869  -44.418  45.177 0.0000000000
36234  20.614  -46.051  42.333 0.0000000000
50607  40.712  -28.132  29.579 0.0000000000
34480  16.409  -47.605  51.863 0.0000000000
31902  13.502  -49.886  48.116 0.0000000000
56499  46.609  -21.162  32.941 0.0000000000
52234  45.132  -25.942  32.220 0.0000000000
49727  43.603  -29.704  33.167 0.0000000000
109955  41.732  -32.313  33.791 0.0000000000
110494  37.459  -31.597  34.099 0.0000000000
110132  39.904  -30.400  43.328 0.0000000000
47118  36.363  -32.577  38.343 0.0000000000
116635  32.953  -33.999  33.503 0.0000000000
42265  31.827  -37.899  32.619 0.0000000000
38835  26.218  -42.843  37.985 0.0000000000
39440  20.472  -41.400  52.947 0.0000000000
38709  19.492  -41.899  49.787 0.0000000000
39442  18.522  -41.605  52.790 0.0000000000
37823  21.827  -43.411  51.893 0.0000000000
124397  34.369  -41.199  46.183 0.0000000000
40406  35.208  -40.110  44.056 0.0000000000
41274  35.965  -38.694  42.229 0.0000000000
40425  33.507  -40.151  42.152 0.0000000000
40474  31.998  -39.882  39.909 0.0000000000
40445  31.402  -41.080  41.696 0.0000000000
36380  18.245  -44.856  32.671 0.0000000000
37262  19.861  -44.400  33.429 0.0000000000
55623  43.220  -22.341  28.582 0.0000000000
56561  43.102  -21.415  26.126 0.0000000000
54736  41.905  -23.542  26.379 0.0000000000
37975  17.498  -43.783  40.562 0.0000000000
36292  14.785  -44.629  38.956 0.0000000000
37160  16.137  -43.873  41.884 0.0000000000
35325  15.489  -46.703  45.894 0.0000000000
34575  14.380  -47.170  43.091 0.0000000000
33745  14.354  -48.424  44.398 0.0000000000
121221  13.516  -49.989  44.743 0.0000000000
37848  31.509  -43.284  49.761 0.0000000000
36157  29.367  -45.192  48.417 0.0000000000
36173  28.342  -44.766  46.143 0.0000000000
36159  27.068  -45.097  47.435 0.0000000000
36178  20.557  -46.030  45.917 0.0000000000
107124  21.743  -46.444  45.001 0.0000000000
127427  19.726  -45.935  42.919 0.0000000000
35411  18.682  -45.928  39.984 0.0000000000
49756  40.343  -29.662  29.698 0.0000000000
50622  39.968  -28.976  27.467 0.0000000000
48086  39.240  -31.155  27.021 0.0000000000
31880  11.864  -50.030  50.047 0.0000000000
51426  44.274  -27.520  32.342 0.0000000000
112157  46.260  -27.923  34.280 0.0000000000
47917  43.349  -31.129  38.202 0.0000000000
47977  44.013  -31.484  35.509 0.0000000000
47956  41.669  -31.594  36.304 0.0000000000
48017  39.806  -31.718  33.919 0.0000000000
47958  39.128  -31.551  36.539 0.0000000000
126626  35.655  -36.089  39.953 0.0000000000
46388  36.574  -33.477  40.509 0.0000000000
113098  35.177  -34.187  38.197 0.0000000000
46416  34.898  -33.199  36.702 0.0000000000
44956  33.114  -35.308  35.204 0.0000000000
44078  31.944  -36.206  32.851 0.0000000000
43132  32.763  -36.880  34.871 0.0000000000
122914  29.795  -39.159  33.848 0.0000000000
37152  26.824  -43.749  41.591 0.0000000000
37988  27.415  -43.415  40.266 0.0000000000
38011  24.959  -43.172  39.233 0.0000000000
38106  23.597  -42.869  33.772 0.0000000000
117940  49.202  -15.548  25.270 0.0000000000
60757  47.237  -16.780  26.216 0.0000000000
37889  20.282  -43.622  46.856 0.0000000000
37916  17.521  -43.292  44.502 0.0000000000
38738  18.641  -42.435  47.430 0.0000000000
37052  16.978  -44.234  47.659 0.0000000000
35295  16.732  -45.715  48.794 0.0000000000
37001  25.493  -44.796  51.393 0.0000000000
35276  24.917  -46.034  49.574 0.0000000000
36121  23.676  -45.497  50.285 0.0000000000
37038  21.424  -44.773  48.794 0.0000000000
123606  46.752  -28.402  35.983 0.0000000000
106615  43.429  -30.135  40.310 0.0000000000
115305  37.051  -36.721  43.307 0.0000000000
43021  35.910  -37.415  41.103 0.0000000000
42195  34.687  -38.240  38.397 0.0000000000
42215  33.688  -38.542  36.744 0.0000000000
41331  33.512  -39.245  38.249 0.0000000000
41334  31.143  -39.563  38.042 0.0000000000
40506  28.941  -40.237  37.114 0.0000000000
38031  21.101  -43.155  38.797 0.0000000000
38837  23.108  -42.203  37.983 0.0000000000
38872  20.654  -42.325  36.410 0.0000000000
59068  46.196  -18.985  28.255 0.0000000000
59087  45.431  -18.457  26.385 0.0000000000
57407  44.078  -20.201  26.368 0.0000000000
37136  15.510  -44.614  42.855 0.0000000000
38734  33.522  -42.646  47.914 0.0000000000
38760  31.843  -42.928  45.195 0.0000000000
38779  30.714  -42.803  43.495 0.0000000000
37913  29.785  -43.967  44.368 0.0000000000
107833  27.225  -44.163  44.000 0.0000000000
37131  24.260  -43.799  42.681 0.0000000000
36177  23.717  -45.711  46.610 0.0000000000
121106  22.932  -44.807  44.369 0.0000000000
37156  21.456  -44.448  41.318 0.0000000000
37182  19.588  -45.320  39.260 0.0000000000
36302  18.080  -44.842  37.093 0.0000000000
52276  41.277  -26.345  28.976 0.0000000000
53045  41.003  -25.381  26.838 0.0000000000
51491  40.560  -27.508  27.088 0.0000000000
36108  17.067  -46.024  51.362 0.0000000000
33697  15.680  -48.247  48.859 0.0000000000
32792  15.317  -49.129  50.364 0.0000000000
32821  14.763  -49.447  47.486 0.0000000000
58254  47.167  -19.429  30.038 0.0000000000
56536  45.193  -21.019  30.136 0.0000000000
127016  44.497  -22.499  30.633 0.0000000000
53810  43.705  -24.765  30.575 0.0000000000
52249  42.840  -26.900  30.865 0.0000000000
126110  42.376  -28.472  31.628 0.0000000000
48883  42.134  -30.749  31.791 0.0000000000
48830  45.204  -30.258  35.358 0.0000000000
48029  43.245  -31.234  33.355 0.0000000000
47176  41.570  -32.310  31.816 0.0000000000
107775  40.089  -32.613  31.844 0.0000000000
47178  38.153  -32.116  31.635 0.0000000000
48748  40.532  -30.574  41.053 0.0000000000
47085  38.038  -32.906  42.933 0.0000000000
47869  37.724  -31.647  40.822 0.0000000000
127480  39.131  -31.287  38.484 0.0000000000
47960  36.814  -32.023  36.274 0.0000000000
47161  35.168  -32.345  34.350 0.0000000000
42249  31.519  -38.447  34.081 0.0000000000
123902  29.294  -42.498  40.827 0.0000000000
38833  27.886  -42.340  38.879 0.0000000000
39628  27.135  -41.552  36.743 0.0000000000
38854  24.431  -42.258  36.773 0.0000000000
107321  24.809  -42.088  34.299 0.0000000000
39441  19.513  -41.423  52.795 0.0000000000
40280  19.045  -40.983  53.215 0.0000000000
111088  33.441  -41.295  44.908 0.0000000000
40378  34.872  -40.684  45.646 0.0000000000
40394  33.817  -40.915  44.366 0.0000000000
40424  33.952  -40.306  42.906 0.0000000000
112028  33.080  -40.582  42.786 0.0000000000
107983  32.671  -40.488  42.124 0.0000000000
39568  31.814  -41.311  42.816 0.0000000000
54707  42.569  -23.616  28.719 0.0000000000
54721  42.114  -23.155  27.209 0.0000000000
54708  42.043  -23.683  27.962 0.0000000000
37134  18.584  -44.367  42.506 0.0000000000
107750  16.961  -43.467  41.131 0.0000000000
37929  18.124  -43.548  42.969 0.0000000000
126814  15.309  -47.412  46.065 0.0000000000
34534  15.053  -47.488  45.578 0.0000000000
33730  14.594  -48.621  45.425 0.0000000000
32857  14.242  -49.072  44.894 0.0000000000
32843  14.466  -49.203  45.792 0.0000000000
109288  27.942  -44.269  51.042 0.0000000000
36998  28.698  -44.419  50.571 0.0000000000
36131  29.889  -44.687  50.065 0.0000000000
36132  28.639  -45.228  49.906 0.0000000000
118461  28.426  -45.230  48.238 0.0000000000
119330  27.194  -45.642  49.148 0.0000000000
36191  20.060  -45.678  45.218 0.0000000000
35340  20.213  -46.224  44.649 0.0000000000
36218  19.312  -45.366  43.427 0.0000000000
36235  18.960  -45.543  42.134 0.0000000000
48897  40.444  -30.657  29.969 0.0000000000
48906  39.878  -30.296  28.916 0.0000000000
48907  39.478  -31.245  28.537 0.0000000000
52220  46.785  -26.374  34.568 0.0000000000
51409  46.542  -27.098  34.165 0.0000000000
51393  46.725  -27.584  34.836 0.0000000000
47918  42.533  -31.173  38.458 0.0000000000
47936  42.704  -31.345  37.590 0.0000000000
47938  41.033  -31.471  37.131 0.0000000000
47957  40.741  -31.557  36.163 0.0000000000
106874  40.088  -31.316  37.536 0.0000000000
44934  34.992  -36.457  38.477 0.0000000000
115266  35.338  -34.839  38.770 0.0000000000
44935  34.570  -36.117  37.756 0.0000000000
45714  34.335  -34.940  37.295 0.0000000000
44947  33.898  -35.740  36.857 0.0000000000
44037  33.137  -36.216  35.468 0.0000000000
44023  33.600  -36.489  36.241 0.0000000000
37970  25.268  -43.637  41.044 0.0000000000
37990  25.668  -43.567  40.245 0.0000000000
117973  24.157  -43.198  39.847 0.0000000000
60756  48.277  -16.276  26.657 0.0000000000
59911  47.100  -17.223  26.993 0.0000000000
37864  20.887  -42.966  48.559 0.0000000000
38750  19.191  -42.609  46.773 0.0000000000
38722  19.838  -42.030  48.517 0.0000000000
37852  18.342  -42.793  49.979 0.0000000000
37865  18.223  -42.765  49.014 0.0000000000
37853  17.796  -43.522  49.662 0.0000000000
36150  16.791  -44.990  48.289 0.0000000000
108479  17.050  -45.066  49.084 0.0000000000
36987  24.678  -44.193  51.978 0.0000000000
36105  24.572  -45.079  50.944 0.0000000000
37003  23.487  -44.598  51.516 0.0000000000
38677  21.397  -42.860  51.489 0.0000000000
37018  21.928  -44.352  50.538 0.0000000000
37863  21.326  -43.699  49.136 0.0000000000
111487  21.097  -43.930  48.406 0.0000000000
41222  36.293  -38.894  46.125 0.0000000000
120063  36.774  -37.530  46.672 0.0000000000
43892  37.389  -36.440  45.761 0.0000000000
43903  37.606  -35.873  44.505 0.0000000000
42955  36.966  -37.125  44.527 0.0000000000
41292  35.292  -38.932  40.971 0.0000000000
110413  36.157  -38.190  41.974 0.0000000000
42142  35.441  -38.398  40.559 0.0000000000
42158  35.389  -38.012  39.907 0.0000000000
41313  34.798  -38.704  39.352 0.0000000000
41352  34.169  -38.921  38.018 0.0000000000
111351  34.190  -39.123  38.882 0.0000000000
106264  30.882  -40.585  39.932 0.0000000000
41333  31.661  -39.623  38.649 0.0000000000
40487  30.172  -40.251  38.562 0.0000000000
40499  29.975  -39.987  37.902 0.0000000000
40488  29.544  -40.509  38.295 0.0000000000
38052  20.189  -43.283  37.684 0.0000000000
38858  20.763  -42.513  37.354 0.0000000000
38071  20.033  -42.940  36.748 0.0000000000
58266  45.005  -19.890  28.070 0.0000000000
58275  45.377  -19.373  27.725 0.0000000000
56552  43.990  -20.552  27.112 0.0000000000
56573  43.251  -21.487  25.269 0.0000000000
37228  16.062  -44.079  35.522 0.0000000000
36316  15.178  -44.977  36.423 0.0000000000
116210  16.579  -43.816  44.858 0.0000000000
37112  16.023  -44.147  43.425 0.0000000000
125897  15.807  -44.723  44.345 0.0000000000
33771  13.731  -48.238  42.346 0.0000000000
34584  14.087  -47.177  41.917 0.0000000000
37862  31.825  -44.133  48.894 0.0000000000
125921  32.781  -43.129  48.997 0.0000000000
37874  32.482  -43.614  47.828 0.0000000000
38749  32.781  -42.875  46.437 0.0000000000
37888  31.504  -43.900  46.396 0.0000000000
37912  30.637  -43.643  44.823 0.0000000000
37901  30.753  -44.047  45.704 0.0000000000
37076  26.668  -44.575  45.748 0.0000000000
37087  27.802  -44.339  44.620 0.0000000000
107679  26.235  -44.176  44.251 0.0000000000
119943  25.711  -43.898  43.022 0.0000000000
37109  24.556  -44.138  43.996 0.0000000000
35291  23.937  -46.361  48.741 0.0000000000
126940  24.828  -45.886  47.865 0.0000000000
35304  23.181  -46.318  47.560 0.0000000000
35353  21.096  -46.387  43.620 0.0000000000
36202  22.517  -45.685  44.806 0.0000000000
36217  21.766  -45.779  43.420 0.0000000000
37133  22.441  -44.329  42.825 0.0000000000
124314  21.185  -45.350  42.008 0.0000000000
37170  21.116  -44.555  40.693 0.0000000000
36259  20.051  -45.961  40.871 0.0000000000
37194  17.638  -44.519  38.192 0.0000000000
36291  18.135  -45.073  37.915 0.0000000000
37208  17.542  -44.348  37.316 0.0000000000
110468  41.088  -26.946  29.217 0.0000000000
52277  40.711  -26.791  28.382 0.0000000000
51482  40.366  -27.417  27.915 0.0000000000
50649  40.798  -28.969  26.716 0.0000000000
34479  16.670  -46.919  51.414 0.0000000000
35267  16.857  -46.530  50.600 0.0000000000
119579  16.436  -47.702  51.029 0.0000000000
31878  14.005  -49.728  49.837 0.0000000000
32803  14.814  -49.450  49.705 0.0000000000
123082  14.989  -49.422  48.988 0.0000000000
31901  14.261  -49.757  47.802 0.0000000000
31924  13.545  -50.028  46.364 0.0000000000
31914  13.450  -50.006  47.211 0.0000000000
58253  48.069  -18.994  30.535 0.0000000000
57376  47.026  -20.119  31.422 0.0000000000
116556  45.716  -21.226  31.063 0.0000000000
56529  45.009  -21.684  30.650 0.0000000000
55604  45.460  -22.077  31.510 0.0000000000
53795  45.392  -24.402  32.290 0.0000000000
53809  44.230  -24.374  31.100 0.0000000000
52998  44.194  -25.259  31.159 0.0000000000
53006  43.492  -25.554  30.627 0.0000000000
52247  44.368  -26.015  31.523 0.0000000000
50577  44.244  -28.306  32.888 0.0000000000
50578  43.518  -28.138  32.257 0.0000000000
50579  42.752  -28.835  32.142 0.0000000000
49737  41.744  -29.941  31.392 0.0000000000
49728  43.040  -29.770  32.655 0.0000000000
49673  45.937  -29.058  36.845 0.0000000000
49695  45.915  -29.517  35.823 0.0000000000
48813  45.429  -30.114  36.128 0.0000000000
47148  42.474  -32.078  34.804 0.0000000000
48001  43.167  -31.917  34.320 0.0000000000
48016  42.840  -31.908  33.500 0.0000000000
48031  42.143  -31.986  32.265 0.0000000000
116840  41.620  -32.362  32.570 0.0000000000
122383  40.960  -32.598  31.876 0.0000000000
47177  40.776  -32.418  32.633 0.0000000000
48005  38.199  -31.549  34.507 0.0000000000
48032  38.565  -31.752  32.685 0.0000000000
48019  37.948  -31.598  33.504 0.0000000000
48020  37.079  -31.639  33.338 0.0000000000
48740  39.766  -30.590  41.718 0.0000000000
45658  37.593  -34.909  43.023 0.0000000000
46376  38.094  -33.683  43.518 0.0000000000
45667  37.405  -34.451  42.473 0.0000000000
47103  36.572  -32.869  39.975 0.0000000000
47102  37.037  -32.519  40.705 0.0000000000
47111  36.947  -32.219  39.701 0.0000000000
47885  38.176  -31.277  39.957 0.0000000000
47923  37.728  -31.689  38.420 0.0000000000
47941  37.933  -31.691  37.534 0.0000000000
47127  37.038  -32.067  37.791 0.0000000000
46422  34.190  -33.374  35.474 0.0000000000
47151  34.616  -32.769  35.034 0.0000000000
46434  33.973  -33.087  33.693 0.0000000000
46438  34.161  -33.029  32.813 0.0000000000
46435  33.384  -33.538  33.009 0.0000000000
45749  32.756  -34.676  32.054 0.0000000000
114532  31.876  -36.888  32.200 0.0000000000
44107  32.318  -36.749  31.674 0.0000000000
42216  33.059  -38.664  36.163 0.0000000000
42232  32.728  -38.272  35.357 0.0000000000
42233  31.342  -38.644  35.061 0.0000000000
41411  31.122  -39.021  32.920 0.0000000000
37947  29.296  -43.278  42.545 0.0000000000
38803  30.260  -42.283  41.915 0.0000000000
38804  28.811  -43.090  41.295 0.0000000000
38026  26.996  -43.035  39.087 0.0000000000
38825  27.452  -42.884  39.180 0.0000000000
38834  27.218  -42.679  38.498 0.0000000000
39619  27.571  -41.583  37.397 0.0000000000
38851  26.912  -42.197  37.264 0.0000000000
116773  22.231  -41.627  35.603 0.0000000000
38855  23.427  -41.921  37.005 0.0000000000
122129  22.810  -41.624  35.394 0.0000000000
117823  24.286  -42.435  33.776 0.0000000000
39655  25.815  -41.561  33.682 0.0000000000
59098  44.934  -19.033  24.738 0.0000000000
59922  45.458  -18.241  24.826 0.0000000000
115744  42.069  -25.097  26.120 0.0000000000
38678  20.841  -42.168  51.480 0.0000000000
39464  20.016  -41.749  50.124 0.0000000000
39463  20.180  -41.758  51.033 0.0000000000
38680  18.785  -42.118  51.593 0.0000000000
37824  18.146  -42.989  52.083 0.0000000000
112005  21.507  -42.611  52.257 0.0000000000
119158  34.852  -41.078  48.214 0.0000000000
40335  35.330  -40.225  48.214 0.0000000000
40362  35.506  -40.205  47.233 0.0000000000
41223  35.921  -39.563  45.618 0.0000000000
41233  36.323  -38.923  45.105 0.0000000000
42108  36.439  -38.447  43.631 0.0000000000
41246  35.669  -39.460  43.488 0.0000000000
41261  35.070  -39.453  42.237 0.0000000000
41277  33.986  -39.655  41.430 0.0000000000
41315  32.783  -39.583  39.855 0.0000000000
40443  33.013  -40.061  41.405 0.0000000000
109921  31.536  -40.677  40.953 0.0000000000
40461  30.924  -40.859  40.530 0.0000000000
126917  18.590  -44.017  34.706 0.0000000000
37225  19.190  -43.673  34.869 0.0000000000
36379  19.271  -44.928  32.664 0.0000000000
56545  43.934  -21.550  28.889 0.0000000000
56544  43.908  -20.997  27.961 0.0000000000
55632  43.340  -21.704  27.801 0.0000000000
55644  42.412  -22.647  26.313 0.0000000000
37996  17.277  -43.790  39.749 0.0000000000
119120  15.393  -43.916  37.768 0.0000000000
37997  16.849  -43.542  40.225 0.0000000000
37173  15.419  -44.077  40.324 0.0000000000
36263  14.891  -44.815  40.812 0.0000000000
36192  15.641  -45.715  45.372 0.0000000000
36205  15.435  -45.460  44.457 0.0000000000
35326  15.167  -46.534  45.044 0.0000000000
34564  14.295  -47.726  43.458 0.0000000000
31960  12.869  -50.304  43.081 0.0000000000
37025  30.567  -44.534  49.740 0.0000000000
37048  30.553  -44.854  47.928 0.0000000000
37061  30.133  -44.741  46.816 0.0000000000
121148  28.946  -45.133  47.627 0.0000000000
36174  27.366  -44.760  46.420 0.0000000000
37062  26.428  -44.830  46.551 0.0000000000
35315  21.480  -46.303  46.521 0.0000000000
35314  21.874  -46.395  46.429 0.0000000000
35323  21.182  -46.510  45.239 0.0000000000
35354  20.506  -46.376  43.875 0.0000000000
35373  19.855  -46.019  42.602 0.0000000000
35398  19.370  -46.052  41.028 0.0000000000
35386  19.173  -45.875  41.522 0.0000000000
36262  18.091  -45.364  40.076 0.0000000000
50598  40.758  -28.941  30.190 0.0000000000
113548  40.279  -28.109  28.579 0.0000000000
49770  40.007  -29.396  28.843 0.0000000000
49789  39.791  -29.738  27.265 0.0000000000
110766  12.569  -49.789  50.817 0.0000000000
31892  12.183  -49.946  49.159 0.0000000000
31002  11.831  -50.452  47.612 0.0000000000
31904  11.501  -50.362  48.484 0.0000000000
52233  45.831  -26.168  33.049 0.0000000000
128255  44.678  -26.385  31.961 0.0000000000
51424  45.894  -26.973  33.310 0.0000000000
51425  45.077  -27.652  32.985 0.0000000000
49717  44.830  -29.414  34.072 0.0000000000
118500  44.623  -30.171  38.319 0.0000000000
47953  44.578  -31.159  36.018 0.0000000000
47935  43.585  -31.271  37.259 0.0000000000
106361  42.511  -31.769  35.763 0.0000000000
47979  41.472  -31.849  35.355 0.0000000000
123722  40.452  -31.921  34.162 0.0000000000
47980  40.402  -31.674  35.379 0.0000000000
121746  39.537  -31.583  35.310 0.0000000000
47982  38.727  -31.550  35.280 0.0000000000
43958  36.247  -36.033  40.918 0.0000000000
45679  36.697  -34.178  41.137 0.0000000000
44911  35.941  -35.506  40.260 0.0000000000
46395  35.624  -33.992  38.874 0.0000000000
46402  35.516  -33.594  38.268 0.0000000000
47129  35.558  -32.854  37.165 0.0000000000
46409  35.121  -33.565  37.553 0.0000000000
45728  33.914  -33.983  35.984 0.0000000000
45729  33.187  -34.629  34.920 0.0000000000
45735  32.493  -34.679  33.437 0.0000000000
117034  32.714  -35.022  34.413 0.0000000000
44055  32.307  -36.543  33.928 0.0000000000
43159  31.975  -37.149  33.174 0.0000000000
41373  29.972  -39.236  35.975 0.0000000000
42234  30.572  -38.777  34.387 0.0000000000
41384  29.827  -39.081  34.860 0.0000000000
40555  29.487  -39.766  33.000 0.0000000000
39685  30.038  -40.669  32.649 0.0000000000
37151  27.598  -43.621  41.658 0.0000000000
108181  27.994  -43.397  41.047 0.0000000000
37989  26.956  -43.569  40.261 0.0000000000
38009  26.866  -43.376  39.651 0.0000000000
38028  25.653  -43.053  38.606 0.0000000000
38907  22.975  -42.414  34.315 0.0000000000
36359  23.267  -44.503  34.248 0.0000000000
60765  48.919  -15.705  26.206 0.0000000000
60766  47.819  -16.298  25.699 0.0000000000
60777  47.521  -16.615  24.670 0.0000000000
37064  19.862  -44.431  45.615 0.0000000000
37915  18.364  -43.527  44.001 0.0000000000
37891  18.766  -42.985  45.985 0.0000000000
37892  17.824  -43.098  45.977 0.0000000000
122954  17.030  -43.601  46.142 0.0000000000
38723  18.905  -42.175  48.388 0.0000000000
37878  18.071  -42.800  48.122 0.0000000000
37066  16.600  -44.389  46.793 0.0000000000
37053  16.517  -44.987  47.599 0.0000000000
125965  15.766  -46.749  47.116 0.0000000000
34517  15.655  -47.531  47.469 0.0000000000
36102  26.871  -45.191  51.016 0.0000000000
36134  26.617  -45.800  49.737 0.0000000000
35263  25.302  -45.651  50.272 0.0000000000
116419  24.116  -45.792  50.057 0.0000000000
120810  22.781  -46.094  49.278 0.0000000000
37004  22.798  -44.506  51.532 0.0000000000
36123  22.272  -45.108  50.021 0.0000000000
35279  22.196  -46.052  48.888 0.0000000000
36149  20.980  -45.654  47.365 0.0000000000
37063  20.270  -44.433  46.349 0.0000000000
47202  39.895  -32.681  30.051 0.0000000000
48077  39.054  -32.036  28.266 0.0000000000
114758  38.945  -32.685  28.806 0.0000000000
51377  46.814  -27.733  35.986 0.0000000000
49661  45.002  -29.348  38.384 0.0000000000
107150  44.426  -30.067  39.129 0.0000000000
48755  43.689  -30.436  39.537 0.0000000000
47898  42.332  -30.902  39.231 0.0000000000
44861  37.826  -35.275  44.132 0.0000000000
44871  37.330  -35.629  42.892 0.0000000000
42107  36.623  -37.847  43.148 0.0000000000
43007  36.604  -36.975  42.132 0.0000000000
122047  36.381  -36.411  41.380 0.0000000000
43037  35.597  -37.270  40.286 0.0000000000
43038  35.251  -37.557  39.385 0.0000000000
43072  34.612  -37.946  37.795 0.0000000000
43095  34.220  -37.736  37.085 0.0000000000
42214  34.176  -38.338  37.241 0.0000000000
41353  33.256  -39.050  36.983 0.0000000000
41354  32.381  -39.198  37.250 0.0000000000
41316  32.219  -39.605  39.248 0.0000000000
112216  32.001  -39.382  37.889 0.0000000000
41355  31.416  -39.247  37.182 0.0000000000
41357  29.761  -39.718  37.058 0.0000000000
41374  29.096  -39.771  36.242 0.0000000000
40507  28.362  -40.321  36.425 0.0000000000
38013  22.465  -42.986  39.576 0.0000000000
38012  23.391  -42.890  39.379 0.0000000000
38827  21.851  -42.750  38.910 0.0000000000
38857  21.578  -42.033  37.372 0.0000000000
38886  21.582  -41.932  35.427 0.0000000000
38088  19.913  -43.134  35.095 0.0000000000
38108  20.752  -43.232  34.577 0.0000000000
59076  46.670  -18.345  27.900 0.0000000000
59086  46.293  -17.892  26.935 0.0000000000
59077  45.788  -18.674  27.351 0.0000000000
58285  45.010  -19.122  26.795 0.0000000000
58293  44.377  -19.619  25.079 0.0000000000
57408  43.544  -20.793  25.999 0.0000000000
57415  43.683  -20.848  25.040 0.0000000000
37930  17.512  -43.329  43.681 0.0000000000
37135  16.207  -43.899  42.845 0.0000000000
36249  14.561  -45.723  41.226 0.0000000000
36219  15.158  -45.581  43.508 0.0000000000
35388  14.296  -46.592  41.583 0.0000000000
39488  34.327  -41.619  48.632 0.0000000000
39500  34.084  -42.016  47.784 0.0000000000
38758  33.232  -42.227  46.025 0.0000000000
39543  32.342  -41.815  44.446 0.0000000000
38790  31.235  -42.064  43.167 0.0000000000
38769  31.612  -42.687  44.552 0.0000000000
108740  30.247  -43.413  43.923 0.0000000000
37928  28.872  -43.716  43.264 0.0000000000
108039  29.222  -44.392  44.785 0.0000000000
37086  28.522  -44.274  44.327 0.0000000000
126751  28.350  -43.682  42.962 0.0000000000
37130  26.292  -43.845  42.378 0.0000000000
115419  25.282  -43.798  42.484 0.0000000000
37971  24.226  -43.546  41.263 0.0000000000
36147  26.191  -45.779  48.891 0.0000000000
111780  25.438  -45.458  47.498 0.0000000000
106422  25.162  -44.680  45.772 0.0000000000
36190  22.388  -46.227  45.572 0.0000000000
37091  23.449  -44.894  45.024 0.0000000000
37090  24.355  -44.429  44.730 0.0000000000
117481  23.867  -44.019  43.470 0.0000000000
37950  22.754  -43.865  42.114 0.0000000000
126391  22.881  -43.390  40.798 0.0000000000
37974  21.578  -43.894  40.585 0.0000000000
37995  20.773  -43.892  39.248 0.0000000000
37207  19.050  -44.788  37.697 0.0000000000
36275  19.218  -45.951  39.684 0.0000000000
36300  18.716  -45.283  38.135 0.0000000000
37216  18.636  -44.539  36.782 0.0000000000
37248  17.319  -44.308  34.488 0.0000000000
53017  41.758  -25.013  28.718 0.0000000000
53835  41.564  -24.404  27.835 0.0000000000
52290  40.840  -26.061  28.044 0.0000000000
50634  40.412  -28.475  27.019 0.0000000000
111313  41.033  -28.029  26.692 0.0000000000
112459  38.941  -31.982  27.401 0.0000000000
39431  18.112  -41.561  52.872 0.0000000000
38645  18.006  -42.274  52.706 0.0000000000
37813  17.513  -43.688  52.327 0.0000000000
37006  17.390  -44.577  51.985 0.0000000000
36124  17.328  -45.101  51.078 0.0000000000
35280  16.869  -46.000  49.679 0.0000000000
35296  16.400  -46.663  48.878 0.0000000000
33707  15.501  -48.350  47.860 0.0000000000
33666  16.193  -48.184  51.433 0.0000000000
118869  15.645  -48.663  50.034 0.0000000000
33698  15.436  -48.792  48.385 0.0000000000
32828  15.056  -48.923  46.766 0.0000000000
31923  14.148  -49.729  46.095 0.0000000000
59066  48.196  -18.170  29.323 0.0000000000
59067  47.139  -18.638  28.766 0.0000000000
58264  46.653  -19.225  29.144 0.0000000000
127916  45.529  -20.137  29.206 0.0000000000
58245  47.597  -19.496  31.050 0.0000000000
121619  45.748  -20.334  29.892 0.0000000000
56537  44.597  -21.126  29.402 0.0000000000
55613  44.449  -21.683  29.906 0.0000000000
55614  43.783  -22.376  29.616 0.0000000000
54693  43.384  -23.761  29.846 0.0000000000
54670  45.036  -23.077  31.535 0.0000000000
54681  43.775  -24.000  30.441 0.0000000000
53822  43.284  -24.404  29.987 0.0000000000
53007  42.863  -25.485  30.092 0.0000000000
52261  42.321  -26.621  30.260 0.0000000000
51457  42.022  -27.417  30.570 0.0000000000
51442  43.633  -27.468  31.824 0.0000000000
50587  42.788  -27.800  31.507 0.0000000000
50597  41.323  -28.185  30.433 0.0000000000
50589  41.431  -29.056  30.962 0.0000000000
49747  41.007  -30.035  30.622 0.0000000000
48896  41.045  -31.183  30.564 0.0000000000
50562  46.833  -28.039  35.461 0.0000000000
49716  45.576  -29.220  34.551 0.0000000000
48847  44.413  -30.378  34.245 0.0000000000
47976  44.603  -31.022  35.322 0.0000000000
48832  44.083  -30.978  34.311 0.0000000000
48864  43.367  -30.500  33.159 0.0000000000
48045  42.345  -31.344  32.179 0.0000000000
48046  41.859  -31.636  31.631 0.0000000000
48058  40.927  -32.049  30.563 0.0000000000
47194  40.409  -32.593  30.645 0.0000000000
47186  39.754  -32.941  31.153 0.0000000000
47169  39.732  -31.929  32.865 0.0000000000
124763  39.160  -32.132  32.039 0.0000000000
48747  41.634  -30.389  40.959 0.0000000000
47900  40.562  -31.059  39.448 0.0000000000
47856  38.618  -31.317  42.517 0.0000000000
127915  37.238  -32.987  41.524 0.0000000000
47094  37.555  -32.241  41.553 0.0000000000
47867  38.899  -30.934  41.632 0.0000000000
48749  39.455  -30.793  40.876 0.0000000000
47901  39.527  -31.120  39.227 0.0000000000
47921  39.868  -31.219  38.333 0.0000000000
47939  39.306  -31.388  37.795 0.0000000000
106413  38.221  -31.631  36.720 0.0000000000
47984  37.169  -31.759  35.523 0.0000000000
47139  36.136  -32.419  36.748 0.0000000000
47149  36.407  -32.033  35.519 0.0000000000
114648  36.680  -31.723  34.176 0.0000000000
47171  35.332  -32.238  33.363 0.0000000000
44983  32.264  -35.206  32.159 0.0000000000
44106  33.165  -36.669  31.408 0.0000000000
42231  33.413  -38.116  35.982 0.0000000000
42248  32.299  -38.045  34.391 0.0000000000
115173  31.845  -38.103  33.521 0.0000000000
42267  30.762  -38.841  33.581 0.0000000000
42266  31.539  -38.515  33.174 0.0000000000
39569  31.043  -41.701  42.305 0.0000000000
39578  30.689  -41.598  41.498 0.0000000000
39591  29.806  -41.770  40.395 0.0000000000
38817  28.471  -42.924  40.540 0.0000000000
38816  28.984  -42.191  40.046 0.0000000000
39603  29.119  -41.100  38.750 0.0000000000
123208  28.148  -41.324  37.848 0.0000000000
40508  27.662  -40.910  36.626 0.0000000000
39653  27.082  -40.616  34.967 0.0000000000
38030  23.701  -42.620  38.638 0.0000000000
38836  24.111  -42.412  37.794 0.0000000000
38853  25.287  -42.475  36.520 0.0000000000
127604  23.610  -42.262  34.222 0.0000000000
107580  25.176  -42.167  35.370 0.0000000000
38867  25.876  -42.405  36.355 0.0000000000
38881  25.848  -41.904  35.448 0.0000000000
39654  26.434  -40.902  34.077 0.0000000000
119961  46.527  -17.347  26.277 0.0000000000
59931  46.603  -17.311  24.559 0.0000000000
106965  47.135  -17.288  23.904 0.0000000000
54737  41.562  -24.186  26.530 0.0000000000
40408  33.420  -40.735  43.560 0.0000000000
39554  32.581  -41.033  43.304 0.0000000000
40426  32.414  -40.835  42.651 0.0000000000
37111  18.765  -44.285  43.282 0.0000000000
34525  15.209  -47.921  46.245 0.0000000000
33729  14.910  -48.250  45.880 0.0000000000
32842  14.839  -48.805  46.212 0.0000000000
36101  27.764  -44.900  50.858 0.0000000000
36116  28.245  -45.061  50.367 0.0000000000
36115  29.143  -44.757  50.183 0.0000000000
36145  28.117  -45.459  49.234 0.0000000000
37079  19.523  -44.581  44.823 0.0000000000
36203  19.726  -45.710  44.239 0.0000000000
111906  18.988  -45.214  42.848 0.0000000000
118444  40.061  -31.336  29.485 0.0000000000
51408  46.837  -26.906  34.823 0.0000000000
52203  46.814  -26.620  35.007 0.0000000000
47937  41.809  -31.329  37.847 0.0000000000
47920  40.840  -31.241  38.169 0.0000000000
44005  34.486  -37.196  37.552 0.0000000000
37991  24.690  -43.457  40.483 0.0000000000
59900  47.805  -17.195  27.658 0.0000000000
59910  47.893  -16.730  27.159 0.0000000000
38721  20.445  -42.222  48.959 0.0000000000
38736  20.287  -42.519  48.028 0.0000000000
37027  17.359  -44.280  49.371 0.0000000000
37019  17.525  -44.321  50.316 0.0000000000
37810  24.464  -43.392  52.192 0.0000000000
123787  24.167  -43.999  52.190 0.0000000000
36988  23.597  -44.120  52.177 0.0000000000
38697  21.147  -42.712  50.581 0.0000000000
37850  21.478  -43.587  50.071 0.0000000000
37851  20.990  -42.760  49.517 0.0000000000
42073  36.591  -38.268  45.580 0.0000000000
42055  36.560  -38.182  46.617 0.0000000000
42054  36.788  -37.618  45.954 0.0000000000
42940  37.016  -37.027  46.266 0.0000000000
117285  37.034  -37.053  45.424 0.0000000000
41293  34.630  -39.259  40.694 0.0000000000
41312  35.084  -38.864  40.125 0.0000000000
122744  35.151  -38.451  39.771 0.0000000000
40476  30.408  -40.559  39.323 0.0000000000
38072  19.344  -43.542  35.979 0.0000000000
57391  45.022  -20.248  28.671 0.0000000000
57392  44.489  -20.387  27.985 0.0000000000
38056  15.776  -43.723  37.169 0.0000000000
36204  16.031  -44.707  44.942 0.0000000000
106472  13.551  -48.536  41.206 0.0000000000
37875  31.930  -44.148  48.126 0.0000000000
120345  31.930  -43.989  47.278 0.0000000000
37887  32.310  -43.479  46.855 0.0000000000
37060  30.764  -44.341  46.419 0.0000000000
37088  26.900  -44.358  44.876 0.0000000000
37089  25.248  -44.272  44.498 0.0000000000
35292  23.257  -46.369  48.695 0.0000000000
107827  23.393  -46.404  48.195 0.0000000000
122567  22.464  -46.324  47.056 0.0000000000
36233  21.149  -45.952  42.842 0.0000000000
36232  21.785  -45.080  42.754 0.0000000000
37157  20.814  -45.267  41.157 0.0000000000
36247  20.411  -45.960  41.671 0.0000000000
38054  17.013  -43.759  37.785 0.0000000000
38074  16.270  -43.753  36.412 0.0000000000
51470  41.243  -27.464  29.793 0.0000000000
51471  40.676  -27.459  28.921 0.0000000000
35252  16.782  -46.155  52.114 0.0000000000
35253  16.470  -46.989  52.130 0.0000000000
31891  13.287  -49.823  49.014 0.0000000000
31890  14.312  -49.685  48.811 0.0000000000
59053  48.462  -18.308  30.854 0.0000000000
59042  48.159  -18.044  31.608 0.0000000000
56519  46.225  -21.251  32.011 0.0000000000
52985  45.317  -25.173  32.292 0.0000000000
53796  44.777  -24.786  31.696 0.0000000000
52997  44.761  -25.454  31.752 0.0000000000
49726  44.171  -29.155  33.399 0.0000000000
112419  43.512  -28.974  32.795 0.0000000000
117223  45.618  -29.483  37.062 0.0000000000
49683  45.833  -29.485  36.506 0.0000000000
48797  45.418  -29.923  36.864 0.0000000000
47157  42.382  -32.214  34.002 0.0000000000
122807  42.083  -32.279  33.308 0.0000000000
47167  41.335  -32.365  33.288 0.0000000000
48728  39.902  -30.483  42.581 0.0000000000
122212  37.749  -34.275  43.119 0.0000000000
47112  36.429  -32.714  39.205 0.0000000000
47117  36.963  -32.097  38.802 0.0000000000
47903  37.578  -31.665  39.329 0.0000000000
46430  33.432  -33.621  34.024 0.0000000000
46429  34.011  -33.229  34.600 0.0000000000
45748  33.207  -34.003  32.311 0.0000000000
45742  32.764  -34.192  32.776 0.0000000000
43174  32.134  -37.598  31.834 0.0000000000
41371  32.277  -38.945  36.549 0.0000000000
42217  32.182  -38.632  35.663 0.0000000000
37968  29.101  -43.230  41.964 0.0000000000
125987  28.506  -43.365  41.728 0.0000000000
110643  26.725  -42.855  38.493 0.0000000000
107197  26.764  -42.659  37.903 0.0000000000
38852  26.359  -42.523  37.209 0.0000000000
38870  22.725  -41.620  36.234 0.0000000000
58300  45.194  -19.544  24.092 0.0000000000
39448  20.308  -41.668  52.223 0.0000000000
38661  18.881  -41.768  52.386 0.0000000000
38679  19.539  -41.716  51.853 0.0000000000
38662  18.311  -42.247  52.444 0.0000000000
38644  21.223  -41.559  52.948 0.0000000000
38660  21.051  -41.913  52.596 0.0000000000
39499  34.593  -41.312  47.335 0.0000000000
40349  35.133  -40.731  47.610 0.0000000000
40363  35.012  -40.723  46.698 0.0000000000
40393  34.643  -40.583  44.669 0.0000000000
40392  35.395  -40.177  45.081 0.0000000000
41234  35.893  -39.485  44.472 0.0000000000
41245  36.149  -39.050  43.767 0.0000000000
41247  34.913  -39.873  43.029 0.0000000000
41262  34.384  -39.796  42.222 0.0000000000
41276  34.869  -39.354  41.529 0.0000000000
40427  31.971  -40.857  42.198 0.0000000000
40444  32.131  -40.516  41.515 0.0000000000
40446  30.998  -41.130  41.092 0.0000000000
37247  18.270  -44.206  34.105 0.0000000000
37263  18.772  -44.437  33.300 0.0000000000
55633  42.697  -22.409  27.479 0.0000000000
38014  16.730  -43.586  39.279 0.0000000000
127673  17.066  -43.464  41.882 0.0000000000
37976  16.209  -43.686  40.749 0.0000000000
37161  15.523  -44.235  41.128 0.0000000000
106470  15.876  -45.751  46.142 0.0000000000
33744  14.685  -48.015  45.052 0.0000000000
33757  14.471  -47.825  44.191 0.0000000000
128456  14.285  -48.089  43.842 0.0000000000
33758  14.064  -48.238  43.385 0.0000000000
32880  13.675  -48.911  42.971 0.0000000000
32869  14.039  -48.968  43.934 0.0000000000
32858  13.797  -49.557  44.415 0.0000000000
32870  13.493  -49.586  43.499 0.0000000000
31949  13.205  -50.132  43.992 0.0000000000
37835  29.915  -43.746  50.382 0.0000000000
36144  29.950  -45.080  49.380 0.0000000000
37036  30.696  -44.833  48.955 0.0000000000
37037  30.087  -45.077  48.465 0.0000000000
37049  29.703  -45.050  47.644 0.0000000000
36146  27.586  -45.335  48.342 0.0000000000
125894  27.800  -45.141  47.769 0.0000000000
35305  20.993  -46.138  46.605 0.0000000000
108295  21.038  -46.413  45.884 0.0000000000
35355  19.741  -45.991  43.469 0.0000000000
108128  20.091  -46.316  44.041 0.0000000000
117123  20.035  -46.183  43.351 0.0000000000
35385  19.598  -45.951  41.857 0.0000000000
35374  19.476  -45.816  42.308 0.0000000000
37158  18.430  -44.578  41.686 0.0000000000
36248  18.709  -45.601  41.174 0.0000000000
37159  18.138  -44.754  40.743 0.0000000000
37172  17.751  -44.511  39.971 0.0000000000
50608  40.293  -28.813  29.236 0.0000000000
48927  39.455  -30.474  27.689 0.0000000000
48926  39.704  -29.550  28.058 0.0000000000
48945  39.647  -30.407  26.947 0.0000000000
106557  12.949  -49.836  49.932 0.0000000000
31893  11.188  -50.335  49.333 0.0000000000
51410  45.803  -27.800  33.665 0.0000000000
50571  44.971  -28.485  33.523 0.0000000000
50570  45.662  -28.578  34.128 0.0000000000
47916  44.184  -30.805  37.833 0.0000000000
127481  42.282  -31.584  36.419 0.0000000000
47955  42.909  -31.519  36.600 0.0000000000
48002  40.841  -31.971  34.679 0.0000000000
47981  39.829  -31.529  36.007 0.0000000000
126220  39.129  -31.557  35.829 0.0000000000
122537  34.757  -34.304  37.600 0.0000000000
45722  33.872  -34.759  36.465 0.0000000000
45723  33.511  -34.660  35.617 0.0000000000
44054  32.668  -35.902  34.649 0.0000000000
43133  32.380  -37.441  34.208 0.0000000000
41393  29.196  -39.312  34.421 0.0000000000
39686  29.191  -40.752  32.690 0.0000000000
37969  27.257  -43.588  40.882 0.0000000000
37169  26.371  -43.671  40.780 0.0000000000
38010  25.934  -43.396  39.460 0.0000000000
38027  26.457  -43.071  38.885 0.0000000000
127054  48.311  -15.995  25.242 0.0000000000
60767  47.058  -16.789  25.305 0.0000000000
37890  19.674  -43.321  46.234 0.0000000000
37902  19.206  -43.538  45.349 0.0000000000
38737  19.513  -42.334  47.653 0.0000000000
118663  18.304  -42.773  46.678 0.0000000000
119136  19.448  -41.936  49.035 0.0000000000
116726  18.856  -42.211  49.383 0.0000000000
37866  17.629  -43.491  48.749 0.0000000000
37879  17.473  -43.476  47.881 0.0000000000
36151  16.416  -45.784  48.091 0.0000000000
114387  16.018  -46.685  47.858 0.0000000000
121725  25.714  -43.792  51.713 0.0000000000
118670  25.766  -44.375  51.553 0.0000000000
37000  26.250  -44.761  51.355 0.0000000000
36103  26.054  -45.137  51.130 0.0000000000
36119  25.629  -45.499  50.646 0.0000000000
36104  25.185  -45.100  51.159 0.0000000000
36106  23.952  -44.984  50.860 0.0000000000
36120  24.363  -45.419  50.434 0.0000000000
35265  23.684  -45.943  49.821 0.0000000000
35266  23.181  -45.871  49.771 0.0000000000
37822  22.431  -43.837  52.038 0.0000000000
36989  23.003  -44.203  52.086 0.0000000000
37005  22.148  -44.149  51.381 0.0000000000
37026  21.721  -44.545  49.652 0.0000000000
36136  21.921  -45.462  49.225 0.0000000000
36135  22.561  -45.728  49.566 0.0000000000
36148  21.512  -45.774  48.291 0.0000000000
37876  20.677  -43.498  47.665 0.0000000000
37051  20.644  -44.595  47.121 0.0000000000
48766  44.805  -29.682  38.629 0.0000000000
49651  44.644  -29.428  39.229 0.0000000000
48756  42.925  -30.674  39.839 0.0000000000
125596  35.734  -39.697  47.644 0.0000000000
109101  37.218  -36.560  44.084 0.0000000000
43913  37.403  -35.960  43.587 0.0000000000
43925  36.971  -36.448  42.672 0.0000000000
41259  36.096  -38.884  43.040 0.0000000000
42120  36.335  -38.325  42.701 0.0000000000
42141  35.851  -38.009  41.262 0.0000000000
116223  36.320  -37.563  41.866 0.0000000000
43941  36.319  -36.956  41.545 0.0000000000
43959  36.012  -36.777  40.944 0.0000000000
42175  34.962  -38.206  39.126 0.0000000000
43055  34.911  -37.755  38.634 0.0000000000
42196  34.400  -38.502  37.861 0.0000000000
122417  33.660  -39.109  37.612 0.0000000000
114864  32.943  -39.282  37.711 0.0000000000
121140  30.859  -39.956  38.712 0.0000000000
41356  30.543  -39.585  37.539 0.0000000000
107452  30.549  -39.321  36.789 0.0000000000
113827  29.413  -40.241  37.666 0.0000000000
40514  28.436  -39.889  35.509 0.0000000000
37994  21.546  -43.415  39.671 0.0000000000
124102  21.165  -41.975  36.721 0.0000000000
126676  21.177  -41.921  36.103 0.0000000000
38887  20.853  -42.308  35.687 0.0000000000
38109  19.935  -43.654  34.266 0.0000000000
37244  21.626  -44.074  34.324 0.0000000000
38107  21.578  -43.056  34.567 0.0000000000
58276  44.594  -19.855  27.202 0.0000000000
58286  44.398  -19.628  26.107 0.0000000000
59088  44.780  -18.979  25.770 0.0000000000
56553  43.437  -21.194  26.970 0.0000000000
37195  15.299  -43.916  38.515 0.0000000000
108978  14.933  -44.602  38.021 0.0000000000
37903  18.297  -43.223  45.069 0.0000000000
120946  15.042  -44.924  41.814 0.0000000000
35387  14.601  -45.961  41.956 0.0000000000
35341  14.943  -46.429  44.103 0.0000000000
35357  14.730  -46.502  43.232 0.0000000000
112592  13.713  -47.875  40.889 0.0000000000
34592  13.922  -47.210  41.068 0.0000000000
38692  31.288  -42.859  49.924 0.0000000000
38691  31.964  -42.682  49.667 0.0000000000
37873  33.042  -43.049  48.461 0.0000000000
37846  33.043  -42.642  49.107 0.0000000000
38720  33.672  -42.349  48.591 0.0000000000
37899  32.083  -43.255  45.950 0.0000000000
38759  32.495  -42.571  45.574 0.0000000000
39529  32.856  -41.815  45.097 0.0000000000
38768  32.170  -42.321  44.854 0.0000000000
124714  31.903  -42.177  44.299 0.0000000000
37927  29.492  -43.665  43.593 0.0000000000
37105  29.070  -44.070  43.964 0.0000000000
37050  29.118  -45.001  46.825 0.0000000000
37074  29.376  -44.723  45.812 0.0000000000
106684  28.498  -44.558  45.172 0.0000000000
125509  27.964  -44.135  43.936 0.0000000000
37106  28.434  -43.950  43.611 0.0000000000
37107  27.699  -43.889  43.196 0.0000000000
37129  27.213  -43.815  42.367 0.0000000000
113673  26.595  -43.987  43.255 0.0000000000
111614  24.844  -43.908  43.249 0.0000000000
37154  24.762  -43.696  41.870 0.0000000000
35275  25.707  -45.930  49.600 0.0000000000
35290  25.245  -46.074  49.026 0.0000000000
36162  24.517  -45.630  47.156 0.0000000000
36176  25.435  -45.005  46.629 0.0000000000
36188  24.465  -45.116  46.257 0.0000000000
35322  21.775  -46.473  45.744 0.0000000000
35321  22.369  -46.342  46.291 0.0000000000
111103  22.356  -45.285  43.967 0.0000000000
37110  23.641  -44.376  44.226 0.0000000000
110307  22.912  -44.412  43.625 0.0000000000
37155  21.918  -44.345  42.080 0.0000000000
37973  22.217  -43.743  41.283 0.0000000000
37993  22.238  -43.378  40.378 0.0000000000
37181  20.343  -44.759  39.619 0.0000000000
123945  21.008  -44.222  40.030 0.0000000000
37192  20.065  -44.432  38.855 0.0000000000
37193  19.301  -45.016  38.467 0.0000000000
35410  19.042  -46.078  40.197 0.0000000000
36260  19.429  -46.041  40.378 0.0000000000
35426  18.865  -45.816  39.472 0.0000000000
36301  18.424  -45.063  37.784 0.0000000000
36313  18.506  -45.034  37.544 0.0000000000
36315  18.147  -44.581  36.228 0.0000000000
37226  18.072  -44.323  35.074 0.0000000000
122602  17.642  -44.226  35.401 0.0000000000
123844  41.369  -25.685  28.631 0.0000000000
52301  40.612  -26.644  27.369 0.0000000000
52317  40.821  -26.797  26.879 0.0000000000
114971  40.165  -28.190  27.639 0.0000000000
50648  41.931  -28.078  26.505 0.0000000000
40281  18.367  -41.075  53.038 0.0000000000
39432  17.519  -42.123  52.846 0.0000000000
38646  17.429  -42.707  52.787 0.0000000000
37801  17.744  -42.943  52.550 0.0000000000
127644  17.166  -45.451  51.894 0.0000000000
106704  17.112  -45.776  50.548 0.0000000000
34493  16.267  -47.687  50.211 0.0000000000
35281  16.564  -47.006  49.895 0.0000000000
34503  16.061  -47.585  49.372 0.0000000000
34510  15.856  -47.567  48.415 0.0000000000
32785  15.307  -49.100  51.305 0.0000000000
33667  15.755  -48.584  51.812 0.0000000000
33677  15.763  -48.668  50.905 0.0000000000
33676  16.056  -48.206  50.555 0.0000000000
32813  14.833  -49.452  48.286 0.0000000000
32802  15.272  -49.141  48.709 0.0000000000
32812  15.162  -49.152  47.964 0.0000000000
119205  15.308  -48.866  47.718 0.0000000000
32820  15.104  -49.097  47.275 0.0000000000
32829  14.722  -49.310  46.667 0.0000000000
31937  13.383  -50.103  45.445 0.0000000000
31915  12.501  -50.260  47.129 0.0000000000
59891  48.963  -17.225  29.540 0.0000000000
59059  47.663  -18.890  29.639 0.0000000000
58255  46.201  -19.772  29.558 0.0000000000
122539  47.934  -18.528  32.153 0.0000000000
58231  47.679  -19.302  32.277 0.0000000000
57377  46.119  -20.580  30.720 0.0000000000
55605  43.767  -23.195  30.164 0.0000000000
54706  43.166  -23.182  29.238 0.0000000000
53811  43.212  -25.012  30.166 0.0000000000
52248  43.602  -26.354  31.047 0.0000000000
52260  42.867  -26.128  30.433 0.0000000000
109956  45.024  -26.773  32.480 0.0000000000
52235  44.147  -26.802  31.762 0.0000000000
50588  41.957  -28.290  31.177 0.0000000000
48884  41.573  -30.904  31.152 0.0000000000
49707  45.808  -29.420  35.120 0.0000000000
49708  45.067  -29.944  34.696 0.0000000000
48015  43.559  -31.430  33.991 0.0000000000
48848  43.803  -30.802  33.795 0.0000000000
127400  43.042  -31.018  32.937 0.0000000000
48030  42.689  -31.507  32.792 0.0000000000
127169  41.529  -32.103  31.398 0.0000000000
48057  41.428  -31.792  31.031 0.0000000000
47185  41.082  -32.441  31.227 0.0000000000
108432  40.342  -32.766  31.241 0.0000000000
110816  39.180  -32.999  30.782 0.0000000000
123851  39.189  -32.662  31.334 0.0000000000
47168  40.540  -32.095  33.480 0.0000000000
125470  41.139  -30.353  41.496 0.0000000000
47882  41.057  -30.826  40.186 0.0000000000
47078  38.396  -32.755  43.696 0.0000000000
118830  38.358  -32.037  43.164 0.0000000000
46382  37.222  -33.795  41.861 0.0000000000
46387  36.911  -33.394  41.184 0.0000000000
47868  38.143  -31.504  41.636 0.0000000000
110598  38.541  -31.133  40.831 0.0000000000
47902  38.474  -31.331  39.000 0.0000000000
125638  38.797  -31.144  39.555 0.0000000000
47138  37.412  -31.867  36.898 0.0000000000
47959  37.669  -31.702  36.128 0.0000000000
47140  35.453  -32.663  36.359 0.0000000000
47150  35.484  -32.410  35.448 0.0000000000
47160  36.068  -32.009  34.761 0.0000000000
117013  35.862  -31.954  33.967 0.0000000000
44973  32.099  -35.351  32.709 0.0000000000
44095  32.053  -35.921  32.015 0.0000000000
43186  32.893  -37.592  31.435 0.0000000000
43185  33.854  -37.341  31.405 0.0000000000
115163  33.895  -38.137  36.698 0.0000000000
43096  33.780  -37.493  36.418 0.0000000000
125224  32.095  -38.400  34.883 0.0000000000
111975  32.023  -37.775  33.599 0.0000000000
38791  30.465  -42.504  42.707 0.0000000000
124239  29.547  -42.739  41.574 0.0000000000
39579  30.053  -42.096  41.138 0.0000000000
37987  27.813  -43.255  40.245 0.0000000000
38824  28.077  -42.744  39.690 0.0000000000
38823  28.644  -41.844  39.261 0.0000000000
39604  28.380  -41.544  38.487 0.0000000000
39633  27.072  -41.102  35.984 0.0000000000
38826  22.767  -42.572  38.807 0.0000000000
38869  23.634  -41.782  35.792 0.0000000000
38051  25.244  -42.721  37.623 0.0000000000
38882  25.388  -41.822  34.449 0.0000000000
39673  25.849  -41.944  32.882 0.0000000000
61633  50.380  -15.331  25.140 0.0000000000
59912  45.787  -17.796  25.775 0.0000000000
123247  45.943  -17.631  24.930 0.0000000000
53856  41.213  -24.586  27.012 0.0000000000
39429  19.900  -41.125  53.157 0.0000000000
39430  19.221  -41.135  53.106 0.0000000000
123923  18.677  -41.232  53.027 0.0000000000
39528  33.653  -41.560  45.662 0.0000000000
40379  34.146  -41.055  45.214 0.0000000000
40407  34.333  -40.441  43.754 0.0000000000
127585  31.557  -41.221  42.258 0.0000000000
55624  42.584  -23.025  28.218 0.0000000000
54722  41.597  -23.887  27.099 0.0000000000
117993  17.775  -43.714  41.485 0.0000000000
37951  18.148  -43.774  42.191 0.0000000000
37952  17.596  -43.491  42.350 0.0000000000
116468  17.361  -43.375  42.999 0.0000000000
32844  13.992  -49.640  45.248 0.0000000000
36997  29.229  -44.022  50.622 0.0000000000
37016  29.577  -44.284  50.325 0.0000000000
122173  29.397  -45.054  49.880 0.0000000000
108372  29.021  -45.257  49.232 0.0000000000
113528  26.862  -45.451  48.331 0.0000000000
35324  20.607  -46.321  45.235 0.0000000000
35356  19.398  -45.711  42.871 0.0000000000
124150  39.150  -31.340  27.696 0.0000000000
31881  10.842  -50.372  50.202 0.0000000000
52221  46.550  -26.293  33.825 0.0000000000
107110  42.053  -31.475  37.003 0.0000000000
106873  40.053  -31.455  36.764 0.0000000000
127847  35.254  -36.313  38.993 0.0000000000
44912  35.517  -35.675  39.388 0.0000000000
122899  35.104  -35.703  38.558 0.0000000000
45713  34.892  -34.994  38.019 0.0000000000
44948  33.510  -35.510  35.994 0.0000000000
43112  33.295  -37.234  35.665 0.0000000000
120304  25.091  -43.387  39.843 0.0000000000
60755  49.238  -15.920  27.278 0.0000000000
37877  19.974  -42.845  47.141 0.0000000000
38699  18.909  -42.206  50.392 0.0000000000
37040  17.175  -44.239  48.498 0.0000000000
37809  25.125  -43.569  51.994 0.0000000000
36986  25.251  -44.315  51.732 0.0000000000
36091  24.822  -44.768  51.437 0.0000000000
37002  24.157  -44.567  51.529 0.0000000000
37836  21.624  -43.548  51.034 0.0000000000
41208  36.269  -38.834  46.968 0.0000000000
42924  36.639  -37.730  47.203 0.0000000000
43881  37.669  -35.808  46.031 0.0000000000
43891  37.699  -35.836  45.296 0.0000000000
43904  37.361  -36.479  44.944 0.0000000000
42971  36.860  -37.236  43.612 0.0000000000
41275  35.488  -39.034  41.802 0.0000000000
42129  35.701  -38.529  41.458 0.0000000000
42157  35.627  -37.846  40.612 0.0000000000
42176  34.564  -38.599  38.578 0.0000000000
40475  31.346  -40.076  39.435 0.0000000000
126502  30.522  -39.836  38.168 0.0000000000
40489  28.813  -40.781  37.935 0.0000000000
38032  20.459  -43.607  38.480 0.0000000000
38840  20.745  -42.978  38.131 0.0000000000
114019  20.154  -42.728  35.862 0.0000000000
58265  45.693  -19.660  28.656 0.0000000000
56574  42.789  -21.948  25.785 0.0000000000
125785  16.999  -43.436  44.733 0.0000000000
114004  16.862  -43.489  44.239 0.0000000000
37093  16.188  -44.104  44.157 0.0000000000
37113  15.653  -44.733  43.798 0.0000000000
34576  14.070  -47.546  42.637 0.0000000000
33783  13.808  -47.699  41.709 0.0000000000
110048  31.828  -43.638  49.402 0.0000000000
113409  32.073  -43.052  49.534 0.0000000000
37861  32.381  -43.580  48.794 0.0000000000
38735  32.972  -43.064  47.410 0.0000000000
115473  31.308  -43.181  44.845 0.0000000000
37900  31.356  -43.498  45.476 0.0000000000
37073  30.002  -44.260  45.230 0.0000000000
37075  27.592  -44.547  45.496 0.0000000000
37108  25.530  -44.043  43.719 0.0000000000
120927  24.557  -46.216  49.108 0.0000000000
35302  24.668  -46.134  48.493 0.0000000000
35303  24.042  -46.240  47.885 0.0000000000
35312  23.688  -46.058  47.233 0.0000000000
35338  21.112  -46.527  44.424 0.0000000000
35337  21.776  -46.228  44.183 0.0000000000
110227  22.240  -44.904  43.339 0.0000000000
37171  20.555  -45.090  40.394 0.0000000000
36274  19.834  -45.639  40.031 0.0000000000
35400  18.347  -45.718  39.857 0.0000000000
36276  18.475  -45.592  39.401 0.0000000000
110959  18.101  -45.233  38.754 0.0000000000
119772  17.379  -44.084  36.305 0.0000000000
49788  40.209  -29.293  26.940 0.0000000000
49802  40.527  -29.808  26.666 0.0000000000
34492  16.591  -47.220  50.624 0.0000000000
31879  13.602  -49.697  50.772 0.0000000000
32793  14.615  -49.494  50.794 0.0000000000
120316  15.325  -49.110  49.486 0.0000000000
31913  14.256  -49.805  46.942 0.0000000000
59058  48.388  -18.523  30.141 0.0000000000
57363  46.933  -20.318  32.461 0.0000000000
122437  46.421  -20.704  31.522 0.0000000000
111707  44.837  -23.962  31.646 0.0000000000
127195  43.927  -25.810  31.049 0.0000000000
116112  42.064  -29.055  31.618 0.0000000000
49736  42.368  -29.835  32.069 0.0000000000
49694  46.396  -28.986  36.241 0.0000000000
47978  43.328  -31.840  35.105 0.0000000000
47166  42.324  -32.098  32.862 0.0000000000
48004  39.180  -31.575  34.591 0.0000000000
48018  38.894  -31.602  33.693 0.0000000000
48033  37.566  -31.732  32.529 0.0000000000
47179  37.014  -32.060  31.712 0.0000000000
48034  36.742  -31.806  32.495 0.0000000000
48739  40.689  -30.290  42.072 0.0000000000
45657  37.930  -34.609  43.739 0.0000000000
46370  38.303  -34.067  44.284 0.0000000000
46377  37.687  -33.694  42.697 0.0000000000
47886  37.431  -31.780  40.113 0.0000000000
47922  38.545  -31.496  38.085 0.0000000000
124248  36.755  -32.193  37.029 0.0000000000
47141  34.783  -32.933  35.898 0.0000000000
47162  34.446  -32.771  34.249 0.0000000000
47172  34.622  -32.636  33.512 0.0000000000
46439  33.841  -33.582  32.234 0.0000000000
41412  30.351  -39.353  33.123 0.0000000000
37926  29.891  -43.217  43.054 0.0000000000
38792  29.770  -42.946  42.277 0.0000000000
38008  27.409  -43.207  39.696 0.0000000000
39605  27.738  -42.031  38.146 0.0000000000
122291  27.229  -42.325  37.838 0.0000000000
38866  26.484  -41.920  36.368 0.0000000000
38856  22.468  -41.829  37.227 0.0000000000
38105  24.217  -43.086  33.374 0.0000000000
38906  25.177  -42.187  33.500 0.0000000000
59097  45.201  -18.459  25.496 0.0000000000
53062  41.472  -25.746  26.510 0.0000000000
38698  19.529  -41.839  50.752 0.0000000000
37837  18.315  -42.859  51.078 0.0000000000
37812  22.071  -43.055  52.482 0.0000000000
38659  21.663  -42.222  52.792 0.0000000000
40377  35.495  -40.192  46.170 0.0000000000
41209  35.935  -39.523  46.791 0.0000000000
42089  36.576  -38.321  44.608 0.0000000000
120351  36.325  -38.858  44.296 0.0000000000
41260  35.597  -39.240  42.612 0.0000000000
41314  33.653  -39.339  39.610 0.0000000000
41294  33.537  -39.538  40.511 0.0000000000
40459  32.329  -40.064  40.644 0.0000000000
40460  31.490  -40.367  40.237 0.0000000000
39598  30.317  -41.050  40.107 0.0000000000
117282  18.544  -44.154  35.608 0.0000000000
37246  19.132  -43.979  34.027 0.0000000000
36378  20.187  -45.232  32.791 0.0000000000
36393  19.664  -45.718  32.335 0.0000000000
56562  42.889  -21.848  26.728 0.0000000000
38034  17.157  -43.796  38.646 0.0000000000
38036  15.794  -43.585  38.000 0.0000000000
38015  15.901  -43.555  38.898 0.0000000000
37184  15.305  -43.952  39.421 0.0000000000
37998  16.076  -43.582  39.824 0.0000000000
36278  14.797  -44.684  39.900 0.0000000000
36264  14.502  -45.579  40.342 0.0000000000
37080  16.010  -45.037  45.702 0.0000000000
34563  14.584  -47.200  43.771 0.0000000000
34549  14.771  -47.277  44.643 0.0000000000
37015  30.325  -44.167  50.157 0.0000000000
37849  31.101  -43.975  49.888 0.0000000000
37024  31.265  -44.316  49.308 0.0000000000
37035  31.306  -44.540  48.452 0.0000000000
36158  28.140  -44.978  47.191 0.0000000000
111172  25.903  -44.617  45.987 0.0000000000
122005  21.973  -46.321  47.232 0.0000000000
107175  21.460  -46.452  45.926 0.0000000000
35339  20.630  -46.385  44.562 0.0000000000
35372  20.395  -46.223  43.002 0.0000000000
35384  20.065  -46.123  42.152 0.0000000000
127071  19.818  -46.094  41.538 0.0000000000
35399  18.917  -46.000  40.702 0.0000000000
36261  18.501  -45.702  40.373 0.0000000000
36277  18.025  -45.308  39.525 0.0000000000
37183  17.599  -44.382  39.133 0.0000000000
50621  39.955  -28.796  28.292 0.0000000000
49803  40.016  -29.903  26.869 0.0000000000
31869  13.203  -49.713  51.474 0.0000000000
112845  12.756  -50.048  47.641 0.0000000000
31903  12.497  -49.986  48.305 0.0000000000
31905  10.698  -50.872  48.745 0.0000000000
48783  44.929  -30.231  37.424 0.0000000000
48798  44.997  -30.550  36.499 0.0000000000
47934  44.417  -30.986  36.894 0.0000000000
47954  43.851  -31.428  36.341 0.0000000000
107474  43.355  -31.661  35.838 0.0000000000
47158  41.669  -32.186  34.434 0.0000000000
47159  41.093  -32.231  33.977 0.0000000000
48003  40.024  -31.693  34.691 0.0000000000
47983  37.928  -31.586  35.381 0.0000000000
47855  39.289  -30.801  43.032 0.0000000000
44898  36.670  -35.726  41.648 0.0000000000
45678  36.935  -34.769  41.749 0.0000000000
44899  36.443  -35.128  41.021 0.0000000000
45694  36.267  -34.446  40.368 0.0000000000
45695  35.794  -34.660  39.562 0.0000000000
46394  36.143  -33.602  39.624 0.0000000000
46401  35.937  -33.227  38.728 0.0000000000
47119  35.756  -33.026  37.952 0.0000000000
46410  34.391  -33.978  36.867 0.0000000000
46417  34.402  -33.480  36.202 0.0000000000
46423  33.577  -33.942  35.008 0.0000000000
45734  33.022  -34.284  34.244 0.0000000000
44963  32.292  -35.581  33.690 0.0000000000
41383  30.542  -38.894  35.290 0.0000000000
40573  30.295  -39.989  32.700 0.0000000000
37150  28.153  -43.496  41.830 0.0000000000
117132  26.422  -43.562  40.037 0.0000000000
116018  22.278  -42.713  34.512 0.0000000000
37242  22.941  -43.391  34.124 0.0000000000
37241  23.875  -43.845  33.521 0.0000000000
36358  24.173  -45.118  33.925 0.0000000000
37914  18.939  -43.726  44.628 0.0000000000
124654  20.050  -41.853  49.351 0.0000000000
128128  17.923  -42.894  47.379 0.0000000000
37065  17.379  -43.395  46.918 0.0000000000
127488  16.151  -44.964  46.303 0.0000000000
122229  16.101  -45.704  47.069 0.0000000000
35316  15.734  -46.452  46.554 0.0000000000
34524  15.494  -47.328  46.596 0.0000000000
33716  15.375  -48.144  46.955 0.0000000000
37820  27.163  -43.870  51.361 0.0000000000
36999  27.106  -44.586  51.279 0.0000000000
36117  27.336  -45.366  50.517 0.0000000000
108639  26.834  -45.657  50.236 0.0000000000
36118  26.451  -45.507  50.622 0.0000000000
35262  25.983  -45.780  50.179 0.0000000000
109873  25.296  -45.874  49.796 0.0000000000
35251  24.962  -45.440  50.564 0.0000000000
35264  24.718  -45.768  50.057 0.0000000000
35277  24.090  -46.142  49.529 0.0000000000
35293  22.683  -46.278  48.725 0.0000000000
36107  23.263  -45.006  50.901 0.0000000000
37017  22.551  -44.802  50.803 0.0000000000
36122  22.939  -45.408  50.254 0.0000000000
35294  22.027  -46.284  48.114 0.0000000000
36163  21.487  -46.111  47.361 0.0000000000
37039  20.996  -44.830  47.975 0.0000000000
36164  20.611  -45.475  46.557 0.0000000000
36179  20.263  -45.319  45.940 0.0000000000
48067  40.314  -32.148  30.048 0.0000000000
48068  39.550  -32.171  29.290 0.0000000000
47207  38.707  -32.864  28.045 0.0000000000
50535  46.374  -28.435  36.538 0.0000000000
50536  45.781  -28.718  37.257 0.0000000000
110378  45.453  -29.299  37.581 0.0000000000
48765  45.076  -29.685  37.988 0.0000000000
48767  43.918  -30.657  38.720 0.0000000000
123912  44.153  -29.832  39.874 0.0000000000
47897  43.155  -30.992  39.068 0.0000000000
45646  38.173  -34.757  44.512 0.0000000000
128264  37.644  -35.255  43.495 0.0000000000
44884  36.937  -35.906  42.289 0.0000000000
42088  36.712  -37.778  44.066 0.0000000000
42989  36.452  -37.865  42.457 0.0000000000
42988  36.708  -37.278  42.716 0.0000000000
43940  36.650  -36.438  41.924 0.0000000000
43971  35.795  -36.422  40.368 0.0000000000
43972  35.467  -36.664  39.620 0.0000000000
43989  35.113  -37.024  38.893 0.0000000000
44004  34.806  -37.140  38.190 0.0000000000
42197  33.972  -38.768  37.369 0.0000000000
118242  33.169  -39.346  39.053 0.0000000000
41332  32.564  -39.413  38.468 0.0000000000
37992  23.127  -43.169  40.126 0.0000000000
38838  22.168  -42.242  38.132 0.0000000000
38839  21.333  -42.575  38.152 0.0000000000
38871  21.812  -41.676  36.375 0.0000000000
38086  21.759  -42.374  34.822 0.0000000000
38087  20.513  -42.715  35.249 0.0000000000
37245  20.775  -44.133  33.997 0.0000000000
114599  21.146  -42.561  35.026 0.0000000000
59893  47.516  -18.110  28.418 0.0000000000
57414  43.969  -20.225  25.434 0.0000000000
37209  15.266  -44.370  37.166 0.0000000000
37953  16.811  -43.515  42.575 0.0000000000
37931  16.667  -43.592  43.429 0.0000000000
36236  14.899  -45.744  42.629 0.0000000000
35375  14.433  -46.722  42.433 0.0000000000
35401  14.243  -46.453  40.722 0.0000000000
34602  14.041  -47.123  40.151 0.0000000000
38708  32.471  -42.606  49.396 0.0000000000
39470  34.057  -41.253  49.204 0.0000000000
40336  34.719  -40.838  48.797 0.0000000000
126864  34.558  -41.549  48.080 0.0000000000
39514  33.910  -41.806  46.652 0.0000000000
38748  33.436  -42.454  47.025 0.0000000000
39555  31.999  -41.686  43.750 0.0000000000
38778  31.418  -42.424  43.910 0.0000000000
38770  31.029  -43.076  44.231 0.0000000000
109393  29.201  -43.470  42.991 0.0000000000
107885  30.211  -44.473  45.975 0.0000000000
37128  27.966  -43.653  42.363 0.0000000000
37153  25.836  -43.753  41.673 0.0000000000
36160  26.206  -45.464  47.910 0.0000000000
36161  25.433  -45.822  48.288 0.0000000000
36175  26.129  -45.152  47.173 0.0000000000
35313  23.047  -46.187  46.824 0.0000000000
36189  23.034  -46.025  46.100 0.0000000000
111586  23.006  -45.654  45.478 0.0000000000
37078  23.663  -45.304  45.839 0.0000000000
37077  24.334  -44.750  45.465 0.0000000000
121324  24.990  -44.488  45.121 0.0000000000
37132  23.282  -43.952  42.830 0.0000000000
37949  23.727  -43.714  42.047 0.0000000000
37972  23.225  -43.551  41.393 0.0000000000
38033  19.731  -44.115  38.083 0.0000000000
36290  18.595  -45.318  38.639 0.0000000000
36289  18.994  -45.698  38.884 0.0000000000
37264  17.758  -44.512  33.453 0.0000000000
36381  17.289  -44.973  32.928 0.0000000000
53032  41.100  -25.252  27.709 0.0000000000
53033  40.780  -25.883  27.264 0.0000000000
53063  40.907  -26.158  26.826 0.0000000000
51507  40.981  -27.232  26.736 0.0000000000
107684  39.292  -31.976  26.726 0.0000000000
40291  18.748  -40.592  52.870 0.0000000000
118680  17.899  -42.050  52.825 0.0000000000
37825  17.819  -43.698  51.638 0.0000000000
37802  17.224  -43.535  52.694 0.0000000000
117431  17.614  -44.285  51.182 0.0000000000
36137  17.259  -45.115  49.989 0.0000000000
33688  15.836  -48.188  49.727 0.0000000000
33689  15.556  -48.718  49.200 0.0000000000
33708  15.257  -48.724  47.165 0.0000000000
59892  48.235  -17.447  28.518 0.0000000000
58244  48.092  -18.794  31.449 0.0000000000
58246  46.655  -19.976  30.428 0.0000000000
57385  45.065  -20.609  29.336 0.0000000000
54694  42.869  -24.005  29.366 0.0000000000
56500  46.233  -21.970  32.470 0.0000000000
54680  44.311  -23.505  30.945 0.0000000000
53016  42.623  -24.861  29.540 0.0000000000
52275  42.095  -25.861  29.600 0.0000000000
52262  41.685  -26.770  29.773 0.0000000000
116511  43.423  -27.082  31.359 0.0000000000
51392  46.873  -27.250  35.306 0.0000000000
50563  46.312  -28.547  34.819 0.0000000000
50554  46.478  -28.830  35.591 0.0000000000
49718  44.040  -30.044  33.665 0.0000000000
48814  45.005  -30.721  35.820 0.0000000000
48831  44.584  -30.723  34.754 0.0000000000
48000  43.963  -31.395  34.722 0.0000000000
48865  42.725  -30.691  32.506 0.0000000000
48746  42.617  -30.278  40.626 0.0000000000
47881  42.028  -30.608  40.013 0.0000000000
47899  41.441  -30.954  39.398 0.0000000000
111143  40.984  -31.168  38.904 0.0000000000
47843  38.877  -31.364  43.488 0.0000000000
47086  37.607  -32.971  42.175 0.0000000000
47093  37.961  -32.122  42.363 0.0000000000
110082  39.248  -30.768  42.281 0.0000000000
47884  39.067  -30.970  40.073 0.0000000000
47883  40.027  -30.893  40.135 0.0000000000
122552  40.369  -31.160  38.814 0.0000000000
121700  39.466  -31.474  37.171 0.0000000000
47940  38.765  -31.548  37.295 0.0000000000
122340  38.459  -31.583  35.981 0.0000000000
48006  37.373  -31.637  34.797 0.0000000000
47128  36.251  -32.511  37.517 0.0000000000
123792  36.041  -32.287  36.086 0.0000000000
123636  36.753  -31.790  34.975 0.0000000000
47170  36.139  -31.841  33.116 0.0000000000
47182  34.884  -32.625  32.675 0.0000000000
45743  32.387  -34.776  32.573 0.0000000000
44995  32.491  -35.374  31.842 0.0000000000
110014  32.666  -35.955  31.604 0.0000000000
43113  32.827  -37.748  35.112 0.0000000000
39590  30.468  -41.418  40.788 0.0000000000
39599  29.585  -41.314  39.543 0.0000000000
39618  28.238  -40.810  37.246 0.0000000000
40515  27.733  -40.440  35.734 0.0000000000
40535  27.261  -40.359  33.949 0.0000000000
115418  24.172  -42.927  39.149 0.0000000000
38029  24.660  -42.841  38.524 0.0000000000
124776  25.858  -42.656  37.155 0.0000000000
38884  23.217  -41.830  34.782 0.0000000000
38868  24.603  -42.137  35.823 0.0000000000
38883  24.164  -41.988  34.785 0.0000000000
39635  25.929  -41.497  34.582 0.0000000000
39634  26.421  -41.309  35.268 0.0000000000
59921  46.468  -17.232  25.493 0.0000000000
57443  45.808  -19.596  23.759 0.0000000000
53873  41.515  -24.846  26.484 0.0000000000
35278  23.324  -46.196  49.314 0.0000000000
36314  18.329  -44.912  37.171 0.0000000000
37847  32.452  -43.093  49.261 0.0000000000
37904  17.197  -43.405  45.289 0.0000000000
38035  16.451  -43.536  38.340 0.0000000000
38073  16.831  -43.741  36.988 0.0000000000
126597  23.631  -46.311  49.110 0.0000000000
127209  17.212  -43.778  39.209 0.0000000000
