#!ascii label  , from subject sub-v1s12x0050113_ses-1 vox2ras=TkReg
933
44838  13.936  -33.942  45.835 0.0000000000
45575  26.519  -33.059  50.575 0.0000000000
57402  31.736  -19.563  28.006 0.0000000000
49681  22.730  -29.460  37.321 0.0000000000
47836  27.527  -31.623  44.784 0.0000000000
64905  43.318  -11.520  21.370 0.0000000000
54699  31.984  -23.418  29.551 0.0000000000
112177  26.507  -25.900  29.854 0.0000000000
41241  10.501  -39.013  43.910 0.0000000000
44819  20.161  -33.983  47.937 0.0000000000
42960  23.496  -35.094  43.643 0.0000000000
106785  17.408  -33.627  41.955 0.0000000000
61637  37.924  -14.845  25.028 0.0000000000
107822  17.101  -34.077  50.492 0.0000000000
42900  12.070  -37.005  49.695 0.0000000000
59904  37.206  -16.875  28.031 0.0000000000
39510  9.357  -41.213  47.424 0.0000000000
36183  5.737  -44.886  45.874 0.0000000000
52212  26.556  -26.648  34.635 0.0000000000
48743  25.142  -30.637  41.987 0.0000000000
44915  27.733  -34.695  39.288 0.0000000000
43011  25.128  -37.252  41.496 0.0000000000
53012  32.196  -25.707  30.371 0.0000000000
53021  30.273  -25.080  29.867 0.0000000000
51463  29.939  -25.973  31.024 0.0000000000
54684  34.548  -23.635  30.875 0.0000000000
44880  13.219  -35.269  42.608 0.0000000000
42127  11.925  -38.459  41.990 0.0000000000
43911  11.856  -36.175  44.683 0.0000000000
45624  16.774  -33.583  46.455 0.0000000000
45640  18.648  -33.565  44.700 0.0000000000
45654  15.577  -33.685  43.731 0.0000000000
45675  14.588  -34.594  41.450 0.0000000000
59094  32.112  -18.241  25.846 0.0000000000
57395  33.711  -19.943  29.324 0.0000000000
59082  33.916  -18.276  27.653 0.0000000000
59917  34.298  -17.407  26.258 0.0000000000
41148  11.954  -38.815  50.804 0.0000000000
40358  10.743  -39.396  48.118 0.0000000000
39485  10.561  -40.848  49.503 0.0000000000
36127  5.799  -44.778  50.761 0.0000000000
37044  6.782  -43.824  48.744 0.0000000000
36170  4.563  -45.507  47.751 0.0000000000
120084  2.452  -46.601  47.718 0.0000000000
34499  1.671  -46.849  49.958 0.0000000000
50458  25.642  -28.793  43.904 0.0000000000
48722  26.684  -31.137  43.812 0.0000000000
47887  26.388  -32.298  41.170 0.0000000000
46384  27.338  -33.200  42.315 0.0000000000
43949  21.402  -34.798  41.740 0.0000000000
42996  24.100  -36.075  42.437 0.0000000000
43963  22.585  -36.334  40.053 0.0000000000
43995  23.623  -37.213  38.139 0.0000000000
51374  24.551  -27.312  36.287 0.0000000000
106583  24.580  -27.024  33.013 0.0000000000
49714  22.551  -29.245  34.599 0.0000000000
65696  45.872  -9.942  18.537 0.0000000000
64150  44.404  -11.537  19.430 0.0000000000
55627  31.841  -21.439  29.105 0.0000000000
55630  29.147  -22.857  28.683 0.0000000000
56533  34.239  -21.501  30.354 0.0000000000
110055  24.049  -34.600  49.219 0.0000000000
106275  25.477  -34.345  48.013 0.0000000000
43887  21.822  -34.036  45.945 0.0000000000
44865  20.764  -34.203  43.114 0.0000000000
45684  19.394  -34.231  40.591 0.0000000000
121828  39.498  -14.132  27.093 0.0000000000
63291  39.795  -13.154  25.625 0.0000000000
64113  40.554  -12.469  23.504 0.0000000000
64132  41.656  -12.482  21.439 0.0000000000
44824  14.850  -33.800  48.243 0.0000000000
43877  12.329  -35.208  47.429 0.0000000000
44778  14.531  -34.306  50.336 0.0000000000
44789  19.079  -34.381  49.365 0.0000000000
60770  37.027  -16.080  26.102 0.0000000000
42045  11.246  -37.651  47.199 0.0000000000
39523  9.655  -40.443  46.061 0.0000000000
38764  8.746  -42.125  45.274 0.0000000000
37869  8.098  -42.353  48.553 0.0000000000
37069  7.393  -43.307  46.675 0.0000000000
33672  -0.713  -47.540  50.945 0.0000000000
52241  29.022  -26.229  32.700 0.0000000000
50531  24.292  -27.916  38.802 0.0000000000
51300  25.065  -28.134  41.330 0.0000000000
49657  23.710  -29.444  39.955 0.0000000000
47907  25.950  -32.367  39.526 0.0000000000
46406  27.218  -33.466  38.258 0.0000000000
44951  26.827  -35.552  35.772 0.0000000000
42928  26.337  -34.512  45.506 0.0000000000
43895  27.072  -34.534  44.579 0.0000000000
44863  27.449  -34.499  43.603 0.0000000000
43962  27.135  -36.371  40.085 0.0000000000
44009  25.597  -36.485  36.994 0.0000000000
52257  27.101  -25.987  31.678 0.0000000000
51475  25.224  -27.705  29.453 0.0000000000
52267  31.885  -26.064  30.795 0.0000000000
52268  31.014  -26.063  30.365 0.0000000000
51462  30.676  -26.152  30.966 0.0000000000
53011  32.936  -25.423  30.721 0.0000000000
44869  13.045  -34.934  43.512 0.0000000000
43910  12.403  -35.522  44.093 0.0000000000
43900  12.388  -35.347  45.027 0.0000000000
109688  15.909  -33.587  45.999 0.0000000000
107674  16.059  -33.562  45.277 0.0000000000
45644  14.759  -33.777  44.290 0.0000000000
44868  13.841  -34.595  42.977 0.0000000000
58281  32.236  -18.950  27.414 0.0000000000
58273  32.580  -19.537  28.322 0.0000000000
58271  34.124  -19.206  28.961 0.0000000000
58280  33.184  -18.917  27.916 0.0000000000
59083  33.050  -18.393  27.129 0.0000000000
36128  5.217  -45.217  50.603 0.0000000000
114179  5.467  -45.184  49.215 0.0000000000
35286  4.616  -45.635  48.845 0.0000000000
114830  3.939  -45.832  48.068 0.0000000000
35300  3.493  -45.994  48.839 0.0000000000
34506  2.654  -46.405  49.130 0.0000000000
48711  26.913  -30.797  44.584 0.0000000000
48721  27.103  -31.388  44.127 0.0000000000
47860  26.738  -31.983  43.097 0.0000000000
47859  27.040  -32.068  43.443 0.0000000000
45587  27.542  -32.468  49.810 0.0000000000
43965  21.203  -35.131  40.753 0.0000000000
43964  21.937  -35.767  40.371 0.0000000000
43981  21.894  -36.263  39.471 0.0000000000
43997  21.930  -36.529  38.476 0.0000000000
50543  23.720  -27.864  36.934 0.0000000000
50560  23.073  -28.295  34.914 0.0000000000
64892  43.096  -11.274  22.171 0.0000000000
65667  44.214  -10.392  22.220 0.0000000000
128334  44.180  -10.605  21.494 0.0000000000
64912  44.817  -10.639  19.910 0.0000000000
64913  44.171  -11.299  20.265 0.0000000000
55620  31.820  -22.357  29.351 0.0000000000
55629  29.924  -22.200  28.724 0.0000000000
53839  30.141  -23.239  29.149 0.0000000000
53023  28.128  -25.244  29.883 0.0000000000
53828  28.365  -24.714  29.489 0.0000000000
53038  26.696  -25.511  28.420 0.0000000000
54698  32.879  -23.445  30.020 0.0000000000
110927  33.363  -22.799  30.130 0.0000000000
55618  33.088  -22.011  29.816 0.0000000000
41255  10.840  -38.517  43.400 0.0000000000
120134  10.277  -40.448  43.190 0.0000000000
43862  21.824  -33.833  48.274 0.0000000000
43874  22.643  -33.944  47.121 0.0000000000
43876  21.010  -33.580  46.338 0.0000000000
45651  18.618  -33.583  43.812 0.0000000000
44857  19.452  -33.637  44.136 0.0000000000
44878  19.269  -33.901  42.405 0.0000000000
117725  19.926  -34.312  41.914 0.0000000000
45672  17.885  -33.776  40.989 0.0000000000
107045  16.754  -33.850  41.116 0.0000000000
47927  25.786  -32.536  37.795 0.0000000000
62446  38.747  -14.546  26.493 0.0000000000
63284  39.938  -13.377  26.547 0.0000000000
62455  38.639  -14.328  25.396 0.0000000000
63310  39.416  -13.428  23.227 0.0000000000
124507  40.243  -12.916  22.113 0.0000000000
64122  41.386  -12.192  22.299 0.0000000000
44807  16.099  -33.805  49.430 0.0000000000
44808  14.982  -33.781  49.131 0.0000000000
44777  15.441  -34.143  50.424 0.0000000000
121929  17.867  -34.121  50.106 0.0000000000
44823  16.868  -33.668  48.093 0.0000000000
61609  38.478  -15.719  27.790 0.0000000000
60761  37.310  -16.390  27.059 0.0000000000
60773  34.742  -16.795  24.843 0.0000000000
43864  11.873  -36.406  48.313 0.0000000000
42934  11.538  -36.789  47.022 0.0000000000
114759  11.607  -37.007  47.887 0.0000000000
111065  9.971  -40.722  47.913 0.0000000000
40359  10.322  -40.026  47.549 0.0000000000
39524  9.322  -41.144  46.485 0.0000000000
39538  9.388  -41.053  45.467 0.0000000000
38753  8.588  -42.129  46.255 0.0000000000
37020  7.413  -42.878  49.774 0.0000000000
119739  6.407  -44.359  47.376 0.0000000000
110879  7.074  -43.622  47.975 0.0000000000
37070  6.912  -43.894  46.092 0.0000000000
37908  7.397  -43.402  45.634 0.0000000000
51360  25.633  -26.957  37.401 0.0000000000
49621  25.302  -29.596  43.393 0.0000000000
50495  25.337  -28.043  42.169 0.0000000000
50496  24.922  -28.844  41.904 0.0000000000
50510  24.607  -28.952  41.078 0.0000000000
48751  24.787  -30.676  41.334 0.0000000000
48760  24.895  -31.336  40.568 0.0000000000
47875  25.544  -31.439  41.344 0.0000000000
46398  26.919  -33.760  39.752 0.0000000000
47122  26.730  -33.342  39.129 0.0000000000
45706  27.556  -34.092  39.008 0.0000000000
45707  27.842  -34.590  38.275 0.0000000000
44938  27.540  -35.288  37.535 0.0000000000
42931  24.435  -34.990  45.313 0.0000000000
43872  25.989  -34.617  47.051 0.0000000000
42058  24.834  -34.848  44.626 0.0000000000
42994  25.129  -36.550  42.346 0.0000000000
42111  25.654  -35.818  42.704 0.0000000000
42974  26.290  -35.750  42.857 0.0000000000
44854  27.498  -34.419  43.994 0.0000000000
111415  26.824  -36.132  41.956 0.0000000000
43945  27.306  -35.450  41.805 0.0000000000
43024  26.256  -37.247  40.019 0.0000000000
44011  23.668  -36.746  36.752 0.0000000000
107126  25.306  -37.061  37.776 0.0000000000
52226  28.195  -26.408  33.513 0.0000000000
107185  28.034  -26.194  32.809 0.0000000000
52228  26.268  -26.435  33.126 0.0000000000
50584  23.685  -27.956  31.951 0.0000000000
126025  24.897  -27.079  30.849 0.0000000000
66453  46.175  -9.983  17.575 0.0000000000
125395  32.152  -24.772  29.795 0.0000000000
128273  31.083  -24.365  29.440 0.0000000000
52280  31.047  -25.632  29.931 0.0000000000
52281  30.378  -25.697  30.306 0.0000000000
51464  28.665  -25.707  30.921 0.0000000000
53815  34.169  -24.433  30.888 0.0000000000
53816  33.231  -24.588  30.469 0.0000000000
43933  12.226  -36.652  42.781 0.0000000000
42979  11.670  -37.216  43.332 0.0000000000
42102  11.118  -37.758  43.861 0.0000000000
108148  18.968  -33.745  46.992 0.0000000000
44836  19.281  -33.606  46.130 0.0000000000
45632  17.656  -33.550  46.050 0.0000000000
45641  17.760  -33.560  44.325 0.0000000000
107723  16.521  -33.624  43.269 0.0000000000
120885  15.957  -34.098  41.247 0.0000000000
45663  15.536  -33.984  42.791 0.0000000000
44879  13.864  -34.836  42.018 0.0000000000
61650  37.036  -15.192  23.570 0.0000000000
44776  16.117  -34.266  50.941 0.0000000000
58270  34.823  -18.878  29.317 0.0000000000
59073  35.357  -18.213  28.889 0.0000000000
109494  35.709  -17.431  27.840 0.0000000000
59915  35.903  -17.083  27.149 0.0000000000
59907  34.456  -17.654  27.122 0.0000000000
59093  32.876  -18.007  26.280 0.0000000000
121485  11.985  -37.849  50.028 0.0000000000
42026  11.627  -38.272  49.371 0.0000000000
41165  11.479  -38.904  49.478 0.0000000000
39495  10.641  -40.446  49.057 0.0000000000
38741  9.564  -41.253  48.238 0.0000000000
37021  6.798  -43.382  50.075 0.0000000000
36140  6.443  -44.211  49.442 0.0000000000
112914  5.897  -44.822  48.738 0.0000000000
36169  5.243  -45.129  47.344 0.0000000000
36185  4.491  -45.494  46.733 0.0000000000
49608  25.846  -29.772  44.210 0.0000000000
48732  26.161  -31.462  42.962 0.0000000000
47874  26.166  -31.745  41.939 0.0000000000
47861  26.525  -31.911  42.581 0.0000000000
47098  26.785  -32.471  41.839 0.0000000000
118859  27.041  -34.120  40.525 0.0000000000
43918  22.161  -34.737  42.911 0.0000000000
116669  23.762  -35.290  43.088 0.0000000000
43014  22.794  -35.454  41.678 0.0000000000
43013  23.324  -36.073  41.355 0.0000000000
43027  23.635  -37.104  40.360 0.0000000000
43042  24.484  -37.476  39.123 0.0000000000
43979  23.246  -37.254  38.851 0.0000000000
107989  23.076  -36.936  37.476 0.0000000000
51403  25.357  -26.901  34.676 0.0000000000
51419  25.213  -26.820  33.634 0.0000000000
51404  24.346  -27.244  34.557 0.0000000000
51421  23.377  -27.873  33.492 0.0000000000
110231  45.474  -9.840  20.004 0.0000000000
64920  44.895  -11.027  18.962 0.0000000000
57397  31.989  -20.398  28.667 0.0000000000
56556  30.297  -20.479  28.109 0.0000000000
56550  30.136  -21.221  28.432 0.0000000000
53840  29.289  -23.676  29.187 0.0000000000
54712  28.296  -23.430  28.518 0.0000000000
55608  35.318  -22.526  31.187 0.0000000000
56532  34.926  -21.634  30.841 0.0000000000
57381  35.293  -20.796  30.932 0.0000000000
57388  34.103  -20.609  29.938 0.0000000000
57389  33.408  -20.651  29.517 0.0000000000
44771  24.878  -34.121  50.219 0.0000000000
43835  25.775  -33.467  49.782 0.0000000000
43859  24.593  -34.483  48.631 0.0000000000
42921  23.296  -34.682  46.135 0.0000000000
42933  23.211  -34.866  45.217 0.0000000000
44845  20.798  -33.638  45.585 0.0000000000
43909  21.366  -34.106  44.171 0.0000000000
43908  22.125  -34.576  43.665 0.0000000000
43931  21.447  -34.564  42.609 0.0000000000
120253  20.618  -34.625  41.422 0.0000000000
44918  19.643  -34.840  39.231 0.0000000000
122275  40.916  -12.399  25.652 0.0000000000
63300  39.348  -13.502  24.143 0.0000000000
64099  40.460  -12.538  24.372 0.0000000000
64098  41.155  -12.173  24.082 0.0000000000
64881  41.809  -11.838  23.778 0.0000000000
64121  42.075  -11.987  21.989 0.0000000000
64906  42.727  -11.807  21.699 0.0000000000
64130  42.992  -12.035  20.886 0.0000000000
111710  13.945  -34.031  46.733 0.0000000000
44839  13.166  -34.513  46.302 0.0000000000
44825  13.857  -34.134  47.829 0.0000000000
122890  12.731  -35.208  48.987 0.0000000000
43850  12.711  -35.948  49.824 0.0000000000
118709  14.954  -34.389  50.956 0.0000000000
42899  12.506  -36.903  50.344 0.0000000000
42020  12.536  -37.998  51.356 0.0000000000
44754  25.813  -33.736  50.829 0.0000000000
43826  24.433  -34.398  50.398 0.0000000000
43848  22.702  -34.444  49.661 0.0000000000
44802  20.992  -34.162  49.133 0.0000000000
44788  20.242  -34.435  49.723 0.0000000000
44804  19.562  -34.258  48.625 0.0000000000
44822  17.651  -33.721  47.597 0.0000000000
45625  15.829  -33.586  46.868 0.0000000000
62439  39.531  -14.601  27.913 0.0000000000
61619  38.295  -15.298  26.903 0.0000000000
61627  37.452  -15.455  25.582 0.0000000000
60763  35.698  -16.750  26.226 0.0000000000
60771  36.281  -16.308  25.721 0.0000000000
61639  36.525  -15.645  24.239 0.0000000000
43901  11.831  -36.005  45.641 0.0000000000
122755  11.461  -36.715  46.214 0.0000000000
41230  10.650  -38.328  45.516 0.0000000000
41202  10.961  -38.534  47.714 0.0000000000
41219  10.432  -39.114  46.083 0.0000000000
117627  9.972  -39.892  44.653 0.0000000000
39551  9.564  -41.034  44.374 0.0000000000
38774  8.909  -42.160  44.135 0.0000000000
38713  9.426  -41.911  49.244 0.0000000000
37882  8.560  -42.055  48.234 0.0000000000
37870  7.688  -42.715  48.135 0.0000000000
38743  8.406  -42.191  47.171 0.0000000000
111903  8.362  -42.474  45.722 0.0000000000
34501  0.633  -47.170  50.780 0.0000000000
51449  30.774  -26.318  31.548 0.0000000000
52201  26.806  -26.749  35.429 0.0000000000
51373  25.452  -26.963  36.569 0.0000000000
51361  24.724  -27.337  37.188 0.0000000000
50532  23.526  -28.489  38.547 0.0000000000
50519  24.609  -28.074  39.679 0.0000000000
50520  23.880  -28.593  39.440 0.0000000000
49658  23.367  -29.311  39.117 0.0000000000
48774  23.760  -31.011  39.242 0.0000000000
106764  25.407  -32.223  38.911 0.0000000000
117471  26.044  -32.575  38.767 0.0000000000
47888  26.172  -32.424  40.170 0.0000000000
47906  26.213  -32.644  39.276 0.0000000000
47133  26.955  -33.097  37.510 0.0000000000
109874  27.684  -34.400  36.900 0.0000000000
44959  27.316  -35.169  34.927 0.0000000000
47835  27.801  -31.784  45.115 0.0000000000
43844  26.406  -33.771  47.984 0.0000000000
43857  26.947  -33.483  47.738 0.0000000000
44816  27.388  -33.870  46.700 0.0000000000
42076  25.636  -35.020  43.731 0.0000000000
43885  26.857  -34.331  45.131 0.0000000000
44815  27.777  -33.750  46.636 0.0000000000
45631  28.057  -33.829  45.623 0.0000000000
46368  28.187  -33.211  44.575 0.0000000000
46373  27.734  -32.830  43.751 0.0000000000
45669  27.445  -33.742  42.684 0.0000000000
45670  27.263  -34.252  41.810 0.0000000000
44916  27.645  -35.478  39.674 0.0000000000
43978  25.294  -37.372  38.709 0.0000000000
43993  26.150  -37.084  38.422 0.0000000000
43992  26.967  -36.478  38.447 0.0000000000
44940  26.250  -36.057  36.499 0.0000000000
51450  30.148  -26.192  31.400 0.0000000000
52256  28.031  -25.764  31.220 0.0000000000
52271  27.216  -25.695  30.598 0.0000000000
51437  26.128  -26.330  31.941 0.0000000000
51465  25.823  -26.400  30.542 0.0000000000
52272  26.052  -26.244  30.055 0.0000000000
63343  43.637  -12.644  19.313 0.0000000000
51460  31.713  -26.258  31.258 0.0000000000
51461  31.294  -26.153  30.645 0.0000000000
116765  31.143  -26.227  31.040 0.0000000000
44848  13.909  -34.101  44.852 0.0000000000
44859  13.014  -34.704  44.449 0.0000000000
44849  13.095  -34.599  45.395 0.0000000000
45634  15.010  -33.611  45.328 0.0000000000
44858  13.847  -34.333  43.894 0.0000000000
58282  31.080  -19.315  27.183 0.0000000000
35271  4.615  -45.607  50.507 0.0000000000
36142  5.008  -45.482  49.837 0.0000000000
35287  4.194  -45.839  49.748 0.0000000000
35288  3.368  -46.249  49.829 0.0000000000
48709  27.611  -31.295  45.229 0.0000000000
48710  27.359  -31.097  44.929 0.0000000000
48720  27.336  -31.521  44.465 0.0000000000
47847  27.280  -31.825  44.120 0.0000000000
46320  27.027  -32.735  50.677 0.0000000000
45588  26.755  -32.707  50.125 0.0000000000
44903  20.510  -35.033  39.972 0.0000000000
43982  21.204  -35.629  39.763 0.0000000000
109318  21.181  -35.960  38.732 0.0000000000
50544  23.202  -28.490  37.627 0.0000000000
50552  22.938  -28.648  36.650 0.0000000000
65668  43.617  -10.729  22.636 0.0000000000
64891  43.678  -10.913  21.807 0.0000000000
64904  43.859  -11.123  21.035 0.0000000000
64914  43.596  -11.727  20.577 0.0000000000
54711  31.018  -22.816  29.158 0.0000000000
54700  31.084  -23.775  29.365 0.0000000000
52282  27.556  -25.534  30.140 0.0000000000
53024  27.140  -25.421  29.344 0.0000000000
52295  26.240  -26.341  28.348 0.0000000000
52283  26.538  -25.831  29.202 0.0000000000
55619  32.609  -22.664  29.719 0.0000000000
41256  10.741  -39.350  43.053 0.0000000000
40402  10.315  -39.804  43.781 0.0000000000
44818  20.911  -33.846  48.125 0.0000000000
43875  21.682  -33.634  46.980 0.0000000000
121057  20.747  -33.625  47.307 0.0000000000
45661  17.845  -33.617  42.640 0.0000000000
45660  18.559  -33.656  42.956 0.0000000000
106535  18.364  -33.691  42.062 0.0000000000
62463  38.366  -14.447  24.572 0.0000000000
114880  17.090  -33.934  49.775 0.0000000000
44791  16.205  -34.043  50.144 0.0000000000
59898  36.715  -17.365  28.773 0.0000000000
60745  37.903  -16.733  28.544 0.0000000000
60751  37.879  -16.356  27.818 0.0000000000
43851  12.135  -36.184  49.017 0.0000000000
42910  11.759  -37.027  48.783 0.0000000000
39509  9.770  -40.573  47.044 0.0000000000
38752  8.883  -41.713  46.851 0.0000000000
37011  7.315  -43.146  50.795 0.0000000000
36168  5.856  -44.760  46.926 0.0000000000
37071  6.358  -44.349  46.488 0.0000000000
37083  6.308  -44.474  45.439 0.0000000000
48733  25.423  -30.646  42.818 0.0000000000
49632  24.923  -29.716  42.462 0.0000000000
49639  24.679  -29.759  41.686 0.0000000000
127438  27.301  -34.241  39.790 0.0000000000
44927  27.616  -35.564  38.606 0.0000000000
122414  23.714  -35.162  44.598 0.0000000000
42059  24.392  -35.083  44.715 0.0000000000
42946  24.100  -35.274  44.382 0.0000000000
42993  25.801  -36.145  42.572 0.0000000000
107431  25.792  -36.752  42.029 0.0000000000
43929  26.597  -35.752  42.618 0.0000000000
43946  26.346  -36.693  41.725 0.0000000000
43010  25.994  -37.163  41.147 0.0000000000
112253  27.427  -26.527  34.130 0.0000000000
52227  27.325  -26.365  33.360 0.0000000000
123216  26.722  -26.490  33.888 0.0000000000
53020  31.783  -25.279  29.839 0.0000000000
52269  30.560  -26.039  30.673 0.0000000000
52270  29.344  -25.622  30.622 0.0000000000
53814  35.160  -24.401  31.265 0.0000000000
53019  32.470  -25.046  30.167 0.0000000000
43921  11.955  -36.361  43.727 0.0000000000
42962  11.472  -36.997  44.316 0.0000000000
123464  18.236  -33.706  47.167 0.0000000000
44837  18.408  -33.614  46.490 0.0000000000
45643  15.744  -33.569  44.590 0.0000000000
45642  16.784  -33.570  44.749 0.0000000000
45653  16.322  -33.545  44.078 0.0000000000
109167  17.015  -33.548  43.989 0.0000000000
58261  34.428  -19.683  29.676 0.0000000000
59074  34.555  -18.439  28.455 0.0000000000
59081  35.217  -17.828  28.162 0.0000000000
109698  34.659  -17.919  27.782 0.0000000000
59906  35.178  -17.516  27.457 0.0000000000
59084  32.381  -18.437  26.650 0.0000000000
59092  33.668  -17.841  26.745 0.0000000000
120835  12.145  -38.260  50.693 0.0000000000
120818  11.822  -38.556  50.106 0.0000000000
39484  11.096  -40.146  49.697 0.0000000000
39496  10.183  -40.818  48.620 0.0000000000
128180  10.352  -40.855  49.026 0.0000000000
36126  6.268  -44.321  50.865 0.0000000000
37022  6.514  -44.033  50.176 0.0000000000
35299  5.331  -45.197  48.314 0.0000000000
36155  6.042  -44.688  47.955 0.0000000000
35310  3.125  -46.180  47.651 0.0000000000
34507  1.904  -46.855  49.200 0.0000000000
48712  26.352  -30.479  44.276 0.0000000000
48723  25.893  -30.610  43.649 0.0000000000
47097  27.126  -32.645  42.269 0.0000000000
47872  26.899  -32.254  42.659 0.0000000000
47107  27.013  -33.016  41.658 0.0000000000
46391  26.778  -33.499  40.889 0.0000000000
46390  27.078  -33.537  41.648 0.0000000000
43930  22.152  -34.916  42.086 0.0000000000
42998  22.891  -35.076  42.418 0.0000000000
43947  22.671  -35.855  40.880 0.0000000000
43028  23.172  -36.496  40.583 0.0000000000
126284  23.631  -36.706  41.091 0.0000000000
43044  23.094  -36.953  39.811 0.0000000000
43043  23.654  -37.340  39.449 0.0000000000
43980  22.620  -36.886  39.191 0.0000000000
43996  22.744  -36.970  38.277 0.0000000000
51388  25.349  -26.961  35.701 0.0000000000
51389  24.482  -27.272  35.350 0.0000000000
51405  23.567  -27.728  34.316 0.0000000000
50568  22.878  -28.465  34.045 0.0000000000
115121  44.650  -11.896  18.597 0.0000000000
57398  31.024  -20.877  28.600 0.0000000000
55628  30.975  -21.824  28.912 0.0000000000
53826  30.350  -24.232  29.471 0.0000000000
53827  29.341  -24.486  29.611 0.0000000000
53841  27.720  -24.271  28.624 0.0000000000
53859  27.596  -23.792  27.883 0.0000000000
54683  35.306  -23.434  31.230 0.0000000000
117178  34.758  -22.957  30.921 0.0000000000
55617  33.808  -22.146  30.233 0.0000000000
57382  34.638  -20.932  30.508 0.0000000000
57387  34.798  -20.182  30.347 0.0000000000
56541  33.556  -21.350  29.882 0.0000000000
56542  32.420  -21.927  29.515 0.0000000000
56549  32.742  -21.143  29.399 0.0000000000
106920  24.402  -34.463  49.638 0.0000000000
106269  24.834  -34.219  49.659 0.0000000000
43886  22.505  -34.372  46.058 0.0000000000
43873  23.401  -34.277  47.242 0.0000000000
43897  22.390  -34.481  45.205 0.0000000000
112225  20.090  -33.516  45.792 0.0000000000
44847  19.585  -33.561  45.091 0.0000000000
44866  20.090  -33.896  43.593 0.0000000000
44856  20.124  -33.705  44.322 0.0000000000
44855  20.749  -33.925  43.902 0.0000000000
43919  21.434  -34.355  43.407 0.0000000000
45671  19.114  -33.962  41.354 0.0000000000
44890  19.907  -34.429  41.067 0.0000000000
44904  19.879  -34.591  40.250 0.0000000000
45697  19.172  -34.320  39.814 0.0000000000
45674  15.404  -34.248  41.831 0.0000000000
113280  15.272  -34.381  40.867 0.0000000000
62438  39.909  -14.105  27.789 0.0000000000
117019  40.416  -12.758  26.073 0.0000000000
64085  40.386  -12.639  25.226 0.0000000000
62475  38.347  -14.344  23.228 0.0000000000
119550  38.486  -14.297  23.987 0.0000000000
63316  39.996  -12.865  22.897 0.0000000000
63309  39.871  -12.902  23.801 0.0000000000
64112  41.232  -12.099  23.202 0.0000000000
64131  42.358  -12.289  21.188 0.0000000000
45618  14.723  -33.765  47.314 0.0000000000
125506  13.918  -34.089  47.279 0.0000000000
44793  14.142  -34.239  49.695 0.0000000000
44809  13.757  -34.284  48.810 0.0000000000
44794  13.306  -34.947  49.543 0.0000000000
44779  13.547  -35.121  50.291 0.0000000000
43841  13.659  -35.562  51.108 0.0000000000
43842  13.075  -36.206  50.671 0.0000000000
43830  13.365  -36.439  51.448 0.0000000000
42897  12.840  -37.099  51.015 0.0000000000
44755  24.738  -34.334  50.829 0.0000000000
43849  21.841  -34.238  49.371 0.0000000000
123088  19.725  -34.425  49.366 0.0000000000
44805  18.758  -34.148  48.508 0.0000000000
44821  18.487  -33.883  47.727 0.0000000000
120175  15.956  -33.659  48.606 0.0000000000
45617  15.846  -33.611  47.743 0.0000000000
56557  29.649  -20.755  27.693 0.0000000000
60760  37.937  -15.918  27.202 0.0000000000
61620  37.680  -15.705  26.475 0.0000000000
61626  38.097  -15.011  25.994 0.0000000000
59916  35.091  -17.238  26.670 0.0000000000
60772  35.514  -16.539  25.306 0.0000000000
60780  36.077  -16.132  24.812 0.0000000000
61628  36.769  -15.799  25.202 0.0000000000
124773  12.522  -34.969  46.697 0.0000000000
43888  12.438  -35.181  45.944 0.0000000000
43889  11.866  -35.816  46.649 0.0000000000
127875  11.338  -37.229  46.628 0.0000000000
42063  11.096  -37.553  46.072 0.0000000000
41183  11.230  -38.775  48.703 0.0000000000
42034  11.455  -37.863  48.422 0.0000000000
40373  10.147  -39.858  46.599 0.0000000000
40372  10.558  -39.207  47.135 0.0000000000
40387  9.997  -39.784  45.570 0.0000000000
39537  9.670  -40.398  45.026 0.0000000000
38773  9.164  -41.637  44.816 0.0000000000
37906  8.444  -42.540  44.667 0.0000000000
37857  8.826  -42.391  49.684 0.0000000000
37868  8.749  -42.193  48.912 0.0000000000
38727  9.202  -41.761  48.545 0.0000000000
37032  6.671  -43.749  49.518 0.0000000000
37055  7.319  -43.314  47.440 0.0000000000
113725  7.404  -43.108  47.853 0.0000000000
37884  7.800  -42.749  47.247 0.0000000000
37883  8.137  -42.338  47.842 0.0000000000
37896  8.239  -42.453  46.538 0.0000000000
120108  7.871  -42.832  46.194 0.0000000000
33671  -0.016  -47.458  50.877 0.0000000000
52210  28.320  -26.574  34.332 0.0000000000
52191  26.965  -26.810  36.180 0.0000000000
51387  26.164  -26.841  35.989 0.0000000000
51372  26.321  -26.835  36.768 0.0000000000
50530  24.920  -27.340  38.096 0.0000000000
116567  23.948  -27.809  37.903 0.0000000000
111992  24.857  -28.168  40.522 0.0000000000
49648  24.146  -29.623  40.666 0.0000000000
50511  24.241  -28.743  40.260 0.0000000000
48762  23.522  -30.145  39.496 0.0000000000
48761  23.982  -30.619  40.185 0.0000000000
47908  25.428  -31.914  39.805 0.0000000000
48773  24.610  -31.541  39.614 0.0000000000
114315  26.419  -32.028  41.745 0.0000000000
112474  26.163  -32.048  40.912 0.0000000000
47116  26.354  -32.803  39.571 0.0000000000
47123  26.640  -33.039  38.651 0.0000000000
46413  27.394  -33.611  37.071 0.0000000000
45717  27.735  -33.882  38.121 0.0000000000
44950  27.355  -35.154  36.249 0.0000000000
43845  25.332  -34.148  48.915 0.0000000000
116538  25.773  -33.750  48.947 0.0000000000
108571  25.887  -34.153  48.055 0.0000000000
121440  25.972  -34.671  45.995 0.0000000000
42916  26.412  -34.475  46.699 0.0000000000
110067  26.784  -34.148  47.081 0.0000000000
44801  27.433  -33.462  47.558 0.0000000000
43871  26.696  -34.348  45.907 0.0000000000
42977  24.177  -35.629  42.828 0.0000000000
42095  24.631  -35.213  43.297 0.0000000000
42112  24.630  -35.673  42.791 0.0000000000
42958  26.687  -35.146  43.640 0.0000000000
108928  26.078  -35.019  44.078 0.0000000000
43896  26.869  -34.508  44.701 0.0000000000
44834  27.340  -34.045  45.842 0.0000000000
44844  27.323  -34.174  45.099 0.0000000000
44833  27.809  -33.921  45.845 0.0000000000
44843  27.785  -33.958  45.016 0.0000000000
45639  27.877  -33.803  44.508 0.0000000000
45650  27.725  -34.019  43.929 0.0000000000
46372  27.976  -33.014  44.079 0.0000000000
118012  27.772  -33.431  43.739 0.0000000000
46380  27.593  -33.103  43.175 0.0000000000
118297  27.584  -33.874  43.352 0.0000000000
111854  27.141  -36.043  41.106 0.0000000000
44888  27.386  -34.765  41.740 0.0000000000
44902  27.479  -35.320  40.819 0.0000000000
44901  27.250  -34.487  41.096 0.0000000000
43975  27.312  -36.231  39.153 0.0000000000
43041  25.269  -37.530  39.665 0.0000000000
43994  24.487  -37.330  38.342 0.0000000000
44008  26.378  -36.473  37.625 0.0000000000
44928  27.209  -36.017  37.865 0.0000000000
51435  30.083  -26.391  32.102 0.0000000000
52242  28.249  -25.961  31.953 0.0000000000
122042  27.607  -25.835  31.458 0.0000000000
51452  26.848  -25.860  30.994 0.0000000000
51438  25.265  -26.682  32.569 0.0000000000
51466  25.051  -27.109  30.201 0.0000000000
110704  25.554  -26.584  31.009 0.0000000000
115887  25.380  -26.831  29.867 0.0000000000
66450  46.508  -9.252  18.223 0.0000000000
66452  46.816  -9.129  17.291 0.0000000000
64143  43.294  -12.263  20.074 0.0000000000
63334  43.015  -12.860  19.614 0.0000000000
53013  31.530  -25.930  30.223 0.0000000000
127227  30.982  -26.146  30.653 0.0000000000
43920  12.572  -35.788  43.170 0.0000000000
45633  16.825  -33.574  45.629 0.0000000000
45655  14.678  -34.078  43.353 0.0000000000
58289  31.653  -18.718  26.465 0.0000000000
58272  33.394  -19.432  28.657 0.0000000000
58279  33.821  -18.827  28.353 0.0000000000
41136  12.233  -38.609  51.270 0.0000000000
40317  11.732  -39.397  50.976 0.0000000000
34514  2.704  -46.342  48.362 0.0000000000
34498  2.583  -46.589  50.029 0.0000000000
49606  27.112  -30.417  45.383 0.0000000000
48731  26.795  -31.685  43.424 0.0000000000
47848  27.050  -31.741  43.817 0.0000000000
47090  27.279  -32.533  42.916 0.0000000000
43948  22.031  -35.326  41.262 0.0000000000
51390  23.804  -27.679  34.999 0.0000000000
117187  23.509  -27.918  35.824 0.0000000000
64879  42.982  -11.087  23.036 0.0000000000
65691  45.077  -9.974  20.712 0.0000000000
65681  44.443  -10.586  20.819 0.0000000000
53022  29.302  -25.159  30.118 0.0000000000
53037  27.444  -25.007  29.022 0.0000000000
53842  27.126  -24.866  28.234 0.0000000000
54685  33.649  -23.671  30.446 0.0000000000
54697  34.112  -22.908  30.546 0.0000000000
42118  11.445  -38.046  42.903 0.0000000000
39563  9.887  -41.099  43.106 0.0000000000
43861  22.684  -34.211  48.409 0.0000000000
43860  23.535  -34.492  48.565 0.0000000000
44867  19.375  -33.764  43.278 0.0000000000
44877  20.016  -34.132  42.781 0.0000000000
45685  18.667  -33.971  40.366 0.0000000000
45686  17.031  -33.997  40.117 0.0000000000
115874  25.048  -32.210  38.058 0.0000000000
62454  39.267  -13.817  26.053 0.0000000000
63292  39.292  -13.658  25.052 0.0000000000
62481  38.921  -13.962  22.692 0.0000000000
64123  40.686  -12.473  22.622 0.0000000000
64133  40.875  -12.679  21.731 0.0000000000
44792  15.243  -33.935  49.874 0.0000000000
44790  18.087  -34.098  49.322 0.0000000000
112541  17.838  -33.882  48.367 0.0000000000
44806  17.026  -33.723  48.960 0.0000000000
60744  38.322  -16.282  28.353 0.0000000000
59926  34.911  -16.972  25.786 0.0000000000
43863  12.226  -35.609  48.262 0.0000000000
43878  11.828  -36.128  47.599 0.0000000000
40347  10.498  -40.210  48.413 0.0000000000
38763  8.992  -41.669  45.877 0.0000000000
37843  8.109  -42.730  50.328 0.0000000000
37858  8.099  -42.469  49.348 0.0000000000
37057  6.674  -44.153  48.049 0.0000000000
37056  6.935  -43.861  47.211 0.0000000000
110443  25.830  -26.927  38.311 0.0000000000
121045  25.162  -27.398  39.003 0.0000000000
50459  25.345  -28.780  43.356 0.0000000000
50477  25.099  -28.778  42.786 0.0000000000
49647  24.428  -29.853  41.195 0.0000000000
48752  24.401  -30.470  40.864 0.0000000000
47889  25.811  -31.961  40.335 0.0000000000
47108  26.730  -32.859  41.209 0.0000000000
47109  26.301  -32.566  40.347 0.0000000000
47115  26.560  -33.090  40.131 0.0000000000
46405  27.260  -33.732  38.817 0.0000000000
44939  27.003  -35.821  37.003 0.0000000000
42919  24.546  -34.740  46.190 0.0000000000
42907  25.443  -34.549  47.063 0.0000000000
42918  25.178  -34.655  46.079 0.0000000000
42917  25.707  -34.663  45.992 0.0000000000
42929  25.802  -34.608  45.252 0.0000000000
42976  24.584  -36.124  42.554 0.0000000000
123953  25.145  -36.040  42.641 0.0000000000
42975  26.059  -35.725  42.856 0.0000000000
43917  26.611  -35.349  43.313 0.0000000000
43906  27.121  -34.783  44.170 0.0000000000
109817  26.980  -35.049  43.814 0.0000000000
43916  27.042  -35.175  42.943 0.0000000000
44875  27.222  -34.936  43.177 0.0000000000
110348  27.332  -34.908  42.457 0.0000000000
43928  27.047  -35.432  42.603 0.0000000000
127503  23.676  -37.050  37.535 0.0000000000
44010  24.269  -37.090  37.591 0.0000000000
117232  24.747  -36.668  36.848 0.0000000000
44028  24.298  -36.414  35.804 0.0000000000
52243  27.213  -26.174  32.482 0.0000000000
107084  24.440  -27.161  32.184 0.0000000000
51455  24.388  -27.476  31.294 0.0000000000
65697  45.387  -10.667  18.559 0.0000000000
53825  31.706  -24.428  29.565 0.0000000000
106265  31.075  -24.890  29.594 0.0000000000
112773  33.704  -25.091  31.017 0.0000000000
126098  33.068  -23.996  30.242 0.0000000000
53824  32.502  -24.249  29.984 0.0000000000
42999  12.048  -37.552  42.364 0.0000000000
41240  10.653  -38.358  44.408 0.0000000000
44820  19.424  -33.940  47.653 0.0000000000
44835  19.751  -33.662  46.672 0.0000000000
45623  18.573  -33.565  45.614 0.0000000000
120239  17.718  -33.560  45.186 0.0000000000
45652  17.656  -33.575  43.410 0.0000000000
45662  17.165  -33.583  42.704 0.0000000000
45673  16.385  -33.825  42.142 0.0000000000
45664  14.627  -34.375  42.419 0.0000000000
61638  37.273  -15.280  24.607 0.0000000000
62464  37.872  -14.737  23.984 0.0000000000
107046  17.141  -34.186  51.144 0.0000000000
59064  35.522  -18.550  29.706 0.0000000000
59080  35.884  -17.606  28.494 0.0000000000
59905  36.364  -17.206  27.933 0.0000000000
59918  33.483  -17.588  25.814 0.0000000000
126813  12.210  -37.382  50.190 0.0000000000
116103  11.759  -37.630  49.295 0.0000000000
40332  11.531  -39.314  50.082 0.0000000000
40346  11.062  -39.626  49.076 0.0000000000
125191  6.058  -44.654  49.404 0.0000000000
36154  6.380  -44.383  48.730 0.0000000000
36196  4.527  -45.647  45.867 0.0000000000
35309  3.835  -45.845  47.110 0.0000000000
48742  25.586  -31.155  42.205 0.0000000000
47873  26.732  -32.205  42.195 0.0000000000
42978  23.019  -34.871  43.158 0.0000000000
120887  23.486  -35.267  42.696 0.0000000000
42997  23.527  -35.706  42.172 0.0000000000
43012  23.867  -36.457  41.799 0.0000000000
110434  24.255  -37.171  41.126 0.0000000000
43025  24.889  -37.557  40.556 0.0000000000
43026  24.340  -37.471  40.028 0.0000000000
43058  23.889  -37.391  38.765 0.0000000000
51402  26.054  -26.789  35.289 0.0000000000
52213  26.030  -26.660  34.007 0.0000000000
125780  24.773  -27.027  34.165 0.0000000000
51420  24.210  -27.232  33.745 0.0000000000
51439  23.886  -27.492  32.854 0.0000000000
51440  23.313  -28.115  32.743 0.0000000000
65693  45.945  -9.575  19.418 0.0000000000
65694  45.411  -10.293  19.240 0.0000000000
64925  45.181  -11.380  18.167 0.0000000000
57403  30.941  -19.975  28.093 0.0000000000
111722  28.568  -24.072  29.167 0.0000000000
55609  34.517  -22.283  30.690 0.0000000000
56524  35.629  -21.721  31.326 0.0000000000
57396  32.975  -20.200  28.981 0.0000000000
44770  25.351  -33.887  50.426 0.0000000000
44753  26.060  -33.314  50.330 0.0000000000
43836  25.250  -33.897  49.689 0.0000000000
43846  24.947  -34.366  48.882 0.0000000000
43858  25.080  -34.424  48.027 0.0000000000
109931  24.229  -34.523  48.258 0.0000000000
42909  24.066  -34.461  47.271 0.0000000000
42908  24.759  -34.493  47.347 0.0000000000
42920  23.953  -34.877  46.186 0.0000000000
42932  23.917  -35.149  45.192 0.0000000000
42947  23.135  -34.899  44.394 0.0000000000
127252  20.351  -33.540  46.304 0.0000000000
44846  20.573  -33.701  44.822 0.0000000000
43899  21.258  -33.935  44.877 0.0000000000
43898  22.088  -34.425  44.486 0.0000000000
42961  22.803  -34.781  43.851 0.0000000000
44876  20.690  -34.436  42.279 0.0000000000
44889  20.455  -34.745  40.706 0.0000000000
45687  16.008  -34.179  40.253 0.0000000000
48791  22.892  -30.412  37.859 0.0000000000
64858  41.588  -11.978  25.675 0.0000000000
62462  38.838  -14.016  24.464 0.0000000000
63299  39.806  -13.009  24.702 0.0000000000
64084  41.046  -12.249  24.938 0.0000000000
64870  41.730  -11.890  24.667 0.0000000000
64880  42.387  -11.469  23.420 0.0000000000
64894  41.872  -11.800  22.866 0.0000000000
64893  42.506  -11.568  22.529 0.0000000000
119005  13.201  -34.474  47.201 0.0000000000
44826  12.903  -34.684  48.113 0.0000000000
44762  14.315  -34.912  51.512 0.0000000000
123621  14.092  -34.765  50.841 0.0000000000
42025  12.350  -37.611  50.596 0.0000000000
128385  24.159  -34.517  50.256 0.0000000000
43837  23.776  -34.600  50.162 0.0000000000
43847  23.466  -34.594  49.647 0.0000000000
44803  20.248  -34.253  48.852 0.0000000000
45616  16.777  -33.618  47.276 0.0000000000
45626  14.875  -33.640  46.364 0.0000000000
57404  30.102  -19.951  27.346 0.0000000000
112581  39.979  -14.356  28.297 0.0000000000
61608  39.158  -15.266  28.234 0.0000000000
61618  38.926  -14.907  27.414 0.0000000000
60752  36.669  -16.824  27.353 0.0000000000
60762  36.507  -16.585  26.598 0.0000000000
42948  11.407  -36.848  45.315 0.0000000000
42082  11.007  -37.617  44.919 0.0000000000
41218  10.765  -38.369  46.643 0.0000000000
41231  10.317  -39.168  44.868 0.0000000000
39550  9.917  -40.427  44.001 0.0000000000
38782  9.402  -41.691  43.656 0.0000000000
38712  10.094  -41.515  49.661 0.0000000000
38726  9.942  -41.287  48.957 0.0000000000
38742  8.877  -41.755  47.761 0.0000000000
37030  7.561  -42.763  48.891 0.0000000000
37043  7.233  -43.211  48.448 0.0000000000
127155  8.462  -42.087  47.743 0.0000000000
37907  7.897  -42.901  45.149 0.0000000000
111257  1.410  -46.839  50.677 0.0000000000
34500  0.922  -47.237  50.033 0.0000000000
33681  0.153  -47.675  49.950 0.0000000000
51448  31.518  -26.469  31.914 0.0000000000
52211  27.461  -26.646  34.884 0.0000000000
51325  25.379  -27.500  39.865 0.0000000000
49670  22.968  -29.322  38.260 0.0000000000
48775  23.218  -30.251  38.761 0.0000000000
47928  24.425  -31.743  38.671 0.0000000000
47124  26.381  -32.807  38.199 0.0000000000
107484  25.952  -32.333  39.831 0.0000000000
45726  27.680  -34.522  35.315 0.0000000000
44769  26.293  -32.970  49.861 0.0000000000
44768  26.852  -32.587  49.482 0.0000000000
44785  26.850  -32.869  48.596 0.0000000000
125475  26.250  -34.364  47.473 0.0000000000
44784  27.499  -32.907  48.343 0.0000000000
45614  27.782  -33.433  47.439 0.0000000000
42096  24.199  -35.289  43.700 0.0000000000
42077  25.005  -34.887  43.835 0.0000000000
42945  25.874  -34.767  44.460 0.0000000000
42093  25.783  -35.445  43.121 0.0000000000
42944  26.359  -34.854  44.218 0.0000000000
43870  27.070  -34.078  46.063 0.0000000000
45613  28.061  -33.460  47.358 0.0000000000
45622  28.079  -33.739  46.511 0.0000000000
45638  28.008  -33.784  44.861 0.0000000000
111583  28.318  -32.676  45.003 0.0000000000
47076  27.910  -32.255  44.776 0.0000000000
47846  27.627  -32.042  44.451 0.0000000000
122006  27.447  -32.348  43.715 0.0000000000
121098  27.341  -34.459  42.268 0.0000000000
45682  27.264  -33.811  42.023 0.0000000000
120009  27.460  -34.652  40.237 0.0000000000
43977  25.970  -37.340  39.127 0.0000000000
43976  26.688  -36.901  39.147 0.0000000000
44027  25.303  -36.158  35.860 0.0000000000
44952  26.119  -35.783  35.201 0.0000000000
51436  29.434  -26.161  31.867 0.0000000000
51451  29.217  -25.942  31.369 0.0000000000
51454  25.070  -26.791  31.582 0.0000000000
51453  26.314  -26.193  31.216 0.0000000000
64142  43.876  -11.947  19.771 0.0000000000
42078  24.499  -35.085  44.073 0.0000000000
42094  25.127  -35.620  42.787 0.0000000000
42927  26.615  -34.511  44.830 0.0000000000
42930  25.447  -34.645  45.067 0.0000000000
42943  26.711  -34.833  44.206 0.0000000000
42959  23.977  -35.369  43.405 0.0000000000
42992  26.283  -36.245  42.375 0.0000000000
42995  24.482  -36.676  42.082 0.0000000000
43884  27.055  -34.249  45.141 0.0000000000
43907  26.897  -35.016  43.915 0.0000000000
44736  25.112  -34.249  51.150 0.0000000000
44786  26.267  -33.129  49.124 0.0000000000
44817  27.069  -34.010  46.852 0.0000000000
44864  27.178  -34.905  43.772 0.0000000000
44874  27.381  -34.374  42.888 0.0000000000
45615  17.592  -33.622  46.859 0.0000000000
45649  27.910  -33.644  44.253 0.0000000000
45683  27.058  -33.975  41.342 0.0000000000
47081  27.768  -32.480  44.182 0.0000000000
106515  20.213  -33.683  47.044 0.0000000000
107206  23.874  -35.616  42.679 0.0000000000
107434  26.681  -36.718  40.984 0.0000000000
107656  26.296  -35.382  43.312 0.0000000000
109429  24.896  -34.773  45.350 0.0000000000
109798  23.820  -35.303  44.013 0.0000000000
110347  27.383  -34.303  44.590 0.0000000000
111288  21.552  -33.998  45.376 0.0000000000
112574  26.123  -34.569  44.943 0.0000000000
116480  25.944  -35.198  43.579 0.0000000000
116671  28.057  -32.698  44.448 0.0000000000
120805  25.513  -37.481  40.537 0.0000000000
121778  24.258  -35.382  43.122 0.0000000000
122794  25.442  -34.730  44.383 0.0000000000
126495  23.118  -37.187  39.305 0.0000000000
127747  27.350  -34.112  42.342 0.0000000000
128097  25.241  -35.173  43.280 0.0000000000
