#!ascii label  , from subject sub-v1s12x0050113_ses-1 vox2ras=TkReg
1067
42009  6.986  -38.652  53.786 0.0000000000
36265  1.727  -45.996  39.259 0.0000000000
36976  -0.701  -44.050  53.823 0.0000000000
40319  2.150  -40.180  50.983 0.0000000000
43957  0.425  -35.941  42.678 0.0000000000
39405  3.468  -41.189  57.901 0.0000000000
111146  1.967  -39.081  55.574 0.0000000000
113813  10.274  -40.361  54.646 0.0000000000
107658  6.173  -43.480  54.740 0.0000000000
109796  1.643  -45.502  54.232 0.0000000000
114096  -3.160  -36.615  51.498 0.0000000000
122055  0.834  -38.318  46.436 0.0000000000
46348  -1.354  -34.317  48.464 0.0000000000
108985  -3.182  -44.715  49.800 0.0000000000
38745  -0.362  -42.984  47.388 0.0000000000
38651  1.208  -42.454  53.685 0.0000000000
111532  -0.361  -38.126  53.595 0.0000000000
40405  2.841  -40.799  44.748 0.0000000000
41306  5.444  -39.237  40.190 0.0000000000
44016  1.090  -35.923  36.961 0.0000000000
47880  0.080  -32.470  41.224 0.0000000000
122915  5.314  -39.471  56.548 0.0000000000
42860  3.998  -37.952  56.127 0.0000000000
41123  8.468  -39.573  54.043 0.0000000000
115857  7.828  -41.717  54.328 0.0000000000
111087  6.696  -41.492  56.095 0.0000000000
127773  5.035  -42.988  56.929 0.0000000000
45602  -2.860  -35.109  49.505 0.0000000000
36995  -1.779  -44.421  51.935 0.0000000000
116244  -1.384  -42.947  51.477 0.0000000000
38653  -0.701  -43.277  53.685 0.0000000000
43792  1.405  -36.811  54.403 0.0000000000
41998  1.070  -38.502  54.648 0.0000000000
35219  0.155  -45.539  54.598 0.0000000000
124998  -0.273  -46.544  52.700 0.0000000000
35240  -1.166  -45.671  52.571 0.0000000000
35260  -2.603  -45.790  50.607 0.0000000000
38714  2.514  -41.976  50.106 0.0000000000
109660  1.180  -41.826  45.935 0.0000000000
40348  4.016  -40.503  48.774 0.0000000000
116558  0.696  -37.090  44.514 0.0000000000
42964  4.394  -37.235  44.547 0.0000000000
43953  3.929  -36.085  41.610 0.0000000000
43062  3.457  -37.431  38.339 0.0000000000
44924  2.473  -34.594  39.658 0.0000000000
37789  1.334  -43.471  56.460 0.0000000000
38626  1.008  -42.281  56.063 0.0000000000
41097  2.251  -39.679  57.192 0.0000000000
43776  2.939  -36.916  55.575 0.0000000000
39433  11.254  -40.560  54.107 0.0000000000
38684  10.501  -41.965  51.343 0.0000000000
37805  9.345  -42.770  53.306 0.0000000000
36983  6.848  -43.342  53.162 0.0000000000
35223  3.475  -44.997  54.311 0.0000000000
36066  2.465  -44.480  55.984 0.0000000000
41155  -1.843  -38.920  50.750 0.0000000000
112697  1.659  -39.142  48.932 0.0000000000
42039  -1.468  -37.695  48.665 0.0000000000
42939  -1.662  -36.392  47.320 0.0000000000
118411  -1.321  -35.438  45.006 0.0000000000
42014  8.898  -38.402  52.839 0.0000000000
42013  12.990  -38.006  53.128 0.0000000000
124144  14.126  -36.926  56.194 0.0000000000
41104  11.076  -38.987  55.658 0.0000000000
125364  10.245  -38.712  54.839 0.0000000000
36187  -3.955  -45.952  46.785 0.0000000000
37911  -2.221  -45.142  46.571 0.0000000000
38733  -1.862  -43.802  48.429 0.0000000000
38705  0.356  -42.640  50.952 0.0000000000
39435  2.699  -41.257  53.041 0.0000000000
39423  1.462  -41.453  55.866 0.0000000000
125083  0.636  -39.548  54.499 0.0000000000
40298  -0.575  -40.167  52.735 0.0000000000
42012  -2.107  -38.076  52.220 0.0000000000
37921  -0.851  -44.541  45.493 0.0000000000
112979  1.090  -43.544  43.733 0.0000000000
38810  2.992  -43.039  41.976 0.0000000000
42065  4.862  -38.326  46.589 0.0000000000
40438  4.453  -40.276  41.988 0.0000000000
38829  4.097  -42.465  39.165 0.0000000000
40491  2.390  -40.499  37.925 0.0000000000
42188  -0.399  -38.832  37.260 0.0000000000
47824  -1.244  -32.202  46.619 0.0000000000
47084  -1.257  -33.493  44.122 0.0000000000
47853  -0.547  -32.258  44.130 0.0000000000
46386  -0.574  -33.757  42.247 0.0000000000
46399  0.197  -32.603  39.093 0.0000000000
41997  5.878  -38.740  55.232 0.0000000000
42859  5.470  -38.096  54.946 0.0000000000
42877  5.853  -37.775  54.322 0.0000000000
124760  7.709  -39.578  54.126 0.0000000000
40266  7.529  -40.720  54.809 0.0000000000
40267  6.781  -40.321  55.449 0.0000000000
39412  6.033  -41.182  56.778 0.0000000000
36280  0.627  -46.115  38.564 0.0000000000
36294  1.035  -45.413  38.405 0.0000000000
36984  -1.182  -44.439  52.812 0.0000000000
37817  -1.178  -43.632  52.881 0.0000000000
37799  -0.526  -43.615  53.879 0.0000000000
109927  11.443  -40.112  51.058 0.0000000000
36076  -0.466  -44.834  54.431 0.0000000000
35228  -0.599  -45.682  53.641 0.0000000000
36082  -0.985  -44.818  53.248 0.0000000000
36090  -1.621  -44.781  52.082 0.0000000000
39452  3.240  -40.964  51.418 0.0000000000
39486  3.635  -41.014  49.438 0.0000000000
41149  3.347  -40.250  50.050 0.0000000000
43005  0.581  -36.468  43.352 0.0000000000
43002  1.642  -36.787  43.224 0.0000000000
43955  1.809  -35.982  42.187 0.0000000000
44893  2.460  -35.345  41.353 0.0000000000
44894  1.457  -35.282  41.722 0.0000000000
37783  2.337  -43.027  56.857 0.0000000000
38618  1.677  -42.104  56.616 0.0000000000
126298  2.634  -40.397  57.614 0.0000000000
111167  3.255  -37.319  55.925 0.0000000000
44713  2.560  -35.980  54.197 0.0000000000
39419  10.587  -40.619  54.426 0.0000000000
38635  10.443  -41.490  53.718 0.0000000000
38629  10.064  -41.262  53.879 0.0000000000
108174  7.114  -42.910  55.015 0.0000000000
36972  7.474  -42.872  53.845 0.0000000000
36974  6.260  -43.676  53.804 0.0000000000
36071  4.775  -44.194  54.882 0.0000000000
38621  4.352  -42.317  57.590 0.0000000000
36965  3.674  -43.909  56.359 0.0000000000
36954  2.979  -43.655  56.809 0.0000000000
36960  1.908  -44.018  56.528 0.0000000000
42019  -2.570  -38.318  51.229 0.0000000000
41172  -1.609  -38.624  50.013 0.0000000000
42898  -2.992  -37.551  50.039 0.0000000000
45601  -1.973  -34.618  49.210 0.0000000000
44828  -2.354  -35.914  48.126 0.0000000000
44827  -2.152  -35.564  47.350 0.0000000000
43902  -1.140  -36.211  46.077 0.0000000000
114862  -1.922  -35.213  46.875 0.0000000000
41107  11.811  -39.469  55.248 0.0000000000
37046  -3.870  -44.999  48.746 0.0000000000
37058  -3.066  -45.000  47.493 0.0000000000
113895  -2.622  -44.178  49.144 0.0000000000
38670  -0.042  -42.713  52.725 0.0000000000
107587  -0.584  -42.751  51.210 0.0000000000
38669  1.088  -42.549  52.710 0.0000000000
38686  2.091  -42.367  51.502 0.0000000000
39436  2.306  -41.534  53.570 0.0000000000
40257  1.951  -40.538  56.108 0.0000000000
39417  0.942  -42.232  55.852 0.0000000000
116535  1.904  -39.688  55.535 0.0000000000
41114  0.399  -38.674  54.240 0.0000000000
115855  0.490  -39.191  54.371 0.0000000000
41120  -0.118  -39.062  53.851 0.0000000000
107705  0.158  -40.154  53.474 0.0000000000
41124  -0.915  -39.169  52.938 0.0000000000
41125  -1.398  -39.134  52.471 0.0000000000
42004  -0.726  -38.363  53.077 0.0000000000
37830  8.434  -42.874  50.995 0.0000000000
37857  8.826  -42.391  49.684 0.0000000000
35237  2.317  -45.874  53.297 0.0000000000
34473  1.885  -46.552  52.070 0.0000000000
34462  0.771  -46.474  52.953 0.0000000000
34477  -1.037  -46.462  51.973 0.0000000000
34488  -0.833  -47.065  51.510 0.0000000000
36129  -3.037  -45.311  50.251 0.0000000000
36143  -4.076  -45.588  49.362 0.0000000000
38757  -1.196  -43.995  46.899 0.0000000000
37922  -1.464  -44.932  45.835 0.0000000000
38765  -0.397  -43.375  46.095 0.0000000000
40391  2.022  -41.149  44.979 0.0000000000
39553  1.031  -42.359  44.686 0.0000000000
39565  1.882  -41.833  43.817 0.0000000000
38796  2.319  -42.744  42.903 0.0000000000
39574  2.638  -41.863  42.853 0.0000000000
41204  1.187  -38.946  47.627 0.0000000000
42038  2.610  -38.722  48.291 0.0000000000
42067  2.586  -38.044  46.948 0.0000000000
43000  5.498  -37.612  42.133 0.0000000000
42119  5.638  -38.381  43.546 0.0000000000
41289  5.207  -39.935  41.326 0.0000000000
39594  4.651  -41.323  40.422 0.0000000000
39600  4.779  -41.045  39.541 0.0000000000
39607  3.799  -41.792  38.573 0.0000000000
40482  4.406  -40.190  38.891 0.0000000000
43064  1.995  -37.165  37.539 0.0000000000
42186  1.747  -38.258  37.676 0.0000000000
43065  0.946  -37.698  37.403 0.0000000000
47825  -1.772  -31.485  46.074 0.0000000000
47073  -1.449  -32.805  45.650 0.0000000000
127979  -1.642  -31.861  45.444 0.0000000000
47852  0.787  -32.005  43.450 0.0000000000
47099  -0.278  -32.801  42.237 0.0000000000
47092  -0.740  -33.544  42.893 0.0000000000
46385  -0.309  -33.193  41.628 0.0000000000
46392  0.235  -33.016  40.141 0.0000000000
121482  0.064  -32.409  40.247 0.0000000000
40252  4.337  -40.460  57.852 0.0000000000
41094  4.049  -39.546  57.443 0.0000000000
42850  4.470  -38.504  56.220 0.0000000000
40264  9.464  -40.503  54.364 0.0000000000
38630  8.626  -41.312  53.946 0.0000000000
39421  8.314  -41.174  54.178 0.0000000000
38632  7.192  -42.553  55.235 0.0000000000
37795  6.690  -42.980  55.626 0.0000000000
36963  5.384  -43.562  55.834 0.0000000000
38625  6.249  -42.654  56.235 0.0000000000
39413  5.322  -41.223  57.347 0.0000000000
45585  -3.090  -34.954  51.341 0.0000000000
44796  -3.361  -35.886  49.974 0.0000000000
45584  -2.663  -34.158  50.884 0.0000000000
117032  -2.031  -33.901  49.846 0.0000000000
46343  -0.970  -33.041  49.544 0.0000000000
37014  -2.487  -44.720  50.752 0.0000000000
37844  -2.237  -43.781  50.710 0.0000000000
37832  -2.008  -43.818  51.487 0.0000000000
38671  -0.951  -43.033  52.926 0.0000000000
38652  0.007  -42.769  53.706 0.0000000000
112674  2.062  -37.471  55.335 0.0000000000
41994  1.666  -38.490  55.105 0.0000000000
42871  0.941  -37.915  54.554 0.0000000000
42878  0.277  -37.645  54.007 0.0000000000
114986  -0.226  -37.601  53.550 0.0000000000
43796  -0.626  -36.781  53.005 0.0000000000
35218  0.730  -45.510  54.750 0.0000000000
34452  0.487  -46.244  53.457 0.0000000000
35227  -0.351  -46.096  53.489 0.0000000000
34464  -1.002  -46.137  52.520 0.0000000000
34465  -1.518  -46.112  51.771 0.0000000000
34478  -2.201  -46.571  50.806 0.0000000000
35250  -2.095  -45.859  51.220 0.0000000000
36113  -2.520  -45.255  50.718 0.0000000000
38729  1.475  -42.261  48.991 0.0000000000
38754  0.544  -42.406  47.128 0.0000000000
39498  2.070  -41.806  48.332 0.0000000000
125341  3.382  -40.994  47.493 0.0000000000
40376  3.523  -40.714  46.475 0.0000000000
123767  0.354  -37.754  45.572 0.0000000000
42952  2.559  -37.676  45.872 0.0000000000
42966  2.419  -37.266  44.602 0.0000000000
43922  4.187  -36.715  42.960 0.0000000000
117727  5.113  -37.069  40.922 0.0000000000
42167  4.516  -38.300  39.160 0.0000000000
43987  4.544  -36.586  39.415 0.0000000000
44922  3.657  -35.647  38.599 0.0000000000
44932  2.832  -35.053  37.862 0.0000000000
47879  0.667  -31.983  41.345 0.0000000000
47915  -0.049  -31.811  39.419 0.0000000000
106336  0.492  -31.437  39.691 0.0000000000
36967  0.074  -44.079  55.377 0.0000000000
117558  0.330  -43.159  55.429 0.0000000000
127468  0.909  -42.706  56.122 0.0000000000
40255  1.945  -40.461  56.481 0.0000000000
41982  2.238  -39.191  56.197 0.0000000000
42846  3.406  -38.727  56.718 0.0000000000
42862  2.905  -37.776  56.122 0.0000000000
42863  2.480  -37.651  55.743 0.0000000000
43777  2.265  -36.872  55.159 0.0000000000
119758  11.689  -40.168  53.439 0.0000000000
38665  11.060  -41.300  52.103 0.0000000000
38648  11.099  -41.475  53.052 0.0000000000
125617  8.318  -42.172  53.866 0.0000000000
108146  7.800  -43.106  52.909 0.0000000000
36097  7.254  -43.203  52.166 0.0000000000
35236  3.213  -45.410  53.577 0.0000000000
35224  2.548  -45.332  54.136 0.0000000000
36964  4.176  -43.923  55.921 0.0000000000
36074  2.889  -44.616  55.441 0.0000000000
35217  1.398  -45.318  54.847 0.0000000000
35214  1.218  -45.047  55.365 0.0000000000
36063  0.790  -44.499  55.900 0.0000000000
40321  -0.006  -40.121  51.010 0.0000000000
41151  1.531  -39.695  50.282 0.0000000000
41170  -0.346  -39.466  49.426 0.0000000000
41190  -0.787  -38.799  48.670 0.0000000000
41206  -0.681  -38.438  47.793 0.0000000000
42901  -2.537  -37.191  49.229 0.0000000000
42053  -1.478  -37.162  48.105 0.0000000000
107608  -0.245  -37.917  46.601 0.0000000000
42954  -0.689  -36.770  46.036 0.0000000000
42970  -0.408  -36.601  45.188 0.0000000000
43939  -0.824  -35.630  43.867 0.0000000000
42015  7.987  -38.438  52.740 0.0000000000
127535  12.279  -39.288  52.730 0.0000000000
43770  15.746  -35.369  55.109 0.0000000000
106697  15.043  -36.190  55.694 0.0000000000
43771  14.957  -36.283  55.099 0.0000000000
123068  13.376  -37.692  54.523 0.0000000000
41999  12.741  -38.452  54.516 0.0000000000
40270  11.866  -39.878  53.838 0.0000000000
41108  11.294  -39.713  55.305 0.0000000000
41109  10.780  -39.676  55.318 0.0000000000
126128  10.715  -38.240  55.746 0.0000000000
41110  10.206  -39.725  54.964 0.0000000000
41117  9.409  -39.763  54.445 0.0000000000
42007  8.458  -38.889  53.379 0.0000000000
116554  -1.978  -44.468  47.407 0.0000000000
128121  -1.420  -43.575  48.004 0.0000000000
38707  -1.895  -43.329  50.254 0.0000000000
38718  -1.156  -42.996  49.623 0.0000000000
38717  -0.084  -42.709  49.362 0.0000000000
38704  1.298  -42.508  50.628 0.0000000000
39453  3.082  -41.469  51.652 0.0000000000
112036  2.511  -40.671  52.274 0.0000000000
38627  0.423  -42.854  55.284 0.0000000000
38633  0.949  -42.314  55.303 0.0000000000
39426  1.586  -41.667  55.099 0.0000000000
40269  1.587  -39.564  55.161 0.0000000000
39425  1.796  -40.882  55.387 0.0000000000
40275  1.970  -41.087  54.479 0.0000000000
40283  2.318  -40.944  53.519 0.0000000000
40297  1.897  -40.519  52.821 0.0000000000
40309  0.874  -40.237  51.881 0.0000000000
40311  -1.179  -40.079  51.973 0.0000000000
42017  -2.254  -38.496  51.803 0.0000000000
42892  -2.563  -37.505  52.035 0.0000000000
43797  -1.340  -36.368  52.833 0.0000000000
43813  -2.032  -36.522  52.568 0.0000000000
45572  -2.908  -35.016  52.248 0.0000000000
111257  1.410  -46.839  50.677 0.0000000000
34475  0.205  -46.717  52.364 0.0000000000
39541  0.074  -42.915  45.740 0.0000000000
123077  0.238  -43.837  44.396 0.0000000000
37978  2.920  -44.327  41.040 0.0000000000
123265  3.337  -39.313  49.069 0.0000000000
41203  4.465  -39.584  47.601 0.0000000000
40388  4.523  -39.950  45.709 0.0000000000
42949  5.177  -37.831  45.434 0.0000000000
41243  5.209  -39.353  44.483 0.0000000000
40421  3.566  -40.389  43.418 0.0000000000
39586  3.685  -41.761  41.548 0.0000000000
37999  3.439  -43.508  40.797 0.0000000000
38017  3.066  -44.160  39.061 0.0000000000
38038  1.951  -43.691  38.224 0.0000000000
115101  3.150  -38.888  38.339 0.0000000000
113318  0.751  -39.706  37.600 0.0000000000
47056  -0.423  -32.758  48.521 0.0000000000
47816  0.052  -31.176  47.779 0.0000000000
47061  -0.857  -32.997  47.554 0.0000000000
110721  -1.406  -33.558  46.212 0.0000000000
45645  -1.487  -34.522  44.348 0.0000000000
45666  -1.002  -34.612  43.159 0.0000000000
47083  -1.007  -33.300  43.719 0.0000000000
124579  -0.840  -34.116  42.797 0.0000000000
44897  -0.339  -34.702  42.353 0.0000000000
45690  1.194  -34.045  40.377 0.0000000000
45711  1.596  -33.837  38.548 0.0000000000
45718  1.203  -33.946  37.621 0.0000000000
45719  0.283  -33.324  37.605 0.0000000000
41118  6.546  -39.116  54.760 0.0000000000
42002  6.327  -38.466  54.417 0.0000000000
42001  7.099  -39.137  54.185 0.0000000000
41111  7.155  -39.808  54.688 0.0000000000
41112  6.309  -39.488  55.359 0.0000000000
35413  1.250  -46.582  39.234 0.0000000000
37186  2.023  -45.180  38.870 0.0000000000
36977  -0.923  -44.338  53.353 0.0000000000
37800  -0.960  -43.988  53.322 0.0000000000
40305  12.125  -39.399  52.340 0.0000000000
40306  11.833  -39.639  51.793 0.0000000000
36077  -0.749  -44.563  53.830 0.0000000000
40318  3.050  -40.469  51.027 0.0000000000
121713  3.395  -40.817  50.674 0.0000000000
43937  0.223  -36.116  43.034 0.0000000000
43003  1.243  -36.539  42.836 0.0000000000
43956  0.915  -35.944  42.371 0.0000000000
38616  2.722  -42.447  57.203 0.0000000000
38612  2.480  -41.639  57.331 0.0000000000
39406  2.973  -41.105  57.748 0.0000000000
126404  9.581  -41.057  53.950 0.0000000000
106293  6.772  -43.168  54.894 0.0000000000
127351  6.734  -43.230  54.422 0.0000000000
36078  5.488  -44.220  53.730 0.0000000000
36975  5.466  -43.961  54.435 0.0000000000
36079  4.877  -44.435  54.125 0.0000000000
36969  5.442  -43.706  55.192 0.0000000000
38615  3.750  -42.092  57.731 0.0000000000
37781  3.438  -43.291  57.004 0.0000000000
118101  3.357  -42.655  57.343 0.0000000000
37782  2.923  -43.176  57.013 0.0000000000
42896  -2.961  -37.769  50.974 0.0000000000
42022  -2.627  -38.105  50.494 0.0000000000
43843  -3.265  -36.864  50.746 0.0000000000
45608  -1.911  -34.854  48.211 0.0000000000
115069  -2.214  -35.315  47.946 0.0000000000
45619  -1.964  -34.995  47.404 0.0000000000
46356  -1.466  -34.349  47.455 0.0000000000
37033  -3.187  -44.588  49.095 0.0000000000
37860  -2.868  -44.259  49.662 0.0000000000
112890  0.575  -42.612  53.201 0.0000000000
38688  0.176  -42.635  51.860 0.0000000000
38650  2.013  -42.187  53.331 0.0000000000
41102  2.049  -39.774  56.120 0.0000000000
42003  -0.209  -38.577  53.720 0.0000000000
111461  -0.552  -39.377  53.386 0.0000000000
42010  -0.582  -38.950  53.324 0.0000000000
42011  -1.048  -38.816  52.725 0.0000000000
121136  1.906  -45.649  53.769 0.0000000000
34461  1.614  -46.371  52.797 0.0000000000
35238  1.269  -45.989  53.465 0.0000000000
34490  -1.666  -46.782  51.222 0.0000000000
34489  -1.296  -46.945  51.447 0.0000000000
37034  -3.473  -45.256  49.862 0.0000000000
36130  -3.618  -45.858  49.917 0.0000000000
36156  -4.292  -45.613  48.485 0.0000000000
38746  -1.071  -43.596  47.392 0.0000000000
38756  -0.680  -43.500  46.701 0.0000000000
40390  2.737  -40.869  45.687 0.0000000000
39552  1.601  -41.751  44.397 0.0000000000
40423  2.214  -41.271  44.170 0.0000000000
39564  2.389  -41.523  43.464 0.0000000000
40422  2.855  -40.835  43.820 0.0000000000
42050  0.425  -38.650  46.985 0.0000000000
42049  2.112  -38.556  47.695 0.0000000000
106324  1.419  -38.483  46.980 0.0000000000
42153  5.493  -38.431  40.692 0.0000000000
42139  5.530  -38.390  41.605 0.0000000000
41305  5.548  -39.218  41.052 0.0000000000
119405  5.083  -40.529  40.428 0.0000000000
40470  5.227  -40.083  39.765 0.0000000000
41325  4.898  -39.232  39.395 0.0000000000
44002  2.139  -35.979  37.319 0.0000000000
43080  1.308  -36.800  37.260 0.0000000000
122135  -1.736  -30.250  46.636 0.0000000000
48699  -2.096  -30.435  46.086 0.0000000000
47831  -1.966  -31.236  45.777 0.0000000000
47866  0.466  -32.330  42.390 0.0000000000
47082  -0.025  -32.511  43.293 0.0000000000
113987  -0.476  -33.223  42.250 0.0000000000
47100  -0.173  -32.820  41.345 0.0000000000
47110  0.058  -32.607  40.699 0.0000000000
41093  4.714  -39.959  57.494 0.0000000000
41101  4.542  -39.443  57.085 0.0000000000
41100  4.832  -39.312  56.795 0.0000000000
43773  5.233  -37.455  54.585 0.0000000000
40273  8.913  -40.275  54.363 0.0000000000
40265  8.253  -40.764  54.350 0.0000000000
40258  7.134  -41.223  55.535 0.0000000000
110701  7.679  -41.489  54.786 0.0000000000
39415  7.166  -42.010  55.538 0.0000000000
38624  6.836  -42.529  55.789 0.0000000000
113022  6.513  -42.034  56.278 0.0000000000
41099  5.694  -40.212  56.684 0.0000000000
40256  5.287  -40.460  57.222 0.0000000000
40251  4.896  -40.636  57.632 0.0000000000
47045  -1.651  -32.838  51.198 0.0000000000
47054  -1.620  -33.246  50.193 0.0000000000
47044  -1.239  -32.387  50.555 0.0000000000
37013  -2.046  -44.324  51.505 0.0000000000
37833  -2.291  -44.196  50.985 0.0000000000
37807  -0.819  -43.636  53.429 0.0000000000
38640  -0.112  -42.899  54.602 0.0000000000
43765  1.813  -37.280  55.096 0.0000000000
42870  1.512  -37.588  54.875 0.0000000000
43778  1.205  -37.319  54.600 0.0000000000
43779  0.784  -37.449  54.329 0.0000000000
43795  -0.361  -36.610  53.149 0.0000000000
35226  0.211  -46.003  53.991 0.0000000000
122110  -0.210  -45.835  54.034 0.0000000000
35229  -0.948  -45.392  53.176 0.0000000000
35239  -0.815  -45.968  53.110 0.0000000000
35241  -1.598  -45.411  51.951 0.0000000000
36996  -2.072  -44.774  51.419 0.0000000000
38715  1.810  -42.304  49.893 0.0000000000
38728  2.335  -41.941  49.352 0.0000000000
118742  2.909  -41.378  48.147 0.0000000000
39497  3.613  -41.015  48.495 0.0000000000
40361  4.089  -40.568  47.996 0.0000000000
42104  0.870  -37.515  45.027 0.0000000000
42967  1.633  -37.381  44.723 0.0000000000
42968  1.112  -37.062  44.221 0.0000000000
107195  2.277  -36.505  42.715 0.0000000000
43923  3.104  -36.707  43.166 0.0000000000
43935  3.491  -36.376  42.407 0.0000000000
43934  4.424  -36.578  42.075 0.0000000000
43952  4.634  -36.573  41.221 0.0000000000
43968  4.816  -36.690  40.309 0.0000000000
123966  4.298  -36.133  40.823 0.0000000000
44909  3.030  -35.103  40.214 0.0000000000
44908  3.748  -35.456  39.537 0.0000000000
44923  3.126  -34.924  39.079 0.0000000000
45702  2.363  -34.424  38.696 0.0000000000
47865  1.181  -31.920  42.182 0.0000000000
107239  1.614  -31.724  41.512 0.0000000000
47895  0.185  -31.914  40.365 0.0000000000
47894  0.966  -31.551  40.573 0.0000000000
36966  0.459  -44.043  55.944 0.0000000000
37791  0.354  -43.509  55.677 0.0000000000
123290  0.756  -43.374  56.145 0.0000000000
39410  2.007  -40.848  57.099 0.0000000000
39411  1.858  -41.307  56.790 0.0000000000
40254  1.940  -40.268  57.009 0.0000000000
41098  2.072  -39.734  56.699 0.0000000000
116528  2.441  -39.239  56.806 0.0000000000
42851  4.052  -38.562  56.475 0.0000000000
121939  3.726  -39.036  56.941 0.0000000000
111421  3.929  -38.091  56.316 0.0000000000
43755  3.184  -37.756  56.200 0.0000000000
43763  2.839  -37.417  55.905 0.0000000000
42854  2.790  -38.139  56.183 0.0000000000
43764  2.376  -37.280  55.539 0.0000000000
118886  11.337  -40.685  53.610 0.0000000000
39434  10.949  -41.168  53.665 0.0000000000
38636  9.648  -42.037  53.691 0.0000000000
37815  10.400  -42.179  53.300 0.0000000000
37793  7.986  -42.016  54.080 0.0000000000
36982  7.450  -43.051  53.367 0.0000000000
36994  7.241  -43.187  52.759 0.0000000000
36098  6.694  -43.545  52.446 0.0000000000
108246  5.478  -44.493  52.374 0.0000000000
36080  4.211  -44.648  54.491 0.0000000000
37786  5.039  -43.346  56.436 0.0000000000
127052  4.705  -43.676  56.060 0.0000000000
36957  4.298  -43.590  56.457 0.0000000000
36059  2.939  -44.073  56.491 0.0000000000
36065  3.179  -44.304  56.055 0.0000000000
35213  1.903  -44.813  55.466 0.0000000000
121399  1.828  -44.623  55.830 0.0000000000
36961  1.489  -43.763  56.509 0.0000000000
36062  1.188  -44.399  56.115 0.0000000000
36962  1.000  -44.045  56.324 0.0000000000
41138  -0.999  -39.979  51.127 0.0000000000
41153  -0.728  -39.867  50.254 0.0000000000
41154  -1.391  -39.368  50.523 0.0000000000
42027  -1.851  -37.919  49.491 0.0000000000
41191  -1.352  -38.343  49.132 0.0000000000
113635  -0.388  -38.886  47.947 0.0000000000
41207  -1.124  -38.150  48.251 0.0000000000
43852  -3.119  -36.735  49.543 0.0000000000
44795  -2.882  -35.927  49.061 0.0000000000
43880  -2.082  -36.421  47.922 0.0000000000
122189  -1.678  -36.672  47.823 0.0000000000
42922  -1.273  -36.810  47.402 0.0000000000
42052  -0.990  -37.363  47.487 0.0000000000
42071  -0.799  -37.059  46.882 0.0000000000
42087  -0.384  -37.390  46.311 0.0000000000
42938  -1.178  -36.512  46.793 0.0000000000
44850  -1.446  -35.631  45.893 0.0000000000
121611  -0.758  -36.317  45.482 0.0000000000
43912  -1.053  -35.876  45.283 0.0000000000
42987  -0.632  -36.099  44.647 0.0000000000
116300  -1.096  -35.541  44.453 0.0000000000
42891  7.690  -37.839  52.244 0.0000000000
42890  8.521  -37.962  52.186 0.0000000000
42018  12.806  -38.066  52.283 0.0000000000
41129  12.567  -38.763  52.859 0.0000000000
43758  14.941  -36.137  56.372 0.0000000000
42866  14.395  -36.835  55.526 0.0000000000
42873  14.070  -37.170  54.949 0.0000000000
41121  12.267  -39.373  53.411 0.0000000000
41115  12.215  -39.399  54.275 0.0000000000
41103  11.536  -38.933  55.638 0.0000000000
40261  11.666  -40.005  54.935 0.0000000000
42000  10.436  -38.126  55.145 0.0000000000
41996  10.619  -38.922  55.372 0.0000000000
115784  9.947  -39.204  54.606 0.0000000000
107617  9.874  -38.548  54.200 0.0000000000
42006  9.220  -38.687  53.468 0.0000000000
126719  7.895  -38.754  53.222 0.0000000000
36171  -3.593  -45.411  47.133 0.0000000000
37871  -2.371  -44.157  48.498 0.0000000000
37886  -2.562  -44.510  47.889 0.0000000000
37885  -2.093  -44.195  47.936 0.0000000000
38747  -1.623  -43.988  47.538 0.0000000000
38690  -1.847  -43.298  51.174 0.0000000000
37859  -2.405  -43.842  49.814 0.0000000000
110409  -0.387  -42.735  50.317 0.0000000000
106929  0.427  -42.599  50.162 0.0000000000
38716  0.930  -42.485  49.613 0.0000000000
38649  2.643  -41.883  52.944 0.0000000000
38667  2.736  -42.033  52.138 0.0000000000
39445  2.900  -41.459  52.455 0.0000000000
119669  3.025  -41.128  52.027 0.0000000000
40296  2.896  -41.004  52.527 0.0000000000
126030  0.621  -42.805  55.661 0.0000000000
38628  -0.035  -43.214  54.709 0.0000000000
112677  1.673  -41.259  55.822 0.0000000000
38639  1.025  -42.441  54.593 0.0000000000
41105  1.478  -39.040  55.042 0.0000000000
41113  1.045  -38.930  54.838 0.0000000000
40277  1.151  -39.496  54.859 0.0000000000
40276  1.401  -40.164  54.898 0.0000000000
40284  1.356  -40.501  53.875 0.0000000000
40286  -0.544  -39.828  53.356 0.0000000000
111737  0.542  -40.314  52.806 0.0000000000
40310  -0.341  -40.235  51.920 0.0000000000
42016  -1.702  -38.686  52.262 0.0000000000
41131  -1.903  -38.946  51.933 0.0000000000
110469  -2.686  -37.971  51.694 0.0000000000
38683  10.860  -40.949  51.036 0.0000000000
34474  1.019  -46.653  52.256 0.0000000000
34487  1.222  -46.772  51.447 0.0000000000
34453  -0.066  -46.346  53.275 0.0000000000
34463  0.207  -46.491  53.016 0.0000000000
36172  -4.292  -45.824  47.675 0.0000000000
35311  -4.412  -46.550  47.279 0.0000000000
37098  -1.656  -45.491  45.457 0.0000000000
37940  -1.139  -45.065  45.377 0.0000000000
37939  -0.633  -44.786  44.843 0.0000000000
39513  1.084  -41.952  46.649 0.0000000000
39527  0.531  -42.372  46.157 0.0000000000
39540  0.694  -42.352  45.394 0.0000000000
38784  0.881  -42.998  44.344 0.0000000000
38785  0.267  -43.503  44.643 0.0000000000
108735  0.750  -43.480  44.124 0.0000000000
37961  0.369  -44.390  43.919 0.0000000000
37960  1.033  -44.049  43.541 0.0000000000
38811  2.342  -43.536  42.536 0.0000000000
37979  2.465  -44.327  42.044 0.0000000000
37162  2.471  -45.095  41.112 0.0000000000
113202  2.882  -43.760  41.759 0.0000000000
41169  0.869  -39.371  49.357 0.0000000000
41168  2.058  -39.293  49.646 0.0000000000
41186  2.556  -39.086  48.937 0.0000000000
42047  3.826  -38.662  47.867 0.0000000000
42036  3.950  -39.121  48.302 0.0000000000
42046  4.476  -38.784  47.380 0.0000000000
40374  4.633  -39.893  47.015 0.0000000000
111201  4.859  -39.585  46.266 0.0000000000
114022  3.742  -37.388  45.103 0.0000000000
42951  3.564  -37.531  45.755 0.0000000000
42963  5.097  -37.487  44.834 0.0000000000
41272  5.355  -38.917  43.003 0.0000000000
41257  5.506  -38.990  43.815 0.0000000000
41258  5.031  -39.397  43.451 0.0000000000
41244  4.359  -39.861  43.931 0.0000000000
40420  4.258  -39.892  42.919 0.0000000000
40439  3.686  -40.656  42.540 0.0000000000
39585  3.941  -41.015  41.756 0.0000000000
38818  4.472  -41.940  39.785 0.0000000000
39595  4.167  -41.998  40.702 0.0000000000
38819  4.028  -42.725  40.119 0.0000000000
38000  3.162  -44.229  39.937 0.0000000000
38016  3.618  -43.463  39.341 0.0000000000
38037  2.912  -43.615  38.603 0.0000000000
38841  3.406  -42.756  38.565 0.0000000000
39608  3.012  -41.248  38.192 0.0000000000
113138  1.497  -40.899  37.666 0.0000000000
43051  4.281  -37.412  38.908 0.0000000000
42184  3.711  -38.245  38.589 0.0000000000
42185  2.823  -38.275  38.114 0.0000000000
42187  0.532  -38.574  37.456 0.0000000000
41344  1.166  -39.091  37.643 0.0000000000
41345  0.122  -39.250  37.466 0.0000000000
41346  -0.711  -39.465  37.345 0.0000000000
47817  -0.657  -31.918  47.394 0.0000000000
47062  -1.232  -33.354  46.880 0.0000000000
106455  -1.351  -33.109  44.966 0.0000000000
46365  -1.474  -33.658  45.388 0.0000000000
46369  -1.489  -33.883  44.545 0.0000000000
45656  -1.281  -34.577  43.688 0.0000000000
46375  -1.362  -34.138  43.794 0.0000000000
107479  -0.907  -31.437  44.635 0.0000000000
47840  -1.231  -31.937  44.773 0.0000000000
47841  -1.695  -31.499  45.352 0.0000000000
47854  -0.985  -32.739  44.174 0.0000000000
47101  -0.566  -33.556  42.343 0.0000000000
121731  -0.792  -33.842  42.774 0.0000000000
45665  -0.689  -34.328  42.586 0.0000000000
45677  -0.459  -33.953  41.915 0.0000000000
45676  -0.028  -34.252  41.585 0.0000000000
45704  0.907  -33.424  39.541 0.0000000000
45712  0.767  -33.215  38.396 0.0000000000
115265  -0.147  -31.898  39.059 0.0000000000
118198  5.555  -39.117  55.947 0.0000000000
41993  4.930  -38.955  56.382 0.0000000000
43789  5.773  -37.197  53.934 0.0000000000
40274  8.010  -40.186  54.352 0.0000000000
40259  6.417  -40.722  56.144 0.0000000000
124340  6.029  -39.859  56.072 0.0000000000
36295  -0.094  -45.436  38.011 0.0000000000
37198  0.351  -44.672  37.917 0.0000000000
112456  -1.477  -44.304  52.374 0.0000000000
37818  -1.685  -44.010  52.209 0.0000000000
37808  -1.261  -44.025  52.865 0.0000000000
38641  -0.367  -43.267  54.175 0.0000000000
36075  -0.046  -45.050  54.977 0.0000000000
35220  -0.358  -45.394  54.267 0.0000000000
36081  -0.773  -45.124  53.776 0.0000000000
36089  -1.242  -45.066  52.652 0.0000000000
111442  3.361  -41.167  51.017 0.0000000000
39487  3.057  -41.540  49.846 0.0000000000
39469  3.454  -41.140  50.331 0.0000000000
106901  3.556  -40.759  49.988 0.0000000000
40334  3.761  -40.412  49.393 0.0000000000
115213  0.820  -36.768  43.834 0.0000000000
110216  1.181  -36.820  43.470 0.0000000000
43954  2.904  -35.942  41.924 0.0000000000
43970  3.573  -35.626  40.919 0.0000000000
44910  1.918  -34.676  40.646 0.0000000000
37784  1.756  -42.880  56.643 0.0000000000
38622  1.282  -42.788  56.414 0.0000000000
38617  2.129  -42.245  56.925 0.0000000000
39407  2.356  -40.944  57.416 0.0000000000
41092  2.659  -39.804  57.517 0.0000000000
43762  3.685  -37.349  55.812 0.0000000000
44704  3.433  -36.583  55.124 0.0000000000
44705  2.808  -36.395  54.953 0.0000000000
44712  3.357  -36.041  54.441 0.0000000000
121144  11.231  -40.526  54.452 0.0000000000
39424  10.923  -40.970  53.891 0.0000000000
38631  7.491  -42.360  54.655 0.0000000000
37794  7.471  -42.574  54.379 0.0000000000
36968  7.175  -42.954  54.497 0.0000000000
36973  7.037  -43.115  53.886 0.0000000000
37787  4.495  -43.060  57.046 0.0000000000
37788  3.865  -43.446  56.862 0.0000000000
36958  3.394  -43.691  56.737 0.0000000000
36060  2.183  -44.279  56.296 0.0000000000
36955  2.468  -43.596  56.725 0.0000000000
36956  1.883  -43.549  56.612 0.0000000000
41141  -2.288  -38.561  50.937 0.0000000000
42021  -2.153  -38.249  50.255 0.0000000000
42028  -2.365  -37.727  49.741 0.0000000000
44810  -2.367  -35.305  48.698 0.0000000000
43879  -2.044  -36.080  47.299 0.0000000000
43890  -1.605  -36.100  46.715 0.0000000000
44840  -1.852  -35.653  46.722 0.0000000000
45627  -1.605  -35.013  46.078 0.0000000000
42883  13.631  -37.292  53.396 0.0000000000
41995  12.126  -38.774  55.541 0.0000000000
41990  11.282  -38.305  56.071 0.0000000000
37045  -3.245  -44.723  48.259 0.0000000000
37872  -2.773  -44.380  48.558 0.0000000000
109582  -2.235  -43.911  49.069 0.0000000000
38689  -0.829  -42.834  52.053 0.0000000000
38687  1.194  -42.559  51.669 0.0000000000
38668  2.069  -42.351  52.434 0.0000000000
39414  1.716  -41.444  56.334 0.0000000000
39416  1.622  -41.425  56.125 0.0000000000
40260  1.892  -40.414  55.590 0.0000000000
41119  0.003  -39.462  53.933 0.0000000000
40285  0.347  -40.038  54.059 0.0000000000
113911  -1.073  -39.508  52.824 0.0000000000
40299  -1.115  -39.927  52.628 0.0000000000
123282  -1.343  -38.383  52.501 0.0000000000
42886  -1.373  -37.790  52.579 0.0000000000
37829  9.035  -42.919  51.213 0.0000000000
37841  9.735  -42.467  50.765 0.0000000000
37842  8.908  -42.627  50.470 0.0000000000
35249  2.493  -46.237  52.567 0.0000000000
34476  -0.726  -46.608  52.133 0.0000000000
36114  -3.018  -45.668  50.266 0.0000000000
35261  -3.253  -46.183  50.073 0.0000000000
111186  -4.579  -46.315  48.924 0.0000000000
120268  -4.557  -46.044  48.308 0.0000000000
37897  -1.839  -44.717  46.864 0.0000000000
37910  -1.699  -44.838  46.381 0.0000000000
38767  -1.358  -44.378  46.628 0.0000000000
37909  -1.106  -44.437  46.106 0.0000000000
38777  -0.588  -43.985  45.603 0.0000000000
39539  1.884  -41.263  45.828 0.0000000000
107164  1.334  -41.710  45.144 0.0000000000
39566  1.443  -42.370  43.985 0.0000000000
38797  1.420  -42.972  43.649 0.0000000000
106700  1.637  -43.427  43.242 0.0000000000
39575  2.038  -42.282  43.445 0.0000000000
39587  3.051  -42.181  42.165 0.0000000000
41188  0.989  -39.149  48.385 0.0000000000
41187  1.841  -38.975  48.292 0.0000000000
42048  3.109  -38.353  47.828 0.0000000000
42066  3.891  -38.034  47.189 0.0000000000
42980  5.523  -37.637  43.105 0.0000000000
117331  5.460  -37.681  44.158 0.0000000000
42128  5.572  -38.300  42.575 0.0000000000
41288  5.372  -39.031  41.976 0.0000000000
41273  4.976  -39.505  42.405 0.0000000000
40455  4.681  -40.779  41.142 0.0000000000
38828  4.371  -41.715  39.145 0.0000000000
39606  4.311  -41.170  38.849 0.0000000000
40490  3.553  -40.777  38.424 0.0000000000
44001  3.086  -36.440  37.890 0.0000000000
43063  2.644  -37.573  37.875 0.0000000000
42205  -0.038  -38.068  37.164 0.0000000000
48692  -1.482  -31.139  46.522 0.0000000000
47069  -1.433  -32.480  46.154 0.0000000000
118888  -1.694  -31.974  45.770 0.0000000000
108759  -1.469  -32.401  45.363 0.0000000000
47091  -0.562  -33.014  43.219 0.0000000000
45693  -0.298  -33.400  41.617 0.0000000000
45692  -0.055  -33.426  41.187 0.0000000000
46393  -0.078  -32.934  40.923 0.0000000000
39409  3.771  -40.631  57.963 0.0000000000
40253  3.771  -40.058  57.838 0.0000000000
41984  4.082  -39.080  56.848 0.0000000000
41992  5.053  -38.442  55.756 0.0000000000
43761  4.202  -37.489  55.595 0.0000000000
39420  9.545  -40.669  54.156 0.0000000000
39422  7.526  -41.868  54.829 0.0000000000
122607  6.270  -43.300  55.403 0.0000000000
37790  5.924  -43.240  56.062 0.0000000000
37785  5.507  -42.814  56.665 0.0000000000
38619  5.816  -42.054  57.016 0.0000000000
38620  5.022  -42.423  57.262 0.0000000000
38614  4.719  -41.842  57.687 0.0000000000
125360  4.183  -41.414  57.967 0.0000000000
44783  -3.272  -35.827  50.979 0.0000000000
45596  -3.132  -34.966  50.404 0.0000000000
45595  -2.614  -34.295  49.993 0.0000000000
46336  -2.098  -33.614  50.574 0.0000000000
46344  -1.406  -33.876  49.361 0.0000000000
37023  -3.014  -44.885  50.205 0.0000000000
37845  -2.700  -44.303  50.304 0.0000000000
37831  -1.550  -43.351  52.050 0.0000000000
42864  1.926  -37.918  55.371 0.0000000000
42865  1.425  -38.063  54.899 0.0000000000
42872  0.522  -38.223  54.333 0.0000000000
42879  0.016  -38.195  54.002 0.0000000000
35225  0.875  -45.759  54.101 0.0000000000
108975  -0.585  -46.343  52.800 0.0000000000
36100  -2.080  -45.279  51.333 0.0000000000
125132  0.322  -42.588  47.908 0.0000000000
38744  1.091  -42.306  48.058 0.0000000000
39512  1.452  -41.853  47.388 0.0000000000
112593  2.981  -41.474  48.949 0.0000000000
39511  2.337  -41.414  47.439 0.0000000000
39526  1.723  -41.498  46.646 0.0000000000
39525  2.570  -41.074  46.604 0.0000000000
110707  3.719  -40.428  45.472 0.0000000000
42085  0.821  -38.006  45.756 0.0000000000
42068  1.609  -38.084  46.213 0.0000000000
42084  1.595  -37.781  45.389 0.0000000000
42953  2.241  -37.551  45.160 0.0000000000
42965  3.341  -37.174  44.545 0.0000000000
42984  1.776  -37.061  43.885 0.0000000000
106656  2.753  -36.994  43.883 0.0000000000
42982  3.825  -36.903  43.808 0.0000000000
43001  5.029  -37.072  42.592 0.0000000000
43019  5.409  -37.669  41.213 0.0000000000
43035  5.247  -37.585  40.385 0.0000000000
42166  5.195  -38.362  39.855 0.0000000000
43050  4.870  -37.446  39.618 0.0000000000
43969  4.262  -35.899  40.036 0.0000000000
43988  4.200  -35.938  39.208 0.0000000000
44000  4.002  -36.535  38.658 0.0000000000
44933  1.793  -34.887  37.333 0.0000000000
47896  0.079  -32.172  40.386 0.0000000000
124517  1.255  -31.300  39.899 0.0000000000
121564  2.262  -45.869  40.399 0.0000000000
36971  -0.347  -44.194  54.548 0.0000000000
37796  -0.299  -43.703  54.342 0.0000000000
37792  0.015  -43.587  55.044 0.0000000000
38623  0.610  -43.163  56.114 0.0000000000
122541  1.374  -42.114  56.352 0.0000000000
41095  3.544  -39.663  57.597 0.0000000000
41096  3.110  -39.456  57.472 0.0000000000
41980  3.077  -39.019  57.089 0.0000000000
42861  3.518  -37.774  56.188 0.0000000000
42853  3.175  -38.180  56.375 0.0000000000
41981  2.791  -38.985  56.861 0.0000000000
41986  2.600  -38.713  56.300 0.0000000000
42855  2.398  -38.132  55.838 0.0000000000
41987  2.161  -38.559  55.660 0.0000000000
44706  2.161  -36.392  54.574 0.0000000000
39451  11.471  -40.394  51.929 0.0000000000
39444  11.482  -40.650  52.846 0.0000000000
38666  10.599  -42.229  52.337 0.0000000000
37828  9.960  -42.826  51.646 0.0000000000
125442  9.223  -43.164  51.960 0.0000000000
106301  7.651  -43.133  51.677 0.0000000000
38637  9.009  -41.849  53.769 0.0000000000
37797  8.665  -42.508  53.634 0.0000000000
37798  7.896  -42.443  53.885 0.0000000000
36981  7.978  -42.828  53.523 0.0000000000
37806  8.480  -43.055  53.172 0.0000000000
36993  8.091  -43.192  52.418 0.0000000000
117954  7.017  -43.361  51.452 0.0000000000
121267  6.092  -44.119  52.321 0.0000000000
126912  3.627  -45.395  53.139 0.0000000000
36970  4.740  -43.885  55.561 0.0000000000
36072  4.195  -44.274  55.306 0.0000000000
36064  3.673  -44.271  55.732 0.0000000000
36073  3.620  -44.598  55.043 0.0000000000
35215  2.980  -44.889  54.781 0.0000000000
35216  2.203  -45.049  54.856 0.0000000000
36068  0.608  -45.043  55.362 0.0000000000
36067  1.188  -44.761  55.698 0.0000000000
36069  0.281  -44.564  55.513 0.0000000000
36070  -0.120  -44.559  55.025 0.0000000000
40320  1.119  -40.177  50.962 0.0000000000
41152  0.333  -39.953  50.152 0.0000000000
41171  -1.124  -39.128  49.669 0.0000000000
41189  0.050  -39.161  48.566 0.0000000000
41205  0.282  -39.021  47.742 0.0000000000
41220  -0.240  -38.611  47.376 0.0000000000
124663  -0.131  -38.291  46.884 0.0000000000
42040  -1.937  -37.365  48.985 0.0000000000
43865  -2.529  -36.547  48.722 0.0000000000
42911  -2.011  -36.847  48.488 0.0000000000
113305  -1.178  -37.646  47.982 0.0000000000
42051  -0.837  -37.912  47.596 0.0000000000
41221  -0.424  -38.148  47.214 0.0000000000
42069  0.197  -38.132  46.265 0.0000000000
42086  -0.030  -37.673  45.837 0.0000000000
42106  -0.111  -37.117  45.314 0.0000000000
42969  0.459  -36.906  44.490 0.0000000000
42985  0.472  -36.590  43.882 0.0000000000
43006  0.128  -36.283  43.593 0.0000000000
43938  -0.431  -35.727  43.303 0.0000000000
42885  7.076  -37.934  52.782 0.0000000000
43757  15.657  -35.474  55.746 0.0000000000
42882  13.920  -37.189  54.161 0.0000000000
42874  13.180  -37.877  53.907 0.0000000000
42867  13.163  -37.859  55.067 0.0000000000
42005  12.642  -38.683  53.684 0.0000000000
40294  12.032  -39.711  53.098 0.0000000000
39418  11.484  -40.257  54.523 0.0000000000
40262  11.294  -40.288  54.875 0.0000000000
40263  10.828  -40.211  55.087 0.0000000000
42858  11.083  -37.644  56.315 0.0000000000
41991  10.923  -38.298  55.984 0.0000000000
42868  10.750  -37.598  55.955 0.0000000000
106753  10.271  -39.989  54.970 0.0000000000
40272  9.735  -40.158  54.699 0.0000000000
41122  9.228  -39.193  53.929 0.0000000000
42008  7.734  -39.073  53.635 0.0000000000
37898  -2.365  -44.910  47.170 0.0000000000
121404  -1.579  -44.323  47.046 0.0000000000
38732  -0.931  -43.193  48.084 0.0000000000
38719  -1.858  -43.510  49.334 0.0000000000
38706  -1.285  -42.930  50.680 0.0000000000
119844  -1.369  -43.327  48.700 0.0000000000
109316  -0.804  -42.944  48.798 0.0000000000
38731  -0.247  -42.799  48.345 0.0000000000
38730  0.595  -42.524  48.708 0.0000000000
38703  2.260  -42.214  50.708 0.0000000000
38685  2.698  -42.001  51.380 0.0000000000
38702  3.000  -41.654  50.748 0.0000000000
40307  2.912  -40.833  51.844 0.0000000000
114906  2.552  -40.502  51.595 0.0000000000
38634  0.066  -42.964  55.041 0.0000000000
126887  0.515  -42.665  55.195 0.0000000000
38638  1.825  -41.925  54.187 0.0000000000
40268  1.750  -40.322  55.557 0.0000000000
116097  2.586  -40.868  52.905 0.0000000000
40308  1.889  -40.344  51.756 0.0000000000
41139  -1.565  -39.563  51.304 0.0000000000
41130  -1.569  -39.551  52.097 0.0000000000
41140  -1.945  -39.056  51.413 0.0000000000
43834  -3.008  -37.256  51.569 0.0000000000
42880  -0.734  -37.490  52.996 0.0000000000
42881  -1.435  -37.081  52.628 0.0000000000
42887  -2.030  -37.286  52.375 0.0000000000
43825  -2.682  -36.757  52.134 0.0000000000
44767  -3.084  -35.859  51.832 0.0000000000
124828  6.496  -37.951  53.652 0.0000000000
39468  10.588  -41.104  50.133 0.0000000000
37856  9.549  -42.142  49.991 0.0000000000
108840  0.448  -46.954  51.545 0.0000000000
37084  -2.060  -45.263  46.034 0.0000000000
38755  -0.113  -42.908  46.458 0.0000000000
106518  -0.288  -43.471  45.636 0.0000000000
124566  -0.175  -43.571  45.125 0.0000000000
38776  0.334  -42.990  45.171 0.0000000000
38786  -0.340  -44.003  44.859 0.0000000000
37938  -0.024  -44.273  44.370 0.0000000000
125120  -0.200  -45.374  44.131 0.0000000000
37959  1.736  -44.107  42.846 0.0000000000
37175  2.442  -45.399  39.842 0.0000000000
41150  2.612  -39.788  50.333 0.0000000000
41167  3.024  -39.492  49.649 0.0000000000
41166  3.715  -39.826  49.328 0.0000000000
42037  3.337  -38.903  48.471 0.0000000000
41185  3.892  -39.448  48.767 0.0000000000
40360  4.323  -40.065  48.257 0.0000000000
113414  4.418  -40.140  47.624 0.0000000000
40389  4.327  -40.229  46.370 0.0000000000
42937  3.386  -37.720  46.462 0.0000000000
42936  4.246  -37.758  46.295 0.0000000000
42064  5.167  -38.230  45.884 0.0000000000
125914  5.437  -37.907  44.886 0.0000000000
42083  5.377  -38.372  45.325 0.0000000000
122200  5.229  -38.854  45.986 0.0000000000
41232  5.072  -39.462  45.456 0.0000000000
40403  4.418  -39.903  44.912 0.0000000000
40404  3.586  -40.332  44.383 0.0000000000
40440  2.928  -41.008  42.969 0.0000000000
39573  3.212  -41.367  42.267 0.0000000000
127946  4.244  -41.395  41.118 0.0000000000
38809  3.622  -42.567  41.239 0.0000000000
37185  2.679  -44.721  39.387 0.0000000000
37196  2.429  -44.366  38.678 0.0000000000
37197  1.478  -44.558  38.308 0.0000000000
116802  0.845  -43.784  37.860 0.0000000000
41326  3.981  -39.101  38.741 0.0000000000
41342  3.068  -39.725  38.306 0.0000000000
41343  2.288  -39.007  37.905 0.0000000000
114398  1.839  -39.679  37.744 0.0000000000
40492  1.379  -40.194  37.666 0.0000000000
40493  0.456  -40.431  37.598 0.0000000000
46347  -0.869  -33.588  48.553 0.0000000000
47812  -0.035  -31.962  48.382 0.0000000000
122869  -1.066  -33.804  47.759 0.0000000000
126534  -1.394  -33.961  46.842 0.0000000000
110533  -1.614  -34.508  46.704 0.0000000000
107760  -1.510  -34.256  45.907 0.0000000000
108209  -1.567  -34.421  45.173 0.0000000000
106987  -1.533  -35.038  45.101 0.0000000000
44860  -1.387  -35.045  44.323 0.0000000000
44870  -1.167  -35.097  43.750 0.0000000000
44883  -0.915  -35.208  43.361 0.0000000000
47077  -1.270  -32.564  44.802 0.0000000000
46374  -1.054  -33.788  43.332 0.0000000000
46381  -1.073  -34.166  43.204 0.0000000000
44882  -0.696  -35.022  42.895 0.0000000000
44881  -0.113  -35.520  42.742 0.0000000000
44896  0.373  -35.212  42.225 0.0000000000
44895  0.877  -34.600  41.332 0.0000000000
45691  0.471  -33.699  40.695 0.0000000000
45703  1.776  -34.104  39.574 0.0000000000
119668  2.044  -34.346  37.922 0.0000000000
115967  -0.063  -32.099  39.852 0.0000000000
46400  -0.079  -32.169  39.542 0.0000000000
46407  0.118  -32.624  38.177 0.0000000000
44944  0.747  -34.837  36.921 0.0000000000
36061  1.593  -44.390  56.149 0.0000000000
36959  2.509  -43.933  56.612 0.0000000000
37059  -3.878  -45.136  47.892 0.0000000000
37122  -1.063  -45.387  45.060 0.0000000000
37143  -0.183  -44.848  44.238 0.0000000000
37174  2.751  -44.783  40.277 0.0000000000
37780  3.898  -42.859  57.328 0.0000000000
38611  3.100  -41.841  57.600 0.0000000000
38613  2.163  -41.507  57.195 0.0000000000
38766  -0.775  -43.916  46.270 0.0000000000
38798  0.593  -43.982  43.928 0.0000000000
39408  4.791  -41.230  57.756 0.0000000000
40250  2.216  -40.277  57.379 0.0000000000
40333  4.171  -39.991  48.870 0.0000000000
40375  4.177  -40.493  47.182 0.0000000000
41091  3.228  -40.227  57.773 0.0000000000
41184  4.210  -39.601  48.303 0.0000000000
41242  5.429  -38.939  45.174 0.0000000000
41979  3.484  -39.213  57.216 0.0000000000
41983  4.475  -39.038  56.630 0.0000000000
41985  3.713  -38.635  56.615 0.0000000000
42035  4.213  -39.152  47.895 0.0000000000
42070  -0.552  -37.635  47.040 0.0000000000
42103  5.561  -38.535  44.504 0.0000000000
42105  0.372  -37.362  45.109 0.0000000000
42847  2.809  -38.782  56.662 0.0000000000
42852  3.453  -38.207  56.416 0.0000000000
42935  4.863  -37.891  45.968 0.0000000000
42950  4.487  -37.547  45.442 0.0000000000
42981  4.876  -37.147  43.659 0.0000000000
42983  2.236  -36.847  43.344 0.0000000000
42986  0.014  -36.567  44.380 0.0000000000
43004  0.893  -36.622  43.224 0.0000000000
43020  5.138  -37.011  41.669 0.0000000000
43775  3.438  -36.972  55.595 0.0000000000
43924  -0.365  -36.086  43.903 0.0000000000
43936  0.706  -36.349  42.881 0.0000000000
46326  -2.660  -34.156  51.787 0.0000000000
109593  7.371  -38.517  53.249 0.0000000000
113000  5.140  -41.773  57.467 0.0000000000
113033  2.970  -37.400  45.209 0.0000000000
113521  1.415  -44.176  56.340 0.0000000000
115975  2.705  -39.286  57.226 0.0000000000
119390  4.871  -39.169  46.834 0.0000000000
121121  2.325  -41.274  37.893 0.0000000000
121444  5.404  -39.850  40.544 0.0000000000
121710  -2.232  -38.686  51.473 0.0000000000
123974  -3.639  -45.006  49.412 0.0000000000
124391  3.711  -35.478  40.181 0.0000000000
124748  5.075  -39.716  57.076 0.0000000000
126500  1.501  -44.728  55.740 0.0000000000
127348  5.035  -37.323  44.330 0.0000000000
128221  -4.475  -47.179  47.020 0.0000000000
128230  -3.177  -36.958  51.327 0.0000000000
128342  0.888  -35.294  41.968 0.0000000000
