#!ascii label  , from subject sub-v1s12x0050113_ses-1 vox2ras=TkReg
756
68388  16.038  -7.091  -21.709 0.2500000000
116174  16.577  -6.958  -22.383 0.2500000000
68387  16.565  -7.718  -22.140 0.7500000000
70760  15.782  -4.129  -22.559 0.2500000000
70761  15.431  -4.594  -21.832 0.1250000000
69968  15.885  -5.087  -22.371 0.2500000000
69192  16.030  -6.115  -22.197 0.2500000000
69191  16.692  -6.370  -22.803 0.7500000000
68386  17.080  -7.540  -22.661 0.8750000000
67610  17.597  -8.080  -22.978 0.8750000000
70770  16.386  -4.643  -23.108 0.3750000000
69978  16.539  -5.603  -22.953 0.3750000000
69203  18.164  -6.872  -23.919 1.0000000000
69204  17.388  -6.224  -23.531 1.0000000000
68400  18.307  -7.804  -23.652 1.0000000000
69190  17.070  -6.882  -22.916 0.8750000000
70784  16.936  -4.231  -23.849 0.8750000000
69977  17.085  -5.148  -23.687 0.8750000000
69213  18.915  -6.496  -24.497 1.0000000000
69214  18.176  -6.138  -24.198 1.0000000000
69989  17.856  -5.461  -24.235 1.0000000000
68410  19.552  -7.223  -24.360 1.0000000000
68411  18.777  -7.282  -24.172 1.0000000000
71591  15.446  -3.679  -22.219 0.1250000000
71602  16.275  -3.680  -23.325 0.6250000000
70783  17.628  -4.669  -24.339 1.0000000000
69212  19.923  -6.499  -24.666 1.0000000000
69987  19.519  -5.657  -24.911 1.0000000000
69988  18.640  -5.589  -24.650 1.0000000000
70782  18.347  -4.860  -24.738 1.0000000000
69202  21.045  -7.250  -24.173 1.0000000000
68409  20.300  -7.099  -24.387 1.0000000000
74456  15.515  0.435  -23.553 0.2500000000
71603  15.702  -3.184  -22.813 0.2500000000
72398  16.261  -2.602  -23.617 0.3750000000
71616  16.889  -3.328  -24.087 1.0000000000
118918  17.544  -3.888  -24.506 1.0000000000
70796  18.744  -4.184  -25.156 1.0000000000
71614  18.212  -3.601  -25.027 1.0000000000
118020  20.471  -5.705  -24.940 1.0000000000
70795  19.706  -3.982  -25.465 1.0000000000
109470  20.995  -4.951  -25.179 1.0000000000
69210  21.784  -6.566  -24.334 1.0000000000
69986  21.735  -5.105  -24.876 1.0000000000
122916  22.020  -5.770  -24.607 1.0000000000
73807  15.829  -0.057  -23.875 0.5000000000
73795  15.562  -0.424  -23.383 0.3750000000
125088  15.977  -0.766  -23.780 0.3750000000
73126  16.079  -1.600  -23.645 0.5000000000
73136  16.502  -1.072  -24.275 0.5000000000
126927  17.097  -1.956  -24.584 0.8750000000
72408  17.677  -2.154  -24.900 1.0000000000
73150  18.096  -1.421  -25.226 1.0000000000
71627  19.048  -3.327  -25.394 1.0000000000
71628  18.372  -2.759  -25.211 1.0000000000
70793  21.033  -3.471  -25.475 1.0000000000
70794  20.434  -3.570  -25.567 1.0000000000
70778  22.351  -3.934  -24.560 1.0000000000
111271  21.384  -4.306  -25.196 1.0000000000
69985  22.390  -5.285  -24.515 0.8750000000
74469  15.964  0.752  -24.188 0.5000000000
73806  16.391  -0.198  -24.361 0.5000000000
73821  17.147  -0.017  -24.876 0.6250000000
122086  17.745  -0.641  -25.148 1.0000000000
73135  17.231  -1.385  -24.731 0.7500000000
73149  18.914  -1.464  -25.528 1.0000000000
72415  21.666  -2.272  -25.206 1.0000000000
72417  20.548  -2.218  -25.520 1.0000000000
71625  20.500  -2.877  -25.558 1.0000000000
72418  20.064  -2.225  -25.579 1.0000000000
123453  21.510  -2.936  -25.228 1.0000000000
72407  22.238  -2.638  -24.790 0.8750000000
123035  22.072  -3.318  -24.821 1.0000000000
109512  22.973  -3.999  -23.992 0.8750000000
74468  16.659  0.549  -24.667 0.5000000000
73830  19.359  0.035  -25.735 1.0000000000
73820  19.180  -0.760  -25.620 1.0000000000
73145  21.394  -1.628  -25.335 1.0000000000
124350  20.490  -0.806  -25.569 1.0000000000
73148  19.672  -1.428  -25.597 1.0000000000
73817  21.249  -0.255  -25.369 1.0000000000
124158  22.876  -2.701  -24.208 1.0000000000
73804  21.822  -0.850  -25.064 1.0000000000
72406  22.758  -2.040  -24.368 1.0000000000
75129  16.526  1.482  -24.716 0.5000000000
74480  17.356  0.817  -25.185 1.0000000000
118987  19.741  1.785  -26.316 1.0000000000
74491  19.479  0.909  -25.956 1.0000000000
74479  18.249  0.656  -25.573 1.0000000000
75141  21.713  1.770  -25.494 1.0000000000
119031  21.486  0.944  -25.397 1.0000000000
74466  22.488  0.608  -24.537 1.0000000000
75128  22.114  1.162  -24.919 1.0000000000
74476  21.087  0.408  -25.544 1.0000000000
127411  23.109  -0.837  -23.972 1.0000000000
74467  21.774  0.254  -25.014 1.0000000000
119646  18.350  5.483  -25.839 1.0000000000
120298  15.620  5.888  -24.103 0.3750000000
77368  17.851  4.617  -25.703 0.8750000000
117770  19.446  2.736  -26.449 1.0000000000
117172  21.114  1.882  -25.995 1.0000000000
78843  18.055  6.876  -25.987 0.8750000000
78114  18.612  6.168  -25.961 1.0000000000
77380  18.892  4.483  -26.124 1.0000000000
78113  19.357  5.358  -26.114 1.0000000000
76665  19.964  3.210  -26.446 1.0000000000
75921  21.531  2.593  -25.800 1.0000000000
76654  21.268  3.293  -25.976 1.0000000000
75906  22.251  2.675  -25.321 1.0000000000
78112  20.029  5.652  -26.091 1.0000000000
77367  20.252  4.817  -26.193 1.0000000000
114405  22.184  4.527  -25.140 1.0000000000
77365  21.410  4.308  -25.807 1.0000000000
127666  21.540  3.834  -25.792 1.0000000000
78842  19.130  6.525  -26.169 1.0000000000
78111  21.217  4.963  -25.743 1.0000000000
82357  18.624  11.965  -24.965 0.1250000000
83052  18.722  12.891  -24.595 0.1250000000
82375  18.983  11.580  -26.945 0.2500000000
82367  19.051  12.372  -25.986 0.1250000000
83071  19.548  12.177  -26.602 0.3750000000
120203  20.527  12.964  -26.119 0.3750000000
83051  19.223  13.376  -25.155 0.2500000000
83066  19.662  13.144  -26.036 0.2500000000
83749  19.777  13.982  -25.585 0.2500000000
84394  20.433  14.566  -25.910 0.2500000000
83748  20.337  13.818  -26.053 0.2500000000
84393  20.762  14.185  -26.127 0.2500000000
83747  21.199  13.819  -26.134 0.3750000000
83753  21.533  14.165  -26.571 0.3750000000
84398  21.047  14.461  -26.289 0.2500000000
69181  15.583  -6.223  -21.464 0.1250000000
69969  15.566  -5.463  -21.807 0.1250000000
68398  20.240  -7.860  -24.123 1.0000000000
107183  17.796  0.117  -25.300 0.8750000000
74477  20.571  0.544  -25.773 1.0000000000
68367  15.517  -7.426  -20.803 0.1250000000
67597  17.585  -8.838  -22.626 0.7500000000
119380  18.835  -8.475  -23.696 1.0000000000
67608  19.652  -8.618  -23.872 1.0000000000
68397  21.322  -8.057  -23.852 1.0000000000
115771  15.467  -2.890  -22.505 0.3750000000
73116  15.385  -0.885  -22.973 0.2500000000
73127  15.613  -1.257  -23.213 0.2500000000
69976  22.573  -6.078  -24.245 0.8750000000
70769  22.694  -4.674  -24.309 0.8750000000
72397  23.323  -2.285  -23.729 0.8750000000
77353  14.848  5.573  -23.549 0.1250000000
75130  15.744  1.840  -24.211 0.3750000000
75925  16.655  2.402  -24.912 0.6250000000
73803  22.604  -0.252  -24.399 1.0000000000
73125  23.220  -1.511  -23.861 0.8750000000
78115  17.198  5.952  -25.324 0.5000000000
127974  17.920  6.293  -25.716 0.8750000000
77369  16.638  5.096  -24.927 0.3750000000
119533  17.287  4.109  -25.419 0.8750000000
112868  22.533  1.980  -24.842 1.0000000000
75905  22.937  2.749  -24.699 1.0000000000
76638  23.258  3.451  -24.437 1.0000000000
77364  22.018  4.033  -25.437 1.0000000000
107861  18.332  7.549  -26.075 0.8750000000
119303  20.374  7.292  -25.795 1.0000000000
109695  20.669  5.704  -25.776 1.0000000000
78110  21.724  4.553  -25.487 1.0000000000
83044  18.470  12.472  -23.810 0.1250000000
81642  18.173  10.804  -24.651 0.1250000000
81657  19.248  10.279  -26.906 0.6250000000
82374  19.427  11.381  -27.088 0.6250000000
120007  20.197  11.911  -26.505 0.5000000000
83746  21.750  13.066  -25.936 0.5000000000
108587  19.260  14.318  -24.709 0.2500000000
84395  19.936  14.830  -25.279 0.1250000000
84402  21.217  14.742  -26.999 0.2500000000
83752  22.046  13.649  -26.431 0.3750000000
84406  21.529  14.611  -28.138 0.2500000000
85047  20.312  15.385  -25.863 0.1250000000
114735  15.638  -7.016  -21.195 0.1250000000
68375  16.206  -7.924  -21.678 0.5000000000
67598  17.055  -8.284  -22.397 0.7500000000
68401  17.570  -7.257  -23.274 0.8750000000
68399  19.221  -7.914  -24.072 1.0000000000
126869  18.082  -4.269  -24.796 1.0000000000
69211  20.809  -6.510  -24.542 1.0000000000
70781  19.165  -4.862  -25.118 1.0000000000
72399  15.606  -2.193  -22.939 0.3750000000
72409  16.982  -2.492  -24.390 0.8750000000
71615  17.586  -3.057  -24.731 1.0000000000
110366  21.337  -5.769  -24.785 1.0000000000
70780  20.159  -4.755  -25.309 1.0000000000
128337  20.341  -4.074  -25.532 1.0000000000
116745  20.754  -4.147  -25.483 1.0000000000
70779  22.059  -4.502  -24.774 1.0000000000
113730  16.648  -1.841  -24.235 0.6250000000
73805  16.979  -0.665  -24.685 0.6250000000
72420  18.485  -2.006  -25.331 1.0000000000
123415  18.515  -0.893  -25.456 1.0000000000
71626  19.910  -3.034  -25.571 1.0000000000
72419  19.263  -2.311  -25.524 1.0000000000
71613  21.709  -3.736  -25.036 1.0000000000
71612  22.645  -3.306  -24.372 0.8750000000
69975  22.993  -5.447  -24.053 0.8750000000
74478  18.563  -0.143  -25.557 1.0000000000
118949  22.114  -1.798  -24.968 1.0000000000
113619  20.896  -2.768  -25.495 1.0000000000
73146  20.752  -1.567  -25.499 1.0000000000
74489  20.160  0.721  -25.900 1.0000000000
118217  20.293  -0.012  -25.689 1.0000000000
73819  19.726  -0.624  -25.652 1.0000000000
116867  21.045  -0.892  -25.461 1.0000000000
125640  19.948  -1.073  -25.615 1.0000000000
73818  20.745  -0.163  -25.569 1.0000000000
73134  22.626  -1.233  -24.465 1.0000000000
75146  17.323  1.754  -25.296 0.7500000000
75144  18.743  1.311  -25.909 1.0000000000
75163  19.373  1.629  -26.186 1.0000000000
74490  19.880  0.960  -25.996 1.0000000000
75934  19.352  2.198  -26.376 1.0000000000
116439  20.138  1.951  -26.376 1.0000000000
75160  20.527  1.598  -26.162 1.0000000000
75142  20.961  1.146  -25.862 1.0000000000
75143  20.414  1.073  -26.005 1.0000000000
75935  18.809  2.104  -26.167 1.0000000000
75932  20.246  2.610  -26.400 1.0000000000
76667  18.817  2.863  -26.310 1.0000000000
76666  19.282  3.483  -26.369 1.0000000000
75922  20.778  2.441  -26.201 1.0000000000
116846  18.589  3.767  -26.122 1.0000000000
77379  19.770  4.222  -26.327 1.0000000000
77377  21.093  3.931  -26.117 1.0000000000
76664  20.656  3.269  -26.280 1.0000000000
77378  20.497  4.025  -26.326 1.0000000000
76639  22.547  3.430  -25.092 1.0000000000
77366  20.896  4.532  -26.108 1.0000000000
117670  20.620  5.094  -26.012 1.0000000000
78841  20.094  6.515  -25.991 1.0000000000
82352  18.335  11.392  -24.124 0.1250000000
82368  18.645  11.517  -26.120 0.1250000000
123027  18.384  11.276  -25.124 0.1250000000
68376  15.756  -7.798  -21.227 0.2500000000
67599  16.557  -8.441  -21.915 0.6250000000
67609  18.220  -8.662  -23.244 1.0000000000
77352  15.786  4.886  -24.290 0.5000000000
75145  18.105  1.967  -25.729 0.8750000000
76657  16.632  3.223  -24.983 0.7500000000
75923  18.130  2.706  -25.865 0.8750000000
114206  16.588  4.079  -24.962 0.7500000000
76656  17.353  3.345  -25.448 1.0000000000
76655  18.014  3.525  -25.864 1.0000000000
113499  19.480  7.426  -26.154 1.0000000000
79518  21.055  7.816  -25.371 1.0000000000
121703  21.301  5.695  -25.376 1.0000000000
81658  18.353  10.731  -25.693 0.3750000000
126816  19.483  10.839  -27.161 0.7500000000
81664  18.985  10.974  -27.266 0.5000000000
123404  20.088  11.075  -26.695 0.7500000000
83756  21.952  14.079  -27.210 0.2500000000
64512  17.694  -12.463  -21.481 0.7500000000
63768  19.601  -13.169  -22.368 0.7500000000
114650  17.372  -11.615  -21.528 0.7500000000
64523  19.084  -12.273  -22.415 0.7500000000
64511  18.442  -12.573  -21.944 0.7500000000
65310  18.074  -11.700  -21.996 0.7500000000
65311  17.410  -10.951  -21.778 0.7500000000
64522  20.166  -12.490  -22.758 0.7500000000
65325  18.666  -11.226  -22.533 0.7500000000
66810  16.916  -9.732  -21.732 0.7500000000
66824  17.004  -9.001  -22.105 0.6250000000
65326  17.937  -10.887  -22.217 0.7500000000
66078  18.227  -10.292  -22.582 0.8750000000
66823  17.533  -9.589  -22.321 0.8750000000
65323  20.602  -11.658  -23.089 0.7500000000
65324  19.647  -11.556  -22.893 0.7500000000
66077  19.159  -10.666  -22.970 0.7500000000
66091  18.813  -9.956  -23.076 0.8750000000
66822  18.192  -9.431  -22.873 0.8750000000
66076  20.137  -10.849  -23.230 0.7500000000
66090  19.640  -10.055  -23.359 0.8750000000
66833  19.004  -9.260  -23.472 0.8750000000
66089  20.583  -10.138  -23.472 0.7500000000
66832  20.071  -9.385  -23.674 0.8750000000
66821  21.927  -9.259  -23.387 0.8750000000
124373  21.343  -8.777  -23.621 0.8750000000
67606  21.908  -8.525  -23.574 0.8750000000
69201  21.836  -7.387  -24.010 0.8750000000
68384  23.673  -7.564  -22.696 0.3750000000
68385  23.018  -7.749  -23.280 0.6250000000
69200  22.610  -6.995  -23.803 0.7500000000
121469  23.887  -6.855  -22.615 0.5000000000
69188  23.702  -6.206  -22.934 0.7500000000
69199  23.181  -6.212  -23.678 0.7500000000
69958  25.115  -5.930  -21.673 0.1250000000
69959  24.610  -5.538  -22.130 0.3750000000
69966  24.083  -5.533  -22.670 0.6250000000
69967  23.535  -5.506  -23.385 0.6250000000
70768  23.297  -4.761  -23.720 0.6250000000
69942  25.828  -5.976  -21.153 0.1250000000
115111  25.588  -5.343  -21.325 0.1250000000
70757  24.898  -4.267  -21.974 0.1250000000
113037  24.293  -4.149  -22.675 0.6250000000
71600  24.085  -3.368  -22.924 0.6250000000
71601  23.363  -3.186  -23.681 0.7500000000
70746  25.708  -4.472  -21.273 0.1250000000
72370  26.654  -2.686  -20.874 0.1250000000
72384  25.103  -2.960  -21.910 0.1250000000
72385  24.595  -2.745  -22.461 0.5000000000
72396  23.924  -2.539  -23.083 0.6250000000
73124  23.813  -1.695  -23.224 0.7500000000
70745  26.725  -4.282  -20.639 0.1250000000
73109  25.233  -2.149  -21.879 0.5000000000
124456  24.972  -1.357  -22.157 0.5000000000
73110  24.377  -0.966  -22.771 0.6250000000
119024  23.662  -0.929  -23.452 0.7500000000
79520  18.747  8.465  -25.888 0.5000000000
73780  24.523  -0.014  -22.679 0.6250000000
74454  23.929  0.478  -23.337 0.6250000000
74455  23.135  0.546  -23.986 0.8750000000
74439  25.168  0.503  -22.088 0.5000000000
74440  24.519  0.728  -22.712 0.6250000000
75094  24.844  1.355  -22.407 0.6250000000
75113  24.189  1.338  -23.115 0.7500000000
75127  22.891  1.295  -24.384 0.8750000000
77351  22.782  4.193  -24.745 0.8750000000
119070  23.835  2.064  -23.531 0.7500000000
76622  23.889  3.434  -23.674 0.8750000000
78092  23.328  5.061  -24.035 0.8750000000
75093  25.765  1.319  -21.859 0.3750000000
118168  25.358  2.099  -22.229 0.5000000000
75891  24.197  2.761  -23.293 0.6250000000
75092  26.917  1.213  -21.528 0.2500000000
115036  26.407  2.123  -21.775 0.3750000000
75878  24.920  2.807  -22.582 0.5000000000
115531  19.461  8.897  -25.739 0.6250000000
80167  20.112  8.968  -25.680 0.7500000000
79519  20.133  8.232  -25.827 0.8750000000
78103  21.903  5.187  -25.106 0.8750000000
78834  21.870  6.247  -24.829 0.7500000000
78102  22.559  4.917  -24.688 0.8750000000
76609  24.579  3.461  -22.967 0.6250000000
75877  25.907  2.895  -22.118 0.5000000000
78091  24.175  4.867  -23.442 0.7500000000
107461  19.370  9.104  -25.734 0.6250000000
79510  21.913  7.483  -24.594 0.8750000000
80158  21.664  8.586  -24.762 0.7500000000
78833  22.531  6.820  -24.282 0.8750000000
78824  23.649  6.128  -23.680 0.7500000000
78071  24.787  4.738  -22.950 0.5000000000
77320  26.968  4.552  -22.237 0.2500000000
120088  26.267  4.563  -22.328 0.5000000000
76608  25.403  3.552  -22.432 0.5000000000
75875  27.963  2.990  -21.928 0.2500000000
80876  18.829  9.555  -26.078 0.5000000000
81656  19.977  10.323  -26.547 0.6250000000
80874  20.506  9.590  -25.636 0.7500000000
80863  21.417  9.507  -25.050 0.7500000000
80862  22.312  9.397  -24.535 0.7500000000
80157  22.595  8.559  -24.193 0.7500000000
81641  22.157  10.215  -24.869 0.7500000000
79508  23.722  7.646  -23.716 0.7500000000
80156  23.724  8.504  -23.934 0.7500000000
78822  25.470  6.512  -23.188 0.5000000000
79498  24.996  7.219  -23.479 0.3750000000
79499  24.129  7.065  -23.548 0.6250000000
78068  27.365  5.188  -22.598 0.2500000000
78089  25.988  5.839  -22.795 0.3750000000
78821  26.371  6.569  -23.204 0.3750000000
81655  20.956  10.473  -25.538 0.7500000000
113470  21.813  10.890  -25.302 0.7500000000
128349  22.747  9.879  -24.552 0.7500000000
122734  23.265  9.485  -24.351 0.7500000000
80861  24.234  9.276  -24.395 0.6250000000
79507  26.090  7.789  -23.966 0.3750000000
80155  24.733  8.549  -24.054 0.3750000000
78087  27.756  5.770  -23.181 0.1250000000
79495  27.499  7.045  -24.036 0.1250000000
79496  26.659  7.170  -23.689 0.2500000000
82366  21.058  11.405  -25.746 0.6250000000
81654  22.653  10.891  -25.143 0.6250000000
81640  23.103  10.296  -24.709 0.7500000000
80153  26.304  8.141  -24.593 0.2500000000
80154  25.549  8.388  -24.288 0.3750000000
78839  28.606  6.654  -24.978 0.1250000000
79505  27.997  7.137  -24.725 0.1250000000
119684  28.363  5.898  -23.817 0.1250000000
82364  23.013  11.554  -25.523 0.3750000000
81653  23.516  10.840  -25.172 0.3750000000
80885  25.510  9.442  -26.199 0.2500000000
118341  24.617  9.725  -24.973 0.3750000000
81639  23.897  10.113  -24.745 0.3750000000
80163  27.174  8.009  -25.632 0.1250000000
80165  25.820  8.727  -25.034 0.3750000000
78109  29.141  6.098  -25.316 0.1250000000
79517  26.966  7.838  -24.948 0.1250000000
83070  22.620  12.922  -26.261 0.3750000000
83065  21.370  12.248  -25.843 0.3750000000
82365  22.084  11.542  -25.498 0.3750000000
83063  23.292  12.165  -26.152 0.3750000000
82372  24.398  11.036  -26.315 0.3750000000
82363  23.812  11.380  -25.788 0.3750000000
80886  25.159  9.932  -26.734 0.3750000000
80873  24.971  9.928  -25.741 0.3750000000
81652  24.306  10.555  -25.463 0.3750000000
80177  27.109  8.323  -27.273 0.1250000000
112285  26.255  8.692  -25.803 0.1250000000
80174  25.993  8.961  -26.496 0.2500000000
79525  28.469  7.156  -26.156 0.1250000000
116708  23.197  12.696  -26.757 0.2500000000
82379  24.040  11.868  -27.530 0.2500000000
116833  23.673  12.276  -26.878 0.3750000000
81679  24.700  10.522  -28.048 0.1250000000
82378  24.435  11.181  -27.290 0.3750000000
82373  24.028  11.735  -26.589 0.3750000000
80896  25.135  9.923  -27.750 0.1250000000
81670  24.788  10.503  -27.064 0.2500000000
80179  25.926  8.906  -28.361 0.1250000000
83073  22.711  13.294  -27.193 0.3750000000
124608  23.448  12.556  -27.677 0.2500000000
82382  24.298  11.213  -28.293 0.1250000000
82390  24.020  11.168  -29.334 0.1250000000
122169  24.483  10.542  -29.005 0.1250000000
80183  26.471  8.601  -28.943 0.1250000000
80912  25.322  9.395  -29.667 0.1250000000
83087  22.733  12.093  -30.640 0.1250000000
80913  24.737  9.851  -29.902 0.1250000000
81698  23.483  10.991  -30.359 0.1250000000
80192  25.758  9.092  -30.397 0.1250000000
80191  26.419  8.673  -29.798 0.1250000000
67596  22.638  -8.601  -23.264 0.6250000000
73779  25.181  -0.481  -22.012 0.6250000000
75892  23.575  2.759  -24.021 0.8750000000
75876  26.969  2.989  -21.797 0.3750000000
80875  19.771  9.488  -26.115 0.6250000000
80166  20.862  8.738  -25.419 0.8750000000
79509  22.928  7.678  -23.951 0.7500000000
78832  23.259  6.863  -23.838 0.7500000000
78070  25.613  4.929  -22.592 0.5000000000
78090  24.931  5.579  -23.014 0.5000000000
115543  24.115  5.599  -23.462 0.7500000000
78069  26.543  5.196  -22.513 0.5000000000
110666  26.286  8.758  -27.370 0.1250000000
81689  24.178  10.420  -30.028 0.1250000000
70767  23.646  -4.048  -23.347 0.6250000000
73767  25.725  -1.246  -21.569 0.3750000000
126644  25.625  0.056  -21.746 0.3750000000
114614  25.445  9.434  -28.288 0.1250000000
75082  27.909  1.354  -21.618 0.1250000000
116932  18.638  -14.047  -21.536 0.7500000000
63758  17.667  -13.306  -21.214 0.7500000000
64513  16.917  -11.995  -21.114 0.7500000000
63756  19.126  -13.696  -21.947 0.7500000000
63769  18.926  -13.028  -22.106 0.7500000000
63767  20.330  -13.361  -22.413 0.7500000000
109185  21.076  -10.915  -23.309 0.6250000000
66088  21.497  -10.107  -23.360 0.6250000000
66820  22.676  -9.336  -23.076 0.5000000000
67586  23.674  -8.953  -22.389 0.3750000000
68374  24.433  -7.283  -22.117 0.1250000000
118314  24.920  -6.681  -21.785 0.1250000000
69941  26.420  -6.047  -20.797 0.1250000000
70724  27.341  -4.972  -20.472 0.1250000000
70744  27.805  -4.137  -20.415 0.1250000000
71575  27.205  -3.379  -20.550 0.1250000000
72369  27.661  -2.498  -20.666 0.1250000000
73766  26.212  -0.327  -21.445 0.2500000000
74438  26.069  0.527  -21.601 0.2500000000
80159  18.452  9.208  -25.568 0.5000000000
75874  28.546  2.572  -22.467 0.1250000000
75091  27.471  2.134  -21.676 0.2500000000
76621  28.519  3.826  -22.896 0.1250000000
108792  28.404  5.322  -23.370 0.1250000000
77350  28.962  5.223  -23.991 0.1250000000
80877  18.650  10.462  -26.580 0.3750000000
78100  29.278  5.396  -24.876 0.1250000000
78847  29.290  6.173  -26.182 0.1250000000
78108  29.500  5.379  -25.793 0.1250000000
123811  27.825  7.850  -27.646 0.1250000000
79535  28.003  7.813  -28.596 0.1250000000
83735  18.576  13.820  -24.115 0.1250000000
112198  22.995  13.069  -28.209 0.2500000000
83076  22.870  13.073  -29.159 0.1250000000
83080  22.588  12.899  -30.354 0.1250000000
81697  23.583  10.353  -31.207 0.1250000000
82399  22.671  11.627  -31.240 0.1250000000
80920  25.017  9.521  -30.618 0.1250000000
109788  27.138  8.452  -30.077 0.1250000000
128119  25.291  9.342  -31.243 0.1250000000
73794  23.407  -0.222  -23.707 0.7500000000
78844  17.248  6.909  -25.426 0.3750000000
67607  20.602  -8.680  -23.792 0.8750000000
118349  23.280  2.043  -24.260 0.8750000000
78840  21.028  6.652  -25.399 0.8750000000
83758  22.397  13.768  -28.293 0.1250000000
63757  18.356  -13.311  -21.638 0.7500000000
62959  19.844  -13.993  -22.192 0.7500000000
65312  16.768  -11.054  -21.282 0.7500000000
66079  17.476  -10.287  -22.035 0.7500000000
116829  16.472  -9.093  -21.638 0.6250000000
66831  21.002  -9.399  -23.576 0.7500000000
68396  22.250  -7.899  -23.655 0.7500000000
67585  24.063  -8.190  -22.262 0.2500000000
113971  23.383  -8.352  -22.814 0.5000000000
69189  23.334  -6.939  -23.163 0.7500000000
69187  24.391  -6.283  -22.259 0.5000000000
70747  25.035  -5.066  -21.761 0.2500000000
70758  24.467  -4.893  -22.376 0.3750000000
70759  23.860  -4.809  -23.017 0.6250000000
70725  26.337  -5.269  -20.811 0.1250000000
71589  25.384  -3.589  -21.630 0.1250000000
71576  26.209  -3.531  -21.012 0.1250000000
71590  24.719  -3.510  -22.274 0.5000000000
72371  25.768  -2.817  -21.393 0.1250000000
111600  24.481  -1.915  -22.597 0.6250000000
73793  24.008  -0.333  -23.216 0.6250000000
119003  24.485  2.080  -22.813 0.6250000000
77338  23.609  4.156  -23.966 0.7500000000
117500  22.719  5.853  -24.365 0.7500000000
76607  26.374  3.819  -22.078 0.3750000000
78823  24.562  6.388  -23.340 0.6250000000
77322  25.040  4.171  -22.701 0.5000000000
78067  28.101  5.012  -22.800 0.1250000000
76605  28.053  3.810  -22.372 0.1250000000
76606  27.379  3.798  -22.073 0.2500000000
125265  28.385  3.276  -22.498 0.1250000000
80146  24.459  7.874  -23.697 0.6250000000
79497  25.838  7.239  -23.518 0.3750000000
80145  25.297  7.905  -23.766 0.3750000000
78088  26.908  5.909  -22.849 0.1250000000
78820  27.199  6.518  -23.398 0.3750000000
79506  26.814  7.580  -24.294 0.3750000000
78831  28.231  6.564  -24.263 0.1250000000
80860  25.038  9.025  -24.622 0.3750000000
80164  26.547  8.312  -25.297 0.2500000000
79515  28.270  7.174  -25.472 0.1250000000
78848  28.820  6.688  -25.763 0.1250000000
78101  28.811  5.998  -24.520 0.1250000000
79516  27.617  7.551  -25.247 0.1250000000
83064  22.398  12.284  -25.782 0.3750000000
79526  27.844  7.644  -26.092 0.1250000000
80172  27.216  8.178  -26.366 0.1250000000
124583  26.769  8.379  -25.904 0.1250000000
81663  24.766  10.425  -26.218 0.3750000000
122965  27.683  7.905  -26.876 0.1250000000
80178  26.712  8.534  -28.133 0.1250000000
111290  27.407  8.211  -28.110 0.1250000000
80173  26.593  8.558  -26.524 0.1250000000
80895  25.639  9.327  -27.345 0.1250000000
78855  28.900  6.778  -26.587 0.1250000000
108143  28.324  7.392  -26.947 0.1250000000
82383  23.829  11.879  -28.553 0.2500000000
80905  24.980  9.841  -28.876 0.1250000000
80904  25.493  9.252  -28.918 0.1250000000
80184  25.859  8.922  -29.345 0.1250000000
83075  23.341  12.480  -28.839 0.1250000000
82391  23.468  11.741  -29.575 0.1250000000
126017  24.608  10.146  -29.442 0.1250000000
80182  27.226  8.324  -28.780 0.1250000000
83079  23.016  12.297  -29.826 0.1250000000
62953  17.986  -13.980  -21.182 0.7500000000
63759  17.083  -12.891  -20.924 0.7500000000
63743  17.262  -13.762  -20.779 0.7500000000
66066  16.501  -10.235  -21.252 0.5000000000
66065  17.013  -10.413  -21.600 0.6250000000
111114  21.960  -10.819  -23.069 0.6250000000
118513  22.369  -10.007  -23.085 0.5000000000
109797  27.054  -1.963  -20.849 0.1250000000
73093  26.190  -2.002  -21.230 0.1250000000
77336  28.653  4.580  -23.283 0.1250000000
128339  28.395  7.405  -27.853 0.1250000000
63744  16.510  -13.334  -20.430 0.7500000000
65298  16.296  -11.593  -20.715 0.5000000000
62133  18.997  -15.261  -21.189 0.6250000000
62950  20.162  -14.771  -21.771 0.3750000000
63754  21.286  -13.931  -21.708 0.2500000000
63755  20.555  -14.050  -22.083 0.3750000000
67595  23.144  -9.010  -22.877 0.3750000000
80864  18.124  9.944  -25.561 0.2500000000
81665  18.707  11.074  -26.771 0.2500000000
62952  18.453  -14.658  -21.180 0.6250000000
63766  20.877  -12.867  -22.535 0.5000000000
65322  21.518  -11.666  -22.919 0.5000000000
62130  20.736  -15.272  -21.344 0.5000000000
62120  18.850  -15.936  -20.749 0.6250000000
65299  15.716  -11.413  -20.245 0.3750000000
63745  15.821  -12.747  -20.091 0.3750000000
62121  18.243  -15.375  -20.755 0.6250000000
61259  20.602  -16.116  -20.912 0.3750000000
61270  19.980  -16.125  -21.031 0.5000000000
66055  16.103  -10.782  -20.740 0.2500000000
62119  21.204  -15.667  -20.898 0.3750000000
63753  21.987  -13.301  -21.440 0.2500000000
62938  21.423  -14.852  -21.141 0.2500000000
114383  21.424  -13.094  -22.094 0.2500000000
65309  22.049  -12.006  -22.431 0.3750000000
65321  22.357  -11.390  -22.582 0.2500000000
66075  22.766  -10.637  -22.633 0.2500000000
66819  23.196  -9.742  -22.612 0.2500000000
73115  15.454  -1.697  -22.766 0.1250000000
75115  15.442  1.388  -23.685 0.2500000000
76640  15.892  3.939  -24.466 0.3750000000
75908  15.523  2.802  -24.115 0.2500000000
74457  15.284  0.075  -23.048 0.1250000000
72389  15.483  -2.260  -22.671 0.2500000000
67587  16.088  -8.518  -21.454 0.2500000000
75907  15.986  3.074  -24.538 0.3750000000
64521  20.942  -12.255  -22.862 0.5000000000
64503  16.416  -12.416  -20.599 0.5000000000
62951  19.280  -14.535  -21.653 0.6250000000
62939  17.573  -14.694  -20.683 0.6250000000
62132  19.529  -15.749  -21.101 0.6250000000
107119  19.643  -15.197  -21.464 0.5000000000
62949  20.833  -14.586  -21.666 0.2500000000
63742  21.929  -14.077  -20.974 0.2500000000
112378  20.890  -13.475  -22.221 0.3750000000
64520  21.480  -12.418  -22.511 0.3750000000
62131  20.135  -15.556  -21.328 0.5000000000
64504  15.913  -12.032  -20.300 0.3750000000
107194  20.027  -16.685  -20.762 0.3750000000
61260  19.454  -16.359  -20.767 0.5000000000
64510  22.065  -12.561  -21.949 0.2500000000
66064  23.011  -11.208  -22.208 0.2500000000
73100  15.469  -2.045  -22.667 0.1250000000
126140  16.583  -15.817  -19.895 0.5000000000
60391  19.033  -17.591  -20.341 0.3750000000
61261  18.821  -16.712  -20.493 0.5000000000
62122  17.542  -15.522  -20.418 0.5000000000
61248  16.404  -16.397  -19.676 0.3750000000
62927  16.155  -14.712  -19.865 0.5000000000
62123  16.799  -15.253  -20.156 0.5000000000
62940  16.683  -14.274  -20.312 0.3750000000
61235  14.261  -16.237  -18.582 0.1250000000
61249  15.551  -16.167  -19.298 0.3750000000
62941  15.789  -13.792  -19.851 0.2500000000
59520  15.330  -18.433  -18.587 0.1250000000
61234  14.938  -16.639  -18.921 0.2500000000
60380  16.594  -17.346  -19.515 0.3750000000
59544  19.732  -18.184  -20.269 0.2500000000
60378  18.271  -18.037  -19.921 0.3750000000
61247  17.274  -16.815  -19.926 0.5000000000
111358  14.272  -16.968  -18.552 0.1250000000
60381  15.727  -17.004  -19.239 0.3750000000
62097  14.245  -15.485  -18.537 0.1250000000
63733  14.502  -13.545  -18.967 0.1250000000
74425  26.864  0.333  -21.403 0.1250000000
61262  17.993  -16.225  -20.367 0.5000000000
64490  15.425  -12.093  -19.812 0.2500000000
60389  20.639  -17.017  -20.588 0.2500000000
61263  17.087  -16.021  -20.093 0.5000000000
62109  16.035  -15.520  -19.654 0.5000000000
107482  19.455  -16.948  -20.560 0.3750000000
60392  18.143  -17.194  -20.157 0.3750000000
62110  15.311  -15.486  -19.268 0.2500000000
62928  15.363  -14.676  -19.427 0.1250000000
61236  13.795  -16.578  -18.244 0.1250000000
61250  14.832  -15.866  -18.951 0.2500000000
62098  13.767  -15.926  -18.143 0.1250000000
63732  15.003  -13.839  -19.338 0.1250000000
60366  14.190  -17.587  -18.399 0.1250000000
60365  14.981  -17.530  -18.745 0.1250000000
59545  18.955  -18.469  -20.020 0.2500000000
62111  14.749  -15.112  -18.960 0.1250000000
62929  14.606  -14.330  -18.975 0.1250000000
59536  15.937  -17.879  -19.053 0.2500000000
59534  17.656  -18.531  -19.548 0.2500000000
66067  15.927  -9.924  -20.788 0.2500000000
60379  17.467  -17.703  -19.737 0.2500000000
59535  16.804  -18.249  -19.339 0.2500000000
66800  15.626  -9.231  -20.633 0.1250000000
79522  17.410  7.573  -25.547 0.1250000000
79521  17.547  8.342  -25.450 0.1250000000
79512  16.986  8.083  -24.789 0.1250000000
79511  17.323  8.750  -24.568 0.1250000000
80160  17.643  9.460  -24.738 0.1250000000
80168  17.726  8.985  -25.264 0.1250000000
79500  17.125  8.815  -24.173 0.1250000000
80853  17.873  10.170  -24.587 0.1250000000
124489  16.811  7.514  -24.971 0.1250000000
80852  17.613  9.744  -24.082 0.1250000000
80845  17.657  9.926  -23.815 0.1250000000
78845  16.411  6.989  -24.624 0.1250000000
75893  15.277  2.366  -23.699 0.1250000000
66056  15.543  -10.649  -20.183 0.1250000000
112294  15.255  4.585  -23.916 0.1250000000
78093  15.168  6.958  -23.623 0.1250000000
78835  16.486  7.676  -24.374 0.1250000000
79501  16.878  8.176  -24.314 0.1250000000
80137  18.779  8.556  -23.020 0.1250000000
81625  17.734  10.126  -23.842 0.1250000000
78116  16.248  6.192  -24.549 0.1250000000
67588  15.668  -8.572  -20.969 0.1250000000
121177  16.354  -9.628  -21.321 0.1250000000
76641  15.321  3.751  -24.010 0.1250000000
66811  15.980  -9.174  -21.171 0.1250000000
66788  15.496  -9.277  -20.244 0.1250000000
117959  15.542  -9.842  -20.307 0.1250000000
80147  17.536  9.284  -24.131 0.1250000000
80837  18.485  9.789  -22.555 0.1250000000
61258  21.390  -16.482  -20.458 0.1250000000
62118  21.853  -15.525  -20.420 0.1250000000
62937  22.086  -14.750  -20.526 0.1250000000
64502  22.765  -12.670  -21.185 0.1250000000
65308  22.736  -11.915  -21.946 0.1250000000
65297  23.810  -11.703  -20.950 0.1250000000
64509  23.269  -12.017  -21.291 0.1250000000
65306  24.101  -11.052  -21.213 0.1250000000
112176  23.559  -10.543  -21.926 0.1250000000
66063  24.510  -10.187  -21.303 0.1250000000
66809  23.954  -9.601  -21.914 0.1250000000
59532  19.585  -18.975  -19.888 0.1250000000
59533  18.337  -18.697  -19.708 0.1250000000
59543  20.522  -17.853  -20.366 0.1250000000
60388  21.234  -17.461  -20.290 0.1250000000
61245  22.189  -16.266  -19.894 0.1250000000
61246  21.916  -17.144  -19.920 0.1250000000
62926  22.646  -14.708  -19.944 0.1250000000
63731  23.068  -13.920  -19.977 0.1250000000
64489  24.091  -12.748  -19.896 0.1250000000
66054  24.811  -10.959  -20.691 0.1250000000
117246  24.324  -8.856  -21.854 0.1250000000
66807  25.146  -9.491  -21.147 0.1250000000
66062  25.370  -10.264  -20.695 0.1250000000
110095  22.431  -14.182  -20.396 0.1250000000
65307  23.421  -11.407  -21.607 0.1250000000
60390  19.908  -17.400  -20.524 0.1250000000
116595  22.278  -15.113  -20.162 0.1250000000
63741  22.547  -13.522  -20.691 0.1250000000
64501  23.563  -12.363  -20.657 0.1250000000
65296  24.368  -11.476  -20.686 0.1250000000
66808  24.564  -9.402  -21.526 0.1250000000
59531  20.385  -18.652  -20.058 0.1250000000
121390  22.890  -16.103  -19.552 0.1250000000
66799  25.882  -9.511  -20.708 0.1250000000
62108  22.579  -15.447  -19.794 0.1250000000
69940  27.088  -5.794  -20.518 0.1250000000
72416  21.090  -2.252  -25.440 1.0000000000
73147  20.088  -0.647  -25.639 1.0000000000
73829  19.874  0.213  -25.790 1.0000000000
75114  23.540  1.308  -23.759 0.7500000000
75161  20.062  1.354  -26.161 1.0000000000
75162  19.741  1.370  -26.130 1.0000000000
75924  17.377  2.562  -25.412 0.8750000000
75933  19.784  2.340  -26.448 1.0000000000
76626  14.655  4.597  -23.350 0.1250000000
76653  21.899  3.359  -25.614 1.0000000000
77318  28.224  4.370  -22.712 0.1250000000
77319  27.710  4.481  -22.420 0.2500000000
77321  25.733  4.210  -22.375 0.5000000000
77337  24.333  4.117  -23.298 0.5000000000
80872  25.287  9.330  -25.311 0.3750000000
82398  23.018  11.573  -30.502 0.1250000000
114292  27.388  7.444  -24.638 0.1250000000
115284  20.216  -1.454  -25.570 1.0000000000
117461  16.065  2.321  -24.517 0.3750000000
117639  17.971  1.307  -25.575 1.0000000000
121556  18.930  0.561  -25.797 1.0000000000
123732  26.981  8.446  -29.402 0.1250000000
126700  25.772  9.037  -25.732 0.2500000000
128365  27.830  6.387  -23.712 0.1250000000
