#!ascii label  , from subject sub-v1s12x0050113_ses-1 vox2ras=TkReg
1519
27281  36.169  -56.888  -21.724 0.6000000238
27268  35.157  -56.902  -20.667 0.5000000000
28202  36.752  -54.825  -22.945 0.6999999881
29153  37.092  -54.218  -23.483 0.6000000238
28201  37.464  -55.060  -23.488 0.6000000238
30041  37.996  -53.341  -24.416 0.6000000238
125604  35.891  -55.516  -21.889 0.6999999881
28196  36.325  -55.442  -22.344 0.6000000238
28195  37.118  -55.698  -22.913 0.5000000000
27295  37.978  -55.962  -23.558 0.5000000000
29152  37.891  -54.390  -24.060 0.6000000238
28191  35.470  -55.568  -21.421 0.5000000000
26376  35.674  -57.323  -21.200 0.5000000000
26388  36.647  -57.303  -22.157 0.6000000238
30048  38.918  -53.556  -25.066 0.6000000238
25447  34.137  -58.860  -19.879 0.5000000000
118053  33.617  -58.586  -19.421 0.5000000000
31800  37.652  -51.652  -23.871 0.6000000238
30038  35.885  -53.694  -22.577 0.6000000238
30037  36.287  -53.300  -22.992 0.6999999881
30924  37.275  -52.652  -23.811 0.6000000238
30923  37.887  -52.366  -24.339 0.6000000238
28197  35.726  -54.995  -21.956 0.6000000238
29147  36.091  -54.530  -22.493 0.6999999881
30929  38.474  -52.629  -24.908 0.6000000238
28180  35.043  -56.050  -20.736 0.5000000000
29144  35.165  -54.699  -21.451 0.5000000000
30928  39.083  -52.097  -25.370 0.6000000238
26364  34.666  -57.305  -20.153 0.5000000000
118326  39.829  -51.774  -25.745 0.6000000238
27260  34.240  -56.823  -19.656 0.5000000000
111604  40.750  -52.065  -26.428 0.6000000238
32717  42.512  -50.221  -26.815 0.6999999881
31810  41.547  -51.545  -26.722 0.6000000238
32723  42.570  -50.308  -27.049 0.6999999881
31815  42.276  -50.935  -26.945 0.6000000238
31820  42.201  -50.936  -26.918 0.6000000238
31822  41.154  -51.631  -27.331 0.6000000238
31821  41.787  -51.375  -27.141 0.6000000238
31811  36.507  -51.697  -25.928 0.5000000000
32720  35.415  -50.748  -25.228 0.6999999881
31812  35.767  -51.571  -25.521 0.6000000238
112746  34.647  -50.196  -24.975 0.8000000119
31813  34.989  -51.489  -25.172 0.6999999881
32706  38.079  -50.752  -23.810 0.6000000238
32712  38.771  -50.552  -24.361 0.6999999881
30921  35.884  -52.866  -22.654 0.6999999881
30920  36.502  -52.526  -23.147 0.6999999881
31801  37.000  -51.709  -23.356 0.6000000238
31805  38.360  -51.579  -24.587 0.6999999881
30034  35.231  -53.213  -22.092 0.6000000238
30915  35.457  -52.281  -22.258 0.6000000238
32711  39.614  -50.358  -24.886 0.8000000119
118494  34.167  -53.101  -20.755 0.5000000000
113365  34.583  -53.104  -21.412 0.5000000000
32710  40.552  -50.085  -25.422 0.8000000119
29129  34.233  -54.746  -20.093 0.5000000000
29145  34.619  -54.344  -20.884 0.5000000000
32709  41.579  -49.699  -25.989 0.8000000119
31803  40.308  -51.041  -25.882 0.6000000238
26359  33.766  -57.110  -19.192 0.5000000000
33609  42.503  -49.233  -26.573 0.8000000119
31809  41.434  -50.580  -26.393 0.6999999881
33620  42.651  -48.783  -27.679 0.6999999881
33608  42.973  -48.734  -27.039 0.6999999881
34435  40.830  -48.992  -27.540 0.6999999881
34434  41.916  -48.554  -27.709 0.6999999881
111612  42.685  -49.714  -27.481 0.6999999881
33617  39.682  -49.383  -27.199 0.6000000238
33623  40.596  -49.990  -27.524 0.6000000238
111817  42.359  -49.880  -27.622 0.6000000238
33618  38.769  -49.760  -26.694 0.6999999881
32724  39.436  -50.276  -27.269 0.6999999881
32718  36.980  -50.437  -25.770 0.6999999881
32726  37.687  -50.993  -26.424 0.6000000238
111815  36.127  -50.358  -25.329 0.8000000119
32727  36.933  -51.172  -26.032 0.6000000238
33613  35.419  -49.756  -25.053 0.8999999762
32722  33.898  -50.580  -24.796 0.6999999881
33614  34.458  -49.391  -24.989 0.8000000119
31814  34.232  -51.414  -24.835 0.6999999881
33599  38.581  -49.949  -23.545 0.6000000238
32705  39.260  -49.775  -24.032 0.6999999881
34408  39.923  -48.829  -23.383 0.6999999881
32707  37.449  -50.901  -23.332 0.6000000238
34407  40.490  -48.166  -23.874 0.6000000238
32700  36.325  -50.922  -22.410 0.4000000060
31796  36.414  -51.632  -22.832 0.6000000238
32699  37.352  -50.365  -22.741 0.6000000238
34414  40.284  -48.953  -24.148 0.6999999881
31797  35.809  -51.539  -22.335 0.6000000238
33603  40.804  -49.265  -24.997 0.8000000119
30904  33.889  -52.422  -20.464 0.4000000060
30903  34.275  -52.374  -21.112 0.5000000000
30916  34.823  -52.355  -21.718 0.6000000238
34413  41.019  -48.429  -24.655 0.8000000119
30027  33.830  -53.149  -20.061 0.5000000000
33602  41.709  -48.767  -25.586 0.8000000119
30019  33.810  -53.911  -19.629 0.4000000060
35201  42.730  -47.034  -26.625 0.8000000119
27261  33.841  -56.253  -19.157 0.5000000000
35208  42.359  -46.773  -27.397 0.8000000119
35210  40.383  -47.413  -26.872 0.8000000119
119692  41.287  -46.912  -27.379 0.6999999881
35211  42.653  -47.256  -27.303 0.8000000119
34432  39.081  -48.962  -26.530 0.8000000119
34430  41.031  -47.904  -27.501 0.6999999881
34423  37.848  -48.721  -25.310 0.8999999762
33610  38.267  -49.322  -26.032 0.8999999762
34431  39.996  -48.460  -27.037 0.6999999881
33611  37.392  -49.578  -25.585 0.8999999762
33619  37.914  -50.108  -26.237 0.6000000238
112989  35.906  -49.017  -24.895 0.8999999762
33612  36.456  -49.726  -25.224 0.8999999762
125629  33.083  -49.246  -24.801 0.8000000119
33606  32.643  -49.745  -24.517 0.8000000119
124941  33.382  -49.850  -24.734 0.8000000119
32713  32.983  -50.540  -24.520 0.8000000119
109794  34.088  -48.611  -25.151 0.8000000119
126590  34.021  -49.848  -24.895 0.6999999881
35191  40.133  -48.058  -23.115 0.6000000238
33591  39.218  -49.345  -23.200 0.5000000000
35190  40.735  -47.002  -23.685 0.6999999881
32686  37.190  -50.012  -22.133 0.4000000060
33593  37.881  -49.855  -22.406 0.5000000000
32698  37.941  -50.164  -23.109 0.6000000238
116343  35.657  -50.756  -21.757 0.5000000000
35195  41.247  -47.328  -24.480 0.6999999881
124879  34.760  -50.227  -20.483 0.5000000000
31787  35.170  -51.572  -21.832 0.6000000238
32679  33.843  -51.069  -20.224 0.4000000060
32678  34.439  -50.850  -20.794 0.4000000060
128284  42.188  -44.297  -25.952 0.8000000119
34411  42.411  -47.082  -25.903 0.8000000119
31773  33.469  -51.519  -19.652 0.4000000060
36057  42.285  -45.739  -27.039 0.8000000119
36048  42.672  -46.180  -26.860 0.8000000119
34421  42.555  -48.076  -26.298 0.8000000119
29130  33.726  -54.719  -19.232 0.3000000119
35202  39.749  -47.015  -25.859 0.8000000119
36051  40.524  -45.493  -25.733 0.8000000119
35209  41.875  -46.222  -27.370 0.8000000119
35203  38.816  -47.303  -25.054 0.8000000119
36050  41.104  -46.108  -26.753 0.8000000119
35197  37.902  -47.813  -24.690 0.8999999762
111573  38.717  -47.991  -25.487 0.8999999762
35198  36.934  -47.839  -24.305 0.8999999762
34424  36.874  -49.033  -24.976 0.8999999762
34416  36.393  -48.403  -24.624 0.8999999762
108779  32.529  -48.955  -24.626 0.8000000119
33607  31.899  -49.466  -24.227 0.8000000119
34425  35.499  -48.264  -24.769 0.8999999762
113306  34.957  -48.839  -24.982 0.8999999762
34428  33.233  -48.507  -25.042 0.8000000119
34426  34.632  -48.023  -25.083 0.8000000119
34400  39.735  -48.948  -22.578 0.6000000238
35181  40.327  -46.873  -22.829 0.6000000238
33583  37.783  -49.698  -21.668 0.4000000060
33582  38.543  -49.600  -22.019 0.4000000060
33592  38.506  -49.628  -22.784 0.5000000000
33584  36.904  -49.735  -21.428 0.4000000060
35189  41.600  -45.832  -24.462 0.6999999881
33577  36.605  -49.432  -20.687 0.5000000000
35194  42.025  -46.465  -25.278 0.6999999881
119206  35.879  -49.437  -20.451 0.5000000000
36943  41.414  -43.410  -24.927 0.8000000119
36041  42.248  -44.872  -25.509 0.8000000119
36042  40.033  -44.873  -24.791 0.8000000119
36948  42.088  -44.796  -26.415 0.8000000119
35196  38.427  -46.967  -24.485 0.8000000119
36044  37.561  -47.008  -24.031 0.8999999762
36045  36.552  -47.217  -24.102 0.8999999762
35199  36.031  -47.754  -24.477 0.8999999762
123748  32.624  -47.561  -24.636 0.8000000119
35204  35.217  -47.537  -24.957 1.0000000000
34417  33.159  -47.649  -25.090 0.8000000119
35205  34.462  -47.226  -25.402 1.0000000000
34427  33.822  -47.792  -25.312 0.8000000119
35206  33.842  -46.886  -25.434 0.8000000119
36019  40.174  -44.959  -21.806 0.6000000238
36031  40.565  -45.108  -22.673 0.6999999881
33581  39.393  -49.449  -21.676 0.4000000060
109746  39.059  -49.367  -22.451 0.4000000060
33576  37.509  -49.546  -20.890 0.4000000060
34393  37.177  -49.149  -20.183 0.5000000000
34392  37.949  -49.370  -20.413 0.4000000060
36933  41.785  -44.157  -24.536 0.8000000119
36950  41.142  -44.099  -25.430 0.8000000119
111417  41.355  -43.223  -24.487 0.8000000119
110969  38.473  -45.103  -23.374 0.8000000119
36035  37.746  -46.179  -23.563 0.8000000119
36052  39.340  -46.330  -24.957 0.8000000119
36037  36.211  -46.608  -24.175 0.8999999762
36046  35.718  -47.079  -24.666 1.0000000000
36946  35.503  -46.376  -25.211 1.0000000000
36053  35.113  -46.928  -25.281 1.0000000000
36054  34.727  -46.458  -25.697 1.0000000000
35172  40.155  -47.863  -21.311 0.6000000238
116700  39.970  -48.058  -22.460 0.6000000238
124893  39.876  -46.952  -21.995 0.6000000238
36030  41.118  -45.378  -23.565 0.6999999881
36927  40.603  -43.168  -22.823 0.6999999881
33573  40.180  -49.786  -21.115 0.4000000060
34396  39.988  -48.816  -21.813 0.5000000000
36934  41.234  -43.615  -23.662 0.8000000119
33575  38.620  -49.718  -21.096 0.4000000060
124082  40.811  -42.780  -23.727 0.8000000119
33564  39.341  -49.723  -20.541 0.4000000060
33574  39.645  -49.853  -21.019 0.4000000060
36944  40.665  -43.386  -24.646 0.8000000119
37770  40.883  -42.841  -24.238 0.8000000119
36945  39.621  -44.186  -24.053 0.8000000119
36036  36.999  -46.543  -23.626 0.8999999762
36938  36.502  -45.975  -23.433 0.8000000119
36939  36.051  -45.948  -24.430 1.0000000000
37772  35.903  -45.250  -24.678 1.0000000000
118769  35.710  -45.497  -25.657 1.0000000000
37778  35.346  -44.683  -26.198 1.0000000000
36947  33.620  -46.070  -25.061 0.8999999762
35192  32.474  -47.169  -24.065 0.8000000119
36940  33.269  -45.577  -23.907 0.8999999762
36953  34.547  -45.352  -25.674 1.0000000000
37779  34.572  -44.427  -25.751 1.0000000000
115125  33.697  -45.230  -24.732 1.0000000000
112892  35.499  -43.096  -26.681 1.0000000000
38609  34.988  -43.857  -26.275 1.0000000000
114779  34.434  -42.873  -25.963 1.0000000000
39402  35.912  -42.343  -27.084 1.0000000000
39403  34.858  -42.197  -26.585 1.0000000000
122165  39.875  -44.757  -21.060 0.6999999881
36013  39.841  -46.352  -21.145 0.6000000238
36913  40.178  -43.349  -21.947 0.6999999881
34390  40.406  -49.103  -21.278 0.5000000000
38581  39.330  -42.607  -21.374 0.8000000119
117931  40.640  -50.043  -20.600 0.4000000060
126553  40.454  -42.620  -23.226 0.8000000119
37763  39.516  -42.930  -22.687 0.8000000119
36936  39.556  -43.423  -23.425 0.8000000119
36928  38.241  -44.418  -22.646 0.8000000119
36929  36.940  -45.278  -22.640 0.6999999881
36930  36.113  -45.199  -23.380 0.8999999762
37767  35.852  -44.515  -22.805 0.8000000119
119164  35.778  -44.590  -23.665 0.8999999762
38601  35.637  -43.824  -24.083 1.0000000000
37775  36.107  -44.716  -25.857 1.0000000000
123268  35.967  -44.616  -24.868 1.0000000000
39397  36.098  -43.210  -25.192 1.0000000000
40240  36.207  -42.151  -25.408 1.0000000000
107313  36.482  -43.064  -26.331 1.0000000000
114033  36.422  -42.831  -26.838 1.0000000000
38610  36.267  -43.073  -26.882 1.0000000000
37776  33.858  -44.527  -24.947 1.0000000000
37773  33.427  -44.746  -23.884 1.0000000000
39404  36.501  -42.305  -26.953 1.0000000000
38605  33.908  -43.561  -25.247 1.0000000000
113277  33.883  -41.990  -25.693 1.0000000000
40246  35.383  -41.519  -26.927 1.0000000000
40247  34.390  -41.411  -26.184 1.0000000000
122720  39.705  -44.526  -20.324 0.6999999881
115991  39.773  -43.127  -21.375 0.6999999881
112059  40.639  -46.470  -19.974 0.5000000000
36008  39.902  -45.911  -20.372 0.6999999881
36007  40.333  -47.103  -20.673 0.6000000238
35171  40.646  -48.405  -20.901 0.5000000000
36912  40.038  -42.626  -22.464 0.8000000119
38596  39.203  -42.691  -21.904 0.8000000119
37751  38.088  -43.488  -21.578 0.8000000119
37752  36.915  -44.216  -21.588 0.8000000119
37765  37.493  -44.427  -22.044 0.8000000119
37766  36.401  -44.757  -22.349 0.6999999881
115398  35.413  -43.170  -22.792 0.8999999762
39386  35.235  -42.744  -21.918 0.8000000119
41060  34.985  -41.345  -22.013 0.8000000119
122174  35.016  -40.564  -21.592 0.8000000119
40227  35.182  -42.138  -22.661 0.8000000119
127767  35.208  -40.699  -22.328 0.8000000119
39392  35.510  -42.718  -23.969 1.0000000000
108883  35.304  -41.126  -22.920 0.8999999762
110674  35.432  -40.079  -22.311 0.8000000119
113456  35.589  -41.624  -23.925 0.8999999762
41076  36.175  -41.133  -24.912 1.0000000000
38607  36.221  -43.753  -26.508 1.0000000000
113929  36.581  -41.173  -26.654 1.0000000000
41089  36.398  -41.102  -26.867 1.0000000000
39398  33.577  -42.572  -25.195 1.0000000000
41088  36.503  -40.297  -26.299 1.0000000000
41090  35.863  -40.952  -27.021 1.0000000000
41084  36.148  -40.297  -26.563 1.0000000000
41974  36.058  -39.376  -26.323 1.0000000000
121704  34.589  -40.272  -25.711 1.0000000000
36899  40.092  -45.485  -19.689 0.6999999881
37736  39.705  -44.363  -19.441 0.6999999881
37742  39.457  -43.080  -20.542 0.6999999881
36898  40.678  -45.797  -19.439 0.6000000238
38566  39.138  -42.528  -20.639 0.6999999881
38567  38.901  -42.414  -20.716 0.6999999881
35165  40.983  -47.687  -20.464 0.5000000000
38568  38.120  -42.674  -20.564 0.6999999881
38569  36.860  -43.250  -20.535 0.6999999881
38584  36.301  -43.757  -21.243 0.6999999881
38585  35.574  -43.423  -21.818 0.6999999881
41054  34.838  -41.350  -21.222 0.8000000119
41044  34.738  -40.830  -20.564 0.8000000119
123509  34.763  -40.089  -20.286 0.8000000119
41043  34.995  -39.942  -21.006 0.8000000119
41935  35.471  -39.136  -21.341 0.8000000119
41067  35.880  -40.559  -23.878 1.0000000000
108247  35.873  -39.798  -23.156 0.8999999762
41946  35.766  -39.357  -22.301 0.8000000119
41066  36.452  -39.602  -24.392 1.0000000000
41956  36.382  -38.898  -23.368 0.8000000119
40239  36.581  -41.146  -26.089 1.0000000000
41083  36.649  -40.231  -26.196 1.0000000000
41973  36.824  -39.301  -26.205 1.0000000000
40241  33.468  -41.361  -25.264 1.0000000000
39399  32.942  -41.831  -24.743 1.0000000000
41978  36.586  -39.310  -26.313 1.0000000000
41968  35.091  -39.548  -25.685 1.0000000000
41086  34.019  -40.893  -25.684 1.0000000000
42834  35.581  -38.705  -25.802 1.0000000000
37728  39.616  -43.784  -18.778 0.6999999881
39343  39.048  -42.858  -18.897 0.6000000238
38560  38.869  -42.421  -20.061 0.6000000238
39355  38.451  -42.280  -19.460 0.6000000238
39356  37.815  -42.218  -19.527 0.6999999881
110982  36.266  -42.831  -20.013 0.6999999881
39363  37.434  -42.653  -20.015 0.6999999881
39364  35.444  -42.645  -20.408 0.6999999881
40204  34.775  -41.409  -19.798 0.8000000119
39376  35.279  -42.757  -21.177 0.6999999881
40211  34.839  -41.735  -20.586 0.8000000119
124125  35.374  -38.767  -20.630 0.8000000119
42796  36.026  -38.564  -22.127 0.8000000119
43715  36.445  -37.969  -22.994 0.8000000119
41967  36.904  -39.410  -25.735 1.0000000000
42823  36.864  -38.734  -24.922 1.0000000000
42812  36.738  -38.158  -24.147 0.6999999881
43726  37.160  -37.880  -25.409 0.8999999762
42833  37.157  -38.514  -26.134 1.0000000000
113544  36.993  -38.098  -26.427 1.0000000000
43741  36.662  -37.383  -26.412 1.0000000000
40242  32.455  -41.213  -24.492 1.0000000000
42840  36.574  -38.413  -26.355 1.0000000000
41969  34.298  -39.926  -24.778 1.0000000000
41077  33.871  -40.530  -25.119 1.0000000000
110626  33.117  -40.966  -24.815 1.0000000000
41957  34.633  -39.089  -24.769 1.0000000000
38559  39.282  -43.050  -19.733 0.6999999881
108325  37.071  -42.150  -18.960 0.6000000238
39346  36.162  -41.860  -18.503 0.6999999881
126566  35.622  -42.450  -19.771 0.6999999881
39357  36.192  -42.354  -19.315 0.6999999881
40210  35.069  -42.107  -19.949 0.6999999881
40197  34.808  -41.203  -19.031 0.8000000119
41038  34.692  -40.538  -19.570 0.6999999881
41917  35.080  -38.946  -19.807 0.6999999881
43691  35.966  -37.546  -20.846 0.6999999881
43703  36.204  -37.726  -21.841 0.6999999881
43714  36.753  -37.244  -24.220 0.8000000119
43702  36.440  -37.081  -22.695 0.6999999881
43734  37.091  -37.650  -26.266 1.0000000000
127743  36.865  -36.983  -26.391 1.0000000000
117213  31.987  -40.930  -24.319 1.0000000000
43735  35.853  -37.720  -26.057 1.0000000000
41068  33.535  -40.401  -24.262 1.0000000000
115011  39.297  -42.962  -17.945 0.6000000238
126013  38.558  -42.386  -18.605 0.6000000238
39337  38.146  -42.144  -17.951 0.6000000238
40183  37.703  -41.694  -17.155 0.6000000238
39345  37.928  -42.071  -18.871 0.6000000238
40195  37.267  -41.888  -18.155 0.6000000238
40184  36.661  -41.454  -17.546 0.6000000238
40196  35.300  -41.556  -18.702 0.6000000238
41032  35.127  -40.560  -17.962 0.6999999881
41912  34.791  -39.700  -19.024 0.6999999881
107330  35.309  -38.168  -19.380 0.6999999881
109769  35.521  -38.180  -20.301 0.6999999881
44634  36.103  -36.788  -20.441 0.6999999881
44643  36.315  -36.783  -21.511 0.6999999881
49358  37.824  -30.152  -19.402 0.3000000119
44655  36.522  -36.310  -23.592 0.6999999881
128260  36.429  -36.316  -22.432 0.6999999881
50215  38.193  -29.416  -19.895 0.3000000119
39379  30.882  -42.282  -21.083 0.8999999762
108682  37.111  -37.057  -25.822 1.0000000000
40228  30.964  -41.531  -23.523 1.0000000000
40243  31.301  -40.914  -24.276 1.0000000000
40235  30.962  -41.110  -24.205 1.0000000000
44671  35.904  -36.710  -26.315 1.0000000000
112266  34.520  -37.723  -24.045 1.0000000000
42835  34.909  -38.163  -24.989 1.0000000000
41069  32.719  -40.715  -24.166 1.0000000000
42824  34.302  -38.620  -23.867 1.0000000000
39344  38.834  -42.541  -17.824 0.6000000238
39336  38.647  -42.121  -17.137 0.6000000238
40175  38.463  -41.561  -16.473 0.6000000238
113659  37.778  -41.271  -16.378 0.6000000238
41011  37.421  -40.716  -16.073 0.6000000238
118674  36.471  -40.066  -16.143 0.6999999881
41013  36.074  -40.256  -16.578 0.6999999881
41022  36.256  -40.910  -17.003 0.6000000238
41901  35.169  -39.807  -17.612 0.6999999881
124604  39.776  -36.480  -17.110 0.3000000119
44592  39.245  -36.437  -16.664 0.3000000119
41911  35.003  -39.259  -18.242 0.6999999881
42772  35.025  -38.856  -18.943 0.6999999881
43680  35.700  -37.463  -19.919 0.6999999881
49348  38.170  -30.626  -18.740 0.3000000119
48521  37.343  -31.095  -19.128 0.4000000060
49378  37.443  -29.726  -20.182 0.4000000060
39366  30.480  -42.608  -20.150 0.6999999881
40212  30.141  -41.683  -20.604 0.6999999881
51055  36.516  -27.917  -23.400 0.3000000119
40222  30.452  -41.545  -21.880 0.8999999762
51897  37.259  -27.599  -22.654 0.3000000119
50235  37.007  -29.324  -21.175 0.3000000119
44664  36.790  -36.274  -25.145 0.8000000119
40229  30.532  -41.415  -22.947 0.8999999762
50249  37.222  -28.425  -21.818 0.3000000119
44670  36.700  -36.375  -26.271 0.8000000119
44678  35.896  -35.801  -26.452 1.0000000000
41062  31.958  -40.517  -23.669 1.0000000000
43727  35.043  -37.143  -25.181 1.0000000000
41061  33.096  -40.320  -23.379 1.0000000000
125372  34.576  -37.133  -24.193 1.0000000000
41958  33.905  -39.611  -23.716 1.0000000000
42813  34.078  -38.193  -23.102 1.0000000000
42825  33.854  -38.997  -23.074 1.0000000000
43717  33.867  -37.901  -22.291 1.0000000000
41877  37.213  -39.413  -15.651 0.6999999881
42760  36.081  -39.070  -16.237 0.6999999881
43650  39.907  -37.706  -16.662 0.3000000119
43651  39.083  -37.271  -16.281 0.4000000060
42761  35.657  -38.593  -16.763 0.6999999881
117211  35.280  -38.940  -17.462 0.6999999881
122885  35.245  -38.290  -18.298 0.6999999881
45436  38.792  -35.737  -16.582 0.4000000060
43672  35.526  -37.414  -18.936 0.6999999881
46186  38.372  -35.172  -16.603 0.3000000119
45437  37.920  -35.704  -16.378 0.5000000000
44623  35.889  -36.714  -19.531 0.6999999881
45479  36.196  -36.056  -20.026 0.6999999881
46187  37.710  -34.945  -16.652 0.5000000000
46912  37.383  -32.885  -17.851 0.4000000060
46926  36.848  -33.395  -18.278 0.6000000238
47652  36.940  -32.660  -18.697 0.5000000000
44633  36.294  -36.041  -20.862 0.6999999881
48507  37.831  -31.464  -18.347 0.3000000119
44642  36.403  -35.825  -21.762 0.6999999881
50282  35.539  -28.543  -24.879 0.4000000060
48541  36.786  -31.419  -20.093 0.4000000060
117460  36.391  -35.481  -22.965 0.6999999881
40213  29.410  -40.975  -20.571 0.6999999881
116941  35.559  -27.581  -24.881 0.4000000060
122224  37.202  -30.534  -19.844 0.4000000060
121138  29.841  -42.258  -19.866 0.6000000238
51054  36.058  -27.221  -24.467 0.3000000119
124600  36.132  -28.408  -23.926 0.3000000119
49379  36.767  -30.462  -20.778 0.4000000060
48552  36.554  -31.417  -20.956 0.4000000060
45508  36.544  -35.465  -24.555 0.6999999881
45500  36.435  -34.677  -24.046 0.6999999881
50265  36.236  -29.313  -23.422 0.4000000060
49396  36.535  -29.915  -22.025 0.4000000060
48564  36.440  -31.099  -21.897 0.4000000060
45513  36.528  -35.533  -26.008 0.8000000119
50250  36.604  -28.870  -22.507 0.3000000119
46261  36.125  -34.872  -26.404 0.8000000119
41078  30.957  -40.459  -24.138 1.0000000000
45521  35.866  -34.993  -26.447 0.8999999762
44672  35.202  -36.109  -25.595 1.0000000000
41947  33.363  -39.661  -22.690 1.0000000000
43716  34.268  -37.197  -23.334 1.0000000000
44665  34.574  -36.529  -24.384 1.0000000000
42814  33.613  -38.864  -22.328 1.0000000000
41936  32.925  -39.509  -21.743 1.0000000000
42797  33.371  -38.625  -21.515 1.0000000000
42798  32.853  -39.063  -21.027 1.0000000000
40996  37.751  -40.048  -15.694 0.6000000238
121632  38.110  -38.487  -15.624 0.6000000238
43638  36.918  -38.000  -15.785 0.6000000238
119339  36.204  -38.239  -16.226 0.6999999881
42759  38.559  -37.967  -15.816 0.5000000000
43637  37.748  -37.890  -15.694 0.6000000238
120871  35.772  -37.638  -16.862 0.6999999881
44593  38.496  -36.454  -16.291 0.5000000000
44594  37.644  -36.486  -16.162 0.4000000060
111804  35.457  -38.159  -17.397 0.6999999881
43663  35.572  -37.364  -17.815 0.6999999881
123933  37.227  -35.970  -16.398 0.6000000238
113021  35.888  -36.483  -17.559 0.6999999881
45438  37.162  -35.401  -16.607 0.6000000238
44611  35.783  -36.609  -18.550 0.6999999881
46194  37.502  -34.203  -17.016 0.6000000238
46195  36.757  -34.538  -17.413 0.6000000238
45470  36.076  -35.940  -19.155 0.6999999881
45478  36.311  -35.471  -20.415 0.6999999881
46913  37.028  -33.745  -17.642 0.5000000000
46934  36.590  -33.545  -19.027 0.6000000238
46219  36.378  -34.427  -19.360 0.6000000238
45487  36.371  -35.248  -21.108 0.6000000238
50293  34.581  -28.870  -25.611 0.4000000060
48522  36.874  -32.024  -19.364 0.4000000060
47668  36.613  -32.879  -19.619 0.4000000060
122427  36.441  -33.732  -19.959 0.5000000000
50283  34.861  -28.591  -25.579 0.4000000060
114210  36.593  -32.293  -20.072 0.5000000000
108730  36.384  -34.991  -22.010 0.6999999881
49426  35.439  -29.497  -25.051 0.5000000000
112057  36.491  -32.119  -20.752 0.4000000060
115764  36.444  -31.886  -21.436 0.4000000060
40223  29.835  -40.954  -21.582 0.8999999762
45514  36.383  -34.688  -25.579 0.6999999881
49411  36.300  -30.371  -23.063 0.4000000060
126515  29.975  -40.399  -24.025 0.8999999762
45515  35.245  -35.178  -25.942 0.8999999762
122391  30.346  -39.963  -24.143 0.8999999762
41948  32.556  -40.120  -22.555 1.0000000000
45509  34.487  -35.531  -24.650 1.0000000000
41949  31.588  -40.040  -22.832 1.0000000000
44645  34.003  -36.917  -22.290 1.0000000000
43681  32.844  -37.332  -19.608 0.8999999762
109057  33.398  -36.879  -20.175 1.0000000000
43704  33.617  -37.680  -21.379 1.0000000000
41924  32.291  -38.902  -20.481 1.0000000000
41937  32.394  -39.392  -21.165 1.0000000000
43692  33.282  -37.562  -20.428 1.0000000000
43693  32.572  -38.128  -19.944 1.0000000000
42778  31.827  -38.397  -19.770 0.8999999762
43682  32.127  -37.737  -19.272 1.0000000000
43683  31.471  -37.891  -19.363 0.8999999762
43653  37.264  -37.216  -15.952 0.6000000238
43654  36.439  -37.387  -16.279 0.6999999881
44596  36.045  -36.829  -16.818 0.6999999881
44602  36.277  -36.090  -16.958 0.6999999881
45457  36.044  -35.823  -18.233 0.6999999881
45447  36.568  -35.329  -17.081 0.6000000238
45456  36.331  -35.109  -17.864 0.6000000238
45469  36.259  -35.133  -18.777 0.6999999881
119462  36.277  -35.290  -19.698 0.6000000238
118913  36.373  -34.649  -20.379 0.6000000238
51072  34.299  -28.070  -25.091 0.3000000119
46204  36.540  -34.245  -18.312 0.6000000238
46228  36.407  -34.423  -21.346 0.6000000238
50284  33.997  -28.762  -25.234 0.4000000060
50267  34.039  -28.816  -24.288 0.4000000060
47682  36.453  -33.010  -20.605 0.6000000238
126855  36.422  -33.874  -20.776 0.6000000238
46947  36.397  -33.483  -21.634 0.5000000000
47691  36.412  -32.584  -21.468 0.4000000060
46234  36.382  -34.177  -22.318 0.6000000238
49429  34.981  -29.502  -25.607 0.5000000000
48565  36.273  -31.359  -23.160 0.4000000060
47708  36.362  -32.050  -22.239 0.4000000060
46246  36.367  -33.976  -23.512 0.6000000238
48577  35.406  -30.497  -25.153 0.5000000000
46253  36.222  -33.793  -25.093 0.6000000238
49412  35.902  -30.520  -24.136 0.4000000060
40230  29.996  -40.943  -22.845 0.8999999762
113251  35.254  -34.385  -26.147 0.8999999762
125925  35.812  -34.379  -26.351 0.8000000119
41071  29.747  -39.984  -24.063 0.8999999762
41079  29.985  -39.788  -24.167 0.8999999762
41950  30.566  -39.413  -23.430 0.8999999762
41959  30.832  -39.940  -23.938 0.8999999762
44656  34.197  -36.217  -23.367 1.0000000000
44635  33.767  -36.693  -21.167 1.0000000000
124442  32.112  -39.874  -21.750 1.0000000000
41938  31.706  -39.408  -21.078 0.8999999762
43673  31.514  -37.176  -18.818 1.0000000000
113048  30.693  -37.606  -19.426 1.0000000000
42779  30.993  -38.321  -19.866 0.8999999762
44614  31.215  -36.298  -18.446 1.0000000000
44626  30.501  -36.767  -18.982 0.8999999762
45448  36.197  -35.757  -17.521 0.6999999881
51046  34.749  -27.704  -23.182 0.3000000119
50266  34.391  -28.208  -23.839 0.3000000119
49413  34.103  -29.797  -23.242 0.3000000119
49430  34.023  -29.740  -25.256 0.5000000000
49427  33.872  -29.640  -24.522 0.4000000060
46962  36.371  -32.795  -22.280 0.5000000000
46963  36.349  -33.345  -22.841 0.5000000000
49431  34.523  -29.619  -25.571 0.5000000000
47709  36.281  -32.367  -23.407 0.5000000000
48580  34.949  -30.536  -25.625 0.5000000000
118793  35.896  -31.454  -24.392 0.5000000000
46262  36.013  -34.101  -26.219 0.6999999881
48582  34.890  -31.691  -25.814 0.5000000000
107364  35.372  -31.509  -25.383 0.5000000000
46269  35.344  -33.676  -26.164 0.6000000238
110267  34.545  -34.629  -25.311 0.8999999762
45501  34.121  -35.353  -23.304 0.8999999762
44624  33.261  -36.447  -19.463 0.8999999762
45481  33.676  -36.252  -20.415 0.8999999762
44644  33.980  -35.980  -22.283 0.8999999762
42799  30.839  -38.997  -21.289 0.8999999762
41939  31.218  -39.493  -22.110 0.8999999762
42786  31.365  -38.876  -20.403 0.8999999762
44625  32.418  -36.922  -18.916 0.8000000119
44613  32.012  -36.354  -18.403 0.6999999881
127934  30.635  -38.565  -20.598 0.8999999762
43694  30.085  -37.959  -20.368 0.8999999762
111428  34.264  -29.053  -23.036 0.3000000119
50237  34.456  -29.819  -21.859 0.4000000060
50236  34.905  -29.295  -20.986 0.3000000119
48566  33.932  -30.643  -23.626 0.4000000060
48581  33.999  -30.936  -25.108 0.5000000000
116035  33.841  -31.363  -24.215 0.4000000060
47723  35.924  -32.314  -24.827 0.5000000000
46973  36.223  -33.123  -24.175 0.5000000000
128321  34.405  -31.553  -25.448 0.5000000000
124174  35.936  -32.992  -25.255 0.5000000000
47728  35.420  -32.477  -25.670 0.5000000000
46980  35.618  -33.346  -25.873 0.5000000000
47729  34.539  -32.400  -25.692 0.5000000000
47732  35.093  -32.777  -26.072 0.5000000000
46974  34.196  -32.998  -25.299 0.6000000238
46263  34.523  -33.775  -25.587 0.6000000238
106930  34.020  -33.764  -23.867 0.6999999881
46254  34.194  -34.162  -24.496 0.6999999881
46247  34.011  -34.462  -23.098 0.6999999881
121352  33.976  -35.217  -22.320 0.8000000119
106403  34.234  -34.819  -24.179 0.8000000119
42800  30.207  -38.700  -22.679 0.8999999762
45488  33.867  -35.623  -21.243 0.8999999762
44612  32.772  -36.086  -18.620 0.6999999881
43705  29.632  -37.794  -21.336 0.8999999762
43684  29.848  -37.060  -19.848 0.8999999762
44615  30.401  -35.885  -18.757 1.0000000000
123543  35.114  -29.682  -20.019 0.3000000119
49380  34.760  -30.149  -20.527 0.4000000060
49359  35.061  -30.289  -19.482 0.3000000119
49397  34.179  -30.764  -22.305 0.4000000060
49360  34.724  -30.932  -19.936 0.3000000119
47710  33.978  -31.719  -22.823 0.4000000060
49381  34.476  -30.830  -21.062 0.4000000060
47724  33.983  -32.088  -24.945 0.4000000060
48553  34.243  -31.625  -21.498 0.4000000060
123017  33.843  -32.218  -23.796 0.4000000060
46964  33.904  -33.016  -24.097 0.5000000000
108340  33.952  -34.051  -22.075 0.6000000238
46235  33.936  -34.732  -21.719 0.8000000119
116811  33.751  -35.627  -20.045 0.6999999881
44636  29.218  -36.263  -20.613 0.8999999762
45473  29.850  -35.254  -19.298 0.8999999762
46223  29.514  -34.490  -19.848 0.8000000119
45482  29.328  -35.341  -20.123 0.8000000119
46936  29.803  -33.597  -19.566 0.6999999881
114130  29.482  -33.100  -20.328 0.8000000119
50216  35.414  -29.558  -19.098 0.3000000119
48523  34.953  -30.995  -18.879 0.4000000060
48542  34.521  -31.629  -20.412 0.4000000060
48524  34.724  -31.702  -19.332 0.4000000060
47669  34.514  -32.398  -19.852 0.5000000000
47692  34.106  -32.473  -21.713 0.5000000000
46941  34.244  -33.088  -20.598 0.5000000000
46935  34.386  -33.186  -19.273 0.5000000000
46948  34.023  -33.347  -21.824 0.5000000000
46220  34.222  -33.845  -19.796 0.5000000000
109420  34.101  -34.120  -20.899 0.5000000000
45480  33.898  -34.961  -20.695 0.6999999881
46221  33.923  -34.778  -19.517 0.6999999881
45458  33.141  -35.387  -18.350 0.6999999881
45459  32.434  -35.529  -18.054 0.6999999881
110956  31.731  -35.796  -18.112 0.6999999881
46198  31.923  -34.354  -17.624 0.6999999881
46209  30.592  -34.738  -18.454 0.8000000119
116142  30.536  -33.939  -18.524 0.6999999881
50207  35.396  -29.685  -18.178 0.3000000119
122873  35.075  -30.145  -17.640 0.4000000060
49349  35.202  -30.292  -18.499 0.3000000119
48495  34.916  -30.912  -17.911 0.4000000060
48509  34.742  -31.696  -18.256 0.4000000060
47653  34.568  -32.464  -18.710 0.4000000060
47637  34.316  -32.396  -17.681 0.3000000119
112600  34.288  -33.227  -18.212 0.5000000000
46205  34.179  -33.990  -18.737 0.6000000238
46914  33.952  -33.154  -17.634 0.3000000119
46927  33.879  -33.880  -17.901 0.5000000000
46915  33.391  -33.520  -17.478 0.4000000060
46206  33.593  -34.692  -18.318 0.6000000238
127303  33.568  -35.164  -18.749 0.6999999881
45471  33.461  -35.631  -19.060 0.6999999881
46207  33.013  -35.003  -17.891 0.6999999881
46197  32.529  -34.752  -17.711 0.6000000238
49340  34.554  -30.642  -17.211 0.3000000119
48496  34.439  -31.464  -17.441 0.3000000119
48497  34.026  -31.867  -17.107 0.3000000119
48489  34.065  -31.147  -16.890 0.3000000119
47625  33.431  -31.625  -16.796 0.3000000119
49337  32.854  -31.065  -16.638 0.3000000119
47638  33.582  -32.562  -17.194 0.3000000119
47639  32.873  -32.178  -16.889 0.4000000060
46196  33.209  -34.343  -17.703 0.5000000000
108691  32.792  -33.051  -17.189 0.5000000000
115525  32.163  -32.466  -17.233 0.5000000000
46916  32.654  -33.947  -17.463 0.6000000238
46917  31.893  -33.417  -17.486 0.6000000238
50985  35.115  -28.072  -16.787 0.4000000060
50996  34.862  -28.926  -16.869 0.3000000119
50200  34.699  -29.806  -16.990 0.3000000119
50195  34.092  -29.365  -16.565 0.3000000119
49335  34.121  -30.314  -16.728 0.3000000119
119708  33.571  -30.024  -16.536 0.3000000119
49336  33.515  -30.752  -16.629 0.3000000119
119484  32.943  -30.221  -16.544 0.3000000119
49341  32.186  -30.469  -16.965 0.3000000119
48498  32.321  -31.549  -16.977 0.4000000060
118467  31.677  -31.066  -17.434 0.4000000060
48510  31.543  -31.813  -17.565 0.4000000060
47654  31.324  -32.593  -17.778 0.6000000238
47670  29.877  -32.557  -19.862 0.6999999881
46942  29.268  -33.771  -20.428 0.8000000119
51832  34.638  -27.527  -16.479 0.4000000060
50986  34.409  -28.388  -16.528 0.3000000119
50987  33.593  -28.590  -16.427 0.3000000119
50988  32.822  -28.672  -16.618 0.3000000119
50201  32.528  -29.506  -16.783 0.3000000119
50202  31.867  -29.490  -17.430 0.4000000060
49342  31.429  -30.262  -17.966 0.4000000060
117217  31.070  -29.835  -18.778 0.4000000060
114427  31.112  -31.147  -18.200 0.4000000060
48511  30.876  -31.935  -18.339 0.5000000000
49350  30.857  -30.510  -18.859 0.4000000060
127171  30.728  -32.581  -18.439 0.6000000238
48525  30.546  -31.326  -19.133 0.4000000060
116194  30.153  -31.802  -19.779 0.4000000060
48543  30.158  -31.131  -20.053 0.4000000060
114306  29.811  -30.844  -20.985 0.5000000000
47683  29.736  -31.814  -20.603 0.6000000238
47684  29.468  -32.547  -20.639 0.6999999881
47693  29.205  -32.237  -21.237 0.6999999881
52671  34.682  -26.707  -16.359 0.3000000119
117531  33.503  -27.118  -16.372 0.3000000119
51834  33.147  -27.875  -16.465 0.3000000119
51846  32.459  -27.928  -16.922 0.3000000119
50997  32.208  -28.714  -17.132 0.3000000119
50998  31.694  -28.639  -17.895 0.4000000060
50208  31.395  -29.327  -18.341 0.3000000119
51006  31.308  -28.550  -18.748 0.3000000119
50217  30.988  -29.202  -19.115 0.3000000119
51018  30.932  -28.490  -19.457 0.3000000119
49362  30.494  -30.644  -19.559 0.4000000060
49361  30.671  -29.915  -19.509 0.3000000119
50218  30.632  -29.141  -19.821 0.3000000119
126930  30.411  -29.708  -20.194 0.3000000119
50238  30.323  -29.148  -20.581 0.3000000119
49382  30.106  -29.921  -20.875 0.3000000119
50252  29.913  -29.234  -21.423 0.4000000060
48554  29.400  -31.543  -21.383 0.5000000000
48555  28.822  -31.774  -21.878 0.5000000000
52672  33.896  -26.489  -16.236 0.3000000119
52673  33.087  -26.346  -16.465 0.3000000119
117323  32.732  -27.114  -16.712 0.3000000119
51847  31.965  -28.029  -17.529 0.3000000119
51869  31.309  -27.215  -19.255 0.3000000119
51870  30.934  -27.751  -19.771 0.3000000119
51019  30.596  -28.419  -20.193 0.3000000119
51035  30.236  -28.431  -21.027 0.3000000119
49398  29.666  -30.117  -21.713 0.4000000060
48567  29.316  -30.959  -21.888 0.5000000000
49414  29.167  -30.257  -22.437 0.5000000000
48568  28.653  -31.011  -22.420 0.5000000000
53457  33.547  -25.698  -16.218 0.3000000119
53458  32.762  -25.404  -16.604 0.3000000119
52688  32.417  -26.256  -17.042 0.3000000119
52689  32.055  -27.132  -17.539 0.3000000119
51857  31.582  -27.740  -18.396 0.3000000119
117726  31.218  -27.937  -19.142 0.3000000119
51884  31.007  -26.946  -20.024 0.3000000119
51885  30.578  -27.578  -20.626 0.3000000119
50253  29.452  -29.335  -22.357 0.4000000060
50268  28.953  -29.611  -22.901 0.4000000060
50285  28.770  -29.018  -23.236 0.4000000060
49415  28.485  -30.279  -22.810 0.5000000000
50286  28.338  -29.614  -23.106 0.4000000060
54292  34.547  -24.490  -15.943 0.3000000119
111754  34.086  -25.143  -15.962 0.3000000119
53484  32.235  -25.391  -17.442 0.3000000119
52702  31.918  -26.118  -17.946 0.3000000119
111568  31.626  -26.725  -18.578 0.3000000119
52726  31.016  -26.166  -20.352 0.3000000119
51899  30.362  -26.983  -21.409 0.3000000119
112089  30.178  -27.780  -21.412 0.3000000119
125587  29.770  -28.399  -21.975 0.4000000060
51057  29.421  -28.605  -22.750 0.3000000119
54293  33.349  -24.089  -16.040 0.3000000119
124866  32.417  -24.761  -17.008 0.3000000119
53501  31.854  -25.294  -18.395 0.3000000119
54331  31.748  -24.530  -18.933 0.3000000119
53502  31.572  -25.334  -19.261 0.3000000119
52715  31.378  -26.246  -19.490 0.3000000119
54340  31.502  -24.591  -19.799 0.3000000119
115751  30.733  -26.767  -20.682 0.3000000119
55174  32.819  -23.596  -16.403 0.3000000119
56131  32.416  -23.058  -17.153 0.3000000119
55220  32.200  -23.653  -17.825 0.3000000119
53510  31.273  -25.406  -20.062 0.3000000119
53520  30.916  -25.470  -20.810 0.3000000119
52727  30.672  -26.191  -21.100 0.3000000119
56111  32.849  -22.720  -16.334 0.3000000119
110620  32.541  -22.161  -16.846 0.3000000119
55221  31.929  -23.727  -18.612 0.3000000119
111747  32.134  -22.971  -18.199 0.4000000060
55235  31.691  -23.776  -19.488 0.3000000119
55245  31.466  -23.837  -20.302 0.3000000119
56152  31.892  -22.965  -19.127 0.4000000060
56151  32.047  -22.124  -18.596 0.4000000060
115753  31.638  -23.036  -19.985 0.4000000060
116637  32.279  -22.257  -17.660 0.3000000119
57063  31.917  -21.479  -19.098 0.4000000060
36952  35.345  -45.373  -26.066 1.0000000000
38608  35.868  -43.933  -26.595 1.0000000000
36055  34.404  -46.143  -25.645 0.8999999762
45461  31.039  -35.429  -18.227 0.6999999881
46222  30.054  -34.512  -19.055 0.8000000119
46929  30.329  -32.996  -18.936 0.6999999881
30043  36.789  -53.387  -23.434 0.6000000238
30042  37.382  -53.598  -23.853 0.6000000238
31804  39.207  -51.205  -25.183 0.6000000238
28181  34.496  -55.691  -20.178 0.5000000000
28171  34.036  -55.505  -19.530 0.5000000000
124196  36.829  -50.490  -22.451 0.5000000000
31777  33.717  -51.795  -20.203 0.4000000060
31788  34.547  -51.610  -21.314 0.5000000000
113454  33.461  -53.094  -19.339 0.4000000060
34422  39.427  -48.138  -26.237 0.8999999762
32677  35.147  -50.382  -21.019 0.5000000000
33579  34.728  -49.818  -19.994 0.5000000000
36942  41.886  -43.776  -25.278 0.8000000119
30015  33.322  -53.875  -18.766 0.4000000060
36949  41.596  -44.839  -26.261 0.8000000119
36047  33.051  -46.966  -24.864 0.8000000119
37771  40.393  -42.681  -23.456 0.8000000119
36951  35.228  -45.895  -25.913 1.0000000000
38604  36.228  -43.974  -25.710 1.0000000000
37777  35.880  -44.695  -26.272 1.0000000000
41085  34.978  -40.768  -26.557 1.0000000000
39377  34.958  -42.095  -21.441 0.8000000119
42784  35.770  -38.309  -21.168 0.8000000119
41075  36.491  -40.306  -25.275 1.0000000000
41033  34.809  -40.549  -18.678 0.6999999881
44677  36.441  -36.458  -26.422 1.0000000000
45520  36.275  -35.688  -26.540 1.0000000000
40176  37.061  -41.163  -16.704 0.6000000238
40185  35.665  -41.200  -17.852 0.6999999881
46911  38.302  -32.896  -17.468 0.4000000060
39388  31.094  -42.065  -22.390 1.0000000000
41070  30.372  -40.385  -24.110 1.0000000000
48508  37.250  -31.865  -18.720 0.4000000060
117632  38.349  -33.763  -17.102 0.4000000060
47651  37.437  -32.180  -18.238 0.5000000000
122684  37.670  -33.463  -17.347 0.5000000000
49425  35.923  -29.664  -24.102 0.4000000060
42785  33.062  -38.396  -20.705 1.0000000000
44627  29.785  -36.133  -19.513 0.8000000119
108275  34.470  -30.630  -25.485 0.5000000000
46981  34.689  -33.109  -25.924 0.5000000000
125018  34.109  -33.552  -24.720 0.6000000238
110544  33.912  -32.744  -22.829 0.5000000000
118588  34.335  -32.252  -20.817 0.5000000000
46208  31.186  -34.626  -17.976 0.6999999881
118486  31.292  -33.940  -17.857 0.6999999881
47655  30.406  -32.190  -19.107 0.6000000238
31823  40.053  -51.885  -27.454 0.5000000000
32731  39.216  -51.112  -27.268 0.5000000000
32725  38.544  -50.577  -26.775 0.5000000000
29174  40.194  -54.190  -27.217 0.5000000000
30945  39.438  -52.463  -27.329 0.5000000000
30055  41.207  -53.586  -26.853 0.5000000000
119349  41.025  -52.351  -27.322 0.5000000000
30944  40.420  -52.776  -27.390 0.5000000000
29167  41.124  -54.327  -26.332 0.5000000000
116031  40.916  -54.489  -25.769 0.4000000060
116079  41.551  -52.335  -26.827 0.5000000000
29158  39.687  -54.557  -25.167 0.4000000060
30046  40.976  -53.774  -26.118 0.5000000000
29159  38.626  -54.182  -24.636 0.5000000000
30927  40.213  -52.762  -25.903 0.5000000000
36020  31.005  -46.284  -21.103 0.6999999881
36021  30.085  -46.594  -21.118 0.6999999881
36032  32.302  -45.976  -22.002 0.8000000119
36941  32.754  -46.002  -22.963 0.8000000119
36039  32.009  -46.641  -22.618 0.8000000119
36931  33.117  -45.116  -22.987 0.8999999762
108704  30.449  -45.848  -20.585 0.6999999881
36932  32.720  -45.405  -22.313 0.8999999762
36914  32.380  -45.173  -21.624 0.8999999762
38602  33.378  -43.873  -24.057 0.8999999762
37743  31.204  -44.093  -20.170 0.6000000238
37755  31.772  -44.821  -20.803 0.8000000119
37768  32.763  -44.680  -22.290 0.8999999762
37774  33.066  -44.280  -23.104 0.8999999762
40182  40.951  -41.873  -16.936 0.5000000000
38545  39.988  -43.212  -17.674 0.5000000000
39335  39.512  -42.547  -17.204 0.5000000000
38550  40.156  -43.886  -18.148 0.6000000238
38551  39.608  -43.413  -18.203 0.5000000000
37727  40.213  -44.495  -18.687 0.6000000238
38572  30.515  -43.504  -19.904 0.6000000238
38587  31.785  -43.735  -20.975 0.8999999762
37754  32.338  -44.255  -21.600 0.8999999762
38598  32.619  -43.856  -22.450 0.8999999762
38603  32.745  -43.433  -23.349 0.8999999762
38606  32.983  -42.819  -24.326 0.8999999762
40174  39.819  -41.229  -16.281 0.5000000000
41010  38.358  -40.801  -15.900 0.5000000000
39329  39.267  -41.840  -16.581 0.5000000000
40173  40.604  -41.211  -16.566 0.5000000000
39328  40.113  -41.968  -16.687 0.5000000000
39378  31.504  -42.871  -21.527 0.8999999762
38571  31.155  -43.150  -20.503 0.6999999881
38586  32.090  -43.413  -21.937 0.8999999762
127807  32.252  -43.190  -22.761 0.8999999762
39393  32.131  -42.556  -23.518 0.8999999762
126988  32.271  -42.009  -24.210 0.8999999762
117342  39.433  -40.388  -15.930 0.5000000000
41009  40.338  -40.460  -16.294 0.5000000000
41008  40.969  -40.524  -16.653 0.5000000000
39387  31.728  -42.721  -22.576 0.8999999762
126844  31.482  -42.117  -23.233 0.8999999762
39400  31.906  -41.381  -24.262 0.8999999762
40995  38.638  -39.774  -15.696 0.5000000000
41889  39.482  -39.267  -15.871 0.5000000000
42744  38.723  -38.813  -15.703 0.5000000000
41888  40.135  -39.694  -16.128 0.5000000000
42758  39.368  -38.275  -16.079 0.4000000060
121229  29.264  -40.457  -21.397 0.6000000238
41045  28.752  -40.388  -20.681 0.6000000238
41063  29.384  -40.392  -22.616 0.8000000119
41055  28.745  -39.800  -21.964 0.6999999881
41940  28.076  -39.172  -21.641 0.6999999881
42802  27.927  -38.558  -22.228 0.6999999881
42803  27.279  -38.222  -21.605 0.6999999881
41951  29.128  -39.674  -23.470 0.8000000119
41952  28.461  -39.060  -22.841 0.6999999881
42817  28.442  -38.380  -22.973 0.6999999881
42818  27.841  -37.872  -22.400 0.6999999881
43719  28.416  -37.758  -22.775 0.6999999881
43720  27.769  -37.161  -22.366 0.6999999881
42826  29.186  -38.566  -23.650 0.8000000119
43718  28.933  -37.897  -23.110 0.8000000119
41961  29.543  -39.284  -23.908 0.8000000119
113942  28.126  -37.081  -22.546 0.6999999881
109004  28.467  -37.410  -22.600 0.6999999881
44657  28.838  -37.300  -22.395 0.8000000119
42815  29.789  -38.879  -23.753 0.8000000119
44646  28.923  -36.733  -21.640 0.8000000119
124378  28.556  -35.996  -21.485 0.6000000238
112911  30.104  -38.366  -21.396 0.8000000119
42801  29.446  -37.915  -22.418 0.8000000119
45489  28.216  -35.245  -21.501 0.6000000238
46237  27.897  -34.520  -21.527 0.6000000238
118950  28.803  -35.334  -20.941 0.6000000238
46236  28.478  -34.592  -21.174 0.6000000238
43695  29.449  -37.219  -20.891 0.8000000119
124440  28.225  -34.017  -21.305 0.6000000238
46229  29.018  -34.558  -20.616 0.6000000238
46949  29.030  -33.067  -20.973 0.6999999881
47694  28.597  -32.587  -21.512 0.6000000238
116127  28.709  -33.881  -20.972 0.6000000238
118850  38.155  -55.243  -23.947 0.4000000060
119602  39.257  -52.912  -25.397 0.5000000000
30938  41.399  -52.795  -26.825 0.5000000000
30943  41.288  -52.938  -27.172 0.5000000000
42757  40.252  -38.741  -16.435 0.3000000119
29173  41.018  -54.138  -27.000 0.5000000000
123620  41.234  -54.302  -26.081 0.5000000000
36915  31.799  -45.786  -21.240 0.8000000119
39334  40.484  -42.659  -17.203 0.5000000000
41962  28.881  -38.836  -23.570 0.8000000119
42827  28.812  -38.290  -23.328 0.6999999881
42816  29.437  -38.369  -23.291 0.8000000119
44658  28.322  -36.684  -22.168 0.6999999881
34389  40.806  -49.686  -20.838 0.4000000060
34388  41.575  -49.646  -20.567 0.4000000060
35169  41.684  -48.472  -20.444 0.4000000060
108390  41.186  -46.208  -19.531 0.5000000000
109018  42.481  -48.142  -20.226 0.4000000060
36886  41.226  -45.552  -19.014 0.5000000000
121574  40.816  -44.913  -18.691 0.5000000000
36897  41.915  -46.225  -19.376 0.5000000000
36896  42.849  -46.101  -19.335 0.4000000060
36006  41.595  -47.151  -19.932 0.4000000060
35164  43.285  -47.886  -20.206 0.4000000060
36005  42.623  -47.049  -19.766 0.4000000060
118690  40.866  -44.300  -18.315 0.5000000000
36895  43.561  -45.839  -19.492 0.4000000060
37741  45.090  -45.187  -20.633 0.4000000060
122929  44.528  -45.332  -20.124 0.4000000060
36004  43.691  -46.945  -19.932 0.4000000060
36903  45.633  -46.132  -21.301 0.4000000060
36904  44.972  -46.185  -20.617 0.4000000060
37726  41.537  -44.818  -18.541 0.5000000000
36885  42.198  -45.429  -18.867 0.4000000060
41944  45.863  -40.116  -23.009 0.3000000119
36884  43.108  -45.210  -18.988 0.4000000060
41058  46.435  -41.037  -23.246 0.3000000119
37735  43.903  -45.017  -19.515 0.4000000060
40225  46.488  -41.857  -23.060 0.3000000119
39385  46.097  -42.256  -22.428 0.3000000119
39375  45.914  -43.005  -21.848 0.3000000119
38564  45.696  -43.868  -21.348 0.3000000119
113241  45.187  -44.326  -20.696 0.4000000060
36894  44.253  -46.097  -19.975 0.4000000060
39384  46.752  -43.310  -22.751 0.3000000119
38580  46.444  -43.884  -22.228 0.3000000119
37740  45.713  -45.041  -21.367 0.4000000060
38543  41.938  -43.274  -17.877 0.4000000060
108389  42.353  -43.737  -18.262 0.4000000060
37724  43.367  -44.311  -18.961 0.4000000060
37725  42.490  -44.474  -18.549 0.4000000060
124087  45.433  -39.453  -22.843 0.3000000119
127279  44.860  -40.117  -21.452 0.3000000119
41059  45.666  -40.760  -22.431 0.3000000119
40221  45.536  -41.463  -21.989 0.3000000119
112736  45.078  -42.064  -20.902 0.3000000119
39362  44.660  -42.442  -20.348 0.4000000060
38565  44.849  -43.427  -20.447 0.4000000060
37734  44.527  -44.375  -20.055 0.4000000060
40226  45.990  -41.462  -22.594 0.3000000119
108450  45.477  -42.156  -21.555 0.3000000119
39361  45.300  -42.791  -21.023 0.3000000119
38544  40.922  -43.477  -17.747 0.4000000060
41036  43.830  -40.344  -19.956 0.3000000119
117581  43.775  -41.094  -19.598 0.3000000119
40203  43.679  -41.871  -19.303 0.4000000060
40193  43.302  -41.213  -18.878 0.4000000060
111661  43.154  -42.043  -18.642 0.4000000060
38548  42.581  -43.207  -18.244 0.4000000060
41053  44.454  -39.870  -20.949 0.3000000119
41042  44.245  -40.305  -20.487 0.3000000119
119622  44.245  -40.950  -20.242 0.3000000119
40202  44.237  -41.742  -19.909 0.4000000060
39354  43.514  -42.542  -19.087 0.4000000060
38547  42.968  -43.674  -18.553 0.4000000060
41041  44.683  -40.691  -20.948 0.3000000119
40209  44.678  -41.549  -20.597 0.3000000119
39353  44.092  -42.609  -19.630 0.4000000060
113322  43.594  -43.360  -19.159 0.4000000060
40208  45.118  -41.431  -21.256 0.3000000119
124561  44.476  -42.962  -20.024 0.4000000060
111911  43.934  -44.086  -19.467 0.4000000060
41021  41.580  -40.231  -17.106 0.4000000060
41020  42.007  -40.993  -17.394 0.4000000060
40181  41.590  -41.651  -17.214 0.4000000060
39333  41.502  -42.487  -17.440 0.4000000060
41030  42.894  -40.528  -18.537 0.3000000119
41031  42.388  -40.488  -17.904 0.4000000060
40194  42.460  -42.440  -18.022 0.4000000060
41037  43.392  -40.418  -19.245 0.4000000060
112397  42.632  -41.353  -18.119 0.4000000060
44659  27.786  -36.534  -22.164 0.6000000238
44660  27.149  -36.593  -21.891 0.6000000238
45502  27.946  -35.893  -21.856 0.5000000000
114493  27.768  -33.728  -21.512 0.5000000000
47695  27.933  -32.907  -21.647 0.5000000000
121126  28.194  -32.250  -21.868 0.5000000000
55259  30.750  -23.894  -21.794 0.3000000119
55270  30.652  -23.229  -22.414 0.3000000119
54375  30.389  -24.068  -22.626 0.3000000119
55258  31.162  -23.831  -21.062 0.3000000119
56183  31.019  -23.091  -21.546 0.3000000119
56199  30.589  -22.524  -23.146 0.3000000119
55280  30.334  -23.451  -23.273 0.3000000119
56208  30.362  -22.112  -23.930 0.3000000119
56166  31.751  -22.125  -19.674 0.3000000119
114036  31.388  -23.073  -20.758 0.3000000119
56175  31.337  -22.191  -21.240 0.3000000119
56182  30.914  -22.362  -22.182 0.3000000119
56198  30.841  -21.799  -22.797 0.3000000119
57102  30.589  -21.289  -23.954 0.3000000119
57983  29.770  -20.712  -24.540 0.3000000119
123755  31.591  -21.654  -20.501 0.3000000119
126423  31.493  -21.311  -21.216 0.3000000119
57080  31.230  -21.396  -22.113 0.3000000119
118296  31.023  -21.048  -23.209 0.3000000119
57094  30.654  -21.741  -23.426 0.3000000119
57982  30.399  -20.858  -24.277 0.3000000119
112557  31.931  -20.715  -19.017 0.3000000119
57924  31.812  -20.251  -19.776 0.3000000119
57937  31.660  -20.689  -20.652 0.3000000119
57945  31.535  -20.595  -21.645 0.3000000119
57957  31.410  -20.487  -22.585 0.3000000119
57968  31.341  -20.244  -23.341 0.3000000119
58769  31.565  -19.539  -23.636 0.3000000119
57936  31.769  -19.901  -20.458 0.3000000119
58748  31.715  -19.877  -21.233 0.3000000119
58762  32.018  -19.246  -22.896 0.3000000119
58735  31.855  -19.257  -19.855 0.3000000119
116895  31.846  -19.331  -20.790 0.3000000119
107011  31.966  -18.605  -20.642 0.3000000119
58747  32.021  -18.953  -21.764 0.3000000119
59525  31.910  -18.247  -19.676 0.3000000119
106853  32.024  -17.760  -20.410 0.3000000119
60371  31.870  -17.391  -19.511 0.3000000119
34387  42.424  -49.332  -20.410 0.4000000060
35163  44.299  -48.566  -20.485 0.4000000060
34386  43.333  -48.992  -20.369 0.4000000060
114846  45.599  -47.058  -21.139 0.4000000060
36003  44.897  -47.438  -20.624 0.4000000060
41065  47.352  -41.185  -24.299 0.3000000119
40234  47.251  -41.983  -23.877 0.3000000119
39391  47.042  -42.679  -23.354 0.3000000119
126981  46.637  -44.985  -22.257 0.3000000119
41954  46.584  -40.302  -23.923 0.3000000119
41933  45.253  -39.931  -22.156 0.3000000119
41934  44.675  -39.447  -21.601 0.3000000119
41900  41.522  -39.282  -17.290 0.4000000060
41899  42.088  -39.780  -17.746 0.4000000060
41908  42.964  -39.773  -18.890 0.3000000119
41915  43.459  -39.566  -19.681 0.3000000119
41887  40.873  -39.655  -16.634 0.4000000060
43706  26.995  -37.411  -21.709 0.6000000238
122604  32.015  -20.399  -18.248 0.3000000119
107648  31.940  -19.712  -18.755 0.3000000119
106861  31.918  -18.653  -18.819 0.3000000119
106854  31.879  -17.760  -18.790 0.3000000119
41955  45.876  -39.424  -23.765 0.3000000119
35170  41.128  -48.838  -20.708 0.4000000060
39332  42.087  -41.793  -17.572 0.4000000060
57064  31.755  -21.160  -19.804 0.3000000119
57969  30.973  -20.404  -23.958 0.3000000119
58752  31.688  -19.818  -22.180 0.3000000119
106851  31.795  -17.039  -18.738 0.3000000119
33563  40.156  -50.055  -20.625 0.3000000119
33572  41.274  -50.146  -20.406 0.3000000119
31807  32.642  -51.300  -24.251 0.6000000238
31808  32.080  -51.396  -23.768 0.6999999881
33571  42.136  -50.142  -20.239 0.3000000119
31769  33.098  -51.186  -18.861 0.3000000119
32675  33.679  -50.566  -19.489 0.3000000119
32708  30.822  -50.099  -23.109 0.6999999881
34377  38.911  -49.223  -19.841 0.3000000119
32716  31.312  -49.890  -23.724 0.6999999881
32715  31.520  -50.714  -23.446 0.6999999881
34376  39.867  -49.808  -20.010 0.3000000119
33561  41.727  -50.329  -20.081 0.3000000119
32714  32.113  -50.447  -24.094 0.6999999881
33552  41.311  -50.135  -19.676 0.3000000119
33559  43.531  -50.174  -19.830 0.3000000119
33551  42.147  -50.047  -19.396 0.3000000119
33560  42.652  -50.295  -19.969 0.3000000119
34374  45.047  -49.747  -19.941 0.3000000119
125023  44.985  -49.564  -20.283 0.3000000119
34385  44.131  -49.594  -20.251 0.3000000119
32674  34.208  -49.977  -19.614 0.3000000119
33565  36.282  -49.040  -20.004 0.4000000060
34410  30.628  -48.722  -23.349 0.6999999881
34378  37.901  -48.898  -19.754 0.3000000119
34420  31.206  -49.083  -23.859 0.6999999881
34365  39.407  -48.862  -19.274 0.3000000119
34375  40.476  -49.417  -19.321 0.3000000119
33550  42.986  -50.192  -19.503 0.3000000119
33570  43.258  -49.971  -20.137 0.3000000119
34360  44.843  -49.486  -19.309 0.3000000119
33566  35.368  -49.225  -19.825 0.4000000060
34401  30.770  -47.937  -22.933 0.6999999881
34367  37.480  -48.205  -18.977 0.3000000119
34379  36.855  -48.608  -19.515 0.3000000119
35152  38.942  -48.133  -18.650 0.3000000119
34366  38.447  -48.487  -19.144 0.3000000119
34409  31.349  -48.257  -23.686 0.6999999881
34364  41.367  -49.416  -18.902 0.3000000119
34419  31.892  -48.630  -24.263 0.6999999881
108721  45.536  -48.781  -20.604 0.3000000119
34384  45.693  -49.198  -20.284 0.3000000119
35193  31.749  -47.396  -23.320 0.6999999881
35140  39.012  -47.366  -17.925 0.3000000119
35151  39.793  -48.305  -18.553 0.3000000119
35200  32.076  -47.855  -24.138 0.6999999881
36012  46.056  -47.944  -21.057 0.3000000119
35153  38.131  -47.772  -18.463 0.3000000119
128156  32.387  -46.734  -23.381 0.6999999881
41910  41.920  -39.008  -17.906 0.3000000119
30932  32.187  -52.210  -23.602 0.6999999881
117311  33.014  -52.021  -24.386 0.6000000238
30925  32.303  -52.938  -23.493 0.6000000238
31806  33.413  -51.327  -24.580 0.6000000238
32701  30.437  -50.170  -22.377 0.6999999881
33554  33.894  -49.777  -19.039 0.3000000119
122662  30.140  -48.497  -22.862 0.6999999881
34381  35.028  -48.709  -19.016 0.4000000060
35183  30.468  -47.479  -22.263 0.6999999881
34368  36.501  -48.036  -18.805 0.4000000060
34380  35.902  -48.543  -19.340 0.4000000060
36033  31.544  -46.496  -21.806 0.6999999881
35154  37.141  -47.561  -18.274 0.3000000119
35155  36.137  -47.461  -18.056 0.3000000119
35142  36.813  -46.946  -17.510 0.3000000119
33562  40.809  -50.247  -20.208 0.3000000119
35182  31.216  -47.153  -22.429 0.6999999881
114220  32.459  -51.950  -24.053 0.6000000238
35141  37.849  -47.132  -17.786 0.3000000119
111372  35.575  -48.059  -18.583 0.3000000119
30939  38.510  -52.545  -27.019 0.5000000000
30942  36.254  -53.044  -26.125 0.5000000000
119367  38.447  -51.252  -26.839 0.4000000060
26365  30.323  -57.545  -20.462 0.4000000060
25453  28.589  -58.033  -20.814 0.5000000000
31819  37.224  -51.750  -26.346 0.4000000060
31818  38.026  -51.797  -26.713 0.5000000000
30934  36.044  -52.310  -25.798 0.5000000000
25467  27.172  -58.394  -21.722 0.4000000060
24580  25.714  -59.116  -22.114 0.4000000060
25452  29.526  -58.068  -20.525 0.5000000000
118330  34.566  -52.134  -25.020 0.4000000060
25469  25.868  -58.678  -21.301 0.4000000060
24564  24.881  -59.558  -22.186 0.4000000060
26368  27.664  -57.505  -20.558 0.4000000060
26366  28.971  -57.377  -20.345 0.5000000000
26367  28.212  -57.452  -20.549 0.4000000060
118456  30.978  -56.311  -20.670 0.5000000000
29146  31.737  -54.846  -21.337 0.4000000060
30930  33.379  -52.732  -24.511 0.5000000000
30044  32.383  -53.513  -23.346 0.4000000060
29150  32.139  -54.304  -22.186 0.4000000060
30050  32.641  -53.465  -23.837 0.4000000060
25470  24.890  -59.095  -21.244 0.4000000060
26373  22.303  -56.966  -20.846 0.4000000060
27274  27.235  -57.089  -19.950 0.4000000060
116484  24.030  -56.064  -19.986 0.4000000060
27273  28.521  -56.837  -20.053 0.5000000000
108505  27.915  -57.034  -20.221 0.4000000060
28177  24.495  -55.431  -19.827 0.4000000060
28184  29.789  -55.882  -19.926 0.5000000000
124093  25.999  -54.101  -19.282 0.4000000060
29136  25.304  -54.368  -19.616 0.4000000060
28183  30.622  -55.754  -20.347 0.5000000000
110128  31.034  -54.963  -20.506 0.5000000000
30900  26.113  -52.844  -19.714 0.4000000060
30901  25.501  -52.505  -20.159 0.4000000060
28182  31.327  -55.669  -20.905 0.5000000000
30036  31.748  -53.822  -21.459 0.6000000238
30040  32.003  -53.469  -22.257 0.6000000238
30045  32.100  -53.180  -22.956 0.5000000000
25457  22.503  -57.954  -20.788 0.4000000060
121587  22.983  -57.395  -20.572 0.4000000060
25455  25.210  -58.466  -20.504 0.4000000060
27275  23.947  -56.960  -20.002 0.4000000060
27262  28.749  -55.952  -19.663 0.5000000000
27263  27.892  -56.464  -19.719 0.4000000060
113025  25.019  -56.050  -19.503 0.4000000060
28173  29.351  -55.107  -19.607 0.5000000000
29135  26.016  -54.879  -19.118 0.4000000060
28176  25.212  -55.232  -19.471 0.4000000060
29141  30.236  -55.066  -19.983 0.5000000000
30905  31.303  -53.275  -20.760 0.5000000000
30910  26.352  -52.148  -20.039 0.4000000060
30917  31.618  -52.944  -21.576 0.6000000238
30922  31.836  -52.732  -22.412 0.6000000238
25456  23.498  -58.202  -20.507 0.4000000060
26369  26.337  -57.551  -19.921 0.4000000060
26371  24.385  -57.841  -20.040 0.4000000060
27265  25.576  -56.588  -19.399 0.4000000060
106786  26.861  -55.296  -18.974 0.4000000060
29132  29.865  -54.340  -19.611 0.5000000000
109221  26.731  -54.354  -18.984 0.4000000060
30023  26.446  -53.510  -19.295 0.4000000060
29140  30.663  -54.298  -20.075 0.5000000000
30899  26.905  -52.753  -19.417 0.4000000060
31802  31.701  -51.607  -23.095 0.6000000238
31798  31.701  -52.094  -22.557 0.6000000238
25471  23.860  -59.056  -20.941 0.4000000060
114810  24.380  -58.594  -20.576 0.4000000060
27264  26.327  -56.786  -19.441 0.4000000060
28175  25.997  -55.892  -19.123 0.4000000060
29133  28.458  -55.010  -19.226 0.5000000000
28174  27.776  -55.622  -19.249 0.5000000000
29134  27.591  -54.707  -18.923 0.5000000000
109178  28.219  -54.241  -18.917 0.5000000000
30022  27.461  -53.648  -18.945 0.5000000000
29131  30.327  -53.585  -19.729 0.5000000000
111096  29.002  -54.311  -19.202 0.5000000000
30021  28.508  -53.495  -18.971 0.5000000000
30906  30.787  -52.899  -20.029 0.6000000238
30909  27.303  -51.925  -19.802 0.5000000000
116061  31.383  -51.422  -22.214 0.6000000238
118398  30.374  -52.018  -19.905 0.6000000238
30896  29.953  -52.751  -19.505 0.5000000000
30898  27.889  -52.669  -19.188 0.5000000000
30918  31.143  -52.240  -20.757 0.6000000238
31779  29.827  -51.343  -19.950 0.6000000238
30897  28.947  -52.666  -19.211 0.5000000000
107889  30.835  -50.729  -21.858 0.6000000238
31799  31.174  -50.759  -22.692 0.6000000238
35184  29.095  -47.982  -22.152 0.5000000000
34402  29.463  -48.605  -22.501 0.6000000238
34403  28.603  -48.650  -22.207 0.5000000000
33595  29.156  -49.285  -22.381 0.6000000238
32691  28.560  -50.114  -21.513 0.5000000000
32682  27.695  -50.413  -21.095 0.5000000000
31778  30.489  -51.330  -20.486 0.6000000238
31780  28.960  -51.129  -19.959 0.5000000000
30908  28.362  -51.841  -19.597 0.5000000000
31781  27.785  -51.061  -20.292 0.5000000000
31791  27.003  -50.758  -20.830 0.5000000000
35175  29.728  -47.314  -21.805 0.5000000000
36034  30.693  -46.923  -21.722 0.6000000238
109984  29.938  -47.997  -22.412 0.6000000238
32681  28.698  -50.558  -20.706 0.6000000238
33594  30.075  -49.635  -22.701 0.6000000238
32702  29.476  -49.928  -22.027 0.6000000238
30052  35.146  -53.564  -25.543 0.4000000060
30937  34.151  -52.784  -24.843 0.4000000060
115078  35.303  -52.211  -25.415 0.4000000060
111518  30.161  -50.322  -21.694 0.6000000238
30940  37.555  -52.506  -26.641 0.5000000000
29164  35.421  -54.855  -25.723 0.5000000000
117247  37.011  -53.196  -26.525 0.5000000000
30058  35.793  -53.642  -25.947 0.5000000000
27271  30.268  -56.638  -20.310 0.5000000000
25468  26.594  -58.385  -21.326 0.4000000060
25454  26.120  -58.190  -20.560 0.4000000060
28185  23.865  -55.132  -20.352 0.4000000060
30024  25.495  -53.436  -19.801 0.4000000060
26370  25.446  -57.798  -19.875 0.4000000060
106460  27.039  -56.234  -19.286 0.4000000060
32680  29.679  -50.789  -20.466 0.6000000238
27276  23.128  -56.465  -20.572 0.3000000119
29142  24.584  -53.885  -20.225 0.3000000119
128244  23.344  -55.549  -20.585 0.3000000119
30029  24.565  -52.915  -20.380 0.3000000119
108501  23.796  -54.346  -20.558 0.3000000119
30030  23.715  -53.501  -20.655 0.3000000119
25472  21.953  -58.592  -21.232 0.4000000060
25485  26.541  -58.709  -22.052 0.4000000060
26358  34.179  -57.600  -19.660 0.5000000000
26360  25.703  -57.181  -19.534 0.4000000060
26361  24.839  -56.968  -19.609 0.4000000060
26363  35.194  -57.765  -20.657 0.5000000000
26372  23.565  -57.384  -20.290 0.4000000060
26375  36.256  -57.711  -21.670 0.6000000238
26380  27.033  -57.869  -20.796 0.4000000060
27269  34.639  -56.491  -20.180 0.5000000000
27270  30.973  -57.045  -20.750 0.4000000060
27272  29.354  -56.660  -20.051 0.5000000000
27282  35.586  -56.468  -21.266 0.5000000000
27288  37.436  -56.487  -23.006 0.5000000000
27289  36.702  -56.471  -22.399 0.5000000000
28172  33.609  -55.470  -18.869 0.5000000000
28190  36.035  -56.058  -21.828 0.6999999881
28192  34.841  -55.184  -20.790 0.5000000000
28218  40.725  -54.754  -26.768 0.5000000000
29137  24.515  -54.714  -20.011 0.4000000060
29139  31.307  -54.137  -20.686 0.5000000000
29148  35.450  -54.190  -22.070 0.6000000238
29151  38.858  -55.035  -24.472 0.5000000000
29154  36.450  -54.004  -23.022 0.6999999881
29163  41.263  -54.912  -25.891 0.5000000000
30020  29.466  -53.538  -19.288 0.5000000000
30026  34.196  -53.828  -20.387 0.5000000000
30028  30.942  -53.636  -20.203 0.5000000000
30035  34.878  -53.886  -21.531 0.5000000000
30039  32.280  -53.853  -22.880 0.4000000060
30047  40.009  -53.676  -25.591 0.4000000060
30051  41.191  -53.682  -26.476 0.5000000000
30054  33.770  -53.405  -24.683 0.4000000060
30059  40.763  -53.529  -27.227 0.5000000000
30891  33.185  -52.201  -19.155 0.3000000119
30895  33.567  -52.382  -19.817 0.4000000060
30907  29.431  -51.907  -19.577 0.6000000238
30926  31.957  -52.494  -23.068 0.6999999881
30931  32.655  -52.692  -24.074 0.6000000238
30933  41.178  -53.012  -26.539 0.5000000000
30935  35.570  -52.936  -25.688 0.4000000060
30941  36.745  -52.408  -26.256 0.4000000060
31776  34.050  -51.666  -20.731 0.4000000060
31789  31.518  -52.122  -21.797 0.6000000238
31790  31.060  -51.362  -21.311 0.6000000238
31795  36.868  -50.974  -22.905 0.5000000000
31816  41.444  -51.618  -26.767 0.6000000238
31817  38.879  -51.824  -27.155 0.5000000000
31824  42.073  -50.873  -27.222 0.6000000238
32687  36.459  -50.267  -21.909 0.4000000060
32688  34.929  -50.982  -21.382 0.6000000238
32689  30.371  -50.707  -21.092 0.6000000238
32690  29.510  -50.345  -21.231 0.6000000238
32703  28.583  -49.645  -21.885 0.5000000000
32719  36.292  -51.000  -25.639 0.6000000238
32721  34.646  -50.884  -24.978 0.6999999881
32728  42.338  -50.402  -27.331 0.6999999881
32729  41.646  -50.612  -27.478 0.6000000238
32730  40.329  -50.941  -27.462 0.5000000000
33567  34.559  -49.403  -19.374 0.3000000119
33569  44.298  -49.981  -20.032 0.3000000119
33578  35.302  -49.811  -20.486 0.5000000000
33585  35.964  -49.910  -21.135 0.5000000000
33600  30.642  -49.425  -23.320 0.6999999881
33601  29.961  -49.047  -22.943 0.6999999881
33604  40.013  -49.621  -24.489 0.6999999881
33605  33.699  -49.228  -24.967 0.8000000119
33615  42.855  -48.944  -27.560 0.6999999881
33616  42.934  -49.629  -27.235 0.6999999881
33621  42.583  -49.259  -27.710 0.6999999881
33622  41.830  -49.597  -27.741 0.6000000238
34391  38.546  -49.420  -20.321 0.4000000060
34412  41.816  -47.735  -25.308 0.8000000119
34415  37.182  -48.407  -24.695 0.8999999762
34418  32.541  -48.188  -24.721 0.8000000119
34429  42.777  -48.009  -27.264 0.6999999881
34433  42.519  -47.993  -27.503 0.6999999881
35139  40.199  -47.654  -17.838 0.3000000119
35150  40.743  -48.513  -18.399 0.3000000119
35207  42.864  -47.100  -27.097 0.8000000119
35212  41.915  -47.314  -27.594 0.8000000119
36038  32.914  -46.405  -24.041 0.8999999762
36040  42.499  -46.044  -26.172 0.8000000119
36043  38.706  -45.940  -24.057 0.8000000119
36049  42.360  -45.170  -26.410 0.8000000119
36056  42.611  -46.555  -27.168 0.8000000119
36058  41.886  -45.385  -26.930 0.8000000119
36887  40.407  -45.182  -19.100 0.5000000000
36916  30.905  -45.046  -20.179 0.6999999881
36935  40.320  -42.949  -24.049 0.8000000119
36937  37.407  -45.669  -23.166 0.6999999881
37753  35.915  -44.207  -22.057 0.6999999881
37764  38.531  -43.476  -22.125 0.8000000119
38549  41.686  -44.033  -18.185 0.4000000060
38558  44.270  -43.444  -19.763 0.4000000060
38570  35.815  -43.227  -20.824 0.6999999881
38582  38.710  -42.674  -21.183 0.6999999881
38583  37.494  -43.430  -21.036 0.6999999881
38597  35.622  -43.990  -22.804 0.8000000119
39342  43.085  -42.870  -18.589 0.4000000060
39347  35.479  -42.062  -19.238 0.6999999881
39365  35.059  -42.289  -20.705 0.6999999881
39394  31.613  -41.689  -23.876 0.8999999762
39401  36.615  -42.082  -26.742 1.0000000000
40172  41.329  -41.088  -16.896 0.4000000060
40236  30.303  -40.868  -23.756 0.8999999762
40248  36.552  -41.743  -26.923 1.0000000000
40249  36.244  -41.670  -27.125 1.0000000000
40997  36.983  -40.116  -15.835 0.6000000238
41012  36.703  -40.568  -16.361 0.6999999881
41023  35.582  -40.443  -17.237 0.6999999881
41052  45.202  -40.704  -21.676 0.3000000119
41876  37.986  -39.201  -15.594 0.6000000238
41878  36.566  -39.542  -15.928 0.6999999881
41890  36.125  -39.707  -16.295 0.6999999881
41891  35.609  -39.557  -16.798 0.6999999881
41918  34.795  -39.734  -19.824 0.8000000119
41923  35.063  -39.412  -20.490 0.8000000119
41945  44.933  -39.107  -22.347 0.3000000119
41960  30.107  -39.504  -24.082 0.8999999762
42745  37.435  -38.625  -15.623 0.6000000238
42746  36.689  -38.808  -15.810 0.6000000238
42839  36.942  -38.642  -26.377 1.0000000000
43652  38.158  -37.185  -15.937 0.6000000238
44595  36.746  -36.517  -16.403 0.6000000238
44601  39.666  -36.986  -16.814 0.3000000119
45446  39.010  -35.031  -16.841 0.3000000119
45460  31.822  -35.144  -17.813 0.6999999881
45472  30.347  -35.166  -18.717 0.8000000119
45499  36.361  -34.683  -22.891 0.6999999881
46188  37.064  -34.833  -16.870 0.6000000238
46193  38.356  -34.531  -16.802 0.5000000000
46928  30.943  -33.244  -18.084 0.6000000238
46950  28.376  -33.359  -21.338 0.6000000238
48578  33.830  -30.439  -24.664 0.5000000000
50196  33.224  -29.405  -16.500 0.3000000119
50251  34.596  -28.704  -22.313 0.3000000119
50294  34.282  -28.916  -25.462 0.4000000060
51833  33.924  -27.790  -16.301 0.3000000119
52703  31.654  -25.938  -18.755 0.3000000119
53532  30.591  -25.531  -21.553 0.3000000119
54294  32.812  -24.463  -16.495 0.3000000119
54330  32.119  -24.482  -17.921 0.3000000119
54363  30.894  -24.415  -21.327 0.3000000119
54364  30.540  -24.755  -21.965 0.3000000119
55197  32.424  -24.010  -17.074 0.3000000119
56167  31.547  -22.419  -20.434 0.3000000119
57029  32.323  -21.447  -17.318 0.3000000119
106977  41.499  -52.210  -27.106 0.5000000000
108381  34.252  -50.393  -20.111 0.5000000000
108950  31.233  -45.601  -20.691 0.6999999881
110077  33.344  -24.884  -16.169 0.3000000119
110444  29.174  -28.993  -22.978 0.4000000060
110777  39.072  -41.234  -16.128 0.5000000000
111387  41.875  -44.065  -25.705 0.8000000119
112007  30.243  -22.938  -23.889 0.3000000119
112196  29.247  -37.335  -21.801 0.8000000119
113225  30.283  -30.369  -20.208 0.3000000119
113621  29.359  -41.646  -19.918 0.6999999881
113857  33.924  -33.580  -22.942 0.6999999881
113910  36.946  -42.477  -19.542 0.6999999881
114025  33.661  -57.866  -19.270 0.5000000000
114157  35.335  -39.788  -21.701 0.8000000119
114513  36.008  -52.167  -22.678 0.6999999881
116020  34.260  -56.155  -19.725 0.5000000000
116827  36.739  -35.836  -16.658 0.6999999881
117553  35.413  -54.147  -25.760 0.5000000000
117814  38.055  -53.434  -26.917 0.5000000000
118686  33.801  -52.071  -24.657 0.5000000000
118819  35.068  -41.073  -18.408 0.6999999881
119650  42.894  -47.810  -26.961 0.8000000119
121122  29.705  -40.388  -23.646 0.8999999762
121402  35.660  -28.807  -19.251 0.3000000119
121813  35.015  -41.711  -19.318 0.8000000119
122088  35.502  -40.433  -22.888 0.8999999762
122571  29.699  -57.260  -20.276 0.5000000000
122864  38.397  -42.329  -20.106 0.6999999881
123089  39.722  -49.286  -23.791 0.6999999881
123580  34.884  -39.990  -18.269 0.6999999881
123657  35.471  -40.143  -26.337 1.0000000000
123760  34.876  -45.881  -25.999 0.8999999762
124068  31.641  -19.859  -22.979 0.3000000119
124717  38.654  -48.662  -25.904 0.8999999762
125591  35.646  -40.551  -26.703 1.0000000000
125660  44.366  -49.602  -19.029 0.3000000119
126146  32.873  -31.625  -16.737 0.3000000119
127176  35.774  -37.067  -17.229 0.6999999881
127658  34.053  -58.233  -19.656 0.5000000000
127801  32.177  -21.770  -17.942 0.4000000060
127876  38.917  -42.709  -18.336 0.6000000238
127940  42.565  -39.950  -18.291 0.4000000060
128038  36.109  -47.062  -17.525 0.3000000119
128131  34.461  -53.669  -21.017 0.5000000000
128183  42.027  -40.367  -17.510 0.4000000060
