#!ascii label  , from subject sub-v1s12x0050113_ses-1 vox2ras=TkReg
757
18448  21.035  -65.807  -21.924 0.6000000238
18412  12.035  -66.496  -17.884 0.6999999881
17531  13.099  -66.818  -19.368 0.6999999881
17527  17.991  -68.051  -20.354 0.8999999762
17541  18.098  -67.675  -21.015 0.8000000119
17553  19.144  -66.908  -21.408 0.8000000119
19400  20.654  -65.290  -22.404 0.6000000238
20294  21.188  -64.768  -22.747 0.6999999881
21139  22.420  -64.263  -23.259 0.6999999881
18411  12.453  -66.172  -17.512 0.6999999881
18400  12.781  -66.496  -16.576 0.6999999881
17516  12.375  -66.604  -18.926 0.6999999881
18440  12.704  -65.923  -20.751 0.6000000238
18430  13.519  -66.553  -20.492 0.6999999881
17530  14.471  -67.136  -19.709 0.6999999881
17543  16.200  -67.205  -21.076 0.8000000119
17542  17.382  -67.612  -20.895 0.8000000119
17554  18.267  -67.175  -21.545 0.8000000119
18450  19.515  -66.172  -21.793 0.6000000238
21129  21.717  -64.195  -22.925 0.6999999881
106227  22.900  -63.865  -23.526 0.6999999881
19349  14.561  -65.563  -17.851 0.5000000000
19341  13.725  -65.837  -16.930 0.6000000238
19361  13.899  -65.418  -18.971 0.4000000060
19362  12.553  -65.820  -19.345 0.6000000238
19372  12.664  -65.874  -20.441 0.5000000000
18455  13.772  -65.942  -21.923 0.6000000238
17544  14.807  -66.920  -20.795 0.8000000119
18453  15.751  -66.630  -22.028 0.6999999881
18463  17.048  -66.111  -22.431 0.6999999881
19402  17.928  -65.475  -22.473 0.6999999881
114840  20.023  -64.555  -22.617 0.5000000000
21959  21.347  -63.194  -22.637 0.6000000238
106325  21.976  -62.512  -22.593 0.6000000238
21972  22.834  -62.922  -22.996 0.6000000238
21971  23.580  -63.315  -23.723 0.5000000000
19339  16.604  -65.714  -17.078 0.5000000000
19340  15.423  -65.733  -16.908 0.6000000238
18390  14.539  -66.384  -15.102 0.6000000238
19348  15.953  -65.574  -17.775 0.5000000000
19382  13.095  -65.787  -21.193 0.5000000000
19381  14.009  -65.603  -21.722 0.6000000238
20299  15.427  -65.313  -22.142 0.6000000238
20297  17.397  -64.801  -22.451 0.6000000238
20296  18.237  -64.562  -22.546 0.5000000000
107829  19.707  -63.459  -22.559 0.5000000000
121212  20.336  -62.759  -22.481 0.6000000238
22819  23.382  -61.465  -22.733 0.5000000000
111062  23.987  -61.555  -23.108 0.5000000000
123602  25.147  -60.974  -23.551 0.5000000000
123442  24.669  -61.629  -23.590 0.5000000000
110295  16.639  -65.872  -16.004 0.5000000000
19330  15.858  -66.043  -14.999 0.5000000000
114747  15.297  -65.436  -18.526 0.5000000000
19371  15.343  -65.243  -19.545 0.4000000060
20261  17.399  -64.980  -19.971 0.3000000119
20262  16.241  -65.014  -20.230 0.4000000060
20270  15.754  -64.661  -21.071 0.3000000119
21115  17.733  -64.132  -20.454 0.3000000119
20271  14.802  -65.175  -21.426 0.5000000000
21126  16.624  -64.218  -21.766 0.5000000000
21133  16.940  -63.801  -21.907 0.5000000000
125836  18.032  -63.718  -22.459 0.5000000000
128006  18.873  -63.067  -22.407 0.5000000000
106787  21.023  -62.100  -22.392 0.6000000238
22820  22.656  -61.769  -22.597 0.5000000000
23684  23.766  -60.862  -22.603 0.5000000000
24596  25.335  -60.276  -23.276 0.5000000000
114507  17.660  -65.703  -16.929 0.5000000000
19358  18.092  -65.484  -18.015 0.5000000000
20254  18.731  -65.032  -18.689 0.4000000060
19370  16.874  -65.282  -19.325 0.5000000000
20260  18.356  -64.695  -19.651 0.4000000060
21114  18.664  -63.767  -20.090 0.3000000119
21120  17.195  -63.511  -21.116 0.3000000119
21125  17.144  -63.499  -21.601 0.4000000060
21132  17.583  -63.076  -22.087 0.5000000000
21961  18.189  -62.362  -22.152 0.4000000060
109243  22.196  -60.868  -22.216 0.5000000000
124189  22.658  -60.275  -22.024 0.5000000000
122785  23.401  -60.341  -22.167 0.5000000000
107697  26.089  -59.814  -23.527 0.5000000000
108879  25.556  -59.578  -22.855 0.4000000060
24581  24.878  -60.005  -22.776 0.5000000000
19338  18.451  -65.548  -16.357 0.5000000000
120974  19.101  -65.330  -16.612 0.5000000000
19346  18.665  -65.469  -17.180 0.5000000000
20247  19.568  -64.671  -18.227 0.4000000060
20253  19.244  -64.328  -19.244 0.4000000060
21113  19.554  -63.445  -19.653 0.3000000119
21948  18.843  -62.751  -20.264 0.3000000119
124630  17.481  -62.710  -21.367 0.4000000060
126901  17.620  -62.176  -21.508 0.4000000060
107565  18.247  -60.974  -21.538 0.4000000060
21962  17.711  -62.208  -21.735 0.4000000060
22824  18.029  -61.668  -21.754 0.4000000060
22823  18.625  -61.519  -22.044 0.5000000000
23687  20.434  -60.591  -22.037 0.5000000000
109175  20.877  -61.257  -22.190 0.6000000238
128473  23.641  -59.883  -21.886 0.4000000060
111843  24.170  -60.116  -22.341 0.5000000000
20240  19.664  -64.973  -16.379 0.4000000060
21104  20.303  -64.233  -17.986 0.4000000060
20248  19.497  -65.053  -17.275 0.4000000060
21110  20.055  -63.947  -18.866 0.4000000060
21112  20.350  -63.105  -19.274 0.4000000060
112223  19.025  -61.989  -20.297 0.4000000060
22802  18.219  -61.909  -20.712 0.4000000060
22806  18.014  -61.141  -21.029 0.4000000060
23674  18.165  -60.601  -21.170 0.4000000060
23688  18.903  -60.670  -21.854 0.5000000000
24585  20.002  -59.841  -21.840 0.5000000000
24584  20.899  -59.936  -21.878 0.6000000238
24566  22.449  -59.515  -21.561 0.5000000000
111267  22.913  -58.862  -20.965 0.4000000060
120103  23.352  -59.488  -21.438 0.4000000060
20228  20.263  -64.440  -15.987 0.4000000060
21103  20.886  -63.802  -17.539 0.4000000060
21091  20.971  -63.842  -16.525 0.4000000060
21109  20.748  -63.501  -18.453 0.4000000060
21946  20.378  -62.311  -19.518 0.4000000060
22801  18.616  -61.178  -20.529 0.4000000060
23669  18.312  -60.227  -20.832 0.4000000060
23689  18.459  -60.041  -21.345 0.4000000060
24569  19.566  -59.135  -21.474 0.5000000000
24568  20.468  -59.138  -21.586 0.4000000060
24567  21.422  -59.288  -21.583 0.6000000238
21078  21.457  -63.352  -15.886 0.4000000060
21933  21.802  -62.865  -17.214 0.4000000060
21941  21.812  -62.114  -18.014 0.4000000060
21942  21.077  -62.545  -18.843 0.4000000060
22799  20.692  -61.634  -19.391 0.4000000060
23664  20.167  -60.776  -19.696 0.4000000060
24551  19.696  -59.888  -19.854 0.5000000000
23665  19.169  -60.513  -20.226 0.4000000060
24552  18.836  -59.560  -20.419 0.3000000119
25459  18.595  -58.691  -20.861 0.3000000119
24570  18.449  -59.267  -21.017 0.4000000060
25474  20.004  -58.197  -21.346 0.4000000060
26381  21.548  -57.496  -21.124 0.4000000060
25472  21.953  -58.592  -21.232 0.5000000000
21079  20.760  -63.809  -15.512 0.4000000060
22794  21.338  -61.622  -18.800 0.4000000060
24542  21.224  -59.843  -18.985 0.3000000119
24543  20.291  -59.337  -19.509 0.3000000119
124909  19.363  -59.005  -19.978 0.3000000119
124008  19.192  -58.345  -20.158 0.3000000119
117386  18.917  -58.225  -20.886 0.3000000119
118103  20.678  -57.487  -21.236 0.4000000060
26373  22.303  -56.966  -20.846 0.4000000060
21921  21.944  -62.804  -16.364 0.3000000119
22770  22.184  -62.130  -16.967 0.3000000119
23646  22.211  -60.471  -17.798 0.3000000119
24541  21.944  -59.850  -18.244 0.3000000119
107134  21.624  -59.058  -18.572 0.3000000119
25442  21.445  -58.228  -18.697 0.3000000119
25444  19.955  -58.360  -19.627 0.4000000060
26356  20.639  -57.247  -19.361 0.4000000060
26357  20.116  -57.616  -19.610 0.3000000119
27267  19.830  -57.138  -20.309 0.3000000119
27280  19.825  -57.178  -20.781 0.3000000119
27278  21.519  -56.097  -20.917 0.4000000060
27277  22.208  -56.097  -20.984 0.4000000060
28186  22.696  -55.446  -20.876 0.4000000060
113034  20.697  -57.949  -19.219 0.4000000060
122178  21.132  -56.248  -19.306 0.4000000060
27258  20.677  -56.632  -19.556 0.4000000060
27266  20.343  -56.545  -20.022 0.3000000119
28189  20.862  -56.294  -20.800 0.4000000060
29143  22.073  -54.497  -20.703 0.4000000060
110866  22.492  -54.631  -20.856 0.4000000060
28187  21.989  -55.314  -20.833 0.4000000060
28170  20.860  -56.026  -19.774 0.4000000060
29138  21.444  -54.569  -20.061 0.5000000000
108120  21.796  -53.966  -20.358 0.4000000060
112950  22.196  -53.720  -20.810 0.4000000060
124064  23.164  -54.841  -20.791 0.3000000119
30031  22.750  -53.065  -20.856 0.3000000119
125215  19.833  -66.674  -21.298 0.6999999881
17528  17.093  -67.690  -20.156 0.8000000119
19401  19.618  -65.380  -22.304 0.6000000238
18451  17.643  -66.704  -22.050 0.6999999881
18461  18.761  -65.823  -22.203 0.6999999881
111472  23.433  -62.251  -23.113 0.6000000238
122187  13.441  -65.384  -20.320 0.4000000060
20263  14.830  -65.075  -20.702 0.4000000060
18466  14.407  -65.980  -22.332 0.6999999881
19404  16.100  -65.616  -22.386 0.6999999881
20295  19.151  -64.756  -22.557 0.6999999881
19347  17.068  -65.599  -17.813 0.5000000000
110225  16.522  -64.720  -22.194 0.5000000000
21121  16.614  -64.194  -21.426 0.4000000060
22822  19.876  -61.449  -22.209 0.6000000238
23686  21.320  -60.700  -22.075 0.5000000000
22800  19.709  -61.572  -19.967 0.3000000119
25475  19.152  -58.505  -21.159 0.4000000060
21907  21.846  -62.718  -15.478 0.4000000060
26374  19.338  -57.691  -20.632 0.3000000119
27279  20.296  -56.639  -20.523 0.3000000119
107588  21.662  -54.904  -20.414 0.3000000119
112649  22.980  -54.037  -20.878 0.3000000119
14944  20.981  -70.090  -15.885 0.6000000238
14931  21.430  -70.856  -15.947 0.6000000238
14121  22.161  -71.863  -18.386 0.6000000238
14963  23.146  -70.340  -18.272 0.6000000238
13297  19.594  -72.896  -14.840 0.5000000000
14081  19.903  -71.265  -14.800 0.6000000238
15783  19.584  -69.374  -16.029 0.6999999881
15767  20.128  -69.974  -15.626 0.6999999881
13296  20.277  -72.605  -15.194 0.6000000238
15781  21.245  -69.436  -16.343 0.6000000238
14943  21.767  -70.128  -16.310 0.6000000238
15793  22.676  -68.805  -17.143 0.6000000238
14952  22.758  -69.618  -17.135 0.6000000238
122595  23.121  -69.858  -17.690 0.6000000238
15799  23.697  -68.786  -18.219 0.6000000238
16661  24.770  -68.374  -19.777 0.6999999881
14069  19.247  -71.544  -14.320 0.6000000238
15769  18.655  -69.549  -15.175 0.6999999881
13279  19.093  -72.324  -14.343 0.5000000000
14934  19.026  -70.215  -14.735 0.6999999881
14933  19.743  -70.470  -15.069 0.6999999881
16627  19.830  -68.691  -17.456 0.6999999881
16612  20.534  -68.915  -16.751 0.6999999881
16626  21.699  -68.059  -17.150 0.5000000000
15792  23.219  -69.143  -17.604 0.6000000238
16638  24.175  -67.517  -18.544 0.6000000238
16650  24.285  -68.420  -18.904 0.6999999881
18426  24.954  -66.251  -19.197 0.6999999881
17537  25.608  -67.443  -20.144 0.6999999881
16680  31.285  -69.018  -24.071 0.4000000060
125550  30.077  -66.778  -23.259 0.5000000000
18460  29.143  -66.124  -22.311 0.6000000238
17549  28.241  -66.869  -21.541 0.6000000238
18447  27.063  -66.585  -20.734 0.6999999881
14053  16.463  -71.660  -13.464 0.5000000000
14903  17.323  -70.721  -13.555 0.5000000000
15757  17.375  -69.565  -14.265 0.6000000238
14902  17.935  -71.202  -13.676 0.5000000000
15770  17.863  -69.257  -15.044 0.6999999881
15756  18.271  -69.898  -14.423 0.5000000000
14922  18.651  -70.813  -14.089 0.6000000238
119246  18.261  -68.393  -17.855 0.6999999881
16614  18.926  -68.973  -16.464 0.6999999881
112996  19.241  -68.583  -18.189 0.6999999881
17496  21.277  -67.689  -17.622 0.6999999881
17494  22.856  -67.466  -17.546 0.6000000238
17509  23.503  -67.302  -18.016 0.6000000238
18419  24.196  -66.242  -18.760 0.6999999881
127630  25.916  -65.739  -19.848 0.6999999881
18434  26.458  -65.939  -20.212 0.6999999881
18446  27.758  -66.267  -21.162 0.6000000238
19387  27.761  -65.476  -21.302 0.6000000238
15740  15.195  -69.929  -13.550 0.5000000000
13260  15.036  -72.501  -13.377 0.4000000060
15758  16.290  -69.309  -14.300 0.5000000000
14905  15.243  -70.803  -13.174 0.5000000000
15738  16.842  -69.990  -13.634 0.5000000000
122449  16.146  -68.758  -14.995 0.6000000238
15771  16.981  -68.976  -14.967 0.6000000238
17497  16.566  -67.737  -18.010 0.6999999881
111283  17.010  -68.272  -16.312 0.6000000238
16629  17.507  -68.087  -17.626 0.6999999881
121090  18.767  -68.556  -18.065 0.6999999881
17511  20.628  -67.828  -18.213 0.6999999881
17510  21.314  -67.194  -18.202 0.6999999881
17495  22.051  -67.287  -17.537 0.6999999881
18409  22.804  -66.755  -17.880 0.6999999881
19356  23.606  -65.759  -18.814 0.6999999881
19366  24.473  -65.478  -19.293 0.8000000119
19377  25.991  -65.117  -20.025 0.6999999881
19395  29.412  -65.702  -22.995 0.5000000000
19386  28.176  -65.245  -21.798 0.6000000238
19375  27.182  -64.924  -20.974 0.6000000238
14906  14.493  -70.797  -12.850 0.4000000060
16602  14.126  -68.478  -15.163 0.6000000238
16590  15.245  -68.844  -14.727 0.6000000238
114897  15.411  -68.441  -15.478 0.6000000238
106996  15.102  -67.631  -17.891 0.6000000238
17513  15.550  -67.508  -18.875 0.6000000238
17512  16.832  -67.704  -19.126 0.6999999881
16643  17.635  -68.072  -18.468 0.6999999881
16641  19.387  -68.371  -19.085 0.6999999881
107382  20.001  -68.414  -18.238 0.6999999881
16651  19.867  -67.981  -19.668 0.8000000119
17526  20.600  -67.442  -19.160 0.8000000119
17525  21.384  -66.650  -18.893 0.6000000238
19357  23.014  -65.556  -19.087 0.6000000238
20268  24.840  -64.442  -20.481 0.8000000119
20267  25.565  -64.575  -20.374 0.6999999881
19411  29.639  -65.483  -24.852 0.5000000000
19409  28.864  -65.091  -23.553 0.6000000238
108945  26.923  -64.274  -21.668 0.6999999881
15742  13.897  -69.469  -13.278 0.5000000000
14891  13.532  -70.386  -12.237 0.4000000060
14876  13.011  -70.410  -11.609 0.4000000060
16591  14.175  -68.862  -14.394 0.5000000000
15760  14.326  -69.413  -13.777 0.5000000000
114501  13.202  -67.818  -16.616 0.6000000238
17499  13.548  -67.579  -17.634 0.6000000238
17514  14.027  -67.404  -18.667 0.6000000238
17529  15.903  -67.323  -19.926 0.6999999881
16653  18.622  -68.284  -19.698 0.8000000119
17540  19.458  -67.779  -20.385 0.8000000119
17539  20.183  -67.407  -20.186 0.6000000238
19369  21.966  -65.744  -20.114 0.6000000238
19378  23.350  -64.904  -20.497 0.6999999881
20269  24.102  -64.469  -20.681 0.6999999881
20303  25.677  -64.341  -23.982 0.6999999881
20301  28.205  -64.599  -23.033 0.6000000238
20312  27.034  -64.308  -24.855 0.6000000238
21156  27.436  -63.551  -25.471 0.6000000238
20311  28.931  -65.071  -24.654 0.6000000238
20323  27.637  -64.206  -25.318 0.6000000238
17477  12.742  -67.795  -15.411 0.5000000000
16592  13.643  -68.758  -13.951 0.5000000000
16576  13.618  -68.938  -13.128 0.5000000000
15717  13.288  -69.621  -11.848 0.5000000000
126288  12.294  -66.717  -17.177 0.5000000000
16603  13.323  -68.354  -14.844 0.5000000000
17515  12.702  -67.130  -18.373 0.6000000238
18437  19.681  -67.219  -20.879 0.6999999881
18435  20.889  -66.200  -21.231 0.6000000238
19380  21.566  -65.869  -21.129 0.6000000238
19388  22.816  -65.194  -21.733 0.6000000238
20290  24.439  -64.383  -22.550 0.6999999881
20291  23.709  -64.793  -23.099 0.6000000238
20304  24.893  -64.337  -24.216 0.6000000238
20313  26.392  -64.296  -24.319 0.6999999881
20321  29.646  -64.427  -25.720 0.5000000000
21990  28.250  -62.641  -25.639 0.4000000060
18391  13.143  -66.947  -15.477 0.5000000000
18385  13.282  -67.558  -14.764 0.5000000000
115315  13.798  -68.238  -12.786 0.5000000000
17440  13.943  -67.746  -11.859 0.5000000000
17422  12.426  -67.947  -10.926 0.5000000000
16552  11.036  -68.468  -11.083 0.5000000000
19399  21.592  -65.289  -22.531 0.6000000238
20292  23.038  -64.920  -23.222 0.6000000238
20306  23.588  -64.527  -23.688 0.4000000060
21147  25.350  -63.989  -25.064 0.5000000000
21981  25.758  -63.480  -25.054 0.4000000060
21157  26.560  -63.484  -25.265 0.5000000000
18399  13.720  -66.260  -15.975 0.6000000238
18384  14.203  -66.905  -14.302 0.5000000000
17455  14.283  -67.280  -12.694 0.5000000000
17421  13.617  -67.279  -11.441 0.5000000000
114185  12.983  -67.160  -11.064 0.5000000000
117292  12.175  -67.240  -11.020 0.5000000000
18345  10.488  -67.092  -11.466 0.4000000060
18346  9.501  -66.976  -11.883 0.5000000000
109207  8.646  -66.924  -12.308 0.4000000060
18370  8.279  -66.162  -12.812 0.4000000060
17458  6.502  -67.579  -13.178 0.4000000060
21138  23.512  -64.083  -23.947 0.6000000238
21982  24.284  -63.336  -24.263 0.4000000060
111420  25.574  -62.543  -24.614 0.4000000060
124101  27.296  -62.468  -25.277 0.4000000060
108711  15.339  -66.233  -14.210 0.5000000000
18368  14.863  -66.400  -13.019 0.4000000060
18356  14.539  -66.279  -12.327 0.4000000060
120221  12.991  -66.489  -11.312 0.5000000000
19282  12.752  -65.411  -12.022 0.4000000060
18358  10.807  -66.259  -11.832 0.5000000000
20177  11.954  -64.889  -12.576 0.4000000060
19292  11.069  -64.820  -13.000 0.5000000000
19284  10.180  -65.792  -12.493 0.5000000000
19294  9.555  -65.304  -13.195 0.3000000119
113270  8.737  -65.375  -13.356 0.3000000119
19295  7.897  -65.417  -13.473 0.3000000119
22831  24.817  -62.529  -24.185 0.4000000060
19291  15.544  -65.809  -13.495 0.5000000000
18355  15.059  -65.645  -12.778 0.4000000060
19328  17.490  -65.647  -15.398 0.4000000060
19311  16.217  -65.665  -14.178 0.4000000060
19290  16.213  -65.240  -13.648 0.4000000060
112371  15.700  -64.007  -13.239 0.4000000060
19327  18.285  -65.410  -15.466 0.4000000060
19310  16.978  -65.124  -14.044 0.4000000060
20184  16.357  -64.528  -13.511 0.4000000060
20208  18.389  -64.949  -14.782 0.4000000060
21065  17.057  -64.128  -13.833 0.4000000060
21043  16.282  -63.612  -13.568 0.4000000060
122774  15.618  -63.341  -13.458 0.4000000060
20209  17.739  -64.655  -14.294 0.4000000060
20229  19.535  -64.796  -15.560 0.3000000119
21064  17.802  -63.797  -14.116 0.4000000060
107899  16.952  -63.004  -13.931 0.4000000060
21878  15.932  -62.818  -13.789 0.4000000060
21080  19.990  -64.197  -15.145 0.4000000060
21895  14.482  -62.342  -14.107 0.4000000060
22743  15.516  -61.589  -14.919 0.4000000060
21061  20.405  -63.485  -14.764 0.3000000119
21062  19.506  -63.651  -14.556 0.4000000060
21892  18.852  -62.794  -14.230 0.4000000060
21893  17.915  -62.879  -14.177 0.4000000060
110051  17.151  -62.102  -14.581 0.4000000060
107312  16.226  -62.189  -14.447 0.4000000060
17485  12.329  -67.228  -17.301 0.5000000000
20307  22.986  -64.438  -23.484 0.6000000238
14105  22.300  -71.477  -17.475 0.6000000238
17523  25.123  -67.080  -19.477 0.6999999881
19365  25.392  -65.607  -19.593 0.6999999881
17563  30.426  -67.442  -23.524 0.5000000000
19407  30.169  -66.003  -24.285 0.5000000000
117817  29.370  -66.800  -22.397 0.5000000000
18469  29.913  -66.162  -23.481 0.4000000060
18445  28.460  -65.976  -21.691 0.6000000238
111338  16.032  -71.057  -13.324 0.5000000000
20276  27.672  -64.798  -21.650 0.6000000238
17498  15.917  -67.756  -17.234 0.6000000238
18410  22.027  -66.561  -18.179 0.6999999881
20259  24.250  -64.770  -19.941 0.8000000119
20266  26.296  -64.483  -20.799 0.6999999881
14907  13.976  -70.234  -12.797 0.4000000060
18429  20.896  -66.810  -19.875 0.6000000238
18427  22.350  -65.748  -19.215 0.6000000238
108660  25.108  -63.967  -21.893 0.6999999881
20277  25.950  -63.918  -21.794 0.6999999881
19420  29.970  -65.207  -25.429 0.5000000000
19410  30.351  -65.875  -25.041 0.5000000000
20288  26.501  -64.037  -22.916 0.6999999881
106441  28.115  -64.536  -24.373 0.6000000238
111728  21.206  -66.269  -20.479 0.6999999881
19379  22.409  -65.441  -20.845 0.6999999881
20280  23.633  -64.649  -21.482 0.6999999881
20314  25.565  -64.235  -24.818 0.6000000238
20322  28.459  -64.530  -25.266 0.6000000238
21155  28.369  -63.753  -25.651 0.6000000238
17468  13.271  -68.109  -14.354 0.5000000000
16549  13.132  -68.957  -11.449 0.4000000060
19398  22.460  -65.195  -22.636 0.6000000238
20305  24.280  -64.491  -23.575 0.6000000238
18360  7.757  -67.014  -12.593 0.3000000119
106659  24.966  -63.542  -24.724 0.5000000000
22838  26.918  -61.679  -24.875 0.4000000060
19269  12.547  -66.025  -11.585 0.5000000000
18369  9.242  -66.132  -12.536 0.4000000060
116822  7.551  -66.214  -12.975 0.4000000060
20207  19.093  -64.464  -14.829 0.4000000060
21063  18.621  -63.698  -14.340 0.4000000060
8147  23.394  -79.539  -22.376 0.3000000119
8120  22.630  -79.044  -21.596 0.3000000119
14211  25.285  -71.192  -26.853 0.4000000060
12643  27.020  -73.420  -27.394 0.4000000060
11835  26.419  -74.128  -27.439 0.4000000060
11828  26.588  -74.916  -27.008 0.4000000060
110885  26.273  -70.563  -25.569 0.4000000060
15043  24.760  -70.578  -25.493 0.4000000060
118125  24.939  -70.521  -24.686 0.4000000060
15025  25.499  -70.358  -24.183 0.5000000000
15027  23.907  -70.739  -23.814 0.5000000000
15016  24.308  -70.534  -22.938 0.5000000000
14208  28.316  -72.079  -26.537 0.4000000060
14209  26.708  -71.478  -26.806 0.5000000000
15042  25.560  -70.670  -26.165 0.5000000000
14179  23.076  -71.247  -22.818 0.5000000000
13440  28.088  -72.965  -26.925 0.5000000000
13441  26.823  -72.305  -27.178 0.5000000000
12642  28.566  -73.989  -26.952 0.5000000000
11834  27.288  -74.457  -27.240 0.4000000060
11827  27.449  -74.919  -26.636 0.4000000060
11829  25.806  -75.268  -26.762 0.4000000060
11820  25.791  -75.257  -26.180 0.4000000060
11816  23.914  -75.279  -25.110 0.3000000119
11035  22.409  -75.504  -23.854 0.4000000060
15034  28.761  -70.643  -24.432 0.4000000060
15022  28.018  -70.159  -23.904 0.4000000060
15845  27.386  -69.698  -23.357 0.4000000060
14193  29.642  -71.350  -25.099 0.4000000060
14194  28.668  -71.119  -25.194 0.4000000060
15035  27.774  -70.632  -24.853 0.4000000060
15024  26.320  -70.234  -24.128 0.4000000060
15846  26.591  -69.832  -23.450 0.5000000000
15015  25.110  -70.178  -23.228 0.5000000000
14201  29.118  -71.902  -25.974 0.4000000060
14195  28.054  -71.208  -25.844 0.4000000060
14202  26.517  -70.862  -26.319 0.4000000060
112647  26.183  -69.566  -22.883 0.5000000000
15837  25.538  -69.677  -22.559 0.5000000000
15008  24.260  -70.387  -21.912 0.5000000000
15831  24.798  -69.757  -21.530 0.6000000238
112050  24.531  -69.494  -20.610 0.6000000238
14151  23.137  -71.097  -20.956 0.6000000238
17536  26.294  -66.983  -20.428 0.6000000238
16660  25.335  -68.357  -20.491 0.6000000238
14993  23.510  -70.581  -20.532 0.5000000000
11819  26.618  -75.111  -26.283 0.4000000060
15808  23.943  -69.329  -18.996 0.5000000000
11814  25.432  -74.561  -24.844 0.4000000060
11802  25.244  -74.351  -24.160 0.4000000060
109240  24.028  -74.809  -24.104 0.4000000060
15834  28.529  -68.919  -22.609 0.4000000060
16676  27.047  -68.666  -22.176 0.5000000000
16669  27.294  -67.949  -21.614 0.5000000000
15830  25.451  -69.362  -21.769 0.5000000000
17550  27.541  -67.136  -21.253 0.5000000000
16671  25.793  -68.738  -21.312 0.6000000238
17551  26.796  -67.515  -21.047 0.6000000238
8159  24.359  -79.885  -23.272 0.3000000119
8119  23.131  -78.845  -20.797 0.3000000119
11005  22.522  -75.857  -20.352 0.3000000119
15020  30.541  -70.398  -24.235 0.4000000060
15842  30.785  -69.559  -23.851 0.4000000060
119093  29.873  -69.893  -23.554 0.4000000060
15843  29.168  -69.431  -23.004 0.4000000060
16674  29.593  -68.157  -22.661 0.4000000060
113204  27.978  -68.305  -22.099 0.5000000000
109008  28.866  -68.202  -22.322 0.4000000060
16668  27.934  -67.583  -21.647 0.5000000000
15819  24.836  -68.902  -20.347 0.6000000238
114590  23.381  -70.483  -19.756 0.5000000000
15833  30.009  -69.008  -23.060 0.4000000060
15036  26.782  -70.442  -24.883 0.4000000060
14169  22.985  -71.317  -21.814 0.5000000000
11015  22.593  -75.467  -21.302 0.3000000119
15021  28.939  -70.113  -23.625 0.4000000060
15835  27.650  -69.099  -22.682 0.5000000000
16677  26.193  -69.101  -22.155 0.5000000000
16670  26.529  -68.356  -21.522 0.6000000238
26383  20.123  -57.363  -21.103 0.3000000119
11004  23.013  -75.221  -20.549 0.3000000119
11034  23.329  -75.202  -24.019 0.4000000060
11815  24.716  -74.751  -24.689 0.3000000119
11818  27.561  -74.975  -25.966 0.4000000060
13278  19.808  -72.101  -14.679 0.6000000238
14042  13.752  -71.944  -12.396 0.4000000060
14051  17.811  -71.981  -13.748 0.5000000000
14052  17.228  -71.466  -13.548 0.5000000000
14054  15.621  -71.748  -13.283 0.5000000000
14079  21.095  -71.615  -15.697 0.6000000238
14080  20.456  -71.788  -15.168 0.6000000238
14104  22.723  -70.515  -17.408 0.6000000238
14120  22.733  -71.127  -18.284 0.6000000238
14210  26.024  -71.114  -26.699 0.4000000060
14877  12.642  -71.184  -11.402 0.4000000060
14890  13.970  -71.080  -12.498 0.4000000060
14904  16.033  -70.334  -13.472 0.5000000000
14921  19.343  -70.855  -14.536 0.6000000238
14923  17.786  -70.305  -13.823 0.5000000000
14932  20.570  -70.847  -15.410 0.6000000238
14962  23.472  -69.597  -18.275 0.6000000238
14978  23.506  -70.075  -19.052 0.5000000000
14992  24.116  -70.161  -20.991 0.6000000238
15009  23.616  -70.743  -21.412 0.6000000238
15023  27.127  -70.185  -24.093 0.4000000060
15026  24.659  -70.503  -23.910 0.5000000000
15037  25.529  -70.502  -25.179 0.4000000060
15041  27.128  -70.750  -25.725 0.4000000060
15728  13.601  -69.625  -12.608 0.5000000000
15739  15.976  -69.754  -13.748 0.5000000000
15741  14.462  -70.077  -13.227 0.5000000000
15759  15.200  -69.363  -14.079 0.5000000000
15768  19.369  -69.786  -15.396 0.6999999881
15780  22.121  -69.333  -16.684 0.6000000238
15782  20.362  -69.450  -16.188 0.6999999881
15784  18.981  -69.314  -15.803 0.6999999881
15807  24.414  -69.083  -19.757 0.6999999881
15818  25.152  -69.144  -21.004 0.6000000238
15820  23.893  -69.874  -19.973 0.5000000000
15836  26.816  -69.307  -22.803 0.5000000000
15838  24.867  -70.027  -22.371 0.5000000000
15844  28.265  -69.603  -23.155 0.4000000060
15847  25.857  -69.979  -23.406 0.5000000000
16563  13.626  -68.743  -12.020 0.4000000060
16599  18.349  -68.956  -15.826 0.6999999881
16600  17.497  -68.666  -15.751 0.6000000238
16601  16.547  -68.482  -15.653 0.6000000238
16610  22.141  -68.575  -16.907 0.5000000000
16611  21.444  -68.742  -16.762 0.5000000000
16613  19.680  -68.995  -16.716 0.6999999881
16615  17.959  -68.472  -16.786 0.6999999881
16616  15.903  -68.021  -16.363 0.6000000238
16617  14.356  -68.127  -16.024 0.6000000238
16618  13.130  -68.104  -15.706 0.5000000000
16624  23.233  -68.200  -17.612 0.6000000238
16625  22.477  -68.031  -17.232 0.6999999881
16628  18.949  -68.736  -17.406 0.6999999881
16630  16.879  -67.953  -17.034 0.6000000238
16639  23.810  -68.033  -18.203 0.6000000238
16640  20.119  -68.084  -18.921 0.6999999881
16642  18.541  -68.416  -18.713 0.6999999881
16652  19.235  -68.188  -19.903 0.8000000119
16654  17.816  -68.139  -19.458 0.8999999762
16662  18.726  -68.011  -20.427 0.8000000119
16675  28.548  -67.549  -21.916 0.5000000000
17423  11.449  -67.726  -11.042 0.5000000000
17439  14.103  -66.854  -11.800 0.5000000000
17456  13.677  -68.008  -13.510 0.5000000000
17467  13.833  -67.615  -13.884 0.5000000000
17476  12.570  -67.680  -16.276 0.5000000000
17484  14.685  -67.833  -16.961 0.6000000238
17508  24.552  -66.903  -18.862 0.6999999881
17524  24.701  -67.688  -19.207 0.6999999881
17538  25.114  -67.800  -19.834 0.6999999881
17552  26.052  -67.927  -20.838 0.6000000238
17555  14.981  -66.689  -21.653 0.8000000119
17558  29.839  -67.308  -22.803 0.5000000000
17559  29.205  -67.462  -22.297 0.5000000000
17560  28.878  -66.778  -21.964 0.6000000238
18342  13.543  -66.655  -11.472 0.5000000000
18343  12.341  -66.626  -11.257 0.5000000000
18344  11.470  -66.809  -11.308 0.4000000060
18357  13.999  -66.086  -11.815 0.5000000000
18359  10.031  -66.451  -12.016 0.5000000000
18371  6.991  -66.802  -12.903 0.4000000060
18383  14.978  -66.479  -13.620 0.4000000060
18420  22.751  -66.036  -18.510 0.6999999881
18421  12.205  -66.297  -18.753 0.6999999881
18425  25.704  -66.423  -19.791 0.6999999881
18428  21.607  -66.155  -19.506 0.6000000238
18433  27.225  -65.699  -20.712 0.6999999881
18436  20.432  -66.732  -20.828 0.6000000238
18438  13.909  -66.352  -21.552 0.8000000119
18439  12.982  -65.981  -21.132 0.6000000238
18449  20.326  -66.210  -21.516 0.6999999881
18452  16.698  -66.622  -22.166 0.6999999881
18454  14.525  -66.240  -22.161 0.6999999881
18459  29.667  -66.434  -22.816 0.4000000060
18462  18.013  -66.172  -22.265 0.6999999881
18464  15.888  -66.221  -22.368 0.6999999881
18465  15.009  -66.153  -22.340 0.6999999881
19268  13.308  -66.011  -11.628 0.5000000000
19270  11.691  -66.090  -11.666 0.5000000000
19283  11.135  -65.489  -12.370 0.4000000060
19293  10.352  -65.103  -13.090 0.5000000000
19296  6.964  -65.708  -13.378 0.3000000119
19309  17.677  -65.285  -14.739 0.4000000060
19326  19.047  -65.278  -15.912 0.3000000119
19329  16.893  -65.694  -14.834 0.4000000060
19350  13.020  -65.708  -18.148 0.6999999881
19351  12.164  -66.010  -18.329 0.6999999881
19359  17.328  -65.446  -18.543 0.4000000060
19360  16.399  -65.437  -18.572 0.5000000000
19367  23.579  -65.229  -19.503 0.8000000119
19368  22.779  -65.370  -19.805 0.6000000238
19376  26.688  -65.188  -20.457 0.6999999881
19389  21.962  -65.554  -21.910 0.6000000238
19390  20.245  -65.757  -21.996 0.6000000238
19391  14.465  -65.787  -22.174 0.6999999881
19396  28.676  -65.321  -22.451 0.6000000238
19397  23.232  -65.043  -22.570 0.6000000238
19403  16.999  -65.345  -22.454 0.6000000238
19405  15.062  -65.885  -22.361 0.6999999881
19408  29.559  -65.557  -23.927 0.5000000000
19419  30.920  -65.536  -25.523 0.5000000000
20191  9.815  -64.774  -13.717 0.3000000119
20230  18.914  -65.050  -15.270 0.4000000060
20239  20.267  -64.492  -17.038 0.4000000060
20255  17.865  -65.268  -19.054 0.4000000060
20258  25.135  -64.898  -19.828 0.8000000119
20275  28.103  -64.791  -22.218 0.6000000238
20278  25.386  -64.102  -21.055 0.6999999881
20279  24.476  -64.216  -21.416 0.6999999881
20281  15.827  -64.768  -21.619 0.5000000000
20282  15.030  -65.308  -21.853 0.6000000238
20287  27.531  -64.341  -22.453 0.6000000238
20289  25.247  -64.232  -23.034 0.6999999881
20293  22.247  -64.785  -22.987 0.6999999881
20298  16.048  -64.699  -21.903 0.6000000238
20302  27.381  -64.247  -23.610 0.6000000238
20310  29.185  -64.908  -25.318 0.5000000000
20315  24.842  -64.059  -24.713 0.5000000000
20324  26.747  -64.051  -25.258 0.6000000238
21044  15.026  -63.509  -13.237 0.4000000060
21090  21.550  -63.290  -16.633 0.4000000060
21102  21.367  -63.414  -17.187 0.4000000060
21116  16.777  -64.419  -20.726 0.3000000119
21130  20.737  -63.900  -22.688 0.6000000238
21131  18.275  -63.200  -22.376 0.5000000000
21137  24.150  -64.200  -24.263 0.4000000060
21146  25.976  -64.022  -25.176 0.6000000238
21148  24.391  -63.878  -24.558 0.5000000000
21879  15.118  -62.839  -13.645 0.4000000060
21894  15.323  -62.231  -14.232 0.4000000060
21906  22.317  -62.130  -16.000 0.4000000060
21934  21.406  -63.116  -17.937 0.4000000060
21947  19.710  -62.551  -19.891 0.4000000060
21949  17.841  -62.869  -20.751 0.4000000060
21955  17.408  -62.829  -21.710 0.4000000060
21960  19.256  -62.419  -22.345 0.5000000000
21970  24.115  -62.437  -23.683 0.5000000000
21980  26.371  -62.547  -24.966 0.4000000060
22793  21.738  -60.869  -18.392 0.3000000119
22807  17.770  -61.966  -21.197 0.4000000060
22810  17.906  -61.506  -21.396 0.4000000060
22821  21.682  -61.514  -22.332 0.5000000000
23663  21.030  -60.833  -19.183 0.3000000119
23683  24.565  -60.763  -23.024 0.5000000000
23685  23.011  -60.904  -22.421 0.5000000000
23698  25.782  -60.687  -23.865 0.5000000000
24550  20.513  -60.147  -19.452 0.4000000060
24556  18.434  -59.333  -20.859 0.4000000060
24565  24.142  -59.563  -21.635 0.4000000060
24582  23.098  -59.908  -21.818 0.5000000000
24583  21.816  -60.088  -21.930 0.5000000000
24586  19.170  -59.878  -21.668 0.5000000000
24587  18.836  -59.231  -21.266 0.4000000060
25443  20.910  -58.788  -19.132 0.3000000119
25448  18.783  -58.787  -20.533 0.3000000119
25458  18.987  -58.218  -20.592 0.3000000119
25473  20.991  -58.355  -21.383 0.4000000060
25476  18.670  -58.711  -21.017 0.4000000060
26362  19.491  -57.693  -20.098 0.3000000119
26382  21.014  -56.779  -21.115 0.4000000060
26384  19.451  -57.778  -21.027 0.3000000119
27259  20.086  -57.077  -19.828 0.4000000060
27285  21.693  -56.618  -21.036 0.4000000060
27286  20.424  -56.844  -20.959 0.3000000119
28169  21.362  -55.638  -19.381 0.4000000060
28178  21.148  -55.300  -20.015 0.5000000000
28179  20.730  -56.013  -20.283 0.3000000119
28188  21.325  -55.662  -20.560 0.4000000060
106505  28.883  -63.012  -25.827 0.6000000238
108147  25.282  -75.026  -25.544 0.4000000060
108418  18.568  -66.512  -21.880 0.8000000119
108427  22.229  -61.266  -17.510 0.3000000119
109832  12.406  -67.195  -16.372 0.5000000000
110038  18.909  -67.518  -20.973 0.8000000119
111214  27.787  -73.777  -27.243 0.4000000060
111508  18.780  -65.222  -22.450 0.6999999881
111703  11.999  -65.562  -12.025 0.4000000060
111729  20.755  -68.299  -17.385 0.6999999881
111752  14.515  -66.992  -13.442 0.5000000000
113040  18.914  -63.910  -22.572 0.5000000000
113372  27.365  -71.289  -26.436 0.5000000000
114247  16.681  -70.830  -13.422 0.5000000000
115117  27.450  -72.063  -26.885 0.5000000000
116676  17.180  -67.152  -21.611 0.8000000119
116870  18.255  -59.862  -21.045 0.4000000060
116966  23.489  -66.456  -18.343 0.6000000238
117780  13.265  -68.084  -11.287 0.5000000000
117990  18.954  -65.226  -17.880 0.5000000000
118700  23.655  -70.864  -22.317 0.5000000000
119494  26.086  -70.389  -24.809 0.4000000060
119679  22.219  -63.566  -22.968 0.6000000238
119761  19.645  -60.459  -21.965 0.5000000000
121124  23.969  -63.835  -24.251 0.4000000060
121972  14.972  -66.009  -15.961 0.6000000238
122123  29.255  -68.748  -22.675 0.4000000060
122179  29.648  -70.562  -24.226 0.4000000060
122369  23.994  -66.849  -18.445 0.6000000238
122808  12.534  -66.101  -19.972 0.6000000238
123259  18.351  -64.355  -14.454 0.4000000060
124050  12.141  -66.765  -18.243 0.6999999881
124269  25.169  -69.696  -22.055 0.5000000000
124411  23.884  -64.603  -22.242 0.6999999881
124753  13.560  -68.424  -13.631 0.5000000000
124875  26.270  -64.247  -25.038 0.6999999881
125352  17.378  -64.040  -22.285 0.5000000000
125501  19.918  -64.620  -17.622 0.4000000060
125998  21.158  -57.546  -18.955 0.4000000060
126125  17.741  -65.708  -16.037 0.5000000000
126315  13.859  -65.385  -21.186 0.5000000000
126472  27.439  -72.839  -27.168 0.4000000060
127761  21.999  -66.120  -18.763 0.6000000238
128408  20.556  -57.073  -21.128 0.3000000119
