#!ascii label  , from subject sub-v1s12x0050113_ses-1 vox2ras=TkReg
1387
119752  24.896  -53.556  -12.466 0.8999999762
29041  25.115  -54.070  -12.859 0.8000000119
29064  25.386  -54.187  -13.499 0.8000000119
28123  25.141  -55.724  -14.219 0.6999999881
28122  25.398  -55.000  -14.809 0.8000000119
29948  24.218  -53.689  -11.961 0.8999999762
29946  25.454  -53.504  -13.082 1.0000000000
30838  25.938  -52.838  -13.469 1.0000000000
29962  25.774  -53.585  -13.912 0.8999999762
29077  25.588  -54.275  -14.352 0.8000000119
110013  25.053  -55.819  -15.341 0.8000000119
29091  25.608  -54.235  -15.243 0.8999999762
28146  24.726  -55.306  -16.378 0.6999999881
27227  24.486  -56.201  -16.230 0.6999999881
29919  23.947  -53.012  -11.631 0.8000000119
30791  24.470  -52.483  -11.713 0.8999999762
112020  23.312  -52.031  -11.390 0.8999999762
113484  22.036  -51.809  -11.993 0.8999999762
31722  26.131  -52.033  -13.020 0.8999999762
29975  25.893  -53.622  -14.773 0.8999999762
30857  26.374  -52.445  -14.807 1.0000000000
30871  26.161  -52.991  -15.160 0.8999999762
29107  25.816  -53.520  -15.569 0.8999999762
117314  25.436  -54.005  -16.065 0.8000000119
28147  24.070  -55.634  -17.073 0.6999999881
31692  25.493  -51.153  -11.860 0.8999999762
31675  24.595  -51.087  -11.307 0.8999999762
119023  23.748  -51.027  -11.089 0.8999999762
118372  23.175  -51.385  -11.302 0.8999999762
31693  22.520  -51.152  -11.631 0.8999999762
30817  24.991  -51.856  -11.745 0.8999999762
31691  26.117  -51.246  -12.606 0.8999999762
30837  26.437  -52.129  -14.032 1.0000000000
30003  25.623  -53.230  -16.299 0.8000000119
29108  24.904  -54.423  -16.607 0.8000000119
29118  24.425  -53.902  -17.385 0.8000000119
106648  23.681  -54.149  -17.872 0.8000000119
30012  23.085  -53.549  -18.370 0.8000000119
32584  24.033  -50.379  -10.840 0.8999999762
32607  22.321  -50.324  -11.789 0.8999999762
32634  21.961  -50.175  -12.755 0.8999999762
32583  25.188  -50.304  -11.263 0.8999999762
33497  22.238  -49.491  -12.183 0.8999999762
32645  21.339  -50.768  -14.037 0.8000000119
32606  26.066  -50.510  -12.125 0.8999999762
125131  22.353  -48.791  -12.679 0.6999999881
33515  21.730  -49.969  -13.940 0.6999999881
32646  21.086  -50.199  -14.744 0.6999999881
32605  26.467  -50.653  -12.878 0.8999999762
33526  22.111  -48.865  -14.426 0.6999999881
33533  20.999  -48.513  -15.579 0.6999999881
32633  26.799  -50.356  -13.526 1.0000000000
34346  21.926  -47.837  -15.270 0.6000000238
115106  26.842  -50.793  -14.146 1.0000000000
31742  26.671  -51.372  -14.310 1.0000000000
116938  26.581  -51.776  -14.901 1.0000000000
30870  26.364  -52.294  -15.591 1.0000000000
124228  26.026  -52.918  -15.822 0.8999999762
31748  26.664  -51.482  -15.697 1.0000000000
31754  26.618  -51.249  -16.459 0.8999999762
124490  25.974  -52.438  -16.470 0.8000000119
30880  25.318  -52.814  -17.049 0.8000000119
30010  24.602  -53.089  -17.522 0.8000000119
125456  24.147  -52.578  -18.073 0.8000000119
30011  23.814  -53.266  -18.051 0.8000000119
30887  23.292  -52.410  -18.424 0.8000000119
31765  24.068  -51.703  -18.324 0.8000000119
31766  22.868  -51.384  -18.613 0.8000000119
32585  23.096  -50.479  -11.174 0.8999999762
33472  24.432  -49.682  -10.748 0.8999999762
33473  23.457  -49.508  -10.850 0.8999999762
33496  22.683  -49.618  -11.336 0.8999999762
34308  22.537  -48.783  -11.670 0.8999999762
33494  26.596  -49.863  -12.675 0.8999999762
34328  22.561  -48.278  -13.827 0.6000000238
34341  22.446  -47.833  -14.882 0.6000000238
33513  27.103  -49.551  -13.520 1.0000000000
35121  20.798  -47.386  -15.281 0.5000000000
33525  27.192  -50.056  -14.416 1.0000000000
35967  21.315  -46.443  -14.665 0.5000000000
33532  27.585  -49.417  -15.127 1.0000000000
106424  26.922  -50.922  -14.986 1.0000000000
32650  27.309  -50.140  -15.456 1.0000000000
32651  27.027  -50.760  -15.978 1.0000000000
31762  26.409  -51.114  -17.086 0.8999999762
30886  25.560  -52.036  -17.290 0.8000000119
32664  26.236  -50.621  -17.575 0.8999999762
31763  25.832  -51.305  -17.480 0.8000000119
31764  25.036  -51.494  -17.897 0.8000000119
33547  25.905  -49.988  -18.175 0.8999999762
32665  25.427  -50.733  -18.026 0.8000000119
32666  24.510  -50.815  -18.352 0.8000000119
32667  23.465  -50.741  -18.571 0.8000000119
33558  23.358  -49.411  -18.928 0.8000000119
32672  22.856  -49.927  -18.867 0.8000000119
125544  22.900  -49.100  -11.080 0.8999999762
33471  25.277  -49.353  -10.964 0.8999999762
34287  25.359  -48.528  -10.785 0.8999999762
34289  22.758  -47.989  -11.678 0.6999999881
34309  22.587  -48.092  -12.618 0.8000000119
120123  26.485  -49.212  -12.142 0.8999999762
34307  26.033  -48.926  -11.430 0.8999999762
35106  22.789  -47.407  -14.424 0.6999999881
113904  22.749  -46.913  -14.862 0.6000000238
35119  22.173  -47.243  -15.187 0.6000000238
35949  23.170  -45.863  -14.114 0.6999999881
35966  22.945  -46.126  -14.601 0.6000000238
113062  22.304  -46.441  -14.925 0.5000000000
35951  21.693  -45.755  -14.372 0.5000000000
35952  20.805  -46.186  -13.589 0.5000000000
34340  27.509  -49.129  -14.240 1.0000000000
117774  27.589  -49.555  -15.881 1.0000000000
32657  27.329  -50.018  -16.318 1.0000000000
32658  26.883  -50.537  -16.887 0.8999999762
34345  28.191  -48.172  -15.662 1.0000000000
33539  27.651  -49.190  -16.647 0.8999999762
33540  27.251  -49.798  -17.018 0.8999999762
33546  26.721  -49.899  -17.616 0.8999999762
33545  27.259  -49.166  -17.548 0.8999999762
33555  26.475  -49.126  -18.334 0.8999999762
33556  25.384  -49.295  -18.702 0.8999999762
33557  24.299  -49.362  -18.845 0.8999999762
34358  27.185  -48.399  -18.157 0.8999999762
34369  26.542  -48.312  -18.721 0.8999999762
35157  26.129  -47.791  -19.160 0.8999999762
34288  24.297  -48.805  -10.611 0.8999999762
34271  23.911  -47.889  -10.530 0.8999999762
34272  23.131  -47.406  -11.154 1.0000000000
35086  22.867  -47.185  -12.542 0.8000000119
35067  25.461  -47.717  -10.640 0.8999999762
125170  22.794  -47.516  -13.608 0.6999999881
34327  26.939  -49.023  -12.815 0.8999999762
34306  26.660  -48.529  -12.085 0.8999999762
35928  23.087  -46.082  -13.014 0.6999999881
36835  23.095  -45.349  -13.679 0.6999999881
36854  22.576  -45.680  -14.406 0.5000000000
34326  27.352  -48.823  -13.494 1.0000000000
36837  21.904  -45.099  -13.949 0.5000000000
36838  21.035  -45.448  -13.382 0.5000000000
116741  27.770  -48.235  -14.008 1.0000000000
35118  28.181  -47.874  -14.843 1.0000000000
35117  28.440  -47.132  -14.796 1.0000000000
35126  28.431  -47.440  -15.568 1.0000000000
128291  28.356  -47.709  -16.261 1.0000000000
35973  28.654  -46.666  -15.539 1.0000000000
35133  28.279  -47.505  -17.136 0.8999999762
35145  27.692  -47.605  -18.049 0.8999999762
35995  27.316  -46.800  -18.708 0.8999999762
34397  25.090  -48.320  -21.583 0.6999999881
35179  24.269  -47.787  -21.299 0.8000000119
107659  23.550  -48.080  -20.882 0.8000000119
35180  23.570  -47.162  -20.940 0.8000000119
35066  26.354  -47.166  -11.121 0.8999999762
35891  25.420  -46.877  -10.425 1.0000000000
35049  24.619  -47.374  -10.416 1.0000000000
126821  23.727  -46.530  -10.570 1.0000000000
35913  23.340  -46.595  -10.990 0.6999999881
35085  23.050  -46.647  -11.806 0.6999999881
34305  27.316  -48.149  -12.914 0.8999999762
35084  26.879  -47.704  -11.965 0.8999999762
36814  23.043  -45.267  -12.621 0.6999999881
37701  22.618  -45.056  -13.936 0.6000000238
35105  27.846  -47.437  -13.484 1.0000000000
37685  21.149  -44.627  -13.166 0.4000000060
125100  28.138  -47.522  -14.211 1.0000000000
35983  28.792  -46.206  -16.334 1.0000000000
35984  28.554  -46.506  -17.153 1.0000000000
36877  28.744  -45.648  -17.052 1.0000000000
36009  23.614  -46.831  -20.496 0.8999999762
35187  26.428  -47.658  -21.758 0.6000000238
128346  25.873  -47.516  -21.713 0.6000000238
36026  24.978  -46.502  -21.558 0.8000000119
116405  24.097  -46.911  -21.242 0.8000000119
109626  23.367  -47.821  -20.616 0.8999999762
35912  26.878  -46.356  -11.424 0.8999999762
111579  23.130  -45.933  -11.712 0.8000000119
37682  22.853  -44.788  -13.192 0.6999999881
37683  22.458  -44.479  -13.370 0.6000000238
128162  21.407  -43.937  -13.205 0.4000000060
35948  28.006  -46.619  -13.178 1.0000000000
35083  27.476  -47.200  -12.607 0.8999999762
35104  28.296  -46.862  -14.015 1.0000000000
35965  28.616  -46.319  -14.705 1.0000000000
36867  28.898  -45.829  -15.543 1.0000000000
36876  28.963  -45.493  -16.313 1.0000000000
117589  28.928  -44.853  -16.819 1.0000000000
36000  24.643  -46.762  -19.658 0.8999999762
120982  24.112  -45.408  -19.834 0.8999999762
36891  24.045  -46.006  -20.031 0.8999999762
36908  23.138  -45.645  -20.963 0.8999999762
36900  23.407  -45.849  -20.676 0.8999999762
35177  27.791  -47.281  -21.731 0.6000000238
36024  26.910  -47.091  -21.713 0.6000000238
111834  25.660  -45.991  -21.629 0.8000000119
116754  24.846  -45.784  -21.606 0.8000000119
36028  23.490  -46.238  -21.077 0.8999999762
36779  25.342  -46.030  -10.173 0.8999999762
35892  24.383  -46.507  -10.272 0.8999999762
35893  23.554  -45.919  -10.639 0.6999999881
37634  25.321  -45.207  -9.924 0.8999999762
36780  24.454  -45.605  -10.064 0.8999999762
35927  27.081  -46.958  -11.866 1.0000000000
35911  27.270  -45.752  -11.617 1.0000000000
36800  26.728  -45.662  -11.018 1.0000000000
37667  22.958  -44.542  -12.203 0.6000000238
37668  22.682  -44.055  -12.760 0.6000000238
38503  22.205  -43.612  -12.993 0.5000000000
36834  28.153  -45.779  -12.959 1.0000000000
35926  27.548  -46.304  -12.257 1.0000000000
36812  28.266  -44.977  -12.820 1.0000000000
35947  28.439  -46.036  -13.834 1.0000000000
36852  28.835  -45.335  -14.634 1.0000000000
37713  29.119  -44.865  -15.772 1.0000000000
37718  29.062  -44.048  -16.496 1.0000000000
37719  28.603  -44.070  -17.369 1.0000000000
117297  28.439  -44.932  -17.648 1.0000000000
119202  27.870  -44.152  -18.111 1.0000000000
117296  27.738  -45.067  -18.328 1.0000000000
37722  26.808  -44.351  -18.665 1.0000000000
114547  26.171  -45.084  -19.128 0.8999999762
117098  27.036  -45.269  -18.796 0.8999999762
36890  24.832  -45.933  -19.618 0.8999999762
115000  23.391  -45.214  -20.269 0.8999999762
36923  23.410  -45.454  -21.287 0.8999999762
36917  29.449  -46.015  -20.747 0.6000000238
124496  28.273  -46.801  -21.517 0.6000000238
36023  27.499  -46.550  -21.524 0.6000000238
36921  25.213  -45.208  -21.650 0.8000000119
36922  24.223  -45.256  -21.604 0.8000000119
112180  26.076  -45.526  -10.356 0.8999999762
37635  24.474  -44.765  -9.913 0.6999999881
36802  23.193  -45.164  -11.431 0.6000000238
37653  23.232  -44.354  -11.062 0.6000000238
36799  27.282  -44.984  -11.340 0.8999999762
38487  22.888  -43.790  -11.866 0.6000000238
38488  22.508  -43.303  -12.398 0.5000000000
36813  27.769  -45.402  -12.171 1.0000000000
37666  27.934  -44.577  -12.096 0.8999999762
36833  28.518  -45.214  -13.628 1.0000000000
37700  28.783  -44.635  -14.140 1.0000000000
112526  29.080  -44.365  -14.891 1.0000000000
110723  29.173  -44.015  -15.668 1.0000000000
38539  29.056  -43.297  -16.036 1.0000000000
38540  28.696  -43.238  -16.946 1.0000000000
38552  27.090  -43.358  -18.288 1.0000000000
38553  26.030  -43.394  -18.757 1.0000000000
37729  25.578  -44.188  -19.162 0.8999999762
113527  24.943  -45.023  -19.465 0.8999999762
37731  23.669  -44.693  -19.792 0.8999999762
125248  22.526  -44.429  -20.685 0.8999999762
36906  28.854  -45.282  -20.543 0.6000000238
36918  28.292  -46.085  -21.098 0.6000000238
36919  27.234  -45.754  -21.348 0.6000000238
36920  26.271  -45.320  -21.521 0.6999999881
37757  25.616  -44.555  -21.594 0.6999999881
37759  23.434  -44.669  -21.470 0.8000000119
38592  22.702  -44.146  -21.068 0.8999999762
108704  30.449  -45.848  -20.585 0.6000000238
121545  25.226  -44.082  -21.667 0.6999999881
37758  24.574  -44.427  -21.714 0.8000000119
38591  23.557  -43.802  -21.533 0.8999999762
38458  23.545  -43.877  -10.474 0.6999999881
38471  23.140  -43.629  -11.037 0.6000000238
37651  26.821  -44.410  -10.597 0.8999999762
37652  26.085  -44.786  -10.098 0.8000000119
38456  25.325  -43.519  -9.601 0.6999999881
37665  28.322  -44.317  -12.748 1.0000000000
38485  28.150  -43.770  -12.273 0.8000000119
38502  28.522  -43.720  -13.122 0.8999999762
38518  28.861  -43.784  -14.097 1.0000000000
38531  29.115  -43.479  -15.097 1.0000000000
39321  28.905  -42.604  -15.407 1.0000000000
38546  28.012  -43.266  -17.698 1.0000000000
37730  24.332  -44.078  -19.479 0.8999999762
127424  22.592  -43.876  -20.146 0.8999999762
36907  27.802  -45.235  -20.877 0.6000000238
37756  26.496  -44.490  -21.323 0.6999999881
37744  30.337  -44.374  -19.871 0.6000000238
36905  29.906  -45.232  -20.192 0.6000000238
117704  25.831  -43.880  -21.483 0.6999999881
38590  24.800  -43.520  -21.612 0.6999999881
38457  24.311  -43.867  -9.856 0.6999999881
111787  23.553  -43.144  -10.373 0.6000000238
38470  26.166  -43.982  -9.915 0.8000000119
109513  25.299  -44.380  -9.719 0.8000000119
39259  24.499  -42.947  -9.703 0.6999999881
39271  27.443  -43.113  -10.952 0.6999999881
38469  26.939  -43.594  -10.428 0.8000000119
38486  27.909  -43.114  -11.757 0.6999999881
39282  28.369  -42.911  -12.636 0.6999999881
121278  28.571  -42.394  -13.176 0.8000000119
39293  28.713  -42.196  -13.803 0.8000000119
39309  28.908  -42.809  -14.446 0.8000000119
111011  28.723  -41.816  -14.664 0.8000000119
39330  28.647  -42.477  -16.364 1.0000000000
39331  28.122  -42.406  -17.220 1.0000000000
39339  26.339  -42.571  -18.390 1.0000000000
40186  27.377  -41.501  -17.375 1.0000000000
39338  27.285  -42.463  -17.878 1.0000000000
39348  25.304  -42.638  -18.737 1.0000000000
38554  24.886  -43.354  -19.149 0.8999999762
39349  24.210  -42.637  -19.123 0.8999999762
38555  23.685  -43.320  -19.489 0.8999999762
38561  22.715  -43.335  -20.079 0.8999999762
37745  29.360  -44.481  -20.038 0.6000000238
37746  28.345  -44.499  -20.424 0.6000000238
37747  27.361  -44.487  -20.858 0.6000000238
113239  22.529  -43.135  -20.510 0.8999999762
39381  22.762  -43.247  -20.970 0.8999999762
38589  25.816  -43.071  -21.190 0.6999999881
109826  23.735  -42.942  -21.391 0.8999999762
122295  23.151  -42.551  -21.018 0.8999999762
38455  26.273  -43.068  -9.763 0.6999999881
118816  23.199  -42.445  -10.649 0.6000000238
39256  27.356  -42.454  -10.633 0.6999999881
39258  25.940  -42.187  -9.499 0.6000000238
126802  27.705  -42.596  -11.303 0.6999999881
39270  28.080  -42.337  -11.921 0.6999999881
113599  28.410  -42.028  -12.624 0.6999999881
40150  28.671  -41.281  -13.713 0.8000000119
40161  28.416  -41.000  -15.154 0.8000000119
40177  28.531  -41.745  -15.714 0.8000000119
40178  28.129  -41.635  -16.605 1.0000000000
40162  28.099  -40.932  -15.985 0.8000000119
40187  26.522  -41.725  -18.057 1.0000000000
109687  25.616  -41.913  -18.431 1.0000000000
41025  26.521  -40.876  -17.707 1.0000000000
126827  25.023  -41.419  -18.505 1.0000000000
39340  24.664  -41.997  -18.724 1.0000000000
40198  23.680  -41.969  -19.156 1.0000000000
39350  23.208  -42.597  -19.673 0.8999999762
39358  22.764  -42.588  -20.278 0.8999999762
38573  29.800  -43.802  -19.769 0.6000000238
38574  28.876  -43.597  -19.893 0.6000000238
113429  27.865  -43.829  -20.423 0.6999999881
39373  22.835  -42.595  -20.618 0.8999999762
38588  26.840  -43.633  -20.848 0.6999999881
39380  24.789  -42.588  -21.333 0.6999999881
39372  23.823  -42.162  -21.156 0.8999999762
123042  24.022  -41.576  -9.890 0.5000000000
39257  26.778  -42.333  -9.938 0.6000000238
40108  25.593  -41.301  -9.445 0.5000000000
115583  27.731  -41.155  -10.896 0.6999999881
40106  27.268  -41.736  -10.328 0.6999999881
124097  27.727  -41.950  -11.185 0.6999999881
40968  28.602  -40.502  -12.235 0.6999999881
40119  28.232  -41.398  -11.875 0.6999999881
40974  28.804  -40.479  -13.122 0.6999999881
41856  29.069  -39.734  -13.413 0.6999999881
124405  28.612  -40.956  -14.407 0.8000000119
40998  28.528  -40.263  -14.712 0.8000000119
41879  28.435  -39.480  -15.063 0.8000000119
40999  28.171  -40.213  -15.482 0.8000000119
41880  27.970  -39.420  -15.779 0.8000000119
41014  27.705  -40.151  -16.171 0.8000000119
41024  27.593  -40.832  -16.689 0.8999999762
127369  27.075  -40.668  -17.205 1.0000000000
41015  27.180  -40.073  -16.799 0.8999999762
117963  26.581  -40.069  -17.391 1.0000000000
40188  25.738  -41.124  -18.225 1.0000000000
40189  24.196  -41.363  -18.773 1.0000000000
109526  23.035  -41.878  -19.874 0.8999999762
40205  22.957  -41.867  -20.361 0.8999999762
113253  29.788  -43.052  -19.731 0.6000000238
38576  26.756  -42.603  -20.551 0.6999999881
39371  24.818  -41.764  -20.975 0.8000000119
40217  23.166  -41.929  -20.762 0.8999999762
39366  30.480  -42.608  -20.150 0.6000000238
39370  25.796  -42.199  -20.835 0.6999999881
121752  23.848  -41.299  -20.864 0.8000000119
41049  23.140  -41.064  -20.459 0.8999999762
127036  23.510  -40.588  -20.746 0.8999999762
40107  26.549  -41.510  -9.690 0.5000000000
40945  25.246  -40.387  -9.464 0.5000000000
40957  27.627  -40.352  -10.556 0.6999999881
40944  26.288  -40.525  -9.526 0.5000000000
40956  28.189  -40.480  -11.352 0.6999999881
41849  28.977  -39.728  -12.576 0.6999999881
41855  29.245  -39.113  -13.695 0.6999999881
40981  28.804  -40.378  -13.923 0.6999999881
42735  28.806  -38.900  -14.752 0.8000000119
42747  28.461  -38.607  -15.439 0.8000000119
41892  27.397  -39.391  -16.408 0.8000000119
42748  27.793  -38.671  -16.165 0.8000000119
41893  26.785  -39.358  -17.004 0.8000000119
41026  25.753  -40.175  -18.018 0.8999999762
126529  24.948  -39.903  -18.396 1.0000000000
41027  24.815  -40.676  -18.488 1.0000000000
41903  25.322  -39.330  -18.099 0.8999999762
40190  23.761  -40.728  -18.877 1.0000000000
40199  23.355  -41.306  -19.316 1.0000000000
117113  23.138  -40.722  -19.451 1.0000000000
119453  22.842  -40.470  -20.244 0.8999999762
38575  27.912  -42.863  -20.131 0.6999999881
41039  22.782  -40.309  -19.816 0.8999999762
39367  29.055  -42.541  -19.722 0.6000000238
39368  28.452  -41.845  -19.749 0.6000000238
110025  23.002  -40.183  -20.593 0.8999999762
39369  27.502  -41.914  -20.000 0.6999999881
116389  26.658  -41.829  -20.370 0.6999999881
40216  25.973  -41.259  -20.493 0.6999999881
119498  24.913  -41.045  -20.755 0.6999999881
41930  22.853  -39.281  -20.607 0.8999999762
115340  24.396  -40.497  -20.736 0.6999999881
40943  27.131  -40.918  -10.063 0.6000000238
110105  27.034  -40.181  -9.938 0.5000000000
41837  28.070  -39.814  -10.905 0.6999999881
42723  29.119  -38.890  -12.158 0.6999999881
113430  28.594  -39.593  -11.623 0.6999999881
41848  29.329  -39.070  -12.982 0.6999999881
42711  29.183  -37.994  -11.892 0.6999999881
42729  29.459  -38.478  -13.520 0.6999999881
41864  29.224  -38.704  -14.216 0.6999999881
108185  29.555  -37.947  -14.133 0.6999999881
43629  29.136  -38.219  -14.822 0.6999999881
43640  28.960  -37.693  -15.485 0.8000000119
43641  28.280  -37.903  -16.084 0.8000000119
42762  27.120  -38.684  -16.714 0.8000000119
124070  28.025  -37.262  -16.572 0.8000000119
43656  27.358  -37.330  -17.039 0.8000000119
42763  26.470  -38.649  -17.270 0.8000000119
42766  25.611  -38.455  -17.811 0.8999999762
41904  24.493  -39.373  -18.453 0.8999999762
41028  24.126  -40.049  -18.627 1.0000000000
44603  27.076  -36.670  -17.425 0.8000000119
43664  26.652  -37.397  -17.399 0.8000000119
41034  23.289  -40.138  -19.145 1.0000000000
41905  23.570  -39.455  -18.804 1.0000000000
113621  29.359  -41.646  -19.918 0.6000000238
41913  22.785  -39.475  -19.540 1.0000000000
40215  27.175  -41.151  -20.048 0.6999999881
41047  26.754  -40.378  -20.222 0.6999999881
41919  22.608  -39.799  -20.234 0.8999999762
41931  22.246  -38.968  -20.105 1.0000000000
41048  25.597  -40.416  -20.510 0.6999999881
41928  25.088  -39.701  -20.591 0.8000000119
41929  23.768  -39.785  -20.758 0.8000000119
42722  29.448  -38.281  -12.692 0.6999999881
43613  29.491  -37.451  -12.481 0.6999999881
43622  29.665  -37.698  -13.319 0.6999999881
108304  29.905  -37.106  -13.978 0.6999999881
44580  29.996  -36.429  -14.766 0.6999999881
43639  29.404  -36.857  -15.541 0.6999999881
43628  29.557  -37.392  -14.807 0.6999999881
43655  28.727  -37.112  -16.112 0.8000000119
128414  28.416  -36.634  -16.586 0.8000000119
44598  27.814  -36.611  -17.025 0.8000000119
111941  24.879  -38.827  -18.254 0.8999999762
106242  25.890  -37.537  -17.696 0.8000000119
43666  25.094  -37.667  -18.116 0.8999999762
42768  24.030  -38.696  -18.556 0.8999999762
40214  28.718  -41.027  -19.981 0.6000000238
44606  24.447  -36.945  -18.356 0.8999999762
43667  24.202  -37.852  -18.420 0.8999999762
42773  23.131  -38.902  -18.980 1.0000000000
42774  22.537  -38.633  -19.475 0.8999999762
41927  26.297  -39.605  -20.474 0.6999999881
42780  22.049  -38.327  -19.865 0.8999999762
119822  24.649  -38.994  -20.665 0.8000000119
41942  22.420  -38.628  -20.494 0.8000000119
44574  29.773  -36.847  -13.059 0.6999999881
44586  29.717  -36.116  -15.577 0.6999999881
45431  30.095  -35.561  -15.183 0.6999999881
44597  29.113  -36.231  -16.257 0.6999999881
44604  26.279  -36.792  -17.706 0.8000000119
44605  25.452  -36.889  -18.009 0.8000000119
45452  25.924  -36.216  -18.078 0.8000000119
41046  27.934  -40.438  -20.131 0.6000000238
44616  25.091  -36.181  -18.350 0.8000000119
43674  23.153  -38.107  -18.834 0.8999999762
43675  22.267  -37.880  -19.366 0.8999999762
42788  25.805  -38.899  -20.653 0.6999999881
42791  21.954  -38.297  -20.213 0.8000000119
42789  24.288  -38.343  -20.767 0.6999999881
42790  23.164  -38.390  -20.794 0.8000000119
116847  30.022  -36.184  -13.684 0.6999999881
45425  30.209  -35.525  -14.314 0.6999999881
127943  30.278  -34.990  -14.775 0.6999999881
45451  26.673  -36.072  -17.782 0.8000000119
128197  26.317  -35.681  -18.162 0.8000000119
44607  23.593  -37.364  -18.586 0.8999999762
44618  23.390  -36.638  -18.636 0.8999999762
41926  27.424  -39.540  -20.659 0.6000000238
110424  22.673  -37.253  -18.865 0.8999999762
42787  26.838  -38.838  -20.880 0.6999999881
113848  21.742  -37.127  -19.352 0.8999999762
42805  25.345  -38.231  -20.787 0.6999999881
43697  23.967  -37.781  -20.882 0.8000000119
43698  21.713  -37.616  -20.300 0.8000000119
43708  24.274  -37.073  -21.051 0.6999999881
118614  23.094  -37.456  -20.941 0.8000000119
42806  22.332  -38.012  -20.637 0.8000000119
44650  23.492  -36.544  -21.091 0.8000000119
45419  29.893  -35.238  -13.409 0.6999999881
106937  30.183  -34.690  -14.067 0.6000000238
41925  28.231  -39.803  -20.856 0.6000000238
45464  24.821  -35.339  -18.742 0.8000000119
114043  23.169  -35.910  -18.704 0.8999999762
44619  22.151  -36.297  -18.876 0.8999999762
41941  27.495  -38.845  -21.373 0.6000000238
116638  21.267  -36.318  -19.471 0.8999999762
44628  21.167  -37.091  -19.906 0.8999999762
43709  22.136  -37.407  -20.740 0.8000000119
107493  25.314  -36.861  -21.221 0.6999999881
44651  22.373  -36.794  -20.928 0.8000000119
122642  21.633  -36.273  -20.664 0.8000000119
45465  23.616  -35.285  -18.789 0.8000000119
43706  26.995  -37.411  -21.709 0.5000000000
42804  26.393  -38.144  -21.098 0.6000000238
112504  25.902  -37.481  -21.184 0.6000000238
121287  21.032  -35.786  -19.623 0.8000000119
44649  24.629  -36.157  -21.242 0.6000000238
107154  23.649  -35.776  -21.180 0.6999999881
45495  22.574  -35.959  -21.017 0.8000000119
44637  21.509  -36.944  -20.490 0.8000000119
46214  22.888  -34.557  -19.063 0.8000000119
46215  21.721  -34.539  -19.269 0.8000000119
46224  21.134  -34.649  -19.635 0.8999999762
46243  21.632  -34.233  -20.653 0.8000000119
108210  21.415  -35.328  -20.507 0.8000000119
46230  20.953  -34.393  -20.086 0.8000000119
126102  23.420  -33.961  -19.255 0.8000000119
46937  21.326  -33.763  -19.793 0.8000000119
43707  26.284  -36.732  -21.543 0.6000000238
44648  25.697  -36.110  -21.459 0.6000000238
123685  25.235  -35.542  -21.460 0.6000000238
46956  21.819  -33.468  -20.822 0.6999999881
46943  21.297  -33.537  -20.361 0.8000000119
113957  24.614  -34.452  -21.516 0.6000000238
46242  22.773  -34.006  -21.163 0.6000000238
46955  22.690  -33.150  -21.247 0.6999999881
45492  25.992  -35.382  -21.618 0.6000000238
46240  25.323  -34.859  -21.580 0.6000000238
47674  24.007  -32.315  -19.904 0.8000000119
47661  21.963  -32.887  -19.806 0.8000000119
44647  26.554  -35.985  -21.701 0.6000000238
47660  23.306  -33.114  -19.551 0.8000000119
45503  27.313  -35.899  -21.842 0.5000000000
47685  22.060  -32.061  -20.610 0.8000000119
45491  26.803  -35.227  -21.721 0.6000000238
47699  22.197  -32.073  -21.032 0.6000000238
45490  27.549  -35.189  -21.696 0.5000000000
46239  26.180  -34.585  -21.659 0.6000000238
46954  24.027  -33.711  -21.495 0.6000000238
46953  25.356  -33.976  -21.621 0.6000000238
47696  24.952  -33.140  -21.693 0.6000000238
123776  24.808  -32.461  -21.782 0.6000000238
48530  23.367  -31.579  -20.269 0.8000000119
47675  22.632  -32.211  -19.971 0.8000000119
48529  24.635  -31.581  -20.153 0.8000000119
49366  24.005  -30.823  -20.459 0.6999999881
48531  22.566  -31.580  -20.330 0.6999999881
46238  27.102  -34.325  -21.641 0.6000000238
47716  23.039  -31.836  -21.436 0.6000000238
49419  22.633  -31.157  -21.233 0.6000000238
48556  22.345  -31.433  -20.845 0.6999999881
47715  24.168  -31.869  -21.756 0.6000000238
46951  27.095  -33.219  -21.661 0.5000000000
46966  25.760  -33.318  -21.694 0.6000000238
118092  24.476  -29.998  -20.483 0.6999999881
115831  23.444  -30.090  -20.760 0.6000000238
49400  22.712  -30.711  -21.156 0.6000000238
49384  22.501  -31.108  -20.858 0.6000000238
49418  23.023  -30.422  -21.604 0.6000000238
49383  22.944  -30.244  -21.136 0.6000000238
47712  27.502  -32.335  -21.914 0.5000000000
118607  26.109  -31.888  -22.069 0.6000000238
48570  25.640  -31.297  -22.229 0.6000000238
48572  23.451  -31.112  -21.728 0.6000000238
49399  23.034  -29.882  -21.571 0.6000000238
47713  26.641  -32.450  -21.881 0.6000000238
122460  26.310  -31.424  -22.252 0.6000000238
47711  28.034  -31.671  -22.265 0.4000000060
49416  27.777  -30.875  -22.646 0.5000000000
50223  23.879  -29.261  -20.849 0.6000000238
116477  25.136  -30.364  -22.418 0.6000000238
118669  23.789  -30.416  -22.132 0.6000000238
50254  23.361  -29.183  -21.467 0.6000000238
49417  26.384  -30.879  -22.424 0.6000000238
124703  25.719  -29.665  -22.557 0.6000000238
48569  27.010  -31.567  -22.263 0.5000000000
126990  27.099  -30.915  -22.508 0.5000000000
48568  28.653  -31.011  -22.420 0.4000000060
49415  28.485  -30.279  -22.810 0.4000000060
116258  24.058  -29.774  -22.317 0.6000000238
50273  23.250  -29.051  -21.915 0.5000000000
125125  23.781  -28.565  -21.180 0.5000000000
51036  24.530  -28.397  -20.789 0.5000000000
51061  23.670  -28.348  -22.095 0.5000000000
108652  26.211  -30.164  -22.552 0.6000000238
50269  27.106  -30.299  -22.705 0.5000000000
49428  27.875  -30.141  -22.964 0.4000000060
51887  24.702  -27.552  -20.987 0.4000000060
50271  24.787  -29.349  -22.485 0.6000000238
51060  24.543  -28.380  -22.399 0.5000000000
51076  26.898  -28.770  -22.882 0.4000000060
111474  25.779  -28.830  -22.630 0.6000000238
51077  24.764  -27.528  -22.366 0.4000000060
50287  27.577  -29.457  -23.049 0.4000000060
109613  27.123  -27.967  -23.039 0.4000000060
52764  24.761  -26.470  -22.149 0.4000000060
51058  26.340  -28.166  -22.787 0.4000000060
51929  25.437  -27.095  -22.571 0.4000000060
115872  28.230  -29.046  -23.295 0.4000000060
51912  26.298  -27.362  -22.855 0.4000000060
52719  26.345  -26.732  -20.844 0.4000000060
52741  24.590  -26.524  -21.820 0.4000000060
51930  24.895  -26.885  -22.317 0.4000000060
51928  27.985  -27.763  -23.398 0.4000000060
109411  27.206  -27.109  -23.204 0.4000000060
124762  26.483  -26.662  -23.025 0.4000000060
111246  25.906  -26.681  -22.764 0.4000000060
53524  25.138  -26.075  -21.645 0.4000000060
53533  25.202  -25.649  -22.045 0.4000000060
52750  24.610  -26.332  -22.026 0.4000000060
53555  25.664  -25.603  -22.552 0.4000000060
53556  25.200  -25.932  -22.305 0.4000000060
54353  25.705  -25.431  -21.757 0.4000000060
53542  25.519  -25.465  -22.357 0.4000000060
124247  23.797  -47.381  -21.139 0.8000000119
35173  23.480  -47.413  -20.576 0.8999999762
35166  23.311  -47.882  -19.906 0.8999999762
34394  23.015  -48.319  -20.187 0.8999999762
34382  22.965  -48.389  -19.760 0.8999999762
35994  28.100  -46.725  -17.975 0.8999999762
36880  28.296  -45.818  -17.837 1.0000000000
121540  25.351  -47.989  -19.333 0.8999999762
35146  26.931  -47.645  -18.743 0.8999999762
35159  24.418  -47.671  -19.584 0.8999999762
35998  26.378  -46.889  -19.232 0.8999999762
126903  26.137  -46.272  -19.324 0.8999999762
36881  27.602  -45.936  -18.535 1.0000000000
36889  25.761  -45.782  -19.373 0.8999999762
51902  23.828  -27.754  -21.755 0.4000000060
51914  23.838  -27.725  -21.996 0.4000000060
51901  24.317  -27.253  -21.558 0.4000000060
51886  25.635  -27.260  -20.829 0.4000000060
30816  25.326  -52.668  -12.452 0.8999999762
30858  26.161  -52.965  -14.357 1.0000000000
31677  22.673  -51.937  -11.548 0.8999999762
31721  26.529  -51.232  -13.498 1.0000000000
30004  25.095  -53.605  -16.835 0.8000000119
33495  26.022  -49.716  -11.708 0.8999999762
118377  27.890  -48.641  -14.945 1.0000000000
32670  24.938  -50.056  -18.469 0.8999999762
32671  23.913  -50.046  -18.622 0.8000000119
110873  23.688  -48.223  -19.560 0.8999999762
34373  22.556  -49.146  -19.414 0.8000000119
34357  27.768  -48.389  -17.356 0.8999999762
35158  25.451  -47.265  -19.420 0.8999999762
34270  24.745  -48.084  -10.509 0.8999999762
35050  23.813  -47.063  -10.585 1.0000000000
36836  22.932  -45.024  -13.816 0.6000000238
123275  21.974  -44.455  -13.611 0.4000000060
35132  28.565  -47.019  -16.345 1.0000000000
114428  23.480  -48.798  -20.910 0.6999999881
36801  26.174  -46.288  -10.682 0.8999999762
115387  23.799  -47.144  -19.976 0.8999999762
35188  25.859  -48.052  -21.744 0.6000000238
36014  23.501  -46.474  -20.839 0.8999999762
36781  23.693  -45.043  -10.430 0.6999999881
37684  21.800  -43.812  -13.265 0.4000000060
115657  22.960  -44.981  -20.690 0.8999999762
37748  22.871  -44.881  -21.025 0.8999999762
112472  26.586  -46.269  -21.593 0.6999999881
128129  26.626  -45.080  -10.668 0.8999999762
36888  26.696  -45.984  -19.131 0.8999999762
35999  25.565  -46.479  -19.448 0.8999999762
37737  22.786  -44.376  -20.263 0.8999999762
37650  27.545  -43.945  -11.336 0.8000000119
39283  22.852  -42.982  -11.412 0.5000000000
37681  28.555  -44.455  -13.427 1.0000000000
116639  23.130  -43.964  -19.797 0.8999999762
118485  28.680  -42.970  -13.548 0.8999999762
39260  23.859  -42.307  -10.029 0.6000000238
39272  27.020  -42.930  -10.286 0.8000000119
126213  25.371  -42.764  -9.525 0.6000000238
116327  28.596  -41.841  -13.240 0.6999999881
113329  24.828  -42.029  -9.560 0.6000000238
40137  28.571  -41.261  -12.819 0.6999999881
40109  24.600  -41.041  -9.620 0.5000000000
41865  28.899  -39.518  -14.264 0.8000000119
118392  22.840  -41.086  -19.998 0.8999999762
41824  26.519  -39.601  -9.702 0.5000000000
41902  26.094  -39.331  -17.591 0.8999999762
113396  27.583  -37.986  -16.612 0.8000000119
43657  26.915  -38.016  -17.077 0.8000000119
41823  27.427  -39.492  -10.292 0.5000000000
42712  28.672  -38.580  -11.408 0.6999999881
43665  26.301  -38.018  -17.424 0.8999999762
42767  24.796  -38.301  -18.257 0.8999999762
125272  23.676  -38.983  -20.736 0.8000000119
45450  27.555  -35.807  -17.480 0.8000000119
43685  21.694  -37.751  -19.856 0.8999999762
44617  24.125  -36.045  -18.556 0.8999999762
45466  22.414  -35.315  -18.886 0.8999999762
45494  22.854  -34.998  -21.101 0.6999999881
45493  24.345  -35.191  -21.378 0.6000000238
46241  23.771  -34.482  -21.358 0.6000000238
114981  21.779  -32.695  -20.767 0.8000000119
47697  23.774  -32.670  -21.546 0.6000000238
47676  22.025  -32.134  -20.281 0.6999999881
46952  26.324  -33.753  -21.652 0.6000000238
48571  24.561  -31.185  -22.109 0.6000000238
46965  26.319  -33.074  -21.708 0.6000000238
112760  23.272  -29.711  -22.041 0.6000000238
52732  24.916  -26.825  -21.313 0.4000000060
51913  24.261  -27.011  -21.967 0.4000000060
53523  26.616  -25.424  -21.333 0.4000000060
52763  26.033  -26.063  -22.875 0.4000000060
35160  23.463  -47.835  -19.879 0.8999999762
21890  20.773  -62.761  -14.456 0.4000000060
22723  20.277  -61.523  -13.773 0.4000000060
23604  19.379  -61.403  -13.860 0.4000000060
22737  21.776  -61.698  -14.365 0.4000000060
23581  20.552  -60.651  -13.446 0.4000000060
23582  19.628  -60.744  -13.597 0.4000000060
23602  22.648  -60.473  -14.510 0.3000000119
22722  21.231  -61.264  -13.774 0.4000000060
23619  22.806  -60.659  -15.304 0.4000000060
24513  23.187  -59.700  -16.060 0.4000000060
25415  23.101  -59.060  -16.795 0.4000000060
114338  22.664  -59.221  -17.355 0.4000000060
24467  20.723  -59.737  -13.094 0.5000000000
116663  19.954  -60.090  -13.318 0.4000000060
23579  22.247  -60.114  -13.779 0.4000000060
23580  21.427  -60.408  -13.490 0.4000000060
24482  23.482  -59.274  -14.782 0.5000000000
24500  23.450  -59.298  -15.495 0.4000000060
25414  23.489  -58.839  -16.094 0.4000000060
126403  23.570  -57.803  -16.719 0.5000000000
26342  23.224  -57.665  -17.246 0.5000000000
27244  23.187  -56.823  -17.507 0.6000000238
26343  22.520  -57.373  -17.999 0.5000000000
27256  21.925  -56.829  -18.515 0.6000000238
27257  21.642  -56.190  -18.829 0.4000000060
24455  21.191  -58.966  -12.847 0.5000000000
24456  20.428  -58.887  -12.875 0.5000000000
25381  19.267  -58.907  -13.568 0.5000000000
26291  18.786  -58.306  -13.976 0.5000000000
24465  22.518  -59.353  -13.542 0.6000000238
25379  22.013  -58.851  -12.958 0.6000000238
24464  23.282  -59.060  -13.987 0.5000000000
25377  23.621  -58.384  -13.758 0.6000000238
25390  23.818  -58.646  -14.520 0.5000000000
26316  24.232  -58.118  -15.050 0.5000000000
127841  23.911  -57.972  -16.068 0.4000000060
27214  24.212  -57.048  -16.167 0.6000000238
27228  23.851  -56.490  -16.933 0.6000000238
28160  23.322  -55.914  -17.670 0.6000000238
110951  23.495  -55.009  -17.743 0.6000000238
29120  22.902  -54.357  -18.343 0.6000000238
27245  22.485  -56.258  -18.255 0.6000000238
28161  22.723  -55.255  -18.284 0.6000000238
29121  22.127  -54.556  -18.806 0.6000000238
112860  21.810  -54.007  -19.342 0.6000000238
25369  20.846  -58.395  -12.695 0.5000000000
26289  20.204  -58.072  -12.860 0.5000000000
117910  19.463  -58.122  -13.419 0.5000000000
26301  19.034  -57.454  -13.895 0.5000000000
109831  23.167  -57.946  -13.103 0.6000000238
25368  21.504  -58.251  -12.697 0.6000000238
26300  24.164  -58.103  -14.268 0.6000000238
27185  24.057  -56.775  -13.107 0.6000000238
26299  24.478  -57.397  -14.569 0.5000000000
26287  24.473  -56.955  -13.815 0.6000000238
27213  24.605  -56.753  -15.384 0.6000000238
29119  24.257  -54.756  -17.207 0.6000000238
30017  22.196  -53.584  -18.837 0.6000000238
30894  21.813  -52.584  -19.196 0.6999999881
112236  20.415  -57.304  -12.840 0.6000000238
26290  19.751  -57.334  -13.287 0.5000000000
27187  19.383  -56.579  -13.832 0.5000000000
26277  22.635  -57.496  -12.704 0.6000000238
26278  21.808  -57.412  -12.549 0.6000000238
26279  20.950  -57.725  -12.618 0.6000000238
28106  19.774  -55.729  -13.748 0.5000000000
28124  19.071  -55.787  -14.417 0.5000000000
27173  23.416  -56.390  -12.561 0.6000000238
119904  22.232  -51.971  -18.831 0.6999999881
27176  21.024  -56.836  -12.618 0.6000000238
110332  20.772  -56.121  -12.810 0.6000000238
27186  20.185  -56.498  -13.154 0.6000000238
127402  21.760  -56.623  -12.453 0.6000000238
28088  20.980  -55.516  -12.760 0.6000000238
109284  20.671  -55.072  -13.137 0.6000000238
110221  19.540  -54.968  -14.294 0.6000000238
29080  18.751  -54.924  -14.973 0.6000000238
28086  22.541  -55.430  -12.010 0.6000000238
116267  18.095  -55.079  -15.524 0.5000000000
27172  24.166  -55.954  -12.788 0.6000000238
29092  18.596  -54.083  -15.448 0.6000000238
31771  21.927  -51.008  -19.109 0.6999999881
28087  21.671  -55.264  -12.328 0.6000000238
29067  20.711  -54.301  -13.301 0.6000000238
29043  22.229  -54.675  -11.885 0.6000000238
29044  21.080  -54.879  -12.756 0.6000000238
29078  20.048  -54.228  -14.141 0.6000000238
29079  19.305  -54.165  -14.771 0.6000000238
28085  23.441  -55.490  -12.192 0.6000000238
29977  19.777  -53.436  -14.611 0.6000000238
28084  24.312  -55.084  -12.544 0.6000000238
28103  25.298  -54.923  -13.862 0.6000000238
32673  22.044  -50.043  -19.473 0.6999999881
29015  23.697  -54.479  -11.945 0.6000000238
29066  21.094  -53.255  -13.012 0.6999999881
29042  24.561  -54.276  -12.440 0.6000000238
34383  22.529  -48.860  -19.863 0.6999999881
123354  21.495  -54.239  -12.423 0.6999999881
29920  23.399  -53.598  -11.617 0.6999999881
119658  22.113  -53.963  -11.844 0.6999999881
30840  20.735  -52.727  -13.781 0.6999999881
29976  20.453  -53.437  -13.929 0.6000000238
121025  20.753  -52.015  -14.110 0.6000000238
30860  19.543  -52.800  -15.097 0.5000000000
34399  23.007  -48.488  -20.458 0.8000000119
29921  22.516  -53.392  -11.666 0.6999999881
29949  21.777  -53.320  -12.119 0.6999999881
30819  21.608  -52.491  -12.450 0.6999999881
30839  21.176  -52.283  -13.305 0.6999999881
114576  18.696  -51.608  -16.412 0.5000000000
31723  21.248  -51.480  -13.686 0.6999999881
31743  20.760  -51.123  -14.546 0.6000000238
31749  20.035  -51.031  -15.376 0.6000000238
45463  25.701  -35.613  -18.446 0.6999999881
45440  29.012  -35.318  -16.664 0.6999999881
45441  28.393  -35.963  -16.919 0.6999999881
46200  27.595  -34.864  -17.779 0.6999999881
45439  29.654  -35.429  -15.953 0.6000000238
46189  29.537  -34.503  -16.295 0.6000000238
124418  26.902  -35.335  -17.995 0.6999999881
45462  26.296  -35.126  -18.467 0.6999999881
46213  25.182  -34.519  -19.071 0.6999999881
123264  24.103  -34.583  -19.037 0.6999999881
122202  30.092  -34.810  -15.470 0.6000000238
45449  28.307  -35.139  -17.278 0.6999999881
122554  27.600  -34.200  -18.000 0.6999999881
46178  30.312  -34.332  -14.797 0.6000000238
46212  26.094  -34.477  -18.873 0.6999999881
46930  25.648  -33.689  -19.275 0.6999999881
46190  29.011  -33.836  -16.914 0.6000000238
46919  27.884  -33.667  -17.954 0.6999999881
46211  26.932  -34.516  -18.362 0.6999999881
47658  26.412  -33.090  -19.222 0.6999999881
123080  25.687  -32.885  -19.507 0.6999999881
47659  24.756  -33.020  -19.548 0.6999999881
110930  30.134  -34.001  -15.560 0.6000000238
46903  29.675  -33.524  -16.212 0.6000000238
46904  29.198  -32.966  -16.779 0.5000000000
46918  28.483  -33.206  -17.540 0.6000000238
47640  27.726  -32.973  -18.320 0.5000000000
48527  26.457  -31.508  -19.650 0.6999999881
47673  25.212  -32.293  -19.799 0.6999999881
114415  29.563  -27.909  -22.816 0.3000000119
51073  29.149  -28.310  -23.291 0.3000000119
51075  27.766  -28.597  -23.250 0.3000000119
21891  19.842  -62.811  -14.282 0.4000000060
126251  19.265  -62.363  -14.170 0.3000000119
106378  17.980  -62.023  -14.427 0.4000000060
21060  21.223  -63.200  -15.046 0.3000000119
115569  18.098  -61.321  -14.550 0.4000000060
22755  22.559  -61.360  -15.628 0.4000000060
23605  18.708  -60.812  -14.124 0.4000000060
22769  22.477  -61.348  -16.569 0.4000000060
23645  22.500  -60.542  -17.087 0.4000000060
24527  22.399  -59.814  -17.574 0.4000000060
25427  22.781  -58.403  -17.503 0.5000000000
26354  21.738  -57.495  -18.545 0.4000000060
25391  18.608  -59.135  -14.143 0.4000000060
115487  18.167  -58.545  -14.586 0.5000000000
30018  21.658  -53.218  -19.573 0.6000000238
26302  18.356  -57.703  -14.471 0.5000000000
27202  18.557  -56.725  -14.532 0.5000000000
27215  17.826  -56.553  -15.249 0.5000000000
31772  21.547  -51.699  -19.509 0.6000000238
28125  18.330  -55.803  -15.064 0.5000000000
29094  17.414  -54.918  -16.178 0.4000000060
29993  19.132  -53.394  -15.247 0.5000000000
32676  21.819  -50.036  -20.011 0.6999999881
30873  18.963  -52.578  -15.753 0.5000000000
33580  22.142  -49.529  -20.144 0.8000000119
33590  22.731  -49.211  -20.492 0.6999999881
30881  17.740  -51.342  -17.202 0.5000000000
31750  19.206  -50.755  -16.263 0.6000000238
43595  29.105  -37.134  -11.792 0.6000000238
47626  29.789  -32.643  -16.033 0.5000000000
48491  29.386  -32.099  -16.651 0.5000000000
48500  28.914  -31.542  -17.402 0.5000000000
48512  28.257  -31.502  -18.243 0.5000000000
48513  27.637  -31.414  -18.816 0.5000000000
48526  27.087  -31.402  -19.310 0.5000000000
118086  26.223  -30.251  -20.081 0.5000000000
121163  29.870  -26.306  -22.658 0.3000000119
52749  29.409  -26.525  -23.298 0.3000000119
51927  28.773  -27.592  -23.522 0.3000000119
29065  24.980  -54.697  -13.035 0.6000000238
27184  24.651  -56.274  -13.575 0.6000000238
27201  24.809  -56.519  -14.487 0.6000000238
31694  21.589  -51.667  -12.786 0.8000000119
30893  22.600  -52.856  -18.630 0.6999999881
32668  22.510  -50.569  -18.810 0.6999999881
49365  25.256  -30.750  -20.243 0.6000000238
51074  28.501  -28.411  -23.401 0.3000000119
34395  22.456  -48.970  -20.112 0.8000000119
32696  22.835  -49.880  -20.634 0.6999999881
22738  21.029  -62.045  -14.121 0.4000000060
23603  22.036  -60.933  -14.014 0.4000000060
21888  22.192  -62.017  -15.093 0.3000000119
24483  22.948  -59.741  -14.262 0.5000000000
23583  19.136  -59.857  -13.691 0.5000000000
25428  22.227  -59.023  -17.996 0.3000000119
26355  21.252  -56.866  -18.983 0.4000000060
25392  18.046  -59.262  -14.699 0.5000000000
115785  20.256  -51.758  -14.768 0.6000000238
109914  26.598  -33.806  -18.848 0.6999999881
113361  24.450  -33.820  -19.302 0.6999999881
125870  28.840  -34.602  -16.967 0.6999999881
46199  28.257  -34.216  -17.513 0.6999999881
46210  27.317  -33.741  -18.391 0.6999999881
47627  28.871  -32.434  -17.268 0.5000000000
107256  27.037  -33.231  -18.764 0.6999999881
47672  26.224  -32.271  -19.540 0.6999999881
112301  28.367  -32.306  -17.918 0.5000000000
47657  27.061  -32.503  -18.984 0.5000000000
47671  26.839  -31.915  -19.317 0.5000000000
49363  26.744  -30.867  -19.678 0.5000000000
49364  26.114  -31.008  -20.004 0.6999999881
47617  30.051  -32.310  -15.133 0.5000000000
49344  28.631  -30.767  -17.984 0.5000000000
119519  27.113  -30.213  -19.633 0.5000000000
32685  22.129  -50.030  -20.275 0.6000000238
32697  22.325  -49.621  -20.342 0.6000000238
32694  24.959  -50.269  -21.071 0.5000000000
32695  23.845  -50.325  -20.886 0.6000000238
33589  23.597  -49.524  -20.973 0.6000000238
33586  26.613  -49.739  -21.568 0.5000000000
118797  25.305  -49.793  -21.375 0.5000000000
125793  24.200  -49.165  -21.231 0.6000000238
111289  20.031  -48.245  -16.070 0.5000000000
34398  24.257  -48.549  -21.286 0.6000000238
33597  27.158  -49.235  -21.826 0.5000000000
33587  25.865  -49.513  -21.560 0.5000000000
34404  27.656  -48.609  -21.998 0.5000000000
34348  20.596  -47.829  -15.646 0.4000000060
116026  19.825  -47.807  -15.323 0.4000000060
35122  20.323  -47.460  -14.771 0.4000000060
34405  26.666  -48.503  -21.822 0.5000000000
34403  28.603  -48.650  -22.207 0.5000000000
35186  27.268  -47.858  -21.854 0.5000000000
35107  20.583  -46.880  -13.991 0.4000000060
35176  28.699  -47.362  -21.755 0.5000000000
35185  28.187  -47.966  -21.997 0.5000000000
38489  22.052  -42.978  -12.744 0.4000000060
38504  21.568  -43.099  -13.095 0.4000000060
41825  24.997  -39.511  -9.654 0.4000000060
40946  24.343  -40.171  -9.791 0.4000000060
40120  23.255  -41.658  -10.439 0.4000000060
39273  22.653  -42.127  -11.153 0.4000000060
42698  24.805  -38.566  -10.109 0.4000000060
40111  22.929  -40.940  -10.474 0.4000000060
39284  22.226  -42.474  -12.101 0.4000000060
40948  22.344  -40.606  -10.675 0.4000000060
40121  22.466  -41.371  -10.882 0.4000000060
39285  21.553  -42.470  -12.754 0.4000000060
40110  23.674  -40.805  -10.076 0.4000000060
116090  23.667  -39.983  -10.142 0.4000000060
118841  25.802  -39.018  -9.647 0.4000000060
41826  24.120  -39.352  -10.109 0.4000000060
41827  23.215  -39.339  -10.341 0.4000000060
40947  23.033  -40.240  -10.373 0.4000000060
116509  22.447  -39.779  -10.499 0.4000000060
40122  21.687  -41.050  -11.262 0.4000000060
41829  21.871  -39.280  -10.559 0.4000000060
40958  21.137  -40.434  -11.287 0.4000000060
40132  21.484  -41.744  -12.189 0.4000000060
43582  24.134  -37.819  -10.531 0.4000000060
42699  23.759  -38.569  -10.380 0.4000000060
41822  28.144  -39.079  -10.866 0.5000000000
43579  27.334  -38.033  -10.433 0.4000000060
42696  26.762  -38.705  -10.045 0.4000000060
42697  25.853  -38.198  -10.078 0.4000000060
43583  23.405  -37.936  -10.623 0.4000000060
42700  22.989  -38.482  -10.534 0.4000000060
41828  22.555  -39.052  -10.448 0.4000000060
42701  22.253  -38.458  -10.590 0.4000000060
114705  21.404  -38.617  -10.684 0.4000000060
43596  28.618  -37.673  -11.273 0.5000000000
42694  28.101  -38.230  -10.795 0.5000000000
114876  26.933  -37.349  -10.447 0.4000000060
43580  26.023  -37.460  -10.398 0.4000000060
43581  25.059  -37.642  -10.433 0.4000000060
43600  24.366  -37.022  -10.824 0.4000000060
43584  22.744  -37.660  -10.821 0.4000000060
43597  27.848  -37.301  -10.743 0.5000000000
43598  26.285  -36.784  -10.652 0.4000000060
44549  24.732  -36.204  -11.221 0.4000000060
44546  27.876  -36.524  -11.002 0.4000000060
44547  26.463  -36.116  -10.997 0.4000000060
44548  25.661  -36.309  -10.999 0.4000000060
45402  27.065  -34.856  -11.601 0.4000000060
46133  26.538  -34.316  -11.878 0.4000000060
46125  26.097  -34.848  -11.673 0.4000000060
46126  25.060  -34.771  -11.924 0.4000000060
107779  25.003  -34.097  -12.337 0.4000000060
45400  28.857  -35.228  -12.007 0.5000000000
45401  27.962  -34.987  -11.661 0.4000000060
46134  25.729  -34.204  -12.107 0.4000000060
46857  24.547  -33.618  -12.709 0.3000000119
45399  29.547  -35.894  -12.665 0.5000000000
114826  27.492  -35.438  -11.403 0.5000000000
115018  27.356  -35.996  -11.090 0.4000000060
45382  25.603  -35.590  -11.398 0.4000000060
45383  24.654  -35.445  -11.633 0.4000000060
45381  26.691  -35.468  -11.342 0.4000000060
46855  26.410  -33.629  -12.269 0.4000000060
46856  25.394  -33.572  -12.517 0.3000000119
120756  29.415  -34.968  -12.692 0.5000000000
46131  28.353  -34.479  -12.007 0.5000000000
46132  27.467  -34.164  -11.926 0.4000000060
47580  26.644  -32.961  -12.532 0.4000000060
47581  25.844  -32.944  -12.688 0.4000000060
47582  24.937  -32.948  -12.984 0.3000000119
46865  24.069  -33.064  -13.238 0.3000000119
120812  29.026  -33.525  -12.688 0.5000000000
46150  29.612  -34.260  -13.234 0.4000000060
46168  30.095  -33.848  -14.080 0.5000000000
47579  27.322  -32.562  -12.559 0.3000000119
46854  27.390  -33.330  -12.317 0.4000000060
47591  25.470  -32.299  -13.172 0.3000000119
124565  24.477  -32.238  -13.587 0.3000000119
47592  23.550  -32.491  -13.726 0.3000000119
46864  29.593  -33.262  -13.413 0.4000000060
120741  30.032  -32.930  -14.350 0.4000000060
46167  30.277  -33.652  -14.837 0.4000000060
46893  30.118  -33.168  -15.401 0.4000000060
48462  26.048  -31.677  -13.192 0.3000000119
48463  25.209  -31.595  -13.622 0.3000000119
48475  23.267  -31.363  -14.536 0.3000000119
48476  22.565  -31.471  -14.589 0.3000000119
114469  28.235  -32.988  -12.509 0.3000000119
48474  23.861  -31.221  -14.422 0.3000000119
48465  23.760  -31.804  -14.120 0.3000000119
109150  22.832  -30.817  -14.912 0.3000000119
47578  29.026  -32.656  -12.831 0.3000000119
47587  29.550  -32.376  -13.548 0.3000000119
47603  29.857  -31.961  -14.283 0.3000000119
48490  29.785  -31.771  -15.796 0.4000000060
48499  29.496  -31.186  -16.465 0.4000000060
49343  29.231  -30.428  -17.168 0.4000000060
47656  27.745  -32.099  -18.553 0.4000000060
49319  22.084  -30.897  -14.977 0.3000000119
115893  28.211  -32.116  -12.640 0.3000000119
47588  29.028  -31.808  -13.024 0.3000000119
48459  29.470  -31.655  -13.662 0.3000000119
48486  29.891  -31.468  -14.959 0.3000000119
117468  29.722  -30.958  -15.565 0.4000000060
49328  29.692  -30.222  -15.227 0.3000000119
120177  28.381  -30.177  -18.494 0.4000000060
49351  28.026  -30.816  -18.642 0.4000000060
120176  27.799  -30.202  -19.098 0.4000000060
48460  29.124  -31.061  -13.393 0.3000000119
49338  29.614  -30.305  -16.127 0.3000000119
50203  29.490  -29.518  -16.609 0.3000000119
50204  29.139  -29.522  -17.543 0.4000000060
50209  28.678  -29.555  -18.276 0.4000000060
50210  28.171  -29.578  -18.916 0.4000000060
51009  27.984  -28.863  -19.266 0.4000000060
111814  27.298  -28.994  -19.776 0.4000000060
50221  25.966  -29.382  -20.316 0.4000000060
121786  25.391  -29.927  -20.331 0.5000000000
50197  29.653  -29.484  -15.628 0.3000000119
50999  28.963  -28.875  -18.063 0.4000000060
51008  28.612  -28.430  -18.694 0.4000000060
117249  28.482  -29.060  -18.651 0.4000000060
51020  28.183  -28.029  -19.322 0.3000000119
51021  27.468  -28.321  -19.804 0.4000000060
51022  26.633  -28.666  -20.221 0.3000000119
51023  25.600  -28.592  -20.496 0.3000000119
50222  24.944  -29.236  -20.479 0.4000000060
51873  26.126  -27.936  -20.509 0.3000000119
122051  29.612  -28.045  -15.615 0.3000000119
50989  29.624  -27.897  -16.327 0.3000000119
112576  29.427  -28.618  -17.101 0.3000000119
51007  29.199  -28.003  -17.981 0.3000000119
124257  29.163  -27.325  -18.278 0.3000000119
51858  28.776  -27.684  -18.765 0.3000000119
114355  28.436  -27.252  -19.386 0.3000000119
51871  27.725  -27.529  -19.868 0.3000000119
51872  26.968  -27.806  -20.281 0.3000000119
52718  27.205  -26.941  -20.414 0.3000000119
51819  29.576  -27.302  -15.708 0.3000000119
118439  29.508  -27.747  -17.103 0.3000000119
52704  29.326  -26.691  -18.130 0.3000000119
52716  29.179  -26.339  -18.694 0.3000000119
52717  28.720  -26.399  -19.377 0.3000000119
112297  28.079  -26.766  -19.969 0.3000000119
128325  26.476  -27.340  -20.570 0.3000000119
52729  27.750  -26.171  -20.428 0.3000000119
52730  26.946  -26.148  -20.863 0.3000000119
54351  27.239  -24.772  -21.384 0.3000000119
114990  28.489  -36.799  -11.302 0.5000000000
31774  21.519  -50.810  -19.788 0.6000000238
31785  21.777  -50.930  -20.287 0.5000000000
32684  22.681  -50.669  -20.636 0.5000000000
31794  24.516  -50.833  -20.797 0.5000000000
32683  23.605  -51.331  -20.744 0.5000000000
32704  27.603  -49.834  -21.648 0.5000000000
31792  26.224  -50.805  -20.877 0.5000000000
31793  25.344  -50.829  -20.844 0.5000000000
32652  20.469  -50.382  -15.274 0.6000000238
33528  20.519  -49.344  -15.686 0.6000000238
33534  19.454  -48.792  -16.471 0.5000000000
33541  18.660  -48.607  -16.793 0.5000000000
34349  19.678  -48.013  -15.916 0.5000000000
33535  18.404  -48.574  -16.066 0.5000000000
34344  19.210  -48.178  -15.460 0.4000000060
34343  19.776  -47.919  -14.516 0.4000000060
35108  20.050  -47.515  -13.582 0.4000000060
35087  20.104  -46.839  -12.753 0.4000000060
109402  20.508  -43.677  -12.999 0.3000000119
38505  20.897  -43.121  -13.277 0.3000000119
39294  20.928  -42.504  -13.197 0.4000000060
40959  20.564  -40.214  -11.742 0.4000000060
40138  21.053  -42.009  -12.895 0.4000000060
41838  20.970  -39.596  -10.947 0.4000000060
43601  23.525  -37.268  -10.882 0.4000000060
43585  21.875  -37.807  -10.836 0.4000000060
43604  20.811  -37.258  -11.246 0.4000000060
112476  22.937  -36.786  -11.237 0.4000000060
44550  23.734  -36.486  -11.258 0.4000000060
44551  22.355  -36.295  -11.508 0.4000000060
46135  24.321  -34.303  -12.391 0.4000000060
45384  23.914  -35.690  -11.613 0.4000000060
45403  24.120  -34.972  -11.991 0.4000000060
47593  22.785  -32.638  -13.779 0.3000000119
33596  28.113  -49.258  -22.020 0.5000000000
122305  20.500  -45.211  -12.688 0.4000000060
41839  20.205  -39.414  -11.589 0.4000000060
122353  20.545  -38.707  -11.036 0.4000000060
45385  23.049  -35.911  -11.604 0.4000000060
35929  20.363  -45.934  -12.646 0.4000000060
33588  25.047  -49.161  -21.493 0.5000000000
121670  25.782  -39.780  -9.456 0.4000000060
44565  29.421  -36.701  -12.328 0.5000000000
50220  26.816  -29.523  -19.975 0.4000000060
50219  27.539  -29.565  -19.468 0.4000000060
106400  24.551  -49.726  -21.210 0.6000000238
32693  25.886  -50.190  -21.287 0.5000000000
32692  26.805  -50.296  -21.289 0.5000000000
40949  21.698  -40.160  -10.792 0.4000000060
40969  20.949  -40.980  -11.914 0.4000000060
42695  27.584  -38.713  -10.457 0.5000000000
123995  26.609  -37.952  -10.265 0.4000000060
43602  22.178  -37.069  -11.184 0.4000000060
42713  21.042  -37.916  -10.904 0.4000000060
113213  27.178  -36.656  -10.718 0.4000000060
44545  29.003  -36.257  -11.853 0.5000000000
45380  28.216  -35.884  -11.422 0.5000000000
46852  28.958  -34.353  -12.442 0.5000000000
46853  28.282  -33.779  -12.263 0.4000000060
110858  29.640  -28.700  -16.042 0.3000000119
51835  29.600  -26.991  -16.597 0.3000000119
51848  29.417  -27.199  -17.576 0.3000000119
53503  29.473  -25.854  -18.043 0.3000000119
53522  27.507  -25.475  -20.858 0.3000000119
43603  21.510  -37.311  -11.120 0.4000000060
127756  18.063  -53.771  -16.110 0.4000000060
30005  17.745  -53.092  -16.721 0.4000000060
30006  16.880  -52.978  -17.452 0.4000000060
30882  17.312  -52.148  -17.401 0.3000000119
30874  18.207  -52.361  -16.617 0.4000000060
31757  17.419  -50.539  -17.386 0.3000000119
30025  21.564  -53.935  -19.859 0.5000000000
31756  18.201  -50.511  -17.014 0.5000000000
32660  17.679  -49.758  -17.195 0.3000000119
30902  21.367  -52.390  -19.850 0.5000000000
30914  21.561  -52.425  -20.459 0.5000000000
115719  21.513  -53.117  -20.153 0.5000000000
32653  19.753  -49.956  -16.031 0.5000000000
32659  18.682  -49.447  -16.875 0.4000000060
31775  21.355  -51.665  -20.116 0.5000000000
30033  21.783  -53.123  -20.564 0.5000000000
30032  21.893  -52.812  -20.848 0.3000000119
31786  21.673  -51.931  -20.577 0.4000000060
108597  22.384  -51.577  -20.749 0.4000000060
116610  23.640  -52.775  -20.697 0.3000000119
30912  23.075  -52.217  -20.792 0.3000000119
110271  24.898  -52.136  -20.456 0.3000000119
30911  24.086  -52.152  -20.651 0.4000000060
34330  19.391  -48.405  -14.322 0.3000000119
31782  26.703  -51.354  -20.423 0.4000000060
31783  25.679  -51.587  -20.517 0.4000000060
31784  24.694  -51.470  -20.640 0.4000000060
34329  19.593  -48.173  -13.383 0.3000000119
40133  20.768  -41.424  -12.726 0.3000000119
40970  20.393  -40.698  -12.572 0.3000000119
41850  20.006  -39.921  -12.389 0.3000000119
117390  20.255  -37.953  -11.234 0.3000000119
44552  21.494  -36.579  -11.455 0.3000000119
44553  20.541  -36.615  -11.555 0.3000000119
43614  19.340  -37.320  -12.134 0.3000000119
45404  23.337  -35.137  -12.008 0.3000000119
45386  21.880  -35.664  -11.828 0.3000000119
45387  20.978  -35.906  -11.761 0.3000000119
46136  23.585  -34.484  -12.403 0.3000000119
45405  22.594  -35.289  -12.012 0.3000000119
121889  21.920  -34.763  -12.415 0.3000000119
114375  21.175  -35.222  -12.141 0.3000000119
46151  22.250  -33.938  -12.885 0.3000000119
46152  21.442  -34.026  -12.814 0.3000000119
46858  23.691  -33.775  -12.788 0.3000000119
121238  23.254  -34.130  -12.643 0.3000000119
46137  22.839  -34.505  -12.477 0.3000000119
46868  21.787  -33.392  -13.332 0.3000000119
29128  21.579  -54.773  -19.486 0.5000000000
35088  19.574  -47.702  -12.527 0.3000000119
125860  22.484  -35.774  -11.720 0.3000000119
44554  19.811  -36.689  -11.741 0.3000000119
33543  17.723  -49.307  -17.018 0.3000000119
33542  18.242  -48.745  -16.788 0.3000000119
33529  18.796  -48.901  -14.743 0.3000000119
22756  17.056  -60.390  -15.404 0.4000000060
23620  16.313  -60.077  -15.916 0.4000000060
24502  16.907  -59.564  -15.613 0.4000000060
24515  15.517  -58.993  -16.552 0.4000000060
25417  15.410  -58.181  -16.758 0.3000000119
26303  17.698  -57.966  -14.995 0.4000000060
25416  16.095  -58.502  -16.292 0.4000000060
26319  16.585  -57.805  -15.958 0.4000000060
127341  21.882  -58.626  -18.386 0.3000000119
26317  17.924  -57.244  -14.923 0.4000000060
27229  16.616  -56.496  -16.296 0.3000000119
28148  16.788  -55.680  -16.404 0.3000000119
27216  17.168  -56.477  -15.834 0.4000000060
29111  15.879  -54.700  -17.437 0.3000000119
28149  16.061  -55.337  -17.134 0.3000000119
29122  15.924  -54.045  -17.598 0.3000000119
28135  17.604  -55.751  -15.680 0.4000000060
29110  16.560  -54.613  -17.022 0.3000000119
29109  17.336  -53.935  -16.691 0.3000000119
24514  16.211  -59.317  -16.126 0.4000000060
30013  16.074  -53.103  -17.636 0.3000000119
23606  17.831  -60.602  -14.789 0.3000000119
30008  14.922  -53.807  -17.310 0.3000000119
21889  21.528  -62.461  -14.699 0.4000000060
21892  18.852  -62.794  -14.230 0.3000000119
22736  22.410  -61.247  -14.757 0.3000000119
22739  19.637  -62.033  -14.049 0.3000000119
22740  18.806  -61.821  -14.184 0.4000000060
23632  22.797  -60.540  -16.176 0.4000000060
24466  21.677  -59.586  -13.224 0.4000000060
24468  19.855  -59.370  -13.183 0.5000000000
24484  18.329  -59.920  -14.437 0.4000000060
24485  17.624  -59.793  -15.063 0.5000000000
24501  23.154  -59.943  -15.159 0.5000000000
24516  14.871  -59.365  -16.879 0.4000000060
24526  22.763  -59.808  -16.840 0.4000000060
25367  22.323  -58.112  -12.817 0.6000000238
25378  22.835  -58.634  -13.334 0.6000000238
25380  19.824  -58.676  -13.109 0.5000000000
25404  23.769  -58.704  -15.344 0.5000000000
25405  17.489  -58.871  -15.207 0.4000000060
25406  16.731  -58.720  -15.768 0.4000000060
25426  23.383  -58.295  -16.756 0.5000000000
25441  22.145  -58.190  -18.223 0.3000000119
26276  23.336  -57.195  -12.845 0.6000000238
26288  24.017  -57.612  -13.547 0.6000000238
26318  17.314  -57.320  -15.487 0.4000000060
26332  16.779  -57.039  -15.995 0.4000000060
27174  22.553  -56.753  -12.472 0.6000000238
27175  21.385  -56.071  -12.542 0.6000000238
27230  16.091  -56.160  -16.807 0.3000000119
27246  15.477  -55.755  -17.382 0.3000000119
28067  22.958  -54.885  -11.786 0.6000000238
28104  24.816  -55.471  -13.298 0.6000000238
28105  20.422  -55.654  -13.220 0.6000000238
28134  25.267  -54.839  -15.759 0.8000000119
28162  21.928  -55.422  -18.784 0.6000000238
28163  15.532  -55.082  -17.468 0.3000000119
29016  22.806  -54.180  -11.659 0.6000000238
29068  20.211  -54.995  -13.670 0.6000000238
29093  17.994  -54.411  -15.867 0.4000000060
29123  15.388  -54.490  -17.531 0.3000000119
29947  24.593  -53.086  -12.033 0.8999999762
29994  18.482  -53.236  -15.947 0.5000000000
30792  23.758  -52.400  -11.472 0.8999999762
30793  23.081  -52.716  -11.457 0.6999999881
30818  22.218  -52.603  -11.800 0.6999999881
30859  20.170  -52.597  -14.533 0.5000000000
30872  19.582  -51.911  -15.440 0.6000000238
30879  26.401  -51.852  -16.230 0.8999999762
30888  16.534  -52.135  -17.570 0.3000000119
30913  22.124  -52.348  -20.870 0.3000000119
30919  21.723  -52.401  -20.770 0.4000000060
31676  24.014  -51.771  -11.312 0.8999999762
31755  26.184  -51.696  -16.864 0.8000000119
31758  16.967  -51.177  -17.573 0.3000000119
31767  17.192  -50.397  -17.388 0.3000000119
32608  21.959  -51.005  -12.293 0.8000000119
32635  21.613  -50.861  -13.231 0.6999999881
33514  22.139  -49.284  -13.331 0.6999999881
33527  21.468  -49.288  -14.975 0.6000000238
33536  17.813  -49.084  -16.434 0.3000000119
33568  22.140  -49.390  -19.891 0.6999999881
33598  26.426  -49.193  -21.710 0.5000000000
34286  26.167  -48.125  -11.248 0.8999999762
34342  21.818  -48.426  -15.135 0.6999999881
34347  21.368  -48.042  -15.443 0.6000000238
34350  18.838  -48.320  -16.415 0.5000000000
34352  28.085  -48.334  -16.504 1.0000000000
34370  25.815  -48.550  -19.005 0.8999999762
34371  24.659  -48.566  -19.206 0.8999999762
34372  23.481  -48.801  -19.248 0.8999999762
34406  25.837  -48.815  -21.696 0.6000000238
35120  21.545  -46.997  -15.179 0.5000000000
35127  21.408  -47.553  -15.353 0.6000000238
35128  20.202  -47.669  -15.439 0.4000000060
35178  25.172  -47.434  -21.583 0.8000000119
35950  23.022  -46.676  -14.087 0.6999999881
36022  29.092  -46.720  -21.331 0.6000000238
36025  25.958  -46.918  -21.704 0.6000000238
36027  24.112  -46.014  -21.421 0.8000000119
36853  23.025  -45.481  -14.222 0.5000000000
37636  23.803  -44.388  -10.257 0.6999999881
38577  22.398  -43.795  -20.491 0.8999999762
40131  22.111  -41.753  -11.528 0.4000000060
41940  28.076  -39.172  -21.641 0.6000000238
43599  25.328  -36.881  -10.723 0.4000000060
43696  24.890  -37.613  -20.897 0.6999999881
45474  21.344  -35.429  -19.244 0.8999999762
45483  20.951  -36.191  -20.073 0.8000000119
46859  22.950  -33.778  -12.901 0.3000000119
46931  22.291  -33.766  -19.406 0.8000000119
47604  23.045  -32.021  -14.230 0.3000000119
47698  22.555  -32.417  -21.220 0.6999999881
47714  25.710  -32.616  -21.825 0.6000000238
48528  25.688  -31.583  -19.940 0.6999999881
48544  22.274  -31.622  -20.629 0.6999999881
49352  27.414  -30.820  -19.216 0.4000000060
49367  22.854  -30.937  -20.651 0.6999999881
49368  22.600  -31.212  -20.536 0.6000000238
50239  23.274  -29.664  -21.032 0.6000000238
50270  26.577  -29.545  -22.721 0.4000000060
50272  23.765  -29.063  -22.222 0.6000000238
51037  23.628  -28.331  -21.528 0.4000000060
51047  23.510  -28.376  -21.858 0.5000000000
51059  25.509  -27.886  -22.614 0.4000000060
51078  24.117  -27.806  -22.189 0.4000000060
51874  25.313  -27.936  -20.690 0.3000000119
51888  24.007  -27.925  -21.261 0.5000000000
51911  29.661  -27.087  -22.770 0.3000000119
51926  29.272  -27.392  -23.325 0.3000000119
51931  24.371  -27.213  -22.114 0.4000000060
52705  28.973  -26.967  -18.813 0.3000000119
52731  25.606  -26.578  -21.160 0.4000000060
53543  24.948  -25.954  -22.136 0.4000000060
54352  26.268  -24.776  -21.860 0.4000000060
107696  17.155  -58.142  -15.475 0.4000000060
107901  26.065  -26.057  -21.271 0.4000000060
108065  19.243  -48.302  -16.411 0.5000000000
109486  27.878  -48.906  -15.805 1.0000000000
109540  23.159  -48.492  -10.914 0.8999999762
110697  20.327  -62.251  -14.138 0.4000000060
110923  21.690  -32.840  -20.285 0.8000000119
111243  15.964  -57.811  -16.473 0.3000000119
112376  24.349  -57.473  -15.469 0.6000000238
112634  20.948  -35.275  -19.808 0.8000000119
114380  25.199  -31.907  -21.984 0.6000000238
114674  22.115  -56.035  -12.289 0.6000000238
114896  22.842  -56.043  -12.234 0.6000000238
114951  16.518  -53.698  -17.407 0.3000000119
115103  25.653  -35.037  -18.769 0.6999999881
115274  24.803  -52.298  -17.724 0.8000000119
115639  18.121  -49.006  -17.037 0.3000000119
115916  27.290  -31.868  -19.002 0.5000000000
118040  27.022  -45.057  -21.250 0.6000000238
118075  15.454  -53.798  -17.507 0.3000000119
118667  23.677  -57.297  -16.779 0.5000000000
120182  25.357  -26.331  -22.480 0.4000000060
121943  28.004  -41.241  -19.853 0.6999999881
122843  23.214  -53.029  -18.376 0.8000000119
123903  20.915  -47.009  -14.858 0.5000000000
124298  25.635  -51.797  -12.347 0.8999999762
124681  28.838  -30.094  -17.905 0.4000000060
125960  18.381  -54.636  -15.447 0.5000000000
127056  23.007  -60.218  -15.679 0.4000000060
128163  24.791  -26.034  -21.969 0.4000000060
