#!ascii label  , from subject sub-v1s12x0050113_ses-1 vox2ras=TkReg
990
12622  26.009  -74.126  -24.469 0.3000000119
19418  31.989  -65.464  -25.865 0.6000000238
116437  32.214  -62.476  -24.136 0.6999999881
22828  31.446  -62.159  -23.712 0.6999999881
11813  26.775  -74.560  -25.333 0.4000000060
15033  30.342  -71.046  -24.739 0.4000000060
12620  28.037  -73.891  -24.548 0.5000000000
115822  27.284  -73.506  -23.748 0.5000000000
19417  32.846  -65.784  -26.061 0.6999999881
20328  31.908  -64.364  -26.239 0.6999999881
20327  33.302  -63.908  -26.597 0.5000000000
116436  33.054  -62.607  -25.818 0.6000000238
21978  32.665  -62.528  -24.983 0.6000000238
21968  32.955  -62.728  -24.049 0.6999999881
22817  31.615  -61.998  -22.801 0.6999999881
11826  28.243  -74.802  -26.297 0.5000000000
14192  30.829  -71.820  -25.416 0.4000000060
11811  28.354  -74.665  -25.654 0.6000000238
15841  31.508  -69.649  -24.392 0.4000000060
112898  32.164  -68.515  -24.996 0.5000000000
12619  29.183  -74.304  -25.199 0.6000000238
16688  31.534  -68.435  -24.543 0.6000000238
17576  32.967  -67.329  -25.535 0.6000000238
18477  33.456  -66.433  -25.975 0.6000000238
21160  33.601  -63.368  -26.458 0.6000000238
21153  33.795  -62.970  -26.080 0.6000000238
21966  34.431  -62.397  -23.684 0.6999999881
21967  33.691  -62.636  -23.751 0.6999999881
22815  33.796  -62.070  -23.239 0.6999999881
123122  33.216  -61.857  -22.889 0.6999999881
23679  32.045  -61.390  -22.309 0.6999999881
22814  34.257  -60.663  -23.134 0.6999999881
23678  33.515  -60.503  -22.692 0.6999999881
24575  33.369  -59.583  -22.540 0.6999999881
24591  34.620  -59.212  -23.367 0.6999999881
125285  28.686  -74.480  -26.505 0.5000000000
13434  29.741  -72.934  -26.411 0.5000000000
14200  30.262  -72.431  -25.885 0.5000000000
15019  31.365  -70.274  -24.513 0.4000000060
12632  29.195  -74.584  -26.042 0.5000000000
16686  32.822  -68.902  -24.980 0.5000000000
17569  32.551  -68.007  -25.207 0.6000000238
12603  30.005  -73.932  -24.638 0.6000000238
12617  30.978  -74.129  -25.140 0.5000000000
13428  32.214  -73.440  -24.610 0.5000000000
19416  33.431  -65.488  -26.325 0.6999999881
20326  34.159  -63.943  -26.801 0.6000000238
19424  33.771  -64.688  -26.638 0.6999999881
21144  35.077  -63.279  -24.766 0.6000000238
21152  34.862  -63.490  -25.917 0.6000000238
21965  35.217  -62.206  -23.807 0.6000000238
21136  34.327  -62.913  -24.221 0.6000000238
22826  35.359  -61.362  -23.656 0.6000000238
107586  34.870  -60.811  -23.424 0.6999999881
108216  32.618  -60.366  -22.205 0.6999999881
23692  35.413  -60.457  -23.639 0.6000000238
24574  34.081  -59.808  -23.009 0.6999999881
24590  35.330  -59.584  -23.686 0.6999999881
15031  32.109  -71.012  -25.081 0.4000000060
12641  29.999  -73.861  -26.449 0.5000000000
14199  31.405  -72.872  -25.757 0.4000000060
15850  32.832  -69.848  -24.905 0.5000000000
17568  33.301  -68.146  -25.202 0.6000000238
13433  30.622  -73.484  -26.180 0.4000000060
12629  31.124  -73.797  -25.610 0.4000000060
14198  32.244  -72.591  -25.392 0.4000000060
13432  32.116  -73.275  -25.217 0.4000000060
14189  33.289  -71.956  -24.772 0.4000000060
119878  34.255  -65.567  -26.513 0.6999999881
124394  34.777  -64.009  -27.015 0.6000000238
21143  35.953  -62.892  -24.445 0.6000000238
21964  36.062  -61.941  -24.019 0.6000000238
25481  33.255  -58.692  -22.551 0.6999999881
25488  34.376  -58.277  -23.467 0.6999999881
25487  35.173  -58.714  -23.820 0.6000000238
26394  34.990  -57.913  -24.092 0.6000000238
14191  31.863  -71.898  -25.498 0.4000000060
15030  32.985  -70.913  -24.887 0.4000000060
17575  33.791  -67.400  -25.551 0.6999999881
19415  35.092  -65.983  -26.356 0.8000000119
14184  33.708  -72.001  -23.984 0.5000000000
19423  35.117  -65.044  -26.910 0.6999999881
21158  35.329  -63.994  -26.738 0.6000000238
21151  36.109  -63.758  -25.617 0.6000000238
25482  32.629  -58.320  -22.142 0.6999999881
25491  37.322  -59.076  -24.895 0.6000000238
24589  36.018  -60.011  -23.981 0.6000000238
123515  33.698  -58.235  -22.997 0.8000000119
26389  33.180  -57.840  -22.699 0.8000000119
117482  36.439  -58.698  -24.680 0.6000000238
24600  35.875  -59.137  -24.160 0.6000000238
127044  33.351  -69.519  -24.809 0.5000000000
17567  34.159  -68.192  -25.051 0.6000000238
15028  34.030  -69.682  -24.532 0.5000000000
15840  35.038  -70.032  -23.426 0.6999999881
15017  34.343  -70.475  -23.930 0.4000000060
19414  35.809  -65.397  -26.556 0.6999999881
20319  36.421  -64.388  -26.261 0.6999999881
21142  37.262  -63.274  -25.116 0.6000000238
21976  37.018  -62.410  -24.621 0.6000000238
26390  32.612  -57.405  -22.285 0.6000000238
23701  36.747  -60.450  -24.352 0.6000000238
26395  34.418  -57.528  -23.843 0.6999999881
26396  33.751  -57.461  -23.341 0.6999999881
26399  36.164  -57.913  -25.018 0.6999999881
26407  35.875  -57.152  -25.292 0.6999999881
26401  34.775  -57.199  -24.386 0.6999999881
16684  34.640  -69.048  -24.545 0.5000000000
17566  35.250  -68.173  -24.818 0.6000000238
17574  34.655  -67.452  -25.461 0.6000000238
16678  36.570  -68.533  -23.397 0.6999999881
15848  35.306  -69.455  -23.860 0.6000000238
108558  35.084  -66.808  -25.870 0.6999999881
16672  36.189  -68.994  -23.005 0.6999999881
15832  35.229  -69.941  -22.759 0.6999999881
19413  36.643  -65.596  -26.084 0.6999999881
19421  36.360  -64.913  -26.497 0.6999999881
21975  38.341  -62.814  -25.139 0.5000000000
21150  37.321  -64.036  -25.683 0.6000000238
28193  32.080  -56.183  -21.874 0.5000000000
23708  38.528  -60.320  -25.055 0.6000000238
22833  37.966  -61.870  -24.820 0.6000000238
27297  32.845  -55.916  -23.076 0.6000000238
28198  32.293  -55.377  -22.339 0.5000000000
24598  37.516  -59.935  -24.698 0.6000000238
23700  37.702  -60.873  -24.681 0.6000000238
28206  34.398  -55.769  -24.786 0.6000000238
28203  33.271  -55.615  -23.743 0.5000000000
29155  33.087  -54.818  -23.988 0.5000000000
26405  37.951  -57.780  -25.635 0.6999999881
25496  37.057  -58.279  -25.243 0.6999999881
27305  36.403  -56.702  -25.710 0.6999999881
27299  35.170  -56.836  -24.972 0.6999999881
28211  35.023  -55.537  -25.369 0.5000000000
27304  37.297  -56.915  -25.899 0.6999999881
28217  36.145  -55.045  -26.152 0.6000000238
17573  35.558  -67.315  -25.354 0.6000000238
16682  36.307  -68.388  -24.180 0.6999999881
114100  36.110  -67.775  -24.801 0.6000000238
17557  36.985  -68.079  -23.123 0.6999999881
18474  36.942  -66.385  -25.392 0.6999999881
20317  38.007  -64.494  -25.411 0.6999999881
20318  37.202  -64.906  -26.002 0.6999999881
21141  38.529  -63.709  -25.252 0.6000000238
21985  39.161  -62.139  -25.158 0.5000000000
29156  32.618  -54.187  -23.512 0.4000000060
25495  38.097  -58.699  -25.351 0.6000000238
24605  38.290  -59.485  -25.149 0.6000000238
29160  34.294  -54.953  -25.027 0.5000000000
28207  33.722  -55.309  -24.404 0.5000000000
29164  35.421  -54.855  -25.723 0.5000000000
29165  34.788  -54.305  -25.382 0.4000000060
27311  37.711  -56.302  -26.294 0.6000000238
112081  37.181  -55.663  -26.418 0.6999999881
125885  36.750  -55.176  -26.399 0.6000000238
29171  36.645  -54.559  -26.419 0.5000000000
17561  37.451  -67.327  -24.147 0.6000000238
17564  37.340  -66.992  -24.755 0.6999999881
17572  36.506  -67.153  -25.152 0.6999999881
107557  37.140  -66.338  -23.084 0.6999999881
114915  37.775  -66.397  -23.596 0.6999999881
19412  37.462  -65.695  -25.423 0.6000000238
111481  37.983  -65.160  -25.325 0.6000000238
22840  39.786  -61.471  -25.205 0.6000000238
106912  39.372  -62.961  -25.135 0.5000000000
22841  38.812  -61.224  -25.102 0.6000000238
25494  39.076  -58.465  -25.470 0.6000000238
24604  39.276  -59.837  -25.308 0.6000000238
29166  34.064  -54.106  -24.870 0.5000000000
119573  33.482  -53.912  -24.500 0.4000000060
27303  38.380  -56.994  -26.039 0.6000000238
30053  34.463  -53.502  -25.113 0.4000000060
28215  38.090  -55.629  -26.626 0.6000000238
30056  37.235  -54.033  -26.652 0.5000000000
19406  38.334  -66.060  -24.076 0.6999999881
116865  38.181  -65.729  -24.742 0.6000000238
20284  37.900  -64.392  -23.403 0.6999999881
116674  38.551  -65.212  -24.459 0.6000000238
20309  38.659  -64.953  -24.967 0.6000000238
20285  36.753  -64.543  -22.725 0.6999999881
21140  39.397  -63.670  -24.684 0.5000000000
24597  40.153  -59.961  -24.961 0.6000000238
22839  40.209  -61.593  -25.037 0.6000000238
24603  39.798  -59.270  -25.269 0.6000000238
25493  39.934  -58.246  -25.357 0.5000000000
26408  39.485  -56.922  -26.023 0.6000000238
28214  39.220  -55.604  -26.704 0.6000000238
117591  38.001  -54.303  -26.894 0.5000000000
20283  38.632  -63.734  -23.546 0.6999999881
21956  39.294  -63.135  -23.715 0.6999999881
21973  40.027  -62.530  -24.562 0.6000000238
22832  40.354  -61.330  -24.880 0.5000000000
26398  40.389  -58.308  -24.892 0.6000000238
23699  40.358  -60.701  -24.900 0.6000000238
27302  40.360  -56.355  -25.515 0.6000000238
28213  40.307  -55.486  -26.529 0.6000000238
29169  38.993  -54.202  -27.152 0.5000000000
14177  32.185  -71.980  -22.563 0.5000000000
15014  34.060  -70.914  -22.606 0.5000000000
15005  32.898  -70.649  -21.601 0.5000000000
14164  33.409  -71.030  -22.232 0.5000000000
15826  35.014  -69.352  -22.131 0.6999999881
16665  34.718  -68.621  -21.507 0.6999999881
15003  34.472  -70.087  -22.191 0.5000000000
15827  33.800  -69.625  -21.438 0.5000000000
16664  36.041  -68.612  -22.496 0.6999999881
124974  35.409  -68.699  -22.028 0.6999999881
17545  36.466  -68.015  -22.535 0.6999999881
12607  25.473  -73.972  -23.450 0.3000000119
21969  32.254  -62.345  -23.433 0.6999999881
21986  32.988  -62.741  -26.286 0.6000000238
116701  32.944  -61.277  -22.577 0.6999999881
121113  32.030  -59.824  -21.762 0.6999999881
15018  34.145  -71.268  -23.439 0.6000000238
22834  36.849  -61.444  -24.404 0.6000000238
26400  35.438  -57.547  -24.711 0.6999999881
27290  33.416  -56.482  -23.467 0.6000000238
27307  34.931  -56.205  -25.082 0.6999999881
27301  33.890  -56.097  -24.189 0.6000000238
28209  36.204  -56.114  -25.888 0.6999999881
126571  32.734  -55.078  -23.279 0.5000000000
29149  32.407  -54.550  -22.868 0.5000000000
30057  36.459  -53.803  -26.334 0.5000000000
21149  39.331  -63.532  -25.010 0.5000000000
20300  38.656  -65.148  -23.999 0.6999999881
21974  39.772  -62.877  -24.869 0.5000000000
26402  40.184  -56.718  -25.771 0.6000000238
21134  39.400  -63.870  -24.146 0.6000000238
119107  40.353  -57.875  -25.087 0.6000000238
22811  39.825  -62.536  -24.046 0.5000000000
17532  33.938  -67.078  -20.898 0.6000000238
20257  31.570  -64.433  -19.495 0.6000000238
21111  31.558  -63.545  -19.514 0.4000000060
18431  33.147  -65.961  -20.528 0.5000000000
18443  34.627  -66.690  -21.424 0.6000000238
17571  30.984  -67.477  -24.428 0.5000000000
21107  30.843  -63.009  -18.964 0.4000000060
17577  32.153  -67.183  -25.343 0.5000000000
18480  30.954  -66.279  -25.167 0.5000000000
19374  32.471  -65.469  -20.219 0.5000000000
114965  31.017  -61.945  -19.084 0.4000000060
18479  31.642  -66.341  -25.440 0.5000000000
20320  31.257  -64.808  -25.922 0.5000000000
20265  32.560  -64.664  -20.351 0.6000000238
18444  33.924  -66.077  -21.036 0.5000000000
108583  35.289  -67.192  -21.757 0.6000000238
24540  30.889  -59.687  -18.234 0.4000000060
125729  30.231  -59.680  -17.685 0.4000000060
125522  32.187  -63.169  -20.066 0.4000000060
110968  28.953  -64.262  -25.594 0.5000000000
20264  33.135  -64.533  -20.807 0.5000000000
20330  30.241  -63.760  -26.036 0.5000000000
122679  29.472  -62.734  -25.906 0.5000000000
109594  34.589  -65.865  -21.566 0.6000000238
18442  35.310  -66.267  -22.013 0.6000000238
18441  35.984  -67.189  -22.269 0.6000000238
21991  32.214  -62.684  -26.247 0.5000000000
22843  30.317  -61.510  -25.624 0.5000000000
110437  29.142  -62.223  -25.774 0.4000000060
19384  34.205  -65.193  -21.383 0.5000000000
19385  33.499  -65.245  -20.938 0.5000000000
19383  35.003  -65.164  -21.957 0.6000000238
20272  35.257  -64.216  -22.001 0.6000000238
19394  35.739  -65.573  -22.344 0.6000000238
117147  35.813  -64.818  -22.379 0.6000000238
18458  36.256  -66.335  -22.547 0.6000000238
22798  31.862  -61.517  -19.513 0.4000000060
23657  30.977  -60.550  -18.642 0.4000000060
22836  30.572  -61.187  -25.002 0.5000000000
22844  29.556  -61.447  -25.595 0.5000000000
109701  28.058  -61.767  -25.358 0.4000000060
22842  31.060  -61.726  -25.467 0.6000000238
22845  28.773  -61.573  -25.534 0.4000000060
21118  33.482  -63.044  -20.875 0.6000000238
109854  34.839  -63.530  -21.617 0.6000000238
21123  35.696  -63.405  -21.988 0.6000000238
126075  36.247  -63.164  -22.195 0.6000000238
24524  30.598  -59.005  -17.605 0.4000000060
23702  30.001  -60.843  -24.394 0.5000000000
23704  28.665  -60.224  -24.819 0.4000000060
23706  27.109  -60.734  -24.653 0.4000000060
21943  33.177  -62.230  -20.449 0.6000000238
21944  32.393  -62.281  -20.065 0.4000000060
21952  33.943  -62.172  -20.801 0.6000000238
21119  32.790  -63.742  -20.540 0.6000000238
21124  34.043  -63.679  -21.311 0.5000000000
21950  35.541  -61.863  -21.474 0.6000000238
21951  34.734  -62.006  -21.151 0.5000000000
21122  36.939  -63.112  -22.478 0.6000000238
23656  31.684  -60.638  -19.106 0.4000000060
23694  30.085  -61.174  -23.188 0.6000000238
23696  28.840  -59.799  -24.214 0.5000000000
24602  27.415  -59.839  -24.313 0.5000000000
23697  26.583  -60.265  -24.139 0.5000000000
106489  33.121  -60.583  -19.787 0.4000000060
23662  32.448  -60.651  -19.497 0.4000000060
22796  33.617  -60.880  -20.220 0.5000000000
112859  34.765  -60.652  -20.723 0.5000000000
22804  35.086  -61.207  -21.074 0.5000000000
21953  36.126  -62.562  -21.939 0.6000000238
117453  37.040  -62.162  -22.344 0.6000000238
21127  37.723  -63.579  -22.993 0.6000000238
25440  31.856  -58.419  -18.147 0.4000000060
24523  31.233  -58.920  -18.047 0.4000000060
124108  31.773  -57.623  -17.659 0.4000000060
26341  31.138  -58.294  -17.555 0.4000000060
122994  31.614  -60.651  -21.839 0.6000000238
25439  32.525  -58.674  -18.671 0.4000000060
24539  31.828  -59.286  -18.552 0.4000000060
24592  28.925  -59.850  -23.160 0.6000000238
24578  28.442  -59.236  -22.693 0.5000000000
24594  27.671  -59.220  -23.789 0.4000000060
23661  32.949  -59.853  -19.429 0.4000000060
22805  34.288  -61.286  -20.669 0.5000000000
22803  35.776  -61.090  -21.432 0.5000000000
22809  36.352  -60.936  -21.716 0.6000000238
106287  38.111  -62.834  -22.961 0.6000000238
27242  32.346  -56.933  -17.826 0.4000000060
24560  31.246  -59.837  -21.409 0.6000000238
23673  29.792  -60.417  -21.771 0.6000000238
24577  29.067  -59.929  -22.100 0.5000000000
24579  26.453  -59.030  -22.989 0.5000000000
25438  33.130  -58.226  -18.922 0.4000000060
24548  33.614  -59.339  -19.639 0.4000000060
24547  34.180  -59.630  -20.124 0.5000000000
24554  35.342  -59.489  -20.866 0.5000000000
22808  37.042  -61.154  -22.188 0.5000000000
114197  32.250  -56.145  -17.369 0.4000000060
24561  30.260  -59.838  -21.204 0.6000000238
25465  29.873  -59.002  -20.778 0.5000000000
119219  28.265  -58.523  -21.523 0.5000000000
23668  34.775  -59.950  -20.570 0.5000000000
24553  35.925  -59.833  -21.407 0.4000000060
24557  37.161  -59.716  -22.255 0.4000000060
22813  37.932  -60.917  -22.726 0.4000000060
23676  38.792  -60.611  -23.301 0.6000000238
22825  40.115  -61.823  -24.433 0.4000000060
28168  32.699  -55.495  -17.674 0.4000000060
112630  32.881  -57.007  -18.369 0.4000000060
25463  31.904  -58.897  -21.552 0.6000000238
27254  33.364  -56.680  -18.696 0.4000000060
26377  32.092  -57.865  -21.673 0.5000000000
109968  30.896  -58.900  -20.956 0.5000000000
25466  29.006  -58.769  -21.029 0.5000000000
26379  27.780  -58.058  -21.170 0.4000000060
124122  30.330  -58.309  -20.611 0.4000000060
25449  35.269  -58.633  -20.709 0.5000000000
25462  35.751  -58.167  -21.203 0.5000000000
25461  36.380  -58.527  -21.690 0.6000000238
24573  37.789  -59.263  -22.786 0.4000000060
23677  37.902  -60.104  -22.774 0.4000000060
24571  39.752  -60.312  -23.935 0.4000000060
25478  37.628  -58.370  -22.761 0.5000000000
26378  31.558  -57.411  -21.227 0.5000000000
25451  30.976  -57.911  -20.779 0.6000000238
27284  31.567  -56.474  -21.238 0.4000000060
26385  39.414  -58.330  -23.924 0.5000000000
24588  40.165  -60.109  -24.654 0.5000000000
26387  37.372  -57.361  -22.744 0.5000000000
25479  36.868  -58.031  -22.189 0.5000000000
25477  38.587  -58.811  -23.373 0.5000000000
115390  33.432  -56.037  -18.589 0.4000000060
27308  40.541  -55.978  -25.968 0.5000000000
107503  40.104  -58.619  -24.525 0.4000000060
26392  40.042  -57.883  -24.495 0.5000000000
27287  38.169  -56.952  -23.424 0.5000000000
28194  31.823  -55.699  -21.528 0.4000000060
28208  40.646  -55.710  -25.673 0.4000000060
29157  40.628  -55.253  -25.501 0.4000000060
26397  40.361  -57.065  -25.289 0.5000000000
26391  40.477  -57.380  -24.941 0.5000000000
26393  39.158  -57.451  -23.930 0.5000000000
27293  39.948  -57.042  -24.464 0.5000000000
27294  38.921  -56.568  -24.039 0.5000000000
28200  38.769  -55.769  -24.188 0.5000000000
28205  39.802  -55.467  -24.894 0.4000000060
21988  31.650  -62.195  -25.908 0.5000000000
22829  30.636  -61.573  -23.881 0.6000000238
21162  31.850  -63.329  -26.392 0.6000000238
23680  31.098  -61.410  -22.222 0.6000000238
17570  31.784  -67.797  -25.007 0.5000000000
27291  32.566  -56.473  -22.470 0.5000000000
117321  38.977  -62.294  -23.414 0.6000000238
23675  39.691  -61.186  -23.838 0.4000000060
21164  30.112  -62.864  -26.068 0.5000000000
21163  30.930  -63.077  -26.236 0.5000000000
21989  30.803  -62.227  -25.993 0.5000000000
23710  29.136  -60.809  -25.253 0.4000000060
22837  27.616  -61.297  -25.022 0.4000000060
125605  33.575  -61.596  -20.447 0.6000000238
23703  29.324  -60.409  -24.715 0.6000000238
23705  27.929  -60.336  -24.784 0.4000000060
24538  32.527  -59.348  -18.977 0.4000000060
23681  30.277  -61.109  -22.325 0.6000000238
23682  29.557  -60.588  -22.595 0.6000000238
24595  26.912  -59.408  -23.748 0.5000000000
22830  25.377  -61.615  -24.038 0.5000000000
25489  27.230  -58.909  -23.310 0.5000000000
25483  27.826  -58.780  -23.028 0.5000000000
24563  28.641  -59.191  -21.750 0.5000000000
24558  36.494  -59.370  -21.757 0.5000000000
25484  27.182  -58.647  -22.624 0.5000000000
25450  34.602  -58.223  -20.147 0.5000000000
25464  31.520  -58.202  -21.198 0.6000000238
24572  38.748  -59.728  -23.371 0.3000000119
28204  40.337  -55.987  -25.167 0.4000000060
126630  28.927  -79.573  -19.019 0.3000000119
8107  28.394  -79.075  -20.531 0.3000000119
125529  28.761  -78.993  -19.889 0.3000000119
110564  28.797  -78.358  -21.367 0.3000000119
8106  29.108  -78.310  -20.787 0.3000000119
8822  28.051  -78.481  -22.381 0.3000000119
8131  28.528  -78.273  -21.907 0.3000000119
127326  31.061  -76.272  -19.087 0.3000000119
9547  29.852  -77.039  -20.276 0.3000000119
9548  29.137  -77.293  -20.770 0.3000000119
8805  28.416  -77.863  -21.830 0.3000000119
9527  30.258  -76.715  -19.715 0.3000000119
10232  30.081  -76.369  -17.980 0.3000000119
9509  29.835  -76.493  -19.036 0.3000000119
9528  29.452  -76.774  -19.947 0.4000000060
9549  28.341  -77.291  -20.743 0.4000000060
106488  26.644  -77.801  -20.482 0.4000000060
8807  25.688  -78.285  -20.628 0.3000000119
108411  29.255  -76.670  -16.894 0.3000000119
9510  28.852  -76.945  -18.451 0.4000000060
9511  27.797  -77.407  -17.742 0.4000000060
113845  27.598  -77.425  -19.495 0.4000000060
10218  30.239  -75.924  -16.349 0.3000000119
8788  26.542  -77.802  -19.390 0.4000000060
11690  29.786  -75.114  -15.155 0.4000000060
10956  29.544  -75.698  -15.527 0.4000000060
8789  25.572  -78.215  -19.468 0.4000000060
8774  24.670  -78.276  -18.633 0.3000000119
10220  28.599  -76.668  -16.157 0.4000000060
9494  28.401  -77.142  -16.972 0.3000000119
9495  27.213  -77.308  -16.620 0.4000000060
10957  28.429  -76.047  -15.383 0.4000000060
9513  25.597  -77.597  -16.934 0.5000000000
9530  26.612  -77.794  -18.394 0.4000000060
12604  28.963  -73.553  -24.095 0.5000000000
11674  29.505  -74.501  -14.777 0.4000000060
8773  25.628  -78.106  -18.349 0.4000000060
12591  24.900  -74.040  -22.503 0.3000000119
117372  26.453  -73.368  -22.602 0.4000000060
10263  23.025  -76.484  -18.965 0.3000000119
16681  30.656  -68.810  -23.541 0.4000000060
16673  30.264  -68.174  -23.156 0.4000000060
13405  33.219  -72.399  -23.677 0.4000000060
13406  32.585  -72.533  -23.417 0.4000000060
13419  32.293  -73.077  -23.879 0.4000000060
10221  27.609  -76.757  -15.836 0.4000000060
9512  26.670  -77.673  -17.368 0.5000000000
12602  30.779  -73.538  -23.996 0.4000000060
13420  29.694  -73.239  -23.594 0.4000000060
10943  27.794  -75.323  -14.784 0.4000000060
12606  26.408  -73.587  -23.480 0.4000000060
8764  24.739  -77.947  -17.760 0.4000000060
13411  27.590  -72.987  -22.434 0.5000000000
9531  24.018  -77.830  -18.096 0.5000000000
107028  26.155  -73.357  -21.854 0.4000000060
10253  23.329  -76.929  -18.308 0.3000000119
12576  24.805  -73.868  -21.539 0.4000000060
18472  30.686  -66.564  -24.700 0.4000000060
15013  34.725  -70.630  -23.029 0.4000000060
10958  27.267  -75.943  -15.122 0.4000000060
9481  26.710  -76.938  -15.926 0.4000000060
13408  30.961  -72.725  -23.075 0.4000000060
13421  28.867  -72.943  -23.211 0.5000000000
10959  26.342  -75.689  -15.049 0.4000000060
9496  26.143  -77.273  -16.343 0.4000000060
13410  28.431  -72.677  -22.280 0.5000000000
10944  26.877  -75.211  -14.725 0.4000000060
10960  25.629  -75.262  -15.272 0.4000000060
10234  25.443  -76.703  -16.057 0.4000000060
10235  24.867  -76.429  -16.348 0.5000000000
10245  24.373  -76.565  -16.913 0.5000000000
13391  30.162  -72.295  -22.103 0.4000000060
12457  26.208  -73.822  -14.623 0.4000000060
10978  23.541  -76.200  -18.167 0.5000000000
12589  26.947  -73.191  -22.125 0.4000000060
11737  24.198  -74.359  -19.630 0.4000000060
115572  24.322  -74.086  -20.294 0.4000000060
12575  25.540  -73.538  -21.214 0.4000000060
14178  31.198  -72.007  -22.083 0.4000000060
126794  32.259  -70.896  -21.421 0.3000000119
11699  25.057  -75.107  -15.986 0.4000000060
11700  24.697  -75.171  -16.750 0.4000000060
13392  29.258  -72.375  -21.629 0.4000000060
109883  26.225  -61.400  -24.493 0.4000000060
13277  26.012  -73.044  -14.885 0.4000000060
11691  25.506  -74.447  -15.433 0.4000000060
11710  24.513  -74.931  -17.571 0.5000000000
10984  23.970  -75.359  -18.191 0.5000000000
13376  29.240  -72.238  -20.647 0.5000000000
13393  28.528  -72.515  -21.084 0.4000000060
127803  25.848  -72.999  -15.531 0.4000000060
11723  24.036  -74.806  -18.916 0.4000000060
13395  26.839  -73.198  -21.440 0.4000000060
12558  25.752  -73.468  -20.247 0.4000000060
12557  26.755  -73.278  -20.099 0.4000000060
15828  33.038  -69.908  -21.218 0.4000000060
15007  31.082  -71.402  -21.059 0.3000000119
108621  25.306  -74.357  -16.155 0.4000000060
11709  25.140  -74.443  -17.011 0.4000000060
14167  30.430  -71.827  -21.152 0.3000000119
12496  25.645  -73.764  -16.590 0.4000000060
12512  25.721  -73.843  -17.517 0.4000000060
11721  25.046  -74.268  -17.983 0.4000000060
12524  25.735  -73.809  -18.414 0.5000000000
14088  26.202  -71.678  -16.284 0.4000000060
14103  26.669  -71.991  -17.195 0.4000000060
12523  26.474  -73.429  -18.781 0.4000000060
12538  26.404  -73.392  -19.532 0.4000000060
13378  27.998  -72.738  -20.364 0.4000000060
16666  33.959  -68.848  -21.149 0.4000000060
12511  26.386  -73.406  -17.928 0.4000000060
8161  22.591  -80.206  -23.690 0.3000000119
10243  31.214  -76.035  -18.691 0.3000000119
10231  30.744  -75.952  -17.656 0.3000000119
10955  30.628  -75.314  -15.774 0.4000000060
11675  28.665  -74.310  -14.492 0.4000000060
11676  27.323  -74.649  -14.491 0.4000000060
113105  27.503  -73.330  -14.125 0.4000000060
121017  26.539  -72.546  -14.463 0.4000000060
15006  31.600  -70.809  -20.972 0.3000000119
13294  25.995  -72.355  -15.594 0.4000000060
127246  32.504  -69.486  -20.806 0.4000000060
14991  30.790  -70.730  -20.473 0.4000000060
14149  29.829  -71.780  -20.348 0.4000000060
117130  26.502  -71.158  -16.994 0.4000000060
13329  26.637  -72.735  -17.520 0.4000000060
13345  27.023  -72.990  -18.297 0.4000000060
13360  27.250  -73.104  -19.197 0.4000000060
13358  28.521  -72.391  -19.633 0.3000000119
13377  28.714  -72.417  -20.267 0.4000000060
14102  27.165  -71.506  -17.721 0.4000000060
13422  28.012  -73.178  -23.333 0.4000000060
127168  33.494  -68.361  -20.781 0.4000000060
8108  27.801  -79.467  -21.064 0.3000000119
8105  29.368  -78.385  -20.003 0.3000000119
8132  28.113  -79.093  -22.241 0.3000000119
115807  22.959  -80.871  -24.721 0.3000000119
8160  23.272  -79.922  -23.179 0.3000000119
8804  28.869  -77.760  -21.380 0.3000000119
10244  30.688  -76.296  -19.057 0.3000000119
8806  27.867  -77.571  -21.327 0.4000000060
9493  29.272  -76.728  -17.845 0.3000000119
119811  29.929  -76.317  -16.888 0.3000000119
9529  28.304  -77.198  -19.040 0.4000000060
123528  27.378  -77.556  -18.359 0.4000000060
122858  30.090  -73.847  -14.757 0.4000000060
9497  24.919  -77.110  -16.656 0.4000000060
9515  23.705  -77.284  -17.933 0.5000000000
10985  23.417  -75.605  -18.947 0.3000000119
9514  24.278  -77.319  -17.384 0.5000000000
12456  26.938  -73.954  -14.288 0.4000000060
12539  25.681  -73.663  -19.311 0.4000000060
115762  27.457  -73.059  -19.964 0.4000000060
17520  31.023  -66.829  -19.601 0.4000000060
17535  31.760  -67.079  -20.018 0.4000000060
19353  30.673  -65.268  -18.822 0.4000000060
19352  31.145  -64.848  -19.080 0.3000000119
18422  31.845  -65.635  -19.808 0.5000000000
17534  32.577  -67.334  -20.368 0.4000000060
107451  33.164  -66.817  -20.516 0.4000000060
112617  25.992  -65.397  -13.182 0.3000000119
120886  26.188  -64.753  -13.800 0.3000000119
21904  27.938  -62.185  -15.891 0.3000000119
21918  28.965  -62.196  -17.141 0.3000000119
22783  29.400  -61.684  -17.547 0.3000000119
22792  30.556  -61.283  -18.619 0.3000000119
21059  26.608  -64.009  -14.201 0.3000000119
21058  27.117  -63.318  -14.768 0.3000000119
22754  27.637  -61.858  -15.063 0.3000000119
19279  26.353  -65.233  -12.406 0.3000000119
21042  26.537  -63.713  -13.385 0.3000000119
22767  28.959  -61.271  -16.987 0.3000000119
24525  29.688  -60.037  -17.323 0.3000000119
21887  27.251  -62.457  -14.467 0.3000000119
22734  27.841  -61.006  -14.770 0.3000000119
23631  28.551  -60.838  -16.271 0.3000000119
22721  27.447  -61.460  -13.298 0.3000000119
22735  27.441  -61.602  -14.166 0.3000000119
24480  28.845  -58.903  -14.824 0.3000000119
23577  28.155  -59.924  -13.396 0.3000000119
24481  28.472  -59.387  -14.196 0.3000000119
21862  27.219  -62.134  -12.695 0.3000000119
24512  28.739  -60.006  -16.030 0.3000000119
25413  29.632  -58.767  -16.327 0.3000000119
26331  31.048  -57.539  -16.991 0.3000000119
23578  27.793  -60.754  -12.974 0.3000000119
24499  28.508  -59.658  -15.139 0.3000000119
122849  30.508  -56.842  -15.452 0.3000000119
24463  28.727  -59.105  -13.358 0.3000000119
25388  29.176  -58.265  -14.350 0.3000000119
26298  29.626  -57.684  -14.634 0.3000000119
27243  31.675  -56.834  -17.126 0.3000000119
109508  30.474  -57.516  -16.221 0.3000000119
27226  31.026  -56.809  -16.382 0.3000000119
28159  32.141  -55.336  -16.988 0.3000000119
29127  32.961  -54.959  -17.964 0.3000000119
30009  32.377  -53.784  -17.249 0.3000000119
30016  32.945  -54.253  -17.985 0.3000000119
29126  33.310  -54.798  -18.516 0.3000000119
20251  30.611  -64.534  -18.626 0.3000000119
19364  31.204  -65.599  -19.339 0.4000000060
22782  29.912  -61.430  -18.098 0.3000000119
24510  29.926  -59.214  -17.103 0.3000000119
18415  30.346  -66.425  -19.187 0.5000000000
126371  26.382  -64.224  -13.600 0.3000000119
22753  28.082  -61.319  -15.670 0.3000000119
21919  28.440  -62.630  -16.532 0.3000000119
21931  29.442  -62.754  -17.590 0.3000000119
21099  30.028  -63.095  -18.235 0.3000000119
21876  27.086  -62.241  -13.582 0.3000000119
24511  29.330  -59.608  -16.559 0.3000000119
23600  28.084  -60.157  -14.457 0.3000000119
25376  29.208  -58.333  -13.355 0.3000000119
27183  30.391  -56.564  -13.478 0.3000000119
25403  29.419  -58.329  -15.367 0.3000000119
24453  29.219  -58.866  -12.663 0.3000000119
112779  30.058  -57.161  -14.786 0.3000000119
14135  29.408  -71.582  -19.703 0.3000000119
14977  29.233  -71.001  -19.330 0.4000000060
15798  27.903  -69.291  -18.519 0.4000000060
15797  28.747  -69.974  -19.049 0.4000000060
14975  30.254  -70.282  -20.078 0.3000000119
16636  28.581  -69.002  -18.976 0.4000000060
17507  27.746  -67.652  -18.274 0.3000000119
108753  29.608  -70.163  -19.644 0.4000000060
16649  28.978  -68.246  -19.130 0.4000000060
17506  28.509  -67.508  -18.652 0.3000000119
15805  30.144  -69.420  -19.985 0.3000000119
16648  29.798  -68.481  -19.646 0.4000000060
128133  29.074  -67.625  -19.018 0.4000000060
16647  31.050  -67.719  -19.982 0.3000000119
111797  30.271  -67.909  -19.742 0.4000000060
18424  29.781  -66.924  -19.176 0.4000000060
15817  30.999  -69.344  -20.318 0.3000000119
109926  31.981  -67.942  -20.323 0.3000000119
16658  32.276  -68.781  -20.581 0.3000000119
15816  31.796  -69.423  -20.595 0.3000000119
17522  29.626  -67.637  -19.332 0.4000000060
15806  29.297  -69.208  -19.419 0.4000000060
111753  31.376  -74.616  -15.738 0.3000000119
14118  28.281  -71.648  -18.659 0.3000000119
12474  34.987  -73.360  -16.074 0.3000000119
123241  34.214  -73.814  -16.432 0.3000000119
12477  32.181  -73.717  -15.830 0.3000000119
11689  30.395  -74.607  -15.170 0.3000000119
14960  28.560  -70.984  -18.777 0.3000000119
14119  27.777  -71.934  -18.293 0.3000000119
13271  34.232  -71.620  -15.100 0.3000000119
120960  32.488  -72.608  -15.632 0.3000000119
13293  33.598  -72.108  -15.720 0.3000000119
118064  30.668  -73.105  -14.949 0.3000000119
12454  29.303  -73.819  -14.482 0.3000000119
114911  28.102  -70.221  -18.517 0.3000000119
14041  33.436  -71.431  -13.525 0.3000000119
14076  33.704  -71.346  -15.323 0.3000000119
14049  33.720  -71.061  -14.459 0.3000000119
12453  31.542  -73.133  -15.358 0.3000000119
14077  32.738  -71.430  -15.460 0.3000000119
13273  30.411  -72.395  -14.734 0.3000000119
14900  33.368  -70.567  -14.437 0.3000000119
14062  33.097  -70.653  -15.154 0.3000000119
13272  31.462  -72.206  -15.223 0.3000000119
111901  31.765  -71.242  -15.197 0.3000000119
121202  28.902  -72.589  -14.170 0.3000000119
121309  27.165  -72.577  -14.102 0.3000000119
113564  26.307  -72.043  -14.790 0.3000000119
14050  33.273  -70.655  -13.817 0.3000000119
13274  29.635  -71.955  -14.393 0.3000000119
116793  30.757  -71.555  -14.905 0.3000000119
13275  28.061  -72.621  -13.990 0.3000000119
122979  27.388  -69.958  -17.988 0.3000000119
15749  32.526  -69.763  -14.344 0.3000000119
14901  33.029  -70.127  -14.079 0.3000000119
117411  32.364  -70.025  -14.925 0.3000000119
14063  31.359  -70.510  -15.020 0.3000000119
14065  29.020  -71.072  -14.323 0.3000000119
13276  26.861  -71.892  -14.283 0.3000000119
14941  26.115  -70.748  -16.075 0.3000000119
14951  26.938  -70.608  -17.539 0.3000000119
119360  26.996  -68.955  -17.933 0.3000000119
13359  28.181  -72.327  -18.930 0.3000000119
14915  31.416  -69.605  -14.828 0.3000000119
14064  30.147  -70.931  -14.662 0.3000000119
14067  27.398  -71.221  -14.166 0.3000000119
14930  26.242  -70.703  -15.206 0.3000000119
12475  34.370  -72.721  -15.976 0.3000000119
12476  33.407  -73.094  -16.088 0.3000000119
7442  26.976  -80.050  -20.486 0.3000000119
8117  28.430  -78.768  -21.527 0.3000000119
8762  25.962  -77.902  -17.658 0.5000000000
8763  25.348  -77.883  -17.524 0.4000000060
8787  29.352  -77.528  -20.667 0.3000000119
9526  30.870  -76.673  -19.305 0.3000000119
9550  27.395  -77.508  -20.319 0.4000000060
9567  28.644  -77.557  -21.317 0.3000000119
10219  29.326  -76.296  -16.096 0.4000000060
10222  26.613  -76.395  -15.461 0.4000000060
10223  25.812  -76.136  -15.488 0.4000000060
10233  26.108  -76.726  -15.776 0.4000000060
10246  23.803  -76.706  -17.613 0.5000000000
10942  28.819  -75.148  -14.884 0.4000000060
10945  26.177  -75.034  -14.807 0.4000000060
10969  25.160  -75.912  -15.863 0.4000000060
10970  24.667  -75.843  -16.484 0.4000000060
10977  24.141  -75.844  -17.325 0.5000000000
11677  26.522  -74.519  -14.583 0.4000000060
11678  25.889  -74.479  -14.875 0.4000000060
11722  24.835  -74.143  -18.931 0.5000000000
11738  23.641  -74.956  -19.500 0.3000000119
11756  24.122  -74.117  -20.985 0.4000000060
11812  27.550  -74.443  -25.222 0.6000000238
11833  28.053  -74.552  -26.894 0.5000000000
12455  28.570  -73.400  -14.215 0.3000000119
12458  25.759  -73.872  -14.992 0.4000000060
12478  31.011  -73.882  -15.260 0.3000000119
12479  25.651  -73.628  -15.632 0.4000000060
12540  24.912  -73.840  -19.859 0.4000000060
12559  24.882  -73.762  -20.696 0.4000000060
12574  26.346  -73.321  -20.946 0.4000000060
12590  25.775  -73.597  -22.639 0.4000000060
12601  31.673  -73.306  -23.897 0.4000000060
12605  27.094  -73.268  -22.943 0.5000000000
12616  31.661  -73.773  -25.118 0.5000000000
12618  30.113  -74.342  -25.590 0.5000000000
12621  26.973  -73.900  -24.481 0.5000000000
12630  30.553  -74.057  -26.082 0.5000000000
12631  30.053  -74.297  -26.109 0.5000000000
13292  34.205  -72.013  -15.492 0.3000000119
13309  26.220  -72.486  -16.623 0.4000000060
13310  25.879  -73.048  -16.163 0.4000000060
13328  27.211  -72.304  -17.928 0.3000000119
13330  26.103  -73.221  -17.064 0.4000000060
13379  27.182  -73.107  -20.714 0.4000000060
13394  27.620  -72.874  -21.497 0.4000000060
13407  31.801  -72.562  -23.185 0.4000000060
13409  29.402  -72.640  -22.656 0.5000000000
13417  33.197  -72.618  -24.481 0.5000000000
13418  32.804  -72.982  -24.192 0.4000000060
13426  32.800  -72.680  -25.086 0.4000000060
13427  32.731  -73.084  -24.848 0.5000000000
13439  29.042  -73.262  -26.661 0.5000000000
14061  33.589  -70.874  -14.909 0.3000000119
14068  26.604  -71.119  -14.650 0.3000000119
14078  26.143  -71.413  -15.353 0.3000000119
14136  28.861  -71.798  -19.177 0.4000000060
14148  30.433  -71.357  -20.553 0.3000000119
14150  29.170  -72.100  -19.873 0.4000000060
14165  32.728  -71.383  -22.186 0.5000000000
14166  31.844  -71.421  -21.660 0.4000000060
14168  29.806  -72.104  -21.118 0.5000000000
14176  33.545  -71.661  -22.998 0.5000000000
14190  32.643  -71.886  -25.248 0.4000000060
14914  33.051  -70.320  -14.676 0.3000000119
14961  27.780  -70.990  -18.204 0.3000000119
14976  29.995  -71.038  -19.948 0.3000000119
14990  31.359  -70.099  -20.580 0.3000000119
15004  33.651  -70.410  -21.839 0.5000000000
15029  33.776  -71.207  -24.331 0.4000000060
15032  31.206  -71.070  -24.902 0.4000000060
15726  32.427  -69.717  -13.434 0.3000000119
15825  35.655  -69.247  -22.617 0.6999999881
15829  32.223  -70.206  -20.964 0.4000000060
15839  35.650  -69.516  -23.179 0.6999999881
15849  34.685  -69.781  -24.088 0.4000000060
15851  32.134  -70.155  -24.804 0.4000000060
16637  28.061  -68.352  -18.603 0.3000000119
16659  31.440  -68.616  -20.334 0.3000000119
16663  36.543  -68.504  -22.887 0.6999999881
16667  33.161  -69.059  -20.831 0.4000000060
16679  35.974  -69.002  -23.600 0.6999999881
16683  35.524  -68.871  -24.231 0.6000000238
16685  33.658  -68.905  -24.832 0.6000000238
16687  32.021  -69.259  -24.796 0.4000000060
17505  29.193  -67.117  -18.894 0.4000000060
17521  30.349  -67.229  -19.523 0.5000000000
17533  33.359  -67.639  -20.651 0.4000000060
17546  35.677  -67.990  -21.920 0.6000000238
17547  34.791  -67.710  -21.407 0.6000000238
17548  34.100  -68.060  -20.937 0.4000000060
17556  37.341  -67.481  -23.563 0.6999999881
17562  37.068  -68.014  -23.816 0.6000000238
17565  36.930  -67.710  -24.483 0.6999999881
18417  28.676  -66.671  -18.438 0.3000000119
18423  31.527  -66.289  -19.721 0.4000000060
18432  32.358  -66.377  -20.152 0.5000000000
18456  37.452  -66.918  -23.399 0.6999999881
18457  36.901  -67.248  -22.871 0.6999999881
18467  37.778  -66.853  -23.891 0.6000000238
18468  30.398  -66.708  -23.919 0.4000000060
18470  37.835  -66.560  -24.368 0.6999999881
18471  31.321  -66.978  -25.071 0.5000000000
18473  37.654  -66.332  -24.931 0.6999999881
18475  35.952  -66.406  -25.913 0.6999999881
18476  34.363  -66.657  -26.010 0.8000000119
18478  32.527  -66.464  -25.701 0.5000000000
19363  32.011  -64.911  -19.893 0.6000000238
19373  32.944  -65.188  -20.578 0.5000000000
19392  37.646  -65.502  -23.404 0.6999999881
19393  36.545  -65.493  -22.735 0.6000000238
19422  35.667  -64.602  -26.804 0.6999999881
19425  32.819  -64.809  -26.346 0.5000000000
20173  26.568  -64.469  -12.158 0.3000000119
20183  26.254  -64.467  -12.993 0.3000000119
20250  31.072  -64.031  -18.998 0.3000000119
20256  32.097  -64.082  -19.995 0.6000000238
20273  34.503  -64.367  -21.604 0.5000000000
20274  33.774  -64.475  -21.224 0.5000000000
20286  35.933  -64.115  -22.315 0.6000000238
20308  39.011  -64.509  -24.502 0.6000000238
20316  39.005  -64.224  -25.030 0.6000000238
20325  35.116  -64.353  -27.052 0.6999999881
20329  31.087  -63.992  -26.178 0.6000000238
21033  26.626  -63.694  -12.588 0.3000000119
21041  26.830  -63.082  -13.904 0.3000000119
21117  34.364  -62.841  -21.249 0.5000000000
21128  36.412  -63.687  -22.400 0.6000000238
21135  34.983  -62.793  -24.108 0.6000000238
21145  34.212  -63.165  -24.959 0.6000000238
21154  29.352  -63.555  -25.863 0.5000000000
21159  34.419  -63.632  -26.660 0.6000000238
21161  32.766  -63.216  -26.471 0.6000000238
21877  26.798  -62.932  -13.056 0.3000000119
21930  29.725  -62.208  -17.972 0.3000000119
21932  28.965  -63.141  -17.065 0.3000000119
21940  30.296  -62.151  -18.557 0.3000000119
21945  31.620  -62.571  -19.558 0.4000000060
21954  35.220  -62.697  -21.544 0.6000000238
21957  37.975  -61.799  -22.750 0.6000000238
21958  33.052  -62.352  -23.295 0.6999999881
21963  39.751  -63.148  -24.391 0.6000000238
21977  33.412  -62.857  -25.010 0.6000000238
21979  31.822  -62.036  -25.067 0.6999999881
21983  40.139  -62.068  -24.880 0.5000000000
21984  39.888  -62.219  -25.091 0.5000000000
21987  32.399  -62.425  -25.824 0.5000000000
21992  31.505  -62.648  -26.183 0.5000000000
22768  28.438  -61.713  -16.460 0.3000000119
22791  31.189  -61.183  -19.022 0.4000000060
22797  32.880  -61.390  -20.013 0.4000000060
22812  38.821  -61.450  -23.278 0.6000000238
22816  32.496  -62.004  -22.784 0.6999999881
22818  30.789  -61.760  -22.894 0.6000000238
22827  34.529  -61.575  -23.387 0.6999999881
22835  31.121  -61.655  -24.729 0.6999999881
23601  27.735  -60.776  -13.823 0.3000000119
23618  28.269  -60.474  -15.411 0.3000000119
23630  29.113  -60.434  -16.792 0.3000000119
23643  30.204  -60.488  -18.065 0.4000000060
23644  29.522  -60.869  -17.511 0.3000000119
23655  32.162  -59.958  -19.062 0.4000000060
23659  34.215  -60.413  -20.365 0.5000000000
23660  33.634  -60.114  -19.907 0.4000000060
23666  35.998  -60.510  -21.497 0.5000000000
23667  35.379  -60.389  -21.076 0.5000000000
23670  37.297  -60.428  -22.323 0.5000000000
23671  36.602  -60.278  -21.855 0.5000000000
23672  30.656  -60.658  -21.695 0.6000000238
23690  40.212  -60.936  -24.542 0.5000000000
23691  36.080  -60.965  -23.912 0.6000000238
23693  34.771  -60.065  -23.364 0.6999999881
23695  29.458  -60.392  -23.744 0.6000000238
23707  39.541  -60.639  -25.244 0.6000000238
23709  29.851  -60.926  -25.194 0.5000000000
23711  28.391  -60.940  -25.154 0.4000000060
24454  28.732  -59.543  -12.696 0.3000000119
24498  29.034  -59.195  -15.732 0.3000000119
24549  33.076  -58.997  -19.178 0.4000000060
24555  34.724  -59.131  -20.367 0.5000000000
24559  35.863  -59.001  -21.256 0.5000000000
24562  29.399  -59.601  -21.369 0.5000000000
24576  32.646  -59.269  -22.113 0.6999999881
24593  28.316  -59.282  -23.648 0.5000000000
24599  36.625  -59.534  -24.446 0.6000000238
24601  28.173  -59.658  -24.353 0.4000000060
25389  28.819  -58.760  -14.012 0.3000000119
25402  29.960  -58.090  -16.073 0.3000000119
25425  30.375  -58.330  -16.856 0.3000000119
25460  37.028  -58.877  -22.218 0.4000000060
25480  33.932  -58.946  -22.941 0.6999999881
25486  40.238  -59.189  -24.801 0.6000000238
25490  40.245  -58.816  -25.001 0.6000000238
25492  35.672  -58.312  -24.421 0.6999999881
26286  29.734  -57.634  -13.112 0.3000000119
26297  29.935  -57.192  -13.901 0.3000000119
26315  29.986  -57.584  -15.439 0.3000000119
26352  33.239  -57.445  -18.785 0.4000000060
26353  32.555  -57.765  -18.330 0.4000000060
26386  38.338  -57.882  -23.365 0.5000000000
26403  40.062  -57.431  -25.541 0.5000000000
26404  39.207  -57.645  -25.700 0.6000000238
26406  36.738  -57.468  -25.505 0.6999999881
27255  32.924  -56.259  -18.098 0.3000000119
27283  32.094  -56.969  -21.791 0.5000000000
27292  40.377  -56.672  -24.891 0.5000000000
27296  34.131  -56.871  -23.978 0.6999999881
27298  40.388  -56.554  -25.220 0.5000000000
27300  34.550  -56.495  -24.578 0.6999999881
27306  35.602  -56.323  -25.493 0.6999999881
27309  39.847  -56.209  -26.272 0.6000000238
27310  38.763  -56.301  -26.393 0.6000000238
27312  36.841  -56.240  -26.104 0.6999999881
28145  31.573  -56.011  -16.514 0.3000000119
28167  33.189  -55.508  -18.271 0.3000000119
28199  39.700  -56.174  -24.571 0.4000000060
28210  35.798  -55.602  -25.826 0.6000000238
28212  41.054  -55.232  -26.148 0.5000000000
28216  36.466  -55.653  -26.160 0.6000000238
29117  32.551  -54.723  -17.429 0.4000000060
29161  33.588  -54.540  -24.493 0.5000000000
29162  32.995  -54.067  -24.162 0.4000000060
29168  39.724  -54.933  -27.074 0.6000000238
29170  37.447  -54.911  -26.681 0.6999999881
29172  35.955  -54.347  -26.103 0.5000000000
30015  33.322  -53.875  -18.766 0.3000000119
30049  33.094  -53.387  -24.317 0.4000000060
30060  39.483  -53.320  -27.289 0.5000000000
30936  34.858  -52.851  -25.293 0.4000000060
106228  29.323  -74.209  -26.511 0.5000000000
106260  25.977  -74.770  -25.453 0.4000000060
107292  29.918  -62.104  -25.878 0.5000000000
108317  29.665  -70.365  -14.591 0.3000000119
108547  30.480  -64.647  -25.823 0.5000000000
108923  30.530  -63.769  -18.576 0.3000000119
109538  31.545  -73.741  -24.610 0.4000000060
109848  37.123  -63.860  -22.745 0.6000000238
110008  30.605  -74.177  -25.760 0.4000000060
110548  31.503  -60.032  -18.704 0.4000000060
111225  27.827  -74.091  -14.290 0.4000000060
111503  27.687  -58.582  -22.080 0.5000000000
111533  27.596  -72.601  -18.587 0.3000000119
111535  32.534  -63.868  -26.472 0.6999999881
111537  24.912  -77.585  -17.181 0.4000000060
111840  30.706  -69.980  -20.289 0.3000000119
111859  32.819  -53.391  -18.023 0.3000000119
112069  36.310  -61.623  -21.805 0.6000000238
112306  38.538  -54.946  -26.929 0.6000000238
112546  34.595  -64.522  -26.910 0.6000000238
113135  28.572  -71.930  -14.068 0.3000000119
113546  27.907  -72.761  -19.489 0.4000000060
114024  39.935  -60.134  -25.204 0.6000000238
114228  40.248  -60.860  -25.078 0.6000000238
114296  29.670  -73.032  -14.424 0.3000000119
114410  26.651  -73.209  -14.336 0.4000000060
114783  25.423  -73.654  -21.950 0.4000000060
115062  39.769  -59.305  -24.080 0.4000000060
115441  30.966  -66.194  -19.382 0.5000000000
115470  30.177  -72.812  -23.101 0.4000000060
115485  27.685  -71.925  -14.001 0.3000000119
116992  38.966  -59.161  -25.383 0.6000000238
117169  30.597  -68.562  -20.051 0.3000000119
117554  29.484  -57.787  -13.853 0.3000000119
118394  32.810  -68.184  -20.577 0.3000000119
118961  32.922  -72.043  -22.952 0.4000000060
119459  28.076  -74.731  -14.541 0.4000000060
119501  33.409  -63.877  -21.015 0.6000000238
119536  28.684  -77.040  -20.203 0.4000000060
119632  30.860  -68.255  -23.846 0.4000000060
119928  33.724  -61.329  -22.954 0.6999999881
119939  24.460  -74.682  -18.334 0.5000000000
121246  28.099  -58.817  -22.260 0.5000000000
121355  33.704  -62.874  -24.360 0.6999999881
121437  33.576  -70.280  -24.624 0.4000000060
121869  32.362  -70.677  -15.185 0.3000000119
121904  27.790  -72.741  -19.023 0.4000000060
122283  33.532  -66.492  -20.725 0.5000000000
122426  39.621  -61.888  -23.765 0.5000000000
123011  31.562  -65.099  -19.501 0.4000000060
123227  38.959  -64.452  -23.926 0.6999999881
123524  33.089  -57.005  -22.884 0.6000000238
124264  29.049  -72.499  -26.454 0.5000000000
125201  29.377  -62.197  -17.562 0.3000000119
125362  32.789  -62.879  -20.445 0.6000000238
125777  27.546  -68.681  -18.315 0.3000000119
126440  25.495  -77.195  -16.447 0.4000000060
126572  23.011  -75.953  -19.311 0.3000000119
126771  34.863  -54.931  -25.394 0.5000000000
126784  32.964  -56.464  -22.996 0.6000000238
126815  39.275  -55.613  -24.504 0.5000000000
127382  25.019  -74.775  -16.445 0.4000000060
127664  30.682  -65.842  -19.079 0.4000000060
128079  35.170  -68.255  -21.677 0.6999999881
128158  34.420  -69.332  -21.642 0.5000000000
128165  37.205  -64.440  -25.863 0.6000000238
128351  30.730  -76.052  -18.488 0.3000000119
