#!ascii label  , from subject sub-v1s12x0050113_ses-1 vox2ras=TkReg
1820
5607  12.940  -82.740  -13.947 0.6999999881
6127  12.370  -82.693  -14.335 0.8000000119
6717  11.994  -82.235  -14.122 0.8000000119
6129  10.718  -82.369  -14.265 0.6999999881
5115  12.490  -84.435  -14.331 0.6000000238
5591  12.649  -83.504  -14.242 0.6000000238
6128  11.643  -82.545  -14.500 0.6000000238
125715  12.318  -85.814  -14.651 0.6000000238
110621  12.758  -81.603  -13.119 0.8000000119
6708  11.258  -81.848  -12.866 0.6999999881
6671  11.154  -81.901  -11.998 0.6999999881
6078  10.533  -82.407  -11.643 0.6999999881
5102  12.954  -84.423  -13.497 0.6000000238
6111  12.577  -82.183  -13.851 0.6999999881
6094  10.665  -82.189  -12.646 0.6999999881
3490  12.821  -87.027  -14.531 0.6000000238
3506  13.118  -87.565  -15.115 0.6000000238
3507  12.400  -87.233  -15.357 0.6000000238
3010  13.319  -88.860  -17.231 0.6000000238
2994  12.934  -88.407  -16.545 0.6000000238
7338  13.147  -80.804  -11.600 0.8000000119
106437  12.914  -80.476  -10.578 0.8000000119
6654  11.624  -81.340  -10.267 0.6999999881
6639  11.084  -81.100  -9.512 0.6999999881
6640  10.294  -81.393  -9.360 0.6999999881
7358  13.243  -81.134  -12.513 0.8000000119
6670  11.757  -81.530  -11.441 0.6999999881
119802  10.785  -81.820  -9.887 0.6999999881
6692  13.737  -81.455  -12.934 0.6999999881
6693  12.513  -81.238  -12.090 0.8000000119
6655  11.032  -81.954  -10.877 0.6999999881
108230  14.238  -82.067  -12.919 0.6999999881
4570  13.190  -85.247  -12.975 0.6999999881
3477  14.158  -86.793  -13.640 0.6000000238
4050  13.036  -86.016  -13.292 0.6000000238
2979  13.541  -88.016  -15.826 0.6000000238
2980  12.612  -87.837  -15.913 0.6000000238
3009  14.115  -88.998  -17.339 0.6000000238
2527  15.424  -89.808  -18.214 0.6999999881
2528  14.952  -89.689  -18.597 0.6000000238
1572  16.637  -91.709  -18.416 0.5000000000
2047  15.664  -90.307  -18.980 0.6000000238
7317  13.307  -79.755  -10.289 0.8999999762
7318  12.482  -80.048  -9.824 0.8000000119
7302  11.659  -79.888  -9.605 0.6999999881
7357  14.001  -80.743  -12.146 0.6999999881
122104  13.727  -80.254  -10.996 0.8999999762
7304  10.377  -80.516  -9.408 0.6999999881
6691  14.765  -81.536  -12.478 0.8000000119
6092  14.936  -82.760  -12.313 0.8000000119
5091  14.761  -84.239  -12.399 0.6999999881
6093  14.111  -83.002  -12.690 0.6999999881
4555  13.861  -85.123  -12.509 0.8000000119
4036  14.130  -85.735  -12.727 0.8000000119
3488  14.619  -87.275  -14.222 0.6999999881
3505  14.070  -87.706  -14.986 0.6999999881
2978  14.623  -88.066  -15.761 0.6000000238
2517  15.587  -89.574  -17.566 0.6999999881
2041  16.511  -90.928  -17.841 0.6999999881
7990  14.330  -79.028  -10.571 0.8999999762
7992  12.146  -79.385  -9.794 0.8000000119
7994  10.590  -79.192  -10.260 0.6999999881
7356  15.009  -80.649  -12.052 0.8000000119
7337  14.544  -80.054  -11.365 0.8000000119
6690  15.538  -81.346  -12.449 0.6999999881
5589  15.741  -83.464  -12.819 0.6999999881
6091  15.607  -82.810  -12.501 0.6000000238
5579  14.553  -83.682  -12.341 0.8000000119
5090  14.987  -84.875  -12.747 0.8000000119
4048  14.588  -86.201  -13.185 0.8000000119
3487  15.654  -87.180  -14.145 0.6999999881
2977  15.658  -88.153  -15.551 0.8000000119
3504  15.124  -87.713  -14.877 0.6999999881
2976  16.592  -88.190  -15.281 0.8000000119
2022  16.943  -90.202  -16.117 0.6999999881
2504  15.854  -89.168  -16.812 0.6999999881
2993  15.233  -88.563  -16.378 0.6999999881
106534  16.804  -90.967  -16.899 0.6999999881
2516  16.359  -90.076  -17.090 0.6999999881
6823  9.228  -81.329  -23.677 0.6000000238
8167  8.635  -80.285  -23.661 0.6000000238
8174  7.507  -80.133  -24.597 0.6000000238
117982  6.382  -79.213  -24.756 0.6999999881
7991  13.677  -79.084  -10.276 0.8999999762
7993  11.443  -79.209  -9.900 0.6999999881
6689  16.062  -81.172  -12.693 0.6000000238
6126  16.065  -82.940  -13.607 0.6000000238
6108  16.367  -81.823  -13.166 0.6000000238
5100  15.541  -84.318  -13.163 0.6999999881
4587  15.693  -85.066  -14.247 0.6999999881
5114  15.595  -84.424  -14.106 0.6999999881
8048  11.020  -78.694  -14.878 0.6999999881
8049  10.190  -78.830  -14.292 0.6999999881
4046  15.785  -85.632  -13.693 0.8000000119
4568  15.262  -85.448  -13.235 0.8000000119
8078  11.738  -79.858  -16.038 0.6000000238
8062  10.309  -79.162  -15.300 0.6000000238
8063  9.527  -79.520  -15.408 0.6999999881
3475  15.964  -86.585  -13.840 0.6999999881
7393  10.283  -80.247  -16.575 0.5000000000
8080  9.433  -79.848  -16.150 0.6999999881
106702  17.048  -87.648  -14.699 0.8000000119
3486  16.712  -86.966  -14.196 0.8000000119
7392  11.349  -80.507  -16.609 0.5000000000
7409  10.993  -81.127  -17.266 0.5000000000
2503  16.605  -89.402  -16.228 0.6999999881
6745  11.733  -81.790  -18.136 0.5000000000
6778  12.076  -81.972  -19.576 0.6000000238
6763  11.517  -82.125  -19.007 0.5000000000
6764  10.568  -81.893  -18.993 0.6000000238
6765  9.818  -81.725  -19.474 0.6999999881
128107  9.485  -81.796  -21.212 0.6999999881
7445  11.331  -80.973  -20.913 0.5000000000
6780  10.515  -81.965  -20.400 0.6000000238
6781  9.542  -81.773  -20.399 0.6000000238
6822  9.994  -81.267  -23.016 0.6000000238
8112  11.223  -80.291  -20.129 0.6000000238
6810  10.580  -81.362  -21.810 0.6000000238
8153  9.821  -80.424  -22.641 0.6000000238
8113  10.252  -79.572  -20.043 0.5000000000
8123  10.704  -80.417  -21.088 0.5000000000
8154  9.006  -80.035  -22.818 0.6000000238
8168  7.591  -79.614  -23.869 0.6000000238
8841  6.853  -78.673  -23.976 0.6999999881
10319  6.134  -76.940  -23.739 0.6000000238
9610  4.521  -77.558  -24.047 0.6999999881
8139  10.241  -80.399  -21.965 0.6000000238
8141  8.267  -79.253  -21.954 0.6000000238
8155  7.915  -79.480  -22.874 0.6000000238
8836  7.138  -78.519  -23.088 0.6999999881
10307  6.537  -76.109  -23.705 0.5000000000
8693  12.626  -77.976  -10.870 0.8999999762
7355  15.751  -80.502  -12.259 0.6000000238
7336  15.334  -79.866  -11.663 0.6999999881
8694  11.698  -78.070  -11.129 0.8000000119
8009  9.763  -79.284  -10.888 0.6999999881
8695  10.859  -78.384  -11.530 0.6999999881
8707  12.240  -77.655  -11.812 0.8000000119
6136  15.776  -83.171  -14.430 0.6999999881
119450  11.561  -77.932  -13.702 0.8000000119
8734  10.934  -78.239  -14.007 0.6000000238
8047  12.048  -79.080  -15.374 0.6999999881
8077  12.803  -80.051  -16.043 0.6000000238
4060  17.539  -86.517  -14.466 0.8000000119
4595  17.570  -85.668  -15.095 0.8000000119
3485  18.139  -87.156  -14.755 0.8000000119
7391  12.428  -80.729  -16.644 0.5000000000
2962  17.834  -87.742  -14.795 0.8000000119
7408  12.050  -81.334  -17.340 0.5000000000
6743  13.350  -81.635  -18.214 0.5000000000
8111  12.470  -80.339  -19.192 0.6000000238
6744  12.727  -81.877  -18.198 0.6000000238
121724  11.705  -80.025  -19.369 0.6000000238
8799  9.823  -78.889  -19.231 0.6000000238
11028  5.260  -75.264  -23.111 0.5000000000
8124  9.769  -79.650  -20.978 0.5000000000
11042  5.953  -75.509  -23.612 0.5000000000
10308  5.564  -76.257  -23.654 0.6000000238
8125  8.760  -79.065  -20.803 0.6000000238
8828  7.595  -78.611  -22.044 0.6999999881
9593  7.107  -77.288  -23.040 0.6999999881
9599  6.731  -77.622  -23.521 0.6999999881
8816  8.469  -78.245  -20.068 0.6000000238
108184  7.116  -76.536  -23.449 0.6000000238
8817  7.914  -77.810  -20.626 0.6999999881
9584  7.391  -77.071  -22.100 0.6000000238
10296  7.472  -76.328  -23.106 0.5000000000
8005  15.547  -79.171  -11.435 0.6999999881
7989  14.754  -78.735  -10.926 0.6999999881
9426  13.917  -77.816  -11.311 0.6999999881
9427  13.134  -77.654  -11.541 0.8000000119
9446  12.885  -77.544  -12.486 0.6999999881
8732  12.824  -78.498  -14.730 0.6999999881
127275  12.752  -77.685  -13.288 0.6999999881
11768  5.102  -75.065  -20.497 0.5000000000
8779  11.724  -78.497  -18.041 0.5000000000
8101  11.641  -79.295  -18.524 0.6000000238
11018  4.697  -75.282  -22.163 0.5000000000
8780  10.893  -78.556  -17.938 0.5000000000
9520  10.951  -77.158  -17.697 0.5000000000
8798  10.735  -79.327  -18.900 0.6000000238
8815  9.305  -78.935  -20.022 0.6000000238
10306  7.213  -75.946  -23.626 0.5000000000
10255  10.312  -76.417  -17.906 0.5000000000
9521  9.793  -77.723  -17.963 0.6000000238
9561  8.632  -77.592  -19.254 0.6000000238
10267  9.279  -76.288  -18.428 0.6000000238
8706  15.827  -78.094  -12.076 0.6999999881
9424  15.112  -77.831  -11.880 0.6999999881
9445  13.835  -77.526  -12.219 0.6999999881
11766  8.742  -74.856  -20.801 0.5000000000
117596  11.039  -75.987  -18.065 0.5000000000
11017  8.243  -75.044  -22.541 0.5000000000
10989  9.765  -75.637  -18.348 0.5000000000
10997  9.122  -75.404  -19.081 0.5000000000
115846  8.236  -76.596  -20.011 0.5000000000
11008  8.363  -75.383  -21.337 0.5000000000
11765  9.189  -73.903  -20.909 0.5000000000
12583  9.253  -72.816  -22.093 0.5000000000
122367  10.592  -73.589  -19.193 0.5000000000
12568  9.791  -72.796  -20.921 0.5000000000
11783  8.631  -74.481  -21.814 0.5000000000
11730  10.710  -74.437  -18.604 0.5000000000
12548  9.909  -73.588  -19.834 0.5000000000
11746  8.974  -74.838  -20.025 0.5000000000
10987  11.245  -75.142  -18.382 0.5000000000
116116  9.864  -74.851  -18.687 0.5000000000
12567  10.471  -72.779  -19.990 0.5000000000
12571  3.460  -73.628  -20.558 0.6000000238
12585  2.694  -73.697  -21.355 0.6000000238
12551  4.490  -73.890  -19.309 0.5000000000
13371  3.836  -71.610  -20.333 0.6999999881
114358  2.798  -72.666  -21.160 0.6000000238
13402  1.816  -72.673  -21.745 0.6000000238
13390  1.061  -71.898  -21.367 0.6999999881
14144  4.080  -70.817  -20.294 0.6000000238
14160  3.498  -70.897  -20.749 0.6999999881
13403  1.608  -71.829  -21.417 0.6999999881
12588  0.773  -73.362  -22.002 0.6999999881
14163  0.968  -71.274  -20.883 0.8000000119
14970  4.933  -70.183  -18.200 0.5000000000
14143  4.324  -71.325  -19.609 0.5000000000
14162  1.449  -71.165  -21.061 0.8000000119
14999  3.129  -70.372  -20.708 0.6000000238
14130  1.224  -71.579  -18.556 0.6999999881
14955  5.389  -70.456  -17.530 0.5000000000
14129  5.175  -71.331  -17.946 0.5000000000
14989  0.974  -70.420  -19.757 0.6999999881
14145  1.021  -71.866  -19.319 0.6999999881
15824  1.919  -70.073  -20.174 0.6999999881
15811  4.143  -69.789  -19.666 0.6999999881
14114  1.607  -71.310  -17.681 0.6999999881
15815  0.812  -69.763  -19.291 0.6999999881
15800  4.603  -69.388  -18.289 0.6000000238
16655  3.377  -69.163  -19.400 0.8000000119
19320  -2.252  -65.288  -14.255 0.6999999881
18389  -1.937  -66.072  -14.720 0.8000000119
16604  7.041  -69.041  -15.075 0.4000000060
14956  1.025  -70.541  -17.628 0.6999999881
15773  6.483  -69.275  -15.801 0.5000000000
14957  0.561  -69.970  -18.395 0.6999999881
15785  5.885  -69.441  -16.560 0.6000000238
16631  4.710  -68.798  -17.691 0.6000000238
15814  1.610  -69.423  -19.650 0.6999999881
126680  4.101  -69.067  -18.852 0.8000000119
115999  3.212  -68.504  -18.906 0.8000000119
18298  6.329  -67.215  -7.482 0.5000000000
17392  6.756  -67.635  -9.100 0.5000000000
16510  6.334  -68.345  -8.837 0.5000000000
21836  -0.004  -62.135  -10.254 0.5000000000
21870  -0.891  -62.349  -11.558 0.6000000238
22699  0.251  -61.118  -10.935 0.6000000238
21004  1.058  -62.878  -10.167 0.6000000238
116580  3.179  -65.931  -10.688 0.6000000238
21024  -1.653  -63.430  -11.834 0.6999999881
21006  -0.592  -62.739  -10.662 0.6999999881
20199  -2.175  -64.137  -13.313 0.6999999881
19273  -1.807  -64.579  -11.803 0.6999999881
15795  -0.312  -68.577  -17.604 0.6999999881
17491  -0.864  -67.580  -16.843 0.6999999881
18405  -0.926  -66.790  -16.479 0.8000000119
16605  6.410  -68.737  -15.453 0.5000000000
15794  -0.017  -69.207  -17.982 0.6999999881
16619  5.921  -68.845  -16.217 0.6000000238
15804  0.465  -69.202  -18.653 0.8000000119
16633  3.869  -68.123  -18.385 0.6999999881
17518  1.632  -67.878  -18.378 0.8000000119
16657  1.603  -68.835  -19.216 0.8000000119
18297  7.114  -66.708  -7.733 0.5000000000
18305  7.404  -66.909  -8.597 0.6000000238
118072  8.221  -65.965  -9.166 0.5000000000
18318  7.088  -66.882  -9.417 0.6000000238
18319  6.300  -67.161  -9.865 0.6000000238
122703  5.286  -67.267  -10.206 0.6000000238
114743  6.025  -65.548  -10.597 0.6000000238
125493  4.834  -65.955  -10.708 0.5000000000
22698  1.102  -60.568  -10.405 0.5000000000
22685  1.326  -61.068  -9.853 0.5000000000
21868  0.636  -61.442  -12.192 0.6000000238
21834  1.590  -61.851  -9.852 0.6000000238
20149  1.749  -64.059  -10.536 0.6999999881
118558  3.892  -66.413  -10.623 0.6000000238
21883  0.221  -62.339  -12.653 0.6000000238
21053  -1.234  -63.313  -12.937 0.6999999881
20165  -1.300  -64.084  -11.100 0.6999999881
20151  -0.666  -63.489  -10.622 0.6999999881
20150  0.692  -63.871  -10.353 0.8000000119
19259  2.474  -65.085  -10.708 0.6999999881
21052  -0.227  -63.160  -13.127 0.6999999881
20198  -1.866  -63.866  -13.572 0.6999999881
20219  -0.447  -64.369  -14.346 0.6999999881
127206  -1.925  -64.841  -14.581 0.8000000119
19332  -0.616  -65.414  -15.574 0.8000000119
18396  -1.170  -66.228  -15.885 0.8000000119
16606  5.708  -68.413  -15.734 0.5000000000
17479  4.401  -67.535  -15.349 0.6000000238
17490  -0.308  -67.470  -17.370 0.8000000119
18404  -0.202  -66.933  -16.882 0.8000000119
16621  4.730  -68.244  -17.064 0.6000000238
17487  4.312  -67.634  -16.566 0.6999999881
17503  1.047  -67.476  -17.867 0.8000000119
17501  3.475  -67.547  -17.756 0.6999999881
17502  2.270  -67.381  -17.818 0.6999999881
17517  2.843  -67.878  -18.402 0.8000000119
19221  6.789  -65.609  -7.181 0.4000000060
18296  7.814  -66.400  -8.026 0.5000000000
19246  7.645  -65.683  -9.829 0.4000000060
19257  6.797  -65.611  -10.270 0.5000000000
20146  5.115  -65.357  -10.888 0.5000000000
22716  1.090  -60.526  -11.599 0.5000000000
21853  2.423  -61.203  -9.929 0.6000000238
21022  2.917  -62.398  -10.675 0.6000000238
119463  4.448  -64.814  -11.041 0.6000000238
21882  1.261  -62.221  -13.015 0.6000000238
20148  2.772  -64.296  -10.843 0.6999999881
121097  3.272  -65.155  -10.822 0.6999999881
21051  0.889  -63.189  -13.217 0.6000000238
19318  0.024  -64.940  -14.862 0.8000000119
18392  3.146  -66.857  -15.456 0.6999999881
18402  2.060  -66.430  -16.518 0.6999999881
18403  0.882  -66.487  -16.763 0.8000000119
18394  1.332  -65.895  -15.947 0.8000000119
17488  3.618  -67.264  -16.946 0.6999999881
19220  8.198  -65.678  -7.803 0.4000000060
107808  7.134  -63.983  -7.149 0.4000000060
20973  6.234  -63.318  -7.133 0.4000000060
19245  8.397  -65.375  -9.511 0.5000000000
19219  8.719  -65.565  -8.281 0.4000000060
21814  5.163  -62.815  -6.860 0.5000000000
20161  5.847  -64.738  -11.045 0.5000000000
21020  4.799  -63.269  -11.466 0.5000000000
20163  4.208  -63.937  -11.206 0.5000000000
21849  6.346  -62.798  -11.816 0.5000000000
21002  3.259  -63.547  -11.025 0.6999999881
20196  0.466  -64.003  -13.664 0.6000000238
19331  0.587  -65.396  -15.433 0.8000000119
17472  3.935  -67.209  -14.305 0.6000000238
18386  3.112  -66.735  -14.439 0.6000000238
18376  2.913  -66.173  -13.725 0.6999999881
19301  2.075  -65.592  -13.854 0.6999999881
18393  2.406  -66.317  -15.394 0.6999999881
22664  5.475  -61.989  -6.901 0.3000000119
20129  9.849  -64.622  -9.087 0.4000000060
20109  8.908  -64.981  -7.760 0.3000000119
107857  8.518  -64.191  -7.431 0.4000000060
20972  7.812  -63.608  -7.292 0.4000000060
107345  5.656  -62.312  -7.061 0.5000000000
20143  7.802  -64.851  -10.189 0.4000000060
22663  5.967  -61.564  -7.277 0.3000000119
20144  7.066  -64.952  -10.462 0.4000000060
21851  4.456  -62.007  -11.244 0.5000000000
20160  6.631  -64.336  -11.069 0.4000000060
22694  4.901  -61.103  -11.602 0.6000000238
21017  7.311  -63.822  -11.170 0.4000000060
21867  5.896  -61.635  -12.012 0.4000000060
20218  0.555  -64.638  -14.217 0.6999999881
18388  1.663  -65.740  -14.797 0.6999999881
125357  4.649  -63.002  -6.757 0.4000000060
21813  6.163  -62.430  -7.270 0.4000000060
119902  5.885  -60.657  -7.293 0.3000000119
20141  9.380  -64.346  -9.817 0.3000000119
21848  7.340  -62.986  -11.719 0.4000000060
22711  7.252  -61.277  -12.671 0.4000000060
21865  7.782  -62.145  -12.189 0.4000000060
20970  9.935  -63.907  -7.742 0.3000000119
107417  8.564  -63.396  -7.349 0.3000000119
21812  7.803  -62.606  -7.343 0.4000000060
22662  7.924  -61.618  -7.512 0.3000000119
109358  6.908  -61.805  -7.455 0.3000000119
20120  10.003  -64.472  -8.390 0.3000000119
110615  8.717  -63.866  -10.480 0.3000000119
21864  8.712  -62.182  -12.232 0.3000000119
21847  8.334  -62.772  -11.667 0.3000000119
22710  8.162  -61.525  -12.764 0.3000000119
21811  8.800  -62.427  -7.394 0.3000000119
23524  8.199  -60.778  -7.774 0.3000000119
21810  9.838  -62.889  -7.518 0.3000000119
22661  8.671  -61.462  -7.618 0.3000000119
21833  9.824  -63.115  -10.974 0.3000000119
21863  9.728  -62.158  -12.203 0.3000000119
22709  9.039  -61.613  -12.798 0.3000000119
22665  5.248  -61.465  -6.581 0.3000000119
20969  10.589  -63.312  -7.885 0.3000000119
22659  10.538  -62.373  -7.740 0.3000000119
21845  10.725  -62.373  -11.701 0.3000000119
115366  10.146  -80.829  -17.263 0.6000000238
7424  9.665  -81.383  -18.436 0.6999999881
7411  8.777  -80.820  -17.922 0.6999999881
7437  8.406  -81.190  -19.422 0.6999999881
21019  5.830  -63.713  -11.489 0.4000000060
21021  3.877  -62.790  -11.133 0.6000000238
23525  7.344  -60.805  -7.663 0.3000000119
5608  11.988  -83.173  -14.824 0.6999999881
6070  10.288  -82.521  -10.480 0.6999999881
5101  13.558  -84.445  -12.699 0.8000000119
2518  14.670  -89.387  -17.872 0.6000000238
2505  14.924  -88.992  -17.134 0.6999999881
122606  15.434  -82.161  -12.443 0.6000000238
114800  10.442  -78.790  -10.992 0.6999999881
4061  16.525  -86.192  -13.975 0.8000000119
2992  16.187  -88.715  -16.020 0.6999999881
2491  17.118  -88.827  -15.481 0.8000000119
9607  6.500  -78.053  -23.887 0.6999999881
6746  10.582  -81.543  -18.077 0.5000000000
6811  9.989  -81.589  -22.109 0.6000000238
10309  4.364  -76.590  -23.569 0.6000000238
117203  7.566  -77.836  -21.442 0.6999999881
8722  11.047  -77.918  -13.130 0.8000000119
7390  13.551  -80.795  -16.774 0.5000000000
7407  13.052  -81.402  -17.467 0.6000000238
9540  9.209  -77.680  -18.518 0.6000000238
16634  -0.017  -68.467  -18.167 0.8000000119
1125  15.649  -92.552  -11.851 0.4000000060
1524  16.155  -91.953  -11.257 0.4000000060
112972  15.777  -94.363  -13.693 0.3000000119
826  15.515  -93.356  -12.335 0.4000000060
117091  14.986  -92.768  -12.381 0.4000000060
1525  15.457  -91.490  -11.813 0.4000000060
126662  19.070  -92.768  -13.232 0.4000000060
825  18.359  -93.099  -12.266 0.5000000000
585  17.810  -93.213  -11.938 0.5000000000
832  18.033  -93.316  -13.558 0.3000000119
591  17.629  -93.447  -12.520 0.4000000060
815  16.927  -93.266  -11.604 0.4000000060
599  16.765  -94.027  -13.941 0.3000000119
593  16.325  -94.012  -12.966 0.3000000119
816  16.217  -93.325  -11.874 0.3000000119
607  16.345  -94.141  -14.582 0.3000000119
841  18.021  -93.049  -14.159 0.4000000060
840  19.288  -92.452  -13.745 0.4000000060
119671  19.606  -92.353  -12.972 0.5000000000
124262  18.275  -92.540  -14.366 0.3000000119
842  17.307  -93.389  -14.408 0.3000000119
619  15.934  -93.813  -16.046 0.4000000060
850  16.882  -93.509  -14.843 0.3000000119
1174  16.592  -92.462  -17.908 0.4000000060
865  16.220  -93.164  -17.764 0.4000000060
128317  16.370  -92.850  -18.350 0.4000000060
1152  19.518  -92.129  -14.362 0.4000000060
1160  19.718  -91.790  -14.940 0.4000000060
1161  18.942  -92.085  -14.496 0.4000000060
1563  19.112  -91.696  -14.791 0.4000000060
1568  20.408  -91.222  -15.880 0.5000000000
1163  17.296  -92.510  -15.137 0.4000000060
119256  18.662  -91.414  -14.899 0.4000000060
118056  16.239  -93.354  -16.734 0.4000000060
1170  16.662  -92.755  -16.052 0.5000000000
110001  17.214  -91.912  -15.521 0.4000000060
120234  16.704  -91.618  -17.611 0.4000000060
2050  16.267  -91.013  -19.643 0.4000000060
2501  20.650  -90.564  -17.020 0.6000000238
109365  20.015  -90.228  -16.230 0.6000000238
2020  18.672  -90.647  -15.012 0.6000000238
112072  19.397  -90.272  -15.362 0.6000000238
2021  17.783  -90.212  -15.252 0.6000000238
2489  18.647  -89.534  -15.027 0.6999999881
1569  17.188  -91.075  -15.815 0.5000000000
2490  17.793  -89.312  -15.215 0.6999999881
3008  19.893  -89.025  -17.034 0.6999999881
3517  19.547  -88.198  -16.436 0.6999999881
2991  19.740  -89.101  -16.254 0.6000000238
4073  18.696  -86.661  -15.595 0.6999999881
4594  18.242  -86.063  -15.337 0.6999999881
4586  16.359  -85.583  -14.203 0.6999999881
2974  18.926  -88.658  -15.093 0.6999999881
3484  18.765  -87.250  -15.222 0.6999999881
2961  18.560  -87.902  -15.027 0.6999999881
3528  18.276  -86.953  -18.021 0.5000000000
4105  17.759  -86.357  -17.437 0.6000000238
4072  19.194  -87.341  -15.908 0.6999999881
4625  18.041  -86.133  -16.685 0.6000000238
4608  17.801  -85.804  -15.980 0.6999999881
4627  15.762  -85.848  -16.948 0.6999999881
3502  19.246  -88.183  -15.547 0.6999999881
4609  16.514  -85.495  -15.937 0.6999999881
123206  15.671  -85.227  -15.587 0.6000000238
4626  17.178  -85.894  -16.807 0.6000000238
4106  16.580  -86.309  -17.653 0.6000000238
4610  15.157  -85.340  -16.401 0.6000000238
4640  15.197  -86.198  -17.812 0.6000000238
6724  16.639  -81.662  -14.684 0.5000000000
5581  9.524  -83.281  -12.244 0.6000000238
5592  9.553  -83.074  -13.231 0.6000000238
5131  15.003  -84.805  -15.838 0.6000000238
5122  15.402  -84.541  -14.969 0.6000000238
124777  15.548  -82.967  -15.382 0.5000000000
6135  16.162  -82.484  -14.556 0.5000000000
5561  9.242  -83.466  -10.413 0.6000000238
6071  9.616  -82.849  -9.869 0.6000000238
5569  9.409  -83.450  -11.360 0.6000000238
4628  14.659  -85.560  -17.242 0.6000000238
111078  15.118  -83.945  -15.635 0.5000000000
5618  15.450  -83.786  -14.763 0.5000000000
6643  7.860  -81.885  -9.100 0.6000000238
7321  8.624  -80.491  -9.932 0.6000000238
6642  8.690  -81.788  -9.075 0.6000000238
5552  8.929  -83.205  -9.460 0.6000000238
6061  9.203  -82.379  -9.177 0.6000000238
7305  9.459  -80.388  -9.617 0.6000000238
125198  9.750  -80.989  -9.260 0.6000000238
8024  16.671  -78.946  -12.363 0.6000000238
5147  14.475  -84.834  -16.898 0.6000000238
7322  7.881  -80.818  -10.418 0.6000000238
8028  8.995  -79.641  -12.332 0.6000000238
7320  9.156  -79.905  -10.368 0.6000000238
8027  9.554  -79.182  -12.535 0.6000000238
8010  9.023  -79.763  -11.391 0.6000000238
8041  9.688  -79.087  -13.416 0.5000000000
8008  10.087  -78.855  -11.854 0.6000000238
8709  10.597  -78.332  -12.469 0.5000000000
6644  7.023  -82.015  -9.328 0.6999999881
6657  7.402  -81.347  -9.826 0.6000000238
7339  8.459  -80.321  -10.956 0.6000000238
119394  9.126  -79.467  -13.038 0.6000000238
115663  9.523  -79.281  -14.190 0.6000000238
6138  6.166  -82.019  -15.055 0.6000000238
7340  7.729  -80.825  -11.625 0.6000000238
7360  7.828  -80.616  -12.722 0.6000000238
109364  8.355  -79.997  -14.139 0.5000000000
7381  7.624  -80.454  -15.345 0.6000000238
6719  6.710  -81.427  -14.555 0.6000000238
6726  6.672  -81.323  -15.425 0.6000000238
109818  7.073  -81.350  -11.751 0.6000000238
8051  9.009  -79.624  -14.703 0.6000000238
7369  7.810  -80.482  -13.665 0.6000000238
7374  8.266  -80.088  -15.029 0.5000000000
7380  8.091  -80.141  -15.867 0.6000000238
6725  7.131  -80.811  -15.617 0.5000000000
7413  6.900  -80.906  -17.199 0.5000000000
7410  9.529  -80.892  -17.611 0.6000000238
127392  8.132  -80.483  -17.485 0.6000000238
7412  7.516  -80.603  -17.392 0.6000000238
114121  7.084  -80.831  -18.008 0.6000000238
6782  7.503  -81.149  -19.783 0.6999999881
6783  6.876  -81.179  -19.320 0.6999999881
6189  6.335  -82.000  -20.168 0.6999999881
6210  6.354  -82.356  -21.555 0.6999999881
7426  7.938  -80.688  -18.266 0.6000000238
6813  7.825  -81.761  -21.796 0.6999999881
6798  7.598  -81.443  -20.709 0.6999999881
6814  7.090  -82.125  -22.105 0.6999999881
6825  7.289  -82.246  -23.213 0.6000000238
6797  8.707  -81.707  -21.583 0.6000000238
6716  16.678  -81.360  -13.890 0.5000000000
7379  17.669  -80.385  -15.323 0.5000000000
6715  17.108  -80.853  -14.659 0.5000000000
7367  17.130  -79.719  -13.519 0.6000000238
8072  18.326  -79.148  -16.340 0.6000000238
8073  18.133  -79.848  -15.849 0.6000000238
7366  17.498  -79.878  -14.431 0.6000000238
8039  17.148  -78.969  -13.061 0.6000000238
8719  16.821  -78.342  -12.850 0.6000000238
8058  18.172  -78.312  -16.033 0.5000000000
8743  17.898  -78.074  -15.180 0.6000000238
9442  16.258  -77.863  -12.746 0.6000000238
9500  16.787  -77.334  -16.116 0.6000000238
9471  15.859  -77.458  -14.206 0.5000000000
9460  16.032  -77.509  -13.417 0.6000000238
9444  14.733  -77.576  -12.432 0.6000000238
9501  16.034  -77.597  -15.930 0.5000000000
9461  15.113  -77.533  -13.369 0.6000000238
8746  13.749  -78.775  -15.197 0.5000000000
8720  13.178  -77.936  -13.904 0.6000000238
9473  14.150  -77.799  -13.850 0.6000000238
122668  17.250  -89.558  -15.636 0.6999999881
124730  16.717  -80.281  -13.209 0.5000000000
8081  8.703  -80.082  -16.398 0.6000000238
112171  16.722  -79.652  -12.777 0.6000000238
110830  14.268  -77.538  -12.975 0.6000000238
8731  13.632  -78.266  -14.490 0.6000000238
594  15.566  -93.949  -12.938 0.3000000119
118299  16.766  -93.967  -13.312 0.3000000119
586  17.264  -93.449  -12.048 0.4000000060
122761  16.531  -93.899  -14.901 0.3000000119
849  17.493  -92.940  -14.667 0.4000000060
857  16.805  -93.158  -15.331 0.4000000060
1562  19.911  -91.537  -15.383 0.4000000060
1564  17.961  -91.889  -14.871 0.3000000119
2019  19.636  -91.206  -15.437 0.5000000000
127265  19.857  -90.792  -15.856 0.6000000238
117638  17.888  -91.207  -15.095 0.5000000000
1570  16.741  -91.976  -16.709 0.5000000000
2488  19.392  -89.275  -15.474 0.6000000238
4104  18.597  -86.631  -17.032 0.6999999881
7368  8.489  -79.980  -13.112 0.6000000238
6221  6.307  -82.465  -22.399 0.6000000238
8059  18.111  -78.988  -15.527 0.6000000238
9517  17.613  -77.547  -17.176 0.5000000000
8038  17.531  -78.975  -13.861 0.6000000238
9459  16.756  -77.766  -13.399 0.6000000238
9482  17.842  -77.767  -15.910 0.5000000000
115921  17.275  -77.594  -14.655 0.6000000238
112320  17.029  -77.311  -16.829 0.5000000000
9484  15.622  -77.626  -15.057 0.5000000000
8730  14.303  -78.202  -14.792 0.5000000000
1837  22.542  -89.775  -1.825 0.4000000060
1858  23.254  -89.425  -2.541 0.4000000060
1859  21.856  -89.438  -2.485 0.5000000000
1016  20.116  -92.161  -1.505 0.5000000000
741  19.783  -93.046  -1.462 0.5000000000
531  17.802  -94.050  -1.177 0.5000000000
1384  20.551  -91.246  -1.516 0.5000000000
119280  21.242  -91.384  -1.389 0.5000000000
1878  23.621  -89.677  -3.450 0.4000000060
1877  24.562  -89.985  -3.378 0.4000000060
1416  24.159  -90.435  -4.096 0.5000000000
2425  15.580  -89.367  -10.713 0.3000000119
116215  15.119  -88.795  -9.326 0.3000000119
2440  15.269  -89.989  -11.173 0.3000000119
1982  15.341  -90.691  -11.621 0.3000000119
115344  21.642  -92.089  -1.210 0.4000000060
740  20.509  -92.966  -1.375 0.5000000000
530  19.444  -93.975  -1.136 0.5000000000
1383  21.952  -90.815  -1.326 0.4000000060
1857  24.122  -89.601  -2.559 0.3000000119
1835  24.370  -89.833  -1.608 0.3000000119
1455  24.805  -91.244  -5.060 0.4000000060
1415  25.375  -90.331  -3.414 0.3000000119
110867  25.889  -90.702  -3.958 0.4000000060
121865  25.211  -90.819  -4.300 0.5000000000
1413  26.574  -90.480  -3.731 0.3000000119
2901  15.723  -88.323  -9.735 0.3000000119
2424  16.030  -89.591  -10.941 0.3000000119
2439  15.843  -90.280  -11.248 0.3000000119
1014  22.490  -91.873  -0.906 0.3000000119
739  21.202  -92.879  -1.210 0.4000000060
1013  23.329  -91.439  -0.675 0.3000000119
111357  26.656  -90.184  -2.959 0.3000000119
1452  26.470  -90.348  -5.315 0.4000000060
1461  25.620  -90.998  -5.957 0.4000000060
1432  26.246  -90.613  -4.556 0.4000000060
1876  27.196  -90.080  -3.482 0.3000000119
3416  17.383  -87.139  -8.954 0.4000000060
3428  16.610  -87.414  -9.161 0.4000000060
3417  16.873  -86.965  -8.374 0.4000000060
3383  16.936  -86.922  -6.942 0.4000000060
3382  17.281  -87.123  -6.447 0.4000000060
2852  17.873  -87.479  -5.981 0.5000000000
2913  16.955  -88.494  -10.008 0.3000000119
2914  16.103  -88.753  -10.417 0.3000000119
1981  16.001  -90.989  -11.336 0.3000000119
1124  16.529  -92.776  -11.329 0.3000000119
122619  23.017  -92.184  -0.518 0.3000000119
2357  27.483  -89.104  -6.324 0.3000000119
1901  27.243  -89.582  -6.400 0.3000000119
2383  26.830  -89.966  -7.551 0.4000000060
1922  25.252  -90.396  -7.218 0.4000000060
2335  27.335  -89.178  -3.030 0.3000000119
123002  26.951  -89.386  -4.885 0.3000000119
2336  27.162  -89.271  -3.943 0.3000000119
1890  27.130  -89.758  -4.497 0.3000000119
116856  22.032  -88.966  -5.875 0.5000000000
118894  22.784  -88.998  -6.289 0.5000000000
3413  20.226  -87.395  -8.760 0.3000000119
3414  19.315  -87.231  -8.648 0.3000000119
4000  18.581  -86.458  -8.108 0.3000000119
4001  17.660  -86.648  -8.216 0.4000000060
3945  20.652  -86.510  -5.820 0.5000000000
3368  20.875  -87.296  -5.585 0.5000000000
3415  18.270  -87.047  -8.739 0.3000000119
3981  17.204  -86.689  -7.515 0.4000000060
3959  17.576  -86.588  -6.789 0.4000000060
3947  18.813  -86.514  -5.967 0.5000000000
3370  19.181  -87.096  -5.628 0.5000000000
2423  16.803  -89.389  -10.404 0.3000000119
1967  16.575  -90.443  -10.785 0.3000000119
1513  16.593  -91.447  -10.856 0.3000000119
1111  16.923  -92.251  -10.777 0.3000000119
806  17.304  -92.813  -11.066 0.4000000060
2364  27.922  -89.128  -6.805 0.3000000119
2382  27.472  -89.550  -7.649 0.4000000060
2821  27.211  -88.795  -2.926 0.3000000119
2344  26.765  -88.915  -4.865 0.3000000119
2846  26.957  -88.423  -5.847 0.3000000119
116951  26.342  -89.667  -7.749 0.4000000060
2822  26.872  -88.793  -3.810 0.3000000119
2385  24.440  -89.617  -7.260 0.4000000060
2386  23.874  -89.341  -6.992 0.5000000000
110406  25.443  -88.057  -7.407 0.4000000060
2878  24.463  -88.486  -7.049 0.5000000000
4012  21.425  -87.168  -9.613 0.3000000119
2860  22.657  -87.930  -6.044 0.5000000000
2859  23.501  -88.483  -6.576 0.5000000000
3998  20.879  -86.898  -8.457 0.3000000119
3953  23.242  -86.613  -6.843 0.4000000060
3401  23.894  -86.948  -6.912 0.5000000000
3426  19.733  -88.081  -9.371 0.3000000119
3999  19.731  -86.482  -8.076 0.4000000060
3978  19.664  -85.958  -7.385 0.4000000060
3954  22.401  -86.394  -6.618 0.5000000000
3379  22.137  -86.964  -5.959 0.5000000000
3427  17.996  -87.757  -9.234 0.3000000119
3979  18.888  -86.037  -7.401 0.4000000060
4493  19.324  -85.902  -6.783 0.5000000000
3957  19.338  -86.118  -6.225 0.5000000000
2410  17.862  -89.300  -9.801 0.3000000119
118705  18.564  -90.307  -9.790 0.4000000060
1498  18.430  -91.277  -9.935 0.3000000119
116673  17.424  -91.500  -10.368 0.4000000060
1095  18.248  -91.999  -10.165 0.4000000060
3550  11.341  -87.860  -19.505 0.5000000000
814  17.593  -93.063  -11.496 0.3000000119
3322  26.869  -87.512  -1.556 0.3000000119
2823  26.389  -88.276  -3.686 0.3000000119
2874  29.084  -88.142  -7.739 0.3000000119
2810  26.952  -88.454  -2.756 0.3000000119
113734  29.090  -87.543  -8.455 0.3000000119
2876  26.340  -87.792  -7.931 0.5000000000
3411  26.366  -86.866  -8.410 0.4000000060
3410  27.282  -87.497  -8.533 0.3000000119
4023  21.400  -86.873  -10.202 0.3000000119
3974  24.977  -86.761  -7.809 0.5000000000
123693  23.561  -86.510  -7.595 0.4000000060
3976  21.485  -86.196  -7.726 0.4000000060
3955  21.795  -86.009  -7.008 0.4000000060
125206  22.785  -86.341  -7.372 0.4000000060
2890  18.943  -88.017  -9.097 0.3000000119
2897  19.191  -88.884  -9.595 0.3000000119
4490  20.897  -85.819  -7.016 0.4000000060
118433  20.909  -85.955  -6.407 0.5000000000
1948  19.442  -90.392  -9.867 0.3000000119
120902  19.669  -91.241  -9.874 0.4000000060
1094  18.926  -92.031  -9.964 0.4000000060
107343  11.313  -87.409  -18.682 0.5000000000
1109  18.575  -92.378  -10.407 0.4000000060
1108  19.354  -92.285  -10.302 0.5000000000
3035  11.622  -88.836  -19.233 0.5000000000
3341  25.950  -87.812  -3.611 0.3000000119
5562  8.628  -83.948  -10.058 0.5000000000
3992  26.983  -86.280  -9.028 0.3000000119
3991  28.356  -86.445  -8.900 0.3000000119
5570  8.828  -83.942  -11.147 0.5000000000
111826  7.634  -84.855  -10.522 0.6000000238
4540  20.509  -85.754  -10.772 0.3000000119
4538  22.352  -86.335  -10.100 0.3000000119
4024  20.219  -86.714  -10.882 0.3000000119
4011  22.523  -86.677  -9.565 0.3000000119
3994  24.815  -86.482  -8.586 0.4000000060
119034  26.146  -86.205  -9.101 0.4000000060
6130  9.862  -82.716  -14.105 0.5000000000
113837  5.318  -84.859  -8.849 0.5000000000
107935  22.414  -86.373  -8.076 0.3000000119
3996  23.260  -86.479  -8.494 0.3000000119
3995  24.032  -86.456  -8.565 0.3000000119
4009  24.475  -86.127  -9.686 0.3000000119
5609  10.126  -82.763  -14.904 0.5000000000
2896  19.563  -88.981  -9.928 0.3000000119
2408  19.457  -89.606  -9.875 0.3000000119
115465  11.435  -84.593  -16.315 0.5000000000
1966  19.924  -90.178  -10.103 0.3000000119
4629  11.339  -85.716  -17.279 0.5000000000
1947  20.258  -90.936  -10.090 0.4000000060
4107  11.374  -86.664  -17.533 0.6000000238
1965  21.035  -90.998  -10.442 0.4000000060
1107  20.234  -92.040  -10.352 0.5000000000
2996  11.642  -87.538  -16.999 0.5000000000
1106  21.134  -91.843  -10.711 0.4000000060
1123  19.738  -92.430  -10.745 0.3000000119
804  18.863  -92.628  -10.831 0.4000000060
3026  12.039  -88.932  -18.237 0.6000000238
2002  22.931  -90.458  -13.253 0.3000000119
1548  21.445  -91.049  -13.333 0.4000000060
1133  20.352  -91.981  -12.535 0.4000000060
812  19.157  -92.665  -11.534 0.3000000119
2530  12.673  -89.381  -18.638 0.6000000238
2538  11.948  -89.249  -19.991 0.5000000000
110059  22.422  -90.075  -14.048 0.3000000119
1555  21.912  -90.510  -13.697 0.5000000000
114807  20.770  -91.433  -13.952 0.4000000060
1144  20.133  -92.010  -13.654 0.4000000060
123786  12.652  -89.487  -19.602 0.6000000238
2475  22.499  -89.568  -14.638 0.3000000119
2011  21.756  -90.367  -14.738 0.5000000000
1556  21.254  -90.960  -14.290 0.4000000060
1151  20.241  -91.785  -14.627 0.4000000060
2017  21.940  -90.096  -15.474 0.4000000060
1561  21.142  -91.187  -15.325 0.5000000000
1159  20.437  -91.462  -15.386 0.4000000060
1567  20.973  -91.245  -16.104 0.5000000000
5065  7.401  -84.206  -8.950 0.6000000238
5066  6.610  -84.453  -8.888 0.6000000238
5076  20.435  -84.747  -10.630 0.3000000119
4539  21.485  -86.153  -10.400 0.3000000119
5074  22.045  -85.570  -10.254 0.3000000119
4537  23.112  -85.725  -10.319 0.3000000119
5554  6.619  -83.585  -8.748 0.6000000238
5057  6.203  -83.948  -8.738 0.6000000238
5062  23.753  -85.040  -10.375 0.3000000119
125910  24.264  -85.170  -10.445 0.3000000119
109061  5.046  -83.889  -9.071 0.6000000238
108280  20.184  -86.052  -12.219 0.3000000119
4010  23.620  -86.324  -9.623 0.3000000119
5563  4.318  -83.146  -10.399 0.6000000238
2407  19.723  -89.590  -10.187 0.3000000119
5572  4.716  -83.115  -11.359 0.6000000238
114280  4.281  -83.601  -11.949 0.6000000238
114738  3.668  -84.013  -12.085 0.5000000000
1523  22.287  -91.337  -11.179 0.4000000060
1535  21.838  -91.334  -12.385 0.4000000060
2030  21.808  -90.238  -16.313 0.4000000060
2031  21.317  -90.744  -16.643 0.5000000000
5082  20.288  -84.005  -10.836 0.3000000119
5063  20.644  -84.172  -10.119 0.3000000119
5075  20.953  -85.109  -10.321 0.3000000119
116228  21.445  -84.402  -9.777 0.3000000119
118294  22.752  -84.843  -10.050 0.3000000119
5056  24.770  -83.946  -9.552 0.3000000119
6063  7.579  -82.622  -8.837 0.5000000000
115837  20.102  -84.929  -11.161 0.3000000119
4546  20.103  -85.827  -11.423 0.3000000119
6064  6.153  -82.224  -9.627 0.5000000000
117712  6.110  -82.854  -9.012 0.6000000238
4553  20.102  -85.089  -12.023 0.3000000119
5060  25.317  -84.568  -10.147 0.3000000119
6073  5.429  -82.434  -10.138 0.6000000238
126865  20.409  -85.468  -12.553 0.3000000119
6082  4.937  -82.795  -10.557 0.6000000238
1979  22.756  -90.622  -11.231 0.3000000119
1980  22.015  -90.422  -11.238 0.3000000119
5571  4.911  -83.340  -12.431 0.6000000238
5117  3.910  -84.341  -14.387 0.6000000238
6072  5.973  -82.058  -10.721 0.6000000238
6696  6.597  -81.751  -12.348 0.5000000000
6096  6.083  -82.311  -12.702 0.6000000238
6097  5.578  -82.792  -12.582 0.6000000238
5612  5.277  -83.392  -13.914 0.6000000238
5595  4.794  -83.736  -13.326 0.6000000238
5625  4.829  -83.535  -15.588 0.6000000238
112106  5.066  -83.537  -14.774 0.6000000238
5634  4.724  -83.417  -16.396 0.5000000000
6673  6.566  -81.703  -11.312 0.5000000000
115364  6.888  -81.494  -13.029 0.5000000000
6116  5.855  -82.711  -13.469 0.5000000000
5624  5.343  -83.179  -15.334 0.6000000238
5671  4.653  -83.363  -19.786 0.5000000000
6222  5.365  -82.728  -22.691 0.6000000238
6202  4.685  -83.207  -21.366 0.6000000238
5681  4.214  -83.446  -20.815 0.5000000000
6212  4.573  -83.123  -22.157 0.6000000238
6213  3.611  -83.348  -22.532 0.6000000238
6710  6.805  -81.480  -13.726 0.5000000000
111101  5.991  -82.242  -16.935 0.5000000000
6178  5.731  -82.694  -18.244 0.5000000000
124003  5.221  -83.084  -16.680 0.6000000238
6177  6.113  -82.086  -18.560 0.6000000238
5661  5.306  -83.030  -18.899 0.5000000000
5662  4.460  -83.456  -18.749 0.5000000000
6201  6.019  -82.551  -20.768 0.6000000238
112963  7.939  -81.964  -22.742 0.6000000238
6211  5.520  -82.828  -21.629 0.6000000238
6224  3.371  -82.885  -23.188 0.5000000000
13305  4.590  -72.985  -15.108 0.5000000000
6709  7.231  -80.921  -14.121 0.5000000000
6147  6.150  -81.915  -16.113 0.5000000000
6164  6.127  -82.007  -17.758 0.6000000238
12446  5.481  -73.227  -13.522 0.5000000000
13264  5.533  -72.901  -12.645 0.6000000238
116807  4.923  -72.388  -14.343 0.6000000238
14084  4.238  -72.142  -15.246 0.6000000238
12469  5.480  -73.969  -14.032 0.5000000000
13306  3.924  -72.791  -15.838 0.5000000000
126287  3.579  -74.136  -16.682 0.5000000000
7466  2.810  -80.788  -22.809 0.5000000000
6238  2.840  -81.827  -23.334 0.5000000000
17481  -1.277  -67.284  -15.753 0.6000000238
17473  -1.378  -67.446  -14.792 0.6999999881
15776  0.476  -68.931  -15.328 0.6000000238
15746  0.815  -68.868  -14.279 0.6999999881
15731  3.252  -69.823  -12.836 0.6000000238
14894  4.633  -70.715  -12.521 0.6000000238
15762  1.522  -69.180  -14.743 0.6000000238
124152  2.307  -69.400  -14.342 0.6000000238
16608  -0.874  -68.143  -16.132 0.6000000238
15775  1.304  -69.391  -15.645 0.6000000238
14926  3.107  -69.797  -14.492 0.6000000238
14909  4.553  -70.744  -13.516 0.5000000000
14045  5.416  -72.100  -12.368 0.6000000238
15788  -0.124  -69.138  -17.065 0.6000000238
14937  2.855  -70.138  -15.455 0.6000000238
14073  4.289  -70.890  -14.455 0.5000000000
14058  5.124  -71.383  -12.911 0.6000000238
15774  1.958  -69.916  -15.990 0.6000000238
14085  3.845  -71.241  -15.332 0.6000000238
125441  1.839  -70.826  -17.022 0.6000000238
14936  3.248  -70.701  -15.654 0.6000000238
116007  3.048  -71.865  -16.473 0.6000000238
12507  2.898  -73.041  -17.094 0.5000000000
11716  3.766  -74.785  -16.873 0.5000000000
11717  3.103  -74.796  -17.700 0.5000000000
118739  2.562  -74.943  -18.333 0.5000000000
10999  2.041  -76.134  -19.358 0.5000000000
109957  1.687  -69.209  -13.686 0.6000000238
15732  2.224  -69.626  -12.768 0.6999999881
15787  0.536  -69.798  -17.447 0.5000000000
14098  2.453  -71.413  -16.838 0.6000000238
13352  2.207  -72.605  -17.693 0.6000000238
12519  3.091  -73.973  -17.224 0.5000000000
12533  1.899  -73.257  -18.283 0.6000000238
115598  1.707  -73.813  -18.774 0.5000000000
11751  1.228  -73.876  -19.561 0.6000000238
11000  1.656  -75.437  -19.539 0.6000000238
20194  2.580  -64.083  -13.526 0.4000000060
127772  -1.076  -66.240  -12.362 0.6999999881
16554  0.307  -68.444  -11.404 0.5000000000
113385  0.275  -69.062  -10.920 0.5000000000
19300  2.820  -65.523  -13.604 0.6000000238
112427  2.295  -64.899  -13.585 0.5000000000
106724  0.314  -69.025  -11.662 0.6000000238
14884  0.987  -70.162  -11.056 0.5000000000
19299  3.631  -65.777  -13.528 0.5000000000
18361  -1.845  -65.966  -12.784 0.6000000238
17462  -0.106  -67.511  -12.722 0.8000000119
17464  -1.571  -67.046  -14.152 0.6999999881
119232  0.244  -68.076  -13.005 0.8000000119
14897  1.560  -69.922  -11.959 0.6999999881
13353  1.489  -72.409  -18.560 0.6000000238
12534  1.296  -73.042  -19.172 0.6000000238
16539  0.487  -68.433  -10.470 0.5000000000
116541  -1.046  -64.981  -11.312 0.6999999881
15707  0.409  -69.490  -10.069 0.5000000000
19316  5.699  -64.803  -13.872 0.4000000060
20193  4.012  -64.911  -13.595 0.4000000060
19298  5.143  -65.668  -13.470 0.4000000060
18373  5.414  -66.570  -13.321 0.5000000000
17471  4.670  -67.591  -14.211 0.4000000060
17426  1.172  -66.937  -10.918 0.5000000000
16529  0.751  -68.847  -9.493 0.5000000000
21073  3.615  -63.946  -13.727 0.3000000119
21049  2.888  -63.066  -13.626 0.3000000119
18348  0.174  -66.302  -11.441 0.6000000238
19296  6.964  -65.708  -13.378 0.4000000060
17459  5.742  -67.455  -13.401 0.4000000060
17478  5.250  -67.968  -15.044 0.4000000060
123434  0.947  -65.523  -10.763 0.6000000238
20164  -0.471  -64.399  -10.749 0.6000000238
17469  6.193  -68.134  -13.841 0.4000000060
18334  1.690  -66.192  -10.720 0.5000000000
16538  1.298  -68.041  -9.879 0.5000000000
21084  6.639  -63.504  -15.321 0.3000000119
21899  3.768  -62.794  -13.972 0.3000000119
21880  3.124  -61.934  -13.613 0.3000000119
22729  1.638  -61.030  -12.807 0.4000000060
16579  6.952  -68.322  -13.608 0.3000000119
16595  6.015  -68.307  -14.790 0.4000000060
16593  7.375  -68.877  -14.213 0.4000000060
22748  3.929  -61.573  -13.892 0.4000000060
19260  1.476  -65.041  -10.578 0.6000000238
107687  1.926  -67.227  -10.451 0.4000000060
22728  2.353  -60.158  -12.921 0.4000000060
21095  8.325  -63.624  -16.284 0.3000000119
21926  8.149  -63.072  -16.452 0.3000000119
18333  2.622  -66.540  -10.577 0.5000000000
23573  2.463  -59.706  -12.065 0.4000000060
22697  2.065  -60.270  -10.185 0.4000000060
21852  3.515  -61.541  -10.707 0.5000000000
23554  3.472  -59.873  -11.495 0.4000000060
22696  3.227  -60.444  -10.649 0.4000000060
24472  7.482  -59.588  -14.234 0.3000000119
23588  7.949  -60.097  -13.811 0.3000000119
116712  7.072  -59.791  -13.640 0.3000000119
23568  6.736  -60.235  -13.081 0.3000000119
22725  8.504  -60.973  -13.334 0.3000000119
107249  6.449  -64.409  -6.990 0.4000000060
112684  8.730  -59.110  -14.754 0.3000000119
5059  25.947  -84.729  -9.895 0.3000000119
1511  21.403  -91.355  -10.607 0.4000000060
22714  4.738  -60.154  -12.014 0.3000000119
13372  0.895  -72.306  -19.909 0.6000000238
20975  4.444  -63.460  -6.772 0.4000000060
18375  3.700  -66.636  -13.718 0.5000000000
22713  5.475  -60.427  -12.228 0.3000000119
823  19.801  -92.375  -12.074 0.3000000119
1143  20.910  -91.508  -12.931 0.4000000060
6132  5.723  -82.856  -14.605 0.5000000000
1836  23.545  -89.836  -1.657 0.4000000060
119887  21.086  -90.441  -1.623 0.5000000000
119793  18.662  -94.027  -1.187 0.5000000000
108090  23.766  -91.286  -4.619 0.5000000000
2891  15.503  -88.140  -8.923 0.4000000060
1382  22.950  -90.682  -1.130 0.4000000060
1433  25.557  -90.860  -4.745 0.4000000060
117035  24.952  -91.334  -5.802 0.4000000060
2900  16.399  -88.031  -9.752 0.4000000060
3403  16.073  -87.760  -7.572 0.4000000060
115275  16.573  -87.650  -6.866 0.4000000060
516  21.289  -93.975  -0.014 0.3000000119
1854  27.342  -89.557  -2.955 0.3000000119
1902  26.926  -89.921  -5.379 0.3000000119
1921  26.448  -90.373  -6.865 0.4000000060
1475  25.261  -90.991  -6.568 0.4000000060
2899  17.151  -87.752  -9.552 0.3000000119
117564  17.692  -88.353  -9.601 0.4000000060
112351  27.245  -90.010  -7.018 0.4000000060
110049  24.971  -89.872  -7.415 0.4000000060
3380  21.376  -86.915  -5.740 0.5000000000
4115  11.214  -86.664  -18.377 0.5000000000
1950  17.582  -90.371  -10.098 0.4000000060
2847  26.393  -87.841  -5.428 0.3000000119
2400  26.999  -89.273  -8.092 0.4000000060
121755  26.136  -88.967  -7.848 0.4000000060
2877  25.177  -89.144  -7.480 0.5000000000
3400  24.666  -87.298  -7.224 0.5000000000
3997  21.728  -87.038  -8.924 0.3000000119
2898  18.497  -88.658  -9.475 0.3000000119
2409  18.887  -89.553  -9.659 0.3000000119
3539  11.498  -88.211  -18.459 0.6000000238
3409  28.233  -87.727  -8.734 0.3000000119
2889  26.929  -88.504  -8.202 0.4000000060
4611  11.638  -85.597  -16.333 0.5000000000
1093  20.154  -91.561  -10.079 0.4000000060
4521  27.952  -85.721  -8.858 0.3000000119
4526  25.741  -85.156  -10.063 0.3000000119
1534  22.846  -91.274  -12.040 0.4000000060
1132  21.278  -91.845  -11.825 0.4000000060
1122  20.138  -92.383  -11.246 0.4000000060
2474  23.575  -89.341  -14.299 0.3000000119
6080  5.908  -82.254  -11.823 0.6000000238
1119  22.211  -91.476  -11.596 0.3000000119
5549  23.608  -84.169  -9.702 0.3000000119
118639  23.921  -83.604  -8.886 0.3000000119
124668  20.914  -85.827  -13.082 0.3000000119
5650  5.095  -83.181  -18.030 0.5000000000
5680  5.174  -83.075  -20.664 0.6000000238
16580  0.279  -68.382  -13.741 0.6999999881
15734  0.564  -68.836  -12.666 0.6999999881
17445  -1.170  -66.867  -13.211 0.6999999881
17444  -0.246  -66.810  -12.146 0.6000000238
21072  4.484  -63.408  -14.248 0.3000000119
21913  5.937  -63.003  -15.037 0.3000000119
115745  12.328  -86.534  -14.933 0.5000000000
4598  11.997  -85.779  -15.399 0.5000000000
112100  19.603  -88.499  -17.477 0.6000000238
6747  6.380  -81.516  -17.007 0.4000000060
127873  6.590  -81.266  -17.707 0.5000000000
116677  5.178  -82.401  -23.573 0.5000000000
6843  7.583  -81.522  -24.612 0.5000000000
6831  6.937  -82.076  -24.107 0.5000000000
110159  5.923  -81.965  -24.154 0.5000000000
119688  4.243  -81.442  -24.139 0.5000000000
6832  4.994  -81.747  -24.155 0.5000000000
6830  8.470  -81.461  -24.273 0.5000000000
7478  3.219  -80.517  -23.746 0.4000000060
7488  7.125  -80.771  -24.954 0.5000000000
6845  5.609  -81.242  -24.641 0.5000000000
7491  4.210  -80.377  -24.602 0.5000000000
8169  2.644  -79.403  -23.504 0.5000000000
119042  5.847  -79.845  -25.035 0.6000000238
7490  5.213  -80.484  -24.874 0.5000000000
8178  2.798  -79.230  -24.123 0.5000000000
10270  1.574  -76.071  -20.085 0.5000000000
118703  4.631  -78.910  -24.856 0.6000000238
9585  1.765  -78.100  -21.954 0.5000000000
10280  1.505  -76.770  -20.628 0.5000000000
8177  3.707  -79.142  -24.641 0.6000000238
8842  2.310  -78.604  -23.619 0.6000000238
8837  2.241  -78.914  -23.069 0.5000000000
119681  6.161  -78.386  -24.405 0.6000000238
8850  4.060  -78.384  -24.454 0.6000000238
8851  3.067  -78.586  -24.307 0.6000000238
10290  1.119  -76.691  -21.827 0.6000000238
9601  2.728  -77.390  -23.703 0.6000000238
11010  1.105  -75.946  -21.061 0.5000000000
106728  1.158  -74.666  -19.936 0.5000000000
9602  2.011  -77.683  -23.497 0.6000000238
9603  1.639  -77.675  -23.079 0.6000000238
14881  4.464  -70.872  -11.584 0.5000000000
14882  3.731  -70.596  -11.399 0.5000000000
14895  3.918  -70.248  -12.172 0.5000000000
11771  0.770  -73.872  -20.595 0.6000000238
11045  2.480  -76.136  -23.044 0.6000000238
11022  0.711  -74.655  -21.824 0.6000000238
10298  1.276  -76.286  -22.670 0.6000000238
11021  0.922  -75.513  -22.102 0.6000000238
11032  1.135  -75.267  -22.791 0.6000000238
23593  3.662  -59.552  -12.964 0.3000000119
106940  5.023  -65.495  -6.713 0.3000000119
2032  20.852  -90.954  -16.608 0.4000000060
2502  20.284  -89.848  -17.158 0.5000000000
2535  14.758  -89.816  -19.491 0.5000000000
108907  14.130  -89.503  -18.497 0.5000000000
2515  20.216  -89.458  -18.067 0.4000000060
2519  13.695  -89.253  -17.823 0.4000000060
3537  18.808  -87.889  -18.646 0.4000000060
4090  11.607  -86.633  -16.648 0.4000000060
2995  12.125  -88.125  -16.664 0.4000000060
3518  11.957  -87.427  -16.156 0.4000000060
3012  11.794  -88.255  -17.519 0.4000000060
2520  12.854  -89.164  -17.864 0.4000000060
3557  17.520  -88.016  -21.084 0.4000000060
4127  17.007  -87.297  -19.093 0.4000000060
4112  17.337  -86.797  -18.293 0.4000000060
5124  11.791  -85.052  -15.747 0.4000000060
3548  17.510  -87.788  -19.967 0.4000000060
3538  17.946  -87.425  -18.960 0.4000000060
4641  14.423  -85.605  -18.072 0.5000000000
11044  3.598  -76.111  -23.127 0.5000000000
11029  4.012  -75.665  -22.730 0.5000000000
11799  2.244  -75.048  -22.573 0.5000000000
11020  3.086  -75.406  -22.338 0.5000000000
122655  3.887  -75.014  -21.109 0.5000000000
11786  1.885  -74.446  -22.352 0.5000000000
11770  3.620  -74.474  -20.813 0.5000000000
119660  1.953  -70.421  -11.270 0.4000000060
14872  0.849  -70.536  -10.151 0.4000000060
11785  2.879  -74.717  -21.781 0.5000000000
11801  0.985  -74.413  -22.519 0.5000000000
4103  18.835  -87.322  -17.675 0.5000000000
3547  18.552  -88.145  -19.706 0.4000000060
4113  16.016  -86.816  -18.656 0.4000000060
118760  19.029  -93.313  -1.430 0.4000000060
742  18.092  -93.410  -1.453 0.4000000060
122692  13.638  -92.928  -3.378 0.4000000060
1017  19.127  -92.046  -1.554 0.4000000060
1018  18.199  -92.382  -1.579 0.4000000060
763  14.443  -92.557  -4.054 0.4000000060
121827  17.452  -92.592  -1.607 0.4000000060
1054  15.995  -91.877  -4.407 0.4000000060
1039  15.262  -91.790  -3.932 0.4000000060
1029  14.633  -92.201  -3.331 0.4000000060
1839  20.221  -90.237  -1.808 0.5000000000
1385  19.688  -91.083  -1.625 0.5000000000
1840  19.363  -90.199  -2.028 0.4000000060
120126  18.217  -91.315  -1.784 0.4000000060
1402  15.799  -91.356  -3.255 0.4000000060
1860  20.904  -89.624  -2.294 0.5000000000
2322  21.328  -89.238  -3.035 0.5000000000
1861  19.895  -89.738  -2.435 0.5000000000
1400  17.951  -90.440  -2.487 0.4000000060
1387  17.299  -91.371  -2.077 0.4000000060
2324  19.497  -89.561  -3.005 0.4000000060
1862  19.078  -89.793  -2.630 0.4000000060
1438  18.889  -91.482  -4.374 0.4000000060
1439  17.629  -91.236  -4.284 0.4000000060
1423  17.019  -90.713  -3.588 0.4000000060
116853  16.446  -90.925  -3.247 0.4000000060
1026  16.381  -91.232  -2.603 0.4000000060
120078  17.417  -92.121  -4.476 0.4000000060
1038  16.163  -91.267  -3.819 0.4000000060
1882  19.968  -89.849  -3.680 0.5000000000
114137  19.093  -89.839  -3.484 0.4000000060
1863  18.414  -89.893  -2.858 0.4000000060
1401  17.023  -90.566  -2.907 0.4000000060
1037  19.965  -91.765  -4.373 0.5000000000
1421  19.498  -90.555  -4.169 0.4000000060
1422  17.984  -90.454  -3.758 0.4000000060
1884  17.750  -90.198  -3.116 0.4000000060
1068  21.071  -93.057  -5.292 0.3000000119
784  20.270  -93.233  -5.699 0.3000000119
1075  21.374  -92.664  -5.856 0.4000000060
1050  21.576  -92.737  -4.789 0.3000000119
113580  22.101  -92.348  -5.907 0.4000000060
1067  22.036  -92.602  -5.382 0.4000000060
1913  19.213  -91.251  -6.329 0.3000000119
1467  19.990  -91.940  -6.359 0.4000000060
117941  20.580  -92.716  -6.097 0.4000000060
1465  21.678  -91.832  -6.176 0.4000000060
1912  20.102  -90.841  -6.150 0.4000000060
1466  20.827  -91.861  -6.247 0.4000000060
1910  22.042  -90.871  -6.306 0.4000000060
1924  23.810  -90.154  -7.009 0.3000000119
1051  20.712  -92.623  -4.552 0.3000000119
1463  23.253  -91.591  -6.230 0.3000000119
1066  22.797  -92.173  -5.342 0.4000000060
1464  22.497  -91.695  -6.173 0.3000000119
1911  21.127  -90.898  -6.167 0.4000000060
2366  22.435  -89.885  -6.352 0.4000000060
2365  23.245  -89.650  -6.687 0.4000000060
1437  21.437  -92.139  -4.476 0.4000000060
1049  22.444  -92.336  -4.881 0.4000000060
1914  18.332  -90.599  -6.276 0.4000000060
116407  23.939  -90.955  -6.660 0.3000000119
2361  19.067  -88.997  -5.780 0.4000000060
110550  19.112  -90.176  -6.057 0.4000000060
2850  19.611  -88.039  -5.583 0.4000000060
2359  21.120  -89.014  -5.629 0.4000000060
2368  20.644  -89.952  -5.873 0.4000000060
1419  21.623  -90.870  -4.265 0.4000000060
1436  22.176  -92.020  -4.513 0.4000000060
1065  23.448  -91.828  -5.319 0.3000000119
1048  23.204  -91.910  -4.941 0.4000000060
1462  24.492  -91.345  -6.336 0.3000000119
2362  18.036  -88.499  -5.946 0.4000000060
2851  18.676  -87.845  -5.733 0.4000000060
2848  21.575  -87.889  -5.665 0.4000000060
1880  21.888  -89.712  -3.688 0.4000000060
1047  23.992  -91.572  -5.021 0.3000000119
2320  22.865  -89.328  -3.116 0.4000000060
1881  20.938  -89.763  -3.728 0.4000000060
1417  23.362  -90.503  -4.220 0.4000000060
1418  22.512  -90.717  -4.253 0.4000000060
1435  22.947  -91.656  -4.610 0.4000000060
107599  14.258  -85.098  -17.619 0.4000000060
2369  19.801  -89.807  -5.859 0.4000000060
422  16.125  -94.376  -14.206 0.3000000119
587  16.646  -93.664  -12.222 0.3000000119
588  16.067  -93.731  -12.416 0.3000000119
592  17.015  -93.797  -12.687 0.4000000060
598  17.384  -93.683  -13.293 0.4000000060
600  16.358  -94.184  -13.642 0.3000000119
601  15.596  -94.524  -14.416 0.3000000119
605  17.421  -93.594  -13.993 0.3000000119
606  16.855  -93.776  -14.433 0.3000000119
730  21.303  -93.423  -0.755 0.4000000060
731  20.776  -93.425  -1.077 0.5000000000
771  20.794  -93.105  -4.844 0.3000000119
805  18.066  -92.718  -10.942 0.3000000119
813  18.278  -92.890  -11.480 0.5000000000
824  19.096  -92.768  -12.511 0.3000000119
848  18.778  -92.496  -14.177 0.3000000119
851  16.430  -93.714  -15.387 0.3000000119
1015  20.896  -92.185  -1.384 0.4000000060
1028  15.182  -91.744  -3.135 0.4000000060
1053  16.830  -92.295  -4.514 0.4000000060
1064  24.132  -91.599  -5.617 0.4000000060
1073  23.364  -91.904  -5.750 0.3000000119
1074  22.694  -92.208  -5.836 0.4000000060
1105  21.913  -91.409  -10.863 0.4000000060
1110  17.777  -92.365  -10.567 0.4000000060
1120  21.735  -91.794  -11.117 0.4000000060
1121  20.958  -92.133  -11.139 0.4000000060
1162  18.139  -92.263  -14.601 0.4000000060
1171  16.501  -92.839  -17.110 0.4000000060
1176  16.459  -92.482  -18.828 0.4000000060
1386  18.793  -90.787  -1.852 0.4000000060
1414  26.096  -90.367  -3.202 0.3000000119
1420  20.600  -91.015  -4.311 0.4000000060
1431  26.974  -90.206  -4.392 0.3000000119
1434  24.522  -91.059  -4.542 0.5000000000
1440  16.743  -91.399  -4.268 0.4000000060
1453  25.919  -90.778  -5.331 0.4000000060
1454  25.346  -91.031  -5.369 0.4000000060
1460  26.190  -90.582  -6.051 0.4000000060
1474  25.852  -90.693  -6.502 0.4000000060
1476  24.666  -90.843  -6.875 0.4000000060
1496  19.623  -91.869  -9.997 0.4000000060
1497  19.178  -91.538  -9.827 0.4000000060
1512  20.746  -91.484  -10.362 0.4000000060
1522  22.867  -91.134  -11.494 0.3000000119
1547  22.329  -90.900  -12.828 0.3000000119
1575  16.500  -91.703  -19.236 0.5000000000
1838  21.660  -89.875  -1.834 0.4000000060
1841  18.695  -90.150  -2.379 0.4000000060
1855  27.047  -89.811  -2.616 0.3000000119
1875  27.376  -89.692  -3.662 0.3000000119
1879  22.757  -89.690  -3.661 0.4000000060
1883  18.419  -89.931  -3.251 0.4000000060
1907  27.774  -89.396  -7.159 0.4000000060
1908  26.761  -90.156  -6.212 0.3000000119
1909  23.046  -90.720  -6.510 0.3000000119
1923  24.489  -90.313  -7.147 0.4000000060
1949  19.087  -90.964  -9.763 0.4000000060
1964  21.921  -90.969  -10.802 0.4000000060
2018  21.460  -90.730  -15.864 0.5000000000
2033  20.307  -90.956  -16.230 0.6000000238
2042  16.034  -90.311  -18.071 0.6999999881
2046  16.370  -90.967  -18.738 0.5000000000
2321  22.198  -89.267  -3.102 0.5000000000
2323  20.391  -89.408  -2.994 0.4000000060
2325  18.831  -89.685  -3.018 0.4000000060
2358  26.965  -89.498  -5.518 0.3000000119
2360  20.145  -89.018  -5.618 0.4000000060
2367  21.552  -89.956  -6.060 0.4000000060
2384  25.640  -89.738  -7.581 0.4000000060
2398  28.029  -89.141  -7.679 0.4000000060
2399  27.734  -89.090  -8.107 0.4000000060
2401  15.160  -88.885  -8.426 0.3000000119
2411  15.320  -88.959  -10.173 0.3000000119
2500  22.096  -89.540  -16.674 0.4000000060
2529  13.513  -89.562  -19.089 0.5000000000
2531  12.050  -89.291  -19.105 0.6000000238
2830  26.414  -88.389  -4.618 0.3000000119
2845  27.550  -88.708  -6.301 0.3000000119
2849  20.585  -88.098  -5.545 0.4000000060
2856  28.227  -88.599  -6.807 0.3000000119
2858  24.007  -87.641  -6.765 0.5000000000
2880  15.579  -88.240  -7.994 0.4000000060
2888  27.605  -88.488  -8.364 0.3000000119
2975  18.088  -88.578  -15.009 0.6999999881
3011  12.462  -88.658  -17.309 0.4000000060
3332  26.483  -87.907  -2.626 0.3000000119
3369  20.091  -87.182  -5.548 0.5000000000
3371  18.454  -87.033  -5.806 0.5000000000
3378  23.381  -87.367  -6.488 0.5000000000
3381  18.019  -86.730  -6.203 0.5000000000
3399  25.559  -87.156  -7.758 0.4000000060
3402  16.539  -87.151  -7.583 0.4000000060
3418  16.078  -87.523  -8.444 0.4000000060
3476  15.117  -86.696  -13.672 0.6999999881
3489  13.633  -87.239  -14.331 0.6000000238
3503  16.144  -87.681  -14.727 0.8000000119
3527  19.215  -87.975  -17.867 0.5000000000
3529  11.436  -87.502  -17.889 0.5000000000
3946  19.671  -86.487  -5.816 0.5000000000
3956  20.108  -86.055  -6.130 0.5000000000
3958  18.502  -86.225  -6.604 0.4000000060
3975  24.232  -86.679  -7.594 0.4000000060
3977  20.472  -86.077  -7.592 0.4000000060
3980  17.993  -86.306  -7.423 0.4000000060
3993  25.569  -86.566  -8.499 0.4000000060
4006  27.519  -86.027  -9.053 0.3000000119
4008  25.434  -85.955  -9.592 0.3000000119
4047  15.472  -86.041  -13.458 0.8000000119
4049  13.757  -86.256  -13.129 0.8000000119
4059  18.284  -86.567  -14.923 0.8000000119
4062  13.300  -86.666  -13.780 0.6000000238
4074  11.917  -86.607  -15.755 0.5000000000
4088  19.228  -87.435  -16.921 0.5000000000
4089  18.916  -86.783  -16.293 0.6999999881
4491  20.368  -85.860  -6.584 0.4000000060
4492  19.821  -85.910  -6.495 0.5000000000
4512  20.082  -85.797  -6.983 0.4000000060
4527  23.934  -85.715  -10.214 0.3000000119
4528  23.195  -86.236  -10.064 0.3000000119
4541  7.093  -84.951  -9.694 0.6000000238
4554  14.407  -85.241  -12.608 0.8000000119
4569  14.783  -85.584  -12.947 0.8000000119
4571  12.614  -85.364  -13.895 0.6999999881
4584  17.894  -86.070  -14.754 0.6999999881
4585  17.233  -85.898  -14.435 0.8000000119
4596  16.611  -85.404  -14.882 0.6999999881
4597  15.717  -85.111  -14.930 0.6000000238
4607  18.466  -86.262  -16.142 0.6000000238
4642  11.055  -85.855  -18.078 0.5000000000
5061  24.461  -84.638  -10.234 0.3000000119
5064  8.182  -83.640  -9.017 0.6000000238
5067  5.848  -84.312  -8.791 0.6000000238
5077  7.907  -84.421  -9.763 0.6000000238
5092  14.165  -84.379  -12.394 0.8000000119
5104  4.161  -84.247  -13.558 0.6000000238
5123  12.169  -84.954  -14.982 0.4000000060
5127  4.369  -83.964  -15.024 0.6000000238
5548  7.927  -83.070  -8.760 0.5000000000
5553  7.456  -83.358  -8.738 0.6000000238
5555  5.723  -83.418  -8.969 0.6000000238
5573  3.755  -83.518  -11.127 0.6000000238
5578  15.171  -83.537  -12.389 0.8000000119
5580  13.927  -83.832  -12.491 0.6999999881
5583  4.267  -83.961  -12.714 0.5000000000
5590  13.389  -83.430  -13.250 0.6999999881
5594  5.320  -83.235  -13.146 0.6000000238
5606  15.744  -83.710  -13.792 0.6999999881
5613  4.644  -83.952  -14.167 0.6000000238
5619  12.109  -83.982  -14.946 0.6999999881
5630  14.783  -84.060  -16.454 0.5000000000
5690  3.858  -83.489  -21.689 0.5000000000
6060  10.025  -82.169  -9.512 0.6999999881
6062  8.339  -82.649  -8.920 0.6000000238
6065  5.638  -82.746  -9.452 0.6000000238
6066  4.983  -83.062  -9.661 0.6000000238
6079  9.932  -82.926  -11.480 0.6999999881
6081  5.394  -82.580  -11.092 0.6000000238
6090  16.000  -82.005  -12.625 0.6000000238
6095  10.039  -82.697  -12.444 0.6999999881
6109  16.163  -82.599  -12.924 0.6000000238
6110  13.440  -82.227  -13.439 0.6999999881
6112  11.426  -82.162  -14.022 0.6999999881
6113  10.979  -82.042  -13.496 0.6999999881
6114  10.230  -82.431  -13.373 0.6999999881
6115  6.435  -81.990  -13.234 0.6000000238
6125  16.385  -82.145  -13.758 0.5000000000
6131  6.299  -82.097  -14.103 0.6000000238
6137  11.105  -82.854  -15.024 0.6000000238
6139  5.731  -82.679  -15.602 0.6000000238
6148  5.645  -82.687  -16.455 0.5000000000
6165  5.570  -82.809  -17.327 0.5000000000
6223  4.361  -82.896  -23.070 0.5000000000
6235  6.188  -82.386  -23.356 0.6000000238
6236  4.116  -82.231  -23.693 0.5000000000
6237  3.218  -82.244  -23.440 0.5000000000
6641  9.497  -81.619  -9.211 0.6000000238
6653  12.399  -81.075  -10.974 0.6999999881
6656  8.208  -81.161  -9.530 0.6000000238
6658  6.650  -81.644  -10.236 0.5000000000
6672  7.206  -81.258  -10.874 0.6000000238
6694  11.848  -81.588  -12.549 0.8000000119
6695  7.244  -81.187  -12.481 0.6000000238
6706  16.453  -81.040  -13.209 0.5000000000
6707  11.831  -81.904  -13.505 0.6999999881
6718  7.154  -80.854  -14.929 0.6000000238
6730  6.812  -81.036  -16.312 0.5000000000
6761  13.056  -81.754  -18.794 0.5000000000
6762  12.412  -82.097  -18.925 0.6000000238
6766  6.586  -81.348  -18.521 0.5000000000
6777  12.650  -81.765  -19.253 0.6000000238
6779  11.144  -82.026  -19.873 0.6000000238
6794  11.628  -81.481  -20.315 0.5000000000
6795  11.017  -81.343  -21.175 0.6000000238
6796  10.470  -81.784  -21.202 0.6000000238
6799  6.841  -81.783  -20.992 0.6999999881
6812  9.040  -81.711  -22.805 0.6000000238
6824  8.373  -81.822  -23.541 0.6000000238
6833  3.462  -81.403  -23.761 0.5000000000
6834  2.939  -81.023  -23.285 0.5000000000
6844  6.565  -81.411  -24.682 0.5000000000
6846  4.678  -81.021  -24.524 0.5000000000
6847  3.851  -80.796  -24.223 0.5000000000
7303  11.157  -80.381  -9.497 0.6999999881
7306  9.023  -81.034  -9.338 0.6000000238
7319  11.755  -80.637  -9.705 0.8000000119
7354  16.320  -80.386  -12.675 0.6000000238
7359  8.414  -80.195  -12.039 0.6000000238
7373  16.957  -80.543  -13.830 0.5000000000
7375  7.725  -80.447  -14.538 0.6000000238
7394  9.444  -80.334  -16.864 0.6000000238
7395  7.945  -80.334  -16.731 0.6000000238
7396  7.457  -80.525  -16.098 0.5000000000
7423  13.157  -81.155  -19.102 0.5000000000
7425  8.873  -81.168  -18.673 0.6999999881
7427  7.334  -80.936  -18.890 0.6999999881
7435  12.425  -81.360  -19.672 0.6000000238
7436  11.914  -80.882  -20.006 0.6000000238
7456  10.741  -80.972  -21.851 0.6000000238
7463  10.283  -80.925  -22.667 0.6000000238
7464  9.592  -80.833  -23.382 0.6000000238
7476  8.863  -80.897  -24.153 0.5000000000
7477  8.132  -80.902  -24.736 0.5000000000
7479  2.908  -80.145  -23.300 0.5000000000
7489  6.198  -80.628  -24.990 0.5000000000
7492  3.485  -80.301  -24.234 0.5000000000
7493  2.967  -79.919  -23.879 0.5000000000
7976  10.863  -79.774  -9.635 0.6999999881
7977  9.977  -79.731  -9.894 0.6000000238
8004  16.099  -78.768  -11.818 0.6000000238
8006  14.842  -79.322  -11.051 0.6999999881
8007  14.093  -79.548  -10.667 0.8999999762
8025  16.147  -79.612  -12.042 0.6999999881
8026  10.045  -78.778  -12.730 0.5000000000
8040  10.388  -78.491  -13.352 0.6000000238
8042  9.010  -79.554  -13.768 0.6000000238
8046  17.816  -78.934  -14.718 0.6000000238
8050  9.690  -79.236  -14.787 0.6999999881
8060  14.057  -79.538  -15.901 0.5000000000
8061  13.188  -79.345  -15.577 0.5000000000
8064  8.810  -79.832  -15.596 0.6000000238
8079  10.786  -79.696  -16.028 0.6000000238
8087  18.488  -79.222  -17.206 0.6000000238
8140  9.237  -79.666  -21.825 0.6000000238
8175  6.706  -79.982  -24.911 0.6999999881
8176  4.666  -79.707  -24.916 0.5000000000
8679  14.017  -78.466  -10.671 0.8999999762
8680  13.156  -78.552  -10.371 0.8999999762
8681  12.175  -78.640  -10.220 0.6999999881
8682  11.180  -78.649  -10.613 0.6999999881
8691  15.344  -78.497  -11.432 0.6999999881
8692  14.613  -78.114  -11.272 0.6999999881
8708  11.335  -77.864  -12.159 0.6999999881
8718  17.250  -78.297  -13.527 0.6000000238
8721  12.320  -77.930  -13.878 0.6999999881
8729  17.570  -78.214  -14.278 0.6000000238
8733  11.757  -78.331  -14.465 0.8000000119
8753  18.324  -78.424  -16.817 0.5000000000
8767  11.017  -77.915  -17.572 0.5000000000
8781  9.948  -78.389  -18.373 0.6000000238
8800  9.135  -78.314  -19.173 0.6000000238
8827  8.081  -78.539  -21.120 0.6999999881
8830  2.263  -78.680  -22.403 0.5000000000
8831  1.716  -78.162  -22.786 0.6000000238
8843  1.911  -78.177  -23.254 0.6000000238
8847  6.574  -78.746  -24.328 0.6999999881
8848  5.560  -79.034  -24.945 0.6000000238
8849  5.167  -78.311  -24.531 0.6999999881
8852  2.555  -78.667  -24.005 0.6000000238
9425  14.445  -77.697  -11.789 0.6999999881
9443  15.531  -77.660  -12.625 0.6000000238
9458  17.169  -77.770  -13.958 0.6000000238
9462  13.496  -77.603  -13.126 0.6000000238
9470  16.623  -77.483  -14.119 0.6000000238
9472  15.017  -77.734  -14.358 0.5000000000
9483  16.518  -77.423  -15.095 0.5000000000
9485  14.920  -77.991  -15.114 0.5000000000
9499  17.451  -77.467  -16.348 0.5000000000
9574  8.170  -77.371  -19.980 0.6000000238
9575  7.779  -76.990  -20.927 0.6999999881
9576  1.651  -77.485  -21.201 0.5000000000
9594  1.368  -77.342  -22.562 0.6000000238
9600  3.600  -77.204  -23.755 0.6000000238
9608  6.325  -77.654  -23.846 0.6999999881
9609  5.690  -77.653  -24.081 0.6000000238
9611  3.347  -77.863  -24.126 0.6000000238
9612  2.536  -78.131  -23.946 0.6000000238
10247  10.381  -77.404  -17.712 0.5000000000
10256  9.552  -77.064  -18.059 0.6000000238
10257  8.823  -76.992  -18.701 0.6000000238
10259  2.639  -76.677  -18.895 0.5000000000
10268  8.656  -76.327  -19.211 0.5000000000
10279  8.135  -76.165  -20.834 0.5000000000
10289  7.828  -76.064  -22.034 0.5000000000
10297  1.662  -76.137  -23.003 0.6000000238
10310  3.126  -76.679  -23.395 0.6000000238
10311  2.180  -76.834  -23.315 0.6000000238
10312  1.548  -77.004  -23.124 0.6000000238
10318  6.689  -76.971  -23.559 0.5000000000
10320  5.298  -76.989  -23.770 0.6000000238
10988  10.491  -75.392  -18.251 0.5000000000
10990  2.386  -75.658  -18.769 0.5000000000
10998  8.527  -75.641  -20.112 0.5000000000
11009  4.523  -75.208  -21.149 0.5000000000
11011  0.798  -74.623  -20.926 0.6000000238
11019  3.834  -75.335  -21.800 0.5000000000
11027  7.812  -75.490  -23.255 0.5000000000
11030  2.811  -75.695  -22.742 0.5000000000
11031  1.859  -75.458  -22.851 0.6000000238
11033  0.886  -74.740  -22.363 0.6000000238
11043  4.820  -75.847  -23.359 0.5000000000
11693  4.103  -74.289  -16.204 0.5000000000
11733  2.390  -74.121  -18.133 0.5000000000
11734  1.842  -74.659  -18.966 0.5000000000
11745  9.490  -74.437  -19.527 0.5000000000
11772  0.611  -73.907  -21.589 0.6000000238
11782  8.783  -73.592  -22.361 0.5000000000
11787  0.905  -73.764  -22.287 0.5000000000
11788  0.744  -74.098  -22.185 0.5000000000
11800  1.446  -74.760  -22.633 0.6000000238
12410  5.423  -72.684  -12.034 0.6000000238
12445  5.615  -73.786  -12.784 0.6000000238
12491  4.953  -73.820  -14.848 0.5000000000
12506  3.580  -73.489  -16.466 0.5000000000
12520  2.500  -73.405  -17.680 0.6000000238
12552  3.574  -72.648  -20.412 0.6000000238
12553  0.852  -73.040  -20.277 0.6000000238
12570  4.152  -74.291  -20.025 0.5000000000
12572  0.665  -73.081  -21.369 0.6000000238
12586  1.850  -73.750  -22.056 0.5000000000
12587  1.086  -73.137  -22.121 0.6000000238
12600  1.253  -74.023  -22.383 0.5000000000
13240  5.237  -72.160  -11.660 0.6000000238
13265  5.360  -72.209  -13.282 0.6000000238
13287  5.131  -73.251  -14.408 0.5000000000
13323  3.305  -72.552  -16.489 0.5000000000
13324  2.714  -72.216  -17.015 0.6000000238
13340  2.186  -71.895  -17.435 0.6000000238
13341  1.780  -71.961  -17.978 0.6999999881
13373  0.770  -72.130  -21.044 0.6999999881
13389  2.320  -71.932  -21.337 0.6999999881
13399  9.029  -71.805  -22.461 0.5000000000
13404  0.884  -72.612  -21.740 0.6999999881
14037  4.710  -71.678  -11.131 0.5000000000
14038  4.030  -71.143  -10.836 0.5000000000
14046  5.099  -71.409  -11.952 0.6000000238
14072  4.452  -71.604  -14.683 0.6000000238
14097  3.157  -71.248  -16.109 0.6000000238
14131  0.894  -71.023  -19.418 0.6999999881
14146  0.882  -71.483  -20.267 0.8000000119
14161  2.472  -71.129  -21.094 0.6999999881
14871  1.728  -70.842  -10.455 0.4000000060
14873  0.521  -70.127  -9.871 0.5000000000
14883  3.000  -70.852  -10.783 0.5000000000
14885  0.510  -70.015  -10.448 0.4000000060
14896  2.849  -70.135  -11.862 0.5000000000
14910  4.043  -70.150  -13.125 0.5000000000
14925  3.940  -70.211  -14.066 0.5000000000
14946  5.796  -70.292  -16.866 0.5000000000
14947  2.508  -70.602  -16.288 0.6000000238
14948  1.457  -70.253  -16.786 0.5000000000
14971  4.486  -69.916  -19.008 0.5000000000
14972  0.875  -70.815  -18.462 0.6999999881
14973  0.795  -70.379  -19.054 0.6999999881
14986  4.323  -70.399  -19.741 0.6000000238
14987  3.886  -70.275  -20.345 0.6000000238
14988  1.281  -70.057  -19.879 0.6999999881
15000  2.155  -70.555  -20.703 0.6999999881
15001  1.334  -70.656  -20.416 0.6999999881
15002  0.978  -70.896  -20.239 0.6999999881
15696  0.586  -69.463  -9.206 0.5000000000
15722  0.697  -69.565  -11.869 0.5000000000
15723  0.433  -69.587  -11.008 0.5000000000
15733  1.187  -69.406  -12.726 0.6999999881
15745  2.720  -69.537  -13.615 0.6000000238
15761  7.475  -69.512  -14.523 0.4000000060
15786  5.230  -69.571  -17.445 0.6000000238
15789  -0.532  -68.332  -16.960 0.6999999881
15801  4.234  -69.349  -18.931 0.8000000119
15802  3.970  -69.315  -19.321 0.8000000119
15803  1.031  -69.123  -19.164 0.6999999881
15812  3.532  -69.760  -20.097 0.8000000119
15813  2.632  -69.526  -19.925 0.8000000119
15823  2.728  -70.021  -20.450 0.6999999881
16567  0.322  -68.269  -12.229 0.6000000238
16581  -0.577  -67.927  -14.361 0.6999999881
16594  6.751  -68.625  -14.555 0.4000000060
16596  -0.071  -68.470  -14.754 0.6999999881
16597  -0.972  -68.081  -15.250 0.6000000238
16607  -0.264  -68.732  -16.233 0.6000000238
16620  5.348  -68.512  -16.458 0.6000000238
16632  4.319  -68.195  -17.896 0.6999999881
16635  -0.529  -67.982  -17.616 0.6999999881
16644  4.251  -68.768  -18.424 0.8000000119
16645  2.136  -68.364  -18.883 0.8000000119
16646  0.984  -68.545  -18.721 0.8000000119
16656  2.458  -68.938  -19.362 0.8000000119
17378  6.791  -67.759  -8.262 0.5000000000
17393  5.987  -67.985  -9.602 0.5000000000
17410  0.536  -67.671  -11.150 0.5000000000
17427  0.498  -66.935  -11.468 0.5000000000
17457  7.212  -67.696  -12.909 0.3000000119
17460  4.948  -67.281  -13.542 0.5000000000
17461  4.306  -67.118  -13.727 0.5000000000
17463  -0.982  -67.412  -14.012 0.6999999881
17470  5.406  -67.926  -14.005 0.4000000060
17474  -1.732  -66.763  -14.701 0.8000000119
17480  3.638  -67.160  -15.054 0.6000000238
17482  -1.617  -66.498  -15.268 0.8000000119
17486  5.015  -68.024  -16.106 0.5000000000
17489  2.735  -67.030  -17.095 0.6999999881
17500  4.140  -67.747  -17.449 0.6999999881
17504  0.063  -67.734  -17.854 0.8000000119
17519  0.603  -68.001  -18.261 0.8000000119
18317  7.739  -66.421  -9.194 0.6000000238
18331  4.621  -66.485  -10.563 0.5000000000
18332  3.387  -66.694  -10.529 0.6000000238
18347  0.822  -66.258  -10.977 0.5000000000
18349  -0.587  -65.901  -11.692 0.6999999881
18372  6.247  -66.653  -13.151 0.4000000060
18374  4.499  -66.409  -13.480 0.5000000000
18377  -2.047  -66.319  -14.001 0.6999999881
18387  2.402  -66.190  -14.280 0.6000000238
18395  -0.047  -66.111  -16.231 0.8000000119
18401  2.965  -66.804  -16.305 0.6999999881
18413  1.605  -66.957  -17.238 0.8000000119
18414  0.461  -67.158  -17.358 0.8000000119
19222  6.113  -66.150  -7.084 0.5000000000
19232  8.715  -65.613  -8.848 0.4000000060
19233  8.144  -66.116  -8.556 0.5000000000
19247  7.197  -66.227  -9.788 0.6000000238
19258  4.137  -65.623  -10.830 0.6000000238
19261  0.434  -64.680  -10.570 0.8000000119
19271  0.058  -65.454  -11.004 0.6000000238
19272  -1.529  -65.481  -12.043 0.6999999881
19285  -2.154  -65.055  -12.641 0.6000000238
19302  1.407  -64.783  -13.782 0.5000000000
19303  -2.324  -64.697  -13.412 0.6999999881
19317  1.109  -65.163  -14.435 0.8000000119
19319  -1.049  -64.936  -14.821 0.8000000119
19333  -1.634  -65.569  -15.127 0.8000000119
20108  9.566  -64.623  -7.909 0.3000000119
20110  8.023  -64.638  -7.395 0.4000000060
20111  7.401  -65.108  -7.277 0.4000000060
20112  5.766  -64.936  -6.783 0.4000000060
20119  10.474  -64.118  -8.882 0.3000000119
20121  9.320  -65.057  -8.494 0.4000000060
20130  9.131  -65.059  -9.266 0.4000000060
20142  8.567  -64.620  -9.969 0.4000000060
20145  6.437  -65.011  -10.694 0.5000000000
20147  3.696  -64.615  -10.990 0.6000000238
20159  7.312  -64.396  -10.714 0.4000000060
20162  5.055  -64.339  -11.221 0.5000000000
20166  -1.737  -63.894  -11.606 0.6999999881
20178  -2.086  -64.175  -12.479 0.6999999881
20192  4.858  -64.855  -13.741 0.4000000060
20195  1.629  -64.079  -13.525 0.5000000000
20197  -0.881  -63.770  -13.710 0.6999999881
20220  -1.580  -64.309  -14.250 0.8000000119
20221  -2.264  -64.410  -13.998 0.6999999881
20971  9.186  -64.143  -7.558 0.3000000119
21001  7.926  -64.125  -10.597 0.4000000060
21003  2.207  -63.039  -10.552 0.6000000238
21005  0.020  -62.873  -10.210 0.6999999881
21016  8.934  -63.212  -11.032 0.3000000119
21018  6.693  -63.572  -11.489 0.4000000060
21023  -1.295  -63.356  -11.083 0.6999999881
21034  -0.713  -62.582  -12.341 0.6999999881
21035  -1.329  -62.963  -12.071 0.6999999881
21050  1.923  -63.183  -13.379 0.3000000119
21054  -1.810  -63.667  -12.722 0.6999999881
21071  5.234  -63.166  -14.638 0.3000000119
21083  7.521  -63.395  -15.820 0.3000000119
21094  8.917  -63.391  -16.822 0.3000000119
21815  4.906  -62.527  -6.622 0.4000000060
21816  4.219  -63.069  -6.682 0.4000000060
21835  0.627  -61.882  -9.922 0.6000000238
21846  9.247  -62.658  -11.593 0.3000000119
21850  5.371  -62.484  -11.718 0.5000000000
21854  0.474  -61.418  -10.221 0.5000000000
21855  -0.352  -62.054  -10.829 0.6999999881
21856  -1.126  -62.741  -11.260 0.6999999881
21866  6.847  -61.985  -12.129 0.4000000060
21869  -0.274  -61.874  -11.680 0.6000000238
21881  2.236  -62.144  -13.383 0.3000000119
21912  6.670  -62.772  -15.456 0.3000000119
22695  4.115  -60.276  -11.423 0.4000000060
22712  6.348  -60.894  -12.504 0.3000000119
22715  1.813  -60.106  -12.169 0.5000000000
22727  3.227  -60.472  -13.345 0.4000000060
23526  6.485  -60.767  -7.508 0.3000000119
23527  5.553  -61.010  -6.950 0.3000000119
23555  2.691  -59.839  -11.175 0.4000000060
23556  1.816  -59.880  -11.110 0.4000000060
23569  5.912  -59.872  -12.860 0.3000000119
23570  5.037  -59.792  -12.707 0.3000000119
23571  4.085  -59.746  -12.334 0.4000000060
23572  3.199  -59.606  -12.174 0.3000000119
23589  7.617  -60.672  -13.250 0.3000000119
23594  2.919  -59.595  -12.827 0.4000000060
23609  9.266  -59.760  -14.315 0.3000000119
23610  8.361  -59.563  -14.369 0.3000000119
106245  -0.332  -67.679  -13.519 0.6999999881
106322  24.834  -90.582  -3.951 0.4000000060
107038  6.973  -62.928  -7.255 0.4000000060
107777  0.255  -67.635  -11.933 0.6000000238
107840  15.454  -85.009  -13.521 0.8000000119
107896  -2.211  -65.573  -13.424 0.6000000238
107974  6.784  -82.713  -8.891 0.6999999881
107990  20.490  -92.210  -10.770 0.3000000119
108224  27.931  -86.852  -8.910 0.3000000119
108635  3.626  -70.434  -14.957 0.6000000238
108677  7.291  -77.900  -22.297 0.6999999881
108722  2.244  -69.585  -15.135 0.6000000238
108739  15.246  -84.087  -12.589 0.6999999881
108776  3.560  -71.971  -15.900 0.6000000238
108868  25.811  -90.605  -6.965 0.4000000060
108905  9.828  -61.528  -12.910 0.3000000119
108949  3.148  -64.913  -13.523 0.6000000238
109102  11.986  -77.701  -12.932 0.6999999881
109406  17.351  -77.471  -15.529 0.5000000000
109436  21.559  -86.323  -6.207 0.5000000000
109450  7.298  -81.020  -13.301 0.5000000000
110228  5.280  -83.140  -16.013 0.6000000238
110617  11.060  -81.816  -20.680 0.6000000238
110649  0.441  -69.185  -16.154 0.6000000238
110692  5.314  -68.876  -16.936 0.6000000238
111041  26.075  -90.209  -7.412 0.4000000060
111185  3.698  -67.203  -16.000 0.6000000238
111256  11.708  -84.331  -15.609 0.5000000000
111318  18.035  -93.411  -12.932 0.4000000060
111361  4.854  -71.496  -13.890 0.5000000000
111588  9.293  -63.381  -7.435 0.3000000119
111869  11.153  -79.251  -15.533 0.6000000238
112068  13.336  -89.408  -18.328 0.6000000238
112480  20.513  -92.157  -11.718 0.4000000060
112695  6.871  -81.395  -20.035 0.6999999881
113031  3.149  -71.729  -21.027 0.6999999881
113946  28.392  -88.507  -8.131 0.3000000119
113962  27.019  -88.274  -1.969 0.3000000119
114201  7.303  -80.648  -16.740 0.6000000238
114520  27.049  -89.082  -5.631 0.3000000119
114534  4.665  -70.804  -18.888 0.5000000000
114630  8.064  -63.427  -11.103 0.4000000060
114734  14.436  -84.569  -17.686 0.4000000060
115079  8.429  -76.986  -19.367 0.6000000238
115397  24.829  -85.316  -10.289 0.3000000119
115565  5.125  -63.739  -14.495 0.3000000119
115824  23.871  -91.611  -6.166 0.3000000119
115990  5.702  -82.695  -19.777 0.6000000238
116249  6.338  -81.832  -19.334 0.6000000238
116350  4.082  -61.003  -11.011 0.5000000000
116448  10.065  -62.657  -11.459 0.3000000119
116926  20.467  -90.549  -10.408 0.4000000060
117014  12.676  -86.303  -14.118 0.6000000238
117072  8.210  -80.388  -24.261 0.6000000238
117127  13.385  -78.026  -10.844 0.6999999881
117626  0.900  -69.652  -16.504 0.6000000238
117875  4.847  -83.299  -17.205 0.5000000000
117969  12.862  -79.225  -9.981 0.8000000119
118085  -0.391  -68.483  -15.548 0.6000000238
118264  9.469  -79.333  -11.804 0.6000000238
118290  2.323  -65.785  -10.675 0.5000000000
118593  18.654  -92.910  -13.721 0.4000000060
118754  18.589  -93.136  -13.053 0.4000000060
118935  14.084  -88.530  -16.626 0.6000000238
118997  6.978  -79.378  -24.465 0.6999999881
119265  22.805  -86.967  -6.306 0.4000000060
119455  4.410  -65.580  -13.493 0.5000000000
119617  20.782  -91.433  -14.795 0.4000000060
119697  17.890  -79.622  -15.164 0.6000000238
119868  3.549  -79.832  -24.479 0.6000000238
119942  2.526  -61.171  -13.293 0.4000000060
119993  17.350  -88.188  -15.039 0.8000000119
120949  10.393  -81.182  -22.349 0.6000000238
121093  16.375  -78.392  -12.324 0.6000000238
121228  13.565  -85.708  -12.842 0.8000000119
121641  14.406  -84.780  -12.465 0.6999999881
122058  8.419  -81.437  -20.493 0.6999999881
122112  0.879  -68.974  -13.417 0.6000000238
122741  4.717  -72.027  -18.703 0.5000000000
122836  1.014  -67.560  -10.506 0.5000000000
122844  10.062  -74.139  -19.059 0.5000000000
122926  5.312  -82.817  -11.869 0.6000000238
123044  8.722  -80.412  -17.167 0.6000000238
123190  10.946  -76.575  -17.844 0.5000000000
123240  6.526  -66.324  -10.114 0.6000000238
123335  7.535  -65.968  -7.618 0.5000000000
123643  17.507  -87.159  -14.512 0.8000000119
123808  7.815  -81.969  -24.023 0.5000000000
123914  10.409  -78.026  -17.707 0.5000000000
123917  5.534  -66.312  -10.452 0.6000000238
124176  5.840  -82.514  -18.953 0.6000000238
124329  22.543  -89.355  -2.633 0.4000000060
124559  16.001  -87.784  -9.280 0.4000000060
124626  16.397  -93.422  -15.937 0.4000000060
124740  3.893  -68.801  -18.876 0.8000000119
124768  9.732  -83.077  -10.698 0.6000000238
124769  5.650  -62.840  -7.083 0.5000000000
124971  20.128  -93.685  -1.161 0.5000000000
125171  10.470  -63.956  -8.246 0.3000000119
125261  1.149  -75.344  -20.426 0.5000000000
125642  2.272  -62.039  -10.093 0.6000000238
125667  28.610  -87.109  -8.910 0.3000000119
125866  -1.948  -66.229  -13.329 0.6000000238
125949  26.554  -88.447  -5.197 0.3000000119
126009  -1.570  -67.046  -15.147 0.6000000238
126056  19.908  -92.660  -4.459 0.3000000119
126085  4.058  -67.851  -17.952 0.6999999881
126156  20.879  -92.997  -5.739 0.3000000119
126643  3.473  -69.833  -13.638 0.5000000000
126701  19.620  -93.577  -1.323 0.5000000000
126777  -0.076  -63.810  -10.372 0.8000000119
126870  14.151  -92.587  -3.392 0.4000000060
127040  1.152  -72.422  -19.203 0.6999999881
127557  0.877  -75.221  -21.276 0.5000000000
127782  10.038  -79.614  -15.918 0.5000000000
127933  23.711  -86.691  -7.165 0.4000000060
128060  1.337  -77.423  -21.927 0.5000000000
128085  27.381  -90.019  -4.003 0.3000000119
128098  15.160  -78.953  -11.132 0.6999999881
128124  18.711  -90.280  -3.878 0.4000000060
128155  16.243  -81.557  -12.893 0.6000000238
128168  3.935  -73.485  -19.866 0.6000000238
128181  8.489  -79.138  -21.358 0.6000000238
128184  12.269  -80.780  -10.190 0.8000000119
128196  1.163  -72.391  -21.753 0.6999999881
