#!ascii label  , from subject sub-v1s12x0050113_ses-1 vox2ras=TkReg
1426
2040  21.199  -90.423  -17.336 0.5000000000
11007  11.321  -76.731  -21.202 0.6000000238
11006  11.833  -75.968  -20.123 0.6000000238
10265  11.744  -76.240  -19.555 0.6000000238
121831  12.341  -75.015  -19.561 0.6999999881
10995  11.944  -75.500  -19.119 0.6000000238
11743  12.824  -74.207  -19.698 0.6999999881
11744  12.312  -74.506  -19.099 0.6000000238
6146  16.380  -82.069  -15.517 0.5000000000
114734  14.436  -84.569  -17.686 0.6000000238
5648  15.574  -83.327  -17.770 0.6000000238
110718  15.996  -82.500  -16.458 0.5000000000
4114  14.769  -86.235  -18.758 0.5000000000
110793  14.309  -85.521  -18.904 0.4000000060
5649  14.737  -84.000  -17.301 0.5000000000
6163  15.310  -83.252  -16.958 0.6000000238
8744  15.247  -77.986  -15.778 0.5000000000
3025  19.226  -88.510  -19.438 0.4000000060
8754  15.540  -78.052  -16.612 0.5000000000
8755  15.005  -78.609  -16.324 0.5000000000
8776  15.477  -78.357  -18.442 0.6000000238
8814  14.124  -78.385  -20.067 0.6000000238
10288  11.275  -77.137  -21.980 0.6000000238
112586  11.606  -75.404  -22.292 0.6999999881
9572  12.362  -77.798  -20.324 0.6000000238
11016  11.649  -75.816  -21.257 0.6999999881
125877  13.096  -73.863  -22.453 0.6000000238
126678  12.991  -74.183  -21.316 0.6999999881
12579  16.050  -73.735  -21.751 0.6000000238
12581  14.634  -73.536  -22.011 0.6000000238
118813  14.632  -73.280  -21.287 0.6999999881
11762  16.656  -73.872  -20.921 0.6999999881
10986  11.791  -74.858  -18.737 0.6000000238
6723  17.192  -81.257  -15.634 0.5000000000
6145  17.114  -82.005  -17.179 0.6000000238
114703  16.882  -81.822  -16.305 0.5000000000
5174  14.226  -85.062  -19.579 0.6000000238
5670  14.966  -84.262  -19.476 0.6999999881
6162  16.282  -82.708  -17.471 0.6000000238
4129  15.183  -86.888  -19.616 0.4000000060
109961  16.308  -77.711  -18.009 0.5000000000
9519  16.364  -77.584  -16.939 0.5000000000
119129  20.940  -89.749  -18.610 0.5000000000
8766  15.622  -78.232  -17.556 0.5000000000
9582  14.692  -77.443  -21.297 0.6999999881
8794  15.280  -78.261  -19.213 0.6000000238
9591  12.165  -77.433  -22.581 0.6999999881
9571  13.658  -78.042  -20.936 0.6000000238
9557  14.973  -78.046  -19.959 0.6000000238
9592  11.669  -77.396  -22.065 0.6999999881
9583  12.473  -77.786  -21.380 0.6000000238
11025  11.312  -75.957  -23.132 0.6999999881
12596  13.701  -73.608  -22.905 0.6000000238
11795  11.805  -74.768  -23.355 0.6000000238
12595  14.767  -73.506  -23.016 0.6000000238
11780  12.497  -74.325  -22.176 0.6000000238
112870  17.317  -74.266  -21.870 0.6000000238
11761  17.492  -74.322  -20.846 0.6999999881
13383  14.456  -72.054  -20.656 0.6999999881
12529  11.347  -73.757  -18.845 0.5000000000
12565  15.210  -73.216  -21.244 0.6999999881
12566  14.299  -73.166  -20.768 0.6999999881
12545  12.556  -73.650  -19.381 0.6000000238
6760  17.827  -81.673  -18.657 0.5000000000
113480  17.765  -81.391  -17.333 0.5000000000
7389  17.892  -80.639  -16.190 0.5000000000
6188  16.750  -82.864  -19.502 0.6999999881
4665  14.195  -85.269  -20.531 0.5000000000
5677  15.938  -83.467  -19.976 0.6999999881
5659  16.013  -83.326  -18.428 0.6000000238
124744  16.440  -82.939  -18.145 0.6000000238
4139  15.727  -87.237  -20.652 0.4000000060
114995  14.764  -86.697  -20.467 0.4000000060
4654  14.290  -86.015  -19.798 0.5000000000
115076  17.511  -77.535  -17.942 0.5000000000
107512  16.437  -77.202  -20.241 0.5000000000
9555  16.755  -77.312  -19.507 0.5000000000
9537  16.115  -77.662  -18.912 0.5000000000
10287  13.575  -77.471  -22.086 0.6000000238
9556  15.873  -77.538  -19.743 0.5000000000
10293  11.981  -76.880  -23.353 0.6999999881
12640  13.425  -73.223  -24.945 0.6000000238
11037  12.107  -74.738  -24.477 0.6999999881
10305  11.631  -76.310  -23.703 0.6999999881
115226  14.594  -72.465  -24.752 0.6000000238
12628  13.232  -73.257  -24.551 0.6000000238
121685  11.863  -74.682  -24.045 0.6999999881
11791  18.350  -73.953  -23.096 0.6999999881
12611  14.966  -72.761  -24.032 0.6000000238
12613  13.040  -73.354  -23.850 0.6000000238
12562  19.622  -74.152  -21.559 0.6000000238
11792  17.485  -73.982  -23.029 0.6999999881
11793  16.620  -73.754  -22.950 0.6999999881
12560  20.720  -73.426  -20.281 0.6000000238
11759  19.535  -74.388  -20.662 0.6000000238
106599  18.908  -74.552  -21.347 0.6999999881
13384  12.780  -71.183  -20.677 0.6000000238
108448  18.147  -74.524  -21.119 0.6999999881
13365  12.772  -72.526  -19.917 0.6000000238
12541  21.059  -73.143  -19.694 0.6999999881
11758  20.148  -74.101  -20.075 0.6000000238
11740  19.444  -74.519  -19.707 0.8000000119
12563  17.307  -74.158  -20.194 0.6999999881
12543  16.835  -73.695  -19.727 0.6999999881
13381  15.349  -72.553  -20.379 0.6999999881
6742  18.154  -81.028  -17.962 0.6000000238
6200  16.599  -82.718  -20.316 0.6999999881
6175  17.358  -82.379  -19.062 0.6000000238
5183  14.441  -84.810  -21.017 0.5000000000
5678  15.005  -83.988  -20.611 0.6999999881
4140  14.968  -86.787  -21.360 0.4000000060
4664  14.329  -86.056  -20.930 0.5000000000
119523  18.081  -77.751  -17.811 0.5000000000
9516  18.159  -77.892  -17.191 0.5000000000
9554  17.526  -77.482  -19.347 0.5000000000
10285  15.957  -76.708  -21.866 0.6000000238
10303  13.709  -76.418  -24.210 0.6000000238
121092  14.488  -76.724  -22.706 0.6999999881
10316  12.733  -75.891  -24.797 0.6999999881
9590  13.278  -76.683  -23.363 0.6999999881
12626  14.672  -72.362  -25.004 0.6000000238
11825  13.347  -73.889  -25.159 0.6000000238
11048  12.720  -74.990  -25.010 0.6999999881
12608  19.329  -72.682  -23.778 0.6999999881
11805  17.577  -72.972  -23.962 0.6999999881
12610  16.136  -71.967  -24.732 0.6999999881
14965  13.761  -70.439  -19.601 0.6000000238
12592  19.910  -73.240  -22.903 0.6000000238
12593  19.155  -73.625  -23.049 0.6999999881
11806  16.690  -72.956  -23.997 0.6999999881
14152  22.915  -71.107  -20.113 0.6000000238
13380  21.358  -72.707  -20.352 0.6000000238
117604  21.518  -72.521  -21.292 0.6000000238
12577  20.331  -73.496  -21.944 0.6000000238
12578  19.634  -73.838  -22.327 0.6999999881
14980  13.949  -70.469  -20.426 0.6000000238
116935  21.937  -72.151  -19.851 0.6000000238
13397  20.888  -73.122  -21.136 0.6000000238
13362  16.340  -73.006  -19.040 0.6999999881
115292  15.757  -72.348  -18.788 0.6000000238
13382  14.758  -71.590  -20.347 0.6999999881
14154  14.081  -70.911  -20.614 0.6000000238
14979  23.057  -70.788  -19.114 0.5000000000
14138  21.939  -72.138  -19.115 0.6000000238
13346  21.652  -72.544  -18.587 0.8000000119
115083  20.884  -73.578  -17.961 0.8000000119
11725  19.239  -74.520  -18.350 0.8000000119
11742  17.696  -74.257  -19.357 0.8000000119
12527  17.118  -73.716  -18.782 0.6999999881
13363  15.658  -72.338  -19.587 0.6999999881
11739  20.098  -74.233  -19.366 0.8000000119
112880  19.081  -74.627  -19.011 0.8000000119
6776  17.704  -81.818  -19.414 0.6999999881
6775  18.051  -81.220  -19.377 0.6999999881
7421  18.442  -80.264  -18.526 0.6999999881
7403  18.434  -80.129  -17.602 0.6000000238
5687  15.659  -83.254  -20.923 0.6999999881
8096  18.552  -79.185  -18.250 0.6000000238
5689  14.654  -84.059  -21.732 0.6000000238
8087  18.488  -79.222  -17.206 0.5000000000
9534  18.381  -78.097  -18.423 0.5000000000
12462  12.428  -73.494  -13.961 0.6000000238
8812  17.939  -77.613  -19.910 0.5000000000
112023  11.980  -72.957  -15.626 0.5000000000
9580  17.226  -77.224  -21.243 0.5000000000
112331  13.149  -72.821  -15.988 0.6000000238
10301  15.561  -76.880  -23.466 0.6999999881
9581  16.620  -76.937  -21.886 0.6000000238
114166  13.378  -76.245  -25.117 0.6999999881
112811  15.417  -76.689  -22.634 0.6999999881
13335  14.164  -72.347  -16.790 0.6000000238
12638  14.678  -72.774  -25.269 0.6999999881
11058  13.536  -74.909  -25.357 0.6000000238
13425  18.554  -71.927  -24.607 0.6999999881
12624  17.130  -71.376  -25.032 0.6999999881
12625  16.236  -71.607  -25.059 0.6999999881
14106  14.349  -71.340  -18.353 0.6000000238
13334  14.712  -72.016  -17.574 0.6000000238
13424  20.232  -72.444  -23.600 0.6000000238
12623  17.695  -71.830  -24.637 0.6999999881
126260  15.745  -72.644  -17.543 0.6000000238
14124  13.489  -71.008  -18.387 0.6000000238
14180  22.393  -71.678  -22.559 0.6000000238
13396  21.088  -72.846  -22.040 0.6000000238
12516  16.780  -73.353  -17.450 0.6999999881
13347  16.129  -72.812  -18.016 0.6000000238
14123  14.788  -71.038  -19.108 0.6000000238
110761  22.543  -71.616  -20.979 0.6000000238
12497  21.049  -73.106  -16.584 0.6000000238
12499  19.655  -73.966  -16.101 0.6000000238
12514  18.218  -74.054  -17.104 0.6999999881
12528  16.746  -73.333  -18.228 0.6000000238
14139  14.873  -71.143  -19.832 0.6000000238
111963  21.503  -72.598  -16.893 0.6000000238
11702  20.037  -74.181  -16.906 0.8000000119
13331  21.752  -72.362  -17.640 0.6000000238
11701  20.707  -73.702  -17.120 0.6999999881
11727  17.766  -74.144  -18.509 0.8000000119
6199  17.130  -82.022  -20.597 0.6999999881
6793  17.730  -81.477  -20.105 0.6999999881
6792  18.135  -80.784  -19.933 0.6999999881
6208  15.015  -82.913  -21.857 0.6999999881
6207  16.257  -82.446  -21.151 0.6999999881
8121  18.338  -79.942  -20.101 0.6000000238
8109  18.521  -79.585  -19.236 0.6000000238
13247  13.353  -72.776  -12.430 0.6000000238
12422  11.919  -73.473  -12.533 0.6000000238
12438  13.829  -73.171  -13.044 0.6000000238
12439  12.579  -73.480  -13.087 0.6000000238
121991  18.264  -78.099  -20.251 0.6000000238
12437  13.963  -73.329  -13.536 0.5000000000
9596  16.970  -77.696  -22.909 0.6999999881
9588  17.193  -77.437  -22.147 0.6999999881
113917  15.151  -73.107  -14.118 0.4000000060
13284  14.080  -73.411  -14.199 0.5000000000
10302  14.184  -76.653  -24.683 0.6999999881
121488  14.587  -73.211  -15.226 0.5000000000
10328  13.847  -75.851  -25.510 0.6000000238
111990  15.223  -72.965  -16.003 0.6000000238
12637  16.117  -72.248  -25.385 0.6999999881
11823  14.937  -74.038  -25.520 0.6999999881
13313  16.434  -73.257  -15.978 0.6999999881
13315  14.817  -72.526  -16.726 0.6000000238
14188  20.306  -71.850  -24.469 0.6999999881
13430  18.798  -71.619  -25.147 0.6999999881
12459  18.785  -73.012  -14.690 0.5000000000
118113  15.398  -72.602  -17.047 0.6000000238
14186  22.496  -71.475  -23.518 0.6000000238
13423  20.858  -72.057  -23.753 0.6000000238
12484  16.967  -73.422  -16.533 0.6999999881
14181  21.637  -71.869  -23.354 0.6000000238
13412  21.038  -72.394  -22.928 0.6000000238
12480  20.043  -73.372  -15.499 0.5000000000
12501  17.832  -73.688  -16.249 0.6000000238
14170  22.349  -71.801  -21.771 0.6000000238
123799  21.609  -71.550  -16.227 0.6000000238
13312  20.699  -72.940  -15.834 0.5000000000
12500  18.741  -73.978  -16.106 0.6999999881
14089  22.124  -70.948  -16.603 0.6000000238
6808  16.857  -81.667  -21.292 0.6999999881
128296  17.382  -81.056  -21.306 0.6999999881
8122  18.118  -79.685  -20.952 0.6000000238
127214  18.347  -79.304  -20.481 0.6000000238
13248  12.677  -72.842  -11.929 0.4000000060
12408  12.099  -73.171  -11.892 0.5000000000
8137  18.212  -78.630  -20.864 0.6000000238
14055  14.674  -71.704  -12.845 0.5000000000
113460  11.027  -73.639  -12.749 0.6000000238
8151  17.165  -79.024  -22.924 0.6999999881
8839  16.863  -78.267  -23.305 0.6999999881
8813  17.847  -77.649  -20.681 0.6000000238
13260  15.036  -72.501  -13.377 0.5000000000
121518  13.977  -76.998  -25.536 0.6999999881
13258  17.019  -72.141  -13.773 0.4000000060
11821  18.261  -73.723  -26.070 0.6999999881
120355  17.087  -73.201  -25.789 0.6999999881
11055  15.605  -75.515  -25.840 0.6999999881
13282  16.760  -72.666  -14.296 0.6000000238
13436  20.294  -71.904  -25.663 0.6999999881
13437  19.296  -71.949  -25.705 0.6999999881
125953  15.360  -74.763  -25.661 0.6999999881
13281  17.532  -72.513  -14.183 0.5000000000
13298  16.620  -73.054  -15.066 0.5000000000
14197  20.529  -71.559  -24.986 0.6000000238
13429  19.787  -71.627  -25.158 0.6999999881
13438  18.306  -71.786  -25.574 0.6999999881
12636  16.944  -71.775  -25.398 0.6999999881
12460  17.925  -72.972  -14.729 0.5000000000
126995  23.637  -70.901  -23.101 0.5000000000
111976  21.891  -71.520  -24.314 0.6000000238
14187  21.069  -71.723  -24.363 0.6000000238
6819  16.630  -81.038  -22.005 0.6999999881
7460  17.032  -79.996  -22.494 0.6999999881
14034  13.354  -71.209  -11.928 0.4000000060
8152  16.340  -79.658  -23.358 0.6999999881
8138  17.750  -79.118  -21.888 0.6999999881
14035  12.234  -71.849  -11.301 0.4000000060
12423  10.423  -73.344  -12.270 0.6000000238
9605  15.287  -77.775  -24.592 0.8000000119
8164  16.569  -78.833  -23.618 0.6999999881
10326  15.325  -76.614  -26.155 0.6000000238
9616  13.960  -77.203  -25.906 0.6000000238
124996  8.776  -71.559  -12.638 0.6000000238
11054  16.878  -74.939  -25.780 0.6999999881
10327  14.364  -76.458  -25.943 0.6000000238
12634  18.970  -72.909  -26.101 0.6000000238
13435  21.094  -71.853  -25.758 0.6000000238
14924  7.432  -70.611  -14.518 0.5000000000
107906  22.114  -71.244  -25.147 0.6000000238
14207  20.822  -71.653  -25.370 0.6999999881
15039  23.428  -70.839  -24.619 0.5000000000
8165  15.528  -79.198  -24.349 0.6999999881
14878  11.829  -71.064  -11.065 0.4000000060
8845  14.710  -78.416  -25.048 0.8000000119
13238  11.426  -72.118  -11.301 0.5000000000
9615  14.540  -77.435  -26.273 0.8000000119
14880  10.158  -71.056  -11.665 0.4000000060
14879  10.960  -71.160  -11.219 0.4000000060
116358  13.927  -77.943  -26.077 0.6999999881
14892  9.432  -70.840  -12.197 0.4000000060
14044  9.601  -71.855  -11.985 0.5000000000
12633  20.172  -72.892  -26.201 0.6000000238
111974  17.772  -74.616  -25.914 0.6000000238
10325  16.647  -76.250  -25.963 0.6999999881
15729  9.281  -69.921  -12.383 0.4000000060
13447  21.039  -72.456  -26.137 0.6000000238
115661  7.910  -70.010  -13.957 0.4000000060
14056  8.036  -71.698  -13.328 0.6000000238
14205  22.399  -71.151  -25.764 0.6000000238
15044  23.764  -70.705  -25.647 0.5000000000
15043  24.760  -70.578  -25.493 0.5000000000
125594  11.886  -70.342  -10.921 0.4000000060
8172  14.227  -79.398  -25.426 0.8000000119
108204  11.395  -70.307  -11.027 0.4000000060
8846  13.807  -78.468  -25.963 0.6999999881
15721  9.864  -70.145  -11.799 0.4000000060
10324  17.828  -75.851  -26.004 0.6000000238
11832  19.326  -74.600  -26.378 0.6000000238
11053  18.648  -75.255  -26.193 0.6000000238
16564  9.407  -68.473  -11.979 0.4000000060
115058  9.048  -69.106  -12.515 0.4000000060
13446  21.768  -71.988  -26.176 0.6000000238
15744  7.904  -69.199  -13.833 0.4000000060
14204  23.001  -70.902  -26.119 0.4000000060
16550  12.545  -68.811  -11.032 0.4000000060
9622  14.331  -78.305  -26.311 0.6999999881
15720  11.054  -69.365  -11.090 0.4000000060
10335  17.696  -77.046  -26.300 0.6999999881
10336  16.197  -77.283  -26.248 0.6000000238
16553  10.255  -68.687  -11.467 0.4000000060
114420  20.691  -74.068  -26.643 0.6000000238
11065  19.533  -75.860  -26.688 0.6000000238
16565  8.719  -68.371  -12.444 0.4000000060
13445  22.690  -72.362  -26.662 0.6000000238
16566  8.162  -68.288  -12.740 0.3000000119
14212  23.278  -71.441  -26.580 0.4000000060
119744  24.540  -70.765  -26.386 0.4000000060
116804  24.317  -71.530  -26.903 0.4000000060
17424  10.590  -67.919  -11.282 0.4000000060
17425  9.853  -67.772  -11.625 0.4000000060
12648  22.131  -74.283  -27.226 0.6000000238
113609  22.612  -73.457  -26.979 0.6000000238
12653  23.059  -74.341  -27.440 0.6000000238
120074  24.596  -72.780  -27.323 0.4000000060
12651  24.758  -74.066  -27.573 0.5000000000
13443  25.307  -72.134  -27.263 0.4000000060
19297  6.012  -65.692  -13.460 0.3000000119
12644  26.191  -72.825  -27.372 0.4000000060
19281  13.590  -65.379  -12.087 0.4000000060
19312  9.139  -64.695  -14.006 0.3000000119
20217  4.572  -64.154  -14.026 0.4000000060
20185  15.636  -64.928  -13.100 0.4000000060
20176  12.966  -64.686  -12.459 0.4000000060
20190  10.498  -64.455  -13.769 0.3000000119
20189  11.470  -64.313  -13.333 0.3000000119
19315  6.589  -64.739  -14.034 0.3000000119
19313  8.371  -64.648  -14.222 0.3000000119
20215  6.172  -64.219  -14.655 0.3000000119
20186  14.275  -63.840  -12.924 0.4000000060
20187  13.256  -63.959  -12.881 0.4000000060
20188  12.349  -64.159  -13.002 0.4000000060
108579  9.662  -64.310  -14.473 0.3000000119
20213  8.128  -64.228  -15.155 0.3000000119
22726  4.193  -60.301  -13.547 0.4000000060
23592  4.603  -59.671  -13.112 0.3000000119
23590  6.366  -59.696  -13.496 0.3000000119
20214  7.088  -64.182  -15.013 0.3000000119
20234  6.601  -63.885  -15.125 0.3000000119
21045  14.319  -63.014  -13.521 0.4000000060
21047  12.589  -63.572  -13.499 0.4000000060
21048  11.871  -63.811  -13.583 0.3000000119
20211  10.209  -64.001  -14.614 0.3000000119
21070  9.651  -63.895  -15.574 0.3000000119
21898  4.554  -62.460  -14.364 0.3000000119
20231  9.128  -63.944  -16.203 0.3000000119
23613  5.031  -60.069  -13.836 0.3000000119
20242  8.318  -63.890  -16.117 0.3000000119
23611  6.604  -59.992  -14.402 0.4000000060
24474  6.382  -59.666  -13.835 0.3000000119
24505  7.253  -59.810  -14.709 0.3000000119
24473  6.780  -59.611  -13.907 0.3000000119
21067  12.639  -62.965  -14.144 0.4000000060
21896  11.794  -62.804  -14.839 0.3000000119
22747  4.708  -61.245  -14.219 0.4000000060
21082  10.132  -63.545  -16.284 0.3000000119
22762  6.008  -62.000  -15.034 0.3000000119
22745  6.216  -60.835  -14.804 0.4000000060
22761  6.736  -61.681  -15.376 0.4000000060
24491  8.253  -59.249  -14.741 0.3000000119
21066  13.521  -62.490  -14.216 0.4000000060
122615  12.545  -62.291  -14.909 0.4000000060
21910  11.717  -62.269  -15.701 0.4000000060
112588  11.137  -62.464  -16.552 0.4000000060
115212  9.593  -63.727  -16.498 0.3000000119
21106  9.267  -63.022  -17.267 0.3000000119
21911  7.465  -62.487  -15.804 0.3000000119
22776  8.783  -61.745  -16.620 0.3000000119
23637  8.841  -60.584  -16.333 0.5000000000
23638  8.180  -60.976  -15.965 0.4000000060
23623  8.309  -59.836  -15.626 0.4000000060
25398  8.888  -58.723  -15.063 0.3000000119
21908  13.263  -61.769  -15.105 0.4000000060
21909  12.466  -61.738  -15.856 0.4000000060
21922  11.729  -61.872  -16.676 0.3000000119
21935  11.256  -61.622  -17.648 0.3000000119
23649  11.941  -60.423  -17.921 0.3000000119
110691  12.338  -59.422  -17.863 0.3000000119
21105  9.610  -63.327  -17.201 0.3000000119
21923  11.006  -62.259  -17.294 0.3000000119
23651  10.224  -61.208  -17.398 0.3000000119
108742  11.193  -60.109  -17.669 0.3000000119
24533  10.854  -59.354  -17.228 0.3000000119
22787  9.343  -62.375  -17.218 0.3000000119
24519  8.948  -59.442  -15.998 0.3000000119
24490  9.417  -59.008  -14.794 0.3000000119
22742  16.406  -61.477  -15.120 0.3000000119
22743  15.516  -61.589  -14.919 0.3000000119
106931  14.809  -61.139  -15.504 0.3000000119
126915  14.434  -60.473  -16.610 0.3000000119
23647  14.213  -59.709  -17.380 0.3000000119
24531  13.144  -59.367  -17.953 0.3000000119
22759  13.263  -61.305  -16.132 0.3000000119
23635  13.939  -60.371  -17.175 0.3000000119
22784  12.487  -60.922  -17.742 0.3000000119
23648  12.830  -60.203  -18.047 0.3000000119
25431  12.573  -58.387  -17.663 0.3000000119
25432  11.660  -58.252  -17.332 0.3000000119
24517  10.286  -58.761  -16.597 0.3000000119
25418  10.517  -57.911  -16.288 0.3000000119
117541  9.793  -58.350  -15.762 0.3000000119
25408  10.377  -57.771  -15.875 0.3000000119
115569  18.098  -61.321  -14.550 0.3000000119
22757  16.404  -60.774  -15.589 0.3000000119
23621  15.636  -60.411  -16.112 0.3000000119
23634  14.814  -60.128  -16.722 0.3000000119
24528  14.964  -58.685  -16.944 0.3000000119
107828  12.780  -57.517  -17.508 0.3000000119
26348  11.483  -57.367  -16.984 0.3000000119
26335  11.324  -57.351  -16.588 0.3000000119
117302  11.037  -58.923  -14.772 0.3000000119
25429  14.803  -58.047  -17.223 0.3000000119
25430  14.191  -57.695  -17.562 0.3000000119
27234  11.820  -57.031  -16.881 0.3000000119
27220  11.684  -57.082  -16.567 0.3000000119
25407  10.996  -57.743  -15.710 0.3000000119
115780  11.437  -57.341  -15.965 0.3000000119
26344  14.850  -57.183  -17.334 0.3000000119
26345  14.148  -56.642  -17.547 0.3000000119
27250  12.600  -56.665  -17.193 0.3000000119
26333  16.159  -57.064  -16.501 0.3000000119
27231  15.473  -56.623  -17.121 0.3000000119
27247  14.831  -56.161  -17.548 0.3000000119
27249  13.454  -56.158  -17.338 0.3000000119
27233  12.438  -56.587  -16.888 0.3000000119
27219  12.506  -56.632  -16.465 0.3000000119
26307  12.869  -57.959  -15.162 0.3000000119
2514  20.812  -90.115  -17.838 0.5000000000
2515  20.216  -89.458  -18.067 0.5000000000
3024  19.605  -88.753  -18.662 0.4000000060
11764  12.427  -74.957  -20.303 0.6999999881
123658  13.488  -73.055  -20.175 0.6999999881
4128  16.324  -87.371  -19.711 0.4000000060
2534  20.422  -89.250  -19.051 0.5000000000
112018  15.760  -73.599  -22.841 0.6000000238
111919  17.224  -77.273  -20.286 0.5000000000
11807  15.861  -72.884  -23.971 0.6000000238
9598  14.852  -77.230  -24.624 0.8000000119
8835  17.399  -78.237  -22.488 0.6999999881
11056  14.704  -75.335  -25.718 0.6000000238
14185  23.218  -71.103  -23.707 0.5000000000
12635  17.803  -72.313  -25.798 0.6999999881
14908  8.377  -70.559  -13.298 0.4000000060
15038  24.243  -70.651  -24.688 0.5000000000
12649  21.200  -73.567  -26.604 0.6000000238
11831  20.744  -74.951  -26.975 0.6000000238
17441  9.065  -67.678  -12.082 0.3000000119
13444  23.690  -72.405  -27.001 0.4000000060
12646  24.058  -73.388  -27.388 0.4000000060
20175  13.888  -64.630  -12.489 0.4000000060
121842  13.963  -61.872  -14.626 0.3000000119
23606  17.831  -60.602  -14.789 0.3000000119
8857  18.287  -78.770  -26.918 0.5000000000
8858  16.858  -78.881  -26.719 0.5000000000
8859  15.323  -78.998  -26.538 0.6999999881
8181  14.233  -79.802  -26.094 0.6999999881
7473  15.088  -80.358  -23.805 0.6000000238
9620  17.329  -78.046  -26.562 0.5000000000
9621  15.707  -78.179  -26.419 0.6000000238
8180  13.998  -79.150  -26.037 0.6000000238
6219  14.616  -82.355  -22.637 0.6000000238
6809  15.786  -81.979  -21.898 0.6000000238
7496  14.815  -80.957  -26.091 0.6999999881
7475  14.081  -81.527  -24.337 0.6000000238
7462  14.539  -81.467  -23.342 0.6000000238
7487  14.044  -80.945  -25.103 0.6999999881
7474  14.066  -81.007  -24.297 0.6000000238
6820  15.437  -81.493  -22.524 0.6000000238
9619  18.756  -77.904  -26.904 0.5000000000
6253  14.572  -81.936  -25.159 0.6999999881
6248  14.266  -82.242  -24.277 0.6999999881
6234  14.375  -82.566  -23.460 0.6000000238
6220  14.443  -82.807  -22.777 0.6000000238
6853  15.220  -81.439  -25.964 0.6000000238
6854  14.366  -81.213  -25.480 0.6999999881
6821  14.199  -82.216  -23.405 0.6000000238
6856  17.288  -81.117  -26.462 0.6000000238
9617  20.238  -77.602  -27.128 0.5000000000
10334  18.960  -76.681  -26.628 0.5000000000
6852  16.548  -81.633  -26.126 0.6999999881
6247  14.993  -82.477  -24.552 0.6000000238
6209  14.608  -83.426  -22.171 0.6000000238
10332  21.044  -77.189  -27.335 0.5000000000
10333  20.161  -76.837  -27.298 0.5000000000
108507  23.071  -76.312  -26.756 0.5000000000
10337  21.530  -76.651  -27.426 0.5000000000
11060  23.788  -76.036  -26.929 0.4000000060
10254  11.294  -76.771  -18.168 0.4000000060
10278  11.593  -76.844  -20.142 0.4000000060
110952  11.896  -77.472  -18.519 0.4000000060
9559  12.583  -77.965  -19.084 0.5000000000
9558  13.223  -78.171  -19.964 0.5000000000
8797  13.114  -78.683  -18.820 0.5000000000
11069  21.924  -76.230  -27.534 0.5000000000
8796  13.908  -78.862  -19.286 0.5000000000
106429  13.635  -80.100  -16.128 0.6000000238
11067  23.422  -75.770  -27.370 0.4000000060
8795  14.586  -78.705  -19.327 0.5000000000
8097  14.846  -79.219  -18.660 0.5000000000
8075  14.646  -79.450  -16.513 0.5000000000
9539  11.517  -77.697  -17.831 0.5000000000
9538  12.208  -78.256  -18.321 0.5000000000
8778  12.703  -79.011  -18.524 0.5000000000
8777  13.669  -79.511  -18.865 0.5000000000
7422  13.565  -81.168  -18.482 0.5000000000
8098  14.509  -79.963  -18.483 0.5000000000
7405  14.290  -80.553  -18.120 0.5000000000
8076  14.257  -80.267  -16.636 0.5000000000
11839  22.811  -75.268  -27.617 0.5000000000
8089  14.789  -80.068  -17.469 0.5000000000
108011  25.097  -75.488  -26.425 0.4000000060
11838  23.977  -75.282  -27.445 0.4000000060
11830  25.031  -75.448  -27.057 0.4000000060
12547  11.191  -72.913  -19.456 0.5000000000
108973  12.373  -79.369  -18.555 0.5000000000
11840  22.023  -75.488  -27.560 0.5000000000
12652  23.930  -74.421  -27.562 0.4000000060
14156  12.414  -70.160  -21.102 0.5000000000
13385  11.759  -70.942  -20.953 0.5000000000
112217  10.774  -70.851  -21.413 0.5000000000
13367  11.073  -71.963  -20.397 0.5000000000
11836  25.589  -74.788  -27.344 0.4000000060
117171  12.403  -69.742  -20.826 0.5000000000
14996  11.742  -69.812  -21.147 0.5000000000
14966  12.137  -69.772  -19.842 0.5000000000
15809  10.780  -69.407  -21.103 0.5000000000
14172  10.156  -70.008  -21.947 0.5000000000
13387  9.638  -71.994  -21.871 0.4000000060
14126  11.640  -70.408  -18.594 0.5000000000
15822  9.793  -69.223  -21.334 0.6000000238
14173  9.166  -70.537  -22.288 0.6000000238
14109  11.182  -71.166  -17.669 0.5000000000
14967  10.829  -69.834  -19.282 0.5000000000
14968  9.742  -69.577  -19.577 0.6000000238
15012  8.864  -69.943  -22.018 0.6000000238
14182  8.447  -71.459  -22.514 0.6000000238
12597  8.657  -72.818  -22.744 0.5000000000
11026  8.059  -74.695  -23.375 0.5000000000
11040  7.602  -75.157  -23.645 0.5000000000
14108  12.316  -71.166  -17.849 0.5000000000
14091  12.510  -71.889  -17.043 0.5000000000
14092  11.679  -71.844  -16.958 0.5000000000
14954  10.073  -70.404  -18.494 0.5000000000
14110  10.380  -71.208  -17.712 0.6000000238
14969  8.914  -69.840  -19.896 0.6000000238
14174  8.342  -70.762  -22.276 0.6000000238
110980  8.112  -72.996  -23.099 0.6000000238
12614  7.640  -73.678  -23.410 0.5000000000
11750  4.953  -74.664  -19.669 0.5000000000
11041  6.929  -75.277  -23.797 0.5000000000
13316  13.878  -72.814  -16.043 0.5000000000
13317  12.350  -72.501  -16.288 0.5000000000
13318  11.269  -72.563  -16.105 0.6000000238
14094  10.041  -72.015  -17.019 0.6000000238
13336  9.363  -72.468  -17.250 0.6000000238
14128  8.720  -71.128  -19.280 0.6000000238
14112  9.093  -71.779  -18.198 0.6000000238
14142  7.853  -71.192  -20.915 0.6000000238
13368  8.094  -71.798  -19.847 0.6000000238
13400  7.466  -72.064  -22.466 0.6000000238
13416  6.889  -72.683  -22.641 0.5000000000
11810  7.190  -74.390  -23.619 0.5000000000
11797  6.360  -73.974  -23.260 0.5000000000
11784  5.923  -74.050  -22.307 0.5000000000
11798  6.231  -74.742  -23.523 0.5000000000
124530  5.228  -74.976  -21.558 0.5000000000
12485  11.384  -73.213  -15.192 0.6000000238
13302  10.593  -73.174  -15.458 0.6000000238
13320  9.565  -73.068  -16.383 0.6000000238
13321  8.661  -73.678  -16.682 0.6000000238
13337  8.669  -73.068  -17.716 0.6000000238
13349  8.431  -72.433  -18.689 0.6000000238
12530  8.164  -73.456  -18.204 0.6000000238
13369  7.466  -72.283  -20.639 0.5000000000
12549  7.023  -73.636  -19.845 0.5000000000
13401  6.900  -72.487  -22.110 0.5000000000
11748  6.354  -74.419  -19.245 0.5000000000
110238  6.467  -74.323  -18.405 0.6000000238
11767  5.747  -74.518  -21.008 0.5000000000
106297  5.707  -74.736  -19.916 0.5000000000
11749  5.234  -74.225  -18.873 0.5000000000
13370  4.217  -72.627  -19.501 0.5000000000
12502  8.923  -73.879  -15.675 0.6000000238
12503  8.191  -74.056  -15.893 0.6000000238
12518  7.364  -74.159  -17.272 0.6000000238
11747  7.080  -74.133  -18.744 0.6000000238
11731  6.135  -74.071  -17.822 0.6000000238
13351  4.870  -73.301  -18.668 0.5000000000
12465  8.767  -73.746  -14.122 0.6000000238
11715  6.889  -74.268  -17.884 0.6000000238
13338  5.953  -73.274  -17.145 0.6000000238
13339  5.303  -72.822  -17.895 0.5000000000
13251  8.359  -72.638  -12.953 0.6000000238
12443  8.314  -73.366  -13.530 0.6000000238
12444  7.772  -73.284  -14.067 0.6000000238
12490  6.830  -73.468  -16.025 0.6000000238
12505  6.569  -73.599  -16.648 0.6000000238
14095  5.968  -72.135  -16.769 0.5000000000
13262  7.784  -72.661  -13.633 0.6000000238
13263  7.345  -72.695  -14.463 0.6000000238
14071  7.194  -71.626  -14.674 0.6000000238
13322  6.331  -72.930  -16.407 0.6000000238
14935  6.883  -70.961  -15.235 0.6000000238
14945  6.418  -70.277  -16.029 0.5000000000
15772  7.002  -69.839  -15.240 0.4000000060
7461  15.856  -80.659  -22.885 0.6000000238
7486  14.203  -80.346  -24.997 0.6999999881
11063  21.272  -75.831  -27.459 0.5000000000
10321  22.302  -76.658  -26.876 0.5000000000
10330  22.119  -76.523  -27.300 0.5000000000
7406  13.784  -81.184  -17.775 0.6000000238
14127  9.420  -70.559  -18.833 0.6000000238
14111  9.777  -71.340  -17.888 0.6000000238
13388  7.296  -71.944  -21.811 0.6000000238
12550  6.368  -74.073  -20.444 0.5000000000
12466  8.140  -73.620  -14.273 0.6000000238
12504  7.129  -73.914  -16.566 0.6000000238
111788  6.505  -71.526  -15.819 0.6000000238
118497  6.111  -71.210  -16.479 0.6000000238
2039  21.669  -90.274  -16.997 0.4000000060
2973  22.473  -88.565  -15.750 0.5000000000
3501  22.674  -87.665  -15.936 0.5000000000
2990  22.238  -88.495  -16.598 0.4000000060
113918  22.148  -89.256  -17.389 0.4000000060
2525  22.015  -89.307  -18.158 0.4000000060
2513  21.401  -89.889  -18.093 0.4000000060
124788  22.645  -87.044  -16.354 0.5000000000
3526  21.975  -87.497  -17.693 0.5000000000
3536  21.906  -88.085  -18.804 0.5000000000
2526  21.519  -89.424  -18.589 0.4000000060
4101  22.260  -86.726  -16.836 0.5000000000
4102  21.844  -86.335  -17.574 0.5000000000
116755  21.583  -87.016  -18.691 0.5000000000
3545  21.439  -87.868  -19.410 0.5000000000
3023  21.232  -89.125  -19.031 0.4000000060
3032  20.840  -88.525  -19.546 0.4000000060
110568  21.391  -85.836  -18.337 0.5000000000
4125  21.025  -87.044  -19.600 0.5000000000
3033  19.923  -88.682  -19.572 0.4000000060
5202  14.617  -84.765  -21.745 0.5000000000
4672  14.424  -85.211  -21.354 0.4000000060
4671  14.664  -86.002  -21.843 0.4000000060
114301  15.931  -86.181  -22.902 0.4000000060
4146  16.181  -87.215  -22.209 0.4000000060
3558  16.620  -87.572  -21.490 0.4000000060
4653  20.464  -86.010  -19.882 0.5000000000
3565  18.384  -87.948  -21.828 0.4000000060
3556  18.444  -88.205  -20.693 0.4000000060
4126  20.310  -86.938  -20.239 0.5000000000
128466  19.542  -88.118  -20.604 0.4000000060
3546  20.708  -87.737  -19.894 0.4000000060
4682  14.668  -85.281  -21.946 0.4000000060
4155  17.236  -87.215  -23.448 0.4000000060
3573  17.882  -87.703  -22.852 0.4000000060
4639  20.330  -84.994  -20.306 0.4000000060
3564  19.037  -87.527  -21.905 0.4000000060
114269  19.120  -88.112  -21.064 0.4000000060
109686  19.917  -86.003  -20.798 0.4000000060
4137  19.700  -86.953  -20.956 0.4000000060
4138  19.391  -87.033  -21.878 0.4000000060
3554  20.072  -87.564  -20.362 0.4000000060
107596  14.642  -84.126  -22.007 0.5000000000
5201  14.912  -84.809  -22.175 0.4000000060
5200  15.676  -84.936  -22.712 0.4000000060
5208  17.435  -84.925  -23.142 0.4000000060
4160  18.808  -86.670  -24.216 0.4000000060
4154  18.320  -87.289  -23.764 0.4000000060
4145  19.320  -87.080  -22.964 0.4000000060
3572  18.730  -87.445  -22.938 0.4000000060
112092  20.145  -85.557  -21.477 0.4000000060
121936  19.679  -86.671  -22.758 0.4000000060
5699  14.658  -83.296  -22.627 0.5000000000
5698  15.035  -84.126  -22.683 0.5000000000
5708  14.747  -83.275  -23.285 0.6000000238
5199  16.503  -84.280  -22.785 0.5000000000
4686  18.144  -85.874  -24.021 0.4000000060
4685  19.287  -86.041  -24.273 0.4000000060
4678  20.362  -86.283  -23.928 0.4000000060
5196  20.803  -85.589  -23.337 0.4000000060
5697  17.261  -83.404  -22.934 0.4000000060
6232  15.360  -82.962  -23.815 0.5000000000
5198  17.868  -83.981  -22.673 0.4000000060
5206  19.775  -85.264  -23.762 0.4000000060
5696  18.344  -83.231  -22.795 0.5000000000
5695  19.367  -83.159  -22.935 0.4000000060
5197  19.035  -83.964  -22.817 0.4000000060
5706  20.162  -84.123  -23.162 0.4000000060
6245  17.718  -82.320  -24.081 0.6000000238
6246  16.256  -82.524  -24.459 0.6000000238
6229  19.732  -82.543  -23.654 0.5000000000
107203  20.832  -82.681  -23.976 0.4000000060
8186  14.984  -79.758  -26.438 0.5000000000
12463  11.543  -73.510  -14.268 0.5000000000
12464  9.758  -73.776  -13.974 0.5000000000
12424  9.539  -73.300  -12.577 0.5000000000
12440  10.785  -73.693  -13.603 0.5000000000
12441  10.088  -73.662  -13.033 0.5000000000
112807  9.993  -73.574  -14.841 0.5000000000
3516  22.241  -87.594  -16.706 0.5000000000
3007  22.165  -88.484  -17.497 0.5000000000
4680  16.175  -85.572  -22.987 0.4000000060
4162  16.664  -86.348  -23.410 0.4000000060
4663  19.694  -86.340  -21.803 0.4000000060
5207  18.595  -84.940  -23.339 0.4000000060
4152  19.685  -86.531  -24.133 0.4000000060
4670  20.310  -86.212  -23.047 0.4000000060
5707  15.825  -83.624  -23.232 0.5000000000
5205  20.622  -85.475  -23.496 0.4000000060
6231  16.722  -82.859  -23.473 0.5000000000
6230  18.665  -82.589  -23.312 0.6000000238
122154  20.257  -83.198  -23.320 0.5000000000
6250  18.356  -81.992  -25.462 0.5000000000
117559  21.871  -75.901  -21.983 0.3000000119
10291  21.141  -76.990  -22.715 0.3000000119
112046  21.421  -76.283  -22.930 0.3000000119
11024  22.026  -75.611  -22.887 0.3000000119
11790  23.350  -74.935  -22.195 0.3000000119
11776  23.439  -74.754  -21.185 0.3000000119
11775  24.085  -74.289  -21.851 0.3000000119
9586  21.264  -77.444  -22.197 0.3000000119
120267  20.698  -78.473  -23.308 0.4000000060
128059  20.462  -78.172  -23.827 0.4000000060
10284  21.492  -76.673  -21.973 0.3000000119
10314  20.762  -77.082  -24.649 0.4000000060
10299  21.255  -76.390  -24.094 0.4000000060
9613  20.005  -78.041  -26.622 0.4000000060
125798  18.993  -78.498  -27.016 0.4000000060
10276  21.951  -76.382  -20.987 0.3000000119
11036  21.704  -75.852  -23.665 0.3000000119
11052  21.898  -76.581  -25.959 0.4000000060
11803  24.590  -74.421  -23.521 0.3000000119
11046  22.907  -75.624  -24.963 0.3000000119
8170  20.217  -79.737  -24.655 0.4000000060
7485  19.575  -80.751  -25.799 0.4000000060
7495  18.810  -80.876  -26.354 0.4000000060
7498  18.436  -80.493  -26.539 0.4000000060
8834  21.062  -78.142  -22.499 0.4000000060
8838  20.323  -78.845  -24.179 0.4000000060
8171  19.748  -80.118  -25.393 0.4000000060
117260  18.971  -80.422  -26.409 0.4000000060
8183  18.641  -79.836  -26.667 0.4000000060
108741  21.493  -77.931  -21.713 0.3000000119
117245  20.167  -78.360  -24.706 0.4000000060
8854  19.412  -79.245  -26.345 0.4000000060
8185  16.483  -79.748  -26.721 0.4000000060
9579  21.637  -77.244  -21.305 0.3000000119
119104  18.383  -79.401  -26.838 0.4000000060
10275  22.333  -76.539  -20.160 0.3000000119
10323  20.678  -77.556  -26.693 0.4000000060
11051  22.617  -76.217  -25.978 0.4000000060
6840  20.872  -81.588  -25.208 0.4000000060
6249  19.255  -81.773  -25.497 0.4000000060
7483  21.392  -81.266  -25.098 0.4000000060
7484  20.326  -80.831  -25.279 0.4000000060
6848  19.940  -81.247  -25.512 0.4000000060
6850  18.850  -81.376  -26.063 0.4000000060
8120  22.630  -79.044  -21.596 0.3000000119
8162  21.520  -79.673  -23.405 0.4000000060
8792  22.873  -78.344  -19.988 0.3000000119
108001  22.317  -77.905  -20.299 0.3000000119
7499  16.920  -80.564  -26.649 0.4000000060
10264  22.534  -76.909  -19.582 0.3000000119
107541  19.005  -82.197  -24.531 0.4000000060
6841  20.363  -81.623  -25.339 0.4000000060
11049  24.316  -75.701  -26.287 0.3000000119
115545  24.683  -75.279  -25.616 0.3000000119
11816  23.914  -75.279  -25.110 0.3000000119
7500  15.706  -80.446  -26.509 0.4000000060
6851  17.786  -81.578  -26.138 0.4000000060
6251  17.095  -82.118  -25.417 0.4000000060
6244  20.061  -82.065  -25.015 0.4000000060
11804  23.708  -74.798  -23.237 0.3000000119
11789  24.104  -74.441  -22.659 0.3000000119
8163  20.700  -79.285  -23.719 0.4000000060
8853  19.862  -78.585  -25.872 0.4000000060
9604  20.318  -77.799  -25.458 0.4000000060
8856  19.021  -79.033  -26.889 0.4000000060
11047  21.867  -75.958  -24.803 0.4000000060
7472  20.888  -80.248  -24.396 0.4000000060
7494  19.300  -80.991  -26.051 0.4000000060
128435  19.258  -80.639  -26.145 0.4000000060
118418  21.508  -78.536  -22.158 0.3000000119
8844  19.825  -79.278  -25.260 0.4000000060
8825  21.901  -78.463  -21.470 0.3000000119
7471  21.913  -80.624  -24.462 0.4000000060
8148  22.381  -79.498  -22.622 0.3000000119
8810  22.412  -78.425  -20.795 0.3000000119
2434  24.002  -90.284  -11.667 0.3000000119
1978  23.293  -90.712  -11.396 0.3000000119
2449  24.563  -89.647  -12.080 0.3000000119
2435  23.471  -90.147  -11.488 0.3000000119
1993  24.213  -90.227  -12.311 0.3000000119
1521  23.616  -90.897  -11.930 0.3000000119
2936  24.839  -88.901  -12.415 0.3000000119
3459  24.172  -88.310  -12.654 0.3000000119
2450  23.536  -89.525  -11.765 0.3000000119
2463  25.285  -89.130  -13.107 0.3000000119
1992  24.806  -89.673  -12.723 0.3000000119
1545  23.796  -90.571  -12.651 0.3000000119
2487  22.198  -89.404  -15.579 0.3000000119
3471  24.554  -87.449  -13.261 0.3000000119
2934  25.750  -87.999  -13.246 0.3000000119
3458  25.140  -88.177  -12.876 0.3000000119
2937  23.402  -88.805  -12.275 0.3000000119
2009  24.086  -89.795  -13.744 0.3000000119
127242  23.101  -88.111  -15.435 0.3000000119
2486  23.054  -88.739  -14.915 0.3000000119
2950  26.120  -87.908  -13.740 0.3000000119
2464  24.908  -89.537  -13.553 0.3000000119
2462  25.446  -88.891  -13.848 0.3000000119
2971  25.016  -88.460  -15.146 0.3000000119
2972  23.946  -88.303  -15.217 0.3000000119
2485  24.209  -88.877  -14.641 0.3000000119
3500  23.691  -87.657  -15.691 0.3000000119
116220  22.406  -84.967  -17.222 0.4000000060
4087  22.928  -86.404  -16.498 0.4000000060
3438  19.957  -87.557  -10.911 0.3000000119
3425  20.026  -88.305  -10.054 0.3000000119
2451  22.807  -89.170  -12.028 0.3000000119
2436  22.646  -89.849  -11.551 0.3000000119
114276  21.971  -85.898  -13.553 0.3000000119
3474  21.491  -87.160  -12.963 0.3000000119
4035  20.194  -86.997  -12.159 0.3000000119
3448  19.916  -87.645  -11.703 0.3000000119
4565  23.397  -85.501  -13.941 0.3000000119
3473  22.340  -87.265  -13.150 0.3000000119
3462  20.837  -87.514  -12.594 0.3000000119
2924  20.030  -88.577  -11.625 0.3000000119
2912  19.785  -88.219  -11.017 0.3000000119
3472  23.421  -87.377  -13.220 0.3000000119
2938  22.375  -88.532  -12.447 0.3000000119
2923  20.786  -88.935  -12.067 0.3000000119
2438  20.402  -89.483  -11.405 0.3000000119
2452  21.864  -89.110  -12.096 0.3000000119
2437  21.414  -89.737  -11.604 0.3000000119
2001  24.366  -90.090  -13.043 0.3000000119
122363  23.740  -90.222  -13.341 0.3000000119
4043  23.759  -86.487  -13.628 0.3000000119
2484  25.021  -89.060  -14.363 0.3000000119
4024  20.219  -86.714  -10.882 0.3000000119
2421  21.009  -90.414  -10.999 0.3000000119
4044  22.661  -86.598  -13.465 0.3000000119
4034  20.800  -86.673  -12.766 0.3000000119
3461  21.878  -87.802  -12.793 0.3000000119
2940  20.411  -88.120  -12.227 0.3000000119
2422  20.140  -89.935  -10.643 0.3000000119
3515  23.503  -86.966  -16.174 0.3000000119
6790  24.538  -81.270  -19.908 0.3000000119
108066  23.943  -81.293  -18.979 0.3000000119
6774  23.275  -81.672  -19.057 0.3000000119
6185  22.097  -82.622  -19.267 0.4000000060
6186  21.526  -83.171  -19.266 0.4000000060
5172  20.945  -83.958  -19.366 0.3000000119
4638  20.867  -85.173  -19.134 0.3000000119
6195  24.288  -81.976  -20.916 0.3000000119
6196  23.407  -82.533  -20.662 0.4000000060
6197  22.489  -82.962  -20.385 0.4000000060
5676  21.922  -83.858  -21.261 0.4000000060
5181  20.521  -84.689  -21.030 0.3000000119
5195  21.739  -85.119  -23.027 0.4000000060
5189  21.240  -84.679  -21.773 0.4000000060
5190  20.739  -85.386  -22.369 0.3000000119
7419  27.303  -80.361  -18.807 0.3000000119
121220  25.587  -80.712  -18.787 0.3000000119
6172  22.727  -82.200  -17.987 0.4000000060
6160  22.171  -82.808  -17.903 0.3000000119
5647  21.574  -83.566  -18.025 0.3000000119
5145  21.850  -84.343  -17.572 0.3000000119
123062  26.405  -80.383  -19.428 0.3000000119
6772  25.421  -80.754  -19.737 0.3000000119
6789  25.358  -81.271  -21.084 0.3000000119
6205  24.934  -82.260  -22.200 0.3000000119
6206  23.990  -82.922  -21.724 0.3000000119
5675  23.096  -83.471  -21.428 0.4000000060
6217  25.026  -82.663  -23.340 0.3000000119
5693  24.363  -83.197  -22.775 0.3000000119
5694  23.652  -83.754  -22.448 0.4000000060
5188  22.102  -84.659  -22.384 0.4000000060
5702  23.873  -83.798  -23.897 0.3000000119
5193  23.311  -84.235  -23.278 0.4000000060
124883  22.282  -84.687  -23.375 0.4000000060
6242  22.332  -82.647  -24.767 0.3000000119
5704  22.533  -83.428  -24.243 0.4000000060
119587  22.320  -84.143  -23.721 0.4000000060
5204  21.622  -84.906  -23.291 0.4000000060
6839  22.039  -81.985  -25.303 0.3000000119
6228  21.909  -83.091  -24.176 0.4000000060
6243  21.262  -82.166  -24.984 0.3000000119
126656  29.766  -82.186  -16.441 0.3000000119
6153  29.390  -82.404  -17.075 0.3000000119
5641  28.557  -83.578  -17.394 0.3000000119
115553  27.404  -83.340  -17.765 0.3000000119
7418  28.208  -80.440  -18.523 0.3000000119
6754  27.562  -81.234  -18.110 0.3000000119
6738  26.727  -81.760  -17.825 0.3000000119
5657  26.544  -83.574  -17.769 0.3000000119
7432  28.132  -79.723  -19.355 0.3000000119
6739  25.761  -81.560  -17.754 0.3000000119
6157  25.401  -82.136  -17.512 0.3000000119
107970  23.740  -82.595  -17.406 0.3000000119
5645  23.331  -83.468  -17.298 0.3000000119
5144  22.805  -84.276  -17.208 0.3000000119
110362  23.292  -85.093  -16.982 0.3000000119
4606  23.581  -85.797  -16.744 0.3000000119
7433  27.442  -79.835  -19.868 0.3000000119
123730  24.300  -83.305  -24.334 0.3000000119
5703  23.263  -83.952  -24.029 0.3000000119
6227  24.310  -82.822  -24.945 0.3000000119
5710  23.008  -83.284  -24.599 0.3000000119
120854  23.246  -81.491  -25.265 0.3000000119
6721  30.251  -81.860  -15.090 0.3000000119
6735  29.498  -81.668  -16.966 0.3000000119
6736  28.967  -81.709  -17.670 0.3000000119
6155  28.124  -83.024  -17.749 0.3000000119
7402  28.846  -80.621  -18.143 0.3000000119
6737  28.281  -82.056  -17.783 0.3000000119
4085  24.550  -86.657  -16.683 0.3000000119
6714  30.479  -81.928  -14.186 0.3000000119
122767  30.197  -81.423  -15.286 0.3000000119
7378  29.792  -80.780  -15.839 0.3000000119
7387  29.530  -80.877  -16.710 0.3000000119
111650  30.498  -81.506  -14.559 0.3000000119
7377  30.139  -80.720  -15.006 0.3000000119
8071  29.534  -79.969  -16.588 0.3000000119
7401  29.206  -80.857  -17.532 0.3000000119
4623  22.481  -85.772  -16.938 0.3000000119
4624  21.816  -85.337  -17.570 0.3000000119
5146  21.348  -84.832  -18.152 0.3000000119
5668  21.130  -83.651  -19.706 0.3000000119
5705  21.322  -84.000  -23.514 0.4000000060
6791  23.683  -81.747  -19.874 0.3000000119
6773  24.787  -80.918  -18.875 0.3000000119
6184  22.918  -82.202  -19.647 0.4000000060
6198  21.615  -83.313  -20.086 0.4000000060
5180  21.007  -83.964  -20.633 0.4000000060
5194  22.551  -84.671  -23.101 0.4000000060
7420  26.330  -80.895  -18.262 0.3000000119
6741  24.004  -81.797  -17.612 0.3000000119
6755  25.249  -81.015  -18.091 0.3000000119
6159  22.849  -82.668  -17.566 0.4000000060
5646  22.334  -83.454  -17.504 0.3000000119
7443  26.242  -80.506  -20.649 0.3000000119
6807  25.889  -81.483  -22.440 0.3000000119
123311  23.955  -83.765  -23.239 0.4000000060
6838  22.979  -82.032  -25.443 0.3000000119
6171  26.946  -82.700  -17.762 0.3000000119
6156  26.175  -82.406  -17.638 0.3000000119
5643  25.545  -83.050  -17.543 0.3000000119
7481  23.896  -81.077  -25.082 0.3000000119
8074  15.107  -78.955  -17.107 0.4000000060
1510  22.590  -91.052  -11.071 0.3000000119
1546  23.211  -90.899  -12.446 0.3000000119
2010  23.189  -89.859  -13.882 0.3000000119
2448  25.041  -89.229  -12.564 0.3000000119
2512  21.834  -89.904  -17.548 0.4000000060
2911  19.746  -89.060  -10.749 0.3000000119
2935  25.354  -88.659  -12.860 0.3000000119
2939  21.306  -88.342  -12.465 0.3000000119
2951  25.613  -88.448  -13.443 0.3000000119
3021  22.062  -88.511  -18.290 0.4000000060
3022  21.834  -88.875  -18.780 0.5000000000
3031  21.550  -88.509  -19.189 0.4000000060
3034  19.308  -88.338  -20.233 0.4000000060
3041  20.055  -88.158  -20.193 0.4000000060
3460  22.951  -88.020  -12.799 0.3000000119
3549  16.738  -87.636  -20.544 0.4000000060
3555  19.509  -87.677  -20.898 0.4000000060
3566  17.478  -87.871  -21.980 0.4000000060
3567  16.914  -87.548  -22.547 0.4000000060
4045  21.663  -86.579  -13.249 0.3000000119
4086  23.770  -86.357  -16.544 0.3000000119
4147  15.492  -86.624  -22.291 0.4000000060
4153  19.231  -87.077  -23.845 0.4000000060
4156  16.338  -86.881  -22.895 0.4000000060
4161  17.660  -86.603  -24.046 0.4000000060
4679  19.861  -86.700  -23.688 0.4000000060
4681  15.284  -85.648  -22.492 0.4000000060
4684  20.064  -86.129  -24.168 0.4000000060
4687  17.080  -85.708  -23.496 0.4000000060
5160  21.104  -84.201  -18.668 0.3000000119
5161  20.744  -84.428  -19.523 0.3000000119
5162  14.314  -84.844  -18.463 0.4000000060
5173  20.698  -84.193  -20.103 0.3000000119
5182  14.522  -84.671  -20.440 0.5000000000
5191  14.620  -84.550  -21.502 0.5000000000
5203  22.750  -84.347  -23.608 0.4000000060
5209  16.530  -85.016  -22.986 0.4000000060
5658  21.275  -83.538  -18.875 0.4000000060
5660  14.979  -83.954  -18.275 0.6000000238
5669  16.005  -83.489  -19.080 0.6000000238
5679  14.657  -84.354  -21.191 0.5000000000
5686  22.847  -84.271  -22.319 0.4000000060
5688  14.811  -83.724  -21.500 0.6000000238
5701  24.442  -83.323  -23.675 0.3000000119
5709  23.738  -83.400  -24.527 0.3000000119
6154  28.797  -82.702  -17.553 0.3000000119
6158  24.681  -82.403  -17.431 0.3000000119
6161  17.670  -81.724  -17.855 0.5000000000
6170  27.567  -82.344  -17.805 0.3000000119
6173  22.258  -82.475  -18.406 0.3000000119
6174  21.726  -82.951  -18.532 0.3000000119
6176  16.721  -82.897  -18.749 0.6000000238
6187  17.322  -82.265  -19.848 0.6999999881
6218  17.784  -82.776  -23.147 0.5000000000
6233  14.590  -82.679  -23.851 0.6000000238
6241  23.475  -82.725  -25.130 0.3000000119
6252  15.719  -82.129  -25.434 0.6999999881
6722  29.942  -81.647  -16.020 0.3000000119
6729  17.549  -81.339  -16.618 0.5000000000
6740  24.883  -81.619  -17.664 0.3000000119
6753  28.437  -81.229  -18.033 0.3000000119
6756  24.332  -81.248  -18.125 0.3000000119
6757  23.413  -81.661  -18.224 0.4000000060
6758  22.720  -82.034  -18.695 0.4000000060
6759  18.226  -80.961  -18.770 0.6999999881
6828  14.046  -81.726  -23.877 0.6000000238
6829  14.042  -82.019  -23.985 0.6000000238
6837  23.951  -81.958  -25.385 0.3000000119
6842  14.158  -81.649  -24.686 0.6999999881
6849  19.670  -81.435  -25.657 0.4000000060
6855  18.234  -81.028  -26.429 0.4000000060
6857  16.139  -81.064  -26.412 0.4000000060
6858  15.215  -80.888  -26.277 0.6999999881
7388  18.345  -80.020  -16.681 0.6000000238
7404  18.103  -80.796  -17.052 0.5000000000
7434  18.339  -80.484  -19.333 0.6999999881
7444  17.886  -80.684  -20.692 0.6999999881
7455  17.569  -80.296  -21.578 0.6999999881
7482  22.421  -81.480  -25.152 0.3000000119
7497  14.300  -80.527  -25.777 0.6999999881
7501  14.716  -80.421  -26.214 0.6999999881
8088  15.090  -79.240  -17.991 0.5000000000
8090  14.268  -80.731  -17.359 0.5000000000
8099  13.877  -80.347  -18.589 0.5000000000
8100  13.185  -80.019  -18.824 0.5000000000
8110  14.348  -79.481  -18.815 0.5000000000
8136  21.958  -78.944  -22.015 0.3000000119
8149  21.631  -79.112  -22.535 0.3000000119
8150  21.096  -78.858  -22.854 0.4000000060
8166  14.455  -80.131  -24.643 0.6000000238
8173  14.122  -80.047  -25.738 0.6999999881
8179  19.348  -80.049  -26.039 0.4000000060
8182  19.038  -79.734  -26.582 0.4000000060
8184  17.839  -80.030  -26.756 0.4000000060
8745  14.522  -78.643  -15.671 0.5000000000
8765  18.411  -78.361  -17.613 0.5000000000
8793  18.497  -78.603  -19.143 0.5000000000
8811  21.897  -77.857  -20.930 0.3000000119
8826  17.745  -77.960  -21.578 0.6000000238
8840  16.108  -78.282  -24.139 0.6999999881
8855  14.255  -79.044  -26.241 0.6000000238
9498  18.017  -77.806  -16.565 0.5000000000
9518  16.984  -77.394  -17.573 0.5000000000
9535  17.820  -77.614  -18.553 0.5000000000
9536  17.042  -77.393  -18.549 0.5000000000
9552  22.589  -77.604  -19.689 0.3000000119
9553  18.167  -77.801  -19.192 0.5000000000
9560  12.009  -77.389  -19.724 0.4000000060
9568  22.109  -77.207  -20.367 0.3000000119
9569  16.443  -76.951  -21.065 0.5000000000
9570  15.538  -77.330  -20.601 0.5000000000
9573  11.730  -77.378  -21.107 0.6000000238
9587  20.775  -77.680  -23.110 0.4000000060
9589  16.562  -77.143  -22.754 0.6999999881
9595  20.513  -77.647  -24.148 0.4000000060
9597  16.228  -77.577  -23.699 0.6999999881
9606  13.994  -77.678  -25.662 0.6000000238
9614  19.519  -78.584  -26.675 0.4000000060
9618  19.489  -78.146  -26.905 0.4000000060
10266  11.721  -76.570  -19.014 0.6000000238
10277  15.630  -76.917  -21.360 0.6000000238
10286  15.064  -76.841  -21.986 0.6999999881
10292  14.553  -76.573  -23.486 0.6000000238
10294  11.390  -76.967  -22.788 0.6999999881
10295  11.177  -76.441  -22.196 0.6999999881
10300  20.916  -76.966  -23.553 0.4000000060
10304  12.358  -76.343  -24.096 0.6999999881
10313  21.265  -76.688  -25.284 0.4000000060
10315  13.896  -76.554  -25.590 0.6999999881
10317  12.070  -75.672  -24.444 0.6999999881
10322  21.459  -77.104  -26.665 0.5000000000
10329  13.211  -75.662  -25.200 0.6999999881
10331  21.705  -76.887  -27.206 0.5000000000
10996  11.472  -75.760  -18.571 0.6000000238
11023  22.910  -75.253  -23.026 0.3000000119
11038  11.663  -75.382  -23.936 0.6999999881
11039  7.781  -74.390  -23.545 0.5000000000
11050  23.492  -75.922  -26.114 0.3000000119
11057  14.213  -74.861  -25.554 0.6000000238
11059  24.534  -75.722  -26.836 0.4000000060
11061  22.887  -76.307  -27.170 0.4000000060
11062  21.332  -74.727  -27.141 0.6000000238
11064  20.334  -75.634  -27.047 0.6000000238
11066  24.257  -75.616  -27.165 0.4000000060
11068  22.560  -76.060  -27.522 0.5000000000
11703  19.193  -74.285  -16.887 0.6000000238
11711  20.282  -74.114  -17.737 0.6999999881
11712  19.582  -74.375  -17.630 0.8000000119
11713  18.798  -74.409  -17.743 0.8000000119
11714  18.138  -74.217  -17.963 0.8000000119
11724  19.859  -74.360  -18.247 0.8000000119
11726  18.468  -74.447  -18.631 0.8000000119
11728  11.999  -74.074  -18.842 0.6000000238
11729  11.471  -74.457  -18.623 0.5000000000
11732  5.885  -74.327  -18.566 0.6000000238
11741  18.569  -74.579  -19.547 0.8000000119
11760  18.772  -74.616  -20.422 0.6999999881
11763  13.225  -73.985  -20.618 0.6999999881
11769  4.417  -74.850  -20.483 0.5000000000
11777  19.018  -74.278  -22.264 0.6000000238
11778  18.237  -74.421  -22.114 0.6999999881
11779  16.481  -73.966  -22.081 0.6000000238
11781  12.413  -74.833  -21.252 0.6999999881
11794  12.578  -73.830  -23.166 0.6000000238
11796  8.454  -74.182  -22.879 0.5000000000
11808  12.360  -73.965  -24.114 0.6999999881
11809  8.115  -73.889  -23.335 0.5000000000
11817  12.739  -73.891  -24.816 0.6000000238
11822  15.950  -73.910  -25.587 0.6999999881
11824  14.089  -73.834  -25.386 0.6999999881
11837  24.641  -75.060  -27.430 0.4000000060
12409  11.309  -73.326  -12.029 0.5000000000
12420  13.209  -73.290  -12.857 0.6000000238
12421  12.675  -73.223  -12.394 0.6000000238
12425  8.808  -73.213  -12.863 0.6000000238
12442  9.176  -73.578  -13.312 0.5000000000
12461  13.342  -73.412  -13.586 0.6000000238
12467  7.670  -73.533  -14.758 0.6000000238
12481  19.225  -73.529  -15.360 0.5000000000
12482  18.312  -73.463  -15.389 0.5000000000
12483  17.333  -73.294  -15.484 0.6999999881
12486  10.679  -73.549  -14.561 0.5000000000
12487  9.180  -73.842  -14.790 0.6000000238
12488  8.290  -73.890  -14.997 0.6000000238
12489  7.573  -73.810  -15.715 0.6000000238
12498  20.412  -73.631  -16.293 0.6000000238
12513  21.256  -73.095  -17.364 0.6999999881
12515  17.450  -73.796  -17.863 0.6999999881
12517  8.106  -73.932  -17.441 0.6000000238
12525  21.092  -73.258  -18.851 0.8000000119
12526  20.396  -74.025  -18.650 0.8000000119
12531  7.622  -74.006  -18.111 0.6000000238
12532  5.512  -73.821  -18.202 0.5000000000
12542  20.589  -73.707  -19.490 0.6999999881
12544  16.105  -73.111  -20.118 0.6999999881
12546  11.980  -73.192  -19.220 0.5000000000
12561  20.234  -73.825  -20.933 0.6000000238
12564  15.816  -73.395  -21.018 0.6999999881
12569  6.866  -72.965  -21.157 0.5000000000
12580  15.436  -73.583  -21.988 0.6000000238
12582  13.710  -73.752  -21.639 0.6999999881
12584  6.424  -73.391  -21.865 0.5000000000
12594  18.463  -72.884  -23.882 0.6999999881
12598  7.386  -72.846  -23.059 0.5000000000
12599  6.591  -73.268  -22.935 0.5000000000
12609  16.837  -71.780  -24.689 0.6999999881
12612  13.973  -72.948  -24.104 0.6000000238
12615  7.067  -73.572  -23.360 0.5000000000
12627  13.987  -72.741  -24.837 0.6000000238
12639  13.972  -72.946  -25.123 0.6000000238
12645  25.496  -73.466  -27.491 0.5000000000
12647  23.335  -73.372  -27.183 0.4000000060
12650  20.042  -74.185  -26.492 0.6000000238
13237  12.189  -72.572  -11.536 0.5000000000
13239  10.814  -72.868  -11.626 0.6000000238
13246  14.211  -72.592  -12.893 0.5000000000
13249  9.931  -72.787  -11.941 0.5000000000
13250  9.109  -72.673  -12.415 0.6000000238
13259  16.048  -72.430  -13.785 0.4000000060
13261  14.438  -73.110  -13.447 0.5000000000
13280  18.316  -72.439  -14.189 0.5000000000
13283  16.013  -72.947  -14.587 0.6000000238
13285  13.073  -73.378  -14.573 0.5000000000
13286  12.195  -73.308  -14.881 0.6000000238
13295  20.807  -72.274  -15.577 0.5000000000
13299  15.918  -73.136  -15.498 0.5000000000
13300  13.591  -73.224  -15.268 0.6000000238
13301  12.719  -73.077  -15.474 0.5000000000
13303  9.790  -73.406  -15.560 0.5000000000
13304  7.076  -73.181  -15.275 0.6000000238
13311  21.305  -72.323  -16.183 0.6000000238
13314  15.789  -73.057  -16.331 0.6000000238
13319  10.348  -72.639  -16.249 0.6000000238
13332  16.130  -73.051  -17.003 0.6999999881
13333  15.434  -72.170  -18.083 0.6000000238
13348  14.942  -71.579  -18.465 0.6000000238
13350  7.728  -73.204  -19.116 0.5000000000
13361  21.514  -72.652  -19.425 0.6999999881
13364  15.219  -71.713  -19.918 0.6999999881
13366  11.903  -72.168  -20.016 0.5000000000
13386  10.309  -71.881  -21.088 0.5000000000
13398  9.827  -71.029  -22.056 0.4000000060
13413  20.568  -72.929  -22.691 0.6000000238
13414  8.416  -72.272  -22.693 0.6000000238
13415  7.969  -72.150  -22.724 0.6000000238
13431  17.916  -71.459  -25.068 0.6999999881
13442  26.057  -71.754  -27.067 0.4000000060
14036  10.465  -72.029  -11.533 0.5000000000
14043  12.927  -72.108  -11.763 0.4000000060
14057  7.555  -71.716  -14.033 0.6000000238
14070  18.550  -71.756  -13.940 0.5000000000
14082  6.862  -72.146  -15.173 0.6000000238
14083  6.592  -72.620  -15.790 0.6000000238
14090  13.260  -72.267  -16.737 0.5000000000
14093  10.757  -71.858  -16.935 0.6000000238
14096  5.676  -71.217  -17.143 0.6000000238
14107  13.829  -71.754  -17.526 0.6000000238
14113  5.582  -72.144  -17.339 0.5000000000
14122  15.269  -71.655  -19.154 0.6000000238
14125  12.816  -70.318  -19.118 0.5000000000
14137  22.462  -71.557  -19.290 0.5000000000
14140  14.424  -70.888  -20.285 0.6000000238
14141  8.332  -70.548  -20.496 0.6000000238
14153  21.981  -72.163  -20.683 0.6000000238
14155  13.347  -70.446  -20.808 0.6000000238
14157  11.262  -70.039  -21.412 0.5000000000
14158  8.092  -70.494  -21.693 0.6000000238
14159  7.647  -71.322  -21.576 0.6000000238
14171  21.747  -72.204  -22.181 0.6000000238
14175  7.747  -71.225  -22.167 0.6000000238
14183  7.971  -71.464  -22.450 0.6000000238
14196  21.304  -71.448  -25.011 0.6000000238
14203  23.728  -70.919  -26.443 0.4000000060
14206  21.676  -71.483  -25.658 0.6000000238
14213  22.438  -71.416  -26.183 0.6000000238
14893  8.910  -70.518  -12.703 0.4000000060
14942  22.366  -70.103  -16.755 0.6000000238
14953  10.725  -70.580  -18.273 0.5000000000
14964  14.414  -70.697  -19.778 0.6000000238
14981  13.200  -69.983  -20.462 0.5000000000
14982  11.443  -69.545  -20.532 0.5000000000
14983  10.412  -69.322  -20.272 0.5000000000
14984  9.420  -69.204  -20.672 0.6000000238
14985  8.733  -69.687  -21.156 0.6000000238
14994  13.516  -70.288  -20.796 0.6000000238
14995  12.863  -69.988  -21.000 0.5000000000
14997  10.620  -69.681  -21.436 0.5000000000
14998  9.370  -69.384  -21.650 0.6000000238
15010  9.935  -69.522  -21.703 0.6000000238
15011  9.514  -69.735  -22.020 0.6000000238
15040  22.842  -70.895  -25.388 0.5000000000
15718  12.724  -69.633  -11.261 0.4000000060
15719  11.982  -69.643  -10.827 0.4000000060
15730  8.743  -69.764  -12.962 0.4000000060
15743  8.315  -69.653  -13.497 0.4000000060
15810  10.063  -69.165  -20.874 0.6000000238
15821  10.234  -69.369  -21.384 0.6000000238
16551  11.790  -68.666  -10.845 0.4000000060
16577  8.402  -68.966  -13.097 0.4000000060
16578  7.689  -68.497  -13.276 0.3000000119
17442  8.332  -67.668  -12.450 0.3000000119
17443  7.779  -67.851  -12.686 0.3000000119
19280  14.358  -65.454  -12.316 0.4000000060
19314  7.536  -64.608  -14.327 0.3000000119
20174  14.779  -64.764  -12.680 0.4000000060
20210  11.064  -63.801  -14.161 0.3000000119
20212  8.900  -64.138  -15.130 0.3000000119
20216  5.367  -64.216  -14.366 0.3000000119
20232  8.520  -64.045  -15.925 0.3000000119
20233  7.864  -64.029  -15.643 0.3000000119
20235  5.882  -63.705  -14.846 0.3000000119
20241  8.790  -63.794  -16.415 0.3000000119
21046  13.448  -63.288  -13.477 0.4000000060
21068  11.874  -63.366  -14.142 0.3000000119
21069  10.448  -63.531  -15.157 0.3000000119
21081  10.916  -62.912  -15.706 0.3000000119
21092  9.917  -63.520  -16.997 0.3000000119
21093  9.354  -63.634  -16.729 0.3000000119
21897  5.302  -62.228  -14.677 0.3000000119
21924  10.529  -63.068  -16.908 0.4000000060
21925  8.744  -62.734  -16.895 0.3000000119
21936  10.255  -62.974  -17.388 0.3000000119
21937  9.836  -62.735  -17.469 0.3000000119
22741  17.255  -61.245  -14.992 0.3000000119
22744  14.668  -61.703  -14.726 0.3000000119
22746  5.477  -61.039  -14.492 0.4000000060
22758  15.645  -61.003  -15.614 0.3000000119
22760  7.483  -61.347  -15.657 0.4000000060
22771  14.078  -60.833  -16.305 0.3000000119
22772  13.250  -60.894  -17.100 0.3000000119
22775  9.479  -61.414  -16.965 0.3000000119
22777  8.146  -62.133  -16.224 0.3000000119
22785  11.736  -61.147  -17.808 0.3000000119
22786  9.902  -62.048  -17.522 0.3000000119
23591  5.612  -59.743  -13.390 0.3000000119
23612  5.845  -59.983  -14.109 0.3000000119
23622  14.907  -60.630  -16.149 0.3000000119
23624  7.608  -60.227  -15.367 0.4000000060
23625  6.892  -60.537  -15.152 0.4000000060
23633  15.587  -59.761  -16.425 0.3000000119
23636  9.591  -60.289  -16.694 0.5000000000
23650  11.087  -61.025  -17.800 0.3000000119
24492  7.599  -59.604  -14.495 0.3000000119
24493  6.998  -59.619  -14.199 0.3000000119
24503  8.756  -59.035  -15.188 0.3000000119
24504  7.912  -59.485  -14.977 0.3000000119
24518  9.633  -59.149  -16.290 0.3000000119
24529  14.354  -58.770  -17.441 0.3000000119
24530  13.765  -59.303  -17.761 0.3000000119
24532  11.498  -59.373  -17.564 0.3000000119
24534  10.409  -59.997  -17.158 0.3000000119
25394  11.926  -57.911  -15.392 0.3000000119
25396  10.488  -58.218  -15.349 0.3000000119
25397  9.609  -58.391  -15.425 0.3000000119
25409  9.286  -58.649  -15.289 0.3000000119
25419  9.257  -58.782  -15.570 0.3000000119
25433  11.080  -57.687  -16.736 0.3000000119
26321  12.203  -57.246  -15.880 0.3000000119
26322  11.007  -57.411  -16.231 0.3000000119
26323  10.893  -57.533  -16.261 0.3000000119
26334  15.487  -57.432  -16.864 0.3000000119
26346  13.410  -57.123  -17.521 0.3000000119
26347  12.047  -57.375  -17.231 0.3000000119
27248  14.227  -55.720  -17.473 0.3000000119
28152  13.062  -55.951  -17.060 0.3000000119
106180  7.813  -74.101  -16.569 0.6000000238
106267  6.654  -74.005  -17.191 0.6000000238
106669  17.996  -74.494  -20.231 0.6999999881
107103  19.469  -71.952  -24.562 0.6999999881
107141  18.466  -78.896  -19.988 0.6000000238
107253  22.786  -82.489  -25.119 0.3000000119
107368  10.916  -58.488  -16.988 0.3000000119
108236  19.704  -74.453  -18.886 0.8000000119
108403  21.832  -71.904  -16.803 0.6000000238
108523  29.405  -80.196  -17.316 0.3000000119
109029  21.894  -72.996  -26.585 0.6000000238
109222  19.641  -77.508  -27.050 0.5000000000
109464  21.356  -72.986  -18.078 0.6000000238
109620  13.061  -71.619  -17.477 0.5000000000
109946  15.356  -72.041  -24.901 0.6999999881
109960  24.033  -89.778  -11.718 0.3000000119
110062  14.959  -72.585  -20.754 0.6999999881
110515  24.414  -89.385  -14.141 0.3000000119
110770  23.471  -75.103  -27.564 0.5000000000
111033  10.546  -62.068  -17.587 0.3000000119
111127  14.758  -79.933  -18.229 0.5000000000
112151  15.367  -72.781  -25.402 0.6999999881
112237  13.999  -61.386  -15.374 0.4000000060
112341  15.388  -72.061  -25.122 0.6999999881
112418  22.668  -71.184  -24.451 0.6000000238
112874  15.122  -64.192  -12.953 0.4000000060
113046  14.535  -72.794  -16.165 0.6000000238
113541  10.613  -70.259  -11.361 0.4000000060
113834  11.723  -73.598  -13.346 0.6000000238
114343  24.201  -89.213  -12.061 0.3000000119
115412  17.442  -73.663  -17.039 0.6999999881
115504  15.764  -87.159  -21.608 0.4000000060
115535  7.299  -63.813  -15.486 0.3000000119
116049  17.807  -80.669  -26.595 0.4000000060
116093  17.678  -79.383  -26.843 0.4000000060
116954  15.129  -57.717  -17.071 0.3000000119
117487  20.929  -76.546  -27.454 0.5000000000
117677  16.114  -76.779  -22.475 0.6999999881
117847  5.619  -74.519  -19.207 0.5000000000
117882  12.335  -70.378  -11.109 0.4000000060
117914  13.686  -71.586  -20.538 0.6000000238
118121  9.654  -69.295  -11.927 0.4000000060
118877  17.169  -82.394  -18.162 0.6000000238
118974  22.842  -85.948  -13.708 0.3000000119
119299  7.908  -63.802  -15.917 0.3000000119
119616  5.594  -74.631  -22.742 0.5000000000
119909  22.525  -75.433  -22.227 0.3000000119
120366  22.808  -83.926  -24.034 0.4000000060
120855  13.483  -58.338  -17.722 0.3000000119
120955  13.556  -59.991  -17.850 0.3000000119
121043  14.560  -77.904  -20.595 0.6000000238
121091  21.098  -86.261  -19.156 0.5000000000
121109  22.057  -72.104  -21.380 0.6000000238
121356  22.364  -71.712  -20.187 0.6000000238
121589  23.275  -82.070  -17.683 0.4000000060
122357  17.238  -72.898  -14.731 0.5000000000
122657  6.291  -72.081  -16.249 0.6000000238
122814  15.414  -73.163  -15.040 0.5000000000
122820  10.273  -69.542  -11.511 0.4000000060
122841  25.610  -88.481  -14.519 0.3000000119
122946  17.564  -71.570  -25.332 0.6999999881
123194  7.454  -75.820  -23.509 0.5000000000
123239  7.827  -70.895  -13.804 0.5000000000
124178  13.904  -78.507  -26.086 0.6999999881
124913  11.573  -72.898  -11.590 0.6000000238
125238  7.666  -64.218  -15.128 0.3000000119
125302  15.234  -83.303  -16.202 0.6000000238
125533  14.233  -70.793  -19.039 0.6000000238
125700  13.198  -60.486  -17.687 0.3000000119
125918  25.915  -88.341  -13.972 0.3000000119
126129  14.473  -82.956  -22.402 0.6000000238
126144  20.244  -87.554  -12.207 0.3000000119
126198  5.694  -73.580  -17.713 0.6000000238
126521  20.836  -77.286  -25.781 0.4000000060
126580  18.346  -78.133  -19.718 0.6000000238
127404  9.841  -69.191  -20.313 0.6000000238
127592  21.386  -84.196  -18.012 0.3000000119
127823  11.197  -63.253  -14.763 0.3000000119
127869  8.451  -73.474  -23.004 0.5000000000
127977  17.465  -81.400  -20.810 0.6999999881
128263  13.046  -76.312  -24.397 0.6999999881
128459  20.298  -71.652  -25.284 0.6999999881
