#!ascii label  , from subject sub-v1s12x0050113_ses-1 vox2ras=TkReg
1844
10929  36.135  -75.908  -12.614 0.2000000030
10921  35.255  -75.839  -11.702 0.2000000030
10930  35.692  -75.446  -12.618 0.2000000030
10920  35.846  -76.485  -11.761 0.2000000030
10951  35.821  -74.588  -15.395 0.1000000015
10911  35.362  -76.361  -10.804 0.3000000119
11666  36.353  -75.214  -14.099 0.1000000015
10199  36.260  -75.837  -13.429 0.2000000030
11660  35.314  -74.794  -13.077 0.1000000015
11667  35.965  -74.578  -14.206 0.1000000015
12435  35.293  -73.516  -14.654 0.1000000015
12452  35.270  -73.305  -15.479 0.1000000015
11685  35.447  -74.059  -15.793 0.1000000015
13271  34.232  -71.620  -15.100 0.1000000015
12474  34.987  -73.360  -16.074 0.1000000015
12475  34.370  -72.721  -15.976 0.1000000015
14076  33.704  -71.346  -15.323 0.2000000030
13293  33.598  -72.108  -15.720 0.1000000015
124707  33.325  -73.741  -11.925 0.1000000015
11654  34.631  -75.105  -12.095 0.2000000030
12436  34.491  -72.847  -14.010 0.1000000015
11661  34.154  -74.309  -12.508 0.1000000015
12418  34.793  -73.943  -13.591 0.1000000015
14049  33.720  -71.061  -14.459 0.1000000015
15749  32.526  -69.763  -14.344 0.2000000030
14900  33.368  -70.567  -14.437 0.2000000030
122588  31.949  -69.476  -14.565 0.1000000015
14062  33.097  -70.653  -15.154 0.2000000030
16585  31.183  -68.653  -13.995 0.2000000030
15751  30.593  -69.225  -14.731 0.1000000015
16587  29.453  -68.579  -14.296 0.1000000015
12419  33.839  -73.378  -12.920 0.1000000015
13235  33.105  -72.898  -12.278 0.1000000015
13257  34.140  -71.847  -14.339 0.1000000015
16571  31.371  -68.601  -13.289 0.2000000030
16572  30.650  -68.128  -13.476 0.2000000030
17436  29.509  -67.328  -12.544 0.2000000030
17450  29.948  -67.690  -13.222 0.2000000030
17451  29.155  -67.667  -13.329 0.1000000015
16574  28.844  -68.098  -13.942 0.2000000030
13244  33.611  -72.393  -13.256 0.1000000015
13245  32.963  -71.998  -12.486 0.1000000015
14041  33.436  -71.431  -13.525 0.1000000015
14050  33.273  -70.655  -13.817 0.2000000030
114389  32.158  -69.572  -12.489 0.2000000030
15727  31.838  -69.144  -12.945 0.3000000119
17420  28.894  -66.849  -11.679 0.3000000119
17437  28.508  -67.246  -12.623 0.2000000030
17452  28.125  -67.691  -13.402 0.2000000030
108668  27.462  -68.858  -14.323 0.2000000030
16561  31.461  -68.568  -12.396 0.3000000119
14901  33.029  -70.127  -14.079 0.2000000030
18339  29.485  -66.693  -10.983 0.3000000119
18330  28.820  -66.307  -10.816 0.3000000119
19255  28.054  -65.844  -10.894 0.3000000119
18340  28.198  -66.413  -11.326 0.3000000119
18353  26.982  -66.521  -12.236 0.2000000030
17453  26.903  -67.613  -13.597 0.2000000030
17466  26.808  -68.260  -14.266 0.2000000030
20139  29.400  -64.876  -9.975 0.4000000060
18338  30.187  -66.906  -10.798 0.3000000119
18329  29.706  -66.249  -10.279 0.3000000119
16548  31.088  -67.974  -11.924 0.2000000030
17418  30.604  -67.445  -11.407 0.2000000030
19266  27.302  -65.319  -11.307 0.3000000119
18366  26.469  -66.846  -13.006 0.2000000030
19278  26.761  -65.785  -11.910 0.2000000030
17454  26.017  -67.028  -13.831 0.2000000030
20997  28.990  -64.133  -10.307 0.3000000119
110573  28.861  -65.578  -10.345 0.3000000119
20158  26.937  -64.616  -11.588 0.2000000030
112617  25.992  -65.397  -13.182 0.2000000030
19279  26.353  -65.233  -12.406 0.2000000030
120886  26.188  -64.753  -13.800 0.1000000015
18354  26.291  -66.059  -12.623 0.2000000030
19308  26.001  -65.795  -14.817 0.2000000030
18367  25.921  -66.251  -13.462 0.2000000030
120999  26.202  -67.635  -14.367 0.2000000030
21013  28.979  -62.843  -10.800 0.3000000119
21014  28.170  -63.093  -11.038 0.3000000119
20156  28.186  -64.094  -10.676 0.3000000119
21842  27.894  -62.357  -11.558 0.2000000030
111505  27.473  -63.022  -11.623 0.3000000119
126347  27.400  -62.418  -12.032 0.2000000030
20157  27.458  -64.421  -11.136 0.3000000119
21032  27.032  -62.972  -12.287 0.1000000015
21042  26.537  -63.713  -13.385 0.1000000015
21059  26.608  -64.009  -14.201 0.1000000015
126371  26.382  -64.224  -13.600 0.1000000015
21876  27.086  -62.241  -13.582 0.1000000015
20206  26.392  -64.939  -14.763 0.1000000015
21839  30.250  -62.089  -11.319 0.3000000119
21840  29.245  -62.181  -11.205 0.2000000030
22689  29.460  -61.428  -11.553 0.2000000030
23561  29.872  -59.822  -11.854 0.2000000030
24452  29.983  -58.940  -12.015 0.1000000015
22705  28.791  -60.799  -11.906 0.1000000015
23563  28.334  -60.280  -12.522 0.1000000015
122907  27.607  -61.415  -12.666 0.1000000015
21862  27.219  -62.134  -12.695 0.1000000015
21887  27.251  -62.457  -14.467 0.1000000015
21058  27.117  -63.318  -14.768 0.1000000015
22688  30.388  -61.289  -11.631 0.2000000030
24453  29.219  -58.866  -12.663 0.1000000015
24463  28.727  -59.105  -13.358 0.1000000015
23578  27.793  -60.754  -12.974 0.1000000015
23577  28.155  -59.924  -13.396 0.1000000015
22721  27.447  -61.460  -13.298 0.1000000015
23600  28.084  -60.157  -14.457 0.1000000015
22754  27.637  -61.858  -15.063 0.1000000015
22735  27.441  -61.602  -14.166 0.1000000015
25376  29.208  -58.333  -13.355 0.1000000015
22734  27.841  -61.006  -14.770 0.1000000015
25366  29.769  -58.217  -12.545 0.1000000015
13270  34.691  -72.555  -15.543 0.1000000015
14915  31.416  -69.605  -14.828 0.1000000015
21764  40.314  -61.778  -4.835 0.5000000000
22600  40.328  -61.210  -3.394 0.5000000000
22617  39.927  -61.286  -4.160 0.5000000000
22637  39.427  -61.571  -4.967 0.5000000000
21780  38.907  -62.021  -5.723 0.5000000000
114018  40.289  -62.602  -1.449 0.2000000030
22571  40.297  -61.807  -2.089 0.2000000030
110412  40.495  -61.364  -2.724 0.3000000119
22618  39.006  -60.972  -4.167 0.5000000000
22638  38.502  -61.419  -5.138 0.5000000000
21795  39.222  -62.784  -6.157 0.5000000000
21796  38.313  -62.680  -6.292 0.5000000000
20956  39.469  -63.670  -6.537 0.5000000000
19209  41.242  -65.480  -6.803 0.5000000000
21731  39.374  -62.152  -1.608 0.3000000119
121114  39.521  -61.359  -2.224 0.3000000119
128467  39.628  -60.967  -3.528 0.5000000000
21781  37.972  -61.957  -5.858 0.5000000000
20957  38.613  -63.472  -6.736 0.5000000000
20965  38.876  -64.330  -7.166 0.5000000000
18293  42.866  -66.968  -7.492 0.4000000060
18304  42.712  -66.930  -8.447 0.5000000000
18295  42.317  -66.681  -7.906 0.5000000000
20098  40.265  -65.181  -7.009 0.5000000000
17383  42.519  -67.093  -8.054 0.4000000060
120841  39.599  -62.971  -1.166 0.3000000119
22572  38.755  -61.321  -1.859 0.4000000060
108595  38.374  -60.242  -2.807 0.4000000060
22601  39.052  -60.625  -3.209 0.5000000000
23482  38.308  -60.437  -3.613 0.5000000000
22619  37.997  -60.888  -4.526 0.5000000000
22639  37.549  -61.378  -5.343 0.5000000000
20958  37.763  -63.301  -6.945 0.5000000000
20105  39.327  -65.115  -7.646 0.6000000238
19216  41.703  -66.167  -7.309 0.5000000000
19217  40.855  -65.742  -7.638 0.5000000000
19218  40.067  -65.529  -7.849 0.5000000000
15670  42.369  -68.416  -7.792 0.4000000060
16507  42.530  -67.686  -8.023 0.4000000060
18303  42.641  -66.922  -8.725 0.5000000000
125746  37.187  -65.204  2.037 0.1000000015
20824  36.228  -63.892  1.114 0.1000000015
20834  35.837  -63.304  0.693 0.1000000015
19973  36.890  -64.126  0.920 0.1000000015
20833  36.592  -63.426  0.356 0.1000000015
21695  36.060  -62.906  0.114 0.1000000015
20832  37.285  -63.793  0.334 0.1000000015
21717  36.587  -62.667  -0.331 0.1000000015
21718  35.839  -62.341  -0.293 0.1000000015
21714  38.850  -62.947  -1.087 0.2000000030
21715  38.037  -63.016  -0.794 0.1000000015
21732  38.356  -62.191  -1.355 0.3000000119
22573  37.871  -61.318  -1.596 0.4000000060
23450  38.237  -60.546  -2.134 0.4000000060
23473  37.728  -59.902  -3.173 0.4000000060
23483  37.454  -60.331  -3.986 0.5000000000
22620  37.085  -60.811  -4.845 0.5000000000
22640  36.602  -61.346  -5.564 0.5000000000
20966  38.113  -64.021  -7.433 0.5000000000
107864  42.347  -67.392  -8.905 0.4000000060
14838  41.324  -69.810  -7.938 0.5000000000
19933  35.682  -64.650  4.977 0.1000000015
19039  36.367  -65.270  3.649 0.1000000015
19953  36.641  -65.029  2.434 0.1000000015
124897  36.555  -64.420  1.552 0.1000000015
20835  35.088  -63.114  0.932 0.1000000015
19954  35.823  -64.740  2.879 0.1000000015
19964  35.993  -64.334  1.901 0.1000000015
21696  35.428  -62.726  0.273 0.1000000015
24352  34.789  -59.215  -1.820 0.2000000030
20831  37.999  -63.820  -0.106 0.1000000015
20857  37.287  -63.176  -0.290 0.1000000015
22558  36.396  -61.861  -0.812 0.1000000015
23452  35.842  -60.249  -1.531 0.2000000030
21716  37.349  -62.222  -0.963 0.2000000030
22574  36.989  -61.158  -1.344 0.1000000015
23451  36.658  -60.225  -1.723 0.2000000030
24351  36.038  -59.587  -1.909 0.2000000030
24361  35.094  -58.914  -2.300 0.2000000030
25267  34.347  -58.779  -2.169 0.2000000030
121537  37.479  -60.427  -1.843 0.2000000030
23464  37.620  -59.922  -2.445 0.3000000119
24368  36.497  -59.383  -2.970 0.3000000119
24380  36.040  -59.629  -3.780 0.4000000060
23484  36.585  -60.244  -4.330 0.5000000000
20117  38.940  -65.012  -8.503 0.5000000000
23501  36.195  -60.732  -5.152 0.4000000060
20980  40.522  -64.640  -9.767 0.5000000000
20123  39.552  -64.939  -9.245 0.5000000000
19238  40.849  -65.343  -9.377 0.5000000000
124931  40.166  -65.310  -9.126 0.5000000000
19231  39.714  -65.357  -8.483 0.5000000000
21798  36.508  -62.473  -6.741 0.5000000000
22649  36.988  -62.010  -5.964 0.5000000000
19228  42.061  -66.414  -8.990 0.5000000000
122040  41.675  -65.797  -9.390 0.5000000000
19230  40.630  -65.651  -8.583 0.5000000000
20118  38.373  -64.569  -8.540 0.5000000000
106559  42.607  -67.172  -8.977 0.5000000000
18310  42.525  -66.691  -9.405 0.5000000000
20106  38.495  -64.674  -7.884 0.6000000238
19229  41.521  -66.209  -8.290 0.5000000000
15671  41.736  -69.035  -8.299 0.4000000060
18995  35.331  -64.616  5.543 0.1000000015
19941  35.787  -64.799  4.026 0.1000000015
20809  34.538  -63.899  3.715 0.1000000015
20810  33.954  -63.307  4.139 0.1000000015
19955  35.171  -64.358  3.279 0.1000000015
20819  35.279  -64.108  2.235 0.1000000015
21683  34.240  -62.881  1.186 0.1000000015
21697  34.622  -62.529  0.467 0.1000000015
22561  33.830  -61.284  -0.306 0.1000000015
22559  35.514  -61.628  -0.704 0.1000000015
23435  34.286  -60.822  -0.813 0.2000000030
23453  34.330  -60.014  -1.283 0.2000000030
23434  35.125  -60.722  -1.121 0.1000000015
24360  35.875  -59.179  -2.458 0.3000000119
25280  35.270  -58.863  -2.846 0.3000000119
25281  34.572  -58.650  -2.666 0.2000000030
24369  35.833  -59.152  -3.082 0.3000000119
25288  34.652  -58.778  -3.308 0.2000000030
23485  35.752  -60.147  -4.702 0.4000000060
24382  34.558  -59.414  -4.448 0.3000000119
23502  35.367  -60.611  -5.480 0.4000000060
24381  35.320  -59.660  -4.344 0.4000000060
20990  39.829  -63.087  -10.302 0.5000000000
20982  38.726  -63.544  -9.843 0.5000000000
20124  38.789  -64.484  -9.251 0.5000000000
21828  39.052  -61.869  -10.361 0.5000000000
21829  38.054  -61.838  -10.257 0.5000000000
21821  37.409  -62.516  -9.788 0.5000000000
20983  37.715  -63.343  -9.485 0.5000000000
20977  38.029  -64.103  -9.015 0.6000000238
22650  36.046  -61.882  -6.270 0.5000000000
22641  35.699  -61.243  -5.848 0.5000000000
22672  37.185  -61.674  -9.995 0.5000000000
21822  36.634  -62.238  -9.399 0.5000000000
21817  36.936  -63.035  -9.054 0.6000000238
20107  37.886  -64.235  -8.174 0.5000000000
21807  36.957  -63.077  -7.234 0.5000000000
20978  37.411  -63.656  -8.591 0.5000000000
20967  37.428  -63.659  -7.726 0.5000000000
13187  40.625  -71.608  -7.061 0.4000000060
14826  41.082  -70.556  -7.620 0.4000000060
15655  42.057  -69.284  -7.500 0.4000000060
21673  32.621  -62.256  3.773 0.1000000015
20811  33.056  -62.929  3.398 0.1000000015
21679  32.387  -62.302  2.746 0.1000000015
20820  34.514  -63.826  2.590 0.1000000015
20821  33.704  -63.482  3.000 0.1000000015
21678  33.059  -62.893  2.381 0.1000000015
21685  32.574  -62.298  1.882 0.1000000015
20827  33.883  -63.245  1.999 0.1000000015
21684  33.367  -62.621  1.508 0.1000000015
22533  32.881  -62.023  1.081 0.1000000015
21698  33.755  -62.301  0.727 0.1000000015
22546  33.351  -61.666  0.341 0.1000000015
23419  33.006  -61.016  -0.080 0.1000000015
24339  32.636  -59.607  -0.827 0.2000000030
24354  33.034  -59.120  -1.438 0.2000000030
25268  33.540  -58.628  -2.020 0.2000000030
25282  33.840  -58.445  -2.541 0.2000000030
28056  34.585  -55.884  -9.484 0.2000000030
25289  33.986  -58.462  -3.157 0.2000000030
26249  35.243  -57.295  -10.027 0.2000000030
26250  34.563  -57.811  -9.540 0.2000000030
25338  33.907  -58.378  -9.048 0.2000000030
25339  33.416  -58.873  -8.420 0.2000000030
125986  34.612  -59.069  -3.818 0.2000000030
26258  36.026  -57.756  -10.347 0.2000000030
25344  35.352  -58.253  -9.895 0.2000000030
25345  34.695  -58.790  -9.370 0.2000000030
24427  34.072  -59.329  -8.800 0.2000000030
24420  33.645  -59.668  -8.065 0.2000000030
23523  34.008  -60.303  -7.452 0.4000000060
25352  36.218  -58.710  -10.236 0.2000000030
119528  35.446  -59.157  -9.695 0.3000000119
125899  35.464  -59.737  -9.569 0.3000000119
24426  34.865  -59.795  -9.184 0.4000000060
23530  34.284  -60.192  -8.351 0.3000000119
23515  34.562  -60.830  -6.778 0.5000000000
23503  34.586  -60.471  -5.882 0.4000000060
122575  38.378  -60.543  -10.541 0.5000000000
23543  37.716  -60.292  -10.420 0.4000000060
23544  36.918  -60.020  -10.215 0.4000000060
23536  36.249  -60.566  -9.799 0.4000000060
22674  35.712  -61.107  -9.217 0.4000000060
22667  35.442  -61.531  -8.553 0.5000000000
22658  35.093  -61.560  -7.721 0.5000000000
23522  34.574  -60.866  -7.687 0.5000000000
122798  35.034  -60.996  -6.116 0.5000000000
22682  37.020  -60.845  -10.135 0.5000000000
22673  36.421  -61.403  -9.627 0.5000000000
21818  36.323  -62.583  -8.573 0.5000000000
20968  36.793  -63.220  -8.136 0.5000000000
21808  36.263  -62.683  -7.640 0.5000000000
23394  32.043  -60.706  4.164 0.1000000015
22519  32.333  -61.489  4.041 0.1000000015
120070  31.116  -60.586  2.818 0.1000000015
22527  31.768  -61.592  2.532 0.1000000015
125792  31.390  -61.063  2.661 0.1000000015
22528  31.285  -60.930  2.015 0.1000000015
23402  30.760  -60.139  2.266 0.1000000015
23408  31.705  -60.856  1.058 0.1000000015
23421  31.589  -60.239  0.571 0.1000000015
24326  31.957  -59.834  -0.199 0.2000000030
124341  31.444  -59.207  -0.215 0.2000000030
25247  32.073  -59.029  -0.969 0.2000000030
28040  34.060  -55.527  -8.834 0.1000000015
27132  33.957  -56.338  -9.128 0.2000000030
26246  33.764  -57.320  -9.100 0.2000000030
118107  33.243  -58.020  -8.618 0.2000000030
25295  34.012  -58.885  -3.973 0.2000000030
28990  33.675  -55.004  -8.258 0.1000000015
126861  33.671  -56.023  -8.785 0.1000000015
27133  33.330  -56.546  -8.655 0.1000000015
26234  33.147  -57.304  -8.601 0.1000000015
25331  32.767  -58.441  -7.930 0.1000000015
24421  33.168  -59.193  -7.798 0.1000000015
117084  33.446  -59.695  -7.234 0.3000000119
24391  33.999  -59.775  -5.490 0.2000000030
21809  35.693  -62.153  -8.126 0.5000000000
127445  34.804  -61.241  -7.205 0.5000000000
22651  35.190  -61.511  -6.696 0.5000000000
22657  35.690  -62.160  -7.171 0.5000000000
23384  32.603  -60.352  4.664 0.1000000015
24295  31.598  -59.480  3.922 0.1000000015
24303  30.887  -59.275  3.343 0.1000000015
23395  31.351  -60.162  3.583 0.1000000015
23396  30.793  -59.941  2.970 0.1000000015
24328  30.591  -59.268  1.102 0.1000000015
25233  30.223  -58.713  1.914 0.1000000015
24327  31.199  -59.631  0.458 0.1000000015
25237  30.826  -58.895  0.262 0.2000000030
25270  31.750  -58.199  -1.367 0.2000000030
25269  32.641  -58.468  -1.756 0.2000000030
26174  32.176  -57.873  -2.105 0.2000000030
25283  33.014  -58.227  -2.405 0.2000000030
25290  33.226  -58.152  -3.007 0.2000000030
108038  33.251  -58.417  -3.801 0.2000000030
28042  32.783  -56.179  -8.128 0.1000000015
27134  32.718  -56.989  -8.223 0.1000000015
128369  32.788  -57.675  -8.255 0.1000000015
25296  33.224  -58.774  -4.657 0.1000000015
26235  32.384  -57.555  -7.656 0.1000000015
25316  32.360  -58.308  -7.078 0.1000000015
25315  32.866  -59.065  -7.145 0.1000000015
24408  33.298  -59.518  -6.356 0.2000000030
24383  33.793  -59.224  -4.809 0.2000000030
25221  32.535  -58.371  3.930 0.1000000015
25213  32.003  -58.941  4.123 0.1000000015
109722  33.189  -57.672  3.671 0.1000000015
25223  30.908  -58.386  3.430 0.1000000015
26142  31.227  -57.564  3.475 0.1000000015
117186  30.134  -57.846  2.332 0.1000000015
25229  30.473  -58.558  2.807 0.1000000015
117353  30.038  -57.573  0.685 0.1000000015
25249  30.566  -58.086  0.021 0.1000000015
26162  30.315  -57.204  -0.198 0.1000000015
26161  30.973  -57.746  -0.849 0.1000000015
26190  32.321  -57.707  -2.857 0.2000000030
117259  32.521  -57.927  -3.691 0.2000000030
29870  34.597  -53.292  -6.766 0.1000000015
28960  32.915  -54.008  -7.125 0.1000000015
28976  32.511  -54.854  -7.342 0.1000000015
110012  32.323  -55.827  -7.496 0.1000000015
25297  32.563  -58.235  -4.548 0.2000000030
28961  32.204  -54.340  -6.654 0.1000000015
28010  31.810  -55.394  -6.707 0.1000000015
27116  32.320  -56.708  -7.658 0.1000000015
26218  31.974  -57.515  -6.963 0.1000000015
25303  32.665  -58.855  -6.291 0.1000000015
25304  32.598  -58.548  -5.414 0.2000000030
26984  32.967  -56.859  3.388 0.1000000015
27906  31.520  -55.832  3.224 0.1000000015
26986  30.767  -56.728  3.114 0.1000000015
110297  29.847  -57.081  1.920 0.1000000015
27006  29.779  -56.656  0.586 0.1000000015
26176  30.637  -56.903  -1.127 0.1000000015
26175  31.382  -57.447  -1.658 0.2000000030
27942  30.650  -55.866  -2.218 0.1000000015
27024  30.964  -56.682  -1.940 0.1000000015
27042  31.096  -56.479  -2.676 0.2000000030
26191  31.599  -57.237  -2.393 0.2000000030
27056  31.147  -56.238  -3.391 0.1000000015
115890  31.542  -57.021  -3.093 0.2000000030
126702  32.292  -53.151  -5.335 0.1000000015
28945  32.016  -53.725  -5.924 0.1000000015
29860  31.721  -53.618  -5.072 0.1000000015
27995  31.419  -54.995  -5.264 0.1000000015
27070  31.257  -56.085  -4.135 0.1000000015
26202  31.482  -56.863  -4.379 0.1000000015
117895  31.429  -56.745  -3.719 0.1000000015
29871  33.449  -53.363  -6.668 0.1000000015
29872  32.652  -53.645  -6.498 0.1000000015
124392  31.571  -54.246  -5.418 0.1000000015
119810  31.485  -55.445  -5.862 0.1000000015
27102  31.493  -56.282  -6.071 0.1000000015
26210  31.536  -57.035  -5.268 0.1000000015
26201  31.940  -57.625  -4.463 0.1000000015
28011  31.661  -54.650  -6.030 0.1000000015
26219  31.703  -57.267  -6.190 0.1000000015
26209  32.002  -57.880  -5.343 0.1000000015
27914  30.097  -55.741  2.027 0.1000000015
27920  29.688  -55.910  1.196 0.1000000015
113533  29.751  -55.272  -0.205 0.1000000015
27025  30.425  -56.034  -1.410 0.1000000015
30689  32.514  -52.223  -2.677 0.1000000015
30690  31.723  -52.676  -2.545 0.1000000015
29817  31.133  -53.396  -2.448 0.1000000015
28887  30.651  -54.269  -2.297 0.1000000015
30706  33.624  -52.230  -3.516 0.1000000015
116851  33.410  -52.070  -2.839 0.1000000015
29834  31.451  -53.259  -3.304 0.1000000015
28904  30.789  -54.768  -3.066 0.1000000015
27956  30.830  -55.650  -2.951 0.1000000015
30717  33.584  -52.359  -4.299 0.1000000015
30718  32.726  -52.480  -4.211 0.1000000015
29833  32.034  -52.741  -3.869 0.1000000015
28917  31.116  -54.282  -3.752 0.1000000015
27968  30.997  -55.317  -3.733 0.1000000015
28872  30.126  -54.409  0.984 0.1000000015
29780  30.431  -53.748  0.467 0.1000000015
28878  30.019  -54.678  -0.789 0.1000000015
29788  30.829  -53.108  -0.109 0.1000000015
29789  30.333  -53.861  -0.472 0.1000000015
28888  30.332  -55.072  -1.678 0.1000000015
110553  33.137  -51.904  -2.079 0.1000000015
30668  32.220  -52.229  -1.897 0.1000000015
120132  31.944  -52.261  -1.181 0.1000000015
29798  30.796  -53.272  -1.044 0.1000000015
30688  34.075  -51.971  -2.277 0.1000000015
22588  39.737  -61.015  -2.841 0.4000000060
21797  37.395  -62.614  -6.462 0.5000000000
19963  37.098  -64.736  1.538 0.1000000015
21719  35.020  -62.159  -0.182 0.1000000015
113531  37.163  -59.632  -2.867 0.4000000060
23474  36.932  -59.823  -3.488 0.4000000060
20825  35.543  -63.695  1.407 0.1000000015
121643  35.475  -59.200  -1.987 0.3000000119
24353  33.930  -59.214  -1.659 0.2000000030
22575  36.064  -61.044  -1.266 0.2000000030
127770  37.193  -59.936  -2.047 0.2000000030
24359  36.770  -59.603  -2.334 0.3000000119
20981  39.629  -64.103  -9.870 0.5000000000
19942  35.273  -64.242  4.451 0.1000000015
20826  34.745  -63.482  1.680 0.1000000015
22545  34.179  -61.955  0.029 0.1000000015
22560  34.649  -61.466  -0.530 0.1000000015
23436  33.582  -60.548  -0.692 0.1000000015
24338  33.379  -59.788  -1.067 0.2000000030
24370  35.203  -59.202  -3.635 0.3000000119
24390  34.953  -59.986  -5.091 0.4000000060
20991  39.179  -62.634  -10.272 0.5000000000
21820  38.306  -62.667  -10.098 0.5000000000
21827  39.970  -62.090  -10.500 0.5000000000
22681  37.839  -61.050  -10.327 0.5000000000
111731  32.072  -61.788  3.265 0.1000000015
126834  32.139  -61.987  2.177 0.1000000015
22547  32.501  -61.315  0.693 0.1000000015
22534  32.050  -61.623  1.615 0.1000000015
23437  32.769  -60.262  -0.460 0.1000000015
27141  34.528  -56.820  -9.596 0.2000000030
27140  35.213  -56.309  -10.039 0.2000000030
24407  33.928  -60.167  -6.517 0.4000000060
24433  36.066  -59.691  -9.944 0.4000000060
23537  35.518  -60.302  -9.434 0.4000000060
23529  34.988  -60.818  -8.639 0.5000000000
22666  35.948  -61.896  -8.981 0.5000000000
23385  31.887  -60.063  4.216 0.1000000015
22520  31.618  -61.103  3.331 0.1000000015
24315  30.535  -59.561  1.822 0.1000000015
23409  31.004  -60.148  1.312 0.1000000015
23420  32.237  -60.600  0.261 0.1000000015
25248  31.266  -58.534  -0.540 0.2000000030
28041  33.393  -55.749  -8.459 0.1000000015
24294  32.329  -59.652  4.405 0.1000000015
24310  30.546  -59.376  2.558 0.1000000015
25238  30.288  -58.414  0.921 0.1000000015
28975  34.078  -54.310  -7.937 0.1000000015
117472  33.293  -54.515  -7.703 0.1000000015
28024  32.943  -55.322  -7.962 0.1000000015
24392  33.210  -59.179  -5.490 0.2000000030
110670  31.670  -58.295  3.708 0.1000000015
25220  33.487  -58.396  4.061 0.1000000015
118078  33.937  -57.063  3.257 0.1000000015
26141  32.208  -57.583  3.614 0.1000000015
26985  31.859  -56.723  3.432 0.1000000015
26143  30.548  -57.712  3.008 0.1000000015
26153  30.239  -57.176  2.580 0.1000000015
106469  29.951  -57.804  1.542 0.1000000015
26159  29.785  -57.155  1.245 0.1000000015
27013  30.015  -56.195  -0.446 0.1000000015
118131  31.831  -57.370  -3.676 0.2000000030
29883  33.787  -53.818  -7.359 0.1000000015
27101  31.833  -56.592  -6.980 0.1000000015
111524  32.147  -58.097  -6.236 0.1000000015
26994  32.759  -55.895  3.204 0.1000000015
27913  30.682  -55.759  2.730 0.1000000015
26995  30.185  -56.473  2.397 0.1000000015
27000  29.844  -56.378  1.790 0.1000000015
26156  29.733  -56.643  1.358 0.1000000015
27926  29.689  -55.827  0.342 0.1000000015
29847  32.138  -52.953  -4.647 0.1000000015
30726  32.856  -52.636  -4.977 0.1000000015
29859  32.935  -52.996  -5.882 0.1000000015
28933  31.342  -54.385  -4.640 0.1000000015
29848  31.571  -53.506  -4.229 0.1000000015
27980  31.235  -55.275  -4.506 0.1000000015
27087  31.360  -56.002  -5.078 0.1000000015
118863  32.131  -55.123  3.218 0.1000000015
106292  31.306  -54.960  2.886 0.1000000015
28863  30.584  -54.982  2.253 0.1000000015
27919  30.054  -55.081  1.496 0.1000000015
119970  29.743  -55.136  0.649 0.1000000015
122863  29.929  -54.478  0.100 0.1000000015
27933  30.067  -55.444  -0.920 0.1000000015
30708  32.031  -52.562  -3.185 0.1000000015
119925  30.841  -53.537  -1.793 0.1000000015
117710  30.938  -53.968  -3.006 0.1000000015
30669  31.380  -52.794  -1.679 0.1000000015
27957  30.595  -55.134  -2.471 0.1000000015
30707  32.755  -52.283  -3.467 0.1000000015
29769  30.692  -53.765  1.396 0.1000000015
29799  30.409  -54.079  -1.385 0.1000000015
30656  31.389  -52.637  -0.709 0.1000000015
30645  31.542  -52.560  0.230 0.1000000015
112420  33.826  -51.773  -1.486 0.1000000015
30667  34.667  -51.899  -1.750 0.1000000015
122991  32.828  -51.867  -1.121 0.1000000015
120165  43.278  -64.496  0.131 0.1000000015
19986  43.844  -64.234  -0.358 0.1000000015
20873  43.280  -63.376  -0.965 0.1000000015
20874  42.181  -62.940  -1.265 0.1000000015
21730  41.199  -62.338  -1.767 0.1000000015
19987  42.183  -64.340  0.001 0.1000000015
20854  41.528  -63.597  -0.652 0.1000000015
19066  44.015  -65.107  0.383 0.2000000030
20872  44.052  -63.429  -1.171 0.2000000030
21728  43.395  -62.601  -1.691 0.1000000015
20888  44.940  -62.931  -2.089 0.2000000030
21743  41.250  -61.740  -2.428 0.1000000015
20017  44.907  -63.627  -2.023 0.2000000030
20889  44.410  -62.853  -1.718 0.2000000030
21729  42.181  -62.141  -2.089 0.2000000030
21740  44.201  -62.302  -2.395 0.2000000030
21741  42.986  -61.916  -2.562 0.2000000030
21750  42.366  -61.609  -3.260 0.3000000119
22587  41.305  -61.410  -3.199 0.3000000119
21748  44.376  -62.315  -3.097 0.2000000030
21749  43.459  -61.898  -3.315 0.2000000030
20032  45.171  -63.904  -3.492 0.2000000030
107385  42.559  -61.801  -3.849 0.2000000030
121565  45.119  -63.412  -3.507 0.2000000030
17323  43.393  -67.364  -4.304 0.1000000015
20033  45.041  -63.921  -2.917 0.2000000030
21739  44.813  -62.666  -2.705 0.2000000030
20903  45.097  -63.293  -2.812 0.2000000030
22615  41.725  -61.662  -3.930 0.3000000119
22616  40.810  -61.482  -4.043 0.4000000060
18232  43.910  -66.508  -3.875 0.1000000015
107627  44.827  -64.581  -3.220 0.1000000015
21761  44.086  -62.439  -3.778 0.2000000030
21762  43.069  -62.209  -4.166 0.2000000030
114839  41.195  -61.978  -4.666 0.4000000060
19133  45.158  -65.406  -3.692 0.2000000030
20904  44.838  -62.805  -3.327 0.2000000030
116498  45.185  -64.514  -3.607 0.2000000030
16426  43.662  -68.280  -4.082 0.1000000015
16425  44.111  -68.043  -4.190 0.2000000030
17308  44.178  -67.329  -3.980 0.1000000015
17307  44.707  -67.080  -4.075 0.1000000015
20919  45.276  -63.922  -4.000 0.2000000030
20921  43.559  -62.913  -4.535 0.2000000030
21776  42.501  -62.739  -4.837 0.4000000060
18221  44.717  -66.414  -3.788 0.1000000015
20939  42.910  -63.443  -5.206 0.4000000060
21778  40.692  -62.378  -5.413 0.4000000060
127001  45.383  -65.097  -4.476 0.3000000119
20937  44.817  -63.966  -4.523 0.3000000119
19132  45.410  -65.542  -4.028 0.2000000030
18251  45.501  -66.014  -4.856 0.4000000060
20940  41.951  -63.270  -5.474 0.4000000060
20942  40.132  -62.948  -6.031 0.4000000060
20938  43.971  -63.730  -5.012 0.3000000119
19205  44.568  -65.750  -5.640 0.4000000060
19176  44.803  -65.062  -5.234 0.3000000119
29006  35.355  -54.500  -9.354 0.1000000015
20941  41.045  -63.101  -5.810 0.4000000060
20080  42.339  -64.050  -5.722 0.4000000060
20954  41.408  -63.954  -5.980 0.5000000000
20095  43.514  -65.209  -5.942 0.4000000060
20078  44.493  -64.451  -5.148 0.3000000119
20079  43.676  -64.547  -5.562 0.4000000060
20096  42.831  -64.853  -6.011 0.4000000060
28055  35.240  -55.350  -9.828 0.1000000015
28054  35.819  -54.679  -10.145 0.1000000015
20955  40.394  -64.013  -6.343 0.4000000060
112872  40.982  -64.733  -6.424 0.5000000000
20099  39.619  -64.528  -6.897 0.5000000000
119298  36.740  -55.735  -10.922 0.1000000015
28061  35.994  -55.746  -10.464 0.1000000015
27148  35.979  -56.818  -10.420 0.1000000015
20853  42.727  -63.794  -0.471 0.1000000015
20875  41.071  -62.970  -1.193 0.1000000015
19968  43.040  -65.125  0.556 0.1000000015
19988  40.953  -64.240  -0.201 0.1000000015
21779  39.811  -62.185  -5.581 0.4000000060
123026  44.129  -65.719  0.322 0.1000000015
21763  42.091  -62.131  -4.451 0.3000000119
20920  44.692  -63.214  -4.125 0.2000000030
21777  41.572  -62.566  -5.158 0.4000000060
19069  41.213  -65.620  0.855 0.1000000015
14830  29.217  -69.753  -7.747 0.1000000015
14829  29.685  -70.275  -7.758 0.1000000015
13975  31.464  -71.580  -7.202 0.1000000015
15676  28.271  -69.794  -8.130 0.1000000015
14819  31.902  -70.752  -6.863 0.1000000015
15659  28.603  -69.140  -7.646 0.1000000015
15660  27.659  -69.175  -7.869 0.1000000015
15679  25.782  -69.722  -8.199 0.1000000015
15677  27.317  -69.840  -8.344 0.1000000015
9974  27.900  -76.326  5.786 0.1000000015
13125  25.841  -71.938  -3.374 0.1000000015
13955  25.781  -71.849  -4.551 0.1000000015
15657  30.755  -69.851  -7.177 0.1000000015
123972  24.452  -70.391  -5.217 0.1000000015
15658  30.005  -69.785  -7.416 0.1000000015
15649  24.952  -68.879  -6.861 0.1000000015
114155  32.358  -70.033  -6.630 0.1000000015
15663  24.587  -69.604  -7.216 0.1000000015
13974  32.273  -71.513  -6.803 0.1000000015
9187  27.876  -77.134  6.870 0.1000000015
10698  28.108  -75.811  5.157 0.1000000015
10699  27.305  -75.211  4.940 0.1000000015
9185  29.424  -77.691  6.524 0.1000000015
9186  28.671  -77.430  6.700 0.1000000015
11461  27.621  -74.454  2.554 0.1000000015
12292  24.923  -73.656  -0.367 0.1000000015
13903  24.704  -72.081  -2.067 0.1000000015
16497  30.359  -69.266  -7.143 0.1000000015
16498  29.564  -69.037  -7.311 0.1000000015
16500  27.160  -68.560  -7.532 0.1000000015
15647  32.022  -69.232  -6.575 0.1000000015
14818  32.752  -70.841  -6.600 0.1000000015
114587  32.735  -72.046  -6.668 0.1000000015
10732  28.560  -74.915  3.741 0.1000000015
9208  28.995  -77.055  6.011 0.1000000015
9992  28.915  -76.119  5.050 0.1000000015
10731  29.136  -75.178  3.322 0.1000000015
11460  28.480  -74.742  2.851 0.1000000015
11476  27.142  -74.868  1.550 0.1000000015
10764  26.351  -74.794  0.783 0.1000000015
11497  25.658  -74.454  0.512 0.1000000015
11496  26.364  -74.747  0.367 0.1000000015
11522  25.651  -74.281  0.043 0.1000000015
13892  25.678  -72.047  -1.039 0.1000000015
13108  24.915  -72.331  -1.353 0.1000000015
13902  25.512  -71.710  -1.764 0.1000000015
13937  26.299  -71.317  -3.295 0.1000000015
16488  25.324  -68.235  -6.265 0.1000000015
15648  31.077  -69.055  -6.819 0.1000000015
16485  29.402  -68.134  -6.939 0.1000000015
116697  28.813  -68.565  -7.303 0.1000000015
17377  26.672  -67.975  -7.053 0.1000000015
16487  25.753  -68.483  -7.155 0.1000000015
15646  32.857  -69.415  -6.373 0.1000000015
10761  28.658  -76.026  1.349 0.1000000015
9184  30.180  -77.938  6.338 0.1000000015
9207  29.728  -77.265  5.760 0.1000000015
9972  29.331  -76.628  5.357 0.1000000015
9991  29.635  -76.107  4.500 0.1000000015
10746  29.705  -75.670  2.783 0.1000000015
10760  29.332  -75.954  1.840 0.1000000015
10748  28.066  -75.207  1.686 0.1000000015
10774  27.526  -75.444  0.559 0.1000000015
11521  26.411  -74.473  -0.067 0.1000000015
13891  26.521  -72.005  -0.714 0.1000000015
9206  30.534  -77.400  5.522 0.1000000015
9224  31.074  -76.910  4.461 0.1000000015
9971  30.136  -76.730  4.982 0.1000000015
9990  30.441  -76.310  3.993 0.1000000015
10008  30.393  -76.128  2.871 0.1000000015
12291  25.848  -73.613  -0.345 0.1000000015
113282  25.915  -72.616  -0.608 0.1000000015
14761  26.616  -70.741  -3.117 0.1000000015
15591  25.698  -69.646  -3.601 0.1000000015
14762  26.202  -70.628  -3.562 0.1000000015
16446  25.135  -68.483  -4.523 0.1000000015
15611  25.021  -69.349  -4.216 0.1000000015
17346  27.201  -66.847  -5.820 0.1000000015
17347  25.896  -67.580  -5.932 0.1000000015
16447  24.721  -69.076  -4.856 0.1000000015
119542  30.136  -67.921  -6.695 0.1000000015
16499  28.434  -67.993  -7.070 0.1000000015
17368  27.365  -67.396  -6.592 0.1000000015
16482  32.574  -68.605  -6.274 0.1000000015
16481  33.407  -68.843  -6.102 0.1000000015
14817  33.578  -70.584  -6.369 0.1000000015
125130  33.053  -70.097  -6.439 0.1000000015
14800  34.893  -70.402  -5.891 0.1000000015
15627  34.549  -69.694  -5.907 0.1000000015
10042  28.618  -76.506  0.924 0.1000000015
116186  28.117  -75.903  1.036 0.1000000015
8515  31.015  -78.175  6.125 0.1000000015
9223  31.929  -77.503  4.572 0.1000000015
9233  31.070  -76.537  3.120 0.1000000015
10026  30.618  -76.788  1.871 0.1000000015
10027  29.898  -76.315  1.912 0.1000000015
10041  29.107  -76.824  1.204 0.1000000015
121445  28.022  -75.669  0.464 0.1000000015
11520  27.230  -74.485  -0.149 0.1000000015
13092  27.147  -72.589  -0.422 0.1000000015
9205  31.303  -77.578  5.302 0.1000000015
117393  27.424  -71.688  -0.859 0.1000000015
120363  27.127  -71.215  -1.510 0.1000000015
14734  26.832  -71.003  -2.187 0.1000000015
14733  27.455  -70.659  -2.125 0.1000000015
14740  26.963  -70.453  -2.668 0.1000000015
15577  26.932  -69.592  -2.631 0.1000000015
15590  26.498  -70.035  -3.142 0.1000000015
18238  26.664  -66.821  -4.879 0.1000000015
17326  26.024  -67.368  -4.205 0.1000000015
17365  31.357  -67.407  -6.200 0.1000000015
127563  31.379  -66.648  -5.813 0.1000000015
17366  30.427  -67.377  -6.361 0.1000000015
18283  29.824  -66.728  -6.062 0.1000000015
18265  27.987  -66.450  -5.513 0.1000000015
123090  26.449  -67.163  -5.647 0.1000000015
17344  32.874  -67.173  -5.764 0.1000000015
18285  28.126  -66.934  -6.231 0.1000000015
17364  32.289  -67.742  -6.112 0.1000000015
17343  33.707  -67.446  -5.678 0.1000000015
16464  33.127  -68.032  -5.932 0.1000000015
15645  33.703  -69.696  -6.197 0.1000000015
14799  35.670  -70.423  -5.566 0.1000000015
8524  32.707  -78.124  4.731 0.1000000015
8525  31.989  -78.317  5.676 0.1000000015
9245  31.756  -77.585  1.891 0.1000000015
10007  31.325  -77.034  2.212 0.1000000015
10068  28.451  -76.036  0.518 0.1000000015
9232  31.805  -77.150  3.211 0.1000000015
9262  29.512  -77.342  0.953 0.1000000015
10054  28.812  -76.640  0.707 0.1000000015
10787  28.429  -75.657  0.073 0.1000000015
11519  28.648  -74.895  -0.319 0.1000000015
12289  27.771  -73.471  -0.349 0.1000000015
127127  29.458  -75.083  -0.488 0.1000000015
13090  29.051  -72.260  -0.812 0.1000000015
13900  27.939  -71.040  -1.591 0.1000000015
14739  27.576  -70.064  -2.466 0.1000000015
14732  28.238  -70.305  -2.088 0.1000000015
16415  26.991  -68.653  -2.370 0.1000000015
17297  26.599  -67.964  -2.630 0.1000000015
17310  26.184  -67.658  -3.276 0.1000000015
112577  27.984  -66.121  -4.776 0.1000000015
18224  26.655  -66.904  -3.783 0.1000000015
18282  30.664  -66.697  -5.917 0.1000000015
19190  28.632  -66.058  -5.231 0.1000000015
18261  32.621  -66.312  -5.538 0.1000000015
18262  31.778  -66.102  -5.514 0.1000000015
122279  33.931  -68.276  -5.805 0.1000000015
123084  34.193  -69.013  -5.889 0.1000000015
115375  34.951  -69.045  -5.640 0.1000000015
15626  35.319  -69.727  -5.642 0.1000000015
110094  30.862  -77.400  -0.217 0.1000000015
10786  31.010  -75.722  -0.744 0.1000000015
118276  33.277  -78.190  3.847 0.1000000015
9222  32.560  -77.654  3.663 0.1000000015
9244  32.460  -77.704  2.484 0.1000000015
9259  32.267  -78.309  1.478 0.1000000015
9246  30.962  -77.669  1.427 0.1000000015
9289  30.264  -77.569  0.332 0.1000000015
107426  29.738  -75.955  -0.373 0.1000000015
12286  30.412  -74.776  -0.838 0.1000000015
9277  30.166  -77.673  0.821 0.1000000015
9278  29.490  -77.253  0.763 0.1000000015
12287  29.561  -74.201  -0.646 0.1000000015
13107  29.968  -72.178  -1.213 0.1000000015
13899  28.906  -70.894  -1.731 0.1000000015
12288  28.683  -73.843  -0.463 0.1000000015
118189  29.586  -73.074  -0.754 0.1000000015
15575  28.457  -69.483  -1.989 0.1000000015
17296  27.368  -67.732  -2.192 0.1000000015
18214  27.573  -66.805  -2.498 0.1000000015
18223  27.341  -66.526  -3.378 0.1000000015
19160  29.575  -65.164  -4.399 0.1000000015
18236  27.930  -65.986  -3.932 0.1000000015
19187  31.412  -65.374  -5.103 0.1000000015
18263  30.051  -66.072  -5.551 0.1000000015
19189  29.402  -65.675  -5.091 0.1000000015
19186  32.333  -65.517  -5.203 0.1000000015
18260  33.457  -66.548  -5.535 0.1000000015
8586  32.986  -78.530  -0.407 0.1000000015
8549  33.849  -79.049  1.582 0.1000000015
8574  33.322  -79.549  -0.068 0.1000000015
9287  31.998  -78.282  -0.255 0.1000000015
115544  31.631  -77.458  -0.456 0.1000000015
10785  31.978  -75.175  -0.975 0.1000000015
124501  33.912  -78.731  3.926 0.1000000015
8534  33.819  -78.507  2.842 0.1000000015
8563  32.926  -79.191  0.905 0.1000000015
8575  32.498  -79.007  0.353 0.1000000015
8576  31.718  -78.531  0.271 0.1000000015
9288  31.111  -78.036  0.047 0.1000000015
11517  31.482  -74.716  -1.112 0.1000000015
11535  31.161  -74.127  -1.335 0.1000000015
121065  30.429  -72.745  -1.298 0.1000000015
12308  30.549  -73.604  -1.198 0.1000000015
14731  29.273  -70.117  -1.945 0.1000000015
16399  28.756  -68.584  -1.657 0.1000000015
18222  27.932  -66.070  -3.024 0.1000000015
19141  29.049  -65.184  -3.813 0.1000000015
19188  30.387  -65.309  -4.978 0.1000000015
112669  34.044  -65.887  -5.384 0.1000000015
18258  35.637  -66.101  -5.492 0.1000000015
7881  33.862  -80.100  0.057 0.1000000015
117056  32.774  -77.270  -0.717 0.1000000015
107634  32.042  -75.889  -0.880 0.1000000015
7866  33.401  -79.655  0.241 0.1000000015
10065  32.128  -76.651  -0.733 0.1000000015
116068  31.604  -73.397  -1.580 0.1000000015
124445  31.790  -72.000  -1.738 0.1000000015
13106  30.879  -72.101  -1.695 0.1000000015
14730  31.337  -70.515  -1.696 0.1000000015
15569  29.601  -69.305  -1.714 0.1000000015
18203  28.865  -66.584  -1.490 0.1000000015
16400  28.117  -67.924  -1.753 0.1000000015
108540  29.476  -65.208  -2.172 0.1000000015
18213  28.252  -66.321  -2.243 0.1000000015
20045  29.668  -64.835  -3.613 0.1000000015
19125  29.021  -65.147  -2.959 0.1000000015
20061  31.733  -64.437  -3.909 0.1000000015
20062  30.334  -64.752  -4.189 0.1000000015
118496  33.422  -64.605  -4.250 0.1000000015
19158  31.994  -64.892  -4.681 0.1000000015
19159  31.119  -64.801  -4.497 0.1000000015
19184  34.639  -65.327  -5.198 0.1000000015
128069  36.276  -66.016  -5.513 0.1000000015
18256  38.065  -66.710  -5.568 0.1000000015
8585  34.079  -78.728  -0.368 0.1000000015
9286  33.990  -77.371  -0.530 0.1000000015
10784  33.020  -75.092  -1.072 0.1000000015
12307  32.582  -73.243  -1.649 0.1000000015
124416  32.488  -72.431  -1.692 0.1000000015
109546  34.935  -78.947  -0.041 0.1000000015
10797  32.567  -74.482  -1.304 0.1000000015
112565  31.674  -71.307  -1.718 0.1000000015
16398  29.850  -68.366  -1.240 0.1000000015
17277  28.816  -67.645  -1.413 0.1000000015
20042  31.920  -64.177  -3.036 0.1000000015
20026  29.844  -64.758  -2.789 0.1000000015
20043  31.142  -64.248  -3.223 0.1000000015
20059  34.535  -64.716  -4.570 0.1000000015
20082  35.304  -64.984  -5.019 0.1000000015
20081  36.764  -65.016  -5.049 0.1000000015
19154  38.841  -65.294  -4.867 0.1000000015
18235  40.810  -66.153  -5.047 0.1000000015
10053  35.149  -76.089  0.306 0.1000000015
126688  34.799  -75.426  -0.313 0.1000000015
11516  33.903  -74.057  -1.125 0.1000000015
13103  34.469  -71.871  -0.978 0.1000000015
13104  33.714  -71.614  -1.271 0.1000000015
127616  34.534  -74.794  -0.591 0.1000000015
11533  33.265  -73.602  -1.490 0.1000000015
14729  32.262  -70.021  -1.353 0.1000000015
15568  30.825  -69.159  -1.468 0.1000000015
17262  29.571  -67.313  -0.997 0.1000000015
127855  29.834  -65.251  -1.608 0.1000000015
20010  30.113  -64.787  -2.030 0.1000000015
18201  38.737  -66.075  -1.244 0.1000000015
19107  38.192  -65.521  -1.630 0.1000000015
19123  37.623  -64.999  -2.168 0.1000000015
20021  35.495  -64.644  -2.365 0.1000000015
113043  34.732  -64.521  -2.877 0.1000000015
20023  32.200  -64.110  -2.225 0.1000000015
20025  30.602  -64.428  -2.603 0.1000000015
120119  39.491  -66.300  -1.315 0.1000000015
19124  36.863  -64.929  -1.985 0.1000000015
116920  32.620  -64.248  -2.913 0.1000000015
120095  39.792  -65.821  -1.840 0.1000000015
19106  39.044  -65.543  -1.887 0.1000000015
19140  37.812  -64.776  -3.042 0.1000000015
20038  35.916  -64.479  -3.880 0.1000000015
20040  34.171  -64.468  -3.645 0.1000000015
18200  40.433  -66.346  -1.431 0.1000000015
19105  40.512  -65.707  -2.114 0.1000000015
118582  39.724  -65.388  -2.453 0.1000000015
20057  36.001  -64.775  -4.757 0.1000000015
19138  39.622  -65.026  -3.432 0.1000000015
20056  37.543  -64.794  -4.534 0.1000000015
108537  41.296  -65.272  -3.304 0.1000000015
19153  39.729  -65.325  -4.549 0.1000000015
19152  41.319  -65.613  -4.386 0.1000000015
10773  35.078  -74.509  0.208 0.1000000015
10772  35.146  -75.022  0.009 0.1000000015
11493  35.049  -74.128  -0.205 0.1000000015
11494  34.889  -73.547  -0.224 0.1000000015
12285  34.853  -72.623  -0.760 0.1000000015
11515  34.809  -73.293  -0.585 0.1000000015
13088  34.601  -71.993  -0.910 0.1000000015
13895  33.439  -70.872  -1.096 0.1000000015
13896  32.570  -70.582  -1.404 0.1000000015
115513  32.331  -69.597  -1.182 0.1000000015
116295  31.577  -69.719  -1.491 0.1000000015
19112  29.985  -65.611  -1.059 0.1000000015
20007  32.546  -64.206  -1.232 0.1000000015
20009  30.808  -64.459  -1.787 0.1000000015
19108  37.421  -65.448  -1.408 0.1000000015
20004  35.369  -64.819  -1.594 0.1000000015
107836  34.859  -64.601  -2.086 0.1000000015
20022  33.197  -64.274  -2.295 0.1000000015
18202  38.044  -66.137  -0.861 0.1000000015
18176  42.749  -66.736  -0.329 0.1000000015
18199  41.665  -66.154  -1.502 0.1000000015
10759  34.263  -74.436  0.705 0.1000000015
12272  34.397  -72.700  -0.374 0.1000000015
13089  33.988  -71.426  -0.905 0.1000000015
13888  33.394  -70.702  -0.964 0.1000000015
13887  34.057  -71.511  -0.996 0.1000000015
14724  32.837  -70.061  -1.038 0.1000000015
15553  32.346  -69.369  -0.946 0.1000000015
15567  31.866  -69.158  -1.194 0.1000000015
16388  30.345  -67.811  -0.801 0.1000000015
18183  30.325  -66.109  -0.480 0.1000000015
17261  30.246  -67.013  -0.561 0.1000000015
19993  31.728  -64.429  -0.626 0.1000000015
19994  30.991  -64.624  -0.952 0.1000000015
19089  37.197  -65.836  -0.732 0.1000000015
19090  36.439  -65.671  -0.582 0.1000000015
20006  33.615  -64.413  -1.332 0.1000000015
17257  39.974  -67.787  0.046 0.1000000015
125333  37.599  -66.377  -0.336 0.1000000015
107803  34.142  -64.460  -2.154 0.1000000015
18179  39.054  -66.840  -0.607 0.1000000015
12273  32.831  -73.094  0.302 0.1000000015
13080  33.723  -72.042  -0.521 0.1000000015
13877  32.965  -71.317  -0.494 0.1000000015
14725  32.612  -69.799  -0.849 0.1000000015
111905  31.889  -68.885  -0.877 0.1000000015
16387  30.931  -67.735  -0.454 0.1000000015
19976  31.906  -64.769  0.122 0.1000000015
19093  31.190  -64.929  -0.160 0.1000000015
19991  33.129  -64.477  -0.468 0.1000000015
19992  32.384  -64.458  -0.361 0.1000000015
19091  35.111  -65.003  -0.846 0.1000000015
17256  41.111  -67.710  0.135 0.1000000015
18175  43.903  -66.472  0.161 0.1000000015
13081  32.064  -72.422  0.287 0.1000000015
13889  32.240  -70.494  -0.376 0.1000000015
14708  31.726  -69.706  0.073 0.1000000015
107082  31.864  -68.860  -0.508 0.1000000015
119155  32.096  -69.249  -0.555 0.1000000015
16386  31.495  -68.347  -0.488 0.1000000015
122930  31.278  -67.627  -0.046 0.1000000015
17260  30.870  -66.760  0.010 0.1000000015
18182  30.900  -65.715  0.050 0.1000000015
19974  33.423  -64.764  0.186 0.1000000015
113398  35.659  -65.464  -0.350 0.1000000015
123818  34.130  -64.733  -0.464 0.1000000015
18180  38.267  -66.826  -0.144 0.1000000015
18181  36.968  -66.204  -0.134 0.1000000015
18151  43.645  -66.898  0.853 0.1000000015
15538  31.551  -68.952  0.428 0.1000000015
16381  31.555  -68.085  0.282 0.1000000015
17242  31.405  -67.131  0.559 0.1000000015
18158  31.389  -66.228  0.597 0.1000000015
19077  31.560  -65.424  0.427 0.1000000015
19975  32.681  -64.723  0.222 0.1000000015
16369  42.065  -68.323  1.443 0.1000000015
17237  40.922  -68.622  0.873 0.1000000015
18127  42.869  -67.692  1.198 0.1000000015
17223  31.612  -67.592  1.161 0.1000000015
18137  31.746  -66.777  1.193 0.1000000015
19054  33.549  -65.637  1.481 0.1000000015
19055  32.656  -65.773  1.361 0.1000000015
19053  34.535  -65.789  1.471 0.1000000015
19076  32.261  -65.240  0.718 0.1000000015
19075  33.088  -65.090  0.849 0.1000000015
16378  41.579  -68.954  1.630 0.1000000015
17238  39.827  -68.595  0.791 0.1000000015
17258  39.015  -67.598  0.195 0.1000000015
18154  37.610  -66.840  0.351 0.1000000015
19072  36.207  -65.958  0.143 0.1000000015
19092  34.889  -65.191  -0.114 0.1000000015
18152  43.183  -66.862  1.179 0.1000000015
17259  38.360  -67.386  0.435 0.1000000015
19052  35.310  -66.167  1.465 0.1000000015
18157  31.951  -65.956  1.065 0.1000000015
17240  38.061  -67.655  1.040 0.1000000015
18156  36.004  -66.312  0.984 0.1000000015
19073  35.280  -65.661  0.592 0.1000000015
18155  36.760  -66.546  0.598 0.1000000015
13110  23.930  -72.688  -2.213 0.1000000015
13915  25.658  -71.688  -2.592 0.1000000015
117406  25.363  -70.296  -4.120 0.1000000015
14786  25.948  -71.243  -4.038 0.1000000015
15612  24.586  -69.875  -4.834 0.1000000015
14828  30.334  -70.448  -7.508 0.1000000015
16466  24.515  -69.236  -5.541 0.1000000015
14827  31.095  -70.632  -7.201 0.1000000015
16501  26.421  -68.642  -7.509 0.1000000015
16489  24.755  -68.792  -6.152 0.1000000015
15661  26.666  -69.256  -7.978 0.1000000015
15678  26.536  -69.971  -8.457 0.1000000015
15662  25.302  -69.246  -7.551 0.1000000015
9955  27.462  -76.525  6.317 0.1000000015
13147  25.877  -72.347  -3.865 0.1000000015
13126  24.478  -72.340  -2.587 0.1000000015
15628  24.202  -69.977  -5.643 0.1000000015
9973  28.581  -76.480  5.608 0.1000000015
13095  24.571  -73.044  -0.923 0.1000000015
16484  30.257  -68.593  -6.928 0.1000000015
17376  27.607  -67.948  -7.129 0.1000000015
10716  28.882  -75.530  4.334 0.1000000015
114212  30.003  -75.914  3.632 0.1000000015
10747  28.974  -75.353  2.260 0.1000000015
10763  26.802  -75.142  1.028 0.1000000015
11477  26.419  -74.537  1.402 0.1000000015
10762  27.420  -75.517  1.031 0.1000000015
10789  27.007  -74.994  0.271 0.1000000015
114764  26.282  -71.333  -2.389 0.1000000015
109331  26.582  -67.418  -6.325 0.1000000015
16465  24.903  -68.569  -5.447 0.1000000015
16483  31.703  -68.356  -6.457 0.1000000015
17367  29.603  -67.388  -6.506 0.1000000015
10788  27.773  -75.179  0.052 0.1000000015
12290  26.775  -73.627  -0.289 0.1000000015
17311  25.575  -68.070  -3.803 0.1000000015
16428  26.101  -68.775  -3.033 0.1000000015
118901  25.947  -67.371  -5.104 0.1000000015
115799  28.592  -66.485  -5.776 0.1000000015
9263  29.028  -77.040  0.932 0.1000000015
9261  30.196  -77.609  1.115 0.1000000015
10040  29.793  -77.065  1.309 0.1000000015
122403  27.984  -74.424  -0.275 0.1000000015
13091  28.066  -72.369  -0.562 0.1000000015
18264  29.235  -66.277  -5.658 0.1000000015
9260  31.437  -78.305  1.119 0.1000000015
106428  28.912  -76.226  0.186 0.1000000015
119930  28.652  -72.966  -0.503 0.1000000015
13898  29.472  -71.541  -1.405 0.1000000015
13890  28.476  -71.596  -1.086 0.1000000015
15576  27.609  -69.417  -2.267 0.1000000015
109156  34.312  -66.802  -5.529 0.1000000015
113044  34.530  -67.738  -5.585 0.1000000015
16463  35.333  -68.234  -5.488 0.1000000015
10066  31.306  -76.671  -0.577 0.1000000015
10067  30.363  -76.805  -0.283 0.1000000015
8535  33.075  -77.943  2.945 0.1000000015
8564  31.533  -78.483  0.648 0.1000000015
109719  30.782  -78.103  0.906 0.1000000015
13897  30.531  -71.426  -1.733 0.1000000015
16414  27.834  -68.632  -1.975 0.1000000015
19161  28.701  -65.613  -4.429 0.1000000015
19185  33.200  -65.684  -5.291 0.1000000015
17342  35.269  -67.066  -5.498 0.1000000015
8587  32.411  -78.966  -0.026 0.1000000015
11534  32.039  -73.961  -1.464 0.1000000015
110438  31.229  -72.757  -1.664 0.1000000015
109481  29.998  -70.754  -1.902 0.1000000015
19142  28.485  -65.564  -3.508 0.1000000015
19126  28.465  -65.719  -2.769 0.1000000015
19157  32.900  -65.019  -4.843 0.1000000015
107123  35.291  -65.540  -5.321 0.1000000015
108328  36.137  -66.747  -5.493 0.1000000015
107851  33.090  -75.976  -0.868 0.1000000015
10064  34.068  -76.133  -0.613 0.1000000015
13105  32.777  -71.348  -1.540 0.1000000015
115954  30.447  -69.935  -1.781 0.1000000015
18212  28.855  -65.743  -2.155 0.1000000015
20041  33.325  -64.395  -3.289 0.1000000015
19181  37.523  -65.400  -5.235 0.1000000015
115625  37.495  -66.087  -5.525 0.1000000015
19180  38.356  -65.830  -5.393 0.1000000015
19179  39.298  -65.853  -5.270 0.1000000015
10063  34.839  -76.143  -0.203 0.1000000015
12306  33.785  -72.571  -1.382 0.1000000015
110935  29.396  -65.774  -1.533 0.1000000015
20058  35.354  -64.650  -4.460 0.1000000015
19178  40.063  -65.938  -5.163 0.1000000015
19155  38.145  -65.155  -4.941 0.1000000015
20035  39.068  -64.922  -4.167 0.1000000015
122942  40.503  -65.599  -4.646 0.1000000015
12305  34.817  -72.373  -0.870 0.1000000015
121837  31.169  -68.484  -1.005 0.1000000015
18184  29.668  -66.387  -0.958 0.1000000015
115402  36.234  -64.634  -2.777 0.1000000015
20039  35.031  -64.503  -3.798 0.1000000015
114882  33.915  -64.434  -2.866 0.1000000015
20008  31.586  -64.231  -1.520 0.1000000015
19122  38.390  -65.068  -2.427 0.1000000015
20020  37.070  -64.723  -2.845 0.1000000015
18178  40.175  -67.030  -0.713 0.1000000015
20037  37.286  -64.579  -3.687 0.1000000015
110422  37.938  -64.672  -3.795 0.1000000015
19139  38.618  -64.842  -3.408 0.1000000015
18177  41.383  -66.933  -0.642 0.1000000015
19120  40.481  -65.283  -2.944 0.1000000015
19137  40.621  -65.134  -3.941 0.1000000015
19136  42.014  -65.384  -3.670 0.1000000015
128029  41.292  -65.252  -3.872 0.1000000015
19109  36.656  -65.335  -1.251 0.1000000015
19110  35.912  -65.204  -1.077 0.1000000015
20005  34.539  -64.653  -1.418 0.1000000015
17254  43.405  -67.156  0.618 0.1000000015
17236  41.939  -68.232  0.981 0.1000000015
17235  42.892  -67.789  1.094 0.1000000015
19074  34.134  -65.161  0.611 0.1000000015
20097  41.824  -64.792  -6.240 0.4000000060
18280  44.389  -66.399  -5.841 0.3000000119
19206  43.829  -65.797  -6.070 0.3000000119
19207  43.087  -65.782  -6.388 0.3000000119
19208  42.165  -65.662  -6.601 0.4000000060
18281  43.376  -66.562  -6.605 0.3000000119
10122  37.106  -76.855  -6.559 0.1000000015
115405  37.568  -76.369  -6.072 0.1000000015
11601  38.344  -74.535  -5.828 0.2000000030
13188  40.240  -71.802  -7.160 0.3000000119
19237  42.565  -66.000  -9.913 0.4000000060
18279  45.120  -66.158  -5.339 0.3000000119
16508  42.165  -68.222  -8.645 0.4000000060
12356  39.930  -73.048  -6.022 0.2000000030
119840  40.271  -71.240  -7.540 0.3000000119
15687  41.600  -68.954  -9.192 0.4000000060
9352  37.392  -77.884  -6.436 0.1000000015
12357  39.234  -73.365  -6.062 0.3000000119
16518  42.016  -68.154  -9.492 0.4000000060
17387  42.432  -67.038  -9.439 0.4000000060
112623  42.606  -66.439  -10.355 0.4000000060
113539  36.713  -77.433  -7.221 0.1000000015
20122  42.390  -65.117  -10.331 0.5000000000
119521  37.847  -73.989  -6.292 0.2000000030
13174  39.479  -72.595  -6.658 0.3000000119
14839  40.713  -70.328  -8.367 0.3000000119
16517  42.208  -67.397  -9.640 0.4000000060
120130  41.576  -64.864  -9.977 0.4000000060
15672  41.108  -69.695  -8.798 0.4000000060
15700  41.534  -68.977  -10.086 0.4000000060
17401  42.405  -66.982  -10.142 0.4000000060
19248  43.053  -66.034  -10.845 0.4000000060
19236  42.684  -66.251  -10.234 0.5000000000
10136  36.327  -76.497  -7.299 0.2000000030
10864  36.703  -75.706  -6.680 0.2000000030
13175  38.641  -72.900  -6.595 0.2000000030
11602  37.623  -74.617  -6.236 0.2000000030
13994  39.993  -71.014  -8.289 0.3000000119
14854  40.504  -70.356  -9.260 0.3000000119
10149  36.162  -77.219  -8.133 0.1000000015
16533  41.836  -68.009  -10.370 0.4000000060
13189  39.796  -72.027  -7.247 0.3000000119
15688  41.114  -69.725  -9.721 0.4000000060
19249  42.936  -65.400  -10.748 0.5000000000
20131  42.173  -64.324  -10.519 0.5000000000
20132  41.487  -63.989  -10.350 0.4000000060
15701  41.038  -69.676  -10.566 0.4000000060
18323  42.668  -66.500  -10.826 0.4000000060
20987  42.682  -64.442  -10.906 0.5000000000
20988  42.177  -63.610  -10.896 0.4000000060
11603  36.910  -74.737  -6.638 0.2000000030
13176  37.879  -73.332  -6.617 0.2000000030
13190  38.951  -72.082  -7.264 0.4000000060
13191  37.948  -72.543  -7.051 0.2000000030
13984  39.572  -71.631  -7.698 0.3000000119
13985  39.056  -71.448  -8.050 0.4000000060
116487  39.810  -71.076  -8.817 0.3000000119
18335  42.953  -66.133  -11.283 0.5000000000
21007  42.633  -63.982  -11.493 0.5000000000
119082  41.452  -63.213  -10.638 0.4000000060
20989  40.675  -63.555  -10.266 0.4000000060
112165  39.369  -71.167  -8.845 0.4000000060
14866  40.570  -70.269  -10.183 0.4000000060
16534  41.313  -69.039  -10.958 0.4000000060
19262  43.068  -65.564  -11.413 0.5000000000
10137  35.824  -76.320  -7.963 0.2000000030
12359  37.219  -73.887  -6.726 0.2000000030
21826  40.850  -62.568  -10.634 0.4000000060
12365  37.319  -73.119  -6.977 0.2000000030
14855  40.111  -70.744  -9.800 0.3000000119
15711  40.902  -69.554  -11.206 0.4000000060
17402  42.038  -67.311  -10.968 0.4000000060
118390  36.532  -74.129  -7.053 0.2000000030
13986  37.943  -71.741  -7.722 0.3000000119
14013  39.748  -70.993  -9.375 0.3000000119
115621  42.338  -66.705  -11.446 0.5000000000
20152  42.947  -64.769  -11.465 0.5000000000
22680  38.742  -61.107  -10.463 0.4000000060
10150  35.686  -76.594  -8.792 0.2000000030
10876  35.927  -75.603  -7.448 0.2000000030
15702  40.473  -69.988  -10.898 0.4000000060
16542  41.458  -68.398  -11.432 0.4000000060
21825  41.677  -62.783  -11.018 0.4000000060
24440  36.814  -59.309  -10.323 0.4000000060
10162  35.598  -76.697  -9.884 0.2000000030
11618  35.633  -74.862  -7.648 0.2000000030
12366  36.650  -73.418  -7.178 0.2000000030
13192  37.001  -72.530  -7.382 0.2000000030
14856  39.636  -70.790  -10.020 0.4000000060
120801  41.800  -67.013  -12.103 0.5000000000
19274  42.786  -65.177  -12.105 0.5000000000
110161  35.852  -77.219  -10.258 0.2000000030
127544  39.030  -71.090  -9.028 0.4000000060
14867  40.039  -70.491  -10.496 0.3000000119
17414  41.628  -67.687  -11.848 0.5000000000
17430  42.534  -66.129  -11.974 0.5000000000
10176  35.776  -76.887  -10.926 0.2000000030
23542  38.405  -59.939  -10.739 0.4000000060
24439  37.663  -59.456  -10.594 0.2000000030
22679  39.821  -61.150  -10.765 0.4000000060
22678  40.533  -61.815  -10.841 0.4000000060
10877  35.420  -75.619  -8.269 0.2000000030
21008  42.140  -63.261  -11.554 0.4000000060
21837  41.138  -62.102  -11.160 0.4000000060
121883  35.255  -76.074  -9.125 0.2000000030
124495  35.801  -73.895  -7.547 0.2000000030
13193  36.190  -73.001  -7.502 0.2000000030
10888  34.892  -75.308  -8.936 0.2000000030
22686  40.584  -61.446  -11.285 0.4000000060
21858  41.026  -61.873  -11.878 0.4000000060
16543  41.058  -69.189  -11.754 0.3000000119
19275  41.997  -65.844  -12.820 0.5000000000
20167  42.785  -64.425  -12.045 0.5000000000
21857  41.575  -62.575  -11.668 0.4000000060
13996  38.482  -71.085  -8.692 0.4000000060
15703  39.872  -69.972  -11.093 0.4000000060
15712  40.513  -69.524  -11.522 0.3000000119
16558  41.101  -68.660  -12.433 0.4000000060
14857  38.334  -70.563  -9.425 0.4000000060
18350  41.593  -66.872  -12.786 0.5000000000
11628  35.176  -74.609  -8.207 0.2000000030
23548  40.135  -60.851  -11.416 0.4000000060
21025  42.384  -63.825  -12.199 0.5000000000
21036  41.720  -63.900  -12.972 0.5000000000
16544  40.604  -69.095  -12.242 0.4000000060
17431  41.316  -67.861  -12.746 0.5000000000
20168  42.140  -64.749  -12.784 0.5000000000
17446  41.050  -67.771  -13.618 0.5000000000
17432  40.777  -68.394  -13.241 0.5000000000
19215  42.542  -66.491  -6.941 0.4000000060
18309  42.515  -66.770  -9.601 0.4000000060
23541  39.052  -60.438  -10.795 0.4000000060
15642  43.831  -68.381  -5.860 0.3000000119
16479  43.541  -67.619  -6.628 0.3000000119
17375  43.106  -67.073  -6.902 0.2000000030
18292  43.667  -66.714  -6.421 0.2000000030
13949  42.514  -70.570  -4.464 0.2000000030
14814  42.830  -69.822  -5.812 0.3000000119
15644  42.443  -69.568  -6.708 0.3000000119
15654  42.663  -68.719  -7.001 0.3000000119
13962  42.155  -71.201  -4.884 0.2000000030
113526  41.814  -71.041  -5.909 0.2000000030
14825  41.763  -70.092  -7.189 0.2000000030
12349  39.211  -74.328  -5.438 0.2000000030
9454  35.971  -76.589  -12.872 0.1000000015
9455  35.350  -76.960  -13.201 0.1000000015
14016  33.251  -71.774  -9.521 0.1000000015
17322  44.558  -67.461  -4.304 0.1000000015
17362  44.761  -66.643  -5.561 0.2000000030
17363  44.155  -66.983  -6.163 0.2000000030
121898  44.069  -68.642  -4.949 0.2000000030
125626  44.190  -67.589  -5.906 0.2000000030
16427  43.132  -69.075  -3.869 0.1000000015
14756  42.768  -70.111  -3.877 0.1000000015
14779  43.422  -69.524  -4.363 0.2000000030
14757  42.415  -70.306  -3.790 0.1000000015
14738  41.976  -70.872  -3.521 0.1000000015
10161  36.015  -77.410  -9.309 0.1000000015
10188  35.823  -76.844  -11.581 0.1000000015
11637  33.997  -74.057  -9.428 0.1000000015
12372  34.486  -73.603  -8.753 0.1000000015
13206  34.779  -72.802  -8.444 0.1000000015
118136  34.727  -72.025  -8.566 0.1000000015
11644  33.955  -74.827  -10.364 0.1000000015
12382  34.084  -73.104  -8.999 0.1000000015
13218  34.286  -72.411  -8.809 0.1000000015
14842  35.734  -70.483  -8.542 0.1000000015
13219  33.671  -72.471  -9.266 0.1000000015
14843  34.746  -70.389  -8.661 0.1000000015
15692  35.832  -68.973  -8.848 0.1000000015
15674  35.278  -69.679  -8.681 0.1000000015
16520  36.394  -68.320  -9.233 0.1000000015
16441  44.189  -68.184  -4.451 0.2000000030
14755  43.423  -69.429  -4.009 0.1000000015
13997  37.293  -71.265  -8.269 0.1000000015
15714  39.402  -69.371  -11.322 0.3000000119
10900  34.949  -75.918  -9.805 0.1000000015
11629  34.618  -74.391  -8.819 0.1000000015
13205  35.526  -72.921  -7.884 0.1000000015
13998  36.336  -71.535  -8.073 0.1000000015
14858  37.530  -70.031  -9.357 0.2000000030
15704  38.995  -69.902  -10.650 0.3000000119
17415  39.426  -68.394  -12.186 0.3000000119
17433  39.703  -68.334  -13.105 0.3000000119
10912  34.619  -75.622  -10.568 0.1000000015
13999  35.450  -72.001  -8.213 0.1000000015
14841  36.718  -70.173  -8.813 0.1000000015
15705  38.287  -69.408  -10.312 0.2000000030
119300  39.062  -68.616  -11.432 0.3000000119
114145  34.322  -75.252  -11.232 0.1000000015
15673  36.074  -69.727  -8.754 0.1000000015
17404  37.519  -67.675  -10.170 0.2000000030
17416  38.779  -67.769  -11.560 0.3000000119
121401  36.814  -67.773  -9.615 0.1000000015
18336  38.513  -66.912  -11.755 0.4000000060
16509  34.933  -68.811  -8.740 0.1000000015
17405  36.756  -67.076  -9.837 0.1000000015
18325  37.342  -66.736  -10.459 0.3000000119
19088  44.323  -64.936  -0.435 0.1000000015
20018  44.631  -64.317  -2.267 0.1000000015
20179  41.405  -64.726  -13.802 0.4000000060
18362  41.277  -66.772  -13.700 0.4000000060
16560  40.246  -68.566  -13.380 0.3000000119
17447  40.410  -68.166  -13.963 0.4000000060
18363  40.606  -67.528  -14.332 0.4000000060
17448  39.840  -68.165  -13.955 0.4000000060
18364  39.437  -67.542  -14.409 0.4000000060
17449  39.294  -67.634  -13.499 0.4000000060
18365  38.809  -66.864  -13.969 0.5000000000
18337  37.827  -66.413  -11.199 0.3000000119
19263  38.187  -66.116  -12.029 0.5000000000
17384  34.557  -67.811  -8.905 0.2000000030
17388  36.165  -67.492  -9.342 0.1000000015
19264  37.530  -65.811  -11.523 0.4000000060
15693  33.553  -69.574  -9.080 0.1000000015
18311  36.013  -66.694  -9.574 0.2000000030
18326  36.571  -66.321  -10.177 0.2000000030
14861  32.688  -70.276  -10.193 0.1000000015
15694  32.884  -69.558  -9.692 0.1000000015
106964  34.652  -66.892  -9.147 0.2000000030
14870  32.495  -70.227  -11.221 0.1000000015
15706  32.461  -69.553  -10.563 0.1000000015
21026  41.813  -63.141  -12.274 0.3000000119
18378  40.749  -66.621  -14.517 0.4000000060
19286  41.427  -65.696  -13.714 0.4000000060
18379  40.143  -67.242  -14.962 0.4000000060
20200  40.768  -65.636  -14.664 0.4000000060
118220  39.044  -67.101  -14.824 0.4000000060
18380  39.554  -67.293  -15.085 0.4000000060
128095  38.265  -66.064  -14.007 0.5000000000
19276  38.304  -66.025  -13.067 0.4000000060
19251  36.354  -65.591  -10.614 0.3000000119
19250  37.091  -66.015  -10.851 0.4000000060
19277  37.548  -65.378  -12.354 0.4000000060
17390  32.252  -67.744  -9.752 0.2000000030
107769  32.935  -67.175  -9.343 0.2000000030
18312  35.208  -66.386  -9.440 0.2000000030
16546  32.077  -68.941  -10.962 0.1000000015
16524  32.462  -68.729  -9.937 0.2000000030
14077  32.738  -71.430  -15.460 0.1000000015
20180  41.147  -63.923  -13.915 0.4000000060
21027  41.209  -63.157  -13.081 0.4000000060
20201  40.761  -64.731  -14.734 0.4000000060
19304  40.149  -66.545  -15.378 0.4000000060
115074  40.322  -65.493  -15.850 0.4000000060
19305  39.554  -66.750  -15.552 0.4000000060
19287  38.545  -66.501  -14.785 0.4000000060
18381  39.024  -66.804  -15.391 0.4000000060
19307  37.812  -65.652  -14.592 0.3000000119
20169  37.055  -64.778  -13.073 0.4000000060
19288  37.735  -65.419  -13.511 0.4000000060
19253  34.927  -64.993  -10.100 0.3000000119
19252  35.589  -65.230  -10.350 0.3000000119
19265  36.893  -65.361  -11.401 0.4000000060
16537  31.811  -68.163  -10.448 0.2000000030
17391  32.117  -66.967  -9.639 0.2000000030
109037  33.343  -66.249  -9.294 0.2000000030
18313  34.307  -66.085  -9.309 0.2000000030
15716  31.876  -69.084  -11.971 0.2000000030
118064  30.668  -73.105  -14.949 0.1000000015
12453  31.542  -73.133  -15.358 0.1000000015
111901  31.765  -71.242  -15.197 0.1000000015
22700  40.419  -61.169  -11.940 0.3000000119
21037  40.430  -63.205  -14.050 0.4000000060
21871  40.668  -62.375  -13.097 0.3000000119
121141  40.547  -64.043  -14.659 0.4000000060
20223  40.380  -64.899  -16.575 0.4000000060
20202  40.455  -64.552  -15.568 0.4000000060
19321  39.738  -66.041  -16.209 0.4000000060
19306  38.368  -66.125  -15.449 0.4000000060
19322  39.050  -66.279  -16.208 0.4000000060
20181  37.245  -64.971  -13.977 0.4000000060
124114  37.726  -65.465  -15.343 0.3000000119
20154  34.661  -64.011  -11.114 0.3000000119
20153  35.429  -64.205  -11.529 0.3000000119
20171  35.578  -63.986  -12.411 0.3000000119
113984  36.281  -64.320  -12.769 0.3000000119
18328  30.675  -66.642  -10.121 0.2000000030
18315  31.480  -66.318  -9.675 0.2000000030
20126  33.130  -64.892  -9.601 0.3000000119
20125  33.791  -64.856  -9.746 0.2000000030
107933  35.208  -64.562  -10.694 0.3000000119
20133  36.066  -64.813  -11.185 0.3000000119
17406  31.453  -67.281  -10.086 0.2000000030
19241  33.635  -65.451  -9.460 0.2000000030
17417  31.200  -67.788  -10.945 0.2000000030
23557  39.842  -60.403  -12.035 0.3000000119
23574  39.385  -60.395  -13.019 0.3000000119
22701  39.929  -61.059  -12.760 0.3000000119
108796  40.044  -61.718  -13.384 0.4000000060
22717  40.538  -61.685  -12.563 0.3000000119
21900  39.890  -63.130  -15.709 0.3000000119
21884  39.687  -62.746  -14.753 0.4000000060
21085  40.602  -64.610  -17.586 0.4000000060
21074  40.413  -64.139  -16.254 0.4000000060
125868  40.412  -64.982  -17.569 0.4000000060
20222  40.123  -65.250  -17.143 0.4000000060
126019  38.609  -65.184  -17.140 0.3000000119
109615  38.753  -65.570  -16.826 0.4000000060
19334  39.484  -65.624  -16.945 0.4000000060
21039  35.264  -63.416  -13.678 0.3000000119
21038  35.807  -63.696  -14.137 0.2000000030
20204  36.396  -64.041  -14.732 0.2000000030
20225  37.275  -64.149  -15.963 0.2000000030
19324  37.469  -64.922  -15.712 0.3000000119
19323  38.198  -65.599  -16.065 0.3000000119
21009  34.065  -63.589  -11.726 0.3000000119
21028  35.050  -63.543  -12.944 0.3000000119
20182  35.742  -63.879  -13.302 0.2000000030
125076  36.501  -64.356  -13.845 0.2000000030
20203  37.095  -64.843  -14.820 0.2000000030
18316  30.495  -65.823  -9.778 0.2000000030
124253  31.793  -64.101  -10.019 0.3000000119
20136  32.539  -64.364  -9.932 0.3000000119
20155  33.820  -63.916  -10.828 0.3000000119
24444  39.287  -59.713  -11.770 0.3000000119
23549  39.580  -60.356  -11.288 0.3000000119
20249  40.635  -64.500  -18.372 0.3000000119
21075  37.135  -63.206  -16.050 0.2000000030
21917  37.771  -62.898  -16.755 0.2000000030
20236  38.648  -64.730  -17.428 0.2000000030
19343  39.334  -64.956  -17.809 0.2000000030
22752  35.851  -61.958  -15.010 0.2000000030
21076  36.495  -63.504  -15.358 0.2000000030
21087  37.865  -63.941  -16.720 0.2000000030
24438  38.402  -59.334  -10.986 0.2000000030
14875  32.470  -70.183  -12.379 0.1000000015
15715  32.237  -69.615  -11.606 0.1000000015
20128  30.784  -65.024  -9.651 0.3000000119
17407  30.807  -67.237  -10.614 0.2000000030
18294  42.868  -66.931  -7.493 0.3000000119
16495  42.831  -67.487  -7.327 0.3000000119
13971  41.467  -70.827  -6.835 0.2000000030
20002  44.403  -64.250  -1.356 0.1000000015
117828  45.246  -66.644  -4.942 0.2000000030
13987  36.928  -71.838  -7.827 0.1000000015
14869  38.995  -70.521  -10.077 0.3000000119
23550  38.979  -59.745  -11.156 0.3000000119
107839  41.290  -62.484  -12.371 0.3000000119
14840  37.508  -70.658  -8.833 0.3000000119
15713  40.079  -69.334  -11.810 0.2000000030
12371  35.031  -73.682  -8.234 0.1000000015
15622  43.587  -69.292  -5.167 0.2000000030
16480  43.300  -68.354  -6.647 0.3000000119
13961  42.445  -70.518  -5.412 0.1000000015
14815  42.187  -70.367  -6.368 0.2000000030
14015  34.087  -71.702  -8.888 0.1000000015
16440  44.818  -67.378  -4.772 0.2000000030
10901  34.418  -75.064  -9.612 0.1000000015
125830  35.789  -71.226  -8.318 0.1000000015
14000  34.963  -71.256  -8.532 0.1000000015
16519  37.188  -68.474  -9.672 0.1000000015
108790  36.574  -70.876  -8.457 0.2000000030
126395  39.660  -68.953  -11.886 0.3000000119
15690  37.656  -69.324  -9.789 0.2000000030
16535  38.642  -69.031  -10.824 0.3000000119
17465  39.974  -67.821  -14.588 0.4000000060
16536  37.931  -68.656  -10.251 0.3000000119
17403  38.353  -68.124  -10.822 0.3000000119
18324  38.114  -67.197  -10.914 0.3000000119
111008  39.856  -67.059  -15.312 0.4000000060
16523  33.220  -68.795  -9.306 0.2000000030
106383  33.890  -67.001  -9.077 0.2000000030
20134  34.332  -64.529  -10.275 0.3000000119
19240  34.351  -65.220  -9.699 0.2000000030
18314  32.454  -66.312  -9.454 0.2000000030
21872  40.047  -62.373  -13.915 0.4000000060
21055  40.089  -63.633  -15.181 0.4000000060
20172  34.860  -63.750  -12.042 0.3000000119
128355  31.282  -65.532  -9.588 0.2000000030
19243  32.031  -65.584  -9.493 0.2000000030
22718  39.498  -61.080  -13.691 0.4000000060
19342  39.838  -65.254  -17.583 0.4000000060
20224  37.999  -64.962  -16.646 0.2000000030
119593  34.564  -62.979  -13.546 0.2000000030
21057  35.231  -62.992  -14.326 0.2000000030
21056  35.916  -63.399  -14.742 0.2000000030
20226  36.893  -64.320  -15.329 0.2000000030
108756  39.564  -61.871  -14.300 0.3000000119
22730  39.386  -61.115  -14.681 0.3000000119
24447  39.282  -59.843  -12.424 0.2000000030
13165  41.616  -71.735  -5.349 0.1000000015
12347  41.075  -73.031  -4.776 0.1000000015
13166  41.123  -72.305  -5.692 0.1000000015
17321  45.090  -66.868  -4.314 0.1000000015
13972  41.180  -71.595  -6.452 0.1000000015
11584  40.107  -74.415  -4.678 0.1000000015
13172  40.663  -72.119  -6.567 0.1000000015
12348  40.378  -73.502  -5.179 0.1000000015
25351  37.185  -58.693  -10.604 0.1000000015
25350  38.000  -58.734  -11.005 0.1000000015
26267  37.991  -57.414  -11.581 0.1000000015
122270  38.216  -58.192  -11.498 0.1000000015
24445  38.689  -58.926  -11.587 0.1000000015
127904  38.526  -58.320  -11.826 0.1000000015
24448  38.926  -59.202  -12.379 0.1000000015
25361  38.605  -58.379  -12.332 0.1000000015
24459  38.936  -59.663  -13.241 0.1000000015
116871  38.762  -59.210  -13.774 0.2000000030
119169  39.973  -62.566  -16.219 0.2000000030
23595  39.280  -60.113  -14.606 0.2000000030
114055  39.555  -62.169  -15.209 0.2000000030
24495  39.615  -59.641  -15.360 0.2000000030
22749  39.687  -61.568  -15.711 0.2000000030
21915  40.505  -63.632  -16.874 0.2000000030
21097  40.391  -64.342  -18.582 0.1000000015
24475  39.114  -59.172  -14.537 0.2000000030
21914  40.835  -62.898  -17.564 0.2000000030
117890  41.142  -63.949  -17.953 0.1000000015
21927  41.372  -63.501  -18.734 0.1000000015
21096  41.086  -64.226  -18.489 0.1000000015
110423  37.507  -57.922  -11.004 0.1000000015
25358  38.412  -57.792  -11.959 0.1000000015
22719  39.148  -60.355  -13.886 0.2000000030
23614  39.598  -60.593  -15.460 0.2000000030
20994  31.423  -63.577  -10.440 0.2000000030
21010  33.273  -63.450  -11.427 0.2000000030
20993  32.209  -63.710  -10.527 0.2000000030
20995  30.433  -63.503  -10.368 0.2000000030
21012  31.128  -63.028  -10.838 0.2000000030
21030  33.500  -63.093  -12.313 0.2000000030
21011  31.898  -63.056  -11.183 0.2000000030
21031  32.678  -62.856  -11.899 0.2000000030
21830  29.819  -62.757  -10.784 0.2000000030
21029  34.288  -63.298  -12.642 0.2000000030
21860  32.394  -62.184  -12.377 0.1000000015
21838  32.008  -62.473  -11.796 0.2000000030
21859  33.073  -62.490  -12.762 0.2000000030
21873  34.039  -62.433  -13.638 0.2000000030
22702  32.178  -61.398  -12.353 0.1000000015
21875  32.858  -61.821  -12.961 0.1000000015
22720  33.409  -61.498  -13.433 0.1000000015
22704  30.609  -60.520  -11.748 0.1000000015
23551  29.680  -60.628  -11.759 0.1000000015
25385  38.691  -58.534  -13.932 0.1000000015
22732  34.551  -61.666  -14.272 0.1000000015
23576  33.496  -60.713  -13.338 0.1000000015
22733  33.958  -61.901  -13.846 0.1000000015
116653  32.424  -60.273  -12.376 0.1000000015
23559  32.787  -61.011  -12.898 0.1000000015
24450  31.802  -59.528  -11.909 0.1000000015
109311  31.170  -57.911  -11.843 0.1000000015
25384  39.183  -58.191  -14.699 0.1000000015
26293  39.340  -57.282  -14.788 0.1000000015
21902  36.464  -62.560  -15.487 0.1000000015
21885  35.149  -62.210  -14.591 0.1000000015
23599  34.017  -61.185  -13.855 0.1000000015
23598  34.700  -60.842  -14.228 0.1000000015
24449  32.849  -59.385  -12.332 0.1000000015
25364  31.987  -58.533  -11.814 0.1000000015
25363  32.998  -58.265  -12.112 0.1000000015
23596  36.247  -60.143  -14.896 0.1000000015
22751  36.572  -61.628  -15.467 0.1000000015
24478  35.724  -59.616  -14.405 0.1000000015
23597  35.467  -60.494  -14.540 0.1000000015
22731  35.259  -61.379  -14.627 0.1000000015
24460  35.256  -59.086  -13.814 0.1000000015
24479  34.959  -59.973  -14.023 0.1000000015
125342  35.189  -57.720  -13.428 0.1000000015
24461  34.452  -59.433  -13.394 0.1000000015
24462  33.678  -59.860  -13.010 0.1000000015
23575  34.214  -60.349  -13.659 0.1000000015
27182  34.545  -56.576  -12.825 0.1000000015
26284  34.589  -57.449  -12.952 0.1000000015
25375  33.809  -58.890  -12.698 0.1000000015
26271  33.796  -57.014  -12.431 0.1000000015
25399  39.827  -57.793  -15.435 0.1000000015
114863  39.677  -58.698  -15.406 0.1000000015
21901  37.151  -62.227  -16.043 0.1000000015
26296  35.795  -57.470  -13.841 0.1000000015
25373  35.537  -58.246  -13.771 0.1000000015
26283  35.226  -56.990  -13.389 0.1000000015
22766  37.803  -61.859  -16.650 0.1000000015
125744  31.000  -61.805  -11.623 0.1000000015
22703  31.289  -61.254  -11.836 0.1000000015
25362  33.868  -57.913  -12.537 0.1000000015
26272  33.140  -57.439  -12.109 0.1000000015
23616  36.780  -60.689  -15.395 0.1000000015
13276  26.861  -71.892  -14.283 0.1000000015
14920  26.566  -70.224  -14.818 0.1000000015
113564  26.307  -72.043  -14.790 0.1000000015
121017  26.539  -72.546  -14.463 0.1000000015
11691  25.506  -74.447  -15.433 0.1000000015
11699  25.057  -75.107  -15.986 0.1000000015
10245  24.373  -76.565  -16.913 0.1000000015
14067  27.398  -71.221  -14.166 0.1000000015
14919  27.234  -70.409  -14.381 0.1000000015
13277  26.012  -73.044  -14.885 0.1000000015
12457  26.208  -73.822  -14.623 0.1000000015
15755  26.363  -69.500  -15.060 0.1000000015
15754  26.983  -69.579  -14.520 0.1000000015
15753  28.038  -69.652  -14.346 0.1000000015
14918  28.115  -70.654  -14.207 0.1000000015
121309  27.165  -72.577  -14.102 0.1000000015
14930  26.242  -70.703  -15.206 0.1000000015
16588  28.467  -68.726  -14.271 0.1000000015
15752  29.092  -69.257  -14.486 0.1000000015
127797  26.058  -69.485  -15.746 0.1000000015
110508  26.135  -68.209  -14.906 0.1000000015
17475  25.900  -67.437  -15.239 0.1000000015
16609  26.039  -68.269  -16.503 0.1000000015
108453  26.048  -68.794  -15.540 0.1000000015
126425  25.979  -67.047  -15.770 0.1000000015
10978  23.541  -76.200  -18.167 0.1000000015
8550  33.135  -78.278  1.972 0.1000000015
8565  30.912  -78.106  0.560 0.1000000015
8573  34.264  -79.914  -0.127 0.1000000015
9954  28.259  -76.815  6.205 0.1000000015
10043  28.102  -75.856  0.807 0.1000000015
10715  29.542  -75.624  3.767 0.1000000015
10717  28.039  -75.066  4.399 0.1000000015
10775  26.980  -75.219  0.705 0.1000000015
10863  37.547  -75.486  -6.128 0.1000000015
10969  25.160  -75.912  -15.863 0.1000000015
11518  29.005  -75.594  -0.196 0.1000000015
11532  34.458  -73.079  -1.150 0.1000000015
11617  36.190  -74.781  -7.123 0.2000000030
11659  36.197  -75.330  -13.401 0.2000000030
11673  35.835  -74.149  -15.141 0.1000000015
11678  25.889  -74.479  -14.875 0.1000000015
12358  38.492  -73.721  -6.148 0.3000000119
12458  25.759  -73.872  -14.992 0.1000000015
12478  31.011  -73.882  -15.260 0.1000000015
13093  26.433  -72.838  -0.435 0.1000000015
13094  25.227  -72.876  -0.724 0.1000000015
13167  40.541  -72.725  -5.848 0.1000000015
13173  40.129  -72.393  -6.648 0.3000000119
13204  36.178  -72.282  -7.764 0.1000000015
13256  34.860  -72.466  -14.974 0.1000000015
13292  34.205  -72.013  -15.492 0.1000000015
13901  26.363  -71.481  -1.455 0.1000000015
13911  42.186  -70.752  -3.712 0.1000000015
13912  41.871  -71.183  -3.544 0.1000000015
13913  41.629  -71.376  -3.484 0.1000000015
13914  26.702  -71.003  -2.816 0.1000000015
13982  40.875  -71.206  -7.324 0.4000000060
13983  39.923  -71.428  -7.673 0.3000000119
13993  40.454  -70.830  -7.945 0.3000000119
13995  39.703  -71.290  -8.263 0.3000000119
14011  40.236  -70.648  -8.597 0.3000000119
14012  40.018  -70.836  -9.066 0.3000000119
14014  39.132  -70.925  -9.396 0.4000000060
14061  33.589  -70.874  -14.909 0.2000000030
14066  28.149  -71.368  -14.057 0.1000000015
14068  26.604  -71.119  -14.650 0.1000000015
14078  26.143  -71.413  -15.353 0.1000000015
14780  43.064  -70.082  -4.087 0.2000000030
14787  25.068  -70.927  -4.768 0.1000000015
14796  43.058  -70.014  -4.870 0.2000000030
14816  34.222  -70.296  -6.145 0.1000000015
14868  39.539  -70.425  -10.521 0.4000000060
14889  32.793  -70.311  -13.334 0.1000000015
14914  33.051  -70.320  -14.676 0.2000000030
15587  43.626  -68.973  -3.934 0.2000000030
15588  43.060  -69.620  -3.807 0.1000000015
15605  43.822  -69.016  -4.339 0.2000000030
15625  36.104  -69.762  -5.375 0.1000000015
15643  43.180  -69.080  -6.246 0.3000000119
15650  24.438  -69.396  -6.375 0.1000000015
15656  31.539  -69.925  -6.879 0.1000000015
15689  38.265  -70.025  -10.006 0.2000000030
15691  36.766  -69.287  -9.196 0.1000000015
15726  32.427  -69.717  -13.434 0.2000000030
15737  31.884  -69.112  -13.974 0.1000000015
15750  31.322  -69.004  -14.529 0.2000000030
16429  25.398  -68.829  -3.773 0.1000000015
16456  44.388  -67.930  -5.221 0.2000000030
16486  28.758  -67.442  -6.627 0.1000000015
16496  42.984  -67.995  -7.301 0.3000000119
16521  35.537  -68.092  -8.961 0.1000000015
16545  40.084  -68.886  -12.600 0.2000000030
16547  31.577  -68.439  -11.428 0.2000000030
16559  40.579  -68.777  -12.861 0.4000000060
16562  31.061  -68.121  -12.748 0.2000000030
16573  29.787  -68.042  -13.881 0.1000000015
16575  27.774  -68.215  -13.947 0.1000000015
16586  30.444  -68.602  -14.321 0.1000000015
16589  26.573  -68.872  -14.711 0.1000000015
17215  42.256  -68.089  1.362 0.1000000015
17255  42.400  -67.495  0.386 0.1000000015
17295  28.084  -67.134  -1.829 0.1000000015
17306  45.195  -66.284  -3.973 0.1000000015
17309  26.860  -67.221  -2.847 0.1000000015
17327  25.546  -67.790  -4.571 0.1000000015
17337  44.700  -67.195  -5.458 0.2000000030
17345  32.060  -66.892  -5.874 0.1000000015
17348  25.386  -67.934  -5.317 0.1000000015
17369  26.002  -67.864  -6.614 0.1000000015
17389  35.362  -67.206  -9.166 0.2000000030
17419  29.890  -67.097  -11.690 0.3000000119
17434  39.100  -67.639  -12.454 0.3000000119
17435  30.441  -67.622  -12.476 0.2000000030
17438  27.434  -67.167  -12.764 0.2000000030
17483  25.993  -67.493  -16.087 0.1000000015
18231  45.392  -66.166  -4.401 0.4000000060
18237  27.327  -66.436  -4.325 0.1000000015
18257  36.807  -66.403  -5.519 0.1000000015
18259  34.863  -66.088  -5.462 0.1000000015
18284  29.015  -66.823  -6.188 0.1000000015
18327  35.817  -65.948  -9.941 0.3000000119
18341  27.482  -66.162  -11.544 0.3000000119
18351  38.728  -66.841  -12.764 0.5000000000
18352  27.868  -66.791  -11.964 0.3000000119
18382  25.860  -67.024  -14.608 0.2000000030
19094  30.572  -65.283  -0.607 0.1000000015
19111  30.339  -64.951  -1.311 0.1000000015
19121  39.075  -65.121  -2.685 0.1000000015
19149  45.439  -65.538  -4.435 0.4000000060
19156  33.799  -65.101  -5.032 0.1000000015
19175  45.318  -65.471  -4.984 0.3000000119
19177  44.142  -65.127  -5.622 0.4000000060
19182  36.814  -65.673  -5.406 0.1000000015
19183  36.012  -65.390  -5.287 0.1000000015
19239  35.050  -65.616  -9.749 0.3000000119
19242  32.846  -65.565  -9.428 0.2000000030
19244  30.086  -65.208  -9.771 0.3000000119
19254  29.686  -65.585  -9.962 0.4000000060
19256  28.001  -65.055  -10.649 0.3000000119
19267  26.705  -65.112  -11.813 0.2000000030
19289  25.880  -65.577  -14.056 0.2000000030
19335  39.252  -65.263  -17.461 0.3000000119
20003  36.118  -64.882  -1.806 0.1000000015
20024  31.361  -64.191  -2.400 0.1000000015
20036  38.378  -64.853  -4.310 0.1000000015
20044  30.408  -64.514  -3.399 0.1000000015
20055  45.185  -64.648  -4.587 0.3000000119
20060  32.525  -64.628  -4.285 0.1000000015
20127  31.706  -64.802  -9.636 0.3000000119
20135  33.442  -64.386  -10.117 0.3000000119
20137  31.058  -64.216  -9.906 0.3000000119
20138  30.222  -64.487  -9.874 0.3000000119
20140  28.651  -64.784  -10.338 0.3000000119
20170  36.691  -64.763  -12.089 0.4000000060
20173  26.568  -64.469  -12.158 0.2000000030
20183  26.254  -64.467  -12.993 0.2000000030
20243  40.295  -64.986  -17.843 0.4000000060
20244  39.959  -65.023  -18.113 0.2000000030
20871  44.598  -63.430  -1.542 0.2000000030
20992  32.991  -63.841  -10.624 0.2000000030
20996  29.444  -63.449  -10.466 0.3000000119
21015  27.003  -63.800  -11.749 0.3000000119
21033  26.626  -63.694  -12.588 0.1000000015
21040  33.806  -62.739  -13.085 0.2000000030
21041  26.830  -63.082  -13.904 0.1000000015
21742  42.028  -61.688  -2.709 0.3000000119
21841  28.538  -62.419  -11.243 0.2000000030
21861  31.698  -61.950  -11.953 0.1000000015
21874  33.468  -62.170  -13.380 0.2000000030
21877  26.798  -62.932  -13.056 0.1000000015
21886  34.525  -62.374  -14.111 0.2000000030
21903  35.805  -62.782  -14.949 0.2000000030
22687  31.243  -62.433  -11.400 0.1000000015
22690  28.466  -61.673  -11.635 0.2000000030
22691  27.680  -61.785  -12.096 0.2000000030
22706  28.017  -61.053  -12.258 0.1000000015
22764  40.243  -61.947  -16.621 0.2000000030
23463  38.987  -60.750  -2.481 0.3000000119
23558  33.060  -60.265  -12.795 0.1000000015
23560  31.666  -60.515  -11.985 0.1000000015
23562  29.069  -60.027  -12.111 0.2000000030
23601  27.735  -60.776  -13.823 0.1000000015
23617  36.042  -61.056  -14.945 0.1000000015
23618  28.269  -60.474  -15.411 0.1000000015
24454  28.732  -59.543  -12.696 0.1000000015
24476  38.915  -59.739  -14.011 0.2000000030
25222  31.374  -58.874  3.718 0.1000000015
25374  34.695  -58.397  -13.217 0.1000000015
26286  29.734  -57.634  -13.112 0.1000000015
107073  36.039  -64.367  -11.964 0.3000000119
108307  36.686  -64.593  -4.317 0.1000000015
108613  32.880  -68.081  -9.417 0.2000000030
109027  25.952  -69.032  -7.725 0.1000000015
109958  32.089  -78.727  0.816 0.1000000015
110174  30.939  -66.011  -5.491 0.1000000015
110570  36.636  -64.538  -3.522 0.1000000015
110878  35.289  -59.766  -1.599 0.2000000030
111164  30.805  -59.671  -11.773 0.1000000015
111274  44.018  -66.263  -6.096 0.2000000030
111876  26.181  -70.084  -15.491 0.1000000015
112188  25.987  -71.907  -3.964 0.1000000015
112195  35.492  -64.541  -3.141 0.1000000015
112590  43.772  -68.776  -4.111 0.2000000030
112622  35.978  -76.454  -12.417 0.2000000030
113435  30.844  -68.118  -6.600 0.1000000015
114410  26.651  -73.209  -14.336 0.1000000015
114478  25.822  -66.377  -14.345 0.2000000030
114646  34.248  -70.943  -8.791 0.1000000015
115028  29.687  -64.078  -10.135 0.3000000119
115888  33.590  -67.929  -9.074 0.2000000030
116351  28.036  -68.527  -7.473 0.1000000015
116602  25.937  -68.044  -15.645 0.1000000015
118368  39.754  -73.723  -5.477 0.1000000015
119439  32.606  -63.383  -11.145 0.2000000030
119889  32.456  -65.006  -9.528 0.2000000030
120289  32.571  -64.397  -3.619 0.1000000015
120829  44.549  -63.808  -1.420 0.1000000015
120832  43.147  -64.101  -5.510 0.4000000060
120867  29.490  -76.895  0.227 0.1000000015
121046  33.157  -52.285  -3.883 0.1000000015
121360  27.425  -66.485  -5.086 0.1000000015
122687  45.423  -64.754  -4.004 0.3000000119
122690  30.583  -62.729  -10.913 0.2000000030
123228  27.617  -63.664  -11.207 0.3000000119
124140  29.338  -59.403  -12.265 0.1000000015
124906  30.934  -64.456  -3.880 0.1000000015
125002  25.092  -72.010  -2.746 0.1000000015
125606  39.999  -61.388  -2.484 0.4000000060
125614  26.845  -71.560  -1.034 0.1000000015
125743  32.076  -57.104  -7.334 0.1000000015
126490  28.742  -63.508  -10.621 0.3000000119
126545  40.929  -62.088  -12.449 0.3000000119
126669  32.293  -60.831  -12.418 0.1000000015
126704  31.128  -54.823  -4.168 0.1000000015
126763  28.047  -67.516  -6.750 0.1000000015
126991  34.591  -68.480  -5.656 0.1000000015
127449  45.362  -65.033  -3.858 0.2000000030
127783  27.501  -75.505  0.787 0.1000000015
127802  32.770  -71.495  -6.629 0.1000000015
128394  27.977  -69.845  -2.275 0.1000000015
