#!ascii label  , from subject sub-v1s12x0050113_ses-1 vox2ras=TkReg
271
22638  38.502  -61.419  -5.138 0.0000000000
15711  40.902  -69.554  -11.206 0.0000000000
21739  44.813  -62.666  -2.705 0.0000000000
19217  40.855  -65.742  -7.638 0.0000000000
15622  43.587  -69.292  -5.167 0.0000000000
18251  45.501  -66.014  -4.856 0.0000000000
15606  42.537  -69.168  -4.164 0.0000000000
112623  42.606  -66.439  -10.355 0.0000000000
20988  42.177  -63.610  -10.896 0.0000000000
22615  41.725  -61.662  -3.930 0.0000000000
20080  42.339  -64.050  -5.722 0.0000000000
18292  43.667  -66.714  -6.421 0.0000000000
15671  41.736  -69.035  -8.299 0.0000000000
13166  41.123  -72.305  -5.692 0.0000000000
113531  37.163  -59.632  -2.867 0.0000000000
22571  40.297  -61.807  -2.089 0.0000000000
20853  42.727  -63.794  -0.471 0.0000000000
20124  38.789  -64.484  -9.251 0.0000000000
18232  43.910  -66.508  -3.875 0.0000000000
16533  41.836  -68.009  -10.370 0.0000000000
18335  42.953  -66.133  -11.283 0.0000000000
21749  43.459  -61.898  -3.315 0.0000000000
20921  43.559  -62.913  -4.535 0.0000000000
16440  44.818  -67.378  -4.772 0.0000000000
18280  44.389  -66.399  -5.841 0.0000000000
16479  43.541  -67.619  -6.628 0.0000000000
16507  42.530  -67.686  -8.023 0.0000000000
15644  42.443  -69.568  -6.708 0.0000000000
13188  40.240  -71.802  -7.160 0.0000000000
120841  39.599  -62.971  -1.166 0.0000000000
20875  41.071  -62.970  -1.193 0.0000000000
19988  40.953  -64.240  -0.201 0.0000000000
20098  40.265  -65.181  -7.009 0.0000000000
19231  39.714  -65.357  -8.483 0.0000000000
21008  42.140  -63.261  -11.554 0.0000000000
21826  40.850  -62.568  -10.634 0.0000000000
20033  45.041  -63.921  -2.917 0.0000000000
20919  45.276  -63.922  -4.000 0.0000000000
19133  45.158  -65.406  -3.692 0.0000000000
17307  44.707  -67.080  -4.075 0.0000000000
14755  43.423  -69.429  -4.009 0.0000000000
19228  42.061  -66.414  -8.990 0.0000000000
19238  40.849  -65.343  -9.377 0.0000000000
19249  42.936  -65.400  -10.748 0.0000000000
20152  42.947  -64.769  -11.465 0.0000000000
15703  39.872  -69.972  -11.093 0.0000000000
22617  39.927  -61.286  -4.160 0.0000000000
20954  41.408  -63.954  -5.980 0.0000000000
19209  41.242  -65.480  -6.803 0.0000000000
20078  44.493  -64.451  -5.148 0.0000000000
19207  43.087  -65.782  -6.388 0.0000000000
18295  42.317  -66.681  -7.906 0.0000000000
18303  42.641  -66.922  -8.725 0.0000000000
107864  42.347  -67.392  -8.905 0.0000000000
15700  41.534  -68.977  -10.086 0.0000000000
13962  42.155  -71.201  -4.884 0.0000000000
13971  41.467  -70.827  -6.835 0.0000000000
14839  40.713  -70.328  -8.367 0.0000000000
14855  40.111  -70.744  -9.800 0.0000000000
23484  36.585  -60.244  -4.330 0.0000000000
23482  38.308  -60.437  -3.613 0.0000000000
108595  38.374  -60.242  -2.807 0.0000000000
128467  39.628  -60.967  -3.528 0.0000000000
110412  40.495  -61.364  -2.724 0.0000000000
21729  42.181  -62.141  -2.089 0.0000000000
21728  43.395  -62.601  -1.691 0.0000000000
19066  44.015  -65.107  0.383 0.0000000000
20002  44.403  -64.250  -1.356 0.0000000000
20981  39.629  -64.103  -9.870 0.0000000000
22639  37.549  -61.378  -5.343 0.0000000000
21781  37.972  -61.957  -5.858 0.0000000000
16534  41.313  -69.039  -10.958 0.0000000000
17402  42.038  -67.311  -10.968 0.0000000000
21748  44.376  -62.315  -3.097 0.0000000000
21761  44.086  -62.439  -3.778 0.0000000000
20904  44.838  -62.805  -3.327 0.0000000000
121898  44.069  -68.642  -4.949 0.0000000000
125626  44.190  -67.589  -5.906 0.0000000000
15642  43.831  -68.381  -5.860 0.0000000000
16480  43.300  -68.354  -6.647 0.0000000000
14814  42.830  -69.822  -5.812 0.0000000000
12357  39.234  -73.365  -6.062 0.0000000000
20855  40.332  -63.437  -0.800 0.0000000000
19218  40.067  -65.529  -7.849 0.0000000000
19230  40.630  -65.651  -8.583 0.0000000000
21857  41.575  -62.575  -11.668 0.0000000000
107627  44.827  -64.581  -3.220 0.0000000000
19134  44.228  -65.483  -3.513 0.0000000000
17323  43.393  -67.364  -4.304 0.0000000000
17308  44.178  -67.329  -3.980 0.0000000000
16426  43.662  -68.280  -4.082 0.0000000000
16425  44.111  -68.043  -4.190 0.0000000000
16427  43.132  -69.075  -3.869 0.0000000000
18310  42.525  -66.691  -9.405 0.0000000000
19237  42.565  -66.000  -9.913 0.0000000000
19236  42.684  -66.251  -10.234 0.0000000000
19262  43.068  -65.564  -11.413 0.0000000000
19274  42.786  -65.177  -12.105 0.0000000000
20167  42.785  -64.425  -12.045 0.0000000000
22616  40.810  -61.482  -4.043 0.0000000000
21764  40.314  -61.778  -4.835 0.0000000000
114839  41.195  -61.978  -4.666 0.0000000000
112872  40.982  -64.733  -6.424 0.0000000000
20097  41.824  -64.792  -6.240 0.0000000000
127001  45.383  -65.097  -4.476 0.0000000000
20937  44.817  -63.966  -4.523 0.0000000000
19176  44.803  -65.062  -5.234 0.0000000000
19206  43.829  -65.797  -6.070 0.0000000000
18281  43.376  -66.562  -6.605 0.0000000000
19215  42.542  -66.491  -6.941 0.0000000000
18294  42.868  -66.931  -7.493 0.0000000000
18304  42.712  -66.930  -8.447 0.0000000000
18293  42.866  -66.968  -7.492 0.0000000000
15670  42.369  -68.416  -7.792 0.0000000000
16508  42.165  -68.222  -8.645 0.0000000000
16518  42.016  -68.154  -9.492 0.0000000000
15687  41.600  -68.954  -9.192 0.0000000000
10822  39.376  -75.616  -3.570 0.0000000000
12348  40.378  -73.502  -5.179 0.0000000000
12340  40.683  -73.926  -4.249 0.0000000000
12347  41.075  -73.031  -4.776 0.0000000000
13165  41.616  -71.735  -5.349 0.0000000000
113526  41.814  -71.041  -5.909 0.0000000000
13972  41.180  -71.595  -6.452 0.0000000000
13189  39.796  -72.027  -7.247 0.0000000000
119840  40.271  -71.240  -7.540 0.0000000000
13994  39.993  -71.014  -8.289 0.0000000000
14854  40.504  -70.356  -9.260 0.0000000000
116487  39.810  -71.076  -8.817 0.0000000000
24380  36.040  -59.629  -3.780 0.0000000000
23474  36.932  -59.823  -3.488 0.0000000000
23483  37.454  -60.331  -3.986 0.0000000000
23473  37.728  -59.902  -3.173 0.0000000000
21731  39.374  -62.152  -1.608 0.0000000000
22572  38.755  -61.321  -1.859 0.0000000000
121114  39.521  -61.359  -2.224 0.0000000000
22601  39.052  -60.625  -3.209 0.0000000000
22588  39.737  -61.015  -2.841 0.0000000000
22600  40.328  -61.210  -3.394 0.0000000000
20874  42.181  -62.940  -1.265 0.0000000000
21730  41.199  -62.338  -1.767 0.0000000000
20873  43.280  -63.376  -0.965 0.0000000000
18175  43.903  -66.472  0.161 0.0000000000
123026  44.129  -65.719  0.322 0.0000000000
19985  44.289  -64.888  -0.051 0.0000000000
120130  41.576  -64.864  -9.977 0.0000000000
20980  40.522  -64.640  -9.767 0.0000000000
20132  41.487  -63.989  -10.350 0.0000000000
20990  39.829  -63.087  -10.302 0.0000000000
17401  42.405  -66.982  -10.142 0.0000000000
19248  43.053  -66.034  -10.845 0.0000000000
107385  42.559  -61.801  -3.849 0.0000000000
21763  42.091  -62.131  -4.451 0.0000000000
21762  43.069  -62.209  -4.166 0.0000000000
20939  42.910  -63.443  -5.206 0.0000000000
117828  45.246  -66.644  -4.942 0.0000000000
18279  45.120  -66.158  -5.339 0.0000000000
17362  44.761  -66.643  -5.561 0.0000000000
17363  44.155  -66.983  -6.163 0.0000000000
17375  43.106  -67.073  -6.902 0.0000000000
16495  42.831  -67.487  -7.327 0.0000000000
15654  42.663  -68.719  -7.001 0.0000000000
15655  42.057  -69.284  -7.500 0.0000000000
13172  40.663  -72.119  -6.567 0.0000000000
12356  39.930  -73.048  -6.022 0.0000000000
13174  39.479  -72.595  -6.658 0.0000000000
114018  40.289  -62.602  -1.449 0.0000000000
20854  41.528  -63.597  -0.652 0.0000000000
19987  42.183  -64.340  0.001 0.0000000000
20117  38.940  -65.012  -8.503 0.0000000000
119082  41.452  -63.213  -10.638 0.0000000000
21825  41.677  -62.783  -11.018 0.0000000000
21837  41.138  -62.102  -11.160 0.0000000000
20903  45.097  -63.293  -2.812 0.0000000000
121565  45.119  -63.412  -3.507 0.0000000000
20032  45.171  -63.904  -3.492 0.0000000000
116498  45.185  -64.514  -3.607 0.0000000000
19132  45.410  -65.542  -4.028 0.0000000000
18221  44.717  -66.414  -3.788 0.0000000000
17321  45.090  -66.868  -4.314 0.0000000000
17322  44.558  -67.461  -4.304 0.0000000000
16441  44.189  -68.184  -4.451 0.0000000000
19229  41.521  -66.209  -8.290 0.0000000000
122040  41.675  -65.797  -9.390 0.0000000000
20122  42.390  -65.117  -10.331 0.0000000000
20131  42.173  -64.324  -10.519 0.0000000000
20987  42.682  -64.442  -10.906 0.0000000000
21007  42.633  -63.982  -11.493 0.0000000000
21025  42.384  -63.825  -12.199 0.0000000000
15702  40.473  -69.988  -10.898 0.0000000000
22637  39.427  -61.571  -4.967 0.0000000000
21780  38.907  -62.021  -5.723 0.0000000000
20079  43.676  -64.547  -5.562 0.0000000000
19205  44.568  -65.750  -5.640 0.0000000000
20095  43.514  -65.209  -5.942 0.0000000000
20096  42.831  -64.853  -6.011 0.0000000000
19208  42.165  -65.662  -6.601 0.0000000000
19216  41.703  -66.167  -7.309 0.0000000000
18309  42.515  -66.770  -9.601 0.0000000000
17383  42.519  -67.093  -8.054 0.0000000000
106559  42.607  -67.172  -8.977 0.0000000000
17387  42.432  -67.038  -9.439 0.0000000000
16517  42.208  -67.397  -9.640 0.0000000000
15701  41.038  -69.676  -10.566 0.0000000000
14756  42.768  -70.111  -3.877 0.0000000000
10821  40.049  -75.195  -3.639 0.0000000000
13950  42.277  -71.295  -4.017 0.0000000000
13961  42.445  -70.518  -5.412 0.0000000000
14815  42.187  -70.367  -6.368 0.0000000000
14825  41.763  -70.092  -7.189 0.0000000000
14838  41.324  -69.810  -7.938 0.0000000000
13187  40.625  -71.608  -7.061 0.0000000000
14826  41.082  -70.556  -7.620 0.0000000000
15672  41.108  -69.695  -8.798 0.0000000000
15688  41.114  -69.725  -9.721 0.0000000000
14866  40.570  -70.269  -10.183 0.0000000000
14867  40.039  -70.491  -10.496 0.0000000000
23502  35.367  -60.611  -5.480 0.0000000000
23485  35.752  -60.147  -4.702 0.0000000000
23501  36.195  -60.732  -5.152 0.0000000000
22620  37.085  -60.811  -4.845 0.0000000000
22619  37.997  -60.888  -4.526 0.0000000000
22573  37.871  -61.318  -1.596 0.0000000000
22618  39.006  -60.972  -4.167 0.0000000000
22587  41.305  -61.410  -3.199 0.0000000000
21743  41.250  -61.740  -2.428 0.0000000000
21750  42.366  -61.609  -3.260 0.0000000000
21741  42.986  -61.916  -2.562 0.0000000000
21740  44.201  -62.302  -2.395 0.0000000000
20889  44.410  -62.853  -1.718 0.0000000000
19986  43.844  -64.234  -0.358 0.0000000000
20872  44.052  -63.429  -1.171 0.0000000000
20888  44.940  -62.931  -2.089 0.0000000000
124931  40.166  -65.310  -9.126 0.0000000000
20123  39.552  -64.939  -9.245 0.0000000000
20989  40.675  -63.555  -10.266 0.0000000000
11566  40.446  -74.676  -3.898 0.0000000000
12358  38.492  -73.721  -6.148 0.0000000000
13167  40.541  -72.725  -5.848 0.0000000000
13173  40.129  -72.393  -6.648 0.0000000000
13982  40.875  -71.206  -7.324 0.0000000000
13983  39.923  -71.428  -7.673 0.0000000000
13993  40.454  -70.830  -7.945 0.0000000000
14011  40.236  -70.648  -8.597 0.0000000000
14012  40.018  -70.836  -9.066 0.0000000000
14868  39.539  -70.425  -10.521 0.0000000000
15587  43.626  -68.973  -3.934 0.0000000000
15588  43.060  -69.620  -3.807 0.0000000000
15643  43.180  -69.080  -6.246 0.0000000000
16442  42.789  -68.320  -4.424 0.0000000000
16456  44.388  -67.930  -5.221 0.0000000000
16496  42.984  -67.995  -7.301 0.0000000000
17306  45.195  -66.284  -3.973 0.0000000000
17337  44.700  -67.195  -5.458 0.0000000000
18231  45.392  -66.166  -4.401 0.0000000000
19149  45.439  -65.538  -4.435 0.0000000000
19175  45.318  -65.471  -4.984 0.0000000000
19177  44.142  -65.127  -5.622 0.0000000000
20001  44.277  -64.164  -0.872 0.0000000000
20055  45.185  -64.648  -4.587 0.0000000000
20871  44.598  -63.430  -1.542 0.0000000000
21742  42.028  -61.688  -2.709 0.0000000000
23463  38.987  -60.750  -2.481 0.0000000000
111274  44.018  -66.263  -6.096 0.0000000000
112590  43.772  -68.776  -4.111 0.0000000000
114643  40.602  -74.041  -3.695 0.0000000000
120829  44.549  -63.808  -1.420 0.0000000000
120832  43.147  -64.101  -5.510 0.0000000000
122687  45.423  -64.754  -4.004 0.0000000000
125606  39.999  -61.388  -2.484 0.0000000000
127449  45.362  -65.033  -3.858 0.0000000000
