#!ascii label  , from subject sub-v1s12x0050113_ses-1 vox2ras=TkReg
229
70759  23.860  -4.809  -23.017 0.0000000000
63754  21.286  -13.931  -21.708 0.0000000000
73803  22.604  -0.252  -24.399 0.0000000000
80863  21.417  9.507  -25.050 0.0000000000
107119  19.643  -15.197  -21.464 0.0000000000
75878  24.920  2.807  -22.582 0.0000000000
78091  24.175  4.867  -23.442 0.0000000000
69201  21.836  -7.387  -24.010 0.0000000000
118513  22.369  -10.007  -23.085 0.0000000000
68374  24.433  -7.283  -22.117 0.0000000000
72371  25.768  -2.817  -21.393 0.0000000000
69942  25.828  -5.976  -21.153 0.0000000000
72397  23.323  -2.285  -23.729 0.0000000000
126644  25.625  0.056  -21.746 0.0000000000
79510  21.913  7.483  -24.594 0.0000000000
80146  24.459  7.874  -23.697 0.0000000000
64502  22.765  -12.670  -21.185 0.0000000000
76638  23.258  3.451  -24.437 0.0000000000
78092  23.328  5.061  -24.035 0.0000000000
69199  23.181  -6.212  -23.678 0.0000000000
68385  23.018  -7.749  -23.280 0.0000000000
69187  24.391  -6.283  -22.259 0.0000000000
62950  20.162  -14.771  -21.771 0.0000000000
127411  23.109  -0.837  -23.972 0.0000000000
73110  24.377  -0.966  -22.771 0.0000000000
73793  24.008  -0.333  -23.216 0.0000000000
76607  26.374  3.819  -22.078 0.0000000000
115036  26.407  2.123  -21.775 0.0000000000
80874  20.506  9.590  -25.636 0.0000000000
119303  20.374  7.292  -25.795 0.0000000000
80158  21.664  8.586  -24.762 0.0000000000
82372  24.398  11.036  -26.315 0.0000000000
80873  24.971  9.928  -25.741 0.0000000000
80861  24.234  9.276  -24.395 0.0000000000
80154  25.549  8.388  -24.288 0.0000000000
79507  26.090  7.789  -23.966 0.0000000000
112176  23.559  -10.543  -21.926 0.0000000000
66064  23.011  -11.208  -22.208 0.0000000000
62120  18.850  -15.936  -20.749 0.0000000000
75113  24.189  1.338  -23.115 0.0000000000
75892  23.575  2.759  -24.021 0.0000000000
76609  24.579  3.461  -22.967 0.0000000000
78069  26.543  5.196  -22.513 0.0000000000
66831  21.002  -9.399  -23.576 0.0000000000
67596  22.638  -8.601  -23.264 0.0000000000
67586  23.674  -8.953  -22.389 0.0000000000
117246  24.324  -8.856  -21.854 0.0000000000
70757  24.898  -4.267  -21.974 0.0000000000
70747  25.035  -5.066  -21.761 0.0000000000
70746  25.708  -4.472  -21.273 0.0000000000
70769  22.694  -4.674  -24.309 0.0000000000
71612  22.645  -3.306  -24.372 0.0000000000
70767  23.646  -4.048  -23.347 0.0000000000
72385  24.595  -2.745  -22.461 0.0000000000
73767  25.725  -1.246  -21.569 0.0000000000
73765  27.437  -0.337  -21.263 0.0000000000
75094  24.844  1.355  -22.407 0.0000000000
75092  26.917  1.213  -21.528 0.0000000000
121703  21.301  5.695  -25.376 0.0000000000
128349  22.747  9.879  -24.552 0.0000000000
80157  22.595  8.559  -24.193 0.0000000000
79509  22.928  7.678  -23.951 0.0000000000
117500  22.719  5.853  -24.365 0.0000000000
78823  24.562  6.388  -23.340 0.0000000000
78821  26.371  6.569  -23.204 0.0000000000
63766  20.877  -12.867  -22.535 0.0000000000
111114  21.960  -10.819  -23.069 0.0000000000
118314  24.920  -6.681  -21.785 0.0000000000
118321  25.532  -7.886  -21.323 0.0000000000
77351  22.782  4.193  -24.745 0.0000000000
78102  22.559  4.917  -24.688 0.0000000000
69967  23.535  -5.506  -23.385 0.0000000000
69188  23.702  -6.206  -22.934 0.0000000000
69966  24.083  -5.533  -22.670 0.0000000000
60392  18.143  -17.194  -20.157 0.0000000000
61261  18.821  -16.712  -20.493 0.0000000000
62949  20.833  -14.586  -21.666 0.0000000000
119024  23.662  -0.929  -23.452 0.0000000000
73794  23.407  -0.222  -23.707 0.0000000000
77320  26.968  4.552  -22.237 0.0000000000
76606  27.379  3.798  -22.073 0.0000000000
80167  20.112  8.968  -25.680 0.0000000000
80166  20.862  8.738  -25.419 0.0000000000
80860  25.038  9.025  -24.622 0.0000000000
80165  25.820  8.727  -25.034 0.0000000000
66063  24.510  -10.187  -21.303 0.0000000000
62959  19.844  -13.993  -22.192 0.0000000000
118349  23.280  2.043  -24.260 0.0000000000
75905  22.937  2.749  -24.699 0.0000000000
77338  23.609  4.156  -23.966 0.0000000000
76622  23.889  3.434  -23.674 0.0000000000
78071  24.787  4.738  -22.950 0.0000000000
77322  25.040  4.171  -22.701 0.0000000000
78070  25.613  4.929  -22.592 0.0000000000
123404  20.088  11.075  -26.695 0.0000000000
67606  21.908  -8.525  -23.574 0.0000000000
68396  22.250  -7.899  -23.655 0.0000000000
68384  23.673  -7.564  -22.696 0.0000000000
113971  23.383  -8.352  -22.814 0.0000000000
67585  24.063  -8.190  -22.262 0.0000000000
62132  19.529  -15.749  -21.101 0.0000000000
61260  19.454  -16.359  -20.767 0.0000000000
71589  25.384  -3.589  -21.630 0.0000000000
71576  26.209  -3.531  -21.012 0.0000000000
69985  22.390  -5.285  -24.515 0.0000000000
124158  22.876  -2.701  -24.208 0.0000000000
109512  22.973  -3.999  -23.992 0.0000000000
71601  23.363  -3.186  -23.681 0.0000000000
71600  24.085  -3.368  -22.924 0.0000000000
72396  23.924  -2.539  -23.083 0.0000000000
73779  25.181  -0.481  -22.012 0.0000000000
124456  24.972  -1.357  -22.157 0.0000000000
73766  26.212  -0.327  -21.445 0.0000000000
119003  24.485  2.080  -22.813 0.0000000000
118168  25.358  2.099  -22.229 0.0000000000
74424  27.680  0.563  -21.472 0.0000000000
79518  21.055  7.816  -25.371 0.0000000000
78841  20.094  6.515  -25.991 0.0000000000
78840  21.028  6.652  -25.399 0.0000000000
109695  20.669  5.704  -25.776 0.0000000000
78834  21.870  6.247  -24.829 0.0000000000
81652  24.306  10.555  -25.463 0.0000000000
81640  23.103  10.296  -24.709 0.0000000000
122734  23.265  9.485  -24.351 0.0000000000
80155  24.733  8.549  -24.054 0.0000000000
80156  23.724  8.504  -23.934 0.0000000000
79508  23.722  7.646  -23.716 0.0000000000
78832  23.259  6.863  -23.838 0.0000000000
79499  24.129  7.065  -23.548 0.0000000000
78824  23.649  6.128  -23.680 0.0000000000
79506  26.814  7.580  -24.294 0.0000000000
79497  25.838  7.239  -23.518 0.0000000000
79496  26.659  7.170  -23.689 0.0000000000
78820  27.199  6.518  -23.398 0.0000000000
64522  20.166  -12.490  -22.758 0.0000000000
66821  21.927  -9.259  -23.387 0.0000000000
66088  21.497  -10.107  -23.360 0.0000000000
65308  22.736  -11.915  -21.946 0.0000000000
65321  22.357  -11.390  -22.582 0.0000000000
64510  22.065  -12.561  -21.949 0.0000000000
115111  25.588  -5.343  -21.325 0.0000000000
69958  25.115  -5.930  -21.673 0.0000000000
76639  22.547  3.430  -25.092 0.0000000000
69200  22.610  -6.995  -23.803 0.0000000000
69189  23.334  -6.939  -23.163 0.0000000000
121469  23.887  -6.855  -22.615 0.0000000000
62131  20.135  -15.556  -21.328 0.0000000000
62130  20.736  -15.272  -21.344 0.0000000000
62119  21.204  -15.667  -20.898 0.0000000000
72370  26.654  -2.686  -20.874 0.0000000000
72406  22.758  -2.040  -24.368 0.0000000000
73125  23.220  -1.511  -23.861 0.0000000000
73124  23.813  -1.695  -23.224 0.0000000000
73780  24.523  -0.014  -22.679 0.0000000000
75877  25.907  2.895  -22.118 0.0000000000
75876  26.969  2.989  -21.797 0.0000000000
75875  27.963  2.990  -21.928 0.0000000000
81663  24.766  10.425  -26.218 0.0000000000
118341  24.617  9.725  -24.973 0.0000000000
80145  25.297  7.905  -23.766 0.0000000000
80153  26.304  8.141  -24.593 0.0000000000
66819  23.196  -9.742  -22.612 0.0000000000
66075  22.766  -10.637  -22.633 0.0000000000
65307  23.421  -11.407  -21.607 0.0000000000
62133  18.997  -15.261  -21.189 0.0000000000
62951  19.280  -14.535  -21.653 0.0000000000
63755  20.555  -14.050  -22.083 0.0000000000
74466  22.488  0.608  -24.537 0.0000000000
74455  23.135  0.546  -23.986 0.0000000000
75127  22.891  1.295  -24.384 0.0000000000
119070  23.835  2.064  -23.531 0.0000000000
75891  24.197  2.761  -23.293 0.0000000000
76608  25.403  3.552  -22.432 0.0000000000
120088  26.267  4.563  -22.328 0.0000000000
78068  27.365  5.188  -22.598 0.0000000000
81656  19.977  10.323  -26.547 0.0000000000
81655  20.956  10.473  -25.538 0.0000000000
66820  22.676  -9.336  -23.076 0.0000000000
67595  23.144  -9.010  -22.877 0.0000000000
66809  23.954  -9.601  -21.914 0.0000000000
66808  24.564  -9.402  -21.526 0.0000000000
113037  24.293  -4.149  -22.675 0.0000000000
70758  24.467  -4.893  -22.376 0.0000000000
70745  26.725  -4.282  -20.639 0.0000000000
70725  26.337  -5.269  -20.811 0.0000000000
69976  22.573  -6.078  -24.245 0.0000000000
69975  22.993  -5.447  -24.053 0.0000000000
70768  23.297  -4.761  -23.720 0.0000000000
71590  24.719  -3.510  -22.274 0.0000000000
72384  25.103  -2.960  -21.910 0.0000000000
111600  24.481  -1.915  -22.597 0.0000000000
73109  25.233  -2.149  -21.879 0.0000000000
73093  26.190  -2.002  -21.230 0.0000000000
73092  26.866  -1.190  -21.127 0.0000000000
74454  23.929  0.478  -23.337 0.0000000000
74440  24.519  0.728  -22.712 0.0000000000
74439  25.168  0.503  -22.088 0.0000000000
75093  25.765  1.319  -21.859 0.0000000000
74438  26.069  0.527  -21.601 0.0000000000
74425  26.864  0.333  -21.403 0.0000000000
78103  21.903  5.187  -25.106 0.0000000000
113470  21.813  10.890  -25.302 0.0000000000
81654  22.653  10.891  -25.143 0.0000000000
81641  22.157  10.215  -24.869 0.0000000000
80862  22.312  9.397  -24.535 0.0000000000
78833  22.531  6.820  -24.282 0.0000000000
115543  24.115  5.599  -23.462 0.0000000000
79498  24.996  7.219  -23.479 0.0000000000
78822  25.470  6.512  -23.188 0.0000000000
78090  24.931  5.579  -23.014 0.0000000000
78089  25.988  5.839  -22.795 0.0000000000
78088  26.908  5.909  -22.849 0.0000000000
63767  20.330  -13.361  -22.413 0.0000000000
112378  20.890  -13.475  -22.221 0.0000000000
109185  21.076  -10.915  -23.309 0.0000000000
65322  21.518  -11.666  -22.919 0.0000000000
64520  21.480  -12.418  -22.511 0.0000000000
114383  21.424  -13.094  -22.094 0.0000000000
69959  24.610  -5.538  -22.130 0.0000000000
69180  25.503  -6.629  -21.396 0.0000000000
68373  25.189  -7.310  -21.586 0.0000000000
125551  24.861  -8.154  -21.677 0.0000000000
125712  24.893  -8.909  -21.463 0.0000000000
75114  23.540  1.308  -23.759 0.0000000000
77319  27.710  4.481  -22.420 0.0000000000
77321  25.733  4.210  -22.375 0.0000000000
77337  24.333  4.117  -23.298 0.0000000000
80872  25.287  9.330  -25.311 0.0000000000
114405  22.184  4.527  -25.140 0.0000000000
