#!ascii label  , from subject sub-v1s12x0050113_ses-1 vox2ras=TkReg
567
108197  16.993  -21.281  -17.844 0.1428571492
57038  16.499  -21.852  -17.500 0.1428571492
58728  16.935  -19.967  -18.473 0.1428571492
116040  18.280  -22.026  -18.333 0.1428571492
57918  17.534  -20.707  -18.404 0.2857142985
57057  18.411  -21.216  -18.621 0.1428571492
58743  17.078  -19.182  -19.070 0.5714285970
57930  18.893  -20.562  -19.137 0.1428571492
106657  20.186  -20.260  -19.457 0.2857142985
58740  19.389  -19.881  -19.572 0.2857142985
127489  21.309  -19.536  -19.513 0.1428571492
115319  20.873  -19.831  -19.543 0.2857142985
60388  21.234  -17.461  -20.290 0.2857142985
59543  20.522  -17.853  -20.366 0.2857142985
62118  21.853  -15.525  -20.420 0.2857142985
61245  22.189  -16.266  -19.894 0.2857142985
110095  22.431  -14.182  -20.396 0.2857142985
62937  22.086  -14.750  -20.526 0.2857142985
64502  22.765  -12.670  -21.185 0.2857142985
112176  23.559  -10.543  -21.926 0.8571428657
64509  23.269  -12.017  -21.291 0.4285714328
63731  23.068  -13.920  -19.977 0.2857142985
117246  24.324  -8.856  -21.854 0.7142857313
66808  24.564  -9.402  -21.526 0.7142857313
66063  24.510  -10.187  -21.303 0.7142857313
65307  23.421  -11.407  -21.607 0.7142857313
118321  25.532  -7.886  -21.323 0.8571428657
125712  24.893  -8.909  -21.463 0.5714285970
66809  23.954  -9.601  -21.914 0.7142857313
69169  26.127  -6.622  -20.951 0.4285714328
68373  25.189  -7.310  -21.586 0.7142857313
125551  24.861  -8.154  -21.677 0.8571428657
70724  27.341  -4.972  -20.472 0.2857142985
70745  26.725  -4.282  -20.639 0.5714285970
69942  25.828  -5.976  -21.153 0.8571428657
118314  24.920  -6.681  -21.785 0.8571428657
71574  28.319  -3.278  -20.627 0.1428571492
70744  27.805  -4.137  -20.415 0.1428571492
115111  25.588  -5.343  -21.325 0.5714285970
73090  28.672  -1.473  -21.343 0.1428571492
71573  29.265  -3.287  -21.118 0.1428571492
72369  27.661  -2.498  -20.666 0.1428571492
71575  27.205  -3.379  -20.550 0.4285714328
70747  25.035  -5.066  -21.761 0.8571428657
73763  28.954  -0.850  -21.719 0.1428571492
73089  29.374  -1.773  -21.804 0.1428571492
107879  28.218  -0.862  -21.307 0.1428571492
109797  27.054  -1.963  -20.849 0.4285714328
72370  26.654  -2.686  -20.874 0.5714285970
71576  26.209  -3.531  -21.012 0.7142857313
70757  24.898  -4.267  -21.974 0.8571428657
73764  28.414  -0.005  -21.599 0.1428571492
74437  28.695  0.632  -22.058 0.1428571492
73092  26.866  -1.190  -21.127 0.5714285970
72371  25.768  -2.817  -21.393 0.8571428657
71589  25.384  -3.589  -21.630 0.8571428657
74436  29.087  0.661  -22.677 0.1428571492
75081  28.448  1.297  -21.960 0.2857142985
73765  27.437  -0.337  -21.263 0.1428571492
74425  26.864  0.333  -21.403 0.8571428657
73093  26.190  -2.002  -21.230 0.8571428657
73767  25.725  -1.246  -21.569 0.8571428657
75874  28.546  2.572  -22.467 0.1428571492
75890  28.780  3.086  -23.102 0.1428571492
75082  27.909  1.354  -21.618 0.4285714328
75093  25.765  1.319  -21.859 0.8571428657
74438  26.069  0.527  -21.601 0.8571428657
124456  24.972  -1.357  -22.157 0.8571428657
75091  27.471  2.134  -21.676 0.4285714328
74439  25.168  0.503  -22.088 0.8571428657
126644  25.625  0.056  -21.746 0.8571428657
73780  24.523  -0.014  -22.679 0.8571428657
125265  28.385  3.276  -22.498 0.1428571492
76605  28.053  3.810  -22.372 0.2857142985
75875  27.963  2.990  -21.928 0.5714285970
75876  26.969  2.989  -21.797 0.8571428657
115036  26.407  2.123  -21.775 0.8571428657
75094  24.844  1.355  -22.407 0.8571428657
118168  25.358  2.099  -22.229 0.8571428657
74440  24.519  0.728  -22.712 0.8571428657
78067  28.101  5.012  -22.800 0.2857142985
77320  26.968  4.552  -22.237 0.7142857313
76606  27.379  3.798  -22.073 0.5714285970
76607  26.374  3.819  -22.078 0.8571428657
75878  24.920  2.807  -22.582 0.8571428657
75891  24.197  2.761  -23.293 0.8571428657
120088  26.267  4.563  -22.328 0.8571428657
77322  25.040  4.171  -22.701 0.8571428657
76622  23.889  3.434  -23.674 0.7142857313
76609  24.579  3.461  -22.967 0.7142857313
78069  26.543  5.196  -22.513 0.8571428657
78070  25.613  4.929  -22.592 0.8571428657
78091  24.175  4.867  -23.442 0.8571428657
115543  24.115  5.599  -23.462 0.8571428657
77338  23.609  4.156  -23.966 0.7142857313
79497  25.838  7.239  -23.518 0.7142857313
78822  25.470  6.512  -23.188 0.8571428657
79498  24.996  7.219  -23.479 0.8571428657
79499  24.129  7.065  -23.548 0.8571428657
80155  24.733  8.549  -24.054 0.7142857313
78071  24.787  4.738  -22.950 0.8571428657
78823  24.562  6.388  -23.340 0.8571428657
80173  26.593  8.558  -26.524 0.1428571492
80145  25.297  7.905  -23.766 0.8571428657
80146  24.459  7.874  -23.697 0.8571428657
114614  25.445  9.434  -28.288 0.1428571492
80860  25.038  9.025  -24.622 0.5714285970
80873  24.971  9.928  -25.741 0.5714285970
81652  24.306  10.555  -25.463 0.5714285970
80886  25.159  9.932  -26.734 0.1428571492
126017  24.608  10.146  -29.442 0.1428571492
82372  24.398  11.036  -26.315 0.5714285970
82390  24.020  11.168  -29.334 0.1428571492
81698  23.483  10.991  -30.359 0.1428571492
82378  24.435  11.181  -27.290 0.1428571492
82399  22.671  11.627  -31.240 0.1428571492
82391  23.468  11.741  -29.575 0.1428571492
83088  22.398  12.279  -31.452 0.1428571492
83079  23.016  12.297  -29.826 0.1428571492
56158  17.170  -21.995  -17.764 0.1428571492
56141  16.833  -22.693  -17.519 0.1428571492
57931  18.202  -20.454  -18.904 0.2857142985
57066  19.298  -21.223  -18.878 0.1428571492
57055  20.171  -21.084  -19.016 0.2857142985
57929  19.588  -20.609  -19.244 0.2857142985
60377  21.683  -17.856  -19.913 0.2857142985
59530  21.747  -18.523  -19.716 0.2857142985
59542  21.121  -18.261  -20.087 0.1428571492
63741  22.547  -13.522  -20.691 0.2857142985
63742  21.929  -14.077  -20.974 0.2857142985
68363  25.823  -7.274  -21.147 0.2857142985
69941  26.420  -6.047  -20.797 0.1428571492
69187  24.391  -6.283  -22.259 0.8571428657
70746  25.708  -4.472  -21.273 0.7142857313
73778  29.121  -0.095  -22.294 0.1428571492
73109  25.233  -2.149  -21.879 0.8571428657
73779  25.181  -0.481  -22.012 0.8571428657
78068  27.365  5.188  -22.598 0.8571428657
78821  26.371  6.569  -23.204 0.8571428657
79507  26.090  7.789  -23.966 0.8571428657
80154  25.549  8.388  -24.288 0.7142857313
80885  25.510  9.442  -26.199 0.2857142985
81670  24.788  10.503  -27.064 0.1428571492
122169  24.483  10.542  -29.005 0.1428571492
81708  22.781  10.828  -32.584 0.1428571492
121920  16.141  -22.379  -17.180 0.1428571492
58741  18.478  -19.897  -19.333 0.4285714328
59532  19.585  -18.975  -19.888 0.2857142985
106675  17.991  -19.253  -19.419 0.2857142985
59531  20.385  -18.652  -20.058 0.1428571492
61246  21.916  -17.144  -19.920 0.2857142985
61258  21.390  -16.482  -20.458 0.2857142985
65308  22.736  -11.915  -21.946 0.7142857313
73792  29.511  -0.435  -23.128 0.1428571492
75090  28.711  1.766  -22.456 0.1428571492
75866  28.244  2.047  -21.900 0.2857142985
75092  26.917  1.213  -21.528 0.8571428657
72384  25.103  -2.960  -21.910 0.8571428657
71590  24.719  -3.510  -22.274 1.0000000000
76621  28.519  3.826  -22.896 0.1428571492
77336  28.653  4.580  -23.283 0.1428571492
78087  27.756  5.770  -23.181 0.2857142985
75892  23.575  2.759  -24.021 0.8571428657
78088  26.908  5.909  -22.849 0.5714285970
79496  26.659  7.170  -23.689 0.5714285970
79506  26.814  7.580  -24.294 0.5714285970
80165  25.820  8.727  -25.034 0.4285714328
80164  26.547  8.312  -25.297 0.2857142985
112285  26.255  8.692  -25.803 0.2857142985
80174  25.993  8.961  -26.496 0.1428571492
80896  25.135  9.923  -27.750 0.1428571492
82379  24.040  11.868  -27.530 0.2857142985
80905  24.980  9.841  -28.876 0.1428571492
82383  23.829  11.879  -28.553 0.1428571492
83075  23.341  12.480  -28.839 0.1428571492
81689  24.178  10.420  -30.028 0.1428571492
83087  22.733  12.093  -30.640 0.1428571492
83080  22.588  12.899  -30.354 0.1428571492
83764  22.024  13.288  -31.612 0.1428571492
79495  27.499  7.045  -24.036 0.4285714328
79517  26.966  7.838  -24.948 0.4285714328
80153  26.304  8.141  -24.593 0.5714285970
57058  17.695  -21.631  -18.159 0.1428571492
57919  16.751  -20.585  -18.020 0.1428571492
108398  15.746  -21.767  -17.210 0.1428571492
57920  16.099  -20.043  -17.978 0.2857142985
58742  17.698  -19.911  -18.957 0.5714285970
106647  18.790  -19.195  -19.657 0.1428571492
58739  20.247  -19.465  -19.760 0.1428571492
66819  23.196  -9.742  -22.612 0.7142857313
69180  25.503  -6.629  -21.396 0.8571428657
68374  24.433  -7.283  -22.117 0.8571428657
70725  26.337  -5.269  -20.811 0.5714285970
73091  27.881  -1.588  -20.986 0.2857142985
72368  28.735  -2.327  -21.055 0.1428571492
74424  27.680  0.563  -21.472 0.5714285970
73766  26.212  -0.327  -21.445 0.8571428657
75877  25.907  2.895  -22.118 0.8571428657
119003  24.485  2.080  -22.813 0.8571428657
76608  25.403  3.552  -22.432 0.8571428657
78089  25.988  5.839  -22.795 0.8571428657
78090  24.931  5.579  -23.014 0.8571428657
80895  25.639  9.327  -27.345 0.1428571492
81663  24.766  10.425  -26.218 0.5714285970
118341  24.617  9.725  -24.973 0.5714285970
80913  24.737  9.851  -29.902 0.1428571492
82382  24.298  11.213  -28.293 0.1428571492
82411  22.932  10.931  -31.508 0.1428571492
81697  23.583  10.353  -31.207 0.1428571492
81679  24.700  10.522  -28.048 0.1428571492
59529  22.428  -18.793  -19.417 0.1428571492
78820  27.199  6.518  -23.398 0.5714285970
62119  21.204  -15.667  -20.898 0.5714285970
124608  23.448  12.556  -27.677 0.1428571492
62131  20.135  -15.556  -21.328 0.5714285970
62132  19.529  -15.749  -21.101 0.5714285970
62121  18.243  -15.375  -20.755 0.2857142985
62950  20.162  -14.771  -21.771 0.5714285970
62951  19.280  -14.535  -21.653 0.5714285970
61262  17.993  -16.225  -20.367 0.4285714328
62939  17.573  -14.694  -20.683 0.2857142985
62952  18.453  -14.658  -21.180 0.4285714328
63753  21.987  -13.301  -21.440 0.4285714328
63755  20.555  -14.050  -22.083 0.5714285970
62959  19.844  -13.993  -22.192 0.5714285970
63756  19.126  -13.696  -21.947 0.4285714328
114383  21.424  -13.094  -22.094 0.5714285970
63766  20.877  -12.867  -22.535 0.5714285970
63767  20.330  -13.361  -22.413 0.4285714328
64520  21.480  -12.418  -22.511 0.7142857313
64521  20.942  -12.255  -22.862 0.4285714328
65309  22.049  -12.006  -22.431 0.4285714328
116932  18.638  -14.047  -21.536 0.4285714328
62953  17.986  -13.980  -21.182 0.2857142985
63768  19.601  -13.169  -22.368 0.4285714328
64510  22.065  -12.561  -21.949 0.7142857313
111114  21.960  -10.819  -23.069 0.7142857313
109185  21.076  -10.915  -23.309 0.4285714328
66821  21.927  -9.259  -23.387 0.7142857313
66831  21.002  -9.399  -23.576 0.5714285970
124373  21.343  -8.777  -23.621 0.2857142985
66064  23.011  -11.208  -22.208 0.5714285970
66075  22.766  -10.637  -22.633 0.5714285970
118513  22.369  -10.007  -23.085 0.7142857313
67596  22.638  -8.601  -23.264 0.7142857313
68396  22.250  -7.899  -23.655 0.7142857313
69200  22.610  -6.995  -23.803 0.7142857313
69201  21.836  -7.387  -24.010 0.7142857313
69210  21.784  -6.566  -24.334 0.4285714328
67586  23.674  -8.953  -22.389 0.5714285970
67595  23.144  -9.010  -22.877 0.5714285970
67585  24.063  -8.190  -22.262 0.5714285970
68385  23.018  -7.749  -23.280 0.5714285970
69189  23.334  -6.939  -23.163 0.7142857313
69199  23.181  -6.212  -23.678 0.7142857313
70768  23.297  -4.761  -23.720 0.7142857313
69976  22.573  -6.078  -24.245 0.7142857313
69985  22.390  -5.285  -24.515 0.5714285970
109512  22.973  -3.999  -23.992 0.5714285970
69958  25.115  -5.930  -21.673 0.7142857313
121469  23.887  -6.855  -22.615 0.5714285970
69966  24.083  -5.533  -22.670 0.7142857313
69188  23.702  -6.206  -22.934 0.7142857313
70767  23.646  -4.048  -23.347 0.8571428657
122916  22.020  -5.770  -24.607 0.4285714328
71601  23.363  -3.186  -23.681 0.7142857313
71612  22.645  -3.306  -24.372 0.5714285970
69959  24.610  -5.538  -22.130 0.5714285970
69967  23.535  -5.506  -23.385 0.7142857313
113037  24.293  -4.149  -22.675 0.8571428657
71600  24.085  -3.368  -22.924 0.8571428657
72397  23.323  -2.285  -23.729 0.7142857313
124158  22.876  -2.701  -24.208 0.5714285970
73134  22.626  -1.233  -24.465 0.2857142985
72396  23.924  -2.539  -23.083 0.7142857313
73803  22.604  -0.252  -24.399 0.7142857313
72385  24.595  -2.745  -22.461 0.7142857313
73124  23.813  -1.695  -23.224 0.8571428657
73125  23.220  -1.511  -23.861 0.8571428657
74454  23.929  0.478  -23.337 0.8571428657
119024  23.662  -0.929  -23.452 0.8571428657
127411  23.109  -0.837  -23.972 0.5714285970
73794  23.407  -0.222  -23.707 0.8571428657
74455  23.135  0.546  -23.986 0.8571428657
74466  22.488  0.608  -24.537 0.7142857313
73110  24.377  -0.966  -22.771 0.8571428657
73793  24.008  -0.333  -23.216 0.8571428657
75127  22.891  1.295  -24.384 0.8571428657
75113  24.189  1.338  -23.115 0.8571428657
119070  23.835  2.064  -23.531 0.8571428657
118349  23.280  2.043  -24.260 0.7142857313
78092  23.328  5.061  -24.035 0.7142857313
78102  22.559  4.917  -24.688 0.7142857313
78824  23.649  6.128  -23.680 0.7142857313
79509  22.928  7.678  -23.951 0.7142857313
78834  21.870  6.247  -24.829 0.7142857313
80157  22.595  8.559  -24.193 0.7142857313
80158  21.664  8.586  -24.762 0.7142857313
80156  23.724  8.504  -23.934 0.7142857313
80862  22.312  9.397  -24.535 0.4285714328
80863  21.417  9.507  -25.050 0.5714285970
80166  20.862  8.738  -25.419 0.5714285970
128349  22.747  9.879  -24.552 0.5714285970
81641  22.157  10.215  -24.869 0.5714285970
80167  20.112  8.968  -25.680 0.5714285970
79519  20.133  8.232  -25.827 0.4285714328
81655  20.956  10.473  -25.538 0.5714285970
80874  20.506  9.590  -25.636 0.5714285970
81654  22.653  10.891  -25.143 0.5714285970
80875  19.771  9.488  -26.115 0.4285714328
79520  18.747  8.465  -25.888 0.4285714328
81656  19.977  10.323  -26.547 0.5714285970
81664  18.985  10.974  -27.266 0.4285714328
65306  24.101  -11.052  -21.213 0.2857142985
126816  19.483  10.839  -27.161 0.2857142985
81657  19.248  10.279  -26.906 0.4285714328
80877  18.650  10.462  -26.580 0.2857142985
61260  19.454  -16.359  -20.767 0.5714285970
61261  18.821  -16.712  -20.493 0.5714285970
62938  21.423  -14.852  -21.141 0.2857142985
62120  18.850  -15.936  -20.749 0.5714285970
63754  21.286  -13.931  -21.708 0.5714285970
62122  17.542  -15.522  -20.418 0.2857142985
63757  18.356  -13.311  -21.638 0.4285714328
64522  20.166  -12.490  -22.758 0.4285714328
63758  17.667  -13.306  -21.214 0.2857142985
63769  18.926  -13.028  -22.106 0.2857142985
66062  25.370  -10.264  -20.695 0.2857142985
66832  20.071  -9.385  -23.674 0.2857142985
67606  21.908  -8.525  -23.574 0.7142857313
111600  24.481  -1.915  -22.597 0.8571428657
76638  23.258  3.451  -24.437 0.7142857313
77351  22.782  4.193  -24.745 0.7142857313
76639  22.547  3.430  -25.092 0.7142857313
79510  21.913  7.483  -24.594 0.7142857313
79518  21.055  7.816  -25.371 0.5714285970
80861  24.234  9.276  -24.395 0.5714285970
122734  23.265  9.485  -24.351 0.5714285970
81640  23.103  10.296  -24.709 0.5714285970
82366  21.058  11.405  -25.746 0.2857142985
70758  24.467  -4.893  -22.376 0.7142857313
79508  23.722  7.646  -23.716 0.8571428657
65321  22.357  -11.390  -22.582 0.5714285970
75905  22.937  2.749  -24.699 0.7142857313
62130  20.736  -15.272  -21.344 0.5714285970
107119  19.643  -15.197  -21.464 0.5714285970
61270  19.980  -16.125  -21.031 0.4285714328
62133  18.997  -15.261  -21.189 0.5714285970
62949  20.833  -14.586  -21.666 0.5714285970
60392  18.143  -17.194  -20.157 0.5714285970
112378  20.890  -13.475  -22.221 0.5714285970
65322  21.518  -11.666  -22.919 0.5714285970
65323  20.602  -11.658  -23.089 0.4285714328
66088  21.497  -10.107  -23.360 0.5714285970
66089  20.583  -10.138  -23.472 0.4285714328
66076  20.137  -10.849  -23.230 0.4285714328
66820  22.676  -9.336  -23.076 0.7142857313
113971  23.383  -8.352  -22.814 0.7142857313
68384  23.673  -7.564  -22.696 0.5714285970
69975  22.993  -5.447  -24.053 0.7142857313
70769  22.694  -4.674  -24.309 0.7142857313
70759  23.860  -4.809  -23.017 0.5714285970
70778  22.351  -3.934  -24.560 0.2857142985
72406  22.758  -2.040  -24.368 0.5714285970
118949  22.114  -1.798  -24.968 0.2857142985
117500  22.719  5.853  -24.365 0.7142857313
78832  23.259  6.863  -23.838 0.7142857313
113470  21.813  10.890  -25.302 0.7142857313
123404  20.088  11.075  -26.695 0.5714285970
64511  18.442  -12.573  -21.944 0.1428571492
64523  19.084  -12.273  -22.415 0.4285714328
58729  16.406  -19.435  -18.520 0.4285714328
112544  22.974  -15.039  -19.616 0.1428571492
116595  22.278  -15.113  -20.162 0.1428571492
62926  22.646  -14.708  -19.944 0.1428571492
64501  23.563  -12.363  -20.657 0.1428571492
65297  23.810  -11.703  -20.950 0.1428571492
62925  23.333  -14.622  -19.553 0.1428571492
64500  24.241  -12.035  -20.387 0.1428571492
63740  23.280  -13.098  -20.341 0.1428571492
107116  23.739  -14.032  -19.507 0.1428571492
65296  24.368  -11.476  -20.686 0.1428571492
66799  25.882  -9.511  -20.708 0.2857142985
117503  26.135  -7.997  -20.910 0.1428571492
84415  21.336  14.871  -31.878 0.1428571492
112868  22.533  1.980  -24.842 0.4285714328
84411  21.429  15.066  -30.588 0.1428571492
83076  22.870  13.073  -29.159 0.1428571492
77364  22.018  4.033  -25.437 0.4285714328
78110  21.724  4.553  -25.487 0.4285714328
83752  22.046  13.649  -26.431 0.2857142985
83064  22.398  12.284  -25.782 0.2857142985
77379  19.770  4.222  -26.327 0.1428571492
78103  21.903  5.187  -25.106 0.5714285970
78833  22.531  6.820  -24.282 0.5714285970
83746  21.750  13.066  -25.936 0.2857142985
81653  23.516  10.840  -25.172 0.4285714328
78112  20.029  5.652  -26.091 0.4285714328
78840  21.028  6.652  -25.399 0.5714285970
83065  21.370  12.248  -25.843 0.2857142985
78842  19.130  6.525  -26.169 0.4285714328
120007  20.197  11.911  -26.505 0.1428571492
78843  18.055  6.876  -25.987 0.1428571492
82374  19.427  11.381  -27.088 0.1428571492
83071  19.548  12.177  -26.602 0.1428571492
120203  20.527  12.964  -26.119 0.1428571492
107861  18.332  7.549  -26.075 0.2857142985
82375  18.983  11.580  -26.945 0.2857142985
81642  18.173  10.804  -24.651 0.1428571492
82367  19.051  12.372  -25.986 0.1428571492
83052  18.722  12.891  -24.595 0.1428571492
59519  16.207  -18.733  -18.812 0.4285714328
60381  15.727  -17.004  -19.239 0.2857142985
121390  22.890  -16.103  -19.552 0.1428571492
63730  23.708  -13.453  -19.763 0.1428571492
66054  24.811  -10.959  -20.691 0.1428571492
83063  23.292  12.165  -26.152 0.2857142985
83070  22.620  12.922  -26.261 0.2857142985
83748  20.337  13.818  -26.053 0.2857142985
60365  14.981  -17.530  -18.745 0.2857142985
122240  21.749  -19.249  -19.482 0.1428571492
106247  22.726  -16.901  -19.586 0.1428571492
67577  25.565  -8.679  -21.150 0.1428571492
75906  22.251  2.675  -25.321 0.4285714328
78113  19.357  5.358  -26.114 0.2857142985
83753  21.533  14.165  -26.571 0.2857142985
116708  23.197  12.696  -26.757 0.2857142985
83756  21.952  14.079  -27.210 0.2857142985
83758  22.397  13.768  -28.293 0.1428571492
84406  21.529  14.611  -28.138 0.1428571492
83761  22.421  13.696  -29.481 0.1428571492
83066  19.662  13.144  -26.036 0.2857142985
83747  21.199  13.819  -26.134 0.2857142985
120331  22.013  14.285  -28.972 0.1428571492
84410  21.986  14.326  -29.916 0.1428571492
112198  22.995  13.069  -28.209 0.1428571492
82373  24.028  11.735  -26.589 0.4285714328
59535  16.804  -18.249  -19.339 0.4285714328
66807  25.146  -9.491  -21.147 0.4285714328
81639  23.897  10.113  -24.745 0.4285714328
82363  23.812  11.380  -25.788 0.2857142985
116833  23.673  12.276  -26.878 0.2857142985
114405  22.184  4.527  -25.140 0.4285714328
121703  21.301  5.695  -25.376 0.5714285970
82364  23.013  11.554  -25.523 0.2857142985
81665  18.707  11.074  -26.771 0.2857142985
119303  20.374  7.292  -25.795 0.5714285970
64489  24.091  -12.748  -19.896 0.1428571492
114933  24.871  -11.666  -20.251 0.1428571492
127666  21.540  3.834  -25.792 0.2857142985
82365  22.084  11.542  -25.498 0.2857142985
77367  20.252  4.817  -26.193 0.2857142985
117670  20.620  5.094  -26.012 0.4285714328
109695  20.669  5.704  -25.776 0.5714285970
78841  20.094  6.515  -25.991 0.5714285970
113499  19.480  7.426  -26.154 0.4285714328
59536  15.937  -17.879  -19.053 0.2857142985
75921  21.531  2.593  -25.800 0.2857142985
83073  22.711  13.294  -27.193 0.2857142985
70779  22.059  -4.502  -24.774 0.4285714328
72407  22.238  -2.638  -24.790 0.2857142985
85047  20.312  15.385  -25.863 0.1428571492
84398  21.047  14.461  -26.289 0.1428571492
85056  20.290  15.877  -26.649 0.1428571492
108587  19.260  14.318  -24.709 0.1428571492
84394  20.433  14.566  -25.910 0.1428571492
83749  19.777  13.982  -25.585 0.1428571492
84395  19.936  14.830  -25.279 0.1428571492
85057  20.034  16.146  -25.942 0.1428571492
85037  19.944  16.016  -24.475 0.1428571492
84380  19.533  15.183  -24.450 0.1428571492
107355  19.969  16.330  -25.320 0.1428571492
85705  20.027  16.417  -27.373 0.1428571492
84393  20.762  14.185  -26.127 0.1428571492
84402  21.217  14.742  -26.999 0.1428571492
84399  20.721  15.113  -26.402 0.1428571492
84403  20.711  15.386  -27.017 0.1428571492
85048  20.030  15.647  -25.203 0.1428571492
60391  19.033  -17.591  -20.341 0.4285714328
59544  19.732  -18.184  -20.269 0.2857142985
107194  20.027  -16.685  -20.762 0.2857142985
60390  19.908  -17.400  -20.524 0.1428571492
59545  18.955  -18.469  -20.020 0.2857142985
61259  20.602  -16.116  -20.912 0.2857142985
60389  20.639  -17.017  -20.588 0.1428571492
107482  19.455  -16.948  -20.560 0.2857142985
78111  21.217  4.963  -25.743 0.2857142985
60379  17.467  -17.703  -19.737 0.2857142985
60378  18.271  -18.037  -19.921 0.2857142985
61247  17.274  -16.815  -19.926 0.2857142985
68397  21.322  -8.057  -23.852 0.1428571492
69202  21.045  -7.250  -24.173 0.1428571492
69986  21.735  -5.105  -24.876 0.1428571492
72415  21.666  -2.272  -25.206 0.1428571492
73804  21.822  -0.850  -25.064 0.1428571492
74467  21.774  0.254  -25.014 0.1428571492
73817  21.249  -0.255  -25.369 0.1428571492
75128  22.114  1.162  -24.919 0.1428571492
119031  21.486  0.944  -25.397 0.1428571492
76664  20.656  3.269  -26.280 0.1428571492
77365  21.410  4.308  -25.807 0.1428571492
77378  20.497  4.025  -26.326 0.1428571492
77377  21.093  3.931  -26.117 0.1428571492
115531  19.461  8.897  -25.739 0.1428571492
107461  19.370  9.104  -25.734 0.1428571492
80159  18.452  9.208  -25.568 0.1428571492
80876  18.829  9.555  -26.078 0.1428571492
59533  18.337  -18.697  -19.708 0.1428571492
75142  20.961  1.146  -25.862 0.1428571492
77366  20.896  4.532  -26.108 0.1428571492
58730  15.660  -19.241  -18.313 0.2857142985
65324  19.647  -11.556  -22.893 0.2857142985
66077  19.159  -10.666  -22.970 0.2857142985
68409  20.300  -7.099  -24.387 0.1428571492
111271  21.384  -4.306  -25.196 0.1428571492
71613  21.709  -3.736  -25.036 0.1428571492
123035  22.072  -3.318  -24.821 0.1428571492
72417  20.548  -2.218  -25.520 0.1428571492
73145  21.394  -1.628  -25.335 0.1428571492
116867  21.045  -0.892  -25.461 0.1428571492
73818  20.745  -0.163  -25.569 0.1428571492
75141  21.713  1.770  -25.494 0.1428571492
76665  19.964  3.210  -26.446 0.1428571492
65325  18.666  -11.226  -22.533 0.2857142985
59534  17.656  -18.531  -19.548 0.2857142985
76654  21.268  3.293  -25.976 0.1428571492
60380  16.594  -17.346  -19.515 0.2857142985
66091  18.813  -9.956  -23.076 0.1428571492
74476  21.087  0.408  -25.544 0.1428571492
73146  20.752  -1.567  -25.499 0.1428571492
59521  14.461  -18.222  -18.352 0.1428571492
59520  15.330  -18.433  -18.587 0.1428571492
59522  13.728  -17.989  -18.073 0.1428571492
68362  26.545  -7.274  -20.761 0.1428571492
78831  28.231  6.564  -24.263 0.1428571492
58715  15.166  -19.790  -17.811 0.1428571492
61234  14.938  -16.639  -18.921 0.1428571492
61248  16.404  -16.397  -19.676 0.1428571492
61263  17.087  -16.021  -20.093 0.1428571492
62123  16.799  -15.253  -20.156 0.1428571492
119684  28.363  5.898  -23.817 0.1428571492
79505  27.997  7.137  -24.725 0.1428571492
62940  16.683  -14.274  -20.312 0.1428571492
108792  28.404  5.322  -23.370 0.1428571492
69168  26.863  -6.547  -20.638 0.1428571492
58731  14.771  -19.022  -18.152 0.1428571492
60366  14.190  -17.587  -18.399 0.1428571492
126140  16.583  -15.817  -19.895 0.1428571492
58738  21.058  -19.075  -19.744 0.1428571492
62107  23.414  -15.442  -19.402 0.1428571492
62108  22.579  -15.447  -19.794 0.1428571492
69940  27.088  -5.794  -20.518 0.1428571492
72416  21.090  -2.252  -25.440 0.1428571492
74423  28.269  0.775  -21.694 0.2857142985
75114  23.540  1.308  -23.759 0.8571428657
76653  21.899  3.359  -25.614 0.1428571492
77318  28.224  4.370  -22.712 0.1428571492
77319  27.710  4.481  -22.420 0.7142857313
77321  25.733  4.210  -22.375 0.8571428657
77337  24.333  4.117  -23.298 0.8571428657
80872  25.287  9.330  -25.311 0.5714285970
82398  23.018  11.573  -30.502 0.1428571492
114292  27.388  7.444  -24.638 0.4285714328
126242  28.784  1.138  -22.408 0.1428571492
126253  27.636  -0.986  -21.163 0.1428571492
126700  25.772  9.037  -25.732 0.1428571492
128365  27.830  6.387  -23.712 0.4285714328
