# transform file /out/sourcedata/freesurfer/sub-v1s12x0050127_ses-1/mri/transforms/cc_up.lta
# created by oesteban on Sun Mar  8 14:17:30 2026

type      = 0 # LINEAR_VOX_TO_VOX
nxforms   = 1
mean      = 133.0000 126.0000 115.0000
sigma     = 10000.0000
1 4 4
9.945390224456787e-01 4.497596621513367e-02 9.417625516653061e-02 -1.926262474060059e+01 
-4.477566480636597e-02 9.989880323410034e-01 -4.239959176629782e-03 2.747657775878906e+01 
-9.427165240049362e-02 4.656612317965880e-10 9.955464601516724e-01 3.292483901977539e+01 
0.000000000000000e+00 0.000000000000000e+00 0.000000000000000e+00 1.000000000000000e+00 
src volume info
valid = 1  # volume info valid
filename = /out/sourcedata/freesurfer/sub-v1s12x0050127_ses-1/mri/norm.mgz
volume = 256 256 256
voxelsize = 1.000000000000000e+00 1.000000000000000e+00 1.000000000000000e+00
xras   = -1.000000000000000e+00 0.000000000000000e+00 0.000000000000000e+00
yras   = 0.000000000000000e+00 0.000000000000000e+00 -1.000000000000000e+00
zras   = 0.000000000000000e+00 1.000000000000000e+00 0.000000000000000e+00
cras   = -4.811134338378906e+00 3.905563354492188e+00 -2.928208160400391e+01
dst volume info
valid = 1  # volume info valid
filename = /out/sourcedata/freesurfer/sub-v1s12x0050127_ses-1/mri/norm.mgz
volume = 256 256 256
voxelsize = 1.000000000000000e+00 1.000000000000000e+00 1.000000000000000e+00
xras   = -1.000000000000000e+00 0.000000000000000e+00 0.000000000000000e+00
yras   = 0.000000000000000e+00 0.000000000000000e+00 -1.000000000000000e+00
zras   = 0.000000000000000e+00 1.000000000000000e+00 0.000000000000000e+00
cras   = -4.811134338378906e+00 3.905563354492188e+00 -2.928208160400391e+01
