# transform file /out/sourcedata/freesurfer/sub-v1s12x0050104_ses-1/mri/transforms/cc_up.lta
# created by oesteban on Sun Mar  8 13:50:43 2026

type      = 0 # LINEAR_VOX_TO_VOX
nxforms   = 1
mean      = 126.0000 131.0000 114.0000
sigma     = 10000.0000
1 4 4
9.989405870437622e-01 4.499823600053787e-02 9.639333933591843e-03 -3.960427999496460e+00 
-4.499613866209984e-02 9.989870786666870e-01 -4.341927997302264e-04 2.483349609375000e+01 
-9.649108164012432e-03 0.000000000000000e+00 9.999535083770752e-01 2.122224807739258e+01 
0.000000000000000e+00 0.000000000000000e+00 0.000000000000000e+00 1.000000000000000e+00 
src volume info
valid = 1  # volume info valid
filename = /out/sourcedata/freesurfer/sub-v1s12x0050104_ses-1/mri/norm.mgz
volume = 256 256 256
voxelsize = 1.000000000000000e+00 1.000000000000000e+00 1.000000000000000e+00
xras   = -1.000000000000000e+00 7.275957614183426e-12 0.000000000000000e+00
yras   = 0.000000000000000e+00 -4.656612873077393e-10 -1.000000000000000e+00
zras   = 0.000000000000000e+00 1.000000000000000e+00 0.000000000000000e+00
cras   = -7.728294372558594e+00 2.450736999511719e+00 1.069728088378906e+01
dst volume info
valid = 1  # volume info valid
filename = /out/sourcedata/freesurfer/sub-v1s12x0050104_ses-1/mri/norm.mgz
volume = 256 256 256
voxelsize = 1.000000000000000e+00 1.000000000000000e+00 1.000000000000000e+00
xras   = -1.000000000000000e+00 7.275957614183426e-12 0.000000000000000e+00
yras   = 0.000000000000000e+00 -4.656612873077393e-10 -1.000000000000000e+00
zras   = 0.000000000000000e+00 1.000000000000000e+00 0.000000000000000e+00
cras   = -7.728294372558594e+00 2.450736999511719e+00 1.069728088378906e+01
