# transform file /out/sourcedata/freesurfer/sub-v1s12x0050107_ses-1/mri/transforms/cc_up.lta
# created by oesteban on Sun Mar  8 14:04:18 2026

type      = 0 # LINEAR_VOX_TO_VOX
nxforms   = 1
mean      = 129.0000 138.0000 111.0000
sigma     = 10000.0000
1 4 4
9.925089478492737e-01 6.822034716606140e-02 1.013498157262802e-01 -2.232513046264648e+01 
-6.786742061376572e-02 9.976701736450195e-01 -6.930265109986067e-03 1.799896621704102e+01 
-1.015864834189415e-01 -4.656612317965880e-10 9.948266148567200e-01 4.202833557128906e+01 
0.000000000000000e+00 0.000000000000000e+00 0.000000000000000e+00 1.000000000000000e+00 
src volume info
valid = 1  # volume info valid
filename = /out/sourcedata/freesurfer/sub-v1s12x0050107_ses-1/mri/norm.mgz
volume = 256 256 256
voxelsize = 1.000000000000000e+00 1.000000000000000e+00 1.000000000000000e+00
xras   = -1.000000000000000e+00 0.000000000000000e+00 0.000000000000000e+00
yras   = 0.000000000000000e+00 0.000000000000000e+00 -1.000000000000000e+00
zras   = 0.000000000000000e+00 1.000000000000000e+00 0.000000000000000e+00
cras   = -4.844505310058594e+00 7.537536621093750e+00 -4.522941589355469e+00
dst volume info
valid = 1  # volume info valid
filename = /out/sourcedata/freesurfer/sub-v1s12x0050107_ses-1/mri/norm.mgz
volume = 256 256 256
voxelsize = 1.000000000000000e+00 1.000000000000000e+00 1.000000000000000e+00
xras   = -1.000000000000000e+00 0.000000000000000e+00 0.000000000000000e+00
yras   = 0.000000000000000e+00 0.000000000000000e+00 -1.000000000000000e+00
zras   = 0.000000000000000e+00 1.000000000000000e+00 0.000000000000000e+00
cras   = -4.844505310058594e+00 7.537536621093750e+00 -4.522941589355469e+00
