# transform file /out/sourcedata/freesurfer/sub-v1s12x0050129_ses-1/mri/transforms/cc_up.lta
# created by oesteban on Sun Mar  8 14:10:43 2026

type      = 0 # LINEAR_VOX_TO_VOX
nxforms   = 1
mean      = 130.0000 129.0000 129.0000
sigma     = 10000.0000
1 4 4
9.982537031173706e-01 4.802471026778221e-02 3.439359366893768e-02 -1.248966407775879e+01 
-4.799623042345047e-02 9.988459944725037e-01 -1.653650659136474e-03 2.367463493347168e+01 
-3.443332388997078e-02 0.000000000000000e+00 9.994069337844849e-01 9.623620986938477e+00 
0.000000000000000e+00 0.000000000000000e+00 0.000000000000000e+00 1.000000000000000e+00 
src volume info
valid = 1  # volume info valid
filename = /out/sourcedata/freesurfer/sub-v1s12x0050129_ses-1/mri/norm.mgz
volume = 256 256 256
voxelsize = 1.000000000000000e+00 1.000000000000000e+00 1.000000000000000e+00
xras   = -1.000000119209290e+00 0.000000000000000e+00 0.000000000000000e+00
yras   = 0.000000000000000e+00 0.000000000000000e+00 -1.000000119209290e+00
zras   = 0.000000000000000e+00 1.000000000000000e+00 0.000000000000000e+00
cras   = 9.893264770507812e-01 -4.084732055664062e+00 5.605552673339844e+00
dst volume info
valid = 1  # volume info valid
filename = /out/sourcedata/freesurfer/sub-v1s12x0050129_ses-1/mri/norm.mgz
volume = 256 256 256
voxelsize = 1.000000000000000e+00 1.000000000000000e+00 1.000000000000000e+00
xras   = -1.000000119209290e+00 0.000000000000000e+00 0.000000000000000e+00
yras   = 0.000000000000000e+00 0.000000000000000e+00 -1.000000119209290e+00
zras   = 0.000000000000000e+00 1.000000000000000e+00 0.000000000000000e+00
cras   = 9.893264770507812e-01 -4.084732055664062e+00 5.605552673339844e+00
