#Insight Transform File V1.0
#Transform 0
Transform: AffineTransform_float_3_3
Parameters: 1 -0.00044335 0.000196992 0.000443039 0.999999 0.000786789 -0.00019769 -0.000786614 0.999999 0.0061886 -0.048997 -0.0552844
FixedParameters: 0 0 0

#Transform 1
Transform: AffineTransform_float_3_3
Parameters: 1 0.000403316 -0.000115205 -0.000403305 1 5.01315e-05 0.000115246 -5.00385e-05 1 -0.0783082 0.0730499 -0.0785837
FixedParameters: 0 0 0

#Transform 2
Transform: AffineTransform_float_3_3
Parameters: 1 0.000985328 -0.000280477 -0.000985059 0.999999 0.00103444 0.000281422 -0.00103437 0.999999 -0.125918 -0.00427895 0.0865368
FixedParameters: 0 0 0

#Transform 3
Transform: AffineTransform_float_3_3
Parameters: 1 0.000560642 -0.00015943 -0.000560524 0.999999 0.0010941 0.000159847 -0.00109388 1 -0.0880215 -0.0417585 0.0547887
FixedParameters: 0 0 0

#Transform 4
Transform: AffineTransform_float_3_3
Parameters: 1 0.000866278 -0.000245039 -0.000865812 0.999996 0.00244235 0.000246698 -0.00244181 0.999997 -0.148654 -0.0301307 -0.156728
FixedParameters: 0 0 0

#Transform 5
Transform: AffineTransform_float_3_3
Parameters: 0.999999 0.00075354 0.000835579 -0.000758992 0.99998 0.00618088 -0.000831032 -0.00618234 0.999981 -0.394411 -0.168104 -0.164192
FixedParameters: 0 0 0

#Transform 6
Transform: AffineTransform_float_3_3
Parameters: 0.999998 -0.000514371 0.00164695 0.000506303 0.999988 0.00485751 -0.00164925 -0.00485674 0.999987 -0.270898 -0.227825 -0.098088
FixedParameters: 0 0 0

#Transform 7
Transform: AffineTransform_float_3_3
Parameters: 0.999998 -0.00100599 0.00178692 0.00100095 0.999995 0.00305961 -0.00179002 -0.00305819 0.999994 -0.230609 -0.19906 -0.0109442
FixedParameters: 0 0 0

#Transform 8
Transform: AffineTransform_float_3_3
Parameters: 0.999997 -0.0015731 0.00182165 0.00157449 0.999998 -0.000777877 -0.00182012 0.000781494 0.999998 -0.157266 -0.508358 -0.0640512
FixedParameters: 0 0 0

#Transform 9
Transform: AffineTransform_float_3_3
Parameters: 0.999999 0.000280768 0.000748124 -0.000282795 0.999996 0.00261188 -0.000747605 -0.00261102 0.999996 -0.299592 -0.428849 -0.192871
FixedParameters: 0 0 0

#Transform 10
Transform: AffineTransform_float_3_3
Parameters: 1 0.000516789 0.000823613 -0.000520415 0.99999 0.00447171 -0.00082072 -0.00447192 0.999989 -0.320738 -0.435117 -0.0350311
FixedParameters: 0 0 0

#Transform 11
Transform: AffineTransform_float_3_3
Parameters: 0.999999 0.000191361 0.000716924 -0.000194868 0.999987 0.00511086 -0.000716108 -0.00511135 0.999987 -0.285579 -0.420632 0.0872289
FixedParameters: 0 0 0

#Transform 12
Transform: AffineTransform_float_3_3
Parameters: 0.999999 0.000281664 0.000544456 -0.000285065 0.999984 0.00562019 -0.000542682 -0.00562062 0.999984 -0.306646 -0.406307 0.0287886
FixedParameters: 0 0 0

#Transform 13
Transform: AffineTransform_float_3_3
Parameters: 0.999999 0.000430622 0.000633253 -0.000433344 0.999988 0.00501407 -0.000631051 -0.00501394 0.999987 -0.221321 -0.414238 0.102756
FixedParameters: 0 0 0

#Transform 14
Transform: AffineTransform_float_3_3
Parameters: 1 0.000304617 0.00110202 -0.000312231 0.999982 0.00602977 -0.00110025 -0.00603023 0.999982 -0.233707 -0.383874 0.0111909
FixedParameters: 0 0 0

#Transform 15
Transform: AffineTransform_float_3_3
Parameters: 0.999999 0.000674708 0.000997967 -0.000679696 0.999986 0.00514426 -0.000994629 -0.00514449 0.999987 -0.234024 -0.375908 0.0910251
FixedParameters: 0 0 0

#Transform 16
Transform: AffineTransform_float_3_3
Parameters: 1 0.000503329 0.000968353 -0.000508927 0.999984 0.005619 -0.00096599 -0.00562024 0.999984 -0.160188 -0.385901 0.175827
FixedParameters: 0 0 0

#Transform 17
Transform: AffineTransform_float_3_3
Parameters: 1 0.000679059 0.000842845 -0.000684203 0.999981 0.00614831 -0.000838335 -0.00614885 0.999981 -0.193431 -0.352305 0.00807699
FixedParameters: 0 0 0

#Transform 18
Transform: AffineTransform_float_3_3
Parameters: 0.999999 0.000728932 0.000983565 -0.000735562 0.999981 0.00602584 -0.000978612 -0.00602614 0.999982 -0.210832 -0.390841 0.0508977
FixedParameters: 0 0 0

#Transform 19
Transform: AffineTransform_float_3_3
Parameters: 0.999999 0.000774807 0.000773205 -0.00077888 0.999983 0.00577846 -0.000769333 -0.005779 0.999983 -0.164228 -0.36496 0.163952
FixedParameters: 0 0 0

#Transform 20
Transform: AffineTransform_float_3_3
Parameters: 0.999999 0.000896033 0.000936968 -0.000901489 0.999981 0.00610636 -0.000931109 -0.0061066 0.999981 -0.124577 -0.349635 0.150995
FixedParameters: 0 0 0

#Transform 21
Transform: AffineTransform_float_3_3
Parameters: 1 0.000721943 0.000759939 -0.00072585 0.999983 0.00576799 -0.000756694 -0.00576843 0.999983 -0.145018 -0.352706 0.0278537
FixedParameters: 0 0 0

#Transform 22
Transform: AffineTransform_float_3_3
Parameters: 0.999999 0.000596287 0.0010201 -0.000602042 0.999985 0.00542784 -0.00101708 -0.00542848 0.999985 -0.141388 -0.340619 0.140864
FixedParameters: 0 0 0

#Transform 23
Transform: AffineTransform_float_3_3
Parameters: 1 0.000489575 0.000697018 -0.000492685 0.999985 0.00558444 -0.000693654 -0.00558451 0.999984 -0.125738 -0.364622 0.125626
FixedParameters: 0 0 0

#Transform 24
Transform: AffineTransform_float_3_3
Parameters: 1 0.000670012 0.000550395 -0.000673132 0.999987 0.00494452 -0.000546844 -0.00494448 0.999987 -0.169704 -0.32699 -0.0511552
FixedParameters: 0 0 0

#Transform 25
Transform: AffineTransform_float_3_3
Parameters: 0.999999 0.000842081 0.000740354 -0.000845839 0.999986 0.00527752 -0.000735751 -0.00527808 0.999986 -0.16455 -0.364418 0.11084
FixedParameters: 0 0 0

#Transform 26
Transform: AffineTransform_float_3_3
Parameters: 1 0.000934601 0.000473074 -0.000936226 0.999987 0.00490563 -0.000468211 -0.00490575 0.999988 -0.161499 -0.338871 0.1259
FixedParameters: 0 0 0

#Transform 27
Transform: AffineTransform_float_3_3
Parameters: 0.999999 0.0010693 0.00017986 -0.00107024 0.999988 0.00494229 -0.000174004 -0.00494227 0.999988 -0.1844 -0.327771 -0.0685308
FixedParameters: 0 0 0

#Transform 28
Transform: AffineTransform_float_3_3
Parameters: 1 0.000848788 0.000481909 -0.000850705 0.99999 0.00427168 -0.000478164 -0.00427171 0.999991 -0.200413 -0.353767 0.107847
FixedParameters: 0 0 0

#Transform 29
Transform: AffineTransform_float_3_3
Parameters: 1 0.000786718 0.00026029 -0.000788224 0.999987 0.00507721 -0.00025592 -0.00507674 0.999987 -0.169791 -0.378206 0.0981363
FixedParameters: 0 0 0

#Transform 30
Transform: AffineTransform_float_3_3
Parameters: 0.999999 0.00111703 0.000196641 -0.00111843 0.999987 0.00497844 -0.000191181 -0.00497844 0.999987 -0.195476 -0.321002 -0.0363386
FixedParameters: 0 0 0

#Transform 31
Transform: AffineTransform_float_3_3
Parameters: 1 0.000935327 0.000323108 -0.000937681 0.999989 0.00474234 -0.000319064 -0.00474339 0.999989 -0.178119 -0.349758 0.131344
FixedParameters: 0 0 0

#Transform 32
Transform: AffineTransform_float_3_3
Parameters: 1 0.000924774 -0.000137716 -0.000924599 0.99999 0.00432317 0.000142088 -0.00432327 0.999991 -0.153656 -0.307424 0.118726
FixedParameters: 0 0 0

#Transform 33
Transform: AffineTransform_float_3_3
Parameters: 0.999999 0.00103955 -0.000275939 -0.00103846 0.99999 0.00430321 0.000280307 -0.00430295 0.999991 -0.162288 -0.259891 -0.00482037
FixedParameters: 0 0 0

#Transform 34
Transform: AffineTransform_float_3_3
Parameters: 1 0.000919661 -0.000246981 -0.000918572 0.999992 0.00388187 0.000251161 -0.0038818 0.999992 -0.178192 -0.304007 0.11856
FixedParameters: 0 0 0

#Transform 35
Transform: AffineTransform_float_3_3
Parameters: 0.999999 0.00126737 -0.000232714 -0.00126573 0.999986 0.00510042 0.000239308 -0.00510066 0.999987 -0.167362 -0.296094 0.0894956
FixedParameters: 0 0 0

#Transform 36
Transform: AffineTransform_float_3_3
Parameters: 0.999999 0.000740257 -0.000852919 -0.000736333 0.999992 0.00392925 0.000856475 -0.00392857 0.999992 -0.180766 -0.282773 -0.0288483
FixedParameters: 0 0 0

#Transform 37
Transform: AffineTransform_float_3_3
Parameters: 0.999999 0.000862917 -0.000779196 -0.000859839 0.999991 0.00410879 0.000782126 -0.00410848 0.999991 -0.197147 -0.325497 0.0839284
FixedParameters: 0 0 0

#Transform 38
Transform: AffineTransform_float_3_3
Parameters: 1 0.000636908 -0.000642386 -0.000633934 0.99999 0.00457188 0.000645262 -0.0045713 0.999989 -0.180799 -0.28762 0.0609976
FixedParameters: 0 0 0

#Transform 39
Transform: AffineTransform_float_3_3
Parameters: 0.999999 0.000965259 -0.000639329 -0.00096193 0.99999 0.00436174 0.000643433 -0.00436076 0.99999 -0.203175 -0.269258 -0.0309325
FixedParameters: 0 0 0

#Transform 40
Transform: AffineTransform_float_3_3
Parameters: 1 0.000773033 -9.54351e-05 -0.000772107 0.999992 0.00397272 9.84856e-05 -0.00397249 0.999992 -0.1851 -0.280776 0.106097
FixedParameters: 0 0 0

#Transform 41
Transform: AffineTransform_float_3_3
Parameters: 0.999999 0.00103766 -0.000305045 -0.00103605 0.999989 0.00466842 0.000310294 -0.00466863 0.999989 -0.167475 -0.28621 0.0232378
FixedParameters: 0 0 0

#Transform 42
Transform: AffineTransform_float_3_3
Parameters: 0.999999 0.00131647 -0.000248295 -0.00131484 0.999991 0.00401351 0.000253865 -0.00401323 0.999992 -0.164671 -0.285467 0.00890263
FixedParameters: 0 0 0

#Transform 43
Transform: AffineTransform_float_3_3
Parameters: 1 0.000722791 -0.000201519 -0.000721831 0.999991 0.00423813 0.000204969 -0.0042377 0.999991 -0.147412 -0.308305 0.105806
FixedParameters: 0 0 0

#Transform 44
Transform: AffineTransform_float_3_3
Parameters: 1 0.00100509 -0.000160037 -0.00100394 0.99999 0.00448375 0.000164338 -0.00448381 0.99999 -0.135963 -0.267451 -2.09489e-06
FixedParameters: 0 0 0

#Transform 45
Transform: AffineTransform_float_3_3
Parameters: 0.999999 0.00112713 -0.00019489 -0.00112583 0.999991 0.00412511 0.000199173 -0.0041242 0.999991 -0.140888 -0.278963 0.020848
FixedParameters: 0 0 0

#Transform 46
Transform: AffineTransform_float_3_3
Parameters: 1 0.000820804 -0.000312417 -0.000820297 0.999992 0.00404773 0.000315569 -0.0040475 0.999992 -0.127822 -0.285815 0.104038
FixedParameters: 0 0 0

#Transform 47
Transform: AffineTransform_float_3_3
Parameters: 0.999999 0.00113139 -0.000195982 -0.00113011 0.999991 0.0042135 0.000200522 -0.00421395 0.999991 -0.116637 -0.248089 -0.0372669
FixedParameters: 0 0 0

#Transform 48
Transform: AffineTransform_float_3_3
Parameters: 1 0.000863163 -2.47487e-05 -0.00086256 0.999993 0.00350828 2.83623e-05 -0.00350735 0.999994 -0.106236 -0.281221 0.0575509
FixedParameters: 0 0 0

#Transform 49
Transform: AffineTransform_float_3_3
Parameters: 1 0.000995044 -0.000334989 -0.00099345 0.999992 0.00367653 0.000339203 -0.00367625 0.999993 -0.0849367 -0.288191 0.0962375
FixedParameters: 0 0 0

#Transform 50
Transform: AffineTransform_float_3_3
Parameters: 0.999999 0.00117564 -0.000210417 -0.00117539 0.999995 0.00285554 0.00021375 -0.00285542 0.999996 -0.0980117 -0.233548 -0.0494153
FixedParameters: 0 0 0

#Transform 51
Transform: AffineTransform_float_3_3
Parameters: 1 0.00103309 -0.00017051 -0.00103294 0.999996 0.00257977 0.00017327 -0.00257983 0.999997 -0.130152 -0.270471 0.0548212
FixedParameters: 0 0 0

#Transform 52
Transform: AffineTransform_float_3_3
Parameters: 1 0.000751748 -0.000277287 -0.00075156 0.999995 0.00323081 0.000280131 -0.00323075 0.999995 -0.0849907 -0.25079 0.0460199
FixedParameters: 0 0 0

#Transform 53
Transform: AffineTransform_float_3_3
Parameters: 1 0.000921899 -0.00013883 -0.000921827 0.999996 0.00273287 0.00014144 -0.00273251 0.999997 -0.114961 -0.216157 -0.0344004
FixedParameters: 0 0 0

#Transform 54
Transform: AffineTransform_float_3_3
Parameters: 1 0.000809106 -0.000106555 -0.000808133 0.999995 0.00309811 0.000109004 -0.00309789 0.999996 -0.102806 -0.285102 0.0930489
FixedParameters: 0 0 0

#Transform 55
Transform: AffineTransform_float_3_3
Parameters: 0.999999 0.000693918 -7.38063e-05 -0.000693077 0.999995 0.00330654 7.5973e-05 -0.00330692 0.999994 -0.10893 -0.215159 -0.00545471
FixedParameters: 0 0 0

#Transform 56
Transform: AffineTransform_float_3_3
Parameters: 0.999999 0.000652325 -6.20799e-05 -0.000652522 0.999995 0.00329438 6.4233e-05 -0.00329472 0.999994 -0.113113 -0.25517 0.000668688
FixedParameters: 0 0 0

#Transform 57
Transform: AffineTransform_float_3_3
Parameters: 1 0.000514825 -2.32879e-05 -0.000514047 0.999995 0.00330073 2.52155e-05 -0.00330124 0.999994 -0.0661109 -0.270665 0.098556
FixedParameters: 0 0 0

#Transform 58
Transform: AffineTransform_float_3_3
Parameters: 1 0.000479384 -1.3129e-05 -0.000478628 0.999994 0.00347374 1.51298e-05 -0.00347373 0.999994 -0.0814066 -0.231922 -0.048734
FixedParameters: 0 0 0

#Transform 59
Transform: AffineTransform_float_3_3
Parameters: 1 0.000519005 -2.48598e-05 -0.000519248 0.999996 0.00269976 2.63266e-05 -0.00269966 0.999997 -0.0796786 -0.244626 0.0709947
FixedParameters: 0 0 0

#Transform 60
Transform: AffineTransform_float_3_3
Parameters: 1 0.000442871 -2.8532e-06 -0.000443145 0.999994 0.00343089 4.83982e-06 -0.00343083 0.999994 -0.0542649 -0.253578 0.0499824
FixedParameters: 0 0 0

#Transform 61
Transform: AffineTransform_float_3_3
Parameters: 0.999999 0.000700043 -7.62546e-05 -0.000699116 0.999996 0.00252814 7.80402e-05 -0.00252803 0.999997 -0.0824954 -0.202288 -0.029062
FixedParameters: 0 0 0

#Transform 62
Transform: AffineTransform_float_3_3
Parameters: 1 0.000283433 4.19411e-05 -0.000283759 0.999995 0.0031218 -4.04141e-05 -0.00312179 0.999995 -0.0416242 -0.262861 0.0791651
FixedParameters: 0 0 0

#Transform 63
Transform: AffineTransform_float_3_3
Parameters: 1 0.000309484 3.43919e-05 -0.000309778 0.999996 0.00272873 -3.30872e-05 -0.00272872 0.999997 -0.0361228 -0.214034 -0.0489589
FixedParameters: 0 0 0

#Transform 64
Transform: AffineTransform_float_3_3
Parameters: 1 0.000200117 0.000194035 -0.000199932 0.999998 0.0023135 -0.000192959 -0.00231365 0.999998 -0.0378102 -0.255398 -0.0246851
FixedParameters: 0 0 0

#Transform 65
Transform: AffineTransform_float_3_3
Parameters: 1 -7.39933e-05 7.30996e-05 7.37752e-05 0.999998 0.00204485 -7.31188e-05 -0.00204485 0.999998 0.0149165 -0.233243 0.0464156
FixedParameters: 0 0 0

#Transform 66
Transform: AffineTransform_float_3_3
Parameters: 1 0.000122282 -7.41398e-05 -0.000121993 0.999998 0.00167374 7.46901e-05 -0.00167373 0.999998 -0.0181289 -0.240983 -0.120804
FixedParameters: 0 0 0

#Transform 67
Transform: AffineTransform_float_3_3
Parameters: 1 -3.20847e-05 -0.000174814 3.16506e-05 0.999999 0.00138408 0.000175142 -0.00138403 0.999999 -0.0130595 -0.251746 0.0119757
FixedParameters: 0 0 0

#Transform 68
Transform: AffineTransform_float_3_3
Parameters: 1 -0.000107283 -0.000334333 0.000108209 0.999999 0.0013247 0.000334189 -0.00132478 0.999999 -0.00596876 -0.247487 0.00750781
FixedParameters: 0 0 0

#Transform 69
Transform: AffineTransform_float_3_3
Parameters: 1 3.82341e-05 -0.000173114 -3.80323e-05 1 0.00058281 0.000173159 -0.000582796 1 -0.0256788 -0.215577 -0.110619
FixedParameters: 0 0 0

#Transform 70
Transform: AffineTransform_float_3_3
Parameters: 1 -0.000153975 -0.000455155 0.000153604 0.999999 0.000900003 0.000454342 -0.000899516 1 -0.0274869 -0.265271 0.00201593
FixedParameters: 0 0 0

#Transform 71
Transform: AffineTransform_float_3_3
Parameters: 1 -0.000125761 -0.000209507 0.000126247 1 0.00106318 0.00020938 -0.00106323 1 -0.00643558 -0.260277 -0.050576
FixedParameters: 0 0 0

#Transform 72
Transform: AffineTransform_float_3_3
Parameters: 0.999999 -0.000371589 -0.000700936 0.000371039 1 0.000291431 0.000700993 -0.000291889 0.999999 0.00336039 -0.24595 -0.068907
FixedParameters: 0 0 0

#Transform 73
Transform: AffineTransform_float_3_3
Parameters: 1 -0.000617444 -0.000123534 0.000617619 0.999999 0.000710544 0.000122656 -0.000710696 0.999999 0.0289393 -0.257638 0.0386877
FixedParameters: 0 0 0

#Transform 74
Transform: AffineTransform_float_3_3
Parameters: 1 -0.000520895 -0.000327714 0.000521214 0.999999 0.000486827 0.000327206 -0.000487169 1 0.00807873 -0.219781 -0.10826
FixedParameters: 0 0 0

#Transform 75
Transform: AffineTransform_float_3_3
Parameters: 1 -0.000578493 -0.000150942 0.000578523 1 0.000100202 0.000150826 -0.000100376 1 0.0268123 -0.258744 0.00544054
FixedParameters: 0 0 0

#Transform 76
Transform: AffineTransform_float_3_3
Parameters: 1 -0.000645175 -0.000223678 0.00064542 0.999999 0.000550101 0.000222968 -0.000550389 1 0.0251095 -0.264225 -0.0381337
FixedParameters: 0 0 0

#Transform 77
Transform: AffineTransform_float_3_3
Parameters: 1 -0.000454348 -0.000140451 0.000454053 1 -0.000336422 0.000139786 0.000337181 1 0.0154949 -0.228513 -0.132828
FixedParameters: 0 0 0

#Transform 78
Transform: AffineTransform_float_3_3
Parameters: 0.999999 -0.000867505 -0.000199306 0.000867479 0.999999 -6.48528e-05 0.000199419 6.45069e-05 1 0.0543171 -0.263659 0.0192332
FixedParameters: 0 0 0

#Transform 79
Transform: AffineTransform_float_3_3
Parameters: 1 -0.000986451 0.000403293 0.000986308 1 0.000127325 -0.000403686 -0.000127054 1 0.0708079 -0.235312 -0.0856948
FixedParameters: 0 0 0

#Transform 80
Transform: AffineTransform_float_3_3
Parameters: 0.999999 -0.000897956 -6.22467e-05 0.000897886 1 -0.000558273 6.32487e-05 0.000557632 1 0.0687044 -0.257072 -0.115431
FixedParameters: 0 0 0

#Transform 81
Transform: AffineTransform_float_3_3
Parameters: 0.999999 -0.00112334 0.000443601 0.00112377 0.999999 -0.000842737 -0.000442799 0.000843246 0.999999 0.0840817 -0.25953 -0.0109911
FixedParameters: 0 0 0

#Transform 82
Transform: AffineTransform_float_3_3
Parameters: 0.999999 -0.00090047 -8.13766e-05 0.000900466 0.999999 -0.00045963 8.21848e-05 0.000460329 1 0.0658812 -0.249891 -0.180709
FixedParameters: 0 0 0

#Transform 83
Transform: AffineTransform_float_3_3
Parameters: 1 -0.000871054 -0.000211721 0.000871123 0.999998 -0.00145566 0.000213031 0.00145526 0.999999 0.0576902 -0.24355 -0.0821126
FixedParameters: 0 0 0

#Transform 84
Transform: AffineTransform_float_3_3
Parameters: 1 -0.00104319 -6.18887e-06 0.00104314 1 -0.000549639 7.19357e-06 0.0005491 1 0.0932508 -0.249938 -0.0172164
FixedParameters: 0 0 0

#Transform 85
Transform: AffineTransform_float_3_3
Parameters: 1 -0.000891968 -5.96227e-05 0.000892272 0.999998 -0.00185024 6.08699e-05 0.00185099 0.999998 0.0878297 -0.202372 -0.16825
FixedParameters: 0 0 0

#Transform 86
Transform: AffineTransform_float_3_3
Parameters: 0.999999 -0.00118731 -0.000528004 0.00118652 0.999998 -0.00114022 0.000528533 0.00113899 1 0.117983 -0.264421 -0.0232461
FixedParameters: 0 0 0

#Transform 87
Transform: AffineTransform_float_3_3
Parameters: 0.999999 -0.00136844 -0.000227041 0.00136828 0.999998 -0.00140694 0.000228695 0.00140665 0.999999 0.129212 -0.219872 -0.119627
FixedParameters: 0 0 0

#Transform 88
Transform: AffineTransform_float_3_3
Parameters: 1 -0.000877835 -8.33075e-05 0.000878021 0.999997 -0.00202825 8.48147e-05 0.00202897 0.999998 0.0851559 -0.26673 -0.167992
FixedParameters: 0 0 0

#Transform 89
Transform: AffineTransform_float_3_3
Parameters: 0.999999 -0.0011684 5.31584e-08 0.0011679 0.999997 -0.00177766 2.33954e-06 0.00177773 0.999999 0.0929031 -0.279215 -0.0156225
FixedParameters: 0 0 0

#Transform 90
Transform: AffineTransform_float_3_3
Parameters: 1 -0.000978225 -0.000550251 0.000977256 0.999998 -0.00150384 0.000551966 0.00150274 0.999999 0.076543 -0.21384 -0.184716
FixedParameters: 0 0 0

#Transform 91
Transform: AffineTransform_float_3_3
Parameters: 1 -0.000994236 -0.000621337 0.00099287 0.999998 -0.00173932 0.000623689 0.0017389 0.999998 0.0711041 -0.241788 -0.105509
FixedParameters: 0 0 0

#Transform 92
Transform: AffineTransform_float_3_3
Parameters: 0.999999 -0.0013734 -0.000191543 0.00137246 0.999998 -0.0012081 0.000192939 0.0012085 0.999999 0.0849639 -0.257802 -0.0531665
FixedParameters: 0 0 0

#Transform 93
Transform: AffineTransform_float_3_3
Parameters: 0.999999 -0.000856463 -0.000174909 0.000856671 0.999998 -0.00179333 0.00017702 0.00179385 0.999999 0.0604635 -0.216799 -0.206099
FixedParameters: 0 0 0

#Transform 94
Transform: AffineTransform_float_3_3
Parameters: 1 -0.00104559 -0.000461242 0.00104468 0.999998 -0.00143417 0.000462063 0.00143322 0.999999 0.0735762 -0.265696 -0.1127
FixedParameters: 0 0 0

#Transform 95
Transform: AffineTransform_float_3_3
Parameters: 0.999999 -0.00119916 -8.33839e-05 0.00119868 0.999998 -0.00123981 8.54056e-05 0.00123964 1 0.0626177 -0.262721 -0.0823398
FixedParameters: 0 0 0

#Transform 96
Transform: AffineTransform_float_3_3
Parameters: 0.999999 -0.00114146 -0.000379696 0.00114112 0.999998 -0.00134737 0.000381546 0.00134648 0.999999 0.0588736 -0.23434 -0.227827
FixedParameters: 0 0 0

#Transform 97
Transform: AffineTransform_float_3_3
Parameters: 0.999999 -0.00126148 2.69173e-05 0.00126107 0.999997 -0.00185097 -2.40084e-05 0.00185111 0.999999 0.0772769 -0.27567 -0.128593
FixedParameters: 0 0 0

#Transform 98
Transform: AffineTransform_float_3_3
Parameters: 0.999999 -0.00134061 4.91081e-05 0.00134124 0.999998 -0.00148342 -4.73254e-05 0.00148389 0.999999 0.0952156 -0.276943 -0.110519
FixedParameters: 0 0 0

#Transform 99
Transform: AffineTransform_float_3_3
Parameters: 0.999999 -0.00129804 0.000196718 0.00129836 0.999998 -0.0019063 -0.000193548 0.0019072 0.999998 0.0963768 -0.230075 -0.218568
FixedParameters: 0 0 0

#Transform 100
Transform: AffineTransform_float_3_3
Parameters: 0.999999 -0.00172634 3.56503e-05 0.00172668 0.999997 -0.00181037 -3.25455e-05 0.00181086 0.999999 0.135425 -0.288181 -0.0946659
FixedParameters: 0 0 0

#Transform 101
Transform: AffineTransform_float_3_3
Parameters: 0.999999 -0.00167692 0.000145656 0.00167779 0.999997 -0.00148406 -0.000143014 0.00148488 0.999999 0.187179 -0.24006 -0.134674
FixedParameters: 0 0 0

#Transform 102
Transform: AffineTransform_float_3_3
Parameters: 0.999998 -0.00181578 0.000186849 0.00181555 0.999996 -0.00213156 -0.000182932 0.00213218 0.999998 0.182576 -0.260756 -0.236323
FixedParameters: 0 0 0

#Transform 103
Transform: AffineTransform_float_3_3
Parameters: 0.999998 -0.00216413 -9.81722e-05 0.00216426 0.999994 -0.00247202 0.000103548 0.00247144 0.999997 0.202484 -0.291598 -0.0910105
FixedParameters: 0 0 0

#Transform 104
Transform: AffineTransform_float_3_3
Parameters: 0.999999 -0.00174354 -0.000264855 0.00174237 0.999996 -0.00208971 0.00026804 0.00208919 0.999998 0.174555 -0.275672 -0.211425
FixedParameters: 0 0 0

#Transform 105
Transform: AffineTransform_float_3_3
Parameters: 0.999999 -0.00129137 3.74664e-05 0.00129162 0.999994 -0.00316414 -3.2806e-05 0.00316378 0.999995 0.134856 -0.223803 -0.240139
FixedParameters: 0 0 0

#Transform 106
Transform: AffineTransform_float_3_3
Parameters: 0.999998 -0.00201962 0.000245911 0.00201965 0.999995 -0.00230071 -0.000240423 0.00230026 0.999997 0.170752 -0.25089 -0.0382628
FixedParameters: 0 0 0

#Transform 107
Transform: AffineTransform_float_3_3
Parameters: 0.999998 -0.00193532 0.00022252 0.00193527 0.999995 -0.00271149 -0.000216659 0.00271179 0.999996 0.192771 -0.2255 -0.244237
FixedParameters: 0 0 0

#Transform 108
Transform: AffineTransform_float_3_3
Parameters: 0.999998 -0.00212853 0.000173022 0.0021287 0.999991 -0.00352317 -0.0001655 0.00352393 0.999994 0.236456 -0.291967 -0.201474
FixedParameters: 0 0 0

#Transform 109
Transform: AffineTransform_float_3_3
Parameters: 0.999996 -0.00268476 0.000492104 0.00268643 0.999992 -0.00316499 -0.000483954 0.00316611 0.999994 0.251095 -0.280965 -0.0959485
FixedParameters: 0 0 0

#Transform 110
Transform: AffineTransform_float_3_3
Parameters: 0.999998 -0.00237815 0.000186416 0.00237914 0.99999 -0.00374424 -0.000177449 0.00374405 0.999993 0.228795 -0.257005 -0.266659
FixedParameters: 0 0 0

#Transform 111
Transform: AffineTransform_float_3_3
Parameters: 0.999997 -0.00229799 0.000213349 0.0022982 0.999987 -0.00453884 -0.000202252 0.00453941 0.99999 0.22161 -0.265176 -0.19427
FixedParameters: 0 0 0

#Transform 112
Transform: AffineTransform_float_3_3
Parameters: 0.999996 -0.00259616 0.00041659 0.00259778 0.999989 -0.00387003 -0.000405867 0.00387122 0.999993 0.252383 -0.260528 -0.14647
FixedParameters: 0 0 0

#Transform 113
Transform: AffineTransform_float_3_3
Parameters: 0.999997 -0.002212 0.000306948 0.00221301 0.999988 -0.00451569 -0.000296871 0.0045161 0.999989 0.231883 -0.268068 -0.290832
FixedParameters: 0 0 0

#Transform 114
Transform: AffineTransform_float_3_3
Parameters: 0.999997 -0.00247429 0.000382944 0.00247659 0.999987 -0.00445646 -0.000372151 0.00445739 0.99999 0.246758 -0.295228 -0.134725
FixedParameters: 0 0 0

#Transform 115
Transform: AffineTransform_float_3_3
Parameters: 0.999996 -0.00256834 0.000409658 0.00256971 0.999987 -0.00425896 -0.000398913 0.00426016 0.999991 0.305981 -0.269773 -0.250499
FixedParameters: 0 0 0

#Transform 116
Transform: AffineTransform_float_3_3
Parameters: 0.999998 -0.00232523 0.000340632 0.0023265 0.999986 -0.00480379 -0.000328999 0.00480499 0.999989 0.264208 -0.281325 -0.28846
FixedParameters: 0 0 0

#Transform 117
Transform: AffineTransform_float_3_3
Parameters: 0.999996 -0.00280326 0.000264084 0.00280427 0.999986 -0.004511 -0.000251172 0.00451186 0.999989 0.280145 -0.301598 -0.179132
FixedParameters: 0 0 0

#Transform 118
Transform: AffineTransform_float_3_3
Parameters: 0.999996 -0.00278139 -0.000260197 0.00277937 0.999985 -0.00470129 0.000272717 0.00470104 0.999989 0.281299 -0.275442 -0.303473
FixedParameters: 0 0 0

#Transform 119
Transform: AffineTransform_float_3_3
Parameters: 0.999997 -0.00218786 -0.00032217 0.00218608 0.999982 -0.00558932 0.000334539 0.00558815 0.999984 0.205734 -0.246495 -0.269384
FixedParameters: 0 0 0

#Transform 120
Transform: AffineTransform_float_3_3
Parameters: 0.999998 -0.00215789 -3.5856e-05 0.00215784 0.999986 -0.0048875 4.67577e-05 0.00488765 0.999988 0.184743 -0.22451 -0.150997
FixedParameters: 0 0 0

#Transform 121
Transform: AffineTransform_float_3_3
Parameters: 0.999998 -0.00210568 6.5268e-06 0.00210589 0.999984 -0.00540897 5.53606e-06 0.00540933 0.999985 0.143317 -0.187204 -0.367472
FixedParameters: 0 0 0

#Transform 122
Transform: AffineTransform_float_3_3
Parameters: 0.999998 -0.00196705 -9.03806e-05 0.00196613 0.999984 -0.00532503 0.000100484 0.00532417 0.999985 0.149951 -0.233485 -0.240075
FixedParameters: 0 0 0

#Transform 123
Transform: AffineTransform_float_3_3
Parameters: 0.999997 -0.00220883 -5.99452e-05 0.00220882 0.999988 -0.00431188 6.9471e-05 0.00431241 0.999991 0.155445 -0.213453 -0.211905
FixedParameters: 0 0 0

#Transform 124
Transform: AffineTransform_float_3_3
Parameters: 0.999998 -0.00211285 6.26276e-06 0.00211295 0.999983 -0.00531714 5.36596e-06 0.00531665 0.999986 0.156446 -0.213021 -0.307772
FixedParameters: 0 0 0

#Transform 125
Transform: AffineTransform_float_3_3
Parameters: 0.999998 -0.00206774 0.000266045 0.00206956 0.999985 -0.00491856 -0.000255573 0.00491834 0.999988 0.174301 -0.201048 -0.115611
FixedParameters: 0 0 0

#Transform 126
Transform: AffineTransform_float_3_3
Parameters: 0.999998 -0.0021296 0.000217943 0.00213094 0.999988 -0.00429319 -0.000208879 0.00429413 0.999991 0.168349 -0.184665 -0.23876
FixedParameters: 0 0 0

#Transform 127
Transform: AffineTransform_float_3_3
Parameters: 0.999998 -0.00202488 0.000255069 0.00202653 0.999983 -0.005518 -0.000244087 0.00551862 0.999984 0.144633 -0.194053 -0.293038
FixedParameters: 0 0 0

#Transform 128
Transform: AffineTransform_float_3_3
Parameters: 0.999998 -0.00211984 0.000142157 0.00212041 0.999986 -0.00470846 -0.00013223 0.00470859 0.999989 0.178016 -0.205605 -0.136884
FixedParameters: 0 0 0

#Transform 129
Transform: AffineTransform_float_3_3
Parameters: 0.999998 -0.00201744 3.44294e-05 0.00201732 0.999986 -0.00475009 -2.421e-05 0.00475024 0.999989 0.173081 -0.182103 -0.333508
FixedParameters: 0 0 0

#Transform 130
Transform: AffineTransform_float_3_3
Parameters: 0.999998 -0.00198039 0.000241955 0.00198214 0.999983 -0.00545346 -0.000230769 0.00545397 0.999985 0.163099 -0.180346 -0.258975
FixedParameters: 0 0 0

#Transform 131
Transform: AffineTransform_float_3_3
Parameters: 0.999997 -0.00226994 0.000323618 0.00227105 0.999987 -0.00444562 -0.000313335 0.00444668 0.99999 0.180719 -0.209039 -0.158811
FixedParameters: 0 0 0

#Transform 132
Transform: AffineTransform_float_3_3
Parameters: 0.999997 -0.00251 0.00024262 0.00251103 0.99998 -0.00594045 -0.000226756 0.00594167 0.999982 0.196421 -0.237263 -0.277628
FixedParameters: 0 0 0

#Transform 133
Transform: AffineTransform_float_3_3
Parameters: 0.999997 -0.00228417 0.000333837 0.00228628 0.999976 -0.00663094 -0.00031881 0.00663169 0.999978 0.180507 -0.170571 -0.16373
FixedParameters: 0 0 0

#Transform 134
Transform: AffineTransform_float_3_3
Parameters: 0.999998 -0.00225634 0.000322994 0.00225823 0.999981 -0.0056882 -0.000310572 0.00568794 0.999984 0.180762 -0.170784 -0.238675
FixedParameters: 0 0 0

#Transform 135
Transform: AffineTransform_float_3_3
Parameters: 0.999998 -0.00208072 0.00027316 0.00208255 0.999978 -0.0062051 -0.000260036 0.00620589 0.99998 0.181971 -0.177393 -0.187672
FixedParameters: 0 0 0

#Transform 136
Transform: AffineTransform_float_3_3
Parameters: 0.999998 -0.00209898 0.00027694 0.00210089 0.999982 -0.00559978 -0.000264635 0.00559968 0.999985 0.240729 -0.192326 -0.101194
FixedParameters: 0 0 0

#Transform 137
Transform: AffineTransform_float_3_3
Parameters: 0.999997 -0.00232421 0.000406265 0.00232631 0.999977 -0.00637736 -0.000390944 0.0063785 0.999979 0.232869 -0.15699 -0.275738
FixedParameters: 0 0 0

#Transform 138
Transform: AffineTransform_float_3_3
Parameters: 0.999998 -0.00192217 0.000226515 0.00192364 0.99998 -0.00606643 -0.000214943 0.00606744 0.999982 0.237798 -0.183099 -0.1127
FixedParameters: 0 0 0

#Transform 139
Transform: AffineTransform_float_3_3
Parameters: 0.999997 -0.00247885 0.000388288 0.00248043 0.99998 -0.00579236 -0.000373372 0.0057935 0.999983 0.280103 -0.165014 -0.164661
FixedParameters: 0 0 0

#Transform 140
Transform: AffineTransform_float_3_3
Parameters: 0.999997 -0.00237009 0.000593821 0.00237341 0.999977 -0.00642534 -0.000578355 0.00642698 0.999979 0.253091 -0.177458 -0.254385
FixedParameters: 0 0 0

#Transform 141
Transform: AffineTransform_float_3_3
Parameters: 0.999996 -0.00269915 0.000454925 0.00270213 0.999975 -0.0065203 -0.00043717 0.00652153 0.999979 0.277164 -0.207275 -0.126745
FixedParameters: 0 0 0

#Transform 142
Transform: AffineTransform_float_3_3
Parameters: 0.999997 -0.00236005 0.000765389 0.00236411 0.99998 -0.00590617 -0.00075071 0.00590691 0.999982 0.263882 -0.181234 -0.220286
FixedParameters: 0 0 0

#Transform 143
Transform: AffineTransform_float_3_3
Parameters: 0.999997 -0.00228474 0.000333985 0.00228685 0.999976 -0.00662297 -0.000318987 0.00662372 0.999978 0.231497 -0.177656 -0.267495
FixedParameters: 0 0 0

#Transform 144
Transform: AffineTransform_float_3_3
Parameters: 0.999996 -0.00263294 0.000578218 0.00263631 0.999978 -0.00617882 -0.000562162 0.00617982 0.999981 0.242652 -0.196512 -0.102818
FixedParameters: 0 0 0

#Transform 145
Transform: AffineTransform_float_3_3
Parameters: 0.999997 -0.00242932 0.000773594 0.00243448 0.999976 -0.00641257 -0.000758471 0.00641351 0.999979 0.24917 -0.133525 -0.246533
FixedParameters: 0 0 0

#Transform 146
Transform: AffineTransform_float_3_3
Parameters: 0.999996 -0.00265797 0.000443538 0.00266102 0.999974 -0.00673277 -0.000425048 0.00673389 0.999977 0.27534 -0.18627 -0.175447
FixedParameters: 0 0 0

#Transform 147
Transform: AffineTransform_float_3_3
Parameters: 0.999996 -0.00282119 0.000665641 0.00282565 0.999974 -0.00652158 -0.000647092 0.0065242 0.999979 0.290659 -0.203246 -0.140317
FixedParameters: 0 0 0

#Transform 148
Transform: AffineTransform_float_3_3
Parameters: 0.999997 -0.00231104 0.000342778 0.00231332 0.999973 -0.007009 -0.000326313 0.00700984 0.999975 0.269015 -0.17798 -0.295815
FixedParameters: 0 0 0

#Transform 149
Transform: AffineTransform_float_3_3
Parameters: 0.999996 -0.00292072 0.000521523 0.00292529 0.999971 -0.00702773 -0.000500745 0.00702905 0.999975 0.303553 -0.210348 -0.131693
FixedParameters: 0 0 0

#Transform 150
Transform: AffineTransform_float_3_3
Parameters: 0.999996 -0.00293778 0.000525709 0.00294144 0.999972 -0.00678904 -0.000505016 0.00679096 0.999977 0.351749 -0.18905 -0.204187
FixedParameters: 0 0 0

#Transform 151
Transform: AffineTransform_float_3_3
Parameters: 0.999996 -0.00260505 0.000431754 0.00260908 0.999965 -0.00786189 -0.000411029 0.00786296 0.999969 0.310698 -0.201938 -0.264096
FixedParameters: 0 0 0

#Transform 152
Transform: AffineTransform_float_3_3
Parameters: 0.999996 -0.0027886 0.000482656 0.00279198 0.999972 -0.00699041 -0.000462744 0.00699278 0.999975 0.315847 -0.211313 -0.132797
FixedParameters: 0 0 0

#Transform 153
Transform: AffineTransform_float_3_3
Parameters: 0.999996 -0.00286912 0.000508963 0.00287361 0.999966 -0.00774777 -0.000486922 0.00774907 0.99997 0.321457 -0.186746 -0.338392
FixedParameters: 0 0 0

#Transform 154
Transform: AffineTransform_float_3_3
Parameters: 0.999995 -0.00296798 0.000192786 0.00296953 0.999966 -0.00767109 -0.000170262 0.00767133 0.999971 0.336937 -0.195693 -0.191331
FixedParameters: 0 0 0

#Transform 155
Transform: AffineTransform_float_3_3
Parameters: 0.999996 -0.0028467 0.000499929 0.00285005 0.999971 -0.00706717 -0.000479702 0.00706836 0.999975 0.289368 -0.170428 -0.220696
FixedParameters: 0 0 0

#Transform 156
Transform: AffineTransform_float_3_3
Parameters: 0.999997 -0.00228562 0.000156813 0.00228594 0.999962 -0.00832632 -0.00013736 0.00832635 0.999965 0.251437 -0.119421 -0.316165
FixedParameters: 0 0 0

#Transform 157
Transform: AffineTransform_float_3_3
Parameters: 0.999996 -0.00287326 0.000510005 0.00287771 0.999966 -0.00768993 -0.000488232 0.00769124 0.999971 0.299802 -0.147964 -0.103901
FixedParameters: 0 0 0

#Transform 158
Transform: AffineTransform_float_3_3
Parameters: 0.999996 -0.00292985 0.000172575 0.00293105 0.999963 -0.00807009 -0.000148827 0.00807022 0.999968 0.310519 -0.105737 -0.29624
FixedParameters: 0 0 0

#Transform 159
Transform: AffineTransform_float_3_3
Parameters: 0.999995 -0.00317249 2.24373e-05 0.00317189 0.999954 -0.00901821 5.94455e-06 0.00901839 0.99996 0.335258 -0.16832 -0.319035
FixedParameters: 0 0 0

#Transform 160
Transform: AffineTransform_float_3_3
Parameters: 0.999993 -0.00387399 4.15596e-05 0.00387389 0.999956 -0.00851782 -7.74499e-06 0.00851828 0.999963 0.40627 -0.145302 -0.174278
FixedParameters: 0 0 0

#Transform 161
Transform: AffineTransform_float_3_3
Parameters: 0.999997 -0.00262938 -0.000547995 0.00262411 0.999951 -0.00959285 0.000572958 0.00959144 0.999954 0.307064 -0.115619 -0.383067
FixedParameters: 0 0 0

#Transform 162
Transform: AffineTransform_float_3_3
Parameters: 0.999996 -0.00298029 0.000118177 0.00298066 0.999951 -0.00938424 -9.0371e-05 0.00938504 0.999956 0.337602 -0.114688 -0.186863
FixedParameters: 0 0 0

#Transform 163
Transform: AffineTransform_float_3_3
Parameters: 0.999996 -0.00274667 4.85525e-05 0.00274649 0.999954 -0.00920872 -2.32297e-05 0.00920866 0.999958 0.372309 -0.0599242 -0.155863
FixedParameters: 0 0 0

#Transform 164
Transform: AffineTransform_float_3_3
Parameters: 0.999994 -0.00339864 0.000247627 0.00340164 0.999936 -0.0107572 -0.000211107 0.0107581 0.999942 0.389958 -0.0685875 -0.382451
FixedParameters: 0 0 0

#Transform 165
Transform: AffineTransform_float_3_3
Parameters: 0.999992 -0.00397861 -0.000120315 0.00397797 0.999939 -0.0103458 0.000161813 0.0103453 0.999946 0.456052 -0.0685985 -0.227889
FixedParameters: 0 0 0

#Transform 166
Transform: AffineTransform_float_3_3
Parameters: 0.999991 -0.00422032 -0.000898154 0.0042116 0.999939 -0.0102449 0.00094131 0.0102409 0.999948 0.512384 -0.0566324 -0.242078
FixedParameters: 0 0 0

#Transform 167
Transform: AffineTransform_float_3_3
Parameters: 0.999995 -0.00321692 -0.00093864 0.00320534 0.99992 -0.012299 0.000977851 0.0122958 0.999924 0.413525 -0.0453591 -0.450936
FixedParameters: 0 0 0

#Transform 168
Transform: AffineTransform_float_3_3
Parameters: 0.999993 -0.00351453 -0.000326776 0.00351003 0.999927 -0.0115647 0.000368251 0.0115636 0.999933 0.430971 -0.0596038 -0.240966
FixedParameters: 0 0 0

#Transform 169
Transform: AffineTransform_float_3_3
Parameters: 0.999991 -0.00415149 -0.000624285 0.00414469 0.999932 -0.0109263 0.000669464 0.0109236 0.99994 0.48494 -0.0306365 -0.317097
FixedParameters: 0 0 0

#Transform 170
Transform: AffineTransform_float_3_3
Parameters: 0.999992 -0.00394119 -0.000419798 0.00393627 0.99992 -0.0120175 0.000467333 0.0120159 0.999928 0.470085 -0.0953028 -0.406258
FixedParameters: 0 0 0

#Transform 171
Transform: AffineTransform_float_3_3
Parameters: 0.999991 -0.00415429 -0.000740339 0.00414594 0.999928 -0.0113479 0.000787297 0.0113449 0.999936 0.540113 -0.100832 -0.165384
FixedParameters: 0 0 0

#Transform 172
Transform: AffineTransform_float_3_3
Parameters: 0.999994 -0.00324432 -0.00101031 0.00323299 0.999927 -0.0115937 0.00104749 0.0115904 0.999932 0.454213 -0.0272526 -0.403745
FixedParameters: 0 0 0

#Transform 173
Transform: AffineTransform_float_3_3
Parameters: 0.999993 -0.00378617 -0.00070339 0.00377731 0.999916 -0.0123936 0.000750809 0.0123911 0.999923 0.447353 -0.068968 -0.397518
FixedParameters: 0 0 0

#Transform 174
Transform: AffineTransform_float_3_3
Parameters: 0.999991 -0.00425122 -0.000140295 0.00424914 0.99993 -0.0110509 0.000187185 0.0110498 0.999939 0.498369 -0.0786523 -0.221433
FixedParameters: 0 0 0

#Transform 175
Transform: AffineTransform_float_3_3
Parameters: 0.99999 -0.00448958 -0.000485847 0.00448409 0.999922 -0.0116121 0.00053739 0.0116101 0.999932 0.502175 -0.0573342 -0.464708
FixedParameters: 0 0 0

#Transform 176
Transform: AffineTransform_float_3_3
Parameters: 0.99999 -0.00432736 -0.000512764 0.00432122 0.999924 -0.0115105 0.000562783 0.011509 0.999933 0.508863 -0.090613 -0.358956
FixedParameters: 0 0 0

#Transform 177
Transform: AffineTransform_float_3_3
Parameters: 0.999989 -0.004554 -0.00100455 0.00454209 0.999924 -0.0115191 0.001057 0.0115142 0.999933 0.508065 -0.0736021 -0.293638
FixedParameters: 0 0 0

#Transform 178
Transform: AffineTransform_float_3_3
Parameters: 0.999995 -0.00324487 -0.000850291 0.00323375 0.999917 -0.0124659 0.000889935 0.0124634 0.999922 0.434024 -0.00170062 -0.461263
FixedParameters: 0 0 0

#Transform 179
Transform: AffineTransform_float_3_3
Parameters: 0.999992 -0.003683 -0.000719504 0.00367371 0.999917 -0.0124109 0.000764647 0.0124076 0.999923 0.428447 -0.0694392 -0.374146
FixedParameters: 0 0 0

#Transform 180
Transform: AffineTransform_float_3_3
Parameters: 0.999993 -0.00373752 -0.000706708 0.00372917 0.999925 -0.0116367 0.000749149 0.011634 0.999932 0.455032 -0.0531763 -0.270071
FixedParameters: 0 0 0

#Transform 181
Transform: AffineTransform_float_3_3
Parameters: 0.999992 -0.00369055 -0.000738216 0.0036811 0.999916 -0.0123848 0.000784305 0.0123819 0.999923 0.460719 -0.0209248 -0.474813
FixedParameters: 0 0 0

#Transform 182
Transform: AffineTransform_float_3_3
Parameters: 0.999992 -0.00398157 -0.000125652 0.00397896 0.999916 -0.012313 0.000175089 0.0123128 0.999924 0.464067 -0.0636209 -0.309497
FixedParameters: 0 0 0

#Transform 183
Transform: AffineTransform_float_3_3
Parameters: 0.999991 -0.0042095 -0.000577103 0.00420233 0.99993 -0.0110808 0.000624309 0.011078 0.999938 0.543205 -0.0192119 -0.302015
FixedParameters: 0 0 0

#Transform 184
Transform: AffineTransform_float_3_3
Parameters: 0.999991 -0.00422898 -0.000340623 0.00422479 0.999913 -0.0125623 0.000393305 0.0125611 0.999921 0.524486 -0.0303701 -0.506621
FixedParameters: 0 0 0

#Transform 185
Transform: AffineTransform_float_3_3
Parameters: 0.999988 -0.00491777 -0.000271679 0.00491413 0.999917 -0.0119826 0.000330592 0.011981 0.999928 0.562775 -0.0883547 -0.35257
FixedParameters: 0 0 0

#Transform 186
Transform: AffineTransform_float_3_3
Parameters: 0.99999 -0.00443568 7.54046e-06 0.00443623 0.99992 -0.0118578 4.48045e-05 0.0118585 0.999929 0.547951 -0.0468183 -0.34795
FixedParameters: 0 0 0

#Transform 187
Transform: AffineTransform_float_3_3
Parameters: 0.99999 -0.00450277 -0.000388361 0.00449769 0.999911 -0.0125359 0.000445212 0.0125341 0.999922 0.562392 -0.0618817 -0.482363
FixedParameters: 0 0 0

#Transform 188
Transform: AffineTransform_float_3_3
