#Insight Transform File V1.0
#Transform 0
Transform: AffineTransform_float_3_3
Parameters: 1 0 0 0 1 0.000515 0 -0.000515 1 0.017313 -0.0379951 -0.0758172
FixedParameters: 0 0 0

#Transform 1
Transform: AffineTransform_float_3_3
Parameters: 1 4.92608e-05 -0.000374218 -4.89864e-05 0.999999 0.000866018 0.000373375 -0.000865981 0.999999 -0.0037577 0.0410792 -0.0132504
FixedParameters: 0 0 0

#Transform 2
Transform: AffineTransform_float_3_3
Parameters: 1 0.000314671 -0.000520003 -0.000314904 1 -0.000223836 0.000519862 0.000224164 1 0.00030555 -0.00104899 -0.0324787
FixedParameters: 0 0 0

#Transform 3
Transform: AffineTransform_float_3_3
Parameters: 0.999999 0.000596119 -0.00061125 -0.000596726 1 0.000262365 0.000611936 -0.000261635 1 -0.0172111 0.0605888 0.118519
FixedParameters: 0 0 0

#Transform 4
Transform: AffineTransform_float_3_3
Parameters: 1 0.000681149 -0.000808957 -0.000681674 1 -0.000555656 0.000809127 0.000555345 1 0.00240162 0.108588 -0.0851907
FixedParameters: 0 0 0

#Transform 5
Transform: AffineTransform_float_3_3
Parameters: 0.999999 0.000888307 -0.000897884 -0.000887939 1 0.000205451 0.000898249 -0.000204548 0.999999 0.0287216 0.075609 0.0286018
FixedParameters: 0 0 0

#Transform 6
Transform: AffineTransform_float_3_3
Parameters: 0.999999 0.000780455 -0.00123303 -0.000780345 1 4.47553e-05 0.0012331 -4.42446e-05 0.999999 0.0456308 0.123162 0.00692927
FixedParameters: 0 0 0

#Transform 7
Transform: AffineTransform_float_3_3
Parameters: 1 0.000750894 -0.000799767 -0.000750859 0.999999 2.17396e-05 0.0007998 -2.12603e-05 1 -0.020036 0.130505 0.210681
FixedParameters: 0 0 0

#Transform 8
Transform: AffineTransform_float_3_3
Parameters: 0.999999 0.00074587 -0.000292108 -0.000745744 0.999999 0.000215218 0.000292429 -0.000214782 1 0.0161741 0.159009 -0.062353
FixedParameters: 0 0 0

#Transform 9
Transform: AffineTransform_float_3_3
Parameters: 0.999999 0.000517832 -0.000559327 -0.000517538 1 0.000263289 0.000559599 -0.00026271 1 -0.000929632 0.0657632 -0.014981
FixedParameters: 0 0 0

#Transform 10
Transform: AffineTransform_float_3_3
Parameters: 1 0.000768063 -0.000647628 -0.00076764 1 0.000614291 0.000647643 -0.00061471 1 0.00532538 0.122581 -0.0101381
FixedParameters: 0 0 0

#Transform 11
Transform: AffineTransform_float_3_3
Parameters: 1 0.000811557 -0.000792717 -0.00081241 1 -0.000772702 0.000792389 0.000773297 0.999999 0.0102299 0.140813 -0.0982209
FixedParameters: 0 0 0

#Transform 12
Transform: AffineTransform_float_3_3
Parameters: 0.999999 0.000788596 -0.000939641 -0.000788069 1 0.000280395 0.000940083 -0.000279605 0.999999 0.0141087 0.0962173 0.0876119
FixedParameters: 0 0 0

#Transform 13
Transform: AffineTransform_float_3_3
Parameters: 0.999999 0.000620441 -0.000601105 -0.000620908 0.999999 -0.000387627 0.000600623 0.000388373 0.999999 0.0317252 0.152448 -0.0851817
FixedParameters: 0 0 0

#Transform 14
Transform: AffineTransform_float_3_3
Parameters: 0.999999 0.000449164 -0.000818534 -0.000449013 0.999999 9.25067e-05 0.000818618 -9.24932e-05 1 0.0430326 0.099905 0.0188822
FixedParameters: 0 0 0

#Transform 15
Transform: AffineTransform_float_3_3
Parameters: 0.999999 0.000604297 -0.000700809 -0.000604399 0.999999 0.000193563 0.000700115 -0.000193438 1 0.0367036 0.138149 -0.0606213
FixedParameters: 0 0 0

#Transform 16
Transform: AffineTransform_float_3_3
Parameters: 0.999999 0.000670696 -0.00128515 -0.000670245 1 0.000682002 0.00128551 -0.000681 0.999999 0.0633333 0.103916 0.01728
FixedParameters: 0 0 0

#Transform 17
Transform: AffineTransform_float_3_3
Parameters: 0.999999 0.000741175 -0.00111203 -0.000740192 1 0.000609963 0.001112 -0.000609038 1 0.059243 0.14128 -0.0490083
FixedParameters: 0 0 0

#Transform 18
Transform: AffineTransform_float_3_3
Parameters: 0.999999 0.000690783 -0.00105374 -0.000690881 1 -4.6479e-05 0.00105368 4.6521e-05 0.999999 0.0513941 0.103886 -0.00860578
FixedParameters: 0 0 0

#Transform 19
Transform: AffineTransform_float_3_3
Parameters: 0.999999 0.000642411 -0.00106132 -0.000642664 0.999999 -0.000119179 0.00106117 0.000119821 0.999999 0.0590549 0.145886 -0.0728543
FixedParameters: 0 0 0

#Transform 20
Transform: AffineTransform_float_3_3
Parameters: 0.999999 0.00104482 -0.001055 -0.00104508 0.999999 -0.000119105 0.00105475 0.000119895 0.999999 0.0548834 0.123801 -0.0597869
FixedParameters: 0 0 0

#Transform 21
Transform: AffineTransform_float_3_3
Parameters: 1 0.000883197 -0.000838445 -0.000882482 1 0.000426533 0.000839198 -0.000426466 1 0.0466264 0.144514 -0.0176252
FixedParameters: 0 0 0

#Transform 22
Transform: AffineTransform_float_3_3
Parameters: 0.999999 0.000865693 -0.00129802 -0.000864607 1 0.000418916 0.00129875 -0.000418083 0.999999 0.0641454 0.149221 -0.0412333
FixedParameters: 0 0 0

#Transform 23
Transform: AffineTransform_float_3_3
Parameters: 0.999999 0.000814958 -0.0013356 -0.000813822 0.999999 0.00139888 0.00133677 -0.00139812 0.999998 0.0595439 0.0747633 0.0235126
FixedParameters: 0 0 0

#Transform 24
Transform: AffineTransform_float_3_3
Parameters: 0.999998 0.00121877 -0.00123127 -0.00121889 0.999999 0.000106294 0.0012306 -0.000104707 0.999999 0.0300778 0.148631 -0.11228
FixedParameters: 0 0 0

#Transform 25
Transform: AffineTransform_float_3_3
Parameters: 0.999999 0.00106546 -0.000911033 -0.0010643 0.999999 0.000838763 0.000911891 -0.000838236 0.999999 0.0211138 0.131809 0.119358
FixedParameters: 0 0 0

#Transform 26
Transform: AffineTransform_float_3_3
Parameters: 0.999999 0.00121278 -0.00128379 -0.00121282 0.999999 0.000128489 0.00128317 -0.000127512 0.999999 0.0360804 0.179561 -0.107142
FixedParameters: 0 0 0

#Transform 27
Transform: AffineTransform_float_3_3
Parameters: 0.999999 0.00110683 -0.000928256 -0.00110607 0.999999 0.000410681 0.000929164 -0.000409318 0.999999 0.0572004 0.115873 0.0245523
FixedParameters: 0 0 0

#Transform 28
Transform: AffineTransform_float_3_3
Parameters: 0.999999 0.00102234 -0.000894397 -0.00102169 0.999999 0.000364707 0.000895142 -0.000364292 1 0.0606831 0.157115 -0.0781415
FixedParameters: 0 0 0

#Transform 29
Transform: AffineTransform_float_3_3
Parameters: 0.999999 0.00104334 -0.000901915 -0.00104188 0.999999 0.00101708 0.000903107 -0.00101592 0.999999 0.0772857 0.107386 -0.0209033
FixedParameters: 0 0 0

#Transform 30
Transform: AffineTransform_float_3_3
Parameters: 0.999999 0.00109049 -0.000921112 -0.00108937 0.999999 0.000811797 0.000921953 -0.000811202 0.999999 0.0753706 0.13208 -0.0905392
FixedParameters: 0 0 0

#Transform 31
Transform: AffineTransform_float_3_3
Parameters: 0.999999 0.00120782 -0.000967537 -0.00120623 0.999999 0.00120696 0.000968594 -0.00120604 0.999999 0.0580363 0.113713 -0.076277
FixedParameters: 0 0 0

#Transform 32
Transform: AffineTransform_float_3_3
Parameters: 1 0.000665273 -0.000750749 -0.000664324 1 0.000631292 0.000751589 -0.000631707 1 0.0606678 0.124537 0.00363627
FixedParameters: 0 0 0

#Transform 33
Transform: AffineTransform_float_3_3
Parameters: 0.999999 0.00120318 -0.00053801 -0.00120307 0.999999 0.000444302 0.000538151 -0.000443699 1 0.0359037 0.190216 -0.0154654
FixedParameters: 0 0 0

#Transform 34
Transform: AffineTransform_float_3_3
Parameters: 0.999999 0.0011809 -0.000392403 -0.00118129 0.999999 -0.000503883 0.000391212 0.000504116 1 0.0388629 0.208106 -0.158685
FixedParameters: 0 0 0

#Transform 35
Transform: AffineTransform_float_3_3
Parameters: 0.999999 0.00123168 -0.000807944 -0.0012312 0.999999 0.000528649 0.000808317 -0.000527351 0.999999 0.0359654 0.159121 -0.0103859
FixedParameters: 0 0 0

#Transform 36
Transform: AffineTransform_float_3_3
Parameters: 1 0.000997614 -0.000542506 -0.000997863 1 -0.000229805 0.000542048 0.000230195 1 0.0353468 0.197228 -0.156471
FixedParameters: 0 0 0

#Transform 37
Transform: AffineTransform_float_3_3
Parameters: 0.999999 0.00122076 -0.000918573 -0.00121983 0.999999 0.000706914 0.00091937 -0.000706085 0.999999 0.0481431 0.150479 -0.00559683
FixedParameters: 0 0 0

#Transform 38
Transform: AffineTransform_float_3_3
Parameters: 0.999998 0.00132388 -0.00100482 -0.00132365 0.999999 0.000300984 0.00100469 -0.000299016 0.999999 0.0492283 0.194448 -0.13556
FixedParameters: 0 0 0

#Transform 39
Transform: AffineTransform_float_3_3
Parameters: 0.999999 0.00145075 -0.00105459 -0.00145045 0.999999 0.000935325 0.00105582 -0.000933677 0.999999 0.0397423 0.141799 -0.033097
FixedParameters: 0 0 0

#Transform 40
Transform: AffineTransform_float_3_3
Parameters: 0.999999 0.00139164 -0.001032 -0.00139136 0.999999 0.00032009 0.00103196 -0.00031791 0.999999 0.0373742 0.194355 -0.149672
FixedParameters: 0 0 0

#Transform 41
Transform: AffineTransform_float_3_3
Parameters: 0.999998 0.00153911 -0.00109136 -0.00153986 0.999999 0.000252989 0.00109159 -0.000251013 0.999999 0.0352504 0.146087 -0.094213
FixedParameters: 0 0 0

#Transform 42
Transform: AffineTransform_float_3_3
Parameters: 0.999999 0.00142042 -0.00104354 -0.0014201 0.999999 0.000332136 0.00104355 -0.000329864 0.999999 0.0530703 0.151312 -0.0842351
FixedParameters: 0 0 0

#Transform 43
Transform: AffineTransform_float_3_3
Parameters: 0.999998 0.00158458 -0.00110963 -0.00158532 0.999999 0.000252207 0.00110987 -0.000250795 0.999999 0.0346798 0.160834 -0.19573
FixedParameters: 0 0 0

#Transform 44
Transform: AffineTransform_float_3_3
Parameters: 0.999999 0.00159745 -0.000944048 -0.00159716 0.999998 0.0010413 0.00094589 -0.0010397 1 0.0266901 0.106778 -0.0262095
FixedParameters: 0 0 0

#Transform 45
Transform: AffineTransform_float_3_3
Parameters: 0.999999 0.00159214 -0.000868366 -0.00159141 0.999999 0.000637691 0.000869466 -0.000636309 0.999999 0.0245628 0.202336 -0.151628
FixedParameters: 0 0 0

#Transform 46
Transform: AffineTransform_float_3_3
Parameters: 0.999998 0.00159605 -0.000990334 -0.00159525 0.999999 0.000777889 0.000990958 -0.000776112 0.999999 0.00656368 0.13712 -0.0306178
FixedParameters: 0 0 0

#Transform 47
Transform: AffineTransform_float_3_3
Parameters: 0.999998 0.00182591 -0.00129204 -0.00182562 0.999998 0.000111806 0.00129244 -0.000109193 0.999999 0.021437 0.19252 -0.221205
FixedParameters: 0 0 0

#Transform 48
Transform: AffineTransform_float_3_3
Parameters: 0.999998 0.00191851 -0.00115839 -0.00191769 0.999998 0.000353323 0.00115975 -0.000351675 0.999999 0.00291223 0.131286 -0.0728093
FixedParameters: 0 0 0

#Transform 49
Transform: AffineTransform_float_3_3
Parameters: 0.999997 0.00212395 -0.00127238 -0.00212354 0.999997 0.000673805 0.00127468 -0.000671193 0.999999 0.0121112 0.150699 -0.199912
FixedParameters: 0 0 0

#Transform 50
Transform: AffineTransform_float_3_3
Parameters: 0.999996 0.00224148 -0.00165481 -0.00223904 0.999997 0.0013566 0.00165847 -0.00135339 0.999998 0.0173204 0.103046 -0.0446725
FixedParameters: 0 0 0

#Transform 51
Transform: AffineTransform_float_3_3
Parameters: 0.999996 0.00240205 -0.00184993 -0.00240054 0.999997 0.000861339 0.00185257 -0.000856661 0.999998 0.00173073 0.163533 -0.202486
FixedParameters: 0 0 0

#Transform 52
Transform: AffineTransform_float_3_3
Parameters: 0.999996 0.00235423 -0.00195281 -0.00235238 0.999996 0.000762976 0.0019536 -0.000758025 0.999998 0.0155873 0.114342 -0.0979909
FixedParameters: 0 0 0

#Transform 53
Transform: AffineTransform_float_3_3
Parameters: 0.999994 0.00226674 -0.0023527 -0.00226597 0.999997 0.000520852 0.00235357 -0.000515149 0.999997 0.00430723 0.141694 -0.190009
FixedParameters: 0 0 0

#Transform 54
Transform: AffineTransform_float_3_3
Parameters: 0.999994 0.0027453 -0.00208918 -0.00274503 0.999997 0.000466425 0.00209025 -0.000460578 0.999998 -0.0270545 0.132193 -0.179205
FixedParameters: 0 0 0

#Transform 55
Transform: AffineTransform_float_3_3
Parameters: 0.999993 0.00267856 -0.00238452 -0.00267574 0.999996 0.00137422 0.00238797 -0.00136779 0.999997 -0.0414883 0.111175 -0.139082
FixedParameters: 0 0 0

#Transform 56
Transform: AffineTransform_float_3_3
Parameters: 0.999992 0.00313676 -0.00255109 -0.00313487 0.999995 0.000774277 0.00255352 -0.000766724 0.999997 -0.0482643 0.115725 -0.125183
FixedParameters: 0 0 0

#Transform 57
Transform: AffineTransform_float_3_3
Parameters: 0.999991 0.00328006 -0.00260704 -0.00327846 0.999994 0.000630826 0.00260967 -0.000622172 0.999997 -0.0502294 0.135168 -0.161126
FixedParameters: 0 0 0

#Transform 58
Transform: AffineTransform_float_3_3
Parameters: 0.99999 0.00339076 -0.00266579 -0.00338947 0.999995 0.000316966 0.00266698 -0.000308033 0.999997 -0.0516796 0.107219 -0.127778
FixedParameters: 0 0 0

#Transform 59
Transform: AffineTransform_float_3_3
Parameters: 0.99999 0.00328979 -0.00282682 -0.0032884 0.999995 0.000547367 0.00282891 -0.000538633 0.999996 -0.0683539 0.149259 -0.164077
FixedParameters: 0 0 0

#Transform 60
Transform: AffineTransform_float_3_3
Parameters: 0.999988 0.00378273 -0.00326644 -0.00378036 0.999992 0.000682355 0.00326914 -0.000669644 0.999995 -0.0693818 0.0941273 -0.11426
FixedParameters: 0 0 0

#Transform 61
Transform: AffineTransform_float_3_3
Parameters: 0.99999 0.00338539 -0.0029561 -0.00338437 0.999994 0.000460075 0.0029577 -0.000449925 0.999995 -0.0820368 0.125238 -0.184283
FixedParameters: 0 0 0

#Transform 62
Transform: AffineTransform_float_3_3
Parameters: 0.999989 0.00354713 -0.00303088 -0.0035453 0.999994 0.000429609 0.00303203 -0.00041939 0.999995 -0.0841212 0.0776892 -0.0900261
FixedParameters: 0 0 0

#Transform 63
Transform: AffineTransform_float_3_3
Parameters: 0.999991 0.00333119 -0.00288653 -0.00333018 0.999995 0.000307682 0.0028867 -0.000298321 0.999996 -0.0770726 0.123983 -0.239683
FixedParameters: 0 0 0

#Transform 64
Transform: AffineTransform_float_3_3
Parameters: 0.999988 0.00402945 -0.00286192 -0.00402881 0.999992 0.00011842 0.00286283 -0.000106577 0.999996 -0.106169 0.0778645 -0.330349
FixedParameters: 0 0 0

#Transform 65
Transform: AffineTransform_float_3_3
Parameters: 0.999987 0.00403689 -0.00312102 -0.00403254 0.999992 0.00121063 0.00312555 -0.00119737 0.999994 -0.117437 0.0363711 -0.226491
FixedParameters: 0 0 0

#Transform 66
Transform: AffineTransform_float_3_3
Parameters: 0.999987 0.00398942 -0.00293826 -0.00398798 0.999992 0.000376751 0.00293936 -0.00036525 0.999996 -0.118873 0.0824139 -0.372179
FixedParameters: 0 0 0

#Transform 67
Transform: AffineTransform_float_3_3
Parameters: 0.999988 0.00401907 -0.00288282 -0.00401552 0.999991 0.00110562 0.00288739 -0.00109438 0.999995 -0.134424 0.0225105 -0.277516
FixedParameters: 0 0 0

#Transform 68
Transform: AffineTransform_float_3_3
Parameters: 0.999986 0.00422181 -0.00299532 -0.0042213 0.999991 0.00030833 0.00299731 -0.000295668 0.999996 -0.127599 0.0617386 -0.374702
FixedParameters: 0 0 0

#Transform 69
Transform: AffineTransform_float_3_3
Parameters: 0.999985 0.00449182 -0.00313056 -0.00448823 0.999989 0.0010842 0.00313504 -0.00107081 0.999994 -0.129363 0.0466079 -0.305719
FixedParameters: 0 0 0

#Transform 70
Transform: AffineTransform_float_3_3
Parameters: 0.999986 0.0044156 -0.00310359 -0.00441395 0.99999 0.000452042 0.00310474 -0.000437961 0.999995 -0.110377 0.0590505 -0.258027
FixedParameters: 0 0 0

#Transform 71
Transform: AffineTransform_float_3_3
Parameters: 0.999984 0.00448477 -0.00340396 -0.00448022 0.999989 0.00119488 0.00340848 -0.00117912 0.999994 -0.138408 0.0935134 -0.295111
FixedParameters: 0 0 0

#Transform 72
Transform: AffineTransform_float_3_3
Parameters: 0.999984 0.00446005 -0.00344461 -0.00445763 0.99999 0.000655633 0.00344797 -0.000640364 0.999993 -0.154386 0.0469226 -0.118513
FixedParameters: 0 0 0

#Transform 73
Transform: AffineTransform_float_3_3
Parameters: 0.999982 0.00479418 -0.00359187 -0.00479225 0.999988 0.000613939 0.00359433 -0.000597064 0.999993 -0.162468 0.11471 -0.278842
FixedParameters: 0 0 0

#Transform 74
Transform: AffineTransform_float_3_3
Parameters: 0.999985 0.00438196 -0.00346756 -0.00437724 0.999989 0.00133095 0.0034734 -0.00131605 0.999993 -0.112588 0.0337017 -0.142911
FixedParameters: 0 0 0

#Transform 75
Transform: AffineTransform_float_3_3
Parameters: 0.999985 0.00463374 -0.00307177 -0.00463063 0.999989 0.000967229 0.0030764 -0.000952769 0.999995 -0.129821 0.108584 -0.253142
FixedParameters: 0 0 0

#Transform 76
Transform: AffineTransform_float_3_3
Parameters: 0.999984 0.00432326 -0.00344349 -0.00431885 0.99999 0.00105164 0.00344825 -0.00103736 0.999994 -0.146887 0.0912847 -0.0929835
FixedParameters: 0 0 0

#Transform 77
Transform: AffineTransform_float_3_3
Parameters: 0.999985 0.00444474 -0.00325477 -0.00444481 0.99999 -3.0583e-06 0.00325467 1.79414e-05 0.999995 -0.138451 0.128539 -0.215177
FixedParameters: 0 0 0

#Transform 78
Transform: AffineTransform_float_3_3
Parameters: 0.999984 0.0045563 -0.00332116 -0.00455307 0.999989 0.000914403 0.00332515 -0.000899595 0.999994 -0.181433 0.125739 -0.0900823
FixedParameters: 0 0 0

#Transform 79
Transform: AffineTransform_float_3_3
Parameters: 0.999985 0.00459402 -0.00306077 -0.00459332 0.99999 0.000122051 0.00306183 -0.000107946 0.999996 -0.168781 0.0838998 -0.177684
FixedParameters: 0 0 0

#Transform 80
Transform: AffineTransform_float_3_3
Parameters: 0.999983 0.00444806 -0.00357366 -0.00444615 0.99999 0.000613652 0.0035757 -0.000597352 0.999994 -0.157539 0.130337 -0.164358
FixedParameters: 0 0 0

#Transform 81
Transform: AffineTransform_float_3_3
Parameters: 0.999977 0.00592277 -0.00336906 -0.0059195 0.999982 0.00107419 0.00337461 -0.00105382 0.999994 -0.238606 -0.0320617 0.0821941
FixedParameters: 0 0 0

#Transform 82
Transform: AffineTransform_float_3_3
Parameters: 0.999978 0.00552306 -0.00386141 -0.00552927 0.999984 -0.00147056 0.00385265 0.00149144 0.999991 -0.210107 0.159633 -0.0312679
FixedParameters: 0 0 0

#Transform 83
Transform: AffineTransform_float_3_3
Parameters: 0.999977 0.0054832 -0.00404363 -0.00549107 0.999983 -0.00190758 0.00403352 0.00192942 0.99999 -0.196157 0.146451 -0.236053
FixedParameters: 0 0 0

#Transform 84
Transform: AffineTransform_float_3_3
Parameters: 0.999981 0.00495725 -0.00372582 -0.00495889 0.999987 -0.000485025 0.00372333 0.000502975 0.999993 -0.20271 0.0906727 -0.0156414
FixedParameters: 0 0 0

#Transform 85
Transform: AffineTransform_float_3_3
Parameters: 0.999979 0.00520284 -0.00401506 -0.00520551 0.999986 -0.000577672 0.00401135 0.000598324 0.999992 -0.194245 0.115333 -0.258415
FixedParameters: 0 0 0

#Transform 86
Transform: AffineTransform_float_3_3
Parameters: 0.999982 0.00499939 -0.00309533 -0.00499858 0.999988 0.000137772 0.00309663 -0.000122223 0.999996 -0.211069 0.0752897 -0.0810386
FixedParameters: 0 0 0

#Transform 87
Transform: AffineTransform_float_3_3
Parameters: 0.999983 0.00522473 -0.00282455 -0.00522784 0.999986 -0.00117158 0.00281835 0.00118642 0.999995 -0.22683 0.117517 -0.328353
FixedParameters: 0 0 0

#Transform 88
Transform: AffineTransform_float_3_3
Parameters: 0.999984 0.00484216 -0.00272923 -0.00484324 0.999988 -0.000395422 0.00272812 0.000408581 0.999996 -0.234791 0.0753213 -0.0549483
FixedParameters: 0 0 0

#Transform 89
Transform: AffineTransform_float_3_3
Parameters: 0.999983 0.00514806 -0.00251985 -0.00515105 0.999985 -0.00136616 0.00251277 0.00137884 0.999996 -0.228184 0.142606 -0.257399
FixedParameters: 0 0 0

#Transform 90
Transform: AffineTransform_float_3_3
Parameters: 0.999985 0.00489855 -0.00252219 -0.00489972 0.999988 -0.000373421 0.00252033 0.000385578 0.999997 -0.241699 0.103979 -0.0446424
FixedParameters: 0 0 0

#Transform 91
Transform: AffineTransform_float_3_3
Parameters: 0.999984 0.00508873 -0.00220185 -0.00509152 0.999986 -0.00160321 0.00219345 0.00161379 0.999996 -0.216527 0.15788 -0.22847
FixedParameters: 0 0 0

#Transform 92
Transform: AffineTransform_float_3_3
Parameters: 0.999985 0.00481684 -0.00263152 -0.00481802 0.999988 -0.000360961 0.00262984 0.000373038 0.999996 -0.189387 0.120745 -0.0895187
FixedParameters: 0 0 0

#Transform 93
Transform: AffineTransform_float_3_3
Parameters: 0.999983 0.00508994 -0.0029279 -0.00509134 0.999987 -0.000359287 0.00292603 0.000373712 0.999995 -0.200044 0.086905 -0.150541
FixedParameters: 0 0 0

#Transform 94
Transform: AffineTransform_float_3_3
Parameters: 0.999984 0.00496655 -0.00272393 -0.00496585 0.999988 0.000202549 0.00272495 -0.00018945 0.999996 -0.211106 0.107999 -0.104849
FixedParameters: 0 0 0

#Transform 95
Transform: AffineTransform_float_3_3
Parameters: 0.999983 0.00508676 -0.00290692 -0.0050907 0.999986 -0.00134541 0.00290021 0.00135959 0.999995 -0.207249 0.121949 -0.162107
FixedParameters: 0 0 0

#Transform 96
Transform: AffineTransform_float_3_3
Parameters: 0.99998 0.00527247 -0.00329415 -0.0052728 0.999986 -0.000295892 0.00329242 0.00031311 0.999995 -0.199509 0.145808 -0.132812
FixedParameters: 0 0 0

#Transform 97
Transform: AffineTransform_float_3_3
Parameters: 0.999979 0.00553492 -0.00338762 -0.00553779 0.999984 -0.000881206 0.00338295 0.000899796 0.999994 -0.206942 0.109931 -0.221934
FixedParameters: 0 0 0

#Transform 98
Transform: AffineTransform_float_3_3
Parameters: 0.999979 0.00566008 -0.00313701 -0.00566177 0.999984 -0.00037968 0.00313448 0.000396317 0.999995 -0.232859 0.126417 -0.134867
FixedParameters: 0 0 0

#Transform 99
Transform: AffineTransform_float_3_3
Parameters: 0.999979 0.00567221 -0.00307081 -0.00567493 0.999983 -0.00101182 0.00306535 0.00102918 0.999995 -0.210225 0.138678 -0.212929
FixedParameters: 0 0 0

#Transform 100
Transform: AffineTransform_float_3_3
Parameters: 0.999979 0.00548637 -0.00345851 -0.0054858 0.999984 0.000388518 0.00346026 -0.000369486 0.999994 -0.182927 0.105699 -0.117292
FixedParameters: 0 0 0

#Transform 101
Transform: AffineTransform_float_3_3
Parameters: 0.999976 0.0059097 -0.00365275 -0.00591044 0.999982 -0.000267918 0.00365001 0.000290077 0.999993 -0.186191 0.134974 -0.228874
FixedParameters: 0 0 0

#Transform 102
Transform: AffineTransform_float_3_3
Parameters: 0.999977 0.00578469 -0.003482 -0.00578479 0.999983 -5.01205e-06 0.00348182 2.49873e-05 0.999995 -0.189611 0.10464 -0.101404
FixedParameters: 0 0 0

#Transform 103
Transform: AffineTransform_float_3_3
Parameters: 0.999976 0.0060166 -0.00349533 -0.00602043 0.999981 -0.000857963 0.00349045 0.000879036 0.999994 -0.182808 0.157373 -0.223902
FixedParameters: 0 0 0

#Transform 104
Transform: AffineTransform_float_3_3
Parameters: 0.999977 0.00567218 -0.00373942 -0.00567358 0.999984 -0.000276806 0.00373801 0.000298194 0.999993 -0.175004 0.124468 -0.0943232
FixedParameters: 0 0 0

#Transform 105
Transform: AffineTransform_float_3_3
Parameters: 0.999975 0.00594785 -0.00370381 -0.00595047 0.999982 -0.000720686 0.00369937 0.000742314 0.999993 -0.194079 0.169787 -0.22019
FixedParameters: 0 0 0

#Transform 106
Transform: AffineTransform_float_3_3
Parameters: 0.999976 0.00593291 -0.00375434 -0.00593275 0.999982 8.15681e-05 0.00375425 -5.94354e-05 0.999993 -0.191686 0.108676 -0.0806881
FixedParameters: 0 0 0

#Transform 107
Transform: AffineTransform_float_3_3
Parameters: 0.999976 0.0059468 -0.00375242 -0.00594653 0.999983 0.000221473 0.00375436 -0.000198525 0.999993 -0.202778 0.127602 -0.239403
FixedParameters: 0 0 0

#Transform 108
Transform: AffineTransform_float_3_3
Parameters: 0.999977 0.00559906 -0.00363734 -0.00559719 0.999985 0.000548217 0.00364095 -0.000527781 0.999993 -0.18977 0.0874326 -0.07057
FixedParameters: 0 0 0

#Transform 109
Transform: AffineTransform_float_3_3
Parameters: 0.999975 0.00598459 -0.00360198 -0.00598781 0.999982 -0.000694296 0.00359817 0.000715704 0.999994 -0.196828 0.158025 -0.243814
FixedParameters: 0 0 0

#Transform 110
Transform: AffineTransform_float_3_3
Parameters: 0.999976 0.00588828 -0.00361747 -0.00588983 0.999982 -0.000306202 0.00361559 0.000327797 0.999994 -0.207931 0.112902 -0.0909342
FixedParameters: 0 0 0

#Transform 111
Transform: AffineTransform_float_3_3
Parameters: 0.999974 0.00625481 -0.00339827 -0.00625923 0.99998 -0.00127158 0.0033902 0.00129242 0.999993 -0.222143 0.144821 -0.198719
FixedParameters: 0 0 0

#Transform 112
Transform: AffineTransform_float_3_3
Parameters: 0.999978 0.00577045 -0.00346872 -0.00577123 0.999983 -0.000155278 0.00346774 0.000175721 0.999994 -0.229681 0.135856 -0.13085
FixedParameters: 0 0 0

#Transform 113
Transform: AffineTransform_float_3_3
Parameters: 0.999973 0.00637371 -0.00363612 -0.0063772 0.999979 -0.00100772 0.00363018 0.00103028 0.999993 -0.226977 0.115727 -0.152127
FixedParameters: 0 0 0

#Transform 114
Transform: AffineTransform_float_3_3
Parameters: 0.999975 0.00607151 -0.00365995 -0.00607284 0.999982 -0.000450978 0.00365675 0.000473021 0.999994 -0.208165 0.121278 -0.173128
FixedParameters: 0 0 0

#Transform 115
Transform: AffineTransform_float_3_3
Parameters: 0.999975 0.00629935 -0.0034337 -0.00630073 0.99998 -0.000597198 0.00343031 0.000618808 0.999994 -0.214047 0.122085 -0.13556
FixedParameters: 0 0 0

#Transform 116
Transform: AffineTransform_float_3_3
Parameters: 0.999973 0.00634147 -0.00352133 -0.00634019 0.99998 0.000298171 0.00352312 -0.000275829 0.999993 -0.21871 0.125775 -0.161329
FixedParameters: 0 0 0

#Transform 117
Transform: AffineTransform_float_3_3
Parameters: 0.999972 0.00653556 -0.00382142 -0.00653783 0.999978 -0.000650266 0.00381701 0.000675735 0.999992 -0.232235 0.099842 -0.326322
FixedParameters: 0 0 0

#Transform 118
Transform: AffineTransform_float_3_3
Parameters: 0.999971 0.00654632 -0.00372373 -0.00654726 0.999979 -0.000163855 0.00372235 0.000188142 0.999994 -0.223109 0.073507 -0.146359
FixedParameters: 0 0 0

#Transform 119
Transform: AffineTransform_float_3_3
Parameters: 0.999974 0.00635883 -0.00357591 -0.00636016 0.99998 -0.000277942 0.00357409 0.000301057 0.999994 -0.22665 0.131859 -0.220192
FixedParameters: 0 0 0

#Transform 120
Transform: AffineTransform_float_3_3
Parameters: 0.999972 0.00654765 -0.0038104 -0.00655046 0.999978 -0.000552287 0.00380671 0.000577711 0.999993 -0.22266 0.106471 -0.162658
FixedParameters: 0 0 0

#Transform 121
Transform: AffineTransform_float_3_3
Parameters: 0.999968 0.00664114 -0.00447998 -0.00664148 0.999978 -6.4822e-05 0.00447985 9.41807e-05 0.99999 -0.200646 0.121406 -0.181138
FixedParameters: 0 0 0

#Transform 122
Transform: AffineTransform_float_3_3
Parameters: 0.999969 0.0065563 -0.00438867 -0.00655579 0.999979 7.34068e-05 0.00438944 -4.45895e-05 0.99999 -0.2127 0.0989512 -0.178795
FixedParameters: 0 0 0

#Transform 123
Transform: AffineTransform_float_3_3
Parameters: 0.999968 0.00682937 -0.00399873 -0.00682926 0.999977 2.71792e-05 0.00399891 1.79997e-07 0.999992 -0.242901 0.135979 -0.208135
FixedParameters: 0 0 0

#Transform 124
Transform: AffineTransform_float_3_3
Parameters: 0.999969 0.00661474 -0.00426402 -0.0066183 0.999978 -0.000775309 0.00425877 0.000803689 0.99999 -0.232898 0.128803 -0.156384
FixedParameters: 0 0 0

#Transform 125
Transform: AffineTransform_float_3_3
Parameters: 0.999969 0.00679145 -0.00413866 -0.00679132 0.999977 3.0117e-05 0.00413888 -1.88202e-06 0.999992 -0.240849 0.133423 -0.171091
FixedParameters: 0 0 0

#Transform 126
Transform: AffineTransform_float_3_3
Parameters: 0.999968 0.00658426 -0.00452841 -0.00658622 0.999979 -0.000469279 0.00452538 0.000498724 0.99999 -0.247891 0.131044 3.74451e-05
FixedParameters: 0 0 0

#Transform 127
Transform: AffineTransform_float_3_3
Parameters: 0.999969 0.0066091 -0.0041045 -0.00661187 0.999978 -0.000664527 0.00409981 0.000691472 0.999991 -0.272768 0.241424 -0.0953872
FixedParameters: 0 0 0

#Transform 128
Transform: AffineTransform_float_3_3
Parameters: 0.999966 0.00683514 -0.00456134 -0.00683734 0.999976 -0.000450262 0.00455738 0.000481732 0.99999 -0.279652 0.196755 0.0156075
FixedParameters: 0 0 0

#Transform 129
Transform: AffineTransform_float_3_3
Parameters: 0.999967 0.0068108 -0.00447753 -0.00681592 0.999976 -0.000994088 0.00447082 0.00102491 0.99999 -0.307733 0.287277 -0.0528419
FixedParameters: 0 0 0

#Transform 130
Transform: AffineTransform_float_3_3
Parameters: 0.999964 0.00727568 -0.00451789 -0.00727976 0.999973 -0.000827584 0.00451172 0.000860414 0.999989 -0.306713 0.174241 -0.0649036
FixedParameters: 0 0 0

#Transform 131
Transform: AffineTransform_float_3_3
Parameters: 0.999957 0.00810255 -0.0043705 -0.00810682 0.999967 -0.000961546 0.0043626 0.000997453 0.99999 -0.388979 0.156043 0.00548675
FixedParameters: 0 0 0

#Transform 132
Transform: AffineTransform_float_3_3
Parameters: 0.999959 0.00800696 -0.00437913 -0.00801281 0.999967 -0.00137442 0.00436722 0.00140958 0.99999 -0.375178 0.263229 -0.0432652
FixedParameters: 0 0 0

#Transform 133
Transform: AffineTransform_float_3_3
Parameters: 0.999961 0.00785602 -0.00417241 -0.00785861 0.999969 -0.000674275 0.00416674 0.000707724 0.999991 -0.35275 0.22662 -0.138352
FixedParameters: 0 0 0

#Transform 134
Transform: AffineTransform_float_3_3
Parameters: 0.999957 0.00798414 -0.00470135 -0.00795848 0.999954 0.00535826 0.00474363 -0.00532073 0.999974 -0.356421 0.0183162 0.251974
FixedParameters: 0 0 0

#Transform 135
Transform: AffineTransform_float_3_3
Parameters: 0.999961 0.00767257 -0.0043894 -0.0076578 0.999965 0.00334412 0.004415 -0.00331087 0.999985 -0.3671 0.106453 0.158153
FixedParameters: 0 0 0

#Transform 136
Transform: AffineTransform_float_3_3
Parameters: 0.999955 0.00853607 -0.00428834 -0.00851248 0.999949 0.00558416 0.00433592 -0.00554684 0.999975 -0.404846 0.335286 0.105286
FixedParameters: 0 0 0

#Transform 137
Transform: AffineTransform_float_3_3
Parameters: 0.999951 0.00902153 -0.00407596 -0.00901367 0.999958 0.00184743 0.00409132 -0.00181058 0.99999 -0.399467 0.40507 -0.0719254
FixedParameters: 0 0 0

#Transform 138
Transform: AffineTransform_float_3_3
Parameters: 0.999956 0.00814524 -0.00468425 -0.00811533 0.999946 0.00645544 0.00473659 -0.00641657 0.999968 -0.350134 0.165289 0.522276
FixedParameters: 0 0 0

#Transform 139
Transform: AffineTransform_float_3_3
Parameters: 0.999957 0.00849002 -0.0037148 -0.00847846 0.99996 0.00314103 0.00374129 -0.00310897 0.999988 -0.378823 0.302254 0.221577
FixedParameters: 0 0 0

#Transform 140
Transform: AffineTransform_float_3_3
Parameters: 0.999952 0.009052 -0.00379803 -0.00904299 0.999956 0.00249713 0.00382101 -0.00246286 0.99999 -0.406445 0.231745 0.0832125
FixedParameters: 0 0 0

#Transform 141
Transform: AffineTransform_float_3_3
Parameters: 0.999952 0.00902887 -0.00385635 -0.00901765 0.999955 0.00303259 0.0038833 -0.00299742 0.999988 -0.407805 0.221651 0.0961241
FixedParameters: 0 0 0

#Transform 142
Transform: AffineTransform_float_3_3
Parameters: 0.999944 0.00966172 -0.00429355 -0.0096516 0.999951 0.00238589 0.00431642 -0.00234511 0.999988 -0.401568 0.214913 -0.0203821
FixedParameters: 0 0 0

#Transform 143
Transform: AffineTransform_float_3_3
Parameters: 0.999947 0.00920892 -0.00462681 -0.00919762 0.999955 0.0024446 0.00464897 -0.00240241 0.999986 -0.383197 0.245547 0.0742737
FixedParameters: 0 0 0

#Transform 144
Transform: AffineTransform_float_3_3
Parameters: 0.999946 0.00942448 -0.00449862 -0.00941629 0.999954 0.00196275 0.00451739 -0.00192024 0.999988 -0.390734 0.226957 0.00870736
FixedParameters: 0 0 0

#Transform 145
Transform: AffineTransform_float_3_3
Parameters: 0.999946 0.00947237 -0.00438421 -0.00946368 0.999953 0.00196374 0.00440282 -0.00192225 0.999989 -0.391758 0.187499 0.0796828
FixedParameters: 0 0 0

#Transform 146
Transform: AffineTransform_float_3_3
Parameters: 0.999943 0.00964582 -0.00463087 -0.00963924 0.999953 0.00143497 0.00464456 -0.00139003 0.999988 -0.384838 0.243929 -0.0482018
FixedParameters: 0 0 0

#Transform 147
Transform: AffineTransform_float_3_3
Parameters: 0.999943 0.00951647 -0.00496667 -0.00950578 0.999953 0.00210848 0.00498666 -0.00206051 0.999985 -0.358912 0.189081 0.0494867
FixedParameters: 0 0 0

#Transform 148
Transform: AffineTransform_float_3_3
Parameters: 0.999941 0.00970977 -0.00473452 -0.0097038 0.999952 0.0013002 0.00474671 -0.0012548 0.999988 -0.381641 0.255759 -0.0711393
FixedParameters: 0 0 0

#Transform 149
Transform: AffineTransform_float_3_3
Parameters: 0.999943 0.00953525 -0.00494134 -0.00952552 0.999952 0.00215434 0.00496173 -0.00210666 0.999986 -0.364736 0.195339 0.0644876
FixedParameters: 0 0 0

#Transform 150
Transform: AffineTransform_float_3_3
Parameters: 0.99994 0.00960894 -0.00523744 -0.00959639 0.999951 0.00237428 0.00526048 -0.00232372 0.999984 -0.34629 0.252457 -0.0407889
FixedParameters: 0 0 0

#Transform 151
Transform: AffineTransform_float_3_3
Parameters: 0.999939 0.00971 -0.00513541 -0.0096977 0.99995 0.00239568 0.00515934 -0.00234531 0.999984 -0.343095 0.204108 0.0724429
FixedParameters: 0 0 0

#Transform 152
Transform: AffineTransform_float_3_3
Parameters: 0.999937 0.00990401 -0.00537802 -0.00989452 0.99995 0.00173781 0.00539501 -0.00168418 0.999984 -0.356112 0.27034 -0.0623867
FixedParameters: 0 0 0

#Transform 153
Transform: AffineTransform_float_3_3
Parameters: 0.999941 0.00960817 -0.00507414 -0.00959773 0.999952 0.00213056 0.0050953 -0.00208243 0.999985 -0.338349 0.220898 0.0576134
FixedParameters: 0 0 0

#Transform 154
Transform: AffineTransform_float_3_3
Parameters: 0.999936 0.00993783 -0.00554129 -0.00992383 0.999948 0.00244457 0.00556536 -0.00238942 0.999982 -0.344086 0.243197 -0.032842
FixedParameters: 0 0 0

#Transform 155
Transform: AffineTransform_float_3_3
Parameters: 0.999939 0.00968276 -0.00531288 -0.00966845 0.999949 0.00276821 0.00533961 -0.0027168 0.999983 -0.349348 0.206956 0.0655473
FixedParameters: 0 0 0

#Transform 156
Transform: AffineTransform_float_3_3
Parameters: 0.999936 0.00994212 -0.00552911 -0.00993073 0.999949 0.00208147 0.00554971 -0.00202653 0.999982 -0.351016 0.25895 -0.0806906
FixedParameters: 0 0 0

#Transform 157
Transform: AffineTransform_float_3_3
Parameters: 0.999938 0.00971831 -0.00529752 -0.00970668 0.99995 0.00226174 0.00531888 -0.00221026 0.999983 -0.366571 0.201592 0.0491801
FixedParameters: 0 0 0

#Transform 158
Transform: AffineTransform_float_3_3
Parameters: 0.999935 0.0100444 -0.0052713 -0.0100358 0.999949 0.001492 0.00528625 -0.00143899 0.999985 -0.37651 0.266202 -0.096393
FixedParameters: 0 0 0

#Transform 159
Transform: AffineTransform_float_3_3
Parameters: 0.999937 0.00964851 -0.0058473 -0.00963792 0.999951 0.00177462 0.00586447 -0.00171837 0.999981 -0.3681 0.223204 0.0876889
FixedParameters: 0 0 0

#Transform 160
Transform: AffineTransform_float_3_3
Parameters: 0.999933 0.0101602 -0.00567513 -0.0101461 0.999946 0.00254428 0.0057008 -0.00248672 0.99998 -0.378426 0.260098 -0.0504794
FixedParameters: 0 0 0

#Transform 161
Transform: AffineTransform_float_3_3
Parameters: 0.999937 0.00983733 -0.00539168 -0.00982372 0.999948 0.0025951 0.00541769 -0.00254189 0.999982 -0.38686 0.215702 0.083363
FixedParameters: 0 0 0

#Transform 162
Transform: AffineTransform_float_3_3
Parameters: 0.999935 0.0098644 -0.00572433 -0.00985104 0.999949 0.00224858 0.00574602 -0.00219141 0.999981 -0.373731 0.277789 -0.0507124
FixedParameters: 0 0 0

#Transform 163
Transform: AffineTransform_float_3_3
Parameters: 0.999933 0.0102835 -0.00518 -0.0102754 0.999946 0.00154637 0.00519491 -0.00149264 0.999986 -0.387115 0.241118 -0.078527
FixedParameters: 0 0 0

#Transform 164
Transform: AffineTransform_float_3_3
Parameters: 0.99994 0.00938003 -0.00575324 -0.00936765 0.999954 0.00220008 0.00577321 -0.00214592 0.999981 -0.326563 0.190742 -0.0114397
FixedParameters: 0 0 0

#Transform 165
Transform: AffineTransform_float_3_3
Parameters: 0.999937 0.00987855 -0.00529216 -0.00986771 0.999949 0.00212019 0.00531329 -0.0020678 0.999984 -0.368466 0.243804 0.0181569
FixedParameters: 0 0 0

#Transform 166
Transform: AffineTransform_float_3_3
Parameters: 0.999933 0.0103882 -0.00525073 -0.0103829 0.999946 0.00105007 0.00526122 -0.00099593 0.999986 -0.380266 0.301108 -0.151902
FixedParameters: 0 0 0

#Transform 167
Transform: AffineTransform_float_3_3
Parameters: 0.999933 0.0101645 -0.00554435 -0.0101563 0.999947 0.00150714 0.00555938 -0.00145086 0.999984 -0.374013 0.229778 -0.0167449
FixedParameters: 0 0 0

#Transform 168
Transform: AffineTransform_float_3_3
Parameters: 0.999931 0.0103576 -0.00549967 -0.0103519 0.999946 0.00118257 0.00551133 -0.00112644 0.999984 -0.385938 0.300576 -0.159806
FixedParameters: 0 0 0

#Transform 169
Transform: AffineTransform_float_3_3
Parameters: 0.999932 0.010328 -0.0055179 -0.0103196 0.999946 0.00144794 0.00553181 -0.00139106 0.999984 -0.388058 0.230884 -0.0553043
FixedParameters: 0 0 0

#Transform 170
Transform: AffineTransform_float_3_3
Parameters: 0.999929 0.0104308 -0.00578474 -0.0104196 0.999944 0.00182603 0.00580345 -0.00176597 0.999982 -0.363624 0.269408 -0.117156
FixedParameters: 0 0 0

#Transform 171
Transform: AffineTransform_float_3_3
Parameters: 0.999927 0.0105179 -0.00597716 -0.0105058 0.999943 0.00205216 0.00599757 -0.00198985 0.99998 -0.358009 0.257811 -0.0542516
FixedParameters: 0 0 0

#Transform 172
Transform: AffineTransform_float_3_3
Parameters: 0.999932 0.0100388 -0.00580889 -0.010032 0.999949 0.00121651 0.00582048 -0.0011585 0.999982 -0.360249 0.287586 -0.101907
FixedParameters: 0 0 0

#Transform 173
Transform: AffineTransform_float_3_3
Parameters: 0.999935 0.00960373 -0.00617674 -0.00957923 0.999946 0.0039608 0.00621339 -0.00390222 0.999973 -0.37369 0.20079 0.17222
FixedParameters: 0 0 0

#Transform 174
Transform: AffineTransform_float_3_3
Parameters: 0.999935 0.0101626 -0.00531185 -0.0101552 0.999948 0.00134234 0.00532503 -0.00128865 0.999985 -0.39815 0.299387 0.0107444
FixedParameters: 0 0 0

#Transform 175
Transform: AffineTransform_float_3_3
Parameters: 0.999928 0.0104625 -0.00598736 -0.0104606 0.999945 0.000458221 0.0059911 -0.000395789 0.999982 -0.379435 0.296578 -0.138033
FixedParameters: 0 0 0

#Transform 176
Transform: AffineTransform_float_3_3
Parameters: 0.99993 0.010356 -0.00584016 -0.0103486 0.999945 0.00129864 0.00585326 -0.00123836 0.999982 -0.379501 0.272698 0.00751173
FixedParameters: 0 0 0

#Transform 177
Transform: AffineTransform_float_3_3
Parameters: 0.999925 0.0107213 -0.00596193 -0.010712 0.999942 0.00152722 0.00597802 -0.00146278 0.999981 -0.391411 0.330437 -0.178889
FixedParameters: 0 0 0

#Transform 178
Transform: AffineTransform_float_3_3
Parameters: 0.999929 0.0102632 -0.00617775 -0.0102535 0.999946 0.00147812 0.0061924 -0.00141488 0.99998 -0.397717 0.273589 0.00323119
FixedParameters: 0 0 0

#Transform 179
Transform: AffineTransform_float_3_3
Parameters: 0.999926 0.0105795 -0.00593038 -0.0105719 0.999943 0.00132873 0.00594372 -0.00126528 0.999981 -0.388528 0.338023 -0.139222
FixedParameters: 0 0 0

#Transform 180
Transform: AffineTransform_float_3_3
Parameters: 0.999926 0.0105329 -0.00599977 -0.0105261 0.999944 0.00101644 0.00601068 -0.00095355 0.999982 -0.384175 0.27169 -0.0451039
FixedParameters: 0 0 0

#Transform 181
Transform: AffineTransform_float_3_3
Parameters: 0.999925 0.0106814 -0.0061127 -0.0106683 0.99994 0.00212038 0.00613427 -0.00205463 0.999979 -0.389729 0.288927 -0.0870707
FixedParameters: 0 0 0

#Transform 182
Transform: AffineTransform_float_3_3
Parameters: 0.99993 0.0104921 -0.00559493 -0.0104849 0.999944 0.00140297 0.00560872 -0.00134404 0.999984 -0.409287 0.279169 -0.0906664
FixedParameters: 0 0 0

#Transform 183
Transform: AffineTransform_float_3_3
Parameters: 0.999927 0.0104527 -0.00595322 -0.0104422 0.999944 0.00180385 0.0059719 -0.00174215 0.999981 -0.389454 0.284572 -0.0373324
FixedParameters: 0 0 0

#Transform 184
Transform: AffineTransform_float_3_3
Parameters: 0.999927 0.0107553 -0.00554052 -0.010752 0.999942 0.000686513 0.00554759 -0.000626488 0.999984 -0.408242 0.296168 -0.135699
FixedParameters: 0 0 0

#Transform 185
Transform: AffineTransform_float_3_3
Parameters: 0.999931 0.0104661 -0.00547147 -0.0104589 0.999945 0.0013986 0.00548603 -0.0013404 0.999984 -0.406761 0.299648 -0.0503309
FixedParameters: 0 0 0

#Transform 186
Transform: AffineTransform_float_3_3
Parameters: 0.999927 0.0106734 -0.00578163 -0.0106668 0.999942 0.00124656 0.0057944 -0.00118445 0.999983 -0.40185 0.294473 -0.0991791
FixedParameters: 0 0 0

#Transform 187
Transform: AffineTransform_float_3_3
Parameters: 0.999929 0.0104193 -0.00580965 -0.0104059 0.999943 0.00221558 0.00583308 -0.00215441 0.999981 -0.395641 0.258967 -0.0315484
FixedParameters: 0 0 0

#Transform 188
Transform: AffineTransform_float_3_3
Parameters: 0.999924 0.01082 -0.00600143 -0.0108136 0.999941 0.00112402 0.00601373 -0.00105898 0.999982 -0.395729 0.31484 -0.203379
