# transform file /out/sourcedata/freesurfer/sub-v1s12x0050132_ses-1/mri/transforms/cc_up.lta
# created by oesteban on Sun Mar  8 14:26:47 2026

type      = 0 # LINEAR_VOX_TO_VOX
nxforms   = 1
mean      = 132.0000 133.0000 120.0000
sigma     = 10000.0000
1 4 4
9.988369941711426e-01 -3.441208275035024e-03 -4.809254780411720e-02 2.758133888244629e+00 
3.437226172536612e-03 9.999941587448120e-01 -1.654974330449477e-04 7.571747303009033e+00 
4.809283465147018e-02 -1.455191522836685e-11 9.988428950309753e-01 1.387290382385254e+01 
0.000000000000000e+00 0.000000000000000e+00 0.000000000000000e+00 1.000000000000000e+00 
src volume info
valid = 1  # volume info valid
filename = /out/sourcedata/freesurfer/sub-v1s12x0050132_ses-1/mri/norm.mgz
volume = 256 256 256
voxelsize = 1.000000000000000e+00 1.000000000000000e+00 1.000000000000000e+00
xras   = -1.000000000000000e+00 0.000000000000000e+00 0.000000000000000e+00
yras   = 0.000000000000000e+00 0.000000000000000e+00 -1.000000000000000e+00
zras   = 0.000000000000000e+00 1.000000000000000e+00 0.000000000000000e+00
cras   = 9.705116271972656e+00 -2.631942749023438e+00 1.795595550537109e+01
dst volume info
valid = 1  # volume info valid
filename = /out/sourcedata/freesurfer/sub-v1s12x0050132_ses-1/mri/norm.mgz
volume = 256 256 256
voxelsize = 1.000000000000000e+00 1.000000000000000e+00 1.000000000000000e+00
xras   = -1.000000000000000e+00 0.000000000000000e+00 0.000000000000000e+00
yras   = 0.000000000000000e+00 0.000000000000000e+00 -1.000000000000000e+00
zras   = 0.000000000000000e+00 1.000000000000000e+00 0.000000000000000e+00
cras   = 9.705116271972656e+00 -2.631942749023438e+00 1.795595550537109e+01
