# transform file /out/sourcedata/freesurfer/sub-v1s12x0050122_ses-1/mri/transforms/cc_up.lta
# created by oesteban on Sun Mar  8 14:16:48 2026

type      = 0 # LINEAR_VOX_TO_VOX
nxforms   = 1
mean      = 134.0000 142.0000 112.0000
sigma     = 10000.0000
1 4 4
9.915154576301575e-01 1.272512227296829e-01 2.653843164443970e-02 -2.449443817138672e+01 
-1.272056698799133e-01 9.918705821037292e-01 -3.404726507142186e-03 2.153964233398438e+01 
-2.675594389438629e-02 0.000000000000000e+00 9.996420145034790e-01 2.864893531799316e+01 
0.000000000000000e+00 0.000000000000000e+00 0.000000000000000e+00 1.000000000000000e+00 
src volume info
valid = 1  # volume info valid
filename = /out/sourcedata/freesurfer/sub-v1s12x0050122_ses-1/mri/norm.mgz
volume = 256 256 256
voxelsize = 1.000000000000000e+00 1.000000000000000e+00 1.000000000000000e+00
xras   = -9.999999403953552e-01 0.000000000000000e+00 0.000000000000000e+00
yras   = 0.000000000000000e+00 0.000000000000000e+00 -9.999999403953552e-01
zras   = 0.000000000000000e+00 1.000000000000000e+00 0.000000000000000e+00
cras   = -2.711296081542969e+00 5.358352661132812e+00 -5.903152465820312e+00
dst volume info
valid = 1  # volume info valid
filename = /out/sourcedata/freesurfer/sub-v1s12x0050122_ses-1/mri/norm.mgz
volume = 256 256 256
voxelsize = 1.000000000000000e+00 1.000000000000000e+00 1.000000000000000e+00
xras   = -9.999999403953552e-01 0.000000000000000e+00 0.000000000000000e+00
yras   = 0.000000000000000e+00 0.000000000000000e+00 -9.999999403953552e-01
zras   = 0.000000000000000e+00 1.000000000000000e+00 0.000000000000000e+00
cras   = -2.711296081542969e+00 5.358352661132812e+00 -5.903152465820312e+00
