# transform file transforms/talairach.lta
# created by oesteban on Sun Mar  8 13:00:30 2026

type      = 0 # LINEAR_VOX_TO_VOX
nxforms   = 1
mean      = 135.0000 144.0000 112.0000
sigma     = 10000.0000
1 4 4
1.138643980026245e+00 1.230624988675117e-01 3.976317495107651e-02 -4.754755783081055e+01 
-1.316917985677719e-01 1.075627326965332e+00 3.685363829135895e-01 -5.327025985717773e+01 
1.943027018569410e-03 -3.484649360179901e-01 9.851571321487427e-01 5.037133407592773e+01 
0.000000000000000e+00 0.000000000000000e+00 0.000000000000000e+00 1.000000000000000e+00 
src volume info
valid = 1  # volume info valid
filename = nu.mgz
volume = 256 256 256
voxelsize = 1.000000000000000e+00 1.000000000000000e+00 1.000000000000000e+00
xras   = -9.999999403953552e-01 0.000000000000000e+00 0.000000000000000e+00
yras   = 0.000000000000000e+00 0.000000000000000e+00 -9.999999403953552e-01
zras   = 0.000000000000000e+00 1.000000000000000e+00 0.000000000000000e+00
cras   = -2.711296081542969e+00 5.358352661132812e+00 -5.903152465820312e+00
dst volume info
valid = 1  # volume info valid
filename = /opt/freesurfer/average/RB_all_2020-01-02.gca
volume = 256 256 256
voxelsize = 1.000000000000000e+00 1.000000000000000e+00 1.000000000000000e+00
xras   = -1.000000000000000e+00 0.000000000000000e+00 0.000000000000000e+00
yras   = 0.000000000000000e+00 0.000000000000000e+00 -1.000000000000000e+00
zras   = 0.000000000000000e+00 1.000000000000000e+00 0.000000000000000e+00
cras   = 0.000000000000000e+00 0.000000000000000e+00 0.000000000000000e+00
